801	22
800	23
801	23
802	23
803	23
773	25
774	25
775	25
777	25
798	25
804	25
805	25
775	26
771	27
779	27
780	27
781	27
806	27
771	28
779	28
796	28
771	29
783	29
796	29
808	29
783	30
795	30
808	30
809	30
768	31
769	31
785	31
793	31
794	31
808	31
769	32
785	32
786	32
809	32
768	33
769	33
788	33
789	33
790	33
791	33
792	33
810	33
811	33
788	34
789	34
790	34
791	34
792	34
810	34
767	35
812	35
813	35
767	36
812	36
813	36
764	37
765	37
814	37
815	37
764	38
765	38
815	38
760	39
761	39
762	39
763	39
816	39
817	39
818	39
819	39
817	40
818	40
819	40
758	41
759	41
821	41
822	41
823	41
824	41
825	41
826	41
827	41
758	42
759	42
821	42
822	42
823	42
824	42
825	42
826	42
827	42
57	44
58	44
59	44
60	44
61	44
62	44
63	44
64	44
65	44
754	44
755	44
756	44
829	44
59	45
60	45
61	45
62	45
63	45
64	45
65	45
53	46
54	46
55	46
56	46
68	46
91	46
92	46
93	46
94	46
95	46
96	46
97	46
98	46
264	46
303	46
750	46
751	46
752	46
753	46
829	46
54	47
68	47
69	47
91	47
94	47
95	47
98	47
99	47
262	47
263	47
264	47
265	47
266	47
267	47
268	47
269	47
270	47
271	47
297	47
298	47
299	47
300	47
301	47
302	47
303	47
304	47
305	47
306	47
307	47
308	47
309	47
310	47
311	47
51	48
52	48
70	48
71	48
72	48
89	48
260	48
276	48
296	48
735	48
736	48
737	48
738	48
739	48
745	48
746	48
747	48
832	48
51	49
71	49
72	49
89	49
105	49
260	49
272	49
273	49
274	49
275	49
276	49
277	49
291	49
292	49
293	49
295	49
296	49
312	49
313	49
314	49
315	49
316	49
317	49
318	49
319	49
320	49
321	49
473	49
474	49
475	49
476	49
477	49
478	49
731	49
733	49
51	50
74	50
75	50
78	50
86	50
293	50
294	50
312	50
321	50
473	50
474	50
475	50
476	50
477	50
731	50
732	50
733	50
742	50
743	50
744	50
833	50
51	51
52	51
74	51
75	51
76	51
77	51
78	51
79	51
80	51
85	51
86	51
87	51
107	51
108	51
110	51
111	51
256	51
257	51
279	51
280	51
281	51
287	51
288	51
289	51
323	51
471	51
479	51
480	51
481	51
483	51
486	51
731	51
742	51
49	52
82	52
83	52
279	52
288	52
323	52
471	52
479	52
480	52
481	52
483	52
484	52
485	52
486	52
729	52
835	52
49	53
82	53
83	53
116	53
117	53
119	53
136	53
137	53
138	53
139	53
251	53
252	53
253	53
254	53
283	53
284	53
285	53
325	53
326	53
327	53
467	53
468	53
488	53
517	53
518	53
521	53
524	53
525	53
835	53
836	53
48	54
49	54
325	54
467	54
468	54
469	54
488	54
517	54
518	54
519	54
520	54
521	54
522	54
523	54
524	54
525	54
593	54
594	54
595	54
597	54
598	54
641	54
642	54
643	54
644	54
645	54
646	54
647	54
648	54
698	54
699	54
728	54
837	54
838	54
47	55
48	55
123	55
124	55
125	55
126	55
127	55
128	55
129	55
130	55
131	55
132	55
141	55
142	55
143	55
144	55
145	55
146	55
147	55
148	55
149	55
249	55
329	55
330	55
331	55
465	55
490	55
491	55
492	55
513	55
514	55
528	55
529	55
531	55
532	55
569	55
699	55
700	55
837	55
838	55
45	56
489	56
490	56
491	56
513	56
514	56
527	56
528	56
529	56
530	56
531	56
565	56
566	56
567	56
568	56
569	56
590	56
591	56
592	56
638	56
639	56
640	56
650	56
687	56
688	56
689	56
690	56
691	56
692	56
693	56
694	56
695	56
696	56
700	56
725	56
837	56
838	56
45	57
152	57
233	57
234	57
235	57
236	57
237	57
238	57
239	57
240	57
241	57
247	57
333	57
334	57
335	57
419	57
420	57
421	57
422	57
424	57
425	57
426	57
427	57
428	57
429	57
430	57
431	57
432	57
433	57
434	57
435	57
437	57
494	57
496	57
498	57
499	57
500	57
501	57
503	57
504	57
505	57
507	57
508	57
509	57
510	57
533	57
534	57
535	57
536	57
548	57
549	57
588	57
241	58
333	58
334	58
335	58
419	58
420	58
421	58
422	58
423	58
424	58
425	58
426	58
427	58
428	58
429	58
430	58
431	58
432	58
433	58
434	58
435	58
436	58
437	58
463	58
494	58
495	58
496	58
497	58
498	58
499	58
500	58
501	58
502	58
503	58
504	58
505	58
506	58
507	58
508	58
509	58
510	58
511	58
533	58
534	58
536	58
547	58
548	58
549	58
550	58
557	58
558	58
559	58
560	58
561	58
562	58
563	58
571	58
572	58
573	58
574	58
575	58
588	58
606	58
607	58
608	58
609	58
611	58
612	58
614	58
615	58
633	58
634	58
635	58
636	58
652	58
653	58
654	58
655	58
683	58
684	58
685	58
686	58
702	58
723	58
839	58
840	58
43	59
153	59
154	59
155	59
156	59
231	59
244	59
245	59
246	59
337	59
338	59
417	59
460	59
461	59
635	59
683	59
684	59
685	59
686	59
701	59
702	59
723	59
839	59
840	59
231	60
243	60
244	60
245	60
246	60
337	60
416	60
417	60
439	60
440	60
441	60
442	60
443	60
444	60
445	60
446	60
460	60
461	60
539	60
540	60
541	60
542	60
543	60
544	60
552	60
553	60
554	60
577	60
579	60
580	60
583	60
584	60
585	60
586	60
617	60
618	60
619	60
625	60
626	60
627	60
628	60
629	60
630	60
631	60
632	60
657	60
658	60
679	60
680	60
681	60
702	60
721	60
841	60
842	60
843	60
844	60
41	61
157	61
158	61
159	61
160	61
161	61
162	61
163	61
226	61
227	61
228	61
229	61
340	61
341	61
342	61
448	61
577	61
580	61
657	61
658	61
680	61
702	61
721	61
841	61
842	61
843	61
844	61
163	62
164	62
226	62
229	62
339	62
340	62
341	62
415	62
448	62
458	62
459	62
581	62
582	62
621	62
622	62
623	62
660	62
661	62
662	62
663	62
669	62
670	62
677	62
702	62
703	62
721	62
38	63
39	63
166	63
167	63
168	63
223	63
224	63
225	63
344	63
412	63
413	63
457	63
622	63
661	63
669	63
670	63
677	63
702	63
721	63
846	63
223	64
224	64
344	64
412	64
413	64
451	64
452	64
453	64
454	64
455	64
456	64
665	64
666	64
673	64
677	64
704	64
719	64
848	64
37	65
170	65
171	65
172	65
173	65
174	65
175	65
176	65
177	65
218	65
219	65
220	65
221	65
346	65
665	65
666	65
667	65
673	65
704	65
705	65
718	65
719	65
848	65
37	66
171	66
172	66
173	66
174	66
176	66
218	66
219	66
220	66
221	66
345	66
346	66
410	66
673	66
675	66
704	66
705	66
719	66
849	66
852	66
37	67
179	67
215	67
673	67
674	67
675	67
704	67
705	67
719	67
851	67
852	67
178	68
179	68
214	68
215	68
216	68
348	68
408	68
409	68
706	68
34	69
35	69
181	69
182	69
183	69
209	69
211	69
212	69
706	69
717	69
854	69
855	69
856	69
34	70
35	70
180	70
181	70
183	70
208	70
209	70
210	70
211	70
212	70
349	70
350	70
405	70
406	70
708	70
716	70
717	70
856	70
34	71
35	71
184	71
185	71
186	71
187	71
188	71
189	71
190	71
191	71
192	71
193	71
194	71
195	71
196	71
197	71
198	71
199	71
200	71
203	71
204	71
205	71
206	71
350	71
708	71
709	71
717	71
856	71
857	71
34	72
185	72
186	72
187	72
188	72
189	72
190	72
191	72
192	72
193	72
194	72
195	72
196	72
197	72
198	72
199	72
200	72
201	72
202	72
203	72
204	72
205	72
350	72
402	72
713	72
710	73
711	73
713	73
714	73
858	73
32	74
33	74
352	74
353	74
398	74
399	74
400	74
714	74
858	74
32	75
33	75
352	75
398	75
399	75
400	75
714	75
858	75
352	76
385	76
386	76
387	76
388	76
389	76
390	76
391	76
392	76
393	76
394	76
395	76
858	76
352	77
353	77
385	77
386	77
387	77
388	77
389	77
390	77
391	77
392	77
393	77
394	77
395	77
396	77
858	77
30	78
31	78
354	78
355	78
356	78
375	78
376	78
377	78
378	78
379	78
380	78
381	78
382	78
383	78
858	78
30	79
31	79
355	79
356	79
375	79
376	79
377	79
378	79
379	79
380	79
381	79
382	79
860	79
861	79
30	80
31	80
358	80
359	80
360	80
361	80
362	80
363	80
364	80
365	80
371	80
372	80
373	80
860	80
861	80
30	81
31	81
359	81
364	81
860	81
861	81
30	82
31	82
367	82
368	82
369	82
860	82
861	82
30	83
31	83
367	83
368	83
369	83
30	84
31	84
863	84
30	85
31	85
863	85
30	86
31	86
863	86
30	87
31	87
30	88
31	88
865	88
30	89
31	89
865	89
30	90
31	90
864	90
865	90
30	91
31	91
864	91
865	91
30	92
31	92
864	92
865	92
30	93
31	93
30	94
31	94
866	94
867	94
30	95
31	95
30	96
31	96
866	96
867	96
30	97
31	97
30	98
31	98
868	98
869	98
30	99
31	99
869	99
30	100
31	100
868	100
869	100
30	101
31	101
868	101
869	101
30	102
31	102
871	102
30	103
31	103
871	103
30	104
31	104
873	104
30	105
31	105
30	106
30	107
875	107
30	108
31	108
30	109
31	109
876	109
877	112
28	113
877	113
28	114
877	114
28	115
877	115
28	116
28	117
879	117
28	118
879	118
28	119
879	119
28	120
879	120
28	121
28	122
28	123
28	124
881	124
28	125
881	125
28	126
881	126
28	127
881	127
28	128
881	128
28	129
881	129
896	129
28	130
881	130
898	130
28	131
898	131
28	132
883	132
891	132
28	133
883	133
891	133
892	133
899	133
28	134
883	134
891	134
28	135
883	135
891	135
28	136
891	136
900	136
28	137
891	137
28	138
885	138
891	138
28	139
885	139
886	139
901	139
902	139
28	140
885	140
889	140
901	140
902	140
28	141
889	141
901	141
902	141
28	142
888	142
901	142
902	142
28	143
888	143
889	143
28	144
889	144
904	144
28	145
889	145
904	145
28	146
904	146
28	147
904	147
28	148
904	148
28	149
904	149
28	150
905	150
906	150
28	151
906	151
28	152
906	152
28	153
906	153
28	154
906	154
28	155
28	156
906	156
28	157
906	157
28	158
28	159
908	159
28	160
908	160
28	161
908	161
28	162
908	162
28	163
908	163
28	164
28	165
910	165
28	166
910	166
28	167
910	167
28	168
28	169
28	170
912	170
913	170
25	171
912	171
913	171
25	172
26	172
912	172
913	172
25	173
26	173
26	174
914	174
25	175
26	175
914	175
25	176
26	176
914	176
25	177
26	177
914	177
25	178
26	178
914	178
25	179
26	179
914	179
25	180
26	180
914	180
915	180
25	181
26	181
25	182
26	182
916	182
917	182
25	183
26	183
916	183
917	183
25	184
26	184
916	184
917	184
25	185
26	185
916	185
25	186
26	186
916	186
917	186
25	187
26	187
916	187
917	187
25	188
26	188
916	188
917	188
25	189
26	189
916	189
917	189
25	190
26	190
916	190
25	191
26	191
916	191
917	191
25	192
26	192
916	192
917	192
25	193
26	193
916	193
917	193
25	194
26	194
25	195
918	195
919	195
26	196
918	196
25	197
26	197
918	197
25	198
26	198
918	198
919	198
25	199
26	199
919	199
25	200
26	200
918	200
919	200
25	201
26	201
919	201
25	202
26	202
25	203
26	203
921	203
25	204
26	204
920	204
921	204
25	205
26	205
920	205
921	205
25	206
26	206
921	206
25	207
26	207
923	207
25	208
26	208
923	208
25	209
26	209
923	209
25	210
26	210
25	211
26	211
25	212
26	212
925	212
25	213
26	213
925	213
25	214
26	214
925	214
25	215
26	215
925	215
25	216
26	216
925	216
25	217
26	217
25	218
26	218
927	218
25	219
26	219
927	219
25	220
26	220
927	220
25	221
26	221
927	221
25	222
26	222
927	222
25	223
26	223
927	223
25	224
26	224
927	224
26	225
25	226
26	226
929	226
25	227
26	227
929	227
25	228
26	228
929	228
929	229
24	230
929	230
23	231
24	231
929	231
23	232
929	232
23	233
929	233
9	234
23	234
9	235
23	235
931	235
9	236
23	236
24	236
931	236
9	237
23	237
24	237
931	237
9	238
23	238
24	238
931	238
9	239
23	239
24	239
931	239
9	240
23	240
24	240
931	240
9	241
23	241
24	241
931	241
9	242
23	242
24	242
9	243
23	243
24	243
933	243
9	244
23	244
24	244
933	244
9	245
23	245
24	245
933	245
9	246
23	246
24	246
933	246
9	247
23	247
24	247
933	247
9	248
23	248
933	248
9	249
23	249
933	249
9	250
23	250
933	250
9	251
23	251
933	251
9	252
23	252
933	252
9	253
23	253
933	253
9	254
23	254
933	254
9	255
23	255
935	255
9	256
23	256
24	256
935	256
9	257
23	257
935	257
9	258
23	258
24	258
935	258
9	259
23	259
935	259
9	260
23	260
935	260
9	261
23	261
935	261
9	262
23	262
935	262
9	263
23	263
935	263
9	264
23	264
935	264
9	265
23	265
935	265
9	266
23	266
9	267
23	267
9	268
23	268
937	268
9	269
23	269
937	269
9	270
23	270
937	270
9	271
23	271
937	271
9	272
23	272
937	272
9	273
23	273
937	273
9	274
23	274
937	274
9	275
23	275
937	275
9	276
23	276
937	276
9	277
23	277
937	277
9	278
23	278
937	278
9	279
23	279
937	279
9	280
23	280
939	280
9	281
23	281
939	281
9	282
23	282
939	282
9	283
23	283
939	283
9	284
939	284
9	285
939	285
9	286
939	286
940	286
9	287
939	287
940	287
941	287
9	288
9	289
23	289
943	289
9	290
23	290
943	290
9	291
23	291
943	291
9	292
23	292
943	292
9	293
943	293
9	294
943	294
9	295
21	295
943	295
9	296
21	296
9	297
21	297
9	298
21	298
945	298
946	298
9	299
21	299
945	299
946	299
9	300
21	300
945	300
946	300
9	301
10	301
11	301
12	301
13	301
14	301
15	301
21	301
945	301
946	301
15	302
21	302
945	302
946	302
15	303
21	303
945	303
946	303
15	304
21	304
945	304
946	304
15	305
21	305
945	305
946	305
15	306
21	306
945	306
946	306
21	307
945	307
946	307
15	308
21	308
945	308
946	308
15	309
21	309
945	309
946	309
15	310
21	310
945	310
946	310
15	311
21	311
945	311
946	311
15	312
21	312
15	313
21	313
15	314
21	314
947	314
15	315
21	315
947	315
15	316
21	316
947	316
15	317
21	317
947	317
15	318
21	318
947	318
15	319
21	319
947	319
15	320
21	320
947	320
948	320
949	320
950	320
21	321
15	322
21	322
952	322
953	322
21	323
953	323
954	323
15	324
21	324
953	324
954	324
21	325
954	325
17	326
21	326
954	326
17	327
21	327
954	327
17	328
21	328
953	328
17	329
21	329
953	329
17	330
21	330
956	330
17	331
21	331
956	331
17	332
21	332
956	332
17	333
21	333
955	333
956	333
17	334
21	334
956	334
17	335
21	335
956	335
17	336
21	336
956	336
17	337
21	337
956	337
17	338
21	338
956	338
17	339
21	339
956	339
17	340
21	340
956	340
17	341
21	341
956	341
17	342
21	342
956	342
17	343
21	343
956	343
17	344
21	344
956	344
17	345
21	345
956	345
17	346
21	346
17	347
21	347
957	347
958	347
17	348
21	348
957	348
958	348
17	349
21	349
957	349
958	349
17	350
21	350
958	350
17	351
21	351
958	351
17	352
21	352
957	352
958	352
17	353
21	353
957	353
958	353
17	354
21	354
957	354
958	354
17	355
21	355
957	355
958	355
17	356
21	356
957	356
958	356
17	357
21	357
957	357
958	357
17	358
21	358
957	358
958	358
17	359
21	359
957	359
958	359
17	360
21	360
957	360
958	360
17	361
21	361
957	361
958	361
17	362
21	362
957	362
958	362
17	363
21	363
957	363
958	363
17	364
957	364
958	364
17	365
18	365
19	365
957	365
958	365
17	366
18	366
19	366
957	366
958	366
17	367
18	367
19	367
957	367
958	367
17	368
18	368
19	368
957	368
958	368
17	369
18	369
19	369
957	369
958	369
17	370
18	370
19	370
957	370
17	371
18	371
19	371
957	371
958	371
17	372
18	372
19	372
957	372
958	372
17	373
18	373
19	373
17	374
19	374
959	374
960	374
19	375
959	375
19	376
959	376
960	376
961	376
19	377
959	377
960	377
19	378
960	378
19	379
960	379
19	380
959	380
960	380
19	381
959	381
960	381
19	382
960	382
19	383
959	383
960	383
19	384
959	384
960	384
19	385
959	385
960	385
19	386
959	386
960	386
19	387
959	387
960	387
19	388
959	388
960	388
19	389
959	389
960	389
19	390
959	390
960	390
19	391
959	391
960	391
19	392
959	392
19	393
19	394
959	394
960	394
19	395
959	395
960	395
19	396
959	396
19	397
959	397
960	397
19	398
959	398
960	398
19	399
959	399
960	399
959	400
960	400
959	401
959	402
959	403
959	404
960	404
968	404
959	405
960	405
959	406
960	406
968	406
959	407
960	407
968	407
959	408
960	408
959	409
960	409
967	409
968	409
960	410
966	410
967	410
966	411
967	411
968	411
962	412
966	412
967	412
968	412
962	413
966	413
967	413
968	413
966	414
967	414
968	414
962	415
967	415
968	415
962	416
966	416
967	416
968	416
962	417
963	417
964	417
967	417
962	418
963	418
964	418
968	418
963	419
964	419
967	419
968	419
962	420
963	420
964	420
968	420
962	421
963	421
964	421
962	422
963	422
964	422
970	422
971	422
962	423
963	423
964	423
970	423
962	424
963	424
964	424
970	424
961	425
962	425
970	425
962	426
970	426
962	427
970	427
970	428
970	429
970	430
970	431
970	432
970	433
970	434
970	435
970	436
970	437
970	438
970	439
970	440
970	441
970	442
970	443
970	444
970	445
970	446
970	447
970	448
970	449
970	450
970	451
970	452
970	453
970	454
970	455
970	456
970	457
972	459
972	460
972	461
972	462
972	463
972	464
972	465
972	466
972	467
972	468
972	469
972	470
972	471
972	472
972	473
972	474
972	475
972	476
972	477
972	478
972	479
972	480
972	481
972	482
972	483
972	484
972	485
972	486
972	487
972	488
974	490
974	491
974	492
974	493
974	494
974	495
974	496
974	497
974	498
974	499
974	500
982	500
974	501
982	501
983	501
974	502
982	502
983	502
974	503
982	503
983	503
974	504
974	505
980	505
984	505
985	505
974	506
981	506
984	506
985	506
974	507
980	507
985	507
974	508
980	508
981	508
984	508
985	508
974	509
980	509
985	509
980	510
976	511
981	511
987	511
976	512
977	512
987	512
976	513
977	513
976	514
977	514
978	514
979	514
976	515
977	515
978	515
976	516
977	516
978	516
979	516
976	517
977	517
978	517
979	517
976	518
977	518
976	519
976	520
976	521
