Frequency,Tuning,L,MW_On,MW_Off,TatmTcmb_On,TatmTcmb_Off,AtmosAtten_On,Tau,Tatm,ElevOff,ApEff,BeamEff,TSpill_Off,P_On_x_1,P_Off_x_1,P_On_y_1,P_Off_y_1,TSYSdivEta_x_1,TSYSdivEta_y_1,SEFD_x_1,SEFD_y_1,TRCVR_x_1,TRCVR_y_1
1.99412,1,0.0767,0.239,0.183,5.433,5.552,0.9888,0.00880,269.21,55.11,0.57762352,0.7335818703999999,2.35,1.156491e-08,8.996002e-09,8.24721e-09,6.612456e-09,61.28,70.78,5790.12,6688.01,27.31,32.80
1.99438,1,0.0767,0.239,0.183,5.433,5.552,0.9888,0.00880,269.21,55.11,0.5776224799999999,0.7335805496,2.35,1.153342e-08,8.989713e-09,8.235214e-09,6.600017e-09,61.84,70.63,5843.40,6673.62,27.64,32.71
1.99463,1,0.0767,0.238,0.183,5.433,5.552,0.9888,0.00880,269.21,55.11,0.5776214799999999,0.7335792795999999,2.35,1.146561e-08,8.924272e-09,8.229676e-09,6.592125e-09,61.45,70.44,5805.93,6655.68,27.41,32.60
1.99487,1,0.0767,0.238,0.183,5.433,5.552,0.9888,0.00880,269.21,55.11,0.57762052,0.7335780604,2.35,1.141044e-08,8.881125e-09,8.217072e-09,6.589705e-09,61.44,70.86,5805.33,6694.87,27.41,32.84
1.99513,1,0.0768,0.238,0.183,5.432,5.552,0.9888,0.00880,269.21,55.11,0.57761948,0.7335767395999999,2.35,1.136388e-08,8.83751e-09,8.21362e-09,6.578078e-09,61.29,70.47,5791.07,6658.30,27.32,32.62
1.99537,1,0.0768,0.238,0.183,5.432,5.552,0.9888,0.00880,269.21,55.11,0.5776185199999999,0.7335755203999998,2.35,1.131107e-08,8.807655e-09,8.207874e-09,6.576037e-09,61.64,70.61,5824.43,6671.34,27.52,32.70
1.99562,1,0.0768,0.238,0.183,5.432,5.552,0.9888,0.00880,269.21,55.11,0.57761752,0.7335742504,2.35,1.12613e-08,8.769464e-09,8.205971e-09,6.579408e-09,61.66,70.87,5826.12,6696.41,27.53,32.85
1.99588,1,0.0768,0.238,0.183,5.432,5.552,0.9888,0.00880,269.21,55.11,0.57761648,0.7335729296,2.35,1.121605e-08,8.735027e-09,8.214714e-09,6.574184e-09,61.69,70.21,5828.53,6634.12,27.55,32.47
1.99612,1,0.0768,0.238,0.183,5.432,5.552,0.9888,0.00880,269.21,55.11,0.5776155199999999,0.7335717103999999,2.35,1.117603e-08,8.691272e-09,8.212746e-09,6.584034e-09,61.29,70.83,5790.62,6692.27,27.31,32.83
1.99638,1,0.0769,0.238,0.183,5.432,5.552,0.9888,0.00880,269.21,55.11,0.5776144799999999,0.7335703895999999,2.35,1.113937e-08,8.661909e-09,8.215369e-09,6.586192e-09,61.34,70.92,5795.57,6701.24,27.34,32.88
1.99663,1,0.0769,0.238,0.183,5.432,5.552,0.9888,0.00880,269.21,55.11,0.57761348,0.7335691196,2.35,1.10994e-08,8.639859e-09,8.225623e-09,6.5912e-09,61.63,70.75,5822.93,6684.81,27.51,32.78
1.99687,1,0.0769,0.238,0.183,5.432,5.552,0.9888,0.00880,269.21,55.11,0.57761252,0.7335679004,2.35,1.106474e-08,8.602536e-09,8.242895e-09,6.604739e-09,61.30,70.73,5791.51,6683.28,27.32,32.77
1.99713,1,0.0769,0.238,0.182,5.432,5.552,0.9888,0.00880,269.21,55.11,0.57761148,0.7335665795999999,2.35,1.103101e-08,8.584919e-09,8.249923e-09,6.608789e-09,61.58,70.65,5818.05,6675.62,27.48,32.73
1.99737,1,0.0769,0.238,0.182,5.432,5.552,0.9888,0.00880,269.21,55.11,0.5776105199999999,0.7335653603999999,2.35,1.100661e-08,8.560394e-09,8.264675e-09,6.621315e-09,61.40,70.69,5801.13,6679.22,27.38,32.75
1.99762,1,0.0769,0.238,0.182,5.432,5.552,0.9888,0.00880,269.21,55.11,0.57760952,0.7335640904,2.35,1.097838e-08,8.54071e-09,8.285595e-09,6.632267e-09,61.47,70.38,5808.09,6649.93,27.42,32.57
1.99788,1,0.0770,0.237,0.182,5.432,5.552,0.9888,0.00880,269.21,55.11,0.57760848,0.7335627696,2.35,1.095645e-08,8.527555e-09,8.303428e-09,6.645669e-09,61.67,70.42,5827.30,6653.79,27.54,32.59
1.99812,1,0.0770,0.237,0.182,5.432,5.552,0.9888,0.00880,269.21,55.11,0.5776075199999999,0.7335615503999999,2.35,1.094288e-08,8.51559e-09,8.315643e-09,6.656289e-09,61.63,70.47,5822.97,6658.02,27.51,32.62
1.99838,1,0.0770,0.237,0.182,5.432,5.552,0.9888,0.00880,269.21,55.11,0.5776064799999999,0.7335602295999999,2.35,1.091762e-08,8.502933e-09,8.330061e-09,6.666844e-09,61.86,70.41,5844.67,6653.09,27.65,32.59
1.99863,1,0.0770,0.237,0.182,5.432,5.552,0.9888,0.00880,269.21,55.11,0.57760548,0.7335589596000001,2.35,1.091702e-08,8.494423e-09,8.351052e-09,6.678566e-09,61.59,70.15,5819.75,6627.85,27.49,32.43
1.99887,1,0.0770,0.237,0.182,5.432,5.552,0.9888,0.00880,269.21,55.11,0.57760452,0.7335577404,2.35,1.091059e-08,8.488508e-09,8.365611e-09,6.685087e-09,61.56,69.88,5816.94,6602.59,27.48,32.28
1.99913,1,0.0771,0.237,0.182,5.432,5.552,0.9888,0.00880,269.21,55.11,0.57760348,0.7335564196,2.35,1.090007e-08,8.493287e-09,8.384421e-09,6.694873e-09,62.07,69.70,5864.79,6585.45,27.77,32.17
1.99937,1,0.0771,0.237,0.182,5.432,5.552,0.9888,0.00880,269.21,55.11,0.57760252,0.7335552004,2.35,1.08961e-08,8.486682e-09,8.402162e-09,6.710831e-09,61.96,69.79,5853.82,6594.19,27.70,32.23
1.99962,1,0.0771,0.237,0.182,5.432,5.552,0.9888,0.00880,269.21,55.11,0.57760152,0.7335539303999999,2.35,1.090507e-08,8.491244e-09,8.419302e-09,6.724911e-09,61.88,69.81,5846.27,6596.09,27.66,32.24
1.99988,1,0.0771,0.237,0.182,5.432,5.552,0.9888,0.00880,269.21,55.11,0.57760048,0.7335526096,2.35,1.09123e-08,8.498906e-09,8.434656e-09,6.728943e-09,61.94,69.39,5852.59,6556.24,27.69,32.00
2.00013,1,0.0771,0.237,0.182,5.432,5.552,0.9888,0.00880,269.21,55.11,0.5775994799999999,0.7335513396,2.35,1.092252e-08,8.504438e-09,8.45436e-09,6.746511e-09,61.86,69.48,5845.05,6565.13,27.65,32.05
2.00038,1,0.0772,0.237,0.182,5.432,5.552,0.9888,0.00880,269.21,55.11,0.5775984799999999,0.7335500695999999,2.35,1.093013e-08,8.575576e-09,8.489395e-09,6.786544e-09,64.15,70.19,6060.79,6632.04,28.97,32.46
2.00062,1,0.0772,0.237,0.182,5.432,5.552,0.9888,0.00880,269.21,55.11,0.57759752,0.7335488504,2.35,1.093289e-08,8.527231e-09,8.484627e-09,6.772655e-09,62.43,69.67,5898.60,6583.20,27.97,32.16
2.00088,1,0.0772,0.237,0.182,5.432,5.552,0.9888,0.00880,269.21,55.11,0.57759648,0.7335475295999999,2.35,1.094501e-08,8.537007e-09,8.493954e-09,6.786261e-09,62.44,69.99,5899.61,6612.96,27.98,32.34
2.00113,1,0.0772,0.236,0.182,5.432,5.552,0.9888,0.00880,269.21,55.11,0.5775954799999999,0.7335462596,2.35,1.096614e-08,8.539662e-09,8.511385e-09,6.798751e-09,61.98,69.91,5856.18,6605.64,27.72,32.30
2.00137,1,0.0772,0.236,0.181,5.432,5.552,0.9888,0.00880,269.21,55.11,0.57759452,0.7335450404,2.35,1.097483e-08,8.56419e-09,8.516941e-09,6.814171e-09,62.57,70.48,5911.92,6659.35,28.06,32.63
2.00163,1,0.0772,0.236,0.181,5.432,5.552,0.9888,0.00880,269.21,55.11,0.57759348,0.7335437196,2.35,1.099298e-08,8.570602e-09,8.540096e-09,6.828441e-09,62.31,70.26,5887.68,6638.66,27.91,32.50
2.00188,1,0.0773,0.236,0.181,5.432,5.552,0.9888,0.00880,269.21,55.11,0.57759248,0.7335424495999999,2.35,1.101769e-08,8.587677e-09,8.549587e-09,6.850173e-09,62.32,71.08,5888.47,6716.42,27.91,32.97
2.00212,1,0.0773,0.236,0.181,5.432,5.552,0.9888,0.00880,269.21,55.11,0.5775915199999999,0.7335412303999999,2.35,1.103688e-08,8.602552e-09,8.571214e-09,6.876587e-09,62.32,71.56,5888.21,6761.36,27.91,33.25
2.00237,1,0.0773,0.236,0.181,5.432,5.552,0.9888,0.00880,269.21,55.11,0.57759052,0.7335399604,2.35,1.104957e-08,8.622142e-09,8.587747e-09,6.894435e-09,62.64,71.80,5918.40,6784.17,28.10,33.39
2.00263,1,0.0773,0.236,0.181,5.432,5.552,0.9888,0.00880,269.21,55.11,0.57758948,0.7335386396,2.35,1.107555e-08,8.625513e-09,8.607064e-09,6.926656e-09,62.08,72.69,5866.07,6868.22,27.78,33.90
2.00287,1,0.0773,0.236,0.181,5.432,5.552,0.9888,0.00880,269.21,55.11,0.5775885199999999,0.7335374203999999,2.35,1.109234e-08,8.642312e-09,8.631905e-09,6.954177e-09,62.21,73.10,5877.52,6906.52,27.85,34.14
2.00312,1,0.0774,0.236,0.181,5.431,5.552,0.9888,0.00880,269.21,55.11,0.5775875199999999,0.7335361503999999,2.35,1.109329e-08,8.653979e-09,8.653248e-09,6.983503e-09,62.64,73.85,5918.94,6977.79,28.10,34.57
2.00338,1,0.0774,0.236,0.181,5.431,5.552,0.9888,0.00880,269.21,55.11,0.57758648,0.7335348296,2.35,1.110903e-08,8.661532e-09,8.683325e-09,7.019705e-09,62.49,74.51,5904.29,7039.79,28.01,34.95
2.00362,1,0.0774,0.236,0.181,5.431,5.552,0.9888,0.00880,269.21,55.11,0.57758552,0.7335336104,2.35,1.111414e-08,8.668221e-09,8.714414e-09,7.058473e-09,62.58,75.27,5912.66,7111.49,28.06,35.39
2.00387,1,0.0774,0.236,0.181,5.431,5.552,0.9888,0.00880,269.21,55.11,0.5775845199999999,0.7335323403999999,2.35,1.112952e-08,8.669866e-09,8.741067e-09,7.102211e-09,62.24,76.52,5880.76,7230.16,27.87,36.11
2.00413,1,0.0774,0.236,0.181,5.431,5.552,0.9888,0.00880,269.22,55.11,0.5775834799999999,0.7335310195999999,2.35,1.113698e-08,8.67009e-09,8.777372e-09,7.15178e-09,62.06,77.68,5863.66,7340.03,27.76,36.79
2.00438,1,0.0775,0.235,0.181,5.431,5.552,0.9888,0.00880,269.22,55.11,0.57758248,0.7335297496000001,2.35,1.112919e-08,8.673808e-09,8.810312e-09,7.199661e-09,62.45,79.03,5900.93,7466.89,27.99,37.56
2.00462,1,0.0775,0.235,0.181,5.431,5.552,0.9888,0.00880,269.22,55.11,0.57758152,0.7335285304,2.35,1.113451e-08,8.659745e-09,8.84811e-09,7.251566e-09,61.86,80.30,5845.22,7587.18,27.65,38.30
2.00488,1,0.0775,0.235,0.181,5.431,5.552,0.9888,0.00880,269.22,55.11,0.57758048,0.7335272096,2.35,1.112459e-08,8.663355e-09,8.879541e-09,7.308102e-09,62.23,82.22,5879.80,7768.49,27.86,39.41
2.00513,1,0.0775,0.235,0.181,5.431,5.552,0.9888,0.00880,269.22,55.11,0.5775794799999999,0.7335259395999999,2.35,1.110343e-08,8.651547e-09,8.917718e-09,7.36319e-09,62.38,83.74,5894.18,7912.19,27.95,40.28
2.00537,1,0.0775,0.235,0.181,5.431,5.552,0.9888,0.00880,269.22,55.11,0.57757852,0.7335247203999999,2.35,1.109432e-08,8.632673e-09,8.947987e-09,7.416644e-09,62.00,85.63,5857.99,8090.30,27.73,41.37
2.00563,1,0.0775,0.235,0.180,5.431,5.552,0.9888,0.00880,269.22,55.11,0.57757748,0.7335233996,2.35,1.107572e-08,8.62367e-09,8.972853e-09,7.461392e-09,62.18,87.28,5875.12,8246.64,27.83,42.33
2.00588,1,0.0776,0.235,0.180,5.431,5.552,0.9888,0.00880,269.22,55.11,0.57757648,0.7335221296,2.35,1.104759e-08,8.60561e-09,8.988287e-09,7.507885e-09,62.39,89.78,5894.57,8483.01,27.95,43.77
2.00612,1,0.0776,0.235,0.180,5.431,5.552,0.9888,0.00880,269.22,55.11,0.57757552,0.7335209104,2.35,1.10178e-08,8.567837e-09,8.999394e-09,7.545778e-09,61.91,91.90,5849.57,8682.94,27.68,45.00
2.00637,1,0.0776,0.235,0.180,5.431,5.552,0.9888,0.00880,269.22,55.11,0.57757452,0.7335196404,2.35,1.098232e-08,8.539303e-09,9.000674e-09,7.57711e-09,61.88,94.23,5846.66,8903.05,27.66,46.34
2.00663,1,0.0776,0.235,0.180,5.431,5.552,0.9888,0.00880,269.22,55.11,0.57757348,0.7335183196,2.35,1.095343e-08,8.512503e-09,8.995369e-09,7.603694e-09,61.74,96.72,5833.31,9139.01,27.58,47.78
2.00687,1,0.0776,0.235,0.180,5.431,5.552,0.9888,0.00880,269.22,55.11,0.5775725199999999,0.7335171004,2.35,1.092061e-08,8.47668e-09,8.977411e-09,7.611806e-09,61.40,98.68,5801.62,9323.41,27.38,48.91
2.00712,1,0.0777,0.235,0.180,5.431,5.552,0.9888,0.00880,269.22,55.11,0.57757152,0.7335158304,2.35,1.08628e-08,8.448037e-09,8.946606e-09,7.603132e-09,62.01,100.32,5859.37,9478.36,27.74,49.86
2.00738,1,0.0777,0.234,0.180,5.431,5.552,0.9888,0.00880,269.22,55.11,0.57757048,0.7335145096,2.35,1.08165e-08,8.409506e-09,8.897078e-09,7.593099e-09,61.93,103.21,5851.14,9752.00,27.69,51.53
2.00762,1,0.0777,0.234,0.180,5.431,5.552,0.9888,0.00880,269.22,55.11,0.57756952,0.7335132903999999,2.35,1.076921e-08,8.372351e-09,8.852985e-09,7.557672e-09,61.91,103.42,5849.92,9771.44,27.68,51.65
2.00787,1,0.0777,0.234,0.180,5.431,5.552,0.9888,0.00880,269.22,55.11,0.5775685199999999,0.7335120203999999,2.35,1.070891e-08,8.328297e-09,8.791157e-09,7.515843e-09,62.01,104.46,5858.85,9869.74,27.73,52.25
2.00813,1,0.0777,0.234,0.180,5.431,5.552,0.9888,0.00880,269.22,55.11,0.5775674799999999,0.7335106995999999,2.35,1.066392e-08,8.286307e-09,8.728905e-09,7.465787e-09,61.77,104.76,5836.67,9898.67,27.60,52.43
2.00838,1,0.0778,0.234,0.180,5.431,5.552,0.9888,0.00880,269.22,55.11,0.57756648,0.7335094296,2.35,1.060296e-08,8.239209e-09,8.662154e-09,7.408403e-09,61.86,104.87,5845.02,9908.67,27.65,52.49
2.00862,1,0.0778,0.234,0.180,5.431,5.552,0.9888,0.00880,269.22,55.11,0.5775655199999999,0.7335082103999999,2.35,1.05475e-08,8.19598e-09,8.58433e-09,7.342967e-09,61.86,104.98,5844.59,9919.16,27.64,52.55
2.00888,1,0.0778,0.234,0.180,5.431,5.552,0.9888,0.00880,269.22,55.11,0.5775644799999999,0.7335068895999999,2.35,1.048886e-08,8.146649e-09,8.50894e-09,7.284324e-09,61.73,105.57,5832.51,9974.51,27.57,52.89
2.00913,1,0.0778,0.234,0.180,5.431,5.552,0.9888,0.00880,269.22,55.11,0.5775634799999999,0.7335056195999999,2.35,1.043302e-08,8.100177e-09,8.438355e-09,7.221975e-09,61.62,105.37,5822.52,9956.09,27.51,52.78
2.00937,1,0.0778,0.234,0.180,5.431,5.552,0.9888,0.00880,269.22,55.11,0.57756252,0.7335044004,2.35,1.036737e-08,8.058005e-09,8.375649e-09,7.173654e-09,61.93,105.92,5851.09,10007.83,27.68,53.09
2.00963,1,0.0779,0.234,0.180,5.431,5.552,0.9888,0.00880,269.22,55.11,0.57756148,0.7335030795999999,2.35,1.03143e-08,8.015488e-09,8.309843e-09,7.133271e-09,61.96,107.74,5854.43,10179.55,27.70,54.14
2.00988,1,0.0779,0.234,0.179,5.431,5.552,0.9888,0.00880,269.22,55.11,0.5775604799999999,0.7335018095999999,2.35,1.025637e-08,7.966417e-09,8.269494e-09,7.10651e-09,61.82,108.59,5841.43,10260.43,27.63,54.64
2.01012,1,0.0779,0.234,0.179,5.431,5.552,0.9888,0.00880,269.22,55.11,0.57755952,0.7335005904,2.35,1.019923e-08,7.922314e-09,8.239527e-09,7.106402e-09,61.83,111.45,5842.35,10530.64,27.63,56.29
2.01037,1,0.0779,0.234,0.179,5.431,5.552,0.9888,0.00880,269.22,55.11,0.57755852,0.7334993204,2.35,1.014431e-08,7.8797e-09,8.214076e-09,7.135029e-09,61.84,117.51,5842.50,11102.94,27.63,59.79
2.01063,1,0.0779,0.233,0.179,5.431,5.552,0.9888,0.00880,269.22,55.11,0.57755748,0.7334979996,2.35,1.009671e-08,7.839227e-09,8.217748e-09,7.183055e-09,61.71,123.37,5830.52,11656.17,27.56,63.17
2.01087,1,0.0779,0.233,0.179,5.431,5.552,0.9888,0.00880,269.22,55.11,0.5775565199999999,0.7334967803999999,2.35,1.003577e-08,7.804813e-09,8.230206e-09,7.26419e-09,62.17,133.63,5873.94,12625.87,27.82,69.10
2.01112,1,0.0780,0.233,0.179,5.431,5.552,0.9888,0.00880,269.22,55.11,0.57755552,0.7334955104,2.35,9.989434e-09,7.766797e-09,8.263065e-09,7.375245e-09,62.18,147.81,5874.72,13965.78,27.83,77.29
2.01138,1,0.0780,0.233,0.179,5.431,5.552,0.9888,0.00880,269.22,55.11,0.57755448,0.7334941896,2.35,9.937926e-09,7.726655e-09,8.325704e-09,7.505223e-09,62.17,162.76,5874.40,15378.32,27.83,85.92
2.01162,1,0.0780,0.233,0.179,5.431,5.552,0.9888,0.00880,269.22,55.11,0.5775535199999999,0.7334929703999999,2.35,9.892117e-09,7.695157e-09,8.39221e-09,7.672588e-09,62.32,189.71,5888.56,17924.67,27.91,101.49
2.01187,1,0.0780,0.233,0.179,5.431,5.552,0.9888,0.00880,269.22,55.11,0.57755252,0.7334917004,2.35,9.845508e-09,7.664196e-09,8.478937e-09,7.857759e-09,62.52,225.08,5906.94,21266.52,28.03,121.91
2.01213,1,0.0780,0.233,0.179,5.431,5.552,0.9888,0.00880,269.22,55.11,0.57755148,0.7334903796,2.35,9.810131e-09,7.628716e-09,8.579312e-09,8.069398e-09,62.22,281.58,5879.32,26604.68,27.86,154.54
2.01238,1,0.0781,0.233,0.179,5.430,5.552,0.9888,0.00880,269.22,55.11,0.57755048,0.7334891096,2.35,9.778717e-09,7.60495e-09,8.693545e-09,8.285442e-09,62.33,361.70,5889.14,34175.47,27.92,200.82
2.01262,1,0.0781,0.233,0.179,5.430,5.552,0.9888,0.00880,269.22,55.11,0.5775495199999999,0.7334878904,2.35,9.742902e-09,7.572567e-09,8.808372e-09,8.51901e-09,62.16,524.51,5873.34,49558.27,27.82,294.85
2.01288,1,0.0781,0.233,0.179,5.430,5.552,0.9888,0.00880,269.22,55.11,0.5775484799999999,0.7334865695999999,2.35,9.704619e-09,7.556579e-09,8.940284e-09,8.748674e-09,62.67,813.45,5921.77,76858.62,28.12,461.72
2.01313,1,0.0781,0.233,0.179,5.430,5.552,0.9888,0.00880,269.22,55.11,0.57754748,0.7334852996,2.35,9.681166e-09,7.538583e-09,9.069758e-09,8.97468e-09,62.68,1681.68,5922.71,158893.99,28.12,963.17
2.01337,1,0.0781,0.233,0.179,5.430,5.552,0.9888,0.00880,269.22,55.11,0.57754652,0.7334840803999999,2.35,9.643038e-09,7.520228e-09,9.195682e-09,9.200043e-09,63.11,-37584.56,5963.32,-3551176.99,28.37,-21714.91
2.01363,1,0.0782,0.233,0.179,5.430,5.552,0.9888,0.00880,269.22,55.11,0.5775454799999999,0.7334827596,2.35,9.624851e-09,7.504475e-09,9.318205e-09,9.399503e-09,63.13,-2062.46,5965.27,-194871.18,28.38,-1199.24
2.01388,1,0.0782,0.232,0.179,5.430,5.552,0.9888,0.00880,269.22,55.11,0.5775444799999999,0.7334814895999999,2.35,9.607318e-09,7.487323e-09,9.427626e-09,9.57821e-09,63.00,-1134.60,5952.37,-107202.22,28.30,-663.36
2.01412,1,0.0782,0.232,0.178,5.430,5.552,0.9888,0.00880,269.22,55.11,0.57754352,0.7334802704,2.35,9.590257e-09,7.473065e-09,9.531618e-09,9.729374e-09,62.96,-877.64,5949.23,-82923.54,28.28,-514.95
2.01437,1,0.0782,0.232,0.178,5.430,5.552,0.9888,0.00880,269.22,55.11,0.57754252,0.7334790003999999,2.35,9.575531e-09,7.467263e-09,9.626497e-09,9.861245e-09,63.18,-749.36,5969.78,-70803.13,28.41,-440.87
2.01463,1,0.0782,0.232,0.178,5.430,5.552,0.9888,0.00880,269.22,55.11,0.5775414799999999,0.7334776796,2.35,9.551642e-09,7.449259e-09,9.694231e-09,9.949835e-09,63.21,-694.40,5972.06,-65610.12,28.42,-409.12
2.01487,1,0.0782,0.232,0.178,5.430,5.552,0.9888,0.00880,269.22,55.11,0.57754052,0.7334764604,2.35,9.547106e-09,7.439972e-09,9.761927e-09,1.000228e-08,62.99,-742.35,5951.16,-70141.01,28.30,-436.82
2.01512,1,0.0783,0.232,0.178,5.430,5.552,0.9888,0.00880,269.22,55.11,0.57753952,0.7334751904,2.35,9.528627e-09,7.438171e-09,9.792197e-09,1.001613e-08,63.55,-798.90,6004.83,-75484.50,28.62,-469.48
2.01538,1,0.0783,0.232,0.178,5.430,5.552,0.9888,0.00880,269.22,55.11,0.57753848,0.7334738695999999,2.35,9.519562e-09,7.432408e-09,9.817574e-09,9.996351e-09,63.60,-998.72,6009.67,-94363.87,28.65,-584.88
2.01562,1,0.0783,0.232,0.178,5.430,5.552,0.9888,0.00880,269.22,55.11,0.5775375199999999,0.7334726503999999,2.35,9.510626e-09,7.420689e-09,9.818002e-09,9.934079e-09,63.42,-1528.60,5992.21,-144429.98,28.55,-890.91
2.01587,1,0.0783,0.232,0.178,5.430,5.552,0.9888,0.00880,269.22,55.11,0.57753652,0.7334713804,2.35,9.50305e-09,7.418596e-09,9.797141e-09,9.843617e-09,63.57,-3783.02,6006.28,-357438.95,28.63,-2192.91
2.01613,1,0.0783,0.232,0.178,5.430,5.552,0.9888,0.00880,269.22,55.11,0.57753548,0.7334700596,2.35,9.491814e-09,7.421199e-09,9.770466e-09,9.72143e-09,64.02,3541.02,6048.54,334573.11,28.89,2036.98
2.01638,1,0.0784,0.232,0.178,5.430,5.552,0.9888,0.00880,269.22,55.11,0.57753448,0.7334687896,2.35,9.476923e-09,7.408926e-09,9.715151e-09,9.56337e-09,64.07,1126.83,6053.88,106468.73,28.92,642.70
2.01662,1,0.0784,0.232,0.178,5.430,5.552,0.9888,0.00880,269.22,55.11,0.5775335199999999,0.7334675703999999,2.35,9.47481e-09,7.40422e-09,9.648817e-09,9.392641e-09,63.95,655.71,6042.46,61955.21,28.85,370.62
2.01688,1,0.0784,0.232,0.178,5.430,5.552,0.9888,0.00880,269.22,55.11,0.57753248,0.7334662496000001,2.35,9.460712e-09,7.400763e-09,9.560589e-09,9.181446e-09,64.25,433.09,6070.84,40920.09,29.03,242.04
2.01713,1,0.0784,0.232,0.178,5.430,5.552,0.9888,0.00880,269.22,55.11,0.57753148,0.7334649796,2.35,9.452728e-09,7.394684e-09,9.469289e-09,8.974366e-09,64.26,324.29,6071.47,30640.42,29.03,179.21
2.01737,1,0.0784,0.231,0.178,5.430,5.552,0.9888,0.00880,269.22,55.11,0.5775305199999999,0.7334637603999999,2.35,9.437471e-09,7.38198e-09,9.367809e-09,8.749633e-09,64.22,253.12,6068.22,23915.64,29.01,138.10
2.01762,1,0.0785,0.231,0.178,5.430,5.552,0.9888,0.00880,269.22,55.11,0.5775295199999999,0.7334624903999999,2.35,9.427032e-09,7.380963e-09,9.252633e-09,8.521319e-09,64.59,208.64,6103.08,19713.29,29.22,112.42
2.01788,1,0.0785,0.231,0.178,5.430,5.552,0.9888,0.00880,269.22,55.11,0.57752848,0.7334611696000001,2.35,9.402157e-09,7.360902e-09,9.133528e-09,8.280436e-09,64.57,173.80,6100.84,16421.53,29.21,92.29
2.01812,1,0.0785,0.231,0.178,5.430,5.552,0.9888,0.00881,269.22,55.11,0.57752752,0.7334599504,2.35,9.39321e-09,7.344667e-09,9.009703e-09,8.048755e-09,64.20,149.98,6065.73,14170.50,29.00,78.54
2.01837,1,0.0785,0.231,0.178,5.430,5.552,0.9888,0.00881,269.22,55.11,0.5775265199999999,0.7334586804,2.35,9.363843e-09,7.334709e-09,8.881957e-09,7.821671e-09,64.72,132.09,6115.45,12480.52,29.30,68.21
2.01863,1,0.0785,0.231,0.177,5.430,5.552,0.9888,0.00881,269.22,55.11,0.5775254799999999,0.7334573595999999,2.35,9.340384e-09,7.31991e-09,8.759442e-09,7.591669e-09,64.87,116.41,6129.61,10999.15,29.39,59.15
2.01887,1,0.0785,0.231,0.177,5.430,5.552,0.9888,0.00881,269.22,55.11,0.57752452,0.7334561404,2.35,9.31675e-09,7.297797e-09,8.633928e-09,7.387988e-09,64.73,106.18,6115.70,10032.51,29.30,53.24
2.01912,1,0.0786,0.231,0.177,5.430,5.552,0.9888,0.00881,269.22,55.11,0.57752352,0.7334548703999999,2.35,9.285829e-09,7.274772e-09,8.502242e-09,7.190418e-09,64.86,98.28,6128.11,9285.61,29.38,48.68
2.01938,1,0.0786,0.231,0.177,5.430,5.552,0.9888,0.00881,269.22,55.11,0.57752248,0.7334535496,2.35,9.250441e-09,7.252051e-09,8.37246e-09,6.998759e-09,65.07,91.35,6147.69,8630.99,29.50,44.68
2.01963,1,0.0786,0.231,0.177,5.430,5.552,0.9888,0.00881,269.22,55.11,0.5775214799999999,0.7334522795999999,2.35,9.214678e-09,7.228787e-09,8.258561e-09,6.83018e-09,65.26,85.73,6166.54,8100.65,29.61,41.43
2.01987,1,0.0786,0.231,0.177,5.430,5.552,0.9888,0.00881,269.22,55.11,0.57752052,0.7334510604,2.35,9.167452e-09,7.197276e-09,8.136176e-09,6.670692e-09,65.50,81.61,6188.63,7711.19,29.75,39.05
2.02013,1,0.0786,0.231,0.177,5.430,5.552,0.9888,0.00881,269.22,55.11,0.57751948,0.7334497395999999,2.35,9.130443e-09,7.164743e-09,8.02198e-09,6.526567e-09,65.35,78.25,6174.69,7393.59,29.66,37.11
2.02038,1,0.0787,0.231,0.177,5.430,5.552,0.9888,0.00881,269.22,55.11,0.57751848,0.7334484696,2.35,9.088546e-09,7.130747e-09,7.914558e-09,6.404349e-09,65.39,76.13,6178.02,7193.17,29.68,35.89
2.02062,1,0.0787,0.230,0.177,5.430,5.552,0.9888,0.00881,269.22,55.11,0.57751752,0.7334472504,2.35,9.04137e-09,7.093619e-09,7.804809e-09,6.282531e-09,65.38,74.09,6177.21,7000.01,29.68,34.71
2.02088,1,0.0787,0.230,0.177,5.430,5.552,0.9888,0.00881,269.22,55.11,0.57751648,0.7334459296,2.35,8.987059e-09,7.051145e-09,7.70675e-09,6.181897e-09,65.38,72.78,6177.77,6876.25,29.68,33.95
2.02113,1,0.0787,0.230,0.177,5.430,5.552,0.9888,0.00881,269.22,55.11,0.57751548,0.7334446595999999,2.35,8.934323e-09,7.017348e-09,7.611755e-09,6.089409e-09,65.71,71.81,6208.90,6784.53,29.87,33.39
2.02137,1,0.0787,0.230,0.177,5.430,5.552,0.9888,0.00881,269.23,55.11,0.5775145199999999,0.7334434403999999,2.35,8.876974e-09,6.970591e-09,7.516301e-09,6.009866e-09,65.64,71.62,6201.80,6766.63,29.83,33.28
2.02162,1,0.0788,0.230,0.177,5.429,5.552,0.9888,0.00881,269.23,55.11,0.57751352,0.7334421704,2.35,8.822709e-09,6.927599e-09,7.438456e-09,5.943045e-09,65.70,71.43,6208.06,6749.26,29.87,33.17
2.02188,1,0.0788,0.230,0.177,5.429,5.552,0.9888,0.00881,269.23,55.11,0.57751248,0.7334408496,2.35,8.758724e-09,6.882807e-09,7.34916e-09,5.88343e-09,65.95,72.15,6231.03,6816.86,30.01,33.59
2.02212,1,0.0788,0.230,0.177,5.429,5.552,0.9888,0.00881,269.23,55.11,0.57751152,0.7334396303999999,2.35,8.701128e-09,6.843372e-09,7.278286e-09,5.833892e-09,66.21,72.60,6255.89,6859.31,30.16,33.85
2.02237,1,0.0788,0.230,0.177,5.429,5.552,0.9888,0.00881,269.23,55.11,0.5775105199999999,0.7334383603999999,2.35,8.643851e-09,6.793553e-09,7.205417e-09,5.788382e-09,65.99,73.42,6235.38,6937.20,30.03,34.32
2.02263,1,0.0788,0.230,0.177,5.429,5.552,0.9888,0.00881,269.23,55.11,0.5775094799999999,0.7334370395999998,2.35,8.571932e-09,6.744124e-09,7.142007e-09,5.755357e-09,66.32,74.60,6266.18,7048.77,30.22,35.00
2.02287,1,0.0788,0.230,0.176,5.429,5.552,0.9888,0.00881,269.23,55.11,0.57750852,0.7334358204,2.35,8.512824e-09,6.700361e-09,7.080808e-09,5.724031e-09,66.45,75.83,6278.58,7165.15,30.30,35.72
2.02312,1,0.0789,0.230,0.176,5.429,5.552,0.9888,0.00881,269.23,55.11,0.5775075199999999,0.7334345503999999,2.35,8.452303e-09,6.651319e-09,7.02129e-09,5.697049e-09,66.47,77.43,6280.28,7315.84,30.31,36.64
2.02338,1,0.0789,0.230,0.176,5.429,5.552,0.9888,0.00881,269.23,55.11,0.5775064799999999,0.7334332295999999,2.35,8.389156e-09,6.609176e-09,6.966831e-09,5.68161e-09,66.83,79.56,6314.13,7517.52,30.51,37.87
2.02363,1,0.0789,0.230,0.176,5.429,5.552,0.9888,0.00881,269.23,55.11,0.57750548,0.7334319596000001,2.35,8.329432e-09,6.556319e-09,6.918399e-09,5.666845e-09,66.55,81.49,6287.89,7699.68,30.35,38.98
2.02387,1,0.0789,0.229,0.176,5.429,5.552,0.9888,0.00881,269.23,55.11,0.57750452,0.7334307404,2.35,8.270066e-09,6.513226e-09,6.876367e-09,5.650435e-09,66.72,82.95,6304.07,7837.41,30.45,39.83
2.02413,1,0.0789,0.229,0.176,5.429,5.552,0.9888,0.00881,269.23,55.11,0.57750348,0.7334294196,2.35,8.214942e-09,6.465595e-09,6.834097e-09,5.637417e-09,66.52,84.78,6284.77,8010.49,30.34,40.88
2.02438,1,0.0790,0.229,0.176,5.429,5.552,0.9888,0.00881,269.23,55.11,0.5775024799999999,0.7334281495999999,2.35,8.153146e-09,6.421847e-09,6.79059e-09,5.624897e-09,66.84,86.95,6315.29,8215.54,30.52,42.14
2.02462,1,0.0790,0.229,0.176,5.429,5.552,0.9888,0.00881,269.23,55.11,0.57750152,0.7334269304,2.35,8.093624e-09,6.383161e-09,6.758877e-09,5.615637e-09,67.25,88.51,6353.71,8363.10,30.76,43.04
2.02488,1,0.0790,0.229,0.176,5.429,5.552,0.9888,0.00881,269.23,55.11,0.57750048,0.7334256096,2.35,8.039708e-09,6.34171e-09,6.730468e-09,5.604931e-09,67.30,89.73,6358.79,8478.44,30.79,43.74
2.02513,1,0.0790,0.229,0.176,5.429,5.552,0.9888,0.00881,269.23,55.11,0.57749948,0.7334243396,2.35,7.986446e-09,6.304004e-09,6.706018e-09,5.591503e-09,67.52,90.40,6379.43,8541.78,30.91,44.13
2.02537,1,0.0790,0.229,0.176,5.429,5.552,0.9888,0.00881,269.23,55.11,0.5774985199999999,0.7334231203999999,2.35,7.937993e-09,6.26877e-09,6.67582e-09,5.575134e-09,67.67,91.27,6394.01,8623.77,31.00,44.63
2.02562,1,0.0791,0.229,0.176,5.429,5.552,0.9888,0.00881,269.23,55.11,0.57749752,0.7334218504,2.35,7.88999e-09,6.233086e-09,6.648933e-09,5.559333e-09,67.87,92.05,6412.97,8697.79,31.12,45.08
2.02588,1,0.0791,0.229,0.176,5.429,5.552,0.9888,0.00881,269.23,55.11,0.57749648,0.7334205296,2.35,7.846125e-09,6.203324e-09,6.620241e-09,5.538334e-09,68.13,92.36,6437.14,8726.55,31.27,45.26
2.02612,1,0.0791,0.229,0.176,5.429,5.552,0.9888,0.00881,269.23,55.11,0.5774955199999999,0.7334193104,2.35,7.811031e-09,6.173705e-09,6.603779e-09,5.515749e-09,68.03,91.46,6427.82,8642.05,31.21,44.74
2.02637,1,0.0791,0.229,0.176,5.429,5.552,0.9888,0.00881,269.23,55.11,0.57749452,0.7334180404,2.35,7.771239e-09,6.154242e-09,6.576976e-09,5.492961e-09,68.67,91.42,6488.12,8638.22,31.58,44.72
2.02663,1,0.0791,0.229,0.176,5.429,5.552,0.9888,0.00881,269.23,55.11,0.57749348,0.7334167196,2.35,7.734803e-09,6.119035e-09,6.554099e-09,5.464985e-09,68.33,90.53,6455.91,8553.99,31.38,44.20
2.02687,1,0.0792,0.229,0.176,5.429,5.552,0.9888,0.00881,269.23,55.11,0.57749252,0.7334155003999999,2.35,7.699524e-09,6.098528e-09,6.532862e-09,5.426437e-09,68.81,88.60,6501.82,8371.30,31.66,43.09
2.02712,1,0.0792,0.229,0.176,5.429,5.552,0.9888,0.00881,269.23,55.11,0.5774915199999999,0.7334142303999999,2.35,7.675437e-09,6.076621e-09,6.503458e-09,5.399825e-09,68.66,88.39,6487.30,8351.32,31.57,42.97
2.02738,1,0.0792,0.228,0.175,5.429,5.552,0.9888,0.00881,269.23,55.11,0.5774904799999999,0.7334129095999999,2.35,7.649357e-09,6.056868e-09,6.484609e-09,5.359038e-09,68.71,86.01,6491.90,8126.70,31.60,41.59
2.02763,1,0.0792,0.228,0.175,5.429,5.552,0.9888,0.00881,269.23,55.11,0.57748948,0.7334116396,2.35,7.629664e-09,6.044039e-09,6.454503e-09,5.315286e-09,68.86,84.29,6506.20,7963.80,31.69,40.60
2.02787,1,0.0792,0.228,0.175,5.429,5.552,0.9888,0.00881,269.23,55.11,0.57748852,0.7334104203999999,2.35,7.610427e-09,6.028948e-09,6.427392e-09,5.279098e-09,68.87,83.05,6506.97,7847.06,31.69,39.88
2.02813,1,0.0792,0.228,0.175,5.429,5.552,0.9888,0.00881,269.23,55.11,0.5774874799999999,0.7334090995999999,2.35,7.588514e-09,6.025122e-09,6.397604e-09,5.234828e-09,69.62,81.33,6578.07,7684.34,32.13,38.89
2.02838,1,0.0793,0.228,0.175,5.429,5.552,0.9888,0.00881,269.23,55.11,0.5774864799999999,0.7334078296,2.35,7.572985e-09,6.0144e-09,6.368598e-09,5.191665e-09,69.80,79.79,6594.91,7538.79,32.23,38.00
2.02862,1,0.0793,0.228,0.175,5.429,5.552,0.9888,0.00881,269.23,55.11,0.57748552,0.7334066104,2.35,7.562131e-09,6.007526e-09,6.339743e-09,5.145772e-09,69.90,77.95,6604.23,7365.52,32.29,36.94
2.02888,1,0.0793,0.228,0.175,5.429,5.552,0.9888,0.00881,269.23,55.11,0.57748448,0.7334052896,2.35,7.55723e-09,6.005973e-09,6.302772e-09,5.110273e-09,70.03,77.51,6616.78,7323.74,32.36,36.69
2.02913,1,0.0793,0.228,0.175,5.429,5.552,0.9888,0.00881,269.23,55.11,0.5774834799999999,0.7334040195999999,2.35,7.546481e-09,6.005509e-09,6.269043e-09,5.066954e-09,70.49,76.24,6660.42,7203.72,32.63,35.95
2.02937,1,0.0793,0.228,0.175,5.429,5.552,0.9888,0.00881,269.23,55.11,0.57748252,0.7334028004,2.35,7.549277e-09,6.001003e-09,6.240355e-09,5.032805e-09,70.11,75.39,6624.04,7122.82,32.41,35.46
2.02962,1,0.0794,0.228,0.175,5.429,5.552,0.9888,0.00881,269.23,55.11,0.57748152,0.7334015304,2.35,7.547585e-09,6.001851e-09,6.207926e-09,5.000565e-09,70.32,75.01,6644.20,7087.20,32.53,35.24
2.02988,1,0.0794,0.228,0.175,5.429,5.552,0.9888,0.00881,269.23,55.11,0.57748048,0.7334002096,2.35,7.550669e-09,6.009789e-09,6.176493e-09,4.970111e-09,70.64,74.61,6673.95,7049.75,32.71,35.01
2.03012,1,0.0794,0.228,0.175,5.429,5.552,0.9888,0.00881,269.23,55.11,0.5774795199999999,0.7333989903999999,2.35,7.55095e-09,6.015111e-09,6.146711e-09,4.947125e-09,70.93,74.69,6701.78,7056.90,32.88,35.05
2.03037,1,0.0794,0.228,0.175,5.429,5.552,0.9888,0.00881,269.23,55.11,0.57747852,0.7333977204,2.35,7.555959e-09,6.032816e-09,6.125715e-09,4.937962e-09,71.73,75.29,6777.54,7114.00,33.35,35.40
2.03063,1,0.0794,0.227,0.175,5.429,5.552,0.9888,0.00881,269.23,55.11,0.57747748,0.7333963996,2.35,7.565574e-09,6.030084e-09,6.089035e-09,4.908554e-09,71.12,75.30,6719.62,7114.81,32.99,35.41
2.03087,1,0.0795,0.227,0.175,5.428,5.552,0.9888,0.00881,269.23,55.11,0.5774765199999999,0.7333951804,2.35,7.567722e-09,6.035854e-09,6.065687e-09,4.895487e-09,71.44,75.86,6750.42,7167.20,33.18,35.73
2.03112,1,0.0795,0.227,0.175,5.428,5.552,0.9888,0.00881,269.23,55.11,0.5774755199999999,0.7333939103999999,2.35,7.57605e-09,6.043867e-09,6.043084e-09,4.880801e-09,71.52,76.14,6757.99,7194.37,33.23,35.89
2.03138,1,0.0795,0.227,0.175,5.428,5.552,0.9888,0.00881,269.23,55.11,0.57747448,0.7333925896,2.35,7.588324e-09,6.05229e-09,6.02187e-09,4.875301e-09,71.44,77.10,6750.45,7284.75,33.18,36.45
2.03163,1,0.0795,0.227,0.175,5.428,5.552,0.9888,0.00881,269.23,55.11,0.57747348,0.7333913196,2.35,7.593708e-09,6.06315e-09,6.002093e-09,4.871225e-09,71.83,78.10,6786.75,7379.72,33.40,37.03
2.03187,1,0.0795,0.227,0.174,5.428,5.552,0.9888,0.00881,269.23,55.11,0.5774725199999999,0.7333901004,2.35,7.609918e-09,6.071784e-09,5.984824e-09,4.865076e-09,71.58,78.79,6763.32,7444.01,33.26,37.42
2.03213,1,0.0795,0.227,0.174,5.428,5.552,0.9888,0.00881,269.23,55.11,0.5774714799999999,0.7333887795999999,2.35,7.61832e-09,6.093696e-09,5.979396e-09,4.878533e-09,72.48,80.36,6847.87,7592.65,33.78,38.33
2.03238,1,0.0796,0.227,0.174,5.428,5.552,0.9888,0.00881,269.23,55.11,0.57747048,0.7333875096,2.35,7.632187e-09,6.099298e-09,5.968681e-09,4.872992e-09,72.24,80.75,6825.76,7629.40,33.64,38.55
2.03262,1,0.0796,0.227,0.174,5.428,5.552,0.9888,0.00881,269.23,55.11,0.57746952,0.7333862903999999,2.35,7.638546e-09,6.112843e-09,5.95928e-09,4.872422e-09,72.74,81.39,6873.14,7690.49,33.93,38.93
2.03288,1,0.0796,0.227,0.174,5.428,5.552,0.9888,0.00881,269.23,55.11,0.57746848,0.7333849696,2.35,7.650181e-09,6.128481e-09,5.952064e-09,4.878626e-09,73.12,82.52,6908.85,7796.55,34.15,39.57
2.03313,1,0.0796,0.227,0.174,5.428,5.552,0.9888,0.00881,269.23,55.11,0.5774674799999999,0.7333836995999999,2.35,7.659879e-09,6.130516e-09,5.93851e-09,4.874682e-09,72.78,83.19,6876.51,7860.62,33.95,39.97
2.03337,1,0.0796,0.227,0.174,5.428,5.552,0.9888,0.00881,269.23,55.11,0.57746652,0.7333824804,2.35,7.668151e-09,6.142327e-09,5.934167e-09,4.87233e-09,73.09,83.31,6905.74,7871.56,34.13,40.03
2.03362,1,0.0797,0.227,0.174,5.428,5.552,0.9888,0.00881,269.23,55.11,0.57746552,0.7333812103999999,2.35,7.669576e-09,6.143339e-09,5.916804e-09,4.864957e-09,73.17,84.08,6913.66,7944.23,34.18,40.48
2.03388,1,0.0797,0.227,0.174,5.428,5.552,0.9888,0.00881,269.23,55.11,0.57746448,0.7333798895999999,2.35,7.676165e-09,6.142945e-09,5.901323e-09,4.845845e-09,72.83,83.46,6881.73,7885.80,33.98,40.12
2.03412,1,0.0797,0.226,0.174,5.428,5.552,0.9888,0.00881,269.23,55.11,0.57746352,0.7333786704,2.35,7.68671e-09,6.164776e-09,5.904479e-09,4.855805e-09,73.63,84.17,6957.02,7952.84,34.44,40.53
2.03437,1,0.0797,0.226,0.174,5.428,5.552,0.9888,0.00881,269.23,55.11,0.57746252,0.7333774004,2.35,7.684418e-09,6.158971e-09,5.882212e-09,4.838057e-09,73.39,84.23,6934.46,7958.07,34.31,40.56
2.03463,1,0.0797,0.226,0.174,5.428,5.552,0.9888,0.00881,269.23,55.11,0.57746148,0.7333760796,2.35,7.682922e-09,6.161418e-09,5.870653e-09,4.822847e-09,73.61,83.67,6955.19,7905.41,34.43,40.24
2.03487,1,0.0798,0.226,0.174,5.428,5.552,0.9888,0.00881,269.23,55.11,0.5774605199999999,0.7333748603999999,2.35,7.676047e-09,6.162614e-09,5.854347e-09,4.804357e-09,74.11,83.28,7002.39,7868.55,34.72,40.01
2.03512,1,0.0798,0.226,0.174,5.428,5.552,0.9888,0.00881,269.23,55.11,0.57745952,0.7333735904,2.35,7.665755e-09,6.147316e-09,5.827736e-09,4.77749e-09,73.68,82.79,6961.98,7822.64,34.47,39.73
2.03538,1,0.0798,0.226,0.174,5.428,5.552,0.9888,0.00881,269.23,55.11,0.57745848,0.7333722696,2.35,7.658055e-09,6.13775e-09,5.806783e-09,4.750127e-09,73.48,81.82,6942.62,7730.65,34.35,39.17
2.03563,1,0.0798,0.226,0.174,5.428,5.552,0.9888,0.00881,269.23,55.11,0.57745748,0.7333709996,2.35,7.657964e-09,6.146419e-09,5.799815e-09,4.746005e-09,74.01,81.97,6992.71,7744.81,34.66,39.26
2.03587,1,0.0798,0.226,0.174,5.428,5.552,0.9888,0.00881,269.23,55.11,0.5774565199999999,0.7333697803999999,2.35,7.657321e-09,6.155845e-09,5.787804e-09,4.756164e-09,74.62,83.91,7050.40,7928.18,35.01,40.38
2.03613,1,0.0798,0.226,0.174,5.428,5.552,0.9888,0.00881,269.23,55.11,0.5774554799999999,0.7333684595999999,2.35,7.628445e-09,6.134491e-09,5.758339e-09,4.709618e-09,74.73,81.73,7061.32,7722.72,35.08,39.12
2.03638,1,0.0799,0.226,0.173,5.428,5.552,0.9888,0.00881,269.23,55.11,0.57745448,0.7333671896,2.35,7.626594e-09,6.141498e-09,5.744003e-09,4.712144e-09,75.36,83.22,7120.83,7863.38,35.44,39.98
2.03662,1,0.0799,0.226,0.173,5.428,5.552,0.9888,0.00881,269.23,55.11,0.5774535199999999,0.7333659704,2.35,7.61531e-09,6.123861e-09,5.723614e-09,4.682083e-09,74.83,81.92,7070.14,7740.66,35.13,39.23
2.03688,1,0.0799,0.226,0.173,5.428,5.552,0.9888,0.00881,269.23,55.11,0.5774524799999999,0.7333646495999999,2.35,7.601441e-09,6.123868e-09,5.708092e-09,4.683562e-09,75.53,83.31,7136.54,7871.59,35.54,40.03
2.03713,1,0.0799,0.226,0.173,5.428,5.552,0.9888,0.00881,269.23,55.11,0.5774514799999999,0.7333633795999999,2.35,7.571016e-09,6.091017e-09,5.676999e-09,4.639497e-09,75.00,81.49,7086.62,7700.04,35.24,38.98
2.03737,1,0.0799,0.225,0.173,5.428,5.552,0.9888,0.00881,269.23,55.11,0.57745052,0.7333621604,2.35,7.552134e-09,6.061764e-09,5.651283e-09,4.613983e-09,74.12,81.06,7003.13,7658.76,34.73,38.73
2.03762,1,0.0800,0.225,0.173,5.428,5.552,0.9888,0.00881,269.23,55.11,0.5774495199999999,0.7333608904,2.35,7.535074e-09,6.062045e-09,5.63444e-09,4.612629e-09,75.09,82.37,7094.74,7782.28,35.28,39.49
2.03788,1,0.0800,0.225,0.173,5.428,5.552,0.9888,0.00881,269.23,55.11,0.5774484799999999,0.7333595695999999,2.35,7.519771e-09,6.057379e-09,5.623745e-09,4.612779e-09,75.58,83.25,7140.84,7866.01,35.57,40.00
2.03812,1,0.0800,0.225,0.173,5.428,5.552,0.9888,0.00881,269.23,55.11,0.57744752,0.7333583504,2.35,7.497857e-09,6.034903e-09,5.606821e-09,4.599964e-09,75.27,83.36,7111.62,7876.17,35.39,40.06
2.03837,1,0.0800,0.225,0.173,5.428,5.552,0.9888,0.00881,269.23,55.11,0.57744652,0.7333570803999999,2.35,7.479838e-09,6.032793e-09,5.605656e-09,4.608347e-09,76.07,84.31,7187.29,7966.07,35.85,40.61
2.03863,1,0.0800,0.225,0.173,5.428,5.552,0.9888,0.00881,269.23,55.11,0.57744548,0.7333557596,2.35,7.464211e-09,6.026484e-09,5.589773e-09,4.604465e-09,76.48,85.27,7226.30,8056.30,36.09,41.16
2.03887,1,0.0801,0.225,0.173,5.428,5.552,0.9888,0.00881,269.23,55.11,0.5774445199999999,0.7333545403999999,2.35,7.437284e-09,5.980048e-09,5.571293e-09,4.567251e-09,74.97,83.10,7083.44,7851.86,35.22,39.91
2.03912,1,0.0801,0.225,0.173,5.428,5.552,0.9888,0.00881,269.24,55.11,0.57744352,0.7333532704,2.35,7.415534e-09,5.971007e-09,5.563782e-09,4.570438e-09,75.51,84.06,7134.96,7941.96,35.53,40.46
2.03938,1,0.0801,0.225,0.173,5.428,5.552,0.9888,0.00881,269.24,55.11,0.57744248,0.7333519495999999,2.35,7.405482e-09,5.949429e-09,5.549933e-09,4.557331e-09,74.65,83.88,7052.90,7925.11,35.03,40.36
2.03963,1,0.0801,0.225,0.173,5.428,5.552,0.9888,0.00881,269.24,55.11,0.57744148,0.7333506796,2.35,7.37859e-09,5.93876e-09,5.546821e-09,4.553699e-09,75.35,83.77,7119.58,7914.64,35.44,40.30
2.03987,1,0.0801,0.225,0.173,5.428,5.552,0.9888,0.00881,269.24,55.11,0.57744052,0.7333494604,2.35,7.358516e-09,5.914544e-09,5.542682e-09,4.545466e-09,74.83,83.27,7070.21,7867.90,35.13,40.01
2.04013,1,0.0802,0.225,0.173,5.427,5.552,0.9888,0.00881,269.24,55.11,0.57743948,0.7333481396,2.35,7.344612e-09,5.89118e-09,5.530614e-09,4.526163e-09,74.14,82.42,7005.15,7787.74,34.74,39.52
2.04038,1,0.0802,0.225,0.173,5.427,5.552,0.9888,0.00881,269.24,55.11,0.57743848,0.7333468696,2.35,7.321119e-09,5.871823e-09,5.520643e-09,4.517226e-09,74.11,82.35,7002.06,7780.37,34.72,39.47
2.04062,1,0.0802,0.225,0.173,5.427,5.552,0.9888,0.00881,269.24,55.11,0.5774375199999999,0.7333456503999999,2.35,7.310887e-09,5.861357e-09,5.529087e-09,4.518409e-09,73.96,81.77,6988.45,7726.50,34.63,39.14
2.04088,1,0.0802,0.224,0.172,5.427,5.552,0.9888,0.00881,269.24,55.11,0.5774364799999999,0.7333443296,2.35,7.286915e-09,5.832022e-09,5.514096e-09,4.495099e-09,73.32,80.69,6927.84,7623.88,34.26,38.52
2.04113,1,0.0802,0.224,0.172,5.427,5.552,0.9888,0.00881,269.24,55.11,0.57743548,0.7333430596,2.35,7.28076e-09,5.823013e-09,5.51799e-09,4.497559e-09,73.07,80.62,6903.60,7617.34,34.12,38.48
2.04137,1,0.0802,0.224,0.172,5.427,5.552,0.9888,0.00881,269.24,55.11,0.57743452,0.7333418404,2.35,7.273506e-09,5.813629e-09,5.518982e-09,4.490523e-09,72.84,79.87,6882.42,7546.05,33.99,38.04
2.04162,1,0.0803,0.224,0.172,5.427,5.552,0.9888,0.00881,269.24,55.11,0.5774335199999999,0.7333405703999999,2.35,7.267889e-09,5.802422e-09,5.515975e-09,4.486755e-09,72.51,79.84,6851.46,7543.51,33.80,38.03
2.04188,1,0.0803,0.224,0.172,5.427,5.552,0.9888,0.00881,269.24,55.11,0.5774324799999999,0.7333392495999999,2.35,7.264265e-09,5.803711e-09,5.522062e-09,4.496821e-09,72.77,80.33,6876.03,7589.78,33.95,38.31
2.04212,1,0.0803,0.224,0.172,5.427,5.552,0.9888,0.00881,269.24,55.11,0.57743152,0.7333380304,2.35,7.258849e-09,5.793078e-09,5.521649e-09,4.492537e-09,72.38,79.95,6839.00,7554.03,33.72,38.09
2.04237,1,0.0803,0.224,0.172,5.427,5.552,0.9888,0.00881,269.24,55.11,0.57743052,0.7333367604,2.35,7.266722e-09,5.80432e-09,5.531286e-09,4.501242e-09,72.69,80.03,6868.06,7561.82,33.90,38.14
2.04263,1,0.0803,0.224,0.172,5.427,5.552,0.9888,0.00881,269.24,55.11,0.5774294799999999,0.7333354395999999,2.35,7.265314e-09,5.788173e-09,5.530245e-09,4.49689e-09,71.76,79.70,6780.62,7530.30,33.36,37.95
2.04287,1,0.0804,0.224,0.172,5.427,5.552,0.9888,0.00881,269.24,55.11,0.57742852,0.7333342204,2.35,7.262098e-09,5.782204e-09,5.53116e-09,4.493337e-09,71.65,79.39,6769.42,7501.26,33.30,37.77
2.04312,1,0.0804,0.224,0.172,5.427,5.552,0.9888,0.00881,269.24,55.11,0.57742752,0.7333329504,2.35,7.269487e-09,5.783998e-09,5.53555e-09,4.501805e-09,71.40,79.85,6746.01,7545.04,33.15,38.04
2.04338,1,0.0804,0.224,0.172,5.427,5.552,0.9888,0.00881,269.24,55.11,0.57742648,0.7333316296,2.35,7.278464e-09,5.793023e-09,5.544095e-09,4.508161e-09,71.51,79.80,6756.76,7539.73,33.22,38.00
2.04363,1,0.0804,0.224,0.172,5.427,5.552,0.9888,0.00881,269.24,55.11,0.5774254799999999,0.7333303595999999,2.35,7.286717e-09,5.803707e-09,5.551885e-09,4.519539e-09,71.76,80.28,6780.32,7585.03,33.36,38.28
2.04387,1,0.0804,0.224,0.172,5.427,5.552,0.9888,0.00881,269.24,55.11,0.57742452,0.7333291404,2.35,7.298107e-09,5.808787e-09,5.56233e-09,4.526236e-09,71.52,80.11,6757.50,7568.79,33.22,38.18
2.04413,1,0.0805,0.224,0.172,5.427,5.552,0.9888,0.00881,269.24,55.11,0.57742348,0.7333278196,2.35,7.310642e-09,5.823404e-09,5.572427e-09,4.536085e-09,71.89,80.36,6792.40,7592.85,33.44,38.33
2.04438,1,0.0805,0.223,0.172,5.427,5.552,0.9888,0.00881,269.24,55.11,0.57742248,0.7333265496,2.35,7.332198e-09,5.839503e-09,5.581358e-09,4.545921e-09,71.82,80.60,6785.91,7615.55,33.40,38.47
2.04462,1,0.0805,0.223,0.172,5.427,5.552,0.9888,0.00881,269.24,55.11,0.5774215199999999,0.7333253303999999,2.35,7.342418e-09,5.85299e-09,5.59288e-09,4.560891e-09,72.14,81.14,6816.50,7666.16,33.58,38.78
2.04488,1,0.0805,0.223,0.172,5.427,5.552,0.9888,0.00881,269.24,55.11,0.57742048,0.7333240096,2.35,7.360957e-09,5.869453e-09,5.606771e-09,4.567482e-09,72.25,80.68,6826.16,7623.31,33.64,38.51
2.04513,1,0.0805,0.223,0.172,5.427,5.552,0.9888,0.00881,269.24,55.11,0.57741948,0.7333227395999999,2.35,7.387615e-09,5.883122e-09,5.617707e-09,4.583208e-09,71.79,81.34,6782.99,7684.98,33.38,38.89
2.04537,1,0.0805,0.223,0.171,5.427,5.552,0.9888,0.00881,269.24,55.11,0.5774185199999999,0.7333215204,2.35,7.410389e-09,5.904978e-09,5.628176e-09,4.588313e-09,72.02,81.01,6804.40,7654.27,33.51,38.70
2.04562,1,0.0806,0.223,0.171,5.427,5.552,0.9888,0.00881,269.24,55.11,0.5774175199999999,0.7333202503999999,2.35,7.430849e-09,5.926066e-09,5.644711e-09,4.601418e-09,72.39,81.08,6840.02,7660.37,33.73,38.74
2.04588,1,0.0806,0.223,0.171,5.427,5.552,0.9888,0.00881,269.24,55.11,0.57741648,0.7333189296,2.35,7.451421e-09,5.945736e-09,5.655862e-09,4.609435e-09,72.59,80.97,6858.61,7650.74,33.84,38.68
2.04612,1,0.0806,0.223,0.171,5.427,5.552,0.9888,0.00881,269.24,55.11,0.57741552,0.7333177103999999,2.35,7.483769e-09,5.965341e-09,5.672091e-09,4.621259e-09,72.22,80.84,6823.47,7638.21,33.63,38.61
2.04637,1,0.0806,0.223,0.171,5.427,5.552,0.9888,0.00881,269.24,55.11,0.5774145199999999,0.7333164403999999,2.35,7.503227e-09,5.987784e-09,5.689295e-09,4.632676e-09,72.63,80.60,6862.64,7615.14,33.87,38.46
2.04663,1,0.0806,0.223,0.171,5.427,5.552,0.9888,0.00881,269.24,55.11,0.5774134799999999,0.7333151196,2.35,7.527135e-09,6.009355e-09,5.701504e-09,4.644318e-09,72.78,80.76,6876.75,7630.18,33.95,38.56
2.04688,1,0.0807,0.223,0.171,5.427,5.552,0.9888,0.00881,269.24,55.11,0.57741248,0.7333138496,2.35,7.562232e-09,6.031919e-09,5.711497e-09,4.654906e-09,72.55,81.09,6854.51,7661.35,33.82,38.75
2.04712,1,0.0807,0.223,0.171,5.427,5.552,0.9888,0.00881,269.24,55.11,0.57741152,0.7333126303999999,2.35,7.584762e-09,6.057391e-09,5.731186e-09,4.661845e-09,72.99,80.24,6896.72,7581.29,34.07,38.26
2.04738,1,0.0807,0.223,0.171,5.427,5.552,0.9888,0.00881,269.24,55.11,0.57741048,0.7333113095999999,2.35,7.614964e-09,6.083087e-09,5.746934e-09,4.675364e-09,73.09,80.30,6905.60,7587.46,34.13,38.29
2.04763,1,0.0807,0.223,0.171,5.427,5.552,0.9888,0.00882,269.24,55.11,0.5774094799999999,0.7333100396,2.35,7.634005e-09,6.103836e-09,5.75844e-09,4.685904e-09,73.42,80.41,6936.89,7597.71,34.32,38.36
2.04787,1,0.0807,0.222,0.171,5.427,5.552,0.9888,0.00882,269.24,55.11,0.57740852,0.7333088204,2.35,7.662008e-09,6.125326e-09,5.776481e-09,4.698602e-09,73.36,80.23,6931.43,7580.13,34.29,38.25
2.04813,1,0.0808,0.222,0.171,5.427,5.552,0.9888,0.00882,269.24,55.11,0.57740748,0.7333074996,2.35,7.690701e-09,6.146812e-09,5.786902e-09,4.709307e-09,73.36,80.53,6931.83,7608.79,34.29,38.43
2.04838,1,0.0808,0.222,0.171,5.427,5.552,0.9888,0.00882,269.24,55.11,0.5774064799999999,0.7333062295999999,2.35,7.752532e-09,6.270485e-09,6.019689e-09,5.573959e-09,77.96,230.43,7366.37,21772.39,36.94,124.98
2.04862,1,0.0808,0.222,0.171,5.427,5.552,0.9888,0.00882,269.24,55.11,0.57740552,0.7333050104000001,2.35,7.734572e-09,6.18887e-09,5.816934e-09,4.734644e-09,73.78,80.61,6971.08,7616.54,34.53,38.47
2.04887,1,0.0808,0.222,0.171,5.427,5.552,0.9888,0.00882,269.24,55.11,0.57740452,0.7333037404,2.35,7.757976e-09,6.209739e-09,5.831454e-09,4.744582e-09,73.91,80.44,6983.13,7600.35,34.60,38.37
2.04913,1,0.0808,0.222,0.171,5.427,5.552,0.9888,0.00882,269.24,55.11,0.57740348,0.7333024196,2.35,7.78225e-09,6.228167e-09,5.848584e-09,4.759058e-09,73.85,80.49,6977.51,7604.97,34.57,38.40
2.04937,1,0.0808,0.222,0.171,5.427,5.552,0.9888,0.00882,269.24,55.11,0.5774025199999999,0.7333012003999999,2.35,7.807421e-09,6.250235e-09,5.860072e-09,4.771552e-09,73.96,80.77,6988.28,7631.98,34.63,38.57
2.04962,1,0.0809,0.222,0.171,5.426,5.552,0.9888,0.00882,269.24,55.11,0.57740152,0.7332999304,2.35,7.824819e-09,6.26682e-09,5.870859e-09,4.781154e-09,74.21,80.95,7011.81,7648.45,34.78,38.67
2.04988,1,0.0809,0.222,0.171,5.426,5.552,0.9888,0.00882,269.24,55.11,0.57740048,0.7332986096,2.35,7.843685e-09,6.280191e-09,5.882273e-09,4.793848e-09,74.11,81.26,7002.07,7677.78,34.72,38.85
2.05012,1,0.0809,0.222,0.170,5.426,5.552,0.9888,0.00882,269.24,55.11,0.5773995199999999,0.7332973904,2.35,7.856388e-09,6.299061e-09,5.894297e-09,4.806732e-09,74.63,81.55,7051.30,7704.92,35.02,39.01
2.05037,1,0.0809,0.222,0.170,5.426,5.552,0.9888,0.00882,269.24,55.11,0.5773985199999999,0.7332961203999999,2.35,7.877635e-09,6.311169e-09,5.911672e-09,4.815063e-09,74.34,81.01,7023.64,7654.62,34.85,38.71
2.05063,1,0.0809,0.222,0.170,5.426,5.552,0.9888,0.00882,269.24,55.11,0.5773974799999999,0.7332947995999999,2.35,7.894361e-09,6.322232e-09,5.914566e-09,4.824842e-09,74.20,81.69,7010.61,7718.63,34.77,39.10
2.05088,1,0.0810,0.222,0.170,5.426,5.552,0.9888,0.00882,269.24,55.11,0.57739648,0.7332935296,2.35,7.906565e-09,6.339291e-09,5.925112e-09,4.833901e-09,74.72,81.83,7059.99,7732.10,35.07,39.18
2.05112,1,0.0810,0.222,0.170,5.426,5.552,0.9888,0.00882,269.24,55.11,0.5773955199999999,0.7332923104,2.35,7.921301e-09,6.350891e-09,5.93518e-09,4.843864e-09,74.71,81.99,7058.79,7747.29,35.06,39.27
2.05138,1,0.0810,0.221,0.170,5.426,5.552,0.9888,0.00882,269.24,55.11,0.5773944799999999,0.7332909895999999,2.35,7.927989e-09,6.359408e-09,5.942176e-09,4.850229e-09,74.89,82.05,7076.11,7752.57,35.17,39.30
2.05163,1,0.0810,0.221,0.170,5.426,5.552,0.9888,0.00882,269.24,55.11,0.57739348,0.7332897196,2.35,7.947061e-09,6.372505e-09,5.954639e-09,4.860165e-09,74.76,82.03,7063.78,7750.51,35.09,39.29
2.05187,1,0.0810,0.221,0.170,5.426,5.552,0.9888,0.00882,269.24,55.11,0.57739252,0.7332885003999999,2.35,7.955163e-09,6.374556e-09,5.955823e-09,4.864439e-09,74.50,82.33,7039.00,7779.29,34.94,39.47
2.05213,1,0.0811,0.221,0.170,5.426,5.552,0.9888,0.00882,269.24,55.11,0.57739148,0.7332871796,2.35,7.964994e-09,6.383935e-09,5.967181e-09,4.869089e-09,74.68,82.01,7056.02,7748.69,35.05,39.28
2.05238,1,0.0811,0.221,0.170,5.426,5.552,0.9888,0.00882,269.24,55.11,0.5773904799999999,0.7332859096,2.35,7.978335e-09,6.396637e-09,5.971753e-09,4.874059e-09,74.80,82.12,7067.20,7759.41,35.12,39.35
2.05262,1,0.0811,0.221,0.170,5.426,5.552,0.9888,0.00882,269.24,55.11,0.57738952,0.7332846904,2.35,7.985387e-09,6.404588e-09,5.97955e-09,4.875381e-09,74.93,81.66,7080.01,7716.00,35.19,39.08
2.05287,1,0.0811,0.221,0.170,5.426,5.552,0.9888,0.00882,269.24,55.11,0.57738852,0.7332834203999999,2.35,7.996277e-09,6.411026e-09,5.986975e-09,4.883437e-09,74.80,81.85,7067.22,7733.17,35.12,39.18
2.05313,1,0.0811,0.221,0.170,5.426,5.552,0.9888,0.00882,269.24,55.11,0.57738748,0.7332820995999999,2.35,8.003598e-09,6.421093e-09,5.994173e-09,4.886978e-09,75.04,81.63,7090.60,7713.22,35.26,39.06
2.05337,1,0.0811,0.221,0.170,5.426,5.552,0.9888,0.00882,269.24,55.11,0.57738652,0.7332808804000001,2.35,8.016899e-09,6.426322e-09,6.005272e-09,4.893782e-09,74.72,81.43,7060.36,7694.11,35.07,38.95
2.05362,1,0.0812,0.221,0.170,5.426,5.552,0.9888,0.00882,269.24,55.11,0.57738552,0.7332796104,2.35,8.02932e-09,6.433971e-09,6.010276e-09,4.899637e-09,74.68,81.69,7056.29,7718.70,35.05,39.10
2.05388,1,0.0812,0.221,0.170,5.426,5.552,0.9888,0.00882,269.24,55.11,0.57738448,0.7332782896,2.35,8.042817e-09,6.448743e-09,6.0234e-09,4.903803e-09,74.91,81.11,7078.15,7663.45,35.18,38.76
2.05412,1,0.0812,0.221,0.170,5.426,5.552,0.9888,0.00882,269.24,55.11,0.5773835199999999,0.7332770703999999,2.35,8.05301e-09,6.460002e-09,6.030817e-09,4.912727e-09,75.09,81.36,7095.25,7687.74,35.29,38.91
2.05437,1,0.0812,0.221,0.170,5.426,5.552,0.9888,0.00882,269.24,55.11,0.57738252,0.7332758004000001,2.35,8.063388e-09,6.475308e-09,6.038226e-09,4.921315e-09,75.51,81.59,7134.13,7709.31,35.52,39.04
2.05463,1,0.0812,0.221,0.169,5.426,5.552,0.9888,0.00882,269.24,55.11,0.57738148,0.7332744796,2.35,8.079228e-09,6.483887e-09,6.048316e-09,4.926075e-09,75.27,81.29,7111.45,7680.53,35.39,38.86
2.05488,1,0.0813,0.220,0.169,5.426,5.552,0.9888,0.00882,269.24,55.11,0.57738048,0.7332732096,2.35,8.10279e-09,6.502231e-09,6.057034e-09,4.936768e-09,75.32,81.70,7116.67,7719.83,35.42,39.10
2.05512,1,0.0813,0.220,0.169,5.426,5.552,0.9888,0.00882,269.24,55.11,0.5773795199999999,0.7332719903999999,2.35,8.111409e-09,6.511576e-09,6.072264e-09,4.945631e-09,75.46,81.39,7130.13,7689.98,35.50,38.92
2.05538,1,0.0813,0.220,0.169,5.426,5.552,0.9888,0.00882,269.24,55.11,0.5773784799999999,0.7332706695999999,2.35,8.136409e-09,6.527663e-09,6.090075e-09,4.957407e-09,75.23,81.15,7108.14,7667.22,35.37,38.78
2.05563,1,0.0813,0.220,0.169,5.426,5.552,0.9888,0.00882,269.24,55.11,0.57737748,0.7332693996,2.35,8.154862e-09,6.544966e-09,6.106319e-09,4.968587e-09,75.38,80.97,7121.89,7650.31,35.45,38.68
2.05587,1,0.0813,0.220,0.169,5.426,5.552,0.9888,0.00882,269.24,55.11,0.57737652,0.7332681804,2.35,8.178342e-09,6.562484e-09,6.122541e-09,4.98111e-09,75.30,80.91,7114.61,7644.74,35.40,38.64
2.05613,1,0.0814,0.220,0.169,5.426,5.552,0.9888,0.00882,269.24,55.11,0.5773754799999999,0.7332668595999999,2.35,8.198042e-09,6.581681e-09,6.134644e-09,4.996437e-09,75.59,81.49,7141.95,7699.41,35.57,38.98
2.05638,1,0.0814,0.220,0.169,5.426,5.552,0.9888,0.00882,269.24,55.11,0.5773744799999999,0.7332655895999999,2.35,8.227233e-09,6.603228e-09,6.15049e-09,5.011695e-09,75.48,81.69,7131.61,7718.94,35.51,39.10
2.05662,1,0.0814,0.220,0.169,5.426,5.552,0.9888,0.00882,269.25,55.11,0.57737352,0.7332643704,2.35,8.25576e-09,6.629701e-09,6.169084e-09,5.019292e-09,75.69,81.04,7151.15,7656.70,35.63,38.72
2.05687,1,0.0814,0.220,0.169,5.426,5.552,0.9888,0.00882,269.25,55.11,0.57737252,0.7332631004,2.35,8.284812e-09,6.655912e-09,6.193419e-09,5.034907e-09,75.85,80.68,7166.90,7622.71,35.72,38.51
2.05713,1,0.0814,0.220,0.169,5.426,5.552,0.9888,0.00882,269.25,55.11,0.5773714799999999,0.7332617795999999,2.35,8.32166e-09,6.681852e-09,6.201549e-09,5.048248e-09,75.64,81.26,7146.97,7677.44,35.60,38.84
2.05737,1,0.0815,0.220,0.169,5.426,5.552,0.9888,0.00882,269.25,55.11,0.57737052,0.7332605604,2.35,8.351766e-09,6.706126e-09,6.22672e-09,5.065453e-09,75.74,81.07,7156.27,7660.13,35.66,38.74
2.05762,1,0.0815,0.220,0.169,5.426,5.552,0.9888,0.00882,269.25,55.11,0.57736952,0.7332592903999999,2.35,8.388364e-09,6.743643e-09,6.245415e-09,5.075809e-09,76.21,80.66,7200.33,7621.07,35.93,38.50
2.05788,1,0.0815,0.220,0.169,5.426,5.552,0.9888,0.00882,269.25,55.11,0.57736848,0.7332579696,2.35,8.433596e-09,6.769647e-09,6.269988e-09,5.094531e-09,75.62,80.55,7144.57,7611.10,35.59,38.44
2.05812,1,0.0815,0.220,0.169,5.426,5.552,0.9888,0.00882,269.25,55.11,0.5773675199999999,0.7332567503999999,2.35,8.468216e-09,6.807165e-09,6.283119e-09,5.103705e-09,76.17,80.43,7196.70,7599.23,35.91,38.37
2.05837,1,0.0815,0.219,0.169,5.426,5.552,0.9888,0.00882,269.25,55.11,0.57736652,0.7332554804,2.35,8.513679e-09,6.841155e-09,6.306905e-09,5.119996e-09,76.02,80.17,7182.64,7574.94,35.82,38.22
2.05863,1,0.0816,0.219,0.169,5.425,5.552,0.9888,0.00882,269.25,55.11,0.57736548,0.7332541596,2.35,8.559326e-09,6.878218e-09,6.330076e-09,5.137626e-09,76.13,80.17,7193.47,7574.96,35.89,38.22
2.05888,1,0.0816,0.219,0.169,5.425,5.552,0.9888,0.00882,269.25,55.11,0.57736448,0.7332528895999999,2.35,8.607394e-09,6.913162e-09,6.349192e-09,5.152458e-09,75.93,80.11,7174.01,7569.63,35.77,38.18
2.05912,1,0.0816,0.219,0.169,5.425,5.552,0.9888,0.00882,269.25,55.11,0.5773635199999999,0.7332516703999999,2.35,8.651944e-09,6.949348e-09,6.373381e-09,5.171547e-09,75.95,80.07,7176.13,7565.43,35.78,38.16
2.05938,1,0.0816,0.219,0.168,5.425,5.552,0.9888,0.00882,269.25,55.11,0.57736248,0.7332503496,2.35,8.704946e-09,6.989753e-09,6.39439e-09,5.184329e-09,75.83,79.73,7165.23,7532.97,35.71,37.96
2.05963,1,0.0816,0.219,0.168,5.425,5.552,0.9888,0.00882,269.25,55.11,0.57736148,0.7332490796,2.35,8.758133e-09,7.035537e-09,6.42147e-09,5.205484e-09,76.00,79.66,7181.17,7526.86,35.81,37.92
2.05987,1,0.0816,0.219,0.168,5.425,5.552,0.9888,0.00882,269.25,55.11,0.5773605199999999,0.7332478603999999,2.35,8.808342e-09,7.078749e-09,6.443106e-09,5.227945e-09,76.16,80.06,7196.04,7564.47,35.90,38.15
2.06013,1,0.0817,0.219,0.168,5.425,5.552,0.9888,0.00882,269.25,55.11,0.5773594799999999,0.7332465396,2.35,8.864272e-09,7.121514e-09,6.4675e-09,5.240379e-09,76.13,79.57,7193.61,7517.73,35.89,37.87
2.06038,1,0.0817,0.219,0.168,5.425,5.552,0.9888,0.00882,269.25,55.11,0.57735848,0.7332452696,2.35,8.926291e-09,7.165169e-09,6.497761e-09,5.272352e-09,75.80,80.16,7162.24,7574.17,35.70,38.21
2.06062,1,0.0817,0.219,0.168,5.425,5.552,0.9888,0.00882,269.25,55.11,0.57735752,0.7332440504,2.35,8.977722e-09,7.208058e-09,6.522571e-09,5.284312e-09,75.89,79.51,7170.33,7512.57,35.74,37.84
2.06087,1,0.0817,0.219,0.168,5.425,5.552,0.9888,0.00882,269.25,55.11,0.5773565199999999,0.7332427803999999,2.35,9.040489e-09,7.255124e-09,6.547484e-09,5.308017e-09,75.71,79.79,7153.68,7538.92,35.64,38.00
2.06113,1,0.0817,0.219,0.168,5.425,5.552,0.9888,0.00882,269.25,55.11,0.5773554799999999,0.7332414595999999,2.35,9.10117e-09,7.302127e-09,6.569208e-09,5.328786e-09,75.62,80.04,7145.28,7562.59,35.59,38.14
2.06137,1,0.0818,0.219,0.168,5.425,5.552,0.9888,0.00882,269.25,55.11,0.57735452,0.7332402404,2.35,9.159459e-09,7.348742e-09,6.602726e-09,5.35e-09,75.71,79.67,7153.26,7527.30,35.64,37.93
2.06162,1,0.0818,0.219,0.168,5.425,5.552,0.9888,0.00882,269.25,55.11,0.57735352,0.7332389704,2.35,9.214905e-09,7.395835e-09,6.632764e-09,5.374162e-09,75.84,79.65,7166.04,7525.99,35.72,37.92
2.06188,1,0.0818,0.218,0.168,5.425,5.552,0.9888,0.00882,269.25,55.11,0.57735248,0.7332376495999999,2.35,9.279239e-09,7.447379e-09,6.662958e-09,5.396232e-09,75.83,79.46,7165.22,7508.03,35.71,37.81
2.06212,1,0.0818,0.218,0.168,5.425,5.552,0.9888,0.00882,269.25,55.11,0.57735152,0.7332364304,2.35,9.341235e-09,7.489652e-09,6.694176e-09,5.423949e-09,75.45,79.65,7129.13,7525.80,35.49,37.92
2.06237,1,0.0818,0.218,0.168,5.425,5.552,0.9888,0.00882,269.25,55.11,0.57735052,0.7332351604,2.35,9.408353e-09,7.533646e-09,6.719422e-09,5.448352e-09,74.96,79.96,7082.56,7554.64,35.21,38.09
2.06263,1,0.0819,0.218,0.168,5.425,5.552,0.9888,0.00882,269.25,55.11,0.57734948,0.7332338396,2.35,9.458303e-09,7.592066e-09,6.748188e-09,5.47e-09,75.98,79.92,7178.61,7551.62,35.79,38.07
2.06288,1,0.0819,0.218,0.168,5.425,5.552,0.9888,0.00882,269.25,55.11,0.5773484799999999,0.7332325695999999,2.35,9.538518e-09,7.765296e-09,6.79933e-09,5.519942e-09,81.79,80.58,7727.56,7613.42,39.15,38.45
2.06312,1,0.0819,0.218,0.168,5.425,5.552,0.9888,0.00882,269.25,55.11,0.57734752,0.7332313504,2.35,9.583857e-09,7.680083e-09,6.819278e-09,5.520852e-09,75.34,79.41,7118.65,7503.02,35.43,37.78
2.06338,1,0.0819,0.218,0.168,5.425,5.552,0.9888,0.00882,269.25,55.11,0.57734648,0.7332300296,2.35,9.64034e-09,7.718326e-09,6.844409e-09,5.539825e-09,75.00,79.31,7086.21,7493.27,35.23,37.72
2.06363,1,0.0819,0.218,0.168,5.425,5.552,0.9888,0.00882,269.25,55.11,0.57734548,0.7332287596,2.35,9.699074e-09,7.765515e-09,6.872445e-09,5.567839e-09,75.01,79.71,7086.96,7531.03,35.23,37.95
2.06387,1,0.0820,0.218,0.168,5.425,5.552,0.9888,0.00882,269.25,55.11,0.5773445199999999,0.7332275403999999,2.35,9.7584e-09,7.807773e-09,6.900282e-09,5.594322e-09,74.85,80.10,7071.78,7568.21,35.14,38.18
2.06413,1,0.0820,0.218,0.167,5.425,5.552,0.9888,0.00882,269.25,55.11,0.5773434799999999,0.7332262195999999,2.35,9.813177e-09,7.850777e-09,6.924874e-09,5.618748e-09,74.81,80.44,7068.45,7600.70,35.12,38.37
2.06438,1,0.0820,0.218,0.167,5.425,5.552,0.9888,0.00882,269.25,55.11,0.57734248,0.7332249496,2.35,9.863418e-09,7.889359e-09,6.95307e-09,5.646798e-09,74.73,80.84,7061.24,7637.79,35.08,38.60
2.06462,1,0.0820,0.218,0.167,5.425,5.552,0.9888,0.00882,269.25,55.11,0.5773415199999999,0.7332237303999999,2.35,9.916123e-09,7.930767e-09,6.984328e-09,5.680018e-09,74.70,81.43,7057.91,7694.28,35.06,38.95
2.06487,1,0.0820,0.218,0.167,5.425,5.552,0.9888,0.00882,269.25,55.11,0.5773405199999999,0.7332224603999999,2.35,9.971181e-09,7.969009e-09,7.01639e-09,5.707836e-09,74.43,81.57,7032.37,7706.89,34.90,39.02
2.06513,1,0.0821,0.218,0.167,5.425,5.552,0.9888,0.00882,269.25,55.11,0.5773394799999999,0.7332211395999999,2.35,1.002458e-08,8.009549e-09,7.044232e-09,5.739533e-09,74.42,82.36,7031.59,7782.03,34.90,39.48
2.06537,1,0.0821,0.217,0.167,5.425,5.552,0.9888,0.00882,269.25,55.11,0.57733852,0.7332199204,2.35,1.006882e-08,8.0463e-09,7.074649e-09,5.769583e-09,74.48,82.77,7037.32,7820.16,34.93,39.72
2.06562,1,0.0821,0.217,0.167,5.425,5.552,0.9888,0.00882,269.25,55.11,0.5773375199999999,0.7332186503999999,2.35,1.011508e-08,8.083143e-09,7.108172e-09,5.799401e-09,74.48,82.96,7036.78,7838.32,34.93,39.83
2.06588,1,0.0821,0.217,0.167,5.425,5.552,0.9888,0.00882,269.25,55.11,0.5773364799999999,0.7332173296,2.35,1.01678e-08,8.120343e-09,7.145834e-09,5.837831e-09,74.25,83.56,7015.58,7894.90,34.80,40.17
2.06612,1,0.0821,0.217,0.167,5.425,5.552,0.9888,0.00882,269.25,55.11,0.57733552,0.7332161104,2.35,1.021174e-08,8.151098e-09,7.177207e-09,5.876055e-09,74.06,84.55,6997.09,7988.43,34.69,40.74
2.06637,1,0.0822,0.217,0.167,5.425,5.552,0.9888,0.00882,269.25,55.11,0.57733452,0.7332148404,2.35,1.024838e-08,8.187543e-09,7.216237e-09,5.912254e-09,74.47,84.99,7036.24,8029.94,34.92,41.00
2.06663,1,0.0822,0.217,0.167,5.425,5.552,0.9888,0.00882,269.25,55.11,0.57733348,0.7332135195999999,2.35,1.029489e-08,8.228937e-09,7.257065e-09,5.945913e-09,74.66,85.00,7054.31,8031.50,35.04,41.01
2.06688,1,0.0822,0.217,0.167,5.425,5.552,0.9888,0.00882,269.25,55.11,0.5773324799999999,0.7332122495999999,2.35,1.033477e-08,8.259281e-09,7.293143e-09,5.979466e-09,74.59,85.32,7047.79,8061.29,35.00,41.19
2.06712,1,0.0822,0.217,0.167,5.425,5.552,0.9888,0.00882,269.25,55.11,0.57733152,0.7332110304,2.35,1.038281e-08,8.295604e-09,7.334875e-09,6.015839e-09,74.50,85.49,7039.04,8077.38,34.94,41.29
2.06738,1,0.0822,0.217,0.167,5.425,5.552,0.9888,0.00882,269.25,55.11,0.57733048,0.7332097096,2.35,1.042794e-08,8.335385e-09,7.370882e-09,6.050005e-09,74.66,85.85,7054.72,8111.93,35.04,41.50
2.06763,1,0.0823,0.217,0.167,5.424,5.552,0.9888,0.00882,269.25,55.11,0.57732948,0.7332084395999999,2.35,1.046699e-08,8.36504e-09,7.410358e-09,6.084417e-09,74.69,86.12,7056.73,8136.78,35.05,41.65
2.06787,1,0.0823,0.217,0.167,5.424,5.552,0.9888,0.00882,269.25,55.11,0.57732852,0.7332072204,2.35,1.050861e-08,8.395159e-09,7.450608e-09,6.116036e-09,74.55,86.00,7043.59,8126.16,34.97,41.58
2.06813,1,0.0823,0.217,0.167,5.424,5.552,0.9888,0.00882,269.25,55.11,0.57732748,0.7332058996,2.35,1.054818e-08,8.432694e-09,7.486184e-09,6.148106e-09,74.81,86.23,7068.28,8147.37,35.12,41.71
2.06838,1,0.0823,0.217,0.167,5.424,5.552,0.9888,0.00882,269.25,55.11,0.57732648,0.7332046296,2.35,1.059643e-08,8.465199e-09,7.53055e-09,6.179698e-09,74.54,85.85,7043.11,8111.80,34.97,41.50
2.06862,1,0.0823,0.217,0.167,5.424,5.552,0.9888,0.00882,269.25,55.11,0.5773255199999999,0.7332034103999999,2.35,1.064346e-08,8.498822e-09,7.569569e-09,6.201486e-09,74.37,85.07,7026.88,8037.87,34.87,41.04
2.06887,1,0.0824,0.217,0.166,5.424,5.552,0.9888,0.00882,269.25,55.11,0.57732452,0.7332021404,2.35,1.068771e-08,8.540546e-09,7.603127e-09,6.22626e-09,74.74,84.97,7061.99,8028.64,35.08,40.99
2.06913,1,0.0824,0.216,0.166,5.424,5.552,0.9888,0.00882,269.25,55.11,0.57732348,0.7332008196,2.35,1.073867e-08,8.566247e-09,7.642287e-09,6.248866e-09,74.09,84.26,7000.51,7961.64,34.71,40.58
2.06937,1,0.0824,0.216,0.166,5.424,5.552,0.9888,0.00882,269.25,55.11,0.57732252,0.7331996004,2.35,1.077527e-08,8.6092e-09,7.676156e-09,6.266358e-09,74.68,83.52,7056.25,7891.18,35.05,40.15
2.06962,1,0.0824,0.216,0.166,5.424,5.552,0.9888,0.00882,269.25,55.11,0.5773215199999999,0.7331983303999999,2.35,1.082433e-08,8.646623e-09,7.711956e-09,6.276529e-09,74.60,82.16,7049.05,7762.86,35.00,39.36
2.06988,1,0.0824,0.216,0.166,5.424,5.552,0.9888,0.00882,269.25,55.11,0.5773204799999999,0.7331970095999999,2.35,1.087791e-08,8.680227e-09,7.741044e-09,6.299106e-09,74.21,82.08,7012.12,7755.61,34.78,39.32
2.07012,1,0.0825,0.216,0.166,5.424,5.552,0.9888,0.00882,269.25,55.11,0.57731952,0.7331957903999999,2.35,1.092577e-08,8.722666e-09,7.770155e-09,6.309979e-09,74.48,81.30,7037.58,7681.25,34.93,38.87
2.07037,1,0.0825,0.216,0.166,5.424,5.552,0.9888,0.00882,269.25,55.11,0.57731852,0.7331945204,2.35,1.097784e-08,8.770697e-09,7.804913e-09,6.324009e-09,74.76,80.34,7063.38,7590.57,35.09,38.31
2.07063,1,0.0825,0.216,0.166,5.424,5.552,0.9888,0.00882,269.25,55.11,0.5773174799999999,0.7331931996,2.35,1.102449e-08,8.817574e-09,7.821489e-09,6.332587e-09,75.16,80.01,7101.86,7560.04,35.33,38.12
2.07088,1,0.0825,0.216,0.166,5.424,5.552,0.9888,0.00882,269.25,55.11,0.5773164799999999,0.7331919295999999,2.35,1.108193e-08,8.856469e-09,7.848977e-09,6.346344e-09,74.87,79.45,7073.75,7507.23,35.15,37.80
2.07112,1,0.0825,0.216,0.166,5.424,5.552,0.9888,0.00882,269.25,55.11,0.57731552,0.7331907104,2.35,1.113334e-08,8.905787e-09,7.870279e-09,6.351753e-09,75.21,78.69,7106.46,7434.99,35.35,37.36
2.07138,1,0.0825,0.216,0.166,5.424,5.552,0.9888,0.00882,269.25,55.11,0.57731448,0.7331893896,2.35,1.119182e-08,8.94987e-09,7.89098e-09,6.360152e-09,75.10,78.16,7095.77,7384.99,35.29,37.06
2.07163,1,0.0826,0.216,0.166,5.424,5.552,0.9888,0.00882,269.25,55.11,0.5773134799999999,0.7331881196,2.35,1.124897e-08,8.990559e-09,7.917282e-09,6.372129e-09,74.98,77.68,7084.63,7339.17,35.22,36.78
2.07187,1,0.0826,0.216,0.166,5.424,5.552,0.9888,0.00882,269.25,55.11,0.57731252,0.7331869004,2.35,1.13153e-08,9.036763e-09,7.928451e-09,6.385631e-09,74.70,77.96,7058.14,7365.84,35.06,36.94
2.07213,1,0.0826,0.216,0.166,5.424,5.552,0.9888,0.00882,269.25,55.11,0.57731148,0.7331855796,2.35,1.138e-08,9.092396e-09,7.954983e-09,6.39513e-09,74.86,77.22,7073.45,7296.24,35.15,36.51
2.07238,1,0.0826,0.216,0.166,5.424,5.552,0.9888,0.00882,269.25,55.11,0.57731048,0.7331843095999999,2.35,1.144995e-08,9.14515e-09,7.975308e-09,6.40687e-09,74.74,76.94,7061.41,7269.63,35.08,36.35
2.07262,1,0.0826,0.215,0.166,5.424,5.552,0.9888,0.00882,269.25,55.11,0.5773095199999999,0.7331830903999998,2.35,1.151843e-08,9.199344e-09,7.996547e-09,6.423186e-09,74.71,76.89,7059.12,7264.95,35.06,36.32
2.07287,1,0.0827,0.215,0.166,5.424,5.552,0.9888,0.00882,269.25,55.11,0.57730852,0.7331818204,2.35,1.158617e-08,9.246703e-09,8.020574e-09,6.438121e-09,74.53,76.72,7042.14,7248.75,34.96,36.22
2.07313,1,0.0827,0.215,0.166,5.424,5.552,0.9888,0.00882,269.25,55.11,0.57730748,0.7331804996,2.35,1.16556e-08,9.304982e-09,8.036866e-09,6.454113e-09,74.65,76.89,7052.91,7265.38,35.03,36.32
2.07337,1,0.0827,0.215,0.166,5.424,5.552,0.9888,0.00882,269.25,55.11,0.5773065199999999,0.7331792803999999,2.35,1.172501e-08,9.363573e-09,8.06247e-09,6.476007e-09,74.77,76.97,7064.80,7272.97,35.10,36.37
2.07362,1,0.0827,0.215,0.165,5.424,5.552,0.9888,0.00882,269.25,55.11,0.5773055199999999,0.7331780103999999,2.35,1.179252e-08,9.42154e-09,8.082799e-09,6.495548e-09,74.94,77.17,7080.30,7291.68,35.19,36.49
2.07388,1,0.0827,0.215,0.165,5.424,5.552,0.9888,0.00882,269.25,55.11,0.57730448,0.7331766896,2.35,1.187431e-08,9.478909e-09,8.109893e-09,6.521834e-09,74.62,77.45,7050.79,7317.47,35.01,36.64
2.07412,1,0.0828,0.215,0.165,5.424,5.552,0.9888,0.00882,269.25,55.11,0.57730352,0.7331754704,2.35,1.194429e-08,9.527861e-09,8.135715e-09,6.544692e-09,74.45,77.67,7034.00,7338.27,34.91,36.77
2.07437,1,0.0828,0.215,0.165,5.424,5.552,0.9888,0.00882,269.26,55.11,0.5773025199999999,0.7331742003999999,2.35,1.201774e-08,9.595509e-09,8.17047e-09,6.569683e-09,74.79,77.49,7066.98,7321.36,35.11,36.67
2.07463,1,0.0828,0.215,0.165,5.424,5.552,0.9888,0.00882,269.26,55.11,0.5773014799999999,0.7331728795999999,2.35,1.207241e-08,9.650132e-09,8.199016e-09,6.600219e-09,75.22,77.94,7107.07,7364.55,35.36,36.93
2.07488,1,0.0828,0.215,0.165,5.424,5.552,0.9888,0.00882,269.26,55.11,0.57730048,0.7331716096,2.35,1.215652e-08,9.706058e-09,8.227056e-09,6.634628e-09,74.78,78.66,7066.04,7432.55,35.11,37.35
2.07512,1,0.0828,0.215,0.165,5.424,5.552,0.9888,0.00882,269.26,55.11,0.57729952,0.7331703904,2.35,1.222681e-08,9.757896e-09,8.264601e-09,6.666813e-09,74.62,78.78,7050.69,7443.55,35.01,37.41
2.07538,1,0.0829,0.215,0.165,5.424,5.552,0.9888,0.00882,269.26,55.11,0.57729848,0.7331690696,2.35,1.229011e-08,9.809192e-09,8.302435e-09,6.703125e-09,74.74,79.23,7061.95,7485.98,35.08,37.67
2.07563,1,0.0829,0.215,0.165,5.424,5.552,0.9888,0.00882,269.26,55.11,0.5772974799999999,0.7331677995999999,2.35,1.235574e-08,9.860718e-09,8.342035e-09,6.728836e-09,74.71,78.85,7058.92,7449.99,35.06,37.45
2.07587,1,0.0829,0.215,0.165,5.424,5.552,0.9888,0.00882,269.26,55.11,0.57729652,0.7331665803999999,2.35,1.243412e-08,9.914737e-09,8.379237e-09,6.771488e-09,74.39,79.62,7028.96,7522.63,34.88,37.90
2.07613,1,0.0829,0.215,0.165,5.424,5.552,0.9888,0.00882,269.26,55.11,0.57729548,0.7331652596,2.35,1.249481e-08,9.962429e-09,8.416717e-09,6.802295e-09,74.37,79.65,7026.52,7525.62,34.86,37.91
2.07638,1,0.0829,0.214,0.165,5.424,5.552,0.9888,0.00882,269.26,55.11,0.5772944799999999,0.7331639896,2.35,1.255952e-08,1.002101e-08,8.45585e-09,6.833235e-09,74.62,79.60,7050.40,7521.28,35.01,37.89
2.07662,1,0.0830,0.214,0.165,5.423,5.552,0.9888,0.00882,269.26,55.11,0.57729352,0.7331627704,2.35,1.261804e-08,1.005689e-08,8.500673e-09,6.860737e-09,74.31,79.17,7021.53,7480.78,34.83,37.64
2.07687,1,0.0830,0.214,0.165,5.423,5.552,0.9888,0.00882,269.26,55.11,0.57729252,0.7331615003999999,2.35,1.267561e-08,1.010597e-08,8.539466e-09,6.894918e-09,74.43,79.35,7032.49,7496.97,34.90,37.74
2.07713,1,0.0830,0.214,0.165,5.423,5.552,0.9888,0.00883,269.26,55.11,0.57729148,0.7331601796,2.35,1.272845e-08,1.014496e-08,8.574324e-09,6.925991e-09,74.32,79.52,7021.77,7513.46,34.84,37.84
2.07737,1,0.0830,0.214,0.165,5.423,5.552,0.9888,0.00883,269.26,55.11,0.5772905199999999,0.7331589604,2.35,1.278272e-08,1.017869e-08,8.615849e-09,6.948687e-09,73.98,78.88,6989.55,7452.95,34.64,37.47
2.07762,1,0.0830,0.214,0.165,5.423,5.552,0.9888,0.00883,269.26,55.11,0.57728952,0.7331576904,2.35,1.282617e-08,1.021145e-08,8.643473e-09,6.970517e-09,73.91,78.85,6983.38,7450.47,34.60,37.45
2.07788,1,0.0831,0.214,0.165,5.423,5.552,0.9888,0.00883,269.26,55.11,0.57728848,0.7331563696,2.35,1.286655e-08,1.02445e-08,8.670489e-09,6.996859e-09,74.03,79.21,6994.79,7484.60,34.67,37.66
2.07812,1,0.0831,0.214,0.165,5.423,5.552,0.9888,0.00883,269.26,55.11,0.5772875199999999,0.7331551503999999,2.35,1.288979e-08,1.026985e-08,8.701031e-09,7.011834e-09,74.27,78.65,7017.74,7431.49,34.81,37.34
2.07837,1,0.0831,0.214,0.165,5.423,5.552,0.9888,0.00883,269.26,55.11,0.5772865199999999,0.7331538803999998,2.35,1.293991e-08,1.030262e-08,8.722401e-09,7.025763e-09,74.02,78.46,6993.82,7413.60,34.66,37.23
2.07863,1,0.0831,0.214,0.164,5.423,5.552,0.9888,0.00883,269.26,55.11,0.5772854799999999,0.7331525595999999,2.35,1.296342e-08,1.031625e-08,8.737878e-09,7.040814e-09,73.85,78.62,6977.30,7428.01,34.56,37.32
2.07888,1,0.0831,0.214,0.164,5.423,5.552,0.9888,0.00883,269.26,55.11,0.57728448,0.7331512896,2.35,1.299296e-08,1.033177e-08,8.755367e-09,7.053877e-09,73.57,78.56,6950.99,7422.43,34.40,37.28
2.07912,1,0.0832,0.214,0.164,5.423,5.552,0.9888,0.00883,269.26,55.11,0.5772835199999999,0.7331500703999999,2.35,1.302139e-08,1.034364e-08,8.766764e-09,7.058033e-09,73.28,78.36,6924.24,7404.21,34.24,37.17
2.07938,1,0.0832,0.214,0.164,5.423,5.552,0.9888,0.00883,269.26,55.11,0.5772824799999999,0.7331487495999999,2.35,1.303232e-08,1.036102e-08,8.777137e-09,7.074931e-09,73.58,78.85,6952.62,7450.38,34.41,37.45
2.07963,1,0.0832,0.214,0.164,5.423,5.552,0.9888,0.00883,269.26,55.11,0.57728148,0.7331474796,2.35,1.303112e-08,1.035895e-08,8.777592e-09,7.075335e-09,73.55,78.85,6948.97,7450.59,34.39,37.46
2.07987,1,0.0832,0.214,0.164,5.423,5.552,0.9888,0.00883,269.26,55.11,0.57728052,0.7331462604,2.35,1.303678e-08,1.035848e-08,8.780205e-09,7.078055e-09,73.37,78.89,6932.75,7453.92,34.29,37.48
2.08012,1,0.0832,0.213,0.164,5.423,5.552,0.9888,0.00883,269.26,55.11,0.5772795199999999,0.7331449903999999,2.35,1.303606e-08,1.034633e-08,8.77722e-09,7.075491e-09,72.97,78.88,6894.83,7452.67,34.06,37.47
2.08038,1,0.0833,0.213,0.164,5.423,5.552,0.9888,0.00883,269.26,55.11,0.5772784799999999,0.7331436695999999,2.35,1.303689e-08,1.034396e-08,8.775112e-09,7.086148e-09,72.96,79.69,6893.31,7529.32,34.05,37.94
2.08062,1,0.0833,0.213,0.164,5.423,5.552,0.9888,0.00883,269.26,55.11,0.57727752,0.7331424504,2.35,1.302737e-08,1.033446e-08,8.768794e-09,7.077742e-09,72.89,79.50,6887.03,7511.10,34.01,37.82
2.08087,1,0.0833,0.213,0.164,5.423,5.552,0.9888,0.00883,269.26,55.11,0.57727652,0.7331411804,2.35,1.301712e-08,1.031527e-08,8.763664e-09,7.079667e-09,72.51,79.85,6851.50,7544.62,33.79,38.03
2.08113,1,0.0833,0.213,0.164,5.423,5.552,0.9888,0.00883,269.26,55.11,0.57727548,0.7331398595999999,2.35,1.300755e-08,1.030337e-08,8.750732e-09,7.084734e-09,72.37,80.77,6837.69,7631.59,33.71,38.56
2.08137,1,0.0833,0.213,0.164,5.423,5.552,0.9888,0.00883,269.26,55.11,0.57727452,0.7331386404,2.35,1.298536e-08,1.027022e-08,8.738987e-09,7.077019e-09,71.84,80.88,6788.18,7641.77,33.41,38.62
2.08162,1,0.0834,0.213,0.164,5.423,5.552,0.9888,0.00883,269.26,55.11,0.57727352,0.7331373704,2.35,1.295057e-08,1.025204e-08,8.73752e-09,7.077534e-09,72.24,81.08,6826.04,7660.61,33.64,38.74
2.08188,1,0.0834,0.213,0.164,5.423,5.552,0.9888,0.00883,269.26,55.11,0.57727248,0.7331360496,2.35,1.292435e-08,1.023129e-08,8.720363e-09,7.07771e-09,72.24,81.94,6826.06,7741.63,33.64,39.23
2.08213,1,0.0834,0.213,0.164,5.423,5.552,0.9888,0.00883,269.26,55.11,0.57727148,0.7331347796,2.35,1.290053e-08,1.019297e-08,8.719915e-09,7.075499e-09,71.59,81.82,6764.07,7730.92,33.26,39.17
2.08237,1,0.0834,0.213,0.164,5.423,5.552,0.9888,0.00883,269.26,55.11,0.57727052,0.7331335604,2.35,1.285647e-08,1.016155e-08,8.709987e-09,7.079985e-09,71.70,82.60,6774.85,7804.23,33.33,39.62
2.08263,1,0.0834,0.213,0.164,5.423,5.552,0.9888,0.00883,269.26,55.11,0.57726948,0.7331322396,2.35,1.282481e-08,1.013125e-08,8.695034e-09,7.068013e-09,71.53,82.61,6758.06,7805.31,33.22,39.62
2.08288,1,0.0835,0.213,0.164,5.423,5.552,0.9888,0.00883,269.26,55.11,0.57726848,0.7331309696,2.35,1.278223e-08,1.010138e-08,8.687027e-09,7.066936e-09,71.74,83.05,6778.18,7846.87,33.35,39.88
2.08312,1,0.0835,0.213,0.164,5.423,5.552,0.9888,0.00883,269.26,55.11,0.5772675199999999,0.7331297504,2.35,1.273171e-08,1.005914e-08,8.67427e-09,7.058451e-09,71.66,83.17,6770.75,7858.17,33.30,39.94
2.08338,1,0.0835,0.213,0.163,5.423,5.552,0.9888,0.00883,269.26,55.11,0.5772664799999999,0.7331284295999999,2.35,1.269453e-08,1.001839e-08,8.666193e-09,7.058696e-09,71.28,83.61,6734.68,7899.54,33.08,40.20
2.08363,1,0.0835,0.212,0.163,5.423,5.552,0.9888,0.00883,269.26,55.11,0.57726548,0.7331271596,2.35,1.26531e-08,9.974101e-09,8.658949e-09,7.046012e-09,70.88,83.17,6697.40,7858.34,32.85,39.95
2.08387,1,0.0835,0.212,0.163,5.423,5.552,0.9888,0.00883,269.26,55.11,0.57726452,0.7331259403999999,2.35,1.260618e-08,9.933427e-09,8.648314e-09,7.038543e-09,70.76,83.25,6685.67,7865.45,32.78,39.99
2.08412,1,0.0835,0.212,0.163,5.423,5.552,0.9888,0.00883,269.26,55.11,0.5772635199999999,0.7331246704,2.35,1.256228e-08,9.905032e-09,8.639927e-09,7.030751e-09,70.97,83.18,6705.46,7859.65,32.90,39.95
2.08438,1,0.0836,0.212,0.163,5.422,5.552,0.9888,0.00883,269.26,55.11,0.5772624799999999,0.7331233495999999,2.35,1.250836e-08,9.864128e-09,8.62506e-09,7.018655e-09,71.11,83.28,6718.66,7869.05,32.98,40.01
2.08462,1,0.0836,0.212,0.163,5.422,5.552,0.9888,0.00883,269.26,55.11,0.57726152,0.7331221304,2.35,1.246892e-08,9.824643e-09,8.604983e-09,7.005012e-09,70.82,83.46,6691.65,7885.33,32.82,40.11
2.08487,1,0.0836,0.212,0.163,5.422,5.552,0.9888,0.00883,269.26,55.11,0.5772605199999999,0.7331208603999999,2.35,1.241653e-08,9.781453e-09,8.59105e-09,6.986516e-09,70.76,83.00,6685.49,7842.15,32.78,39.85
2.08513,1,0.0836,0.212,0.163,5.422,5.552,0.9888,0.00883,269.26,55.11,0.5772594799999999,0.7331195396,2.35,1.23596e-08,9.747964e-09,8.572708e-09,6.9668e-09,71.15,82.69,6722.40,7813.33,33.01,39.67
2.08537,1,0.0836,0.212,0.163,5.422,5.552,0.9888,0.00883,269.26,55.11,0.57725852,0.7331183204,2.35,1.232814e-08,9.70955e-09,8.548574e-09,6.951747e-09,70.68,82.98,6678.13,7840.78,32.74,39.84
2.08562,1,0.0837,0.212,0.163,5.422,5.552,0.9888,0.00883,269.26,55.11,0.57725752,0.7331170504,2.35,1.227788e-08,9.675031e-09,8.528217e-09,6.932513e-09,70.94,82.91,6702.62,7833.93,32.88,39.80
2.08588,1,0.0837,0.212,0.163,5.422,5.552,0.9888,0.00883,269.26,55.11,0.57725648,0.7331157295999999,2.35,1.223036e-08,9.635245e-09,8.497879e-09,6.902241e-09,70.86,82.55,6694.95,7800.04,32.84,39.59
2.08613,1,0.0837,0.212,0.163,5.422,5.552,0.9888,0.00883,269.26,55.11,0.5772554799999999,0.7331144595999999,2.35,1.217968e-08,9.602243e-09,8.465891e-09,6.879291e-09,71.10,82.75,6717.78,7818.39,32.98,39.70
2.08637,1,0.0837,0.212,0.163,5.422,5.552,0.9888,0.00883,269.26,55.11,0.57725452,0.7331132404,2.35,1.212661e-08,9.570975e-09,8.429399e-09,6.844317e-09,71.47,82.41,6753.03,7786.09,33.19,39.50
2.08663,1,0.0837,0.212,0.163,5.422,5.552,0.9888,0.00883,269.26,55.11,0.57725348,0.7331119196,2.35,1.208491e-08,9.532379e-09,8.394818e-09,6.816066e-09,71.27,82.39,6733.97,7785.04,33.08,39.50
2.08688,1,0.0838,0.212,0.163,5.422,5.552,0.9888,0.00883,269.26,55.11,0.57725248,0.7331106495999999,2.35,1.20422e-08,9.502153e-09,8.358787e-09,6.788536e-09,71.48,82.60,6753.65,7804.87,33.20,39.62
2.08712,1,0.0838,0.212,0.163,5.422,5.552,0.9888,0.00883,269.26,55.11,0.5772515199999999,0.7331094303999999,2.35,1.200244e-08,9.470321e-09,8.316706e-09,6.753e-09,71.46,82.52,6752.10,7796.51,33.19,39.57
2.08738,1,0.0838,0.211,0.163,5.422,5.552,0.9888,0.00883,269.26,55.11,0.57725048,0.7331081096000001,2.35,1.196202e-08,9.444384e-09,8.27874e-09,6.713397e-09,71.67,81.94,6771.99,7742.27,33.31,39.24
2.08763,1,0.0838,0.211,0.163,5.422,5.552,0.9888,0.00883,269.26,55.11,0.57724948,0.7331068396,2.35,1.191849e-08,9.411441e-09,8.232884e-09,6.683251e-09,71.72,82.40,6776.87,7785.64,33.34,39.50
2.08787,1,0.0838,0.211,0.163,5.422,5.552,0.9888,0.00883,269.26,55.11,0.5772485199999999,0.7331056203999999,2.35,1.187221e-08,9.392862e-09,8.191135e-09,6.64436e-09,72.38,82.07,6839.05,7754.64,33.72,39.31
2.08812,1,0.0839,0.211,0.163,5.422,5.552,0.9888,0.00883,269.26,55.11,0.57724752,0.7331043504,2.35,1.18385e-08,9.356519e-09,8.149668e-09,6.607613e-09,72.11,81.97,6813.47,7744.56,33.56,39.25
2.08838,1,0.0839,0.211,0.162,5.422,5.552,0.9888,0.00883,269.26,55.11,0.57724648,0.7331030296000001,2.35,1.180048e-08,9.345387e-09,8.101227e-09,6.568258e-09,72.82,81.97,6880.25,7744.47,33.97,39.25
2.08862,1,0.0839,0.211,0.162,5.422,5.552,0.9888,0.00883,269.26,55.11,0.57724552,0.7331018104,2.35,1.175708e-08,9.308676e-09,8.059853e-09,6.530684e-09,72.73,81.70,6871.95,7719.30,33.92,39.10
2.08887,1,0.0839,0.211,0.162,5.422,5.552,0.9888,0.00883,269.26,55.11,0.5772445199999999,0.7331005404,2.35,1.172311e-08,9.29598e-09,8.010892e-09,6.503746e-09,73.27,82.55,6922.73,7799.80,34.23,39.59
2.08913,1,0.0839,0.211,0.162,5.422,5.552,0.9888,0.00883,269.26,55.11,0.5772434799999999,0.7330992195999999,2.35,1.168419e-08,9.269978e-09,7.975538e-09,6.461697e-09,73.45,81.65,6940.30,7715.10,34.34,39.07
2.08937,1,0.0840,0.211,0.162,5.422,5.552,0.9888,0.00883,269.26,55.11,0.57724252,0.7330980004,2.35,1.164107e-08,9.24518e-09,7.926523e-09,6.430345e-09,73.91,82.32,6982.96,7777.54,34.60,39.45
2.08962,1,0.0840,0.211,0.162,5.422,5.552,0.9888,0.00883,269.26,55.11,0.57724152,0.7330967303999999,2.35,1.160736e-08,9.229828e-09,7.885726e-09,6.396341e-09,74.35,82.25,7025.19,7771.69,34.86,39.42
2.08988,1,0.0840,0.211,0.162,5.422,5.552,0.9888,0.00883,269.26,55.11,0.57724048,0.7330954096,2.35,1.156347e-08,9.202827e-09,7.857523e-09,6.367904e-09,74.67,81.87,7054.75,7735.93,35.04,39.20
2.09013,1,0.0840,0.211,0.162,5.422,5.552,0.9888,0.00883,269.26,55.11,0.5772394799999999,0.7330941395999999,2.35,1.153162e-08,9.189854e-09,7.817612e-09,6.347744e-09,75.16,82.71,7101.60,7815.05,35.32,39.68
2.09037,1,0.0840,0.211,0.162,5.422,5.552,0.9888,0.00883,269.26,55.11,0.57723852,0.7330929204,2.35,1.149226e-08,9.171079e-09,7.782413e-09,6.31609e-09,75.67,82.50,7149.94,7794.88,35.62,39.56
2.09063,1,0.0841,0.211,0.162,5.422,5.552,0.9888,0.00883,269.26,55.11,0.57723748,0.7330915995999999,2.35,1.145956e-08,9.140846e-09,7.753496e-09,6.297742e-09,75.59,82.95,7142.42,7837.96,35.57,39.82
2.09088,1,0.0841,0.211,0.162,5.422,5.552,0.9888,0.00883,269.26,55.11,0.5772364799999999,0.7330903296,2.35,1.142343e-08,9.113528e-09,7.725992e-09,6.284353e-09,75.65,83.59,7148.24,7897.88,35.61,40.19
2.09112,1,0.0841,0.210,0.162,5.422,5.552,0.9888,0.00883,269.26,55.11,0.57723552,0.7330891104,2.35,1.138317e-08,9.097241e-09,7.703382e-09,6.267115e-09,76.31,83.67,7209.92,7905.26,35.98,40.23
2.09138,1,0.0841,0.210,0.162,5.422,5.552,0.9888,0.00883,269.26,55.11,0.57723448,0.7330877896,2.35,1.136653e-08,9.062068e-09,7.700293e-09,6.260272e-09,75.40,83.36,7124.29,7876.04,35.46,40.05
2.09163,1,0.0841,0.210,0.162,5.422,5.552,0.9888,0.00883,269.26,55.11,0.57723348,0.7330865195999999,2.35,1.130193e-08,9.042149e-09,7.667276e-09,6.251874e-09,76.72,84.69,7249.18,8002.29,36.22,40.82
2.09187,1,0.0842,0.210,0.162,5.422,5.552,0.9888,0.00883,269.26,55.11,0.5772325199999999,0.7330853003999999,2.35,1.147394e-08,9.011472e-09,7.789958e-09,6.242909e-09,70.25,77.47,6637.79,7319.50,32.49,36.65
2.09212,1,0.0842,0.210,0.162,5.422,5.552,0.9888,0.00883,269.26,55.11,0.57723152,0.7330840304,2.35,1.121226e-08,8.978594e-09,7.621464e-09,6.243581e-09,77.17,86.99,7291.03,8219.02,36.48,42.15
2.09238,1,0.0842,0.210,0.162,5.422,5.552,0.9888,0.00883,269.27,55.11,0.57723048,0.7330827096,2.35,1.118419e-08,8.950669e-09,7.629327e-09,6.243321e-09,76.93,86.47,7268.82,8170.51,36.34,41.85
2.09262,1,0.0842,0.210,0.162,5.422,5.552,0.9888,0.00883,269.27,55.11,0.5772295199999999,0.7330814903999999,2.35,1.112173e-08,8.919189e-09,7.598755e-09,6.242629e-09,77.74,88.37,7345.14,8349.61,36.81,42.95
2.09287,1,0.0842,0.210,0.162,5.422,5.552,0.9888,0.00883,269.27,55.11,0.5772285199999999,0.7330802203999999,2.35,1.107412e-08,8.885418e-09,7.585659e-09,6.250823e-09,77.93,89.90,7363.59,8493.91,36.92,43.83
2.09313,1,0.0843,0.210,0.162,5.421,5.552,0.9888,0.00883,269.27,55.11,0.57722748,0.7330788996000001,2.35,1.102091e-08,8.856882e-09,7.573346e-09,6.255298e-09,78.66,91.22,7432.43,8618.46,37.34,44.59
2.09337,1,0.0843,0.210,0.161,5.421,5.552,0.9888,0.00883,269.27,55.11,0.57722652,0.7330776804,2.35,1.09681e-08,8.81861e-09,7.558607e-09,6.255986e-09,78.86,92.31,7450.75,8721.94,37.46,45.22
2.09362,1,0.0843,0.210,0.161,5.421,5.552,0.9888,0.00883,269.27,55.11,0.5772255199999999,0.7330764103999999,2.35,1.091965e-08,8.770564e-09,7.555704e-09,6.256255e-09,78.44,92.54,7411.55,8743.60,37.22,45.35
2.09388,1,0.0843,0.210,0.161,5.421,5.552,0.9888,0.00883,269.27,55.11,0.5772244799999999,0.7330750895999999,2.35,1.085625e-08,8.732597e-09,7.545551e-09,6.266241e-09,79.04,94.15,7467.84,8895.42,37.56,46.28
2.09413,1,0.0843,0.210,0.161,5.421,5.552,0.9888,0.00883,269.27,55.11,0.57722348,0.7330738196000001,2.35,1.079679e-08,8.692264e-09,7.53855e-09,6.268039e-09,79.39,94.83,7500.91,8959.60,37.76,46.67
2.09437,1,0.0844,0.210,0.161,5.421,5.552,0.9888,0.00883,269.27,55.11,0.57722252,0.7330726004,2.35,1.074824e-08,8.650795e-09,7.520316e-09,6.266539e-09,79.37,96.18,7499.19,9087.75,37.75,47.46
2.09463,1,0.0844,0.210,0.161,5.421,5.552,0.9888,0.00883,269.27,55.11,0.57722148,0.7330712796,2.35,1.069284e-08,8.601346e-09,7.510747e-09,6.267566e-09,79.14,97.02,7477.54,9166.71,37.62,47.94
2.09488,1,0.0844,0.209,0.161,5.421,5.552,0.9888,0.00883,269.27,55.11,0.5772204799999999,0.7330700095999999,2.35,1.062966e-08,8.560997e-09,7.4941e-09,6.263331e-09,79.63,97.92,7524.21,9252.42,37.90,48.46
2.09512,1,0.0844,0.209,0.161,5.421,5.552,0.9888,0.00883,269.27,55.11,0.57721952,0.7330687904,2.35,1.057222e-08,8.521766e-09,7.481679e-09,6.252951e-09,79.97,97.92,7556.24,9252.42,38.10,48.46
2.09538,1,0.0844,0.209,0.161,5.421,5.552,0.9888,0.00883,269.27,55.11,0.57721848,0.7330674696,2.35,1.050721e-08,8.470496e-09,7.458531e-09,6.243288e-09,80.03,98.86,7561.45,9340.64,38.13,49.00
2.09563,1,0.0844,0.209,0.161,5.421,5.552,0.9888,0.00883,269.27,55.11,0.57721748,0.7330661996,2.35,1.044791e-08,8.425253e-09,7.441248e-09,6.228827e-09,80.15,98.86,7573.33,9340.69,38.20,49.00
2.09587,1,0.0845,0.209,0.161,5.421,5.552,0.9888,0.00883,269.27,55.11,0.57721652,0.7330649804,2.35,1.037972e-08,8.376336e-09,7.417746e-09,6.213523e-09,80.55,99.40,7610.78,9392.26,38.43,49.32
2.09612,1,0.0845,0.209,0.161,5.421,5.552,0.9888,0.00883,269.27,55.11,0.57721552,0.7330637104,2.35,1.031755e-08,8.320266e-09,7.390066e-09,6.191129e-09,80.26,99.48,7582.92,9399.67,38.26,49.36
2.09638,1,0.0845,0.209,0.161,5.421,5.552,0.9888,0.00883,269.27,55.11,0.57721448,0.7330623896,2.35,1.025662e-08,8.265171e-09,7.362425e-09,6.16624e-09,79.96,99.31,7554.78,9383.42,38.09,49.26
2.09662,1,0.0845,0.209,0.161,5.421,5.552,0.9888,0.00883,269.27,55.11,0.5772135199999999,0.7330611704,2.35,1.019332e-08,8.22e-09,7.33438e-09,6.137327e-09,80.25,98.77,7582.52,9332.65,38.26,48.95
2.09687,1,0.0845,0.209,0.161,5.421,5.552,0.9888,0.00883,269.27,55.11,0.57721252,0.7330599004,2.35,1.013074e-08,8.168779e-09,7.298463e-09,6.103314e-09,80.21,98.38,7578.90,9295.72,38.24,48.72
2.09713,1,0.0846,0.209,0.161,5.421,5.552,0.9888,0.00883,269.27,55.11,0.57721148,0.7330585796,2.35,1.006219e-08,8.12818e-09,7.264182e-09,6.073164e-09,81.06,98.35,7659.25,9292.84,38.73,48.71
2.09737,1,0.0846,0.209,0.161,5.421,5.552,0.9888,0.00883,269.27,55.11,0.57721052,0.7330573603999999,2.35,1.00052e-08,8.083032e-09,7.2237e-09,6.032763e-09,81.11,97.70,7663.63,9231.65,38.75,48.33
2.09762,1,0.0846,0.209,0.161,5.421,5.552,0.9888,0.00883,269.27,55.11,0.5772095199999999,0.7330560903999999,2.35,9.943799e-09,8.025729e-09,7.189843e-09,5.989684e-09,80.71,96.26,7625.56,9095.29,38.52,47.50
2.09788,1,0.0846,0.209,0.161,5.421,5.552,0.9888,0.00883,269.27,55.11,0.5772084799999999,0.7330547695999999,2.35,9.890582e-09,7.982155e-09,7.146554e-09,5.947913e-09,80.67,95.71,7622.48,9043.30,38.50,47.18
2.09813,1,0.0846,0.209,0.161,5.421,5.552,0.9888,0.00883,269.27,55.11,0.57720748,0.7330534996,2.35,9.818272e-09,7.938467e-09,7.103063e-09,5.904739e-09,81.45,95.04,7696.18,8980.04,38.95,46.80
2.09837,1,0.0847,0.209,0.160,5.421,5.552,0.9888,0.00883,269.27,55.11,0.57720652,0.7330522803999999,2.35,9.76353e-09,7.895638e-09,7.057777e-09,5.857373e-09,81.63,94.23,7712.97,8903.51,39.06,46.33
2.09863,1,0.0847,0.208,0.160,5.421,5.552,0.9888,0.00883,269.27,55.11,0.5772054799999999,0.7330509595999999,2.35,9.70829e-09,7.853603e-09,7.01727e-09,5.809806e-09,81.77,92.92,7726.13,8779.12,39.14,45.57
2.09888,1,0.0847,0.208,0.160,5.421,5.552,0.9888,0.00883,269.27,55.11,0.5772044799999999,0.7330496895999999,2.35,9.65048e-09,7.809264e-09,6.972154e-09,5.764467e-09,81.90,92.17,7738.71,8709.00,39.21,45.14
2.09912,1,0.0847,0.208,0.160,5.421,5.552,0.9888,0.00883,269.27,55.11,0.57720352,0.7330484704,2.35,9.588112e-09,7.767833e-09,6.92993e-09,5.721805e-09,82.41,91.46,7786.20,8641.41,39.50,44.73
2.09938,1,0.0847,0.208,0.160,5.421,5.552,0.9888,0.00883,269.27,55.11,0.57720248,0.7330471496,2.35,9.548737e-09,7.731802e-09,6.895018e-09,5.672345e-09,82.18,89.59,7764.34,8464.78,39.37,43.65
2.09963,1,0.0848,0.208,0.160,5.421,5.552,0.9888,0.00883,269.27,55.11,0.5772014799999999,0.7330458795999999,2.35,9.501279e-09,7.694544e-09,6.849823e-09,5.626891e-09,82.34,88.96,7779.70,8405.06,39.46,43.28
2.09987,1,0.0848,0.208,0.160,5.421,5.552,0.9888,0.00883,269.27,55.11,0.57720052,0.7330446604,2.35,9.448138e-09,7.660733e-09,6.81062e-09,5.587383e-09,82.86,88.31,7829.28,8343.96,39.77,42.91
2.10012,1,0.0848,0.208,0.160,5.421,5.552,0.9888,0.00883,269.27,55.11,0.57719952,0.7330433904,2.35,9.40735e-09,7.628162e-09,6.766563e-09,5.550049e-09,82.89,88.20,7832.00,8334.02,39.78,42.85
2.10038,1,0.0848,0.208,0.160,5.421,5.552,0.9888,0.00883,269.27,55.11,0.57719848,0.7330420696,2.35,9.362428e-09,7.602842e-09,6.735648e-09,5.513473e-09,83.54,87.22,7892.96,8240.74,40.16,42.28
2.10062,1,0.0848,0.208,0.160,5.421,5.552,0.9888,0.00883,269.27,55.11,0.5771975199999999,0.7330408503999999,2.35,9.3167e-09,7.561447e-09,6.701171e-09,5.480925e-09,83.29,86.84,7869.37,8205.05,40.01,42.06
2.10087,1,0.0849,0.208,0.160,5.421,5.552,0.9888,0.00883,269.27,55.11,0.57719652,0.7330395804,2.35,9.279519e-09,7.53731e-09,6.666588e-09,5.448947e-09,83.74,86.62,7912.27,8184.24,40.27,41.93
2.10113,1,0.0849,0.208,0.160,5.421,5.552,0.9888,0.00883,269.27,55.11,0.57719548,0.7330382596,2.35,9.244474e-09,7.507981e-09,6.633627e-09,5.422249e-09,83.69,86.64,7907.43,8186.25,40.24,41.95
2.10137,1,0.0849,0.208,0.160,5.421,5.552,0.9888,0.00883,269.27,55.11,0.5771945199999999,0.7330370404,2.35,9.201601e-09,7.483257e-09,6.610377e-09,5.403513e-09,84.30,86.66,7964.63,8188.47,40.59,41.96
2.10162,1,0.0849,0.208,0.160,5.421,5.552,0.9888,0.00883,269.27,55.11,0.5771935199999999,0.7330357703999999,2.35,9.168728e-09,7.458245e-09,6.581062e-09,5.389774e-09,84.40,87.57,7974.49,8274.45,40.65,42.49
2.10188,1,0.0849,0.208,0.160,5.421,5.552,0.9888,0.00883,269.27,55.11,0.57719248,0.7330344496,2.35,9.140871e-09,7.435695e-09,6.555922e-09,5.374798e-09,84.41,88.08,7975.13,8322.46,40.66,42.78
2.10213,1,0.0850,0.208,0.160,5.420,5.552,0.9888,0.00883,269.27,55.11,0.57719148,0.7330331796,2.35,9.110985e-09,7.417781e-09,6.536512e-09,5.361302e-09,84.90,88.41,8021.58,8353.14,40.94,42.97
2.10237,1,0.0850,0.207,0.160,5.420,5.552,0.9888,0.00883,269.27,55.11,0.5771905199999999,0.7330319604,2.35,9.084725e-09,7.398973e-09,6.52168e-09,5.35628e-09,85.05,89.06,8036.20,8415.13,41.03,43.34
2.10263,1,0.0850,0.207,0.160,5.420,5.552,0.9888,0.00883,269.27,55.11,0.5771894799999999,0.7330306395999999,2.35,9.061173e-09,7.380764e-09,6.509612e-09,5.345575e-09,85.11,88.99,8041.91,8408.15,41.06,43.30
2.10288,1,0.0850,0.207,0.160,5.420,5.552,0.9888,0.00883,269.27,55.11,0.57718848,0.7330293696,2.35,9.036023e-09,7.360652e-09,6.493894e-09,5.343247e-09,85.14,89.99,8044.11,8502.29,41.08,43.88
2.10312,1,0.0850,0.207,0.160,5.420,5.552,0.9888,0.00883,269.27,55.11,0.57718752,0.7330281503999999,2.35,9.013106e-09,7.345692e-09,6.481154e-09,5.33604e-09,85.37,90.30,8066.07,8531.85,41.21,44.06
2.10338,1,0.0851,0.207,0.159,5.420,5.552,0.9888,0.00883,269.27,55.11,0.57718648,0.7330268296,2.35,8.992195e-09,7.341237e-09,6.46875e-09,5.335918e-09,86.27,91.39,8151.50,8634.72,41.73,44.69
2.10363,1,0.0851,0.207,0.159,5.420,5.552,0.9888,0.00883,269.27,55.11,0.5771854799999999,0.7330255595999999,2.35,8.974643e-09,7.322692e-09,6.463735e-09,5.331035e-09,86.00,91.31,8126.02,8627.82,41.58,44.64
2.10387,1,0.0851,0.207,0.159,5.420,5.552,0.9888,0.00883,269.27,55.11,0.57718452,0.7330243404,2.35,8.954496e-09,7.306487e-09,6.451109e-09,5.328361e-09,86.02,92.08,8127.44,8699.93,41.59,45.08
2.10412,1,0.0851,0.207,0.159,5.420,5.552,0.9888,0.00883,269.27,55.11,0.57718352,0.7330230703999999,2.35,8.947008e-09,7.294269e-09,6.44107e-09,5.323348e-09,85.63,92.40,8090.62,8730.83,41.36,45.27
2.10438,1,0.0851,0.207,0.159,5.420,5.552,0.9888,0.00883,269.27,55.11,0.5771824799999999,0.7330217495999999,2.35,8.925221e-09,7.29072e-09,6.436674e-09,5.318578e-09,86.54,92.29,8176.92,8720.09,41.89,45.21
2.10462,1,0.0852,0.207,0.159,5.420,5.552,0.9888,0.00883,269.27,55.11,0.57718152,0.7330205304,2.35,8.909355e-09,7.278554e-09,6.432887e-09,5.308256e-09,86.70,91.68,8191.39,8662.74,41.98,44.86
2.10487,1,0.0852,0.207,0.159,5.420,5.552,0.9888,0.00883,269.27,55.11,0.57718052,0.7330192604,2.35,8.89646e-09,7.273875e-09,6.416681e-09,5.30229e-09,87.08,92.42,8227.57,8732.51,42.20,45.28
2.10513,1,0.0852,0.207,0.159,5.420,5.552,0.9888,0.00883,269.27,55.11,0.57717948,0.7330179396,2.35,8.885613e-09,7.266692e-09,6.410435e-09,5.290352e-09,87.19,91.75,8238.05,8668.57,42.26,44.89
2.10537,1,0.0852,0.207,0.159,5.420,5.552,0.9888,0.00883,269.27,55.11,0.5771785199999999,0.7330167203999999,2.35,8.869497e-09,7.25507e-09,6.398494e-09,5.277601e-09,87.29,91.46,8247.77,8641.43,42.32,44.73
2.10562,1,0.0852,0.207,0.159,5.420,5.552,0.9888,0.00883,269.27,55.11,0.57717752,0.7330154504,2.35,8.85639e-09,7.255031e-09,6.390869e-09,5.26982e-09,88.00,91.31,8315.03,8627.49,42.73,44.64
2.10588,1,0.0853,0.207,0.159,5.420,5.552,0.9888,0.00883,269.27,55.11,0.57717648,0.7330141296,2.35,8.84544e-09,7.244932e-09,6.384567e-09,5.251029e-09,88.03,90.09,8317.60,8511.96,42.75,43.94
2.10613,1,0.0853,0.207,0.159,5.420,5.552,0.9888,0.00883,269.27,55.11,0.57717548,0.7330128596,2.35,8.828934e-09,7.238286e-09,6.371445e-09,5.234218e-09,88.50,89.51,8361.48,8457.19,43.02,43.60
2.10637,1,0.0853,0.206,0.159,5.420,5.552,0.9888,0.00883,269.27,55.11,0.5771745199999999,0.7330116403999999,2.35,8.82456e-09,7.233244e-09,6.360581e-09,5.216578e-09,88.39,88.67,8351.72,8378.33,42.96,43.12
2.10663,1,0.0853,0.206,0.159,5.420,5.552,0.9888,0.00883,269.27,55.11,0.5771734799999999,0.7330103195999998,2.35,8.812195e-09,7.226595e-09,6.341658e-09,5.205971e-09,88.63,89.14,8374.12,8422.52,43.09,43.39
2.10688,1,0.0853,0.206,0.159,5.420,5.552,0.9888,0.00884,269.27,55.11,0.57717248,0.7330090496,2.35,8.799165e-09,7.219749e-09,6.332743e-09,5.18536e-09,88.89,87.88,8398.94,8303.66,43.24,42.66
2.10712,1,0.0853,0.206,0.159,5.420,5.552,0.9888,0.00884,269.27,55.11,0.5771715199999999,0.7330078304,2.35,8.779358e-09,7.209793e-09,6.31729e-09,5.167098e-09,89.33,87.36,8440.00,8254.21,43.50,42.36
2.10738,1,0.0854,0.206,0.159,5.420,5.552,0.9888,0.00884,269.27,55.11,0.5771704799999999,0.7330065095999999,2.35,8.763394e-09,7.198501e-09,6.299115e-09,5.156234e-09,89.56,87.84,8461.83,8299.24,43.63,42.64
2.10763,1,0.0854,0.206,0.159,5.420,5.552,0.9888,0.00884,269.27,55.11,0.57716948,0.7330052396000001,2.35,8.760463e-09,7.191799e-09,6.282273e-09,5.141778e-09,89.26,87.77,8433.63,8293.29,43.46,42.60
2.10787,1,0.0854,0.206,0.159,5.420,5.552,0.9888,0.00884,269.27,55.11,0.57716852,0.7330040204,2.35,8.744648e-09,7.18153e-09,6.267613e-09,5.126693e-09,89.45,87.48,8451.46,8265.88,43.57,42.43
2.10812,1,0.0854,0.206,0.159,5.420,5.552,0.9888,0.00884,269.27,55.11,0.5771675199999999,0.7330027504,2.35,8.727814e-09,7.172066e-09,6.252307e-09,5.111668e-09,89.75,87.25,8480.31,8243.68,43.74,42.30
2.10838,1,0.0854,0.206,0.158,5.420,5.552,0.9888,0.00884,269.27,55.11,0.5771664799999999,0.7330014295999999,2.35,8.711822e-09,7.166148e-09,6.230626e-09,5.098474e-09,90.27,87.68,8528.98,8284.47,44.04,42.55
2.10862,1,0.0855,0.206,0.158,5.420,5.552,0.9888,0.00884,269.27,55.11,0.57716552,0.7330002104,2.35,8.698436e-09,7.152048e-09,6.213379e-09,5.087273e-09,90.15,88.06,8518.20,8320.35,43.97,42.77
2.10887,1,0.0855,0.206,0.158,5.420,5.552,0.9888,0.00884,269.27,55.11,0.57716452,0.7329989403999999,2.35,8.677829e-09,7.138216e-09,6.194072e-09,5.076294e-09,90.38,88.52,8539.14,8364.25,44.10,43.03
2.10913,1,0.0855,0.206,0.158,5.420,5.552,0.9888,0.00884,269.27,55.11,0.57716348,0.7329976196,2.35,8.659669e-09,7.129478e-09,6.179738e-09,5.063768e-09,90.82,88.45,8581.20,8357.13,44.36,42.99
2.10938,1,0.0855,0.206,0.158,5.420,5.552,0.9888,0.00884,269.27,55.11,0.5771624799999999,0.7329963495999999,2.35,8.641598e-09,7.111801e-09,6.158233e-09,5.049e-09,90.62,88.73,8562.13,8383.37,44.24,43.15
2.10962,1,0.0855,0.206,0.158,5.420,5.552,0.9888,0.00884,269.27,55.11,0.57716152,0.7329951304,2.35,8.625783e-09,7.104459e-09,6.140106e-09,5.039473e-09,91.03,89.25,8600.93,8432.93,44.48,43.45
2.10988,1,0.0856,0.206,0.158,5.420,5.552,0.9888,0.00884,269.27,55.11,0.57716048,0.7329938095999999,2.35,8.603648e-09,7.085877e-09,6.120711e-09,5.027286e-09,91.11,89.73,8608.55,8477.88,44.53,43.73
2.11013,1,0.0856,0.205,0.158,5.420,5.552,0.9888,0.00884,269.27,55.11,0.57715948,0.7329925396,2.35,8.5831e-09,7.072529e-09,6.101907e-09,5.016055e-09,91.37,90.15,8632.84,8517.49,44.67,43.97
2.11037,1,0.0856,0.205,0.158,5.420,5.552,0.9888,0.00884,269.28,55.11,0.57715852,0.7329913204,2.35,8.559614e-09,7.055316e-09,6.0858e-09,5.004366e-09,91.53,90.30,8647.74,8532.36,44.76,44.06
2.11063,1,0.0856,0.205,0.158,5.420,5.552,0.9888,0.00884,269.28,55.11,0.57715748,0.7329899996,2.35,8.541228e-09,7.040442e-09,6.069933e-09,4.992198e-09,91.55,90.39,8649.71,8540.83,44.78,44.11
2.11088,1,0.0856,0.205,0.158,5.420,5.552,0.9888,0.00884,269.28,55.11,0.57715648,0.7329887295999999,2.35,8.511065e-09,7.02932e-09,6.05185e-09,4.979806e-09,92.58,90.65,8747.02,8564.85,45.37,44.26
2.11112,1,0.0857,0.205,0.158,5.419,5.552,0.9888,0.00884,269.28,55.11,0.5771555199999999,0.7329875103999999,2.35,8.495032e-09,7.013661e-09,6.03561e-09,4.96523e-09,92.50,90.63,8739.91,8563.03,45.33,44.25
2.11137,1,0.0857,0.205,0.158,5.419,5.552,0.9888,0.00884,269.28,55.11,0.57715452,0.7329862404,2.35,8.573097e-09,7.186442e-09,6.176152e-09,5.308724e-09,101.25,119.57,9566.91,11297.51,50.38,60.95
2.11163,1,0.0857,0.205,0.158,5.419,5.552,0.9888,0.00884,269.28,55.11,0.57715348,0.7329849196,2.35,8.650344e-09,7.363516e-09,6.282035e-09,5.70407e-09,111.80,192.82,10563.08,18218.36,56.46,103.23
2.11187,1,0.0857,0.205,0.158,5.419,5.552,0.9888,0.00884,269.28,55.11,0.57715252,0.7329837003999999,2.35,8.590049e-09,7.42369e-09,6.319294e-09,5.465746e-09,124.35,125.11,11749.34,11820.82,63.71,64.15
2.11212,1,0.0857,0.205,0.158,5.419,5.552,0.9888,0.00884,269.28,55.11,0.5771515199999999,0.7329824303999999,2.35,8.512842e-09,7.313091e-09,6.178044e-09,5.546112e-09,119.09,171.47,11252.16,16201.09,60.67,90.90
2.11238,1,0.0858,0.205,0.158,5.419,5.552,0.9888,0.00884,269.28,55.11,0.5771504799999999,0.7329811095999998,2.35,8.480765e-09,7.237376e-09,6.10449e-09,5.437524e-09,113.85,159.47,10757.35,15067.07,57.65,83.98
2.11262,1,0.0858,0.205,0.158,5.419,5.552,0.9888,0.00884,269.28,55.11,0.57714952,0.7329798904,2.35,8.475144e-09,7.233813e-09,6.094379e-09,5.488382e-09,113.99,177.15,10769.88,16738.06,57.73,94.18
2.11287,1,0.0858,0.205,0.158,5.419,5.552,0.9888,0.00884,269.28,55.11,0.5771485199999999,0.7329786204,2.35,8.439794e-09,7.139899e-09,6.042522e-09,5.298766e-09,107.44,139.35,10151.15,13166.66,53.95,72.37
2.11313,1,0.0858,0.205,0.158,5.419,5.552,0.9888,0.00884,269.28,55.11,0.5771474799999999,0.7329772995999999,2.35,8.415467e-09,7.16307e-09,6.032429e-09,5.313482e-09,111.87,144.56,10570.33,13658.83,56.51,75.37
2.11338,1,0.0858,0.205,0.158,5.419,5.552,0.9888,0.00884,269.28,55.11,0.5771464799999999,0.7329760295999999,2.35,8.392144e-09,7.178369e-09,6.023114e-09,5.289873e-09,115.68,141.11,10929.97,13333.06,58.70,73.38
2.11362,1,0.0859,0.205,0.157,5.419,5.552,0.9888,0.00884,269.28,55.11,0.57714552,0.7329748104,2.35,8.384174e-09,7.083863e-09,6.006993e-09,5.278074e-09,106.69,141.80,10080.48,13398.44,53.52,73.78
2.11388,1,0.0859,0.205,0.157,5.419,5.552,0.9888,0.00884,269.28,55.11,0.57714448,0.7329734896,2.35,8.312364e-09,7.048968e-09,6.005428e-09,5.247206e-09,109.27,135.53,10323.91,12805.30,55.00,70.16
2.11413,1,0.0859,0.204,0.157,5.419,5.552,0.9888,0.00884,269.28,55.11,0.5771434799999999,0.7329722195999999,2.35,8.325984e-09,7.033612e-09,5.961805e-09,5.197164e-09,106.58,133.10,10069.94,12576.06,53.45,68.76
2.11437,1,0.0859,0.204,0.157,5.419,5.552,0.9888,0.00884,269.28,55.11,0.57714252,0.7329710004,2.35,8.300519e-09,7.066308e-09,5.942495e-09,5.250395e-09,112.12,148.56,10593.49,14036.51,56.65,77.68
2.11463,1,0.0859,0.204,0.157,5.419,5.552,0.9888,0.00884,269.28,55.11,0.57714148,0.7329696796,2.35,8.263277e-09,7.023861e-09,5.929427e-09,5.263639e-09,110.98,154.82,10485.63,14628.04,55.99,81.29
2.11488,1,0.0860,0.204,0.157,5.419,5.552,0.9888,0.00884,269.28,55.11,0.57714048,0.7329684096,2.35,8.241887e-09,6.983919e-09,5.95064e-09,5.247326e-09,108.84,146.27,10284.18,13820.66,54.76,76.36
2.11512,1,0.0860,0.204,0.157,5.419,5.552,0.9888,0.00884,269.28,55.11,0.5771395199999999,0.7329671903999999,2.35,8.236058e-09,6.983887e-09,5.961632e-09,5.126682e-09,109.35,120.38,10331.74,11374.07,55.05,61.42
2.11537,1,0.0860,0.204,0.157,5.419,5.552,0.9888,0.00884,269.28,55.11,0.57713852,0.7329659204,2.35,8.258882e-09,6.94387e-09,5.868061e-09,5.091488e-09,103.53,128.54,9781.64,12145.14,51.69,66.13
2.11563,1,0.0860,0.204,0.157,5.419,5.552,0.9888,0.00884,269.28,55.11,0.57713748,0.7329645995999999,2.35,8.19003e-09,6.960132e-09,5.87353e-09,5.143776e-09,110.95,138.19,10483.07,13057.06,55.97,71.70
2.11587,1,0.0860,0.204,0.157,5.419,5.552,0.9888,0.00884,269.28,55.11,0.5771365199999999,0.7329633804,2.35,8.194029e-09,6.973327e-09,5.889475e-09,5.197447e-09,112.00,147.25,10582.06,13912.54,56.58,76.92
2.11612,1,0.0861,0.204,0.157,5.419,5.552,0.9888,0.00884,269.28,55.11,0.57713552,0.7329621104,2.35,8.158271e-09,6.969046e-09,5.883291e-09,5.150811e-09,115.02,138.03,10868.08,13041.37,58.33,71.60
2.11638,1,0.0861,0.204,0.157,5.419,5.552,0.9888,0.00884,269.28,55.11,0.57713448,0.7329607896,2.35,8.148616e-09,6.927152e-09,5.843731e-09,5.047032e-09,111.32,124.34,10517.62,11748.58,56.18,63.70
2.11662,1,0.0861,0.204,0.157,5.419,5.552,0.9888,0.00884,269.28,55.11,0.57713352,0.7329595703999999,2.35,8.104779e-09,6.876167e-09,5.771176e-09,5.029629e-09,109.85,133.13,10379.47,12578.84,55.34,68.78
2.11687,1,0.0861,0.204,0.157,5.419,5.552,0.9888,0.00884,269.28,55.11,0.5771325199999999,0.7329583003999999,2.35,8.090839e-09,6.882114e-09,5.784075e-09,5.045359e-09,111.76,134.06,10559.37,12666.54,56.44,69.31
2.11713,1,0.0861,0.204,0.157,5.419,5.552,0.9888,0.00884,269.28,55.11,0.5771314799999999,0.7329569796,2.35,8.076743e-09,6.864401e-09,5.772545e-09,5.000316e-09,111.14,127.10,10500.77,12008.67,56.08,65.29
2.11738,1,0.0862,0.204,0.157,5.419,5.552,0.9888,0.00884,269.28,55.11,0.57713048,0.7329557096,2.35,8.090031e-09,6.895064e-09,5.774095e-09,5.098043e-09,113.39,148.19,10713.44,14001.35,57.38,77.46
2.11762,1,0.0862,0.204,0.157,5.419,5.552,0.9888,0.00884,269.28,55.11,0.57712952,0.7329544903999999,2.35,8.099525e-09,6.863504e-09,5.758103e-09,4.941842e-09,109.12,118.97,10310.18,11241.03,54.92,60.60
2.11788,1,0.0862,0.203,0.157,5.419,5.552,0.9888,0.00884,269.28,55.11,0.5771284799999999,0.7329531695999999,2.35,8.074254e-09,6.878117e-09,5.747935e-09,4.968219e-09,112.99,125.21,10676.11,11830.10,57.15,64.20
2.11813,1,0.0862,0.203,0.157,5.419,5.552,0.9888,0.00884,269.28,55.11,0.5771274799999999,0.7329518996,2.35,8.075483e-09,6.856133e-09,5.734047e-09,4.970129e-09,110.49,127.84,10439.39,12079.40,55.71,65.72
2.11837,1,0.0862,0.203,0.157,5.419,5.552,0.9888,0.00884,269.28,55.11,0.57712652,0.7329506804,2.35,8.083601e-09,6.918152e-09,5.741227e-09,4.979084e-09,116.64,128.37,11021.00,12129.34,59.26,66.03
2.11863,1,0.0862,0.203,0.157,5.419,5.552,0.9888,0.00884,269.28,55.11,0.57712548,0.7329493596,2.35,8.10395e-09,6.913077e-09,5.746213e-09,5.142412e-09,114.07,167.35,10777.80,15812.38,57.77,88.52
2.11888,1,0.0863,0.203,0.156,5.419,5.552,0.9888,0.00884,269.28,55.11,0.5771244799999999,0.7329480895999999,2.35,8.124424e-09,6.891685e-09,5.754419e-09,5.148409e-09,109.99,167.14,10392.09,15792.18,55.42,88.40
2.11912,1,0.0863,0.203,0.156,5.419,5.552,0.9888,0.00884,269.28,55.11,0.57712352,0.7329468704000001,2.35,8.102409e-09,6.923796e-09,5.740382e-09,5.066727e-09,115.57,147.97,10919.98,13981.01,58.64,77.34
2.11937,1,0.0863,0.203,0.156,5.419,5.552,0.9888,0.00884,269.28,55.11,0.57712252,0.7329456004,2.35,8.095065e-09,6.888185e-09,5.730892e-09,5.048278e-09,112.29,145.50,10609.37,13747.28,56.74,75.91
2.11963,1,0.0863,0.203,0.156,5.419,5.552,0.9888,0.00884,269.28,55.11,0.57712148,0.7329442796,2.35,8.100895e-09,6.890285e-09,5.748745e-09,4.970815e-09,111.97,125.71,10579.90,11877.79,56.56,64.49
2.11987,1,0.0863,0.203,0.156,5.419,5.552,0.9888,0.00884,269.28,55.11,0.5771205199999999,0.7329430603999999,2.35,8.143631e-09,6.968282e-09,5.781707e-09,5.088908e-09,116.64,144.51,11020.66,13654.19,59.26,75.34
2.12012,1,0.0864,0.203,0.156,5.418,5.552,0.9888,0.00884,269.28,55.11,0.57711952,0.7329417904,2.35,8.199976e-09,7.081031e-09,5.911168e-09,5.255446e-09,124.65,157.86,11777.10,14915.58,63.88,83.05
2.12038,1,0.0864,0.203,0.156,5.418,5.552,0.9888,0.00884,269.28,55.11,0.57711848,0.7329404696,2.35,8.216811e-09,7.074845e-09,5.819653e-09,5.248855e-09,122.03,181.12,11529.60,17113.25,62.37,96.47
2.12062,1,0.0864,0.203,0.156,5.418,5.552,0.9888,0.00884,269.28,55.11,0.5771175199999999,0.7329392504,2.35,8.191519e-09,7.026767e-09,5.925754e-09,5.437285e-09,118.83,219.25,11227.23,20715.51,60.52,118.47
2.12087,1,0.0864,0.203,0.156,5.418,5.552,0.9888,0.00884,269.28,55.11,0.5771165199999999,0.7329379803999999,2.35,8.266813e-09,7.135111e-09,5.99001e-09,5.392815e-09,124.18,177.86,11733.27,16805.44,63.61,94.59
2.12113,1,0.0864,0.203,0.156,5.418,5.552,0.9888,0.00884,269.28,55.11,0.57711548,0.7329366596,2.35,8.354244e-09,7.098921e-09,6.046239e-09,5.293839e-09,111.38,138.58,10524.16,13094.00,56.22,71.92
2.12138,1,0.0865,0.203,0.156,5.418,5.552,0.9888,0.00884,269.28,55.11,0.57711448,0.7329353896,2.35,8.420855e-09,7.211747e-09,6.011789e-09,5.185963e-09,117.62,123.83,11112.89,11700.18,59.82,63.41
2.12162,1,0.0865,0.203,0.156,5.418,5.552,0.9888,0.00884,269.28,55.11,0.5771135199999999,0.7329341704,2.35,8.330256e-09,7.263415e-09,6.008461e-09,5.324538e-09,134.25,153.52,12685.07,14505.29,69.42,80.54
2.12188,1,0.0865,0.202,0.156,5.418,5.552,0.9888,0.00884,269.28,55.11,0.5771124799999999,0.7329328495999999,2.35,8.359527e-09,7.167352e-09,6.067224e-09,5.404687e-09,118.55,160.85,11200.78,15198.13,60.36,84.77
2.12213,1,0.0865,0.202,0.156,5.418,5.552,0.9888,0.00884,269.28,55.11,0.57711148,0.7329315796,2.35,8.419287e-09,7.197246e-09,6.015367e-09,5.275521e-09,116.13,140.60,10972.62,13284.76,58.96,73.08
2.12237,1,0.0865,0.202,0.156,5.418,5.552,0.9888,0.00884,269.28,55.11,0.57711052,0.7329303603999999,2.35,8.431702e-09,7.129401e-09,6.107912e-09,5.378868e-09,107.95,145.48,10199.32,13745.70,54.24,75.90
2.12263,1,0.0866,0.202,0.156,5.418,5.552,0.9888,0.00884,269.28,55.11,0.57710948,0.7329290396,2.35,8.37404e-09,7.178732e-09,6.095879e-09,5.302534e-09,118.56,131.94,11202.07,12466.70,60.36,68.09
2.12288,1,0.0866,0.202,0.156,5.418,5.552,0.9888,0.00884,269.28,55.11,0.5771084799999999,0.7329277696,2.35,8.353977e-09,7.346586e-09,5.984019e-09,5.539901e-09,143.96,246.25,13602.47,23266.65,75.03,134.05
2.12312,1,0.0866,0.202,0.156,5.418,5.552,0.9888,0.00884,269.28,55.11,0.57710752,0.7329265504,2.35,8.444398e-09,7.358615e-09,6.142014e-09,5.459743e-09,133.79,157.97,12641.05,14926.07,69.15,83.11
2.12337,1,0.0866,0.202,0.156,5.418,5.552,0.9888,0.00884,269.28,55.11,0.57710652,0.7329252803999999,2.35,8.447676e-09,7.278573e-09,6.11548e-09,5.363714e-09,122.90,140.85,11612.45,13308.01,62.87,73.23
2.12363,1,0.0866,0.202,0.156,5.418,5.552,0.9888,0.00884,269.28,55.11,0.57710548,0.7329239595999999,2.35,8.480215e-09,7.259148e-09,6.119798e-09,5.389334e-09,117.36,145.65,11088.59,13761.52,59.67,76.00
2.12387,1,0.0867,0.202,0.156,5.418,5.552,0.9888,0.00884,269.28,55.11,0.57710452,0.7329227404,2.35,8.453145e-09,7.225329e-09,6.094524e-09,5.318701e-09,116.30,135.49,10988.91,12801.86,59.06,70.13
2.12412,1,0.0867,0.202,0.155,5.418,5.552,0.9888,0.00884,269.28,55.11,0.57710352,0.7329214704,2.35,8.473966e-09,7.199722e-09,6.134261e-09,5.347296e-09,111.67,134.30,10551.53,12689.11,56.39,69.45
2.12438,1,0.0867,0.202,0.155,5.418,5.552,0.9888,0.00884,269.28,55.11,0.57710248,0.7329201496,2.35,8.521503e-09,7.364489e-09,6.199404e-09,5.442486e-09,125.80,142.11,11886.56,13427.67,64.54,73.96
2.12462,1,0.0867,0.202,0.155,5.418,5.552,0.9888,0.00884,269.28,55.11,0.5771015199999999,0.7329189303999999,2.35,8.528434e-09,7.450121e-09,6.157801e-09,5.413854e-09,136.56,143.83,12902.41,13589.92,70.75,74.95
2.12487,1,0.0867,0.202,0.155,5.418,5.552,0.9888,0.00884,269.28,55.11,0.57710052,0.7329176604000001,2.35,8.532718e-09,7.328298e-09,6.158225e-09,5.392567e-09,120.26,139.20,11362.59,13152.64,61.34,72.28
2.12513,1,0.0868,0.202,0.155,5.418,5.552,0.9888,0.00884,269.28,55.11,0.57709948,0.7329163396,2.35,8.592431e-09,7.294969e-09,6.163063e-09,5.385647e-09,111.25,137.08,10511.88,12951.98,56.15,71.05
2.12538,1,0.0868,0.202,0.155,5.418,5.552,0.9888,0.00884,269.28,55.11,0.57709848,0.7329150696,2.35,8.537825e-09,7.237065e-09,6.148553e-09,5.293056e-09,110.09,122.43,10402.00,11567.50,55.48,62.60
2.12562,1,0.0868,0.202,0.155,5.418,5.552,0.9888,0.00884,269.28,55.11,0.5770975199999999,0.7329138503999999,2.35,8.612936e-09,7.147986e-09,6.180004e-09,5.38977e-09,96.55,134.96,9122.47,12751.64,47.66,69.83
2.12588,1,0.0868,0.201,0.155,5.418,5.552,0.9888,0.00884,269.28,55.11,0.5770964799999999,0.7329125295999999,2.35,8.675498e-09,7.171989e-09,6.191247e-09,5.460541e-09,94.38,147.86,8917.91,13970.85,46.41,77.27
2.12613,1,0.0868,0.201,0.155,5.418,5.552,0.9888,0.00884,269.28,55.11,0.57709548,0.7329112596,2.35,8.603982e-09,7.348593e-09,6.21529e-09,5.428736e-09,115.82,136.56,10943.48,12903.27,58.78,70.75
2.12637,1,0.0869,0.201,0.155,5.418,5.552,0.9888,0.00884,269.28,55.11,0.5770945199999999,0.7329100404,2.35,8.69546e-09,7.268732e-09,6.237061e-09,5.422423e-09,100.92,131.85,9535.56,12458.26,50.18,68.04
2.12663,1,0.0869,0.201,0.155,5.418,5.552,0.9888,0.00884,269.28,55.11,0.5770934799999999,0.7329087195999999,2.35,8.619333e-09,7.252381e-09,6.324733e-09,5.377129e-09,105.10,112.41,9930.15,10620.68,52.59,56.81
2.12688,1,0.0869,0.201,0.155,5.418,5.552,0.9888,0.00884,269.28,55.11,0.5770924799999999,0.7329074495999999,2.35,8.607438e-09,7.582633e-09,6.348627e-09,5.679428e-09,146.57,168.12,13848.65,15884.66,76.53,88.96
2.12712,1,0.0869,0.201,0.155,5.418,5.552,0.9888,0.00884,269.28,55.11,0.57709152,0.7329062304,2.35,8.649393e-09,7.706011e-09,6.356845e-09,5.838177e-09,161.81,222.97,15288.70,21067.67,85.32,120.62
2.12737,1,0.0869,0.201,0.155,5.418,5.552,0.9888,0.00884,269.28,55.11,0.5770905199999999,0.7329049604,2.35,8.655901e-09,7.499922e-09,6.327871e-09,5.661626e-09,128.52,168.33,12143.26,15905.08,66.11,89.09
2.12763,1,0.0870,0.201,0.155,5.418,5.552,0.9888,0.00884,269.28,55.11,0.5770894799999999,0.7329036395999999,2.35,8.694717e-09,7.325827e-09,6.390514e-09,5.549159e-09,106.13,130.80,10028.02,12358.76,53.19,67.43
2.12787,1,0.0870,0.201,0.155,5.418,5.552,0.9888,0.00884,269.28,55.11,0.57708852,0.7329024204,2.35,8.72341e-09,7.334334e-09,6.434744e-09,5.539e-09,104.71,122.63,9893.77,11587.09,52.37,62.71
2.12812,1,0.0870,0.201,0.155,5.418,5.552,0.9888,0.00884,269.28,55.11,0.57708752,0.7329011503999999,2.35,8.683678e-09,7.341316e-09,6.474339e-09,5.620744e-09,108.46,130.59,10247.81,12338.68,54.53,67.30
2.12838,1,0.0870,0.201,0.155,5.418,5.552,0.9888,0.00884,269.29,55.11,0.57708648,0.7328998296,2.35,8.762302e-09,7.276908e-09,6.449628e-09,5.762224e-09,97.16,166.24,9179.78,15707.43,48.01,87.88
2.12862,1,0.0870,0.201,0.155,5.418,5.552,0.9888,0.00884,269.29,55.11,0.5770855199999999,0.7328986103999999,2.35,8.709399e-09,7.404164e-09,6.453178e-09,5.708119e-09,112.50,151.94,10629.53,14355.86,56.86,79.62
2.12887,1,0.0871,0.201,0.155,5.417,5.552,0.9888,0.00884,269.29,55.11,0.57708452,0.7328973404,2.35,8.793177e-09,7.727197e-09,6.520596e-09,5.873079e-09,143.92,180.08,13598.71,17015.29,75.00,95.87
2.12913,1,0.0871,0.201,0.155,5.417,5.552,0.9888,0.00884,269.29,55.11,0.57708348,0.7328960196,2.35,8.816781e-09,7.592932e-09,6.5311e-09,5.906016e-09,123.18,187.59,11638.75,17724.78,63.03,100.20
2.12938,1,0.0871,0.201,0.154,5.417,5.552,0.9888,0.00884,269.29,55.11,0.57708248,0.7328947496,2.35,8.736409e-09,7.408411e-09,6.504078e-09,5.675445e-09,110.77,135.99,10465.84,12849.44,55.87,70.42
2.12962,1,0.0871,0.201,0.154,5.417,5.552,0.9888,0.00884,269.29,55.11,0.57708152,0.7328935304,2.35,8.704015e-09,7.223259e-09,6.525452e-09,5.424394e-09,96.86,97.82,9151.58,9242.46,47.84,48.39
2.12988,1,0.0871,0.200,0.154,5.417,5.552,0.9888,0.00884,269.29,55.11,0.57708048,0.7328922096,2.35,8.640905e-09,7.157996e-09,6.377525e-09,5.34729e-09,95.84,103.05,9055.27,9736.93,47.25,51.41
2.13013,1,0.0872,0.200,0.154,5.417,5.552,0.9888,0.00884,269.29,55.11,0.57707948,0.7328909396,2.35,8.584257e-09,7.056687e-09,6.328137e-09,5.244729e-09,91.82,96.23,8676.04,9091.86,44.93,47.47
2.13037,1,0.0872,0.200,0.154,5.417,5.552,0.9888,0.00884,269.29,55.11,0.5770785199999999,0.7328897203999999,2.35,8.615944e-09,7.071463e-09,6.358598e-09,5.267987e-09,91.01,96.01,8599.01,9071.87,44.46,47.35
2.13063,1,0.0872,0.200,0.154,5.417,5.552,0.9888,0.00884,269.29,55.11,0.5770774799999999,0.7328883996,2.35,8.656897e-09,7.106821e-09,6.419202e-09,5.309417e-09,91.13,95.10,8610.81,8985.24,44.54,46.82
2.13088,1,0.0872,0.200,0.154,5.417,5.552,0.9888,0.00884,269.29,55.11,0.57707648,0.7328871296,2.35,1.452937e-08,1.253618e-08,1.540574e-08,9.74728e-09,125.02,34.24,11812.41,3235.24,64.09,11.70
2.13112,1,0.0872,0.200,0.154,5.417,5.552,0.9888,0.00884,269.29,55.11,0.57707552,0.7328859104,2.35,1.864644e-08,1.957487e-08,2.807142e-08,1.266118e-08,-419.09,16.33,-39597.85,1543.07,-249.90,1.37
2.13137,1,0.0873,0.200,0.154,5.417,5.552,0.9888,0.00884,269.29,55.11,0.5770745199999999,0.7328846403999999,2.35,2.463789e-08,1.810801e-08,2.68417e-08,1.463799e-08,55.19,23.87,5214.16,2255.32,23.79,5.72
2.13163,1,0.0873,0.200,0.154,5.417,5.552,0.9888,0.00884,269.29,55.11,0.5770734799999999,0.7328833195999999,2.35,2.005309e-08,2.135905e-08,2.296969e-08,1.704201e-08,-325.47,57.21,-30751.80,5405.73,-195.87,24.96
2.13187,1,0.0873,0.200,0.154,5.417,5.552,0.9888,0.00884,269.29,55.11,0.57707252,0.7328821004,2.35,1.936859e-08,1.546256e-08,1.86501e-08,1.754417e-08,78.78,315.69,7443.28,29827.97,37.40,174.12
2.13212,1,0.0873,0.200,0.154,5.417,5.552,0.9888,0.00884,269.29,55.11,0.57707152,0.7328808304,2.35,2.057754e-08,1.871517e-08,1.712603e-08,1.56762e-08,199.98,215.17,18894.97,20330.22,107.35,116.11
2.13238,1,0.0873,0.200,0.154,5.417,5.552,0.9888,0.00884,269.29,55.11,0.5770704799999999,0.7328795095999999,2.35,1.979967e-08,1.826433e-08,2.377253e-08,1.428259e-08,236.73,29.95,22367.51,2829.84,128.55,9.23
2.13262,1,0.0874,0.200,0.154,5.417,5.552,0.9888,0.00884,269.29,55.11,0.57706952,0.7328782904,2.35,2.372541e-08,1.550861e-08,1.885319e-08,1.763187e-08,37.60,287.62,3552.91,27175.87,13.64,157.92
2.13287,1,0.0874,0.200,0.154,5.417,5.552,0.9888,0.00884,269.29,55.11,0.57706852,0.7328770204,2.35,2.184611e-08,1.905058e-08,1.889619e-08,2.816001e-08,135.77,-60.56,12827.99,-5722.12,70.29,-43.00
2.13313,1,0.0874,0.200,0.154,5.417,5.552,0.9888,0.00884,269.29,55.11,0.57706748,0.7328756996,2.35,2.078012e-08,1.661583e-08,2.455667e-08,1.848874e-08,79.49,60.70,7510.96,5735.63,37.82,26.97
2.13338,1,0.0874,0.200,0.154,5.417,5.552,0.9888,0.00884,269.29,55.11,0.5770664799999999,0.7328744295999999,2.35,1.932905e-08,1.993957e-08,1.766604e-08,1.512816e-08,-650.68,118.76,-61479.51,11220.95,-383.54,60.48
2.13362,1,0.0874,0.200,0.154,5.417,5.552,0.9888,0.00884,269.29,55.11,0.57706552,0.7328732104,2.35,2.26407e-08,1.726809e-08,2.272735e-08,1.364614e-08,64.03,29.94,6050.25,2828.66,28.90,9.22
2.13388,1,0.0875,0.199,0.154,5.417,5.552,0.9888,0.00884,269.29,55.11,0.57706448,0.7328718896,2.35,1.907503e-08,1.771186e-08,1.814611e-08,1.517875e-08,259.14,102.02,24485.13,9639.49,141.49,50.82
2.13413,1,0.0875,0.199,0.154,5.417,5.552,0.9888,0.00884,269.29,55.11,0.57706348,0.7328706196,2.35,3.259354e-08,1.872908e-08,2.265608e-08,1.781608e-08,26.94,73.42,2545.67,6936.73,7.49,34.31
2.13437,1,0.0875,0.199,0.154,5.417,5.552,0.9888,0.00884,269.29,55.11,0.5770625199999999,0.7328694003999999,2.35,2.140253e-08,1.70292e-08,1.862156e-08,1.74402e-08,77.66,294.44,7337.87,27820.02,36.76,161.85
2.13463,1,0.0875,0.199,0.153,5.417,5.552,0.9888,0.00884,269.29,55.11,0.5770614799999999,0.7328680795999999,2.35,2.108436e-08,1.283125e-08,1.678302e-08,1.227925e-08,31.01,54.38,2929.96,5138.14,9.84,23.33
2.13488,1,0.0875,0.199,0.153,5.417,5.552,0.9888,0.00884,269.29,55.11,0.57706048,0.7328668096,2.35,1.950039e-08,1.528729e-08,2.083059e-08,1.443164e-08,72.37,44.98,6838.15,4250.27,33.71,17.90
2.13512,1,0.0876,0.199,0.153,5.417,5.553,0.9888,0.00884,269.29,55.11,0.5770595199999999,0.7328655903999999,2.35,2.679543e-08,1.846569e-08,2.57806e-08,1.827686e-08,44.27,48.64,4182.53,4595.46,17.49,20.01
2.13537,1,0.0876,0.199,0.153,5.417,5.553,0.9888,0.00884,269.29,55.11,0.5770585199999999,0.7328643203999999,2.35,1.899692e-08,1.655046e-08,2.162272e-08,1.413704e-08,135.09,37.71,12763.71,3563.13,69.90,13.71
2.13563,1,0.0876,0.199,0.153,5.417,5.553,0.9888,0.00884,269.29,55.11,0.57705748,0.7328629996,2.35,2.044661e-08,2.004537e-08,2.33603e-08,1.317279e-08,997.59,25.82,94257.24,2439.58,567.61,6.84
2.13587,1,0.0876,0.199,0.153,5.417,5.553,0.9888,0.00884,269.29,55.11,0.57705652,0.7328617803999999,2.35,1.914383e-08,1.781291e-08,1.807451e-08,1.496375e-08,267.25,96.05,25251.54,9075.67,146.16,47.37
2.13612,1,0.0876,0.199,0.153,5.417,5.553,0.9888,0.00884,269.29,55.11,0.5770555199999999,0.7328605103999999,2.35,1.765291e-08,1.554476e-08,1.812611e-08,1.294679e-08,147.24,49.92,13911.93,4716.22,76.91,20.75
2.13638,1,0.0877,0.199,0.153,5.417,5.553,0.9888,0.00884,269.29,55.11,0.5770544799999999,0.7328591896,2.35,2.076999e-08,2.056415e-08,2.940578e-08,2.123906e-08,1997.18,51.99,188703.61,4912.32,1144.43,21.95
2.13662,1,0.0877,0.199,0.153,5.417,5.553,0.9888,0.00885,269.29,55.11,0.57705352,0.7328579704,2.35,2.708919e-08,2.16461e-08,3.452216e-08,2.366268e-08,79.50,43.56,7511.62,4115.80,37.82,17.08
2.13687,1,0.0877,0.199,0.153,5.417,5.553,0.9888,0.00885,269.29,55.11,0.57705252,0.7328567004,2.35,2.028302e-08,1.871688e-08,3.13234e-08,2.485349e-08,238.91,76.79,22573.67,7255.85,129.81,36.26
2.13713,1,0.0877,0.199,0.153,5.417,5.553,0.9888,0.00885,269.29,55.11,0.57705148,0.7328553795999999,2.35,2.204433e-08,1.868694e-08,2.344153e-08,1.787556e-08,111.27,64.20,10513.22,6066.22,56.15,28.99
2.13738,1,0.0877,0.199,0.153,5.417,5.553,0.9888,0.00885,269.29,55.11,0.5770504799999999,0.7328541095999999,2.35,2.052566e-08,1.793664e-08,2.538383e-08,1.668108e-08,138.50,38.32,13085.94,3620.49,71.86,14.06
2.13762,1,0.0878,0.199,0.153,5.416,5.553,0.9888,0.00885,269.29,55.11,0.57704952,0.7328528904,2.35,1.992136e-08,1.534048e-08,2.795662e-08,1.719545e-08,67.02,31.98,6332.61,3021.67,30.62,10.40
2.13788,1,0.0878,0.198,0.153,5.416,5.553,0.9888,0.00885,269.29,55.11,0.57704848,0.7328515696,2.35,1.832247e-08,1.457067e-08,2.826495e-08,1.521791e-08,77.72,23.34,7343.64,2205.54,36.79,5.41
2.13813,1,0.0878,0.198,0.153,5.416,5.553,0.9888,0.00885,269.29,55.11,0.57704748,0.7328502995999999,2.35,1.968286e-08,1.636148e-08,2.504476e-08,2.192602e-08,98.59,140.70,9314.84,13293.89,48.83,73.13
2.13837,1,0.0878,0.198,0.153,5.416,5.553,0.9888,0.00885,269.29,55.11,0.57704652,0.7328490804000001,2.35,2.155061e-08,1.82438e-08,2.315746e-08,2.662025e-08,110.41,-153.85,10432.24,-14536.41,55.66,-96.83
2.13863,1,0.0878,0.198,0.153,5.416,5.553,0.9888,0.00885,269.29,55.11,0.57704548,0.7328477596,2.35,2.209517e-08,1.568422e-08,2.480087e-08,1.796121e-08,48.96,52.55,4626.07,4965.61,20.20,22.27
2.13888,1,0.0879,0.198,0.153,5.416,5.553,0.9888,0.00885,269.29,55.11,0.57704448,0.7328464896,2.35,2.344008e-08,1.607806e-08,2.747206e-08,2.062128e-08,43.76,60.31,4134.29,5698.23,17.19,26.74
2.13912,1,0.0879,0.198,0.153,5.416,5.553,0.9888,0.00885,269.29,55.11,0.5770435199999999,0.7328452703999999,2.35,2.128539e-08,2.147278e-08,3.323219e-08,2.186527e-08,-2295.85,38.54,-216923.41,3641.47,-1332.86,14.18
2.13937,1,0.0879,0.198,0.153,5.416,5.553,0.9888,0.00885,269.29,55.11,0.57704252,0.7328440004,2.35,1.92973e-08,1.872498e-08,2.998853e-08,1.440234e-08,655.52,18.51,61936.55,1749.27,370.21,2.63
2.13963,1,0.0879,0.198,0.153,5.416,5.553,0.9888,0.00885,269.29,55.11,0.57704148,0.7328426796,2.35,1.782412e-08,1.451564e-08,2.42037e-08,1.863481e-08,87.90,67.04,8305.62,6334.62,42.67,30.63
2.13987,1,0.0879,0.198,0.152,5.416,5.553,0.9888,0.00885,269.29,55.11,0.57704052,0.7328414604,2.35,1.522039e-08,1.322217e-08,1.747178e-08,1.50873e-08,132.58,126.78,12526.96,11978.55,68.45,65.10
2.14012,1,0.0880,0.198,0.152,5.416,5.553,0.9888,0.00885,269.29,55.11,0.5770395199999999,0.7328401903999999,2.35,9.729748e-09,7.880836e-09,7.694908e-09,6.246299e-09,85.50,86.49,8078.58,8172.42,41.28,41.86
2.14038,1,0.0880,0.198,0.152,5.416,5.553,0.9888,0.00885,269.29,55.11,0.5770384799999999,0.7328388695999999,2.35,9.726169e-09,7.859888e-09,7.682002e-09,6.238881e-09,84.48,86.72,7982.12,8193.75,40.69,41.99
2.14062,1,0.0880,0.198,0.152,5.416,5.553,0.9888,0.00885,269.29,55.11,0.57703752,0.7328376503999999,2.35,9.729222e-09,7.863307e-09,7.693729e-09,6.25003e-09,84.53,86.84,7987.16,8205.11,40.72,42.06
2.14087,1,0.0880,0.198,0.152,5.416,5.553,0.9888,0.00885,269.29,55.11,0.5770365199999999,0.7328363804,2.35,9.740818e-09,7.858335e-09,7.707556e-09,6.267119e-09,83.74,87.27,7911.86,8246.18,40.26,42.31
2.14113,1,0.0880,0.198,0.152,5.416,5.553,0.9888,0.00885,269.29,55.11,0.5770354799999999,0.7328350596,2.35,9.754837e-09,7.863126e-09,7.7297e-09,6.293027e-09,83.38,87.87,7878.06,8301.96,40.06,42.65
2.14138,1,0.0881,0.198,0.152,5.416,5.553,0.9888,0.00885,269.29,55.11,0.5770344799999999,0.7328337895999999,2.35,9.756242e-09,7.858519e-09,7.758375e-09,6.326867e-09,83.16,88.76,7857.40,8386.21,39.93,43.16
2.14162,1,0.0881,0.198,0.152,5.416,5.553,0.9888,0.00885,269.29,55.11,0.57703352,0.7328325703999999,2.35,9.763648e-09,7.848023e-09,7.77212e-09,6.346803e-09,82.27,89.42,7773.57,8449.18,39.42,43.55
2.14188,1,0.0881,0.198,0.152,5.416,5.553,0.9888,0.00885,269.29,55.11,0.57703248,0.7328312496,2.35,9.759753e-09,7.84561e-09,7.797175e-09,6.371824e-09,82.31,89.77,7777.20,8482.29,39.44,43.75
2.14213,1,0.0881,0.197,0.152,5.416,5.553,0.9888,0.00885,269.29,55.11,0.5770314799999999,0.7328299796,2.35,9.765281e-09,7.840772e-09,7.822232e-09,6.400656e-09,81.81,90.42,7730.16,8542.87,39.15,44.12
2.14237,1,0.0881,0.197,0.152,5.416,5.553,0.9888,0.00885,269.29,55.11,0.57703052,0.7328287604,2.35,9.760084e-09,7.82899e-09,7.845038e-09,6.416987e-09,81.41,90.23,7692.22,8525.83,38.92,44.01
2.14262,1,0.0882,0.197,0.152,5.416,5.553,0.9888,0.00885,269.29,55.11,0.57702952,0.7328274904,2.35,9.755703e-09,7.820463e-09,7.870798e-09,6.432761e-09,81.24,89.93,7676.06,8497.05,38.82,43.84
2.14288,1,0.0882,0.197,0.152,5.416,5.553,0.9888,0.00885,269.29,55.11,0.57702848,0.7328261695999999,2.35,9.754118e-09,7.815056e-09,7.892852e-09,6.45649e-09,81.02,90.37,7655.64,8538.34,38.70,44.09
2.14312,1,0.0882,0.197,0.152,5.416,5.553,0.9888,0.00885,269.29,55.11,0.5770275199999999,0.7328249503999998,2.35,9.74424e-09,7.809e-09,7.926357e-09,6.473929e-09,81.12,89.61,7664.81,8466.70,38.75,43.65
2.14337,1,0.0882,0.197,0.152,5.416,5.553,0.9888,0.00885,269.29,55.11,0.57702652,0.7328236804,2.35,9.738118e-09,7.799015e-09,7.95361e-09,6.4907e-09,80.86,89.20,7639.76,8427.81,38.60,43.41
2.14363,1,0.0882,0.197,0.152,5.416,5.553,0.9888,0.00885,269.29,55.11,0.57702548,0.7328223596,2.35,9.726702e-09,7.792118e-09,7.968148e-09,6.497452e-09,80.97,88.82,7650.84,8391.92,38.67,43.19
2.14387,1,0.0883,0.197,0.152,5.416,5.553,0.9888,0.00885,269.29,55.11,0.5770245199999999,0.7328211403999999,2.35,9.717954e-09,7.778183e-09,7.994765e-09,6.508873e-09,80.70,88.16,7625.35,8330.11,38.51,42.82
2.14412,1,0.0883,0.197,0.152,5.416,5.553,0.9888,0.00885,269.29,55.11,0.57702352,0.7328198704000001,2.35,9.703703e-09,7.757895e-09,8.020995e-09,6.522314e-09,80.24,87.59,7581.86,8276.08,38.25,42.49
2.14438,1,0.0883,0.197,0.152,5.416,5.553,0.9888,0.00885,269.29,55.11,0.57702248,0.7328185496,2.35,9.691616e-09,7.743408e-09,8.03651e-09,6.53077e-09,80.00,87.29,7558.38,8247.96,38.10,42.32
2.14463,1,0.0883,0.197,0.152,5.416,5.553,0.9888,0.00885,269.29,55.11,0.57702148,0.7328172796,2.35,9.684674e-09,7.732555e-09,8.050985e-09,6.534641e-09,79.72,86.73,7532.67,8195.13,37.95,41.99
2.14487,1,0.0883,0.197,0.152,5.416,5.553,0.9888,0.00885,269.29,55.11,0.5770205199999999,0.7328160603999999,2.35,9.663025e-09,7.713949e-09,8.06392e-09,6.533166e-09,79.66,85.90,7526.27,8116.15,37.91,41.51
2.14513,1,0.0884,0.197,0.152,5.415,5.553,0.9888,0.00885,269.29,55.11,0.5770194799999999,0.7328147395999999,2.35,9.647468e-09,7.709041e-09,8.085301e-09,6.542887e-09,80.13,85.47,7571.35,8075.90,38.18,41.26
2.14538,1,0.0884,0.197,0.151,5.416,5.553,0.9888,0.00885,269.29,55.11,0.57701848,0.7328134696,2.35,9.631681e-09,7.692119e-09,8.094525e-09,6.544248e-09,79.91,85.06,7550.68,8037.01,38.06,41.03
2.14562,1,0.0884,0.197,0.151,5.416,5.553,0.9888,0.00885,269.29,55.11,0.57701752,0.7328122504,2.35,9.619852e-09,7.68135e-09,8.103341e-09,6.546463e-09,79.85,84.73,7544.24,8005.64,38.02,40.84
2.14588,1,0.0884,0.197,0.151,5.416,5.553,0.9888,0.00885,269.29,55.11,0.5770164799999999,0.7328109295999999,2.35,9.599306e-09,7.660924e-09,8.116197e-09,6.541979e-09,79.64,83.74,7524.64,7912.04,37.90,40.26
2.14613,1,0.0884,0.196,0.151,5.416,5.553,0.9888,0.00885,269.29,55.11,0.5770154799999999,0.7328096595999999,2.35,9.586701e-09,7.651268e-09,8.11744e-09,6.547002e-09,79.66,84.00,7526.23,7936.78,37.91,40.42
2.14637,1,0.0885,0.196,0.151,5.415,5.553,0.9888,0.00885,269.29,55.11,0.57701452,0.7328084403999999,2.35,9.567069e-09,7.63469e-09,8.121512e-09,6.550093e-09,79.70,84.08,7530.29,7944.52,37.93,40.46
2.14662,1,0.0885,0.196,0.151,5.415,5.553,0.9888,0.00885,269.30,55.11,0.57701352,0.7328071704,2.35,9.553747e-09,7.61804e-09,8.132734e-09,6.54854e-09,79.39,83.38,7500.94,7878.59,37.75,40.06
2.14688,1,0.0885,0.196,0.151,5.415,5.553,0.9888,0.00885,269.30,55.11,0.5770124799999999,0.7328058496,2.35,9.533117e-09,7.607008e-09,8.138246e-09,6.554678e-09,79.67,83.50,7527.41,7889.09,37.92,40.12
2.14712,1,0.0885,0.196,0.151,5.415,5.553,0.9888,0.00885,269.30,55.11,0.57701152,0.7328046304,2.35,9.510843e-09,7.587476e-09,8.146928e-09,6.558428e-09,79.58,83.28,7518.78,7869.10,37.86,40.00
2.14737,1,0.0885,0.196,0.151,5.415,5.553,0.9888,0.00885,269.30,55.11,0.57701052,0.7328033603999999,2.35,9.491032e-09,7.573846e-09,8.145416e-09,6.554938e-09,79.69,83.14,7529.47,7855.13,37.93,39.92
2.14763,1,0.0886,0.196,0.151,5.415,5.553,0.9888,0.00885,269.30,55.11,0.57700948,0.7328020396,2.35,9.472251e-09,7.561447e-09,8.156523e-09,6.562561e-09,79.91,83.14,7550.76,7855.92,38.06,39.92
2.14787,1,0.0886,0.196,0.151,5.415,5.553,0.9888,0.00885,269.30,55.11,0.5770085199999999,0.7328008203999999,2.35,9.461382e-09,7.543771e-09,8.156227e-09,6.561913e-09,79.45,83.12,7506.37,7853.41,37.79,39.91
2.14812,1,0.0886,0.196,0.151,5.415,5.553,0.9888,0.00885,269.30,55.11,0.57700752,0.7327995504,2.35,9.439106e-09,7.531678e-09,8.163176e-09,6.564604e-09,79.74,82.93,7534.34,7835.70,37.96,39.80
2.14838,1,0.0886,0.196,0.151,5.415,5.553,0.9888,0.00885,269.30,55.11,0.57700648,0.7327982296,2.35,9.431342e-09,7.520818e-09,8.168009e-09,6.578183e-09,79.50,83.56,7511.29,7895.11,37.82,40.16
2.14863,1,0.0886,0.196,0.151,5.415,5.553,0.9888,0.00885,269.30,55.11,0.57700548,0.7327969595999999,2.35,9.407196e-09,7.515141e-09,8.175461e-09,6.580972e-09,80.21,83.35,7578.88,7875.36,38.23,40.04
2.14887,1,0.0887,0.196,0.151,5.415,5.553,0.9888,0.00885,269.30,55.11,0.5770045199999999,0.7327957404,2.35,9.393959e-09,7.498413e-09,8.177002e-09,6.573316e-09,79.98,82.87,7556.58,7829.89,38.09,39.76
2.14913,1,0.0887,0.196,0.151,5.415,5.553,0.9888,0.00885,269.30,55.11,0.57700348,0.7327944196,2.35,9.373882e-09,7.483293e-09,8.175156e-09,6.583406e-09,80.02,83.62,7561.12,7900.71,38.12,40.19
2.14938,1,0.0887,0.196,0.151,5.415,5.553,0.9888,0.00885,269.30,55.11,0.57700248,0.7327931496,2.35,9.364014e-09,7.473764e-09,8.186534e-09,6.58195e-09,79.94,82.93,7552.85,7835.79,38.07,39.80
2.14962,1,0.0887,0.196,0.151,5.415,5.553,0.9888,0.00885,269.30,55.11,0.5770015199999999,0.7327919303999999,2.35,9.336174e-09,7.457028e-09,8.183331e-09,6.581174e-09,80.23,83.05,7580.46,7846.73,38.24,39.86
2.14988,1,0.0887,0.196,0.151,5.415,5.553,0.9888,0.00885,269.30,55.11,0.5770004799999999,0.7327906095999999,2.35,9.328439e-09,7.443919e-09,8.183743e-09,6.584945e-09,79.86,83.27,7545.56,7867.72,38.03,39.99
2.15013,1,0.0888,0.195,0.151,5.415,5.553,0.9888,0.00885,269.30,55.11,0.57699948,0.7327893396,2.35,9.311437e-09,7.432999e-09,8.191468e-09,6.585833e-09,80.09,83.02,7567.01,7843.70,38.16,39.85
2.15037,1,0.0888,0.195,0.151,5.415,5.553,0.9888,0.00885,269.30,55.11,0.57699852,0.7327881204,2.35,9.293802e-09,7.421307e-09,8.192439e-09,6.580283e-09,80.21,82.61,7579.09,7805.39,38.23,39.61
2.15062,1,0.0888,0.195,0.151,5.415,5.553,0.9888,0.00885,269.30,55.11,0.5769975199999999,0.7327868503999999,2.35,9.278705e-09,7.416514e-09,8.190387e-09,6.580292e-09,80.61,82.72,7616.10,7815.40,38.46,39.67
2.15088,1,0.0888,0.195,0.150,5.415,5.553,0.9888,0.00885,269.30,55.11,0.5769964799999999,0.7327855295999999,2.35,9.257411e-09,7.401966e-09,8.188272e-09,6.577384e-09,80.74,82.64,7629.18,7808.48,38.54,39.63
2.15112,1,0.0888,0.195,0.150,5.415,5.553,0.9888,0.00885,269.30,55.11,0.57699552,0.7327843104,2.35,9.244963e-09,7.390729e-09,8.187521e-09,6.567245e-09,80.67,82.04,7622.57,7751.27,38.50,39.28
2.15137,1,0.0889,0.195,0.150,5.415,5.553,0.9888,0.00885,269.30,55.11,0.57699452,0.7327830404,2.35,9.228808e-09,7.373894e-09,8.188955e-09,6.565362e-09,80.55,81.94,7610.96,7741.91,38.43,39.22
2.15163,1,0.0889,0.195,0.150,5.415,5.553,0.9888,0.00885,269.30,55.11,0.57699348,0.7327817195999999,2.35,9.214941e-09,7.362857e-09,8.182483e-09,6.561482e-09,80.55,82.02,7611.18,7749.70,38.43,39.27
2.15187,1,0.0889,0.195,0.150,5.415,5.553,0.9888,0.00885,269.30,55.11,0.57699252,0.7327805004,2.35,9.191803e-09,7.348329e-09,8.179457e-09,6.55416e-09,80.77,81.71,7631.64,7720.60,38.55,39.09
2.15212,1,0.0889,0.195,0.150,5.415,5.553,0.9888,0.00885,269.30,55.11,0.57699152,0.7327792304,2.35,9.164504e-09,7.328129e-09,8.17028e-09,6.542421e-09,80.86,81.44,7640.09,7694.64,38.60,38.94
2.15238,1,0.0889,0.195,0.150,5.415,5.553,0.9888,0.00885,269.30,55.11,0.57699048,0.7327779096,2.35,9.151624e-09,7.323195e-09,8.168114e-09,6.543899e-09,81.16,81.64,7668.12,7713.64,38.77,39.05
2.15263,1,0.0890,0.195,0.150,5.415,5.553,0.9888,0.00885,269.30,55.11,0.5769894799999999,0.7327766396,2.35,9.132691e-09,7.303439e-09,8.156993e-09,6.535263e-09,80.99,81.75,7652.57,7723.93,38.68,39.11
2.15287,1,0.0890,0.195,0.150,5.415,5.553,0.9888,0.00885,269.30,55.11,0.57698852,0.7327754204,2.35,9.109125e-09,7.278303e-09,8.145684e-09,6.523019e-09,80.64,81.55,7619.70,7705.01,38.48,39.00
2.15313,1,0.0890,0.195,0.150,5.415,5.553,0.9888,0.00885,269.30,55.11,0.57698748,0.7327740996000001,2.35,9.074938e-09,7.257629e-09,8.136563e-09,6.51444e-09,81.01,81.47,7654.55,7697.45,38.69,38.95
2.15338,1,0.0890,0.195,0.150,5.415,5.553,0.9888,0.00885,269.30,55.11,0.57698648,0.7327728296,2.35,9.047723e-09,7.243866e-09,8.126713e-09,6.504691e-09,81.46,81.35,7697.01,7686.41,38.95,38.89
2.15362,1,0.0890,0.195,0.150,5.415,5.553,0.9888,0.00885,269.30,55.11,0.5769855199999999,0.7327716103999999,2.35,9.029518e-09,7.219933e-09,8.121219e-09,6.495554e-09,80.94,81.05,7647.29,7658.41,38.65,38.71
2.15388,1,0.0891,0.195,0.150,5.414,5.553,0.9888,0.00885,269.30,55.11,0.5769844799999999,0.7327702895999999,2.35,8.995906e-09,7.195553e-09,8.103437e-09,6.483518e-09,81.17,81.28,7669.14,7679.94,38.78,38.85
2.15413,1,0.0891,0.195,0.150,5.414,5.553,0.9888,0.00885,269.30,55.11,0.57698348,0.7327690196,2.35,8.965016e-09,7.165199e-09,8.092554e-09,6.474866e-09,80.85,81.29,7639.06,7680.27,38.60,38.85
2.15437,1,0.0891,0.194,0.150,5.414,5.553,0.9888,0.00885,269.30,55.11,0.5769825199999999,0.7327678003999999,2.35,8.93185e-09,7.142996e-09,8.074525e-09,6.463202e-09,81.09,81.46,7661.69,7696.34,38.73,38.95
2.15462,1,0.0891,0.194,0.150,5.414,5.553,0.9888,0.00885,269.30,55.11,0.5769815199999999,0.7327665304,2.35,8.898501e-09,7.115974e-09,8.058604e-09,6.4632e-09,81.07,82.27,7659.79,7773.13,38.72,39.41
2.15488,1,0.0891,0.194,0.150,5.414,5.553,0.9888,0.00885,269.30,55.11,0.5769804799999999,0.7327652095999999,2.35,8.859309e-09,7.084627e-09,8.039188e-09,6.433793e-09,81.07,81.38,7659.76,7689.61,38.72,38.90
2.15512,1,0.0892,0.194,0.150,5.414,5.553,0.9888,0.00885,269.30,55.11,0.57697952,0.7327639904,2.35,8.814834e-09,7.044043e-09,8.012534e-09,6.406236e-09,80.87,81.08,7641.17,7660.94,38.61,38.73
2.15537,1,0.0892,0.194,0.150,5.414,5.553,0.9888,0.00885,269.30,55.11,0.5769785199999999,0.7327627203999999,2.35,8.786389e-09,7.008073e-09,7.994172e-09,6.393661e-09,80.12,81.21,7569.98,7673.54,38.17,38.81
2.15563,1,0.0892,0.194,0.150,5.414,5.553,0.9888,0.00885,269.30,55.11,0.5769774799999999,0.7327613996,2.35,8.750088e-09,6.983274e-09,7.974614e-09,6.38471e-09,80.35,81.64,7592.30,7713.92,38.31,39.05
2.15587,1,0.0892,0.194,0.150,5.414,5.553,0.9888,0.00885,269.30,55.11,0.57697652,0.7327601804,2.35,8.70289e-09,6.954253e-09,7.959133e-09,6.374095e-09,80.85,81.76,7639.34,7724.74,38.60,39.12
2.15612,1,0.0892,0.194,0.150,5.414,5.553,0.9888,0.00885,269.30,55.11,0.57697552,0.7327589104,2.35,8.668508e-09,6.915116e-09,7.938383e-09,6.359869e-09,80.18,81.91,7575.75,7739.35,38.21,39.21
2.15638,1,0.0893,0.194,0.149,5.414,5.553,0.9888,0.00885,269.30,55.11,0.57697448,0.7327575895999999,2.35,8.626984e-09,6.883318e-09,7.916972e-09,6.341208e-09,80.35,81.91,7591.83,7739.14,38.31,39.21
2.15663,1,0.0893,0.194,0.149,5.414,5.553,0.9888,0.00885,269.30,55.11,0.5769734799999999,0.7327563195999999,2.35,8.586033e-09,6.842202e-09,7.891846e-09,6.327389e-09,79.86,82.32,7545.77,7778.09,38.03,39.44
2.15687,1,0.0893,0.194,0.149,5.414,5.553,0.9888,0.00885,269.30,55.11,0.57697252,0.7327551004,2.35,8.541049e-09,6.80681e-09,7.868571e-09,6.306247e-09,79.89,82.16,7548.25,7762.68,38.04,39.35
2.15713,1,0.0893,0.194,0.149,5.414,5.553,0.9888,0.00885,269.30,55.11,0.57697148,0.7327537796,2.35,8.490881e-09,6.763254e-09,7.848725e-09,6.283103e-09,79.68,81.68,7528.66,7717.90,37.92,39.08
2.15738,1,0.0893,0.194,0.149,5.414,5.553,0.9888,0.00885,269.30,55.11,0.57697048,0.7327525095999999,2.35,8.447032e-09,6.727467e-09,7.822914e-09,6.262722e-09,79.63,81.70,7523.93,7719.64,37.89,39.09
2.15762,1,0.0894,0.194,0.149,5.414,5.553,0.9888,0.00885,269.30,55.11,0.57696952,0.7327512904,2.35,8.407258e-09,6.690663e-09,7.801305e-09,6.243038e-09,79.42,81.64,7504.09,7713.49,37.77,39.05
2.15788,1,0.0894,0.194,0.149,5.414,5.553,0.9888,0.00885,269.30,55.11,0.57696848,0.7327499696,2.35,8.35311e-09,6.648228e-09,7.771253e-09,6.225076e-09,79.46,82.04,7507.73,7751.44,37.79,39.28
2.15813,1,0.0894,0.194,0.149,5.414,5.553,0.9888,0.00885,269.30,55.11,0.57696748,0.7327486996,2.35,8.314042e-09,6.609348e-09,7.750081e-09,6.201091e-09,79.00,81.57,7464.64,7707.55,37.53,39.01
2.15837,1,0.0894,0.194,0.149,5.414,5.553,0.9888,0.00885,269.30,55.11,0.5769665199999999,0.7327474803999999,2.35,8.264513e-09,6.569169e-09,7.724206e-09,6.177806e-09,78.96,81.40,7460.18,7691.47,37.50,38.92
2.15862,1,0.0894,0.193,0.149,5.414,5.553,0.9888,0.00885,269.30,55.11,0.57696552,0.7327462104,2.35,8.213418e-09,6.521156e-09,7.69538e-09,6.15958e-09,78.52,81.72,7418.78,7721.33,37.25,39.10
2.15888,1,0.0895,0.193,0.149,5.414,5.553,0.9888,0.00885,269.30,55.11,0.57696448,0.7327448896000001,2.35,8.170777e-09,6.486534e-09,7.665137e-09,6.134793e-09,78.56,81.77,7422.80,7726.29,37.27,39.13
2.15912,1,0.0895,0.193,0.149,5.414,5.553,0.9888,0.00885,269.30,55.11,0.57696352,0.7327436704,2.35,8.119413e-09,6.442323e-09,7.643036e-09,6.113323e-09,78.36,81.52,7403.65,7702.42,37.16,38.98
2.15937,1,0.0895,0.193,0.149,5.414,5.553,0.9888,0.00885,269.30,55.11,0.5769625199999999,0.7327424003999999,2.35,8.07577e-09,6.405635e-09,7.611528e-09,6.094396e-09,78.24,81.94,7392.15,7742.25,37.09,39.23
2.15963,1,0.0895,0.193,0.149,5.414,5.553,0.9888,0.00885,269.30,55.11,0.5769614799999999,0.7327410795999999,2.35,8.025792e-09,6.361666e-09,7.587555e-09,6.074883e-09,77.98,81.92,7367.92,7740.22,36.94,39.21
2.15987,1,0.0895,0.193,0.149,5.414,5.553,0.9888,0.00885,269.30,55.11,0.57696052,0.7327398603999999,2.35,7.983595e-09,6.322324e-09,7.565411e-09,6.055617e-09,77.63,81.82,7334.93,7730.38,36.74,39.15
2.16012,1,0.0896,0.193,0.149,5.414,5.553,0.9888,0.00885,269.30,55.11,0.57695952,0.7327385903999999,2.35,7.937353e-09,6.285142e-09,7.537134e-09,6.027173e-09,77.68,81.51,7339.96,7701.79,36.77,38.98
2.16038,1,0.0896,0.193,0.149,5.414,5.553,0.9888,0.00885,269.30,55.11,0.5769584799999999,0.7327372696,2.35,7.893055e-09,6.25185e-09,7.511305e-09,6.007525e-09,77.79,81.58,7350.04,7708.24,36.83,39.02
2.16063,1,0.0896,0.193,0.149,5.414,5.553,0.9888,0.00885,269.30,55.11,0.5769574799999999,0.7327359995999999,2.35,7.857176e-09,6.238938e-09,7.516258e-09,6.009668e-09,78.73,81.46,7438.96,7696.61,37.37,38.95
2.16087,1,0.0896,0.193,0.149,5.414,5.553,0.9888,0.00885,269.30,55.11,0.57695652,0.7327347804,2.35,7.824869e-09,6.208361e-09,7.491474e-09,6.01197e-09,78.43,82.98,7410.42,7840.51,37.20,39.82
2.16113,1,0.0896,0.193,0.149,5.414,5.553,0.9888,0.00885,269.30,55.11,0.57695548,0.7327334595999999,2.35,7.773573e-09,6.164385e-09,7.46016e-09,5.982681e-09,78.23,82.69,7391.40,7813.01,37.08,39.66
2.16138,1,0.0897,0.193,0.149,5.414,5.553,0.9888,0.00885,269.30,55.11,0.5769544799999999,0.7327321896,2.35,7.74019e-09,6.138465e-09,7.432856e-09,5.975559e-09,78.35,83.83,7402.85,7920.59,37.15,40.31
2.16162,1,0.0897,0.193,0.149,5.414,5.553,0.9888,0.00885,269.30,55.11,0.57695352,0.7327309704,2.35,7.694346e-09,6.112713e-09,7.408573e-09,5.95637e-09,79.01,83.85,7465.44,7922.85,37.53,40.33
2.16188,1,0.0897,0.193,0.148,5.414,5.553,0.9888,0.00885,269.30,55.11,0.57695248,0.7327296496,2.35,7.659347e-09,6.094133e-09,7.403851e-09,5.973519e-09,79.60,85.38,7521.19,8067.56,37.88,41.21
2.16213,1,0.0897,0.193,0.148,5.414,5.553,0.9888,0.00885,269.30,55.11,0.57695148,0.7327283795999999,2.35,7.611197e-09,6.045952e-09,7.362933e-09,5.935266e-09,78.97,85.00,7461.58,8030.86,37.51,40.99
2.16237,1,0.0897,0.193,0.148,5.414,5.553,0.9888,0.00885,269.30,55.11,0.5769505199999999,0.7327271603999999,2.35,7.593113e-09,6.025967e-09,7.349434e-09,5.918999e-09,78.61,84.60,7427.90,7993.35,37.31,40.76
2.16262,1,0.0898,0.193,0.148,5.413,5.553,0.9888,0.00885,269.30,55.11,0.57694952,0.7327258904,2.35,7.55987e-09,6.00529e-09,7.341962e-09,5.907612e-09,79.07,84.30,7470.55,7965.04,37.57,40.59
2.16288,1,0.0898,0.192,0.148,5.413,5.553,0.9888,0.00885,269.30,55.11,0.57694848,0.7327245696,2.35,7.531703e-09,5.986762e-09,7.329821e-09,5.896366e-09,79.31,84.19,7493.60,7954.46,37.71,40.52
2.16312,1,0.0898,0.192,0.148,5.413,5.553,0.9888,0.00885,269.30,55.11,0.5769475199999999,0.7327233503999999,2.35,7.489242e-09,5.956827e-09,7.303453e-09,5.876582e-09,79.56,84.29,7517.07,7964.35,37.85,40.58
2.16337,1,0.0898,0.192,0.148,5.413,5.553,0.9888,0.00885,269.30,55.11,0.5769465199999999,0.7327220803999999,2.35,7.45858e-09,5.910754e-09,7.272603e-09,5.835562e-09,78.16,83.11,7384.67,7852.78,37.04,39.90
2.16363,1,0.0898,0.192,0.148,5.413,5.553,0.9888,0.00885,269.30,55.11,0.57694548,0.7327207596,2.35,7.42105e-09,5.892588e-09,7.232875e-09,5.809584e-09,78.90,83.54,7455.24,7893.35,37.47,40.15
2.16387,1,0.0899,0.192,0.148,5.413,5.553,0.9888,0.00885,269.30,55.11,0.57694452,0.7327195404,2.35,7.399133e-09,5.887127e-09,7.219865e-09,5.811479e-09,79.78,84.55,7537.76,7988.36,37.98,40.73
2.16412,1,0.0899,0.192,0.148,5.413,5.553,0.9888,0.00885,269.30,55.11,0.5769435199999999,0.7327182703999999,2.35,7.374589e-09,5.853888e-09,7.211371e-09,5.78904e-09,78.87,83.39,7452.35,7879.49,37.45,40.06
2.16438,1,0.0899,0.192,0.148,5.413,5.553,0.9888,0.00885,269.30,55.11,0.5769424799999999,0.7327169495999999,2.35,7.346532e-09,5.830179e-09,7.165104e-09,5.753484e-09,78.78,83.51,7443.45,7890.52,37.40,40.13
2.16463,1,0.0899,0.192,0.148,5.413,5.553,0.9888,0.00885,269.31,55.11,0.57694148,0.7327156796000001,2.35,7.318467e-09,5.817473e-09,7.140737e-09,5.728672e-09,79.41,83.12,7503.22,7854.02,37.76,39.91
2.16487,1,0.0899,0.192,0.148,5.413,5.553,0.9888,0.00885,269.31,55.11,0.57694052,0.7327144604,2.35,7.295835e-09,5.806626e-09,7.127609e-09,5.721163e-09,79.89,83.35,7548.50,7875.06,38.04,40.04
2.16513,1,0.0900,0.192,0.148,5.413,5.553,0.9888,0.00885,269.31,55.11,0.57693948,0.7327131396,2.35,7.259085e-09,5.783669e-09,7.090011e-09,5.688068e-09,80.41,83.22,7597.37,7863.37,38.34,39.96
2.16538,1,0.0900,0.192,0.148,5.413,5.553,0.9888,0.00885,269.31,55.11,0.5769384799999999,0.7327118695999999,2.35,7.241041e-09,5.754989e-09,7.06126e-09,5.653572e-09,79.44,82.38,7505.59,7783.78,37.78,39.48
2.16562,1,0.0900,0.192,0.148,5.413,5.553,0.9888,0.00885,269.31,55.11,0.57693752,0.7327106503999999,2.35,7.216801e-09,5.751183e-09,7.037881e-09,5.647694e-09,80.49,83.33,7605.20,7873.58,38.39,40.03
2.16588,1,0.0900,0.192,0.148,5.413,5.553,0.9888,0.00885,269.31,55.11,0.57693648,0.7327093296,2.35,7.194394e-09,5.737945e-09,7.022558e-09,5.635138e-09,80.81,83.31,7635.46,7871.74,38.57,40.01
2.16613,1,0.0900,0.192,0.148,5.413,5.553,0.9888,0.00885,269.31,55.11,0.57693548,0.7327080596,2.35,7.182652e-09,5.72986e-09,7.010063e-09,5.621299e-09,80.90,83.03,7643.90,7844.81,38.62,39.85
2.16637,1,0.0901,0.192,0.148,5.413,5.553,0.9888,0.00886,269.31,55.11,0.57693452,0.7327068404,2.35,7.166729e-09,5.720667e-09,6.988916e-09,5.60799e-09,81.24,83.39,7675.65,7879.39,38.82,40.06
2.16662,1,0.0901,0.192,0.148,5.413,5.553,0.9888,0.00886,269.31,55.11,0.57693352,0.7327055704,2.35,7.150166e-09,5.714691e-09,6.973587e-09,5.59685e-09,81.75,83.48,7724.18,7887.66,39.11,40.11
2.16688,1,0.0901,0.192,0.148,5.413,5.553,0.9888,0.00886,269.31,55.11,0.57693248,0.7327042496,2.35,7.138306e-09,5.7053e-09,6.9525e-09,5.588606e-09,81.76,84.14,7724.78,7950.21,39.12,40.49
2.16712,1,0.0901,0.191,0.148,5.413,5.553,0.9888,0.00886,269.31,55.11,0.5769315199999999,0.7327030304,2.35,7.122201e-09,5.701053e-09,6.937583e-09,5.578926e-09,82.37,84.32,7783.06,7966.64,39.47,40.59
2.16737,1,0.0901,0.191,0.148,5.413,5.553,0.9888,0.00886,269.31,55.11,0.57693052,0.7327017604,2.35,7.110465e-09,5.692627e-09,6.923078e-09,5.564774e-09,82.44,84.12,7789.70,7948.50,39.51,40.48
2.16763,1,0.0902,0.191,0.147,5.413,5.553,0.9888,0.00886,269.31,55.11,0.57692948,0.7327004396,2.35,7.097677e-09,5.689086e-09,6.907121e-09,5.558008e-09,83.03,84.69,7845.02,8002.16,39.85,40.81
2.16787,1,0.0902,0.191,0.147,5.413,5.553,0.9888,0.00886,269.31,55.11,0.57692852,0.7326992203999999,2.35,7.082043e-09,5.682977e-09,6.897668e-09,5.543309e-09,83.50,84.14,7889.94,7950.08,40.13,40.49
2.16812,1,0.0902,0.191,0.147,5.413,5.553,0.9888,0.00886,269.31,55.11,0.5769275199999999,0.7326979503999999,2.35,7.075549e-09,5.674551e-09,6.879014e-09,5.53482e-09,83.27,84.65,7867.38,7997.93,39.99,40.79
2.16838,1,0.0902,0.191,0.147,5.413,5.553,0.9888,0.00886,269.31,55.11,0.5769264799999999,0.7326966295999999,2.35,7.063655e-09,5.672367e-09,6.868574e-09,5.52468e-09,83.81,84.51,7919.24,7985.06,40.30,40.71
2.16863,1,0.0902,0.191,0.147,5.413,5.553,0.9888,0.00886,269.31,55.11,0.57692548,0.7326953596,2.35,7.051769e-09,5.667084e-09,6.849716e-09,5.520719e-09,84.14,85.40,7949.59,8068.78,40.49,41.22
2.16887,1,0.0903,0.191,0.147,5.413,5.553,0.9888,0.00886,269.31,55.11,0.5769245199999999,0.7326941403999999,2.35,7.03993e-09,5.666491e-09,6.834154e-09,5.517688e-09,84.91,86.26,8022.71,8150.12,40.94,41.71
2.16913,1,0.0903,0.191,0.147,5.413,5.553,0.9888,0.00886,269.31,55.11,0.5769234799999999,0.7326928195999999,2.35,7.028161e-09,5.658294e-09,6.822201e-09,5.503014e-09,85.01,85.85,8032.00,8111.68,40.99,41.48
2.16938,1,0.0903,0.191,0.147,5.413,5.553,0.9888,0.00886,269.31,55.11,0.57692248,0.7326915496,2.35,7.018728e-09,5.653864e-09,6.807797e-09,5.494289e-09,85.25,86.09,8055.13,8133.83,41.13,41.61
2.16962,1,0.0903,0.191,0.147,5.413,5.553,0.9888,0.00886,269.31,55.11,0.57692152,0.7326903304,2.35,7.01671e-09,5.651406e-09,6.79323e-09,5.484079e-09,85.19,86.21,8049.03,8145.74,41.10,41.69
2.16988,1,0.0903,0.191,0.147,5.413,5.553,0.9888,0.00886,269.31,55.11,0.57692048,0.7326890095999999,2.35,6.99851e-09,5.64477e-09,6.777158e-09,5.471264e-09,85.82,86.23,8108.25,8146.97,41.46,41.69
2.17013,1,0.0904,0.191,0.147,5.413,5.553,0.9888,0.00886,269.31,55.11,0.5769194799999999,0.7326877395999999,2.35,6.986419e-09,5.639027e-09,6.764412e-09,5.457662e-09,86.23,86.05,8147.16,8130.37,41.70,41.59
2.17037,1,0.0904,0.191,0.147,5.413,5.553,0.9888,0.00886,269.31,55.11,0.57691852,0.7326865204,2.35,6.984065e-09,5.6373e-09,6.758607e-09,5.447526e-09,86.24,85.61,8148.46,8088.46,41.70,41.34
2.17062,1,0.0904,0.191,0.147,5.413,5.553,0.9888,0.00886,269.31,55.11,0.57691752,0.7326852504,2.35,6.970217e-09,5.631132e-09,6.746065e-09,5.440507e-09,86.64,85.86,8186.22,8112.21,41.93,41.48
2.17088,1,0.0904,0.191,0.147,5.413,5.553,0.9888,0.00886,269.31,55.11,0.57691648,0.7326839296,2.35,6.974331e-09,5.678686e-09,6.752672e-09,5.524901e-09,90.30,92.71,8532.14,8759.98,44.05,45.44
2.17112,1,0.0904,0.191,0.147,5.413,5.553,0.9888,0.00886,269.31,55.11,0.5769155199999999,0.7326827103999999,2.35,6.9691e-09,5.712138e-09,6.764499e-09,5.610178e-09,93.63,100.13,8846.52,9461.20,45.97,49.72
2.17137,1,0.0905,0.190,0.147,5.412,5.553,0.9888,0.00886,269.31,55.11,0.57691452,0.7326814403999999,2.35,6.966177e-09,5.695404e-09,6.744137e-09,5.565774e-09,92.44,97.42,8733.95,9204.51,45.28,48.15
2.17163,1,0.0905,0.190,0.147,5.412,5.553,0.9888,0.00886,269.31,55.11,0.57691348,0.7326801196,2.35,6.950873e-09,5.681848e-09,6.715889e-09,5.523127e-09,92.34,95.50,8725.16,9023.71,45.22,47.05
2.17188,1,0.0905,0.190,0.147,5.412,5.553,0.9888,0.00886,269.31,55.11,0.57691248,0.7326788496,2.35,6.944636e-09,5.6651e-09,6.686055e-09,5.506537e-09,91.32,96.29,8627.98,9097.63,44.63,47.50
2.17212,1,0.0905,0.190,0.147,5.412,5.553,0.9888,0.00886,269.31,55.11,0.57691152,0.7326776304,2.35,6.934756e-09,5.646545e-09,6.680706e-09,5.451022e-09,90.40,91.43,8541.81,8638.50,44.11,44.70
2.17238,1,0.0905,0.190,0.147,5.412,5.553,0.9888,0.00886,269.31,55.11,0.57691048,0.7326763096,2.35,6.921064e-09,5.643876e-09,6.64982e-09,5.467453e-09,91.14,95.37,8611.46,9011.29,44.53,46.97
2.17263,1,0.0906,0.190,0.147,5.412,5.553,0.9888,0.00886,269.31,55.11,0.57690948,0.7326750396,2.35,6.910387e-09,5.640374e-09,6.637711e-09,5.431522e-09,91.70,92.98,8664.28,8784.94,44.85,45.59
2.17287,1,0.0906,0.190,0.147,5.412,5.553,0.9888,0.00886,269.31,55.11,0.5769085199999999,0.7326738204,2.35,6.905771e-09,5.629626e-09,6.617876e-09,5.440638e-09,91.09,95.42,8606.22,9016.09,44.50,47.00
2.17313,1,0.0906,0.190,0.147,5.412,5.553,0.9888,0.00886,269.31,55.11,0.5769074799999999,0.7326724995999999,2.35,6.890474e-09,5.624252e-09,6.609174e-09,5.401798e-09,91.71,92.38,8665.38,8728.28,44.86,45.24
2.17338,1,0.0906,0.190,0.146,5.412,5.553,0.9888,0.00886,269.31,55.11,0.57690648,0.7326712296,2.35,6.882642e-09,5.625438e-09,6.596367e-09,5.403108e-09,92.39,93.50,8729.80,8834.11,45.25,45.89
2.17362,1,0.0906,0.190,0.146,5.412,5.553,0.9888,0.00886,269.31,55.11,0.57690552,0.7326700103999999,2.35,6.878714e-09,5.609405e-09,6.573647e-09,5.368879e-09,91.25,92.02,8621.90,8694.29,44.59,45.04
2.17387,1,0.0907,0.190,0.146,5.412,5.553,0.9888,0.00886,269.31,55.11,0.5769045199999999,0.7326687404,2.35,6.866766e-09,5.610662e-09,6.548541e-09,5.360639e-09,92.33,93.28,8724.09,8813.89,45.22,45.77
2.17413,1,0.0907,0.190,0.146,5.412,5.553,0.9888,0.00886,269.31,55.11,0.5769034799999999,0.7326674195999999,2.35,6.867016e-09,5.602315e-09,6.52374e-09,5.338631e-09,91.57,93.12,8651.90,8798.40,44.78,45.67
2.17437,1,0.0907,0.190,0.146,5.412,5.553,0.9888,0.00886,269.31,55.11,0.57690252,0.7326662004,2.35,6.859301e-09,5.58958e-09,6.520189e-09,5.318069e-09,91.00,91.45,8598.10,8640.48,44.45,44.71
2.17462,1,0.0907,0.190,0.146,5.412,5.553,0.9888,0.00886,269.31,55.11,0.57690152,0.7326649303999999,2.35,6.849902e-09,5.594023e-09,6.497408e-09,5.31492e-09,92.08,92.91,8699.78,8778.73,45.07,45.55
2.17488,1,0.0907,0.190,0.146,5.412,5.553,0.9888,0.00886,269.31,55.11,0.5769004799999999,0.7326636095999999,2.35,6.84599e-09,5.599175e-09,6.48859e-09,5.334367e-09,92.83,95.53,8771.10,9026.62,45.50,47.07
2.17512,1,0.0908,0.190,0.146,5.412,5.553,0.9888,0.00886,269.31,55.11,0.57689952,0.7326623904,2.35,6.843859e-09,5.595534e-09,6.484625e-09,5.336784e-09,92.76,96.22,8764.42,9090.91,45.46,47.46
2.17537,1,0.0908,0.190,0.146,5.412,5.553,0.9888,0.00886,269.31,55.11,0.57689852,0.7326611204,2.35,6.838638e-09,5.593267e-09,6.449347e-09,5.29134e-09,92.94,94.56,8781.65,8934.37,45.57,46.50
2.17563,1,0.0908,0.189,0.146,5.412,5.553,0.9888,0.00886,269.31,55.11,0.57689748,0.7326597995999999,2.35,6.83773e-09,5.594589e-09,6.460735e-09,5.297571e-09,93.13,94.25,8799.06,8904.80,45.68,46.32
2.17588,1,0.0908,0.189,0.146,5.412,5.553,0.9888,0.00886,269.31,55.11,0.5768964799999999,0.7326585295999999,2.35,6.822638e-09,5.578845e-09,6.412149e-09,5.239799e-09,92.82,92.49,8769.70,8738.68,45.50,45.31
2.17612,1,0.0908,0.189,0.146,5.412,5.553,0.9888,0.00886,269.31,55.11,0.57689552,0.7326573104,2.35,6.81782e-09,5.558295e-09,6.379637e-09,5.21166e-09,91.32,92.34,8628.26,8724.29,44.63,45.22
2.17638,1,0.0909,0.189,0.146,5.412,5.553,0.9888,0.00886,269.31,55.11,0.57689448,0.7326559896,2.35,6.811042e-09,5.555969e-09,6.366182e-09,5.191327e-09,91.71,91.54,8664.75,8648.87,44.86,44.76
2.17663,1,0.0909,0.189,0.146,5.412,5.553,0.9888,0.00886,269.31,55.11,0.57689348,0.7326547196,2.35,6.807211e-09,5.556527e-09,6.352605e-09,5.171276e-09,92.04,90.68,8696.04,8568.25,45.05,44.27
2.17687,1,0.0909,0.189,0.146,5.412,5.553,0.9888,0.00886,269.31,55.11,0.5768925199999999,0.7326535003999999,2.35,6.80597e-09,5.554383e-09,6.335579e-09,5.174372e-09,91.93,92.31,8686.41,8721.95,44.99,45.20
2.17713,1,0.0909,0.189,0.146,5.412,5.553,0.9888,0.00886,269.31,55.11,0.57689148,0.7326521796000001,2.35,6.802011e-09,5.566498e-09,6.31394e-09,5.172063e-09,93.33,93.83,8818.61,8865.64,45.79,46.08
2.17738,1,0.0909,0.189,0.146,5.412,5.553,0.9888,0.00886,269.31,55.11,0.57689048,0.7326509096,2.35,6.802612e-09,5.560982e-09,6.298332e-09,5.155273e-09,92.78,93.43,8766.47,8827.72,45.48,45.85
2.17762,1,0.0910,0.189,0.146,5.412,5.553,0.9888,0.00886,269.31,55.11,0.5768895199999999,0.7326496903999999,2.35,6.7954e-09,5.56082e-09,6.291724e-09,5.148789e-09,93.41,93.42,8825.95,8827.25,45.84,45.85
2.17787,1,0.0910,0.189,0.146,5.412,5.553,0.9888,0.00886,269.31,55.11,0.5768885199999999,0.7326484203999999,2.35,6.8003e-09,5.568323e-09,6.289572e-09,5.150852e-09,93.73,93.81,8856.53,8863.48,46.03,46.07
2.17813,1,0.0910,0.189,0.146,5.412,5.553,0.9888,0.00886,269.31,55.11,0.57688748,0.7326470996000001,2.35,6.800575e-09,5.565492e-09,6.268221e-09,5.138515e-09,93.45,94.33,8829.77,8912.80,45.86,46.37
2.17837,1,0.0910,0.189,0.146,5.412,5.553,0.9888,0.00886,269.31,55.11,0.57688652,0.7326458804,2.35,6.794839e-09,5.577367e-09,6.260406e-09,5.144512e-09,95.01,95.61,8976.61,9033.65,46.76,47.11
2.17862,1,0.0910,0.189,0.146,5.412,5.553,0.9888,0.00886,269.31,55.11,0.5768855199999999,0.7326446104,2.35,6.789869e-09,5.583028e-09,6.253493e-09,5.121974e-09,95.94,93.88,9064.87,8869.87,47.30,46.11
2.17888,1,0.0911,0.189,0.146,5.412,5.553,0.9888,0.00886,269.31,55.11,0.5768844799999999,0.7326432895999999,2.35,6.795749e-09,5.581509e-09,6.247281e-09,5.116962e-09,95.43,93.99,9017.06,8880.33,47.01,46.17
2.17912,1,0.0911,0.189,0.145,5.412,5.553,0.9888,0.00886,269.31,55.11,0.57688352,0.7326420704,2.35,6.79708e-09,5.591363e-09,6.244675e-09,5.132381e-09,96.28,95.80,9097.27,9051.87,47.50,47.22
2.17937,1,0.0911,0.189,0.145,5.412,5.553,0.9888,0.00886,269.31,55.11,0.57688252,0.7326408003999999,2.35,6.809856e-09,5.597739e-09,6.232896e-09,5.139844e-09,95.88,97.63,9059.56,9224.61,47.27,48.27
2.17963,1,0.0911,0.189,0.145,5.412,5.553,0.9888,0.00886,269.31,55.11,0.57688148,0.7326394796,2.35,6.820039e-09,5.611366e-09,6.237656e-09,5.144113e-09,96.39,97.67,9107.49,9228.13,47.56,48.29
2.17988,1,0.0911,0.189,0.145,5.412,5.553,0.9888,0.00886,269.31,55.11,0.5768804799999999,0.7326382095999999,2.35,6.826672e-09,5.6071e-09,6.228621e-09,5.128479e-09,95.46,96.79,9019.24,9144.89,47.02,47.79
2.18012,1,0.0912,0.188,0.145,5.411,5.553,0.9888,0.00886,269.31,55.11,0.57687952,0.7326369904,2.35,6.82859e-09,5.604593e-09,6.22321e-09,5.117255e-09,95.17,96.17,8992.02,9086.42,46.85,47.43
2.18038,1,0.0912,0.188,0.145,5.411,5.553,0.9888,0.00886,269.31,55.11,0.57687848,0.7326356695999999,2.35,1.261668e-08,6.95238e-09,6.435631e-09,8.733692e-09,25.51,-78.99,2410.35,-7463.28,6.67,-53.62
2.18063,1,0.0912,0.188,0.145,5.411,5.553,0.9888,0.00886,269.31,55.11,0.5768774799999999,0.7326343996,2.35,6.839293e-09,5.616098e-09,6.23325e-09,5.126506e-09,95.43,96.27,9016.38,9096.36,47.00,47.49
2.18087,1,0.0912,0.188,0.145,5.411,5.553,0.9888,0.00886,269.31,55.11,0.57687652,0.7326331804,2.35,7.077517e-09,5.685827e-09,6.257503e-09,5.27956e-09,84.91,112.21,8023.14,10601.75,40.94,56.68
2.18113,1,0.0912,0.188,0.145,5.411,5.553,0.9888,0.00886,269.31,55.11,0.57687548,0.7326318596,2.35,7.275486e-09,5.741572e-09,6.287975e-09,5.349872e-09,77.80,118.53,7350.61,11199.18,36.83,60.33
2.18138,1,0.0913,0.188,0.145,5.411,5.553,0.9888,0.00886,269.31,55.11,0.57687448,0.7326305895999999,2.35,7.264919e-09,5.760067e-09,6.30152e-09,5.360293e-09,79.64,118.49,7524.92,11195.99,37.90,60.31
2.18162,1,0.0913,0.188,0.145,5.411,5.553,0.9888,0.00886,269.31,55.11,0.5768735199999999,0.7326293703999999,2.35,7.233532e-09,5.77576e-09,6.30061e-09,5.385589e-09,82.44,122.46,7789.11,11570.99,39.51,62.60
2.18187,1,0.0913,0.188,0.145,5.411,5.553,0.9888,0.00886,269.31,55.11,0.57687252,0.7326281004,2.35,6.993381e-09,5.711734e-09,6.277731e-09,5.273663e-09,92.73,109.28,8761.29,10325.66,45.44,54.99
2.18213,1,0.0913,0.188,0.145,5.411,5.553,0.9888,0.00886,269.31,55.11,0.57687148,0.7326267796,2.35,6.826073e-09,5.666364e-09,6.269271e-09,5.178332e-09,101.66,98.76,9605.59,9331.64,50.60,48.93
2.18237,1,0.0913,0.188,0.145,5.411,5.553,0.9888,0.00886,269.31,55.11,0.5768705199999999,0.7326255603999999,2.35,6.860074e-09,5.682562e-09,6.276952e-09,5.228926e-09,100.41,103.81,9487.40,9808.64,49.88,51.84
2.18262,1,0.0914,0.188,0.145,5.411,5.553,0.9888,0.00886,269.31,55.11,0.5768695199999999,0.7326242903999999,2.35,6.889822e-09,5.704324e-09,6.287293e-09,5.28363e-09,100.23,109.65,9469.92,10360.66,49.77,55.21
2.18288,1,0.0914,0.188,0.145,5.411,5.553,0.9888,0.00886,269.31,55.11,0.5768684799999999,0.7326229695999998,2.35,6.877356e-09,5.717129e-09,6.296939e-09,5.297848e-09,102.64,110.45,9697.90,10436.08,51.16,55.67
2.18312,1,0.0914,0.188,0.145,5.411,5.553,0.9888,0.00886,269.32,55.11,0.57686752,0.7326217504,2.35,6.882246e-09,5.729049e-09,6.299261e-09,5.30727e-09,103.48,111.44,9777.37,10529.46,51.65,56.24
2.18337,1,0.0914,0.188,0.145,5.411,5.553,0.9888,0.00886,269.32,55.11,0.5768665199999999,0.7326204803999999,2.35,6.85874e-09,5.726414e-09,6.309023e-09,5.27646e-09,105.34,106.44,9953.00,10057.01,52.72,53.35
2.18363,1,0.0914,0.188,0.145,5.411,5.553,0.9888,0.00886,269.32,55.11,0.5768654799999999,0.7326191595999999,2.35,6.860929e-09,5.741714e-09,6.314038e-09,5.284518e-09,106.86,106.92,10096.50,10102.14,53.59,53.63
2.18388,1,0.0915,0.188,0.145,5.411,5.553,0.9888,0.00886,269.32,55.11,0.57686448,0.7326178896000001,2.35,3.033302e-08,2.077827e-08,9.047553e-09,3.464282e-08,45.35,-28.22,4284.57,-2666.68,18.11,-24.33
2.18412,1,0.0915,0.188,0.145,5.411,5.553,0.9888,0.00886,269.32,55.11,0.57686352,0.7326166704,2.35,2.258e-08,1.587799e-08,8.088356e-09,2.695074e-08,49.40,-29.79,4667.75,-2815.08,20.45,-25.24
2.18438,1,0.0915,0.187,0.145,5.411,5.553,0.9888,0.00886,269.32,55.11,0.57686248,0.7326153496,2.35,1.878198e-08,1.574323e-08,8.168103e-09,2.618609e-08,108.03,-30.30,10206.92,-2863.26,54.27,-25.53
2.18463,1,0.0915,0.187,0.145,5.411,5.553,0.9888,0.00886,269.32,55.11,0.5768614799999999,0.7326140795999999,2.35,2.058447e-08,1.9238e-08,7.806422e-09,3.280291e-08,297.92,-27.36,28148.75,-2585.41,163.81,-23.83
2.18487,1,0.0915,0.187,0.144,5.411,5.553,0.9888,0.00886,269.32,55.11,0.57686052,0.7326128604,2.35,2.762401e-08,2.487735e-08,7.50272e-09,4.482721e-08,188.87,-25.04,17844.98,-2366.27,100.90,-22.49
2.18513,1,0.0916,0.187,0.144,5.411,5.553,0.9888,0.00886,269.32,55.11,0.57685948,0.7326115396,2.35,6.86592e-09,5.790211e-09,6.344114e-09,5.342247e-09,112.36,111.31,10616.70,10517.29,56.77,56.16
2.18538,1,0.0916,0.187,0.144,5.411,5.553,0.9888,0.00886,269.32,55.11,0.57685848,0.7326102696,2.35,6.83832e-09,5.769863e-09,6.346878e-09,5.296238e-09,112.73,105.23,10651.20,9942.69,56.98,52.66
2.18562,1,0.0916,0.187,0.144,5.411,5.553,0.9888,0.00886,269.32,55.11,0.57685752,0.7326090504,2.35,6.837303e-09,5.775785e-09,6.35405e-09,5.295443e-09,113.58,104.42,10731.83,9866.38,57.47,52.19
2.18587,1,0.0916,0.187,0.144,5.411,5.553,0.9888,0.00886,269.32,55.11,0.57685652,0.7326077804,2.35,6.832664e-09,5.775067e-09,6.355053e-09,5.29319e-09,113.99,104.06,10770.28,9831.94,57.71,51.98
2.18613,1,0.0916,0.187,0.144,5.411,5.553,0.9888,0.00886,269.32,55.11,0.57685548,0.7326064595999999,2.35,6.82934e-09,5.777464e-09,6.352131e-09,5.291607e-09,114.66,104.16,10833.35,9841.41,58.09,52.04
2.18637,1,0.0917,0.187,0.144,5.411,5.553,0.9888,0.00886,269.32,55.11,0.5768545199999999,0.7326052404,2.35,6.82982e-09,5.783949e-09,6.350024e-09,5.291237e-09,115.57,104.44,10919.67,9867.60,58.62,52.20
2.18662,1,0.0917,0.187,0.144,5.411,5.553,0.9888,0.00886,269.32,55.11,0.57685352,0.7326039704,2.35,6.826218e-09,5.784135e-09,6.354024e-09,5.294384e-09,115.99,104.41,10959.71,9865.52,58.86,52.18
2.18688,1,0.0917,0.187,0.144,5.411,5.553,0.9888,0.00886,269.32,55.11,0.57685248,0.7326026496,2.35,6.882035e-09,5.972411e-09,6.372684e-09,5.613705e-09,137.21,154.57,12964.35,14604.37,71.10,81.12
2.18712,1,0.0917,0.187,0.144,5.411,5.553,0.9888,0.00886,269.32,55.11,0.57685152,0.7326014303999999,2.35,6.927813e-09,6.151399e-09,6.399206e-09,5.889425e-09,165.57,241.43,15643.85,22811.42,87.46,131.22
2.18737,1,0.0917,0.187,0.144,5.411,5.553,0.9888,0.00886,269.32,55.11,0.5768505199999999,0.7326001603999999,2.35,6.939618e-09,6.136426e-09,6.41425e-09,5.859767e-09,159.66,220.85,15085.48,20866.77,84.05,119.35
2.18763,1,0.0918,0.187,0.144,5.411,5.553,0.9888,0.00886,269.32,55.11,0.5768494799999999,0.7325988395999999,2.35,6.942241e-09,6.091631e-09,6.411851e-09,5.856911e-09,149.82,220.80,14155.93,20862.10,78.38,119.32
2.18788,1,0.0918,0.187,0.144,5.411,5.553,0.9888,0.00886,269.32,55.11,0.57684848,0.7325975696,2.35,6.879544e-09,5.900474e-09,6.397775e-09,5.548441e-09,126.08,136.67,11912.66,12913.02,64.68,70.79
2.18812,1,0.0918,0.187,0.144,5.411,5.553,0.9888,0.00886,269.32,55.11,0.57684752,0.7325963503999999,2.35,6.828642e-09,5.779053e-09,6.389362e-09,5.314551e-09,115.19,103.44,10883.61,9773.94,58.40,51.62
2.18838,1,0.0918,0.187,0.144,5.411,5.553,0.9888,0.00886,269.32,55.11,0.5768464799999999,0.7325950295999999,2.35,6.823106e-09,5.779196e-09,6.380648e-09,5.310797e-09,115.82,103.85,10943.09,9812.32,58.76,51.86
2.18863,1,0.0918,0.187,0.144,5.411,5.553,0.9888,0.00886,269.32,55.11,0.5768454799999999,0.7325937596,2.35,6.837468e-09,5.917508e-09,6.424955e-09,5.508873e-09,134.57,125.81,12714.68,11886.77,69.58,64.52
2.18887,1,0.0919,0.186,0.144,5.410,5.553,0.9888,0.00886,269.32,55.11,0.57684452,0.7325925404,2.35,7.926984e-09,1.452506e-08,8.681901e-09,1.797535e-08,-46.10,-40.51,-4355.99,-3827.25,-34.64,-31.41
2.18913,1,0.0919,0.186,0.144,5.410,5.553,0.9888,0.00886,269.32,55.11,0.57684348,0.7325912196,2.35,6.814648e-09,5.7701e-09,6.392452e-09,5.312542e-09,115.69,103.02,10930.54,9734.22,58.69,51.38
2.18938,1,0.0919,0.186,0.144,5.410,5.553,0.9888,0.00886,269.32,55.11,0.5768424799999999,0.7325899495999999,2.35,6.814656e-09,5.760968e-09,6.396683e-09,5.315114e-09,114.50,102.92,10818.57,9724.00,58.00,51.32
2.18962,1,0.0919,0.186,0.144,5.410,5.553,0.9888,0.00886,269.32,55.11,0.57684152,0.7325887304,2.35,6.817551e-09,5.7688e-09,6.409004e-09,5.345341e-09,115.20,105.24,10884.28,9943.93,58.40,52.66
2.18987,1,0.0919,0.186,0.144,5.410,5.553,0.9887,0.00886,269.32,55.11,0.57684052,0.7325874604,2.35,1.234253e-08,4.643555e-08,1.673161e-08,8.168148e-08,-28.52,-26.33,-2694.81,-2488.22,-24.50,-23.24
2.19013,1,0.0920,0.186,0.144,5.410,5.553,0.9887,0.00886,269.32,55.11,0.57683948,0.7325861396,2.35,6.833368e-09,5.773197e-09,6.787702e-09,5.358559e-09,114.15,78.60,10785.85,7426.54,57.80,37.29
2.19037,1,0.0920,0.186,0.144,5.410,5.553,0.9887,0.00886,269.32,55.11,0.5768385199999999,0.7325849203999999,2.35,6.832128e-09,5.756288e-09,6.873701e-09,5.337275e-09,112.16,72.82,10597.63,6880.53,56.65,33.96
2.19062,1,0.0920,0.186,0.143,5.410,5.553,0.9887,0.00886,269.32,55.11,0.57683752,0.7325836504,2.35,6.827911e-09,5.746929e-09,6.909996e-09,5.337411e-09,111.45,71.15,10530.58,6722.82,56.24,33.00
2.19088,1,0.0920,0.186,0.143,5.410,5.553,0.9887,0.00886,269.32,55.11,0.57683648,0.7325823296,2.35,6.817558e-09,5.746398e-09,6.932403e-09,5.342713e-09,112.46,70.46,10626.15,6657.09,56.83,32.60
2.19112,1,0.0920,0.186,0.143,5.410,5.553,0.9887,0.00886,269.32,55.11,0.5768355199999999,0.7325811104,2.35,6.810136e-09,5.732596e-09,6.943376e-09,5.345992e-09,111.53,70.16,10537.87,6629.09,56.29,32.42
2.19137,1,0.0921,0.186,0.143,5.410,5.553,0.9887,0.00886,269.32,55.11,0.5768345199999999,0.7325798403999999,2.35,6.803926e-09,5.728257e-09,6.929424e-09,5.356282e-09,111.76,71.46,10559.65,6751.51,56.42,33.17
2.19163,1,0.0921,0.186,0.143,5.410,5.553,0.9887,0.00886,269.32,55.11,0.57683348,0.7325785196,2.35,6.805104e-09,5.710632e-09,6.91298e-09,5.357275e-09,109.50,72.27,10346.30,6828.45,55.12,33.64
2.19188,1,0.0921,0.186,0.143,5.410,5.553,0.9887,0.00886,269.32,55.11,0.57683248,0.7325772496,2.35,6.808541e-09,5.700437e-09,6.906208e-09,5.374464e-09,107.96,73.64,10200.78,6957.52,54.23,34.43
2.19212,1,0.0921,0.186,0.143,5.410,5.553,0.9887,0.00886,269.32,55.11,0.5768315199999999,0.7325760304,2.35,6.850147e-09,5.727448e-09,8.127079e-09,5.40107e-09,107.06,41.58,10115.87,3928.78,53.71,15.94
2.19238,1,0.0921,0.186,0.143,5.410,5.553,0.9887,0.00886,269.32,55.11,0.5768304799999999,0.7325747095999999,2.35,6.806117e-09,5.696791e-09,6.964464e-09,5.389837e-09,107.77,71.84,10183.02,6787.40,54.12,33.39
2.19263,1,0.0922,0.186,0.143,5.410,5.553,0.9887,0.00886,269.32,55.11,0.57682948,0.7325734396,2.35,6.803272e-09,5.687601e-09,6.980784e-09,5.39384e-09,107.10,71.41,10119.73,6747.03,53.73,33.14
2.19287,1,0.0922,0.186,0.143,5.410,5.553,0.9887,0.00886,269.32,55.11,0.57682852,0.7325722203999999,2.35,6.797929e-09,5.686843e-09,7.044406e-09,5.410926e-09,107.53,69.59,10160.14,6575.57,53.98,32.10
2.19313,1,0.0922,0.185,0.143,5.410,5.553,0.9887,0.00886,269.32,55.11,0.57682748,0.7325708996,2.35,6.802687e-09,5.676597e-09,7.112031e-09,5.424622e-09,105.90,67.54,10006.22,6381.23,53.04,30.91
2.19338,1,0.0922,0.185,0.143,5.410,5.553,0.9887,0.00886,269.32,55.11,0.5768264799999999,0.7325696295999999,2.35,6.79686e-09,5.668622e-09,7.160307e-09,5.443265e-09,105.55,66.60,9973.14,6292.65,52.84,30.37
2.19362,1,0.0922,0.185,0.143,5.410,5.553,0.9887,0.00886,269.32,55.11,0.57682552,0.7325684104,2.35,6.796959e-09,5.657951e-09,7.171633e-09,5.464741e-09,104.36,67.26,9860.24,6355.05,52.15,30.75
2.19387,1,0.0923,0.185,0.143,5.410,5.553,0.9887,0.00886,269.32,55.11,0.57682452,0.7325671403999999,2.35,6.793169e-09,5.651092e-09,7.175131e-09,5.486363e-09,104.06,68.32,9832.46,6455.65,51.98,31.37
2.19413,1,0.0923,0.185,0.143,5.410,5.553,0.9887,0.00886,269.32,55.11,0.5768234799999999,0.7325658195999999,2.35,6.799536e-09,5.652244e-09,7.183039e-09,5.507525e-09,103.61,69.13,9789.76,6531.81,51.72,31.83
2.19437,1,0.0923,0.185,0.143,5.410,5.553,0.9887,0.00886,269.32,55.11,0.57682252,0.7325646004,2.35,8.711912e-09,1.566848e-08,3.479693e-07,1.955474e-08,-47.37,1.25,-4475.66,118.32,-35.37,-7.32
2.19462,1,0.0923,0.185,0.143,5.410,5.553,0.9887,0.00886,269.32,55.11,0.57682152,0.7325633304,2.35,6.792799e-09,5.652506e-09,7.213068e-09,5.534559e-09,104.25,69.35,9850.31,6552.16,52.09,31.95
2.19488,1,0.0923,0.185,0.143,5.410,5.553,0.9887,0.00886,269.32,55.11,0.57682048,0.7325620096,2.35,6.797248e-09,5.647995e-09,7.453763e-09,5.551666e-09,103.36,61.38,9765.71,5799.84,51.57,27.36
2.19512,1,0.0924,0.185,0.143,5.410,5.553,0.9887,0.00886,269.32,55.11,0.5768195199999999,0.7325607903999999,2.35,6.816429e-09,5.716676e-09,9.951676e-09,5.645952e-09,109.44,27.61,10340.53,2608.47,55.08,7.88
2.19537,1,0.0924,0.185,0.143,5.410,5.553,0.9887,0.00886,269.32,55.11,0.57681852,0.7325595204,2.35,6.803004e-09,5.666837e-09,9.150446e-09,5.625671e-09,105.01,33.60,9921.86,3174.95,52.53,11.34
2.19563,1,0.0924,0.185,0.143,5.410,5.553,0.9887,0.00886,269.32,55.11,0.57681748,0.7325581996,2.35,6.801584e-09,5.633087e-09,7.864552e-09,5.599067e-09,101.50,52.03,9589.88,4916.42,50.50,21.97
2.19588,1,0.0924,0.185,0.143,5.410,5.553,0.9887,0.00886,269.32,55.11,0.57681648,0.7325569296,2.35,6.80782e-09,5.63018e-09,7.632488e-09,5.609484e-09,100.66,58.38,9510.52,5515.95,50.01,25.63
2.19612,1,0.0924,0.185,0.143,5.410,5.553,0.9887,0.00886,269.32,55.11,0.5768155199999999,0.7325557103999999,2.35,6.80988e-09,5.625099e-09,7.515307e-09,5.620931e-09,99.96,62.47,9444.66,5902.51,49.61,27.99
2.19638,1,0.0925,0.185,0.143,5.410,5.553,0.9887,0.00887,269.32,55.11,0.5768144799999999,0.7325543895999999,2.35,7.213295e-09,8.346742e-09,1.440644e-07,1.255883e-08,-155.21,2.01,-14664.90,190.18,-97.57,-6.88
2.19663,1,0.0925,0.185,0.142,5.410,5.553,0.9887,0.00887,269.32,55.11,0.57681348,0.7325531196,2.35,6.814453e-09,5.641606e-09,7.500685e-09,5.686011e-09,101.39,66.04,9579.55,6240.12,50.44,30.05
2.19687,1,0.0925,0.185,0.142,5.410,5.553,0.9887,0.00887,269.32,55.11,0.5768125199999999,0.7325519004,2.35,6.812932e-09,5.636331e-09,7.468981e-09,5.683213e-09,100.97,67.08,9540.06,6338.01,50.20,30.65
2.19713,1,0.0925,0.185,0.142,5.410,5.553,0.9887,0.00887,269.32,55.11,0.5768114799999999,0.7325505795999999,2.35,6.816663e-09,5.638118e-09,7.474632e-09,5.695951e-09,100.83,67.50,9527.34,6377.52,50.12,30.89
2.19738,1,0.0925,0.185,0.142,5.410,5.553,0.9887,0.00887,269.32,55.11,0.57681048,0.7325493096,2.35,6.817262e-09,5.649749e-09,7.508436e-09,5.716501e-09,102.00,67.24,9637.21,6353.19,50.79,30.74
2.19762,1,0.0926,0.184,0.142,5.409,5.580,0.9887,0.00887,269.32,55.11,0.57680952,0.7325480904,2.35,6.819243e-09,5.621251e-09,7.513683e-09,5.68032e-09,99.00,65.37,9354.29,6176.69,49.03,29.64
2.19787,1,0.0926,0.184,0.142,5.409,5.580,0.9887,0.00887,269.32,55.11,0.5768085199999999,0.7325468204,2.35,6.821416e-09,5.622461e-09,7.510482e-09,5.692115e-09,98.94,66.05,9348.78,6240.56,49.00,30.03
2.19813,1,0.0926,0.184,0.142,5.409,5.580,0.9887,0.00887,269.32,55.11,0.5768074799999999,0.7325454995999999,2.35,6.820291e-09,5.623461e-09,7.522469e-09,5.702135e-09,99.14,66.09,9367.05,6244.79,49.11,30.05
2.19837,1,0.0926,0.184,0.142,5.409,5.580,0.9887,0.00887,269.32,55.11,0.57680652,0.7325442804,2.35,6.822358e-09,5.627327e-09,7.527617e-09,5.716345e-09,99.36,66.59,9387.60,6291.68,49.24,30.34
2.19862,1,0.0926,0.184,0.142,5.409,5.580,0.9887,0.00887,269.32,55.11,0.57680552,0.7325430103999999,2.35,6.828841e-09,5.618044e-09,7.52507e-09,5.720115e-09,97.90,66.87,9250.08,6317.86,48.40,30.50
2.19888,1,0.0927,0.184,0.142,5.409,5.580,0.9887,0.00887,269.32,55.11,0.57680448,0.7325416896,2.35,6.834978e-09,5.620804e-09,7.501038e-09,5.728362e-09,97.78,68.26,9238.83,6449.12,48.33,31.30
2.19912,1,0.0927,0.184,0.142,5.409,5.580,0.9887,0.00887,269.32,55.11,0.57680352,0.7325404704,2.35,6.846649e-09,5.624937e-09,7.462527e-09,5.741084e-09,97.25,70.44,9188.58,6655.81,48.02,32.56
2.19937,1,0.0927,0.184,0.142,5.409,5.580,0.9887,0.00887,269.32,55.11,0.57680252,0.7325392004,2.35,6.843297e-09,5.625725e-09,7.445752e-09,5.75443e-09,97.59,71.86,9221.11,6790.09,48.22,33.38
2.19963,1,0.0927,0.184,0.142,5.409,5.580,0.9887,0.00887,269.32,55.11,0.57680148,0.7325378795999999,2.35,6.839256e-09,5.626947e-09,7.440823e-09,5.762921e-09,98.04,72.55,9263.15,6854.50,48.48,33.77
2.19988,1,0.0928,0.184,0.142,5.409,5.580,0.9887,0.00887,269.32,55.11,0.57680048,0.7325366096,2.35,6.833746e-09,5.6316e-09,7.429432e-09,5.767959e-09,99.06,73.41,9359.26,6935.78,49.06,34.27
2.20012,1,0.0928,0.184,0.142,5.409,5.580,0.9887,0.00887,269.32,55.11,0.57679952,0.7325353904,2.35,6.834525e-09,5.63447e-09,7.429392e-09,5.778745e-09,99.28,74.03,9380.34,6994.33,49.19,34.63
2.20038,1,0.0928,0.184,0.142,5.409,5.580,0.9887,0.00887,269.32,55.11,0.57679848,0.7325340696,2.35,6.839756e-09,5.650181e-09,7.452654e-09,5.81081e-09,100.43,74.84,9489.37,7070.85,49.86,35.09
2.20063,1,0.0928,0.184,0.142,5.409,5.580,0.9887,0.00887,269.32,55.11,0.57679748,0.7325327996,2.35,6.837407e-09,5.622134e-09,7.34621e-09,5.784313e-09,97.82,78.31,9242.60,7398.88,48.35,37.10
2.20087,1,0.0928,0.184,0.142,5.409,5.580,0.9887,0.00887,269.32,55.11,0.5767965199999999,0.7325315803999999,2.35,6.827839e-09,5.613985e-09,7.10359e-09,5.76711e-09,97.79,91.24,9239.99,8621.10,48.33,44.56
2.20113,1,0.0929,0.184,0.142,5.409,5.580,0.9887,0.00887,269.32,55.11,0.5767954799999999,0.7325302596,2.35,6.819076e-09,5.59674e-09,6.990781e-09,5.74775e-09,96.92,97.88,9157.52,9248.03,47.83,48.38
2.20138,1,0.0929,0.184,0.142,5.409,5.580,0.9887,0.00887,269.32,55.11,0.57679448,0.7325289896,2.35,6.810219e-09,5.588553e-09,6.992038e-09,5.743707e-09,96.83,97.39,9149.14,9202.29,47.78,48.10
2.20162,1,0.0929,0.184,0.142,5.409,5.580,0.9887,0.00887,269.33,55.11,0.57679352,0.7325277704,2.35,6.816037e-09,5.580454e-09,6.994499e-09,5.740367e-09,95.60,96.89,9032.98,9154.40,47.07,47.81
2.20187,1,0.0929,0.184,0.142,5.409,5.580,0.9887,0.00887,269.33,55.11,0.5767925199999999,0.7325265003999999,2.35,6.812959e-09,5.577643e-09,6.99816e-09,5.738523e-09,95.57,96.43,9030.38,9111.47,47.05,47.55
2.20213,1,0.0929,0.183,0.142,5.409,5.580,0.9887,0.00887,269.33,55.11,0.5767914799999999,0.7325251795999999,2.35,6.808997e-09,5.579435e-09,7.005084e-09,5.743367e-09,96.05,96.35,9075.13,9103.69,47.33,47.50
2.20237,1,0.0930,0.183,0.141,5.409,5.580,0.9887,0.00887,269.33,55.11,0.57679052,0.7325239604,2.35,6.833026e-09,5.644263e-09,7.021203e-09,5.891448e-09,100.61,110.50,9506.31,10440.89,49.96,55.67
2.20262,1,0.0930,0.183,0.141,5.409,5.580,0.9887,0.00887,269.33,55.11,0.5767895199999999,0.7325226904,2.35,6.814611e-09,5.582257e-09,7.007793e-09,5.747779e-09,95.99,96.66,9069.31,9133.23,47.29,47.68
2.20288,1,0.0930,0.183,0.141,5.409,5.580,0.9887,0.00887,269.33,55.11,0.5767884799999999,0.7325213695999999,2.35,6.810182e-09,5.580105e-09,7.013191e-09,5.744107e-09,96.13,95.91,9082.59,9062.17,47.37,47.25
2.20312,1,0.0930,0.183,0.141,5.409,5.580,0.9887,0.00887,269.33,55.11,0.57678752,0.7325201504,2.35,6.806875e-09,5.581969e-09,7.015512e-09,5.74428e-09,96.57,95.75,9123.98,9047.13,47.63,47.16
2.20337,1,0.0930,0.183,0.141,5.409,5.580,0.9887,0.00887,269.33,55.11,0.57678652,0.7325188804,2.35,6.809727e-09,5.582811e-09,7.021896e-09,5.743089e-09,96.42,95.17,9110.41,8991.67,47.54,46.82
2.20363,1,0.0931,0.183,0.141,5.409,5.580,0.9887,0.00887,269.33,55.11,0.57678548,0.7325175596,2.35,6.802002e-09,5.583609e-09,7.02429e-09,5.743912e-09,97.21,95.16,9185.30,8991.56,48.00,46.82
2.20388,1,0.0931,0.183,0.141,5.409,5.580,0.9887,0.00887,269.33,55.11,0.5767844799999999,0.7325162895999999,2.35,6.808416e-09,5.584508e-09,7.027852e-09,5.73916e-09,96.79,94.47,9145.38,8926.16,47.76,46.42
2.20412,1,0.0931,0.183,0.141,5.409,5.580,0.9887,0.00887,269.33,55.11,0.57678352,0.7325150704,2.35,6.814505e-09,5.585763e-09,7.021764e-09,5.741087e-09,96.43,95.09,9111.45,8985.04,47.55,46.78
2.20438,1,0.0931,0.183,0.141,5.409,5.580,0.9887,0.00887,269.33,55.11,0.57678248,0.7325137496,2.35,6.816373e-09,5.589662e-09,7.022869e-09,5.73786e-09,96.66,94.72,9132.90,8949.72,47.68,46.56
2.20463,1,0.0931,0.183,0.141,5.409,5.580,0.9887,0.00887,269.33,55.11,0.57678148,0.7325124796,2.35,6.817805e-09,5.589168e-09,7.018727e-09,5.73359e-09,96.50,94.64,9117.78,8942.17,47.59,46.52
2.20487,1,0.0932,0.183,0.141,5.409,5.580,0.9887,0.00887,269.33,55.11,0.5767805199999999,0.7325112603999999,2.35,6.814926e-09,5.589125e-09,7.011729e-09,5.734714e-09,96.83,95.36,9148.60,9010.45,47.78,46.93
2.20512,1,0.0932,0.183,0.141,5.409,5.580,0.9887,0.00887,269.33,55.11,0.57677952,0.7325099904,2.35,6.822328e-09,5.592643e-09,7.017409e-09,5.730683e-09,96.58,94.58,9125.45,8936.17,47.63,46.48
2.20538,1,0.0932,0.183,0.141,5.409,5.580,0.9887,0.00887,269.33,55.11,0.57677848,0.7325086695999999,2.35,6.823661e-09,5.596218e-09,7.019517e-09,5.732701e-09,96.82,94.60,9147.96,8938.69,47.77,46.49
2.20562,1,0.0932,0.183,0.141,5.409,5.580,0.9887,0.00887,269.33,55.11,0.5767775199999999,0.7325074503999999,2.35,6.824503e-09,5.596283e-09,7.015701e-09,5.733498e-09,96.76,94.96,9142.28,8972.09,47.74,46.70
2.20587,1,0.0932,0.183,0.141,5.409,5.580,0.9887,0.00887,269.33,55.11,0.57677652,0.7325061804,2.35,6.839364e-09,5.604134e-09,7.024094e-09,5.732233e-09,96.34,94.23,9103.15,8903.05,47.50,46.28
2.20613,1,0.0933,0.183,0.141,5.408,5.580,0.9887,0.00887,269.33,55.11,0.57677548,0.7325048596,2.35,6.841375e-09,5.599964e-09,7.023111e-09,5.737724e-09,95.90,94.89,9060.78,8966.06,47.24,46.66
2.20637,1,0.0933,0.183,0.141,5.408,5.580,0.9887,0.00887,269.33,55.11,0.57677452,0.7325036403999999,2.35,6.847759e-09,5.60257e-09,7.030086e-09,5.73778e-09,95.65,94.39,9037.49,8918.14,47.10,46.37
2.20662,1,0.0933,0.182,0.141,5.408,5.580,0.9887,0.00887,269.33,55.11,0.5767735199999999,0.7325023703999999,2.35,6.849013e-09,5.605756e-09,7.0287e-09,5.740975e-09,95.85,94.77,9056.25,8954.43,47.21,46.59
2.20688,1,0.0933,0.182,0.141,5.408,5.580,0.9887,0.00887,269.33,55.11,0.5767724799999999,0.7325010496,2.35,6.857294e-09,5.609682e-09,7.033267e-09,5.745898e-09,95.58,94.88,9030.96,8964.59,47.06,46.65
2.20713,1,0.0933,0.182,0.141,5.408,5.580,0.9887,0.00887,269.33,55.11,0.57677148,0.7324997796,2.35,6.867897e-09,5.61625e-09,7.045608e-09,5.753492e-09,95.38,94.65,9012.39,8943.46,46.94,46.52
2.20737,1,0.0934,0.182,0.141,5.408,5.580,0.9887,0.00887,269.33,55.11,0.57677052,0.7324985603999999,2.35,6.87602e-09,5.613827e-09,7.04736e-09,5.757529e-09,94.65,94.99,8942.79,8975.18,46.52,46.72
2.20763,1,0.0934,0.182,0.141,5.408,5.580,0.9887,0.00887,269.33,55.11,0.57676948,0.7324972395999999,2.35,6.879649e-09,5.622261e-09,7.059802e-09,5.761648e-09,95.15,94.45,8990.45,8924.01,46.81,46.40
2.20788,1,0.0934,0.182,0.141,5.408,5.580,0.9887,0.00887,269.33,55.11,0.5767684799999999,0.7324959695999999,2.35,6.891231e-09,5.621931e-09,7.071001e-09,5.768606e-09,94.25,94.26,8905.55,8905.70,46.29,46.29
2.20812,1,0.0934,0.182,0.141,5.408,5.580,0.9887,0.00887,269.33,55.11,0.57676752,0.7324947504,2.35,6.902539e-09,5.630051e-09,7.082246e-09,5.773433e-09,94.15,93.87,8896.07,8869.44,46.23,46.07
2.20838,1,0.0934,0.182,0.140,5.408,5.580,0.9887,0.00887,269.33,55.11,0.57676648,0.7324934296,2.35,6.914419e-09,5.633787e-09,7.094373e-09,5.778303e-09,93.62,93.44,8845.78,8828.39,45.93,45.82
2.20863,1,0.0935,0.182,0.140,5.408,5.580,0.9887,0.00887,269.33,55.11,0.5767654799999999,0.7324921595999999,2.35,6.920951e-09,5.636257e-09,7.106653e-09,5.784575e-09,93.47,93.21,8831.10,8807.21,45.84,45.69
2.20887,1,0.0935,0.182,0.140,5.408,5.580,0.9887,0.00887,269.33,55.11,0.57676452,0.7324909404000001,2.35,6.930581e-09,5.638506e-09,7.124616e-09,5.795748e-09,92.97,92.92,8784.16,8779.13,45.55,45.52
2.20912,1,0.0935,0.182,0.140,5.408,5.580,0.9887,0.00887,269.33,55.11,0.57676352,0.7324896704,2.35,6.93828e-09,5.6481e-09,7.137147e-09,5.805067e-09,93.26,92.84,8812.03,8772.04,45.72,45.48
2.20938,1,0.0935,0.182,0.140,5.408,5.580,0.9887,0.00887,269.33,55.11,0.57676248,0.7324883496,2.35,6.9462e-09,5.657739e-09,7.154134e-09,5.814559e-09,93.55,92.47,8838.85,8737.23,45.88,45.26
2.20962,1,0.0935,0.182,0.140,5.435,5.580,0.9887,0.00887,269.33,55.11,0.5767615199999999,0.7324871303999999,2.35,6.963572e-09,5.655405e-09,7.170282e-09,5.821857e-09,92.10,91.98,8702.11,8690.78,45.05,44.98
2.20987,1,0.0936,0.182,0.140,5.435,5.580,0.9887,0.00887,269.33,55.11,0.57676052,0.7324858604,2.35,6.971611e-09,5.661273e-09,7.18525e-09,5.832713e-09,92.14,91.97,8705.99,8689.78,45.07,44.97
2.21013,1,0.0936,0.182,0.140,5.435,5.580,0.9887,0.00887,269.33,55.11,0.57675948,0.7324845396,2.35,6.983752e-09,5.668238e-09,7.195536e-09,5.837903e-09,91.89,91.71,8682.40,8664.86,44.93,44.82
2.21037,1,0.0936,0.182,0.140,5.435,5.580,0.9887,0.00887,269.33,55.11,0.5767585199999999,0.7324833204,2.35,6.998133e-09,5.690425e-09,7.200743e-09,5.845442e-09,92.80,91.98,8768.42,8690.98,45.45,44.98
2.21062,1,0.0936,0.182,0.140,5.435,5.580,0.9887,0.00887,269.33,55.11,0.5767575199999999,0.7324820503999999,2.35,7.0158e-09,5.690121e-09,7.22582e-09,5.861825e-09,91.54,91.65,8649.09,8659.79,44.73,44.79
2.21088,1,0.0936,0.182,0.140,5.435,5.580,0.9887,0.00887,269.33,55.11,0.5767564799999999,0.7324807295999999,2.35,7.022957e-09,5.703613e-09,7.24835e-09,5.87898e-09,92.20,91.56,8711.22,8651.04,45.11,44.74
2.21113,1,0.0937,0.182,0.140,5.434,5.580,0.9887,0.00887,269.33,55.11,0.57675548,0.7324794596,2.35,7.043584e-09,5.714526e-09,7.263817e-09,5.894781e-09,91.80,91.93,8673.34,8685.66,44.87,44.95
2.21137,1,0.0937,0.181,0.140,5.434,5.580,0.9887,0.00887,269.33,55.11,0.5767545199999999,0.7324782404,2.35,7.057703e-09,5.741726e-09,7.282257e-09,5.904464e-09,93.15,91.49,8800.83,8644.23,45.65,44.70
2.21163,1,0.0937,0.181,0.140,5.434,5.580,0.9887,0.00887,269.33,55.11,0.5767534799999999,0.7324769195999999,2.35,7.073818e-09,5.754845e-09,7.316958e-09,5.933895e-09,93.15,91.59,8800.91,8654.21,45.65,44.76
2.21188,1,0.0937,0.181,0.140,5.434,5.580,0.9887,0.00887,269.33,55.11,0.57675248,0.7324756496,2.35,7.088619e-09,5.763422e-09,7.323637e-09,5.943161e-09,92.85,91.91,8772.63,8683.97,45.48,44.94
2.21212,1,0.0937,0.181,0.140,5.434,5.580,0.9887,0.00887,269.33,55.11,0.57675152,0.7324744303999999,2.35,7.110819e-09,5.782144e-09,7.350818e-09,5.96424e-09,92.90,91.83,8778.09,8676.42,45.51,44.89
2.21238,1,0.0938,0.181,0.140,5.434,5.580,0.9887,0.00887,269.33,55.11,0.57675048,0.7324731096,2.35,7.122285e-09,5.825734e-09,7.368698e-09,5.992505e-09,96.03,93.06,9073.05,8792.68,47.31,45.60
2.21263,1,0.0938,0.181,0.140,5.434,5.580,0.9887,0.00887,269.33,55.11,0.5767494799999999,0.7324718396,2.35,7.145832e-09,5.820804e-09,7.382532e-09,6.002704e-09,93.88,92.97,8870.54,8784.44,46.08,45.55
2.21287,1,0.0938,0.181,0.140,5.434,5.580,0.9887,0.00887,269.33,55.11,0.57674852,0.7324706204,2.35,7.163849e-09,5.818106e-09,7.403245e-09,6.013072e-09,92.40,92.44,8729.95,8734.13,45.22,45.24
2.21312,1,0.0938,0.181,0.140,5.434,5.580,0.9887,0.00887,269.33,55.11,0.57674752,0.7324693503999999,2.35,7.187211e-09,5.865043e-09,7.428804e-09,6.049068e-09,94.80,93.70,8957.29,8852.88,46.61,45.97
2.21338,1,0.0939,0.181,0.140,5.434,5.580,0.9887,0.00887,269.33,55.11,0.57674648,0.7324680295999999,2.35,7.203031e-09,5.875818e-09,7.429776e-09,6.060539e-09,94.72,94.69,8949.15,8947.19,46.56,46.54
2.21362,1,0.0939,0.181,0.140,5.434,5.580,0.9887,0.00887,269.33,55.11,0.57674552,0.7324668104000001,2.35,7.224138e-09,5.887908e-09,7.469973e-09,6.089377e-09,94.27,94.36,8907.05,8915.80,46.30,46.35
2.21387,1,0.0939,0.181,0.140,5.434,5.580,0.9887,0.00887,269.33,55.11,0.57674452,0.7324655404,2.35,7.24395e-09,5.947232e-09,7.494397e-09,6.127884e-09,98.12,95.94,9270.93,9064.64,48.52,47.26
2.21413,1,0.0939,0.181,0.140,5.434,5.580,0.9887,0.00887,269.33,55.11,0.57674348,0.7324642196,2.35,7.269574e-09,5.970362e-09,7.507235e-09,6.146929e-09,98.31,96.67,9289.12,9134.30,48.63,47.69
2.21437,1,0.0939,0.181,0.140,5.434,5.580,0.9887,0.00887,269.33,55.11,0.5767425199999999,0.7324630003999999,2.35,7.293295e-09,6.009756e-09,7.547395e-09,6.19076e-09,100.17,97.63,9464.59,9224.33,49.70,48.24
2.21462,1,0.0940,0.181,0.139,5.434,5.580,0.9887,0.00887,269.33,55.11,0.57674152,0.7324617304000001,2.35,7.315126e-09,6.044632e-09,7.573774e-09,6.2166e-09,101.90,98.10,9627.93,9269.43,50.70,48.51
2.21488,1,0.0940,0.181,0.139,5.434,5.580,0.9887,0.00887,269.33,55.11,0.57674048,0.7324604096,2.35,7.339456e-09,6.113352e-09,7.591381e-09,6.258647e-09,106.79,100.58,10089.92,9503.26,53.52,49.94
2.21513,1,0.0940,0.181,0.139,5.434,5.580,0.9887,0.00887,269.33,55.11,0.57673948,0.7324591396,2.35,7.368545e-09,6.109599e-09,7.624797e-09,6.285079e-09,103.94,100.48,9820.67,9493.64,51.88,49.88
2.21537,1,0.0940,0.181,0.139,5.434,5.580,0.9887,0.00887,269.33,55.11,0.5767385199999999,0.7324579203999999,2.35,7.38701e-09,6.17345e-09,7.646381e-09,6.330233e-09,108.95,103.01,10294.43,9733.09,54.77,51.34
2.21563,1,0.0940,0.181,0.139,5.434,5.580,0.9887,0.00887,269.33,55.11,0.5767374799999999,0.7324565995999999,2.35,7.416792e-09,6.203449e-09,7.686059e-09,6.367135e-09,109.50,103.39,10346.30,9769.22,55.08,51.56
2.21588,1,0.0941,0.180,0.139,5.434,5.580,0.9887,0.00887,269.33,55.11,0.57673648,0.7324553296,2.35,7.438529e-09,6.273287e-09,7.697145e-09,6.407564e-09,115.42,106.53,10905.74,10065.16,58.50,53.37
2.21612,1,0.0941,0.180,0.139,5.434,5.580,0.9887,0.00887,269.33,55.11,0.57673552,0.7324541104,2.35,7.461578e-09,6.235002e-09,7.726235e-09,6.412793e-09,108.98,104.68,10297.18,9890.37,54.78,52.30
2.21638,1,0.0941,0.180,0.139,5.434,5.580,0.9887,0.00887,269.33,55.11,0.5767344799999999,0.7324527895999999,2.35,7.492572e-09,6.411373e-09,7.782061e-09,6.523687e-09,127.13,111.15,12012.17,10501.70,65.25,56.03
2.21663,1,0.0941,0.180,0.139,5.434,5.580,0.9887,0.00887,269.33,55.11,0.5767334799999999,0.7324515195999999,2.35,7.514989e-09,6.4062e-09,7.771235e-09,6.527205e-09,123.87,112.49,11703.82,10628.51,63.37,56.81
2.21687,1,0.0941,0.180,0.139,5.434,5.580,0.9887,0.00887,269.33,55.11,0.57673252,0.7324503003999999,2.35,7.542041e-09,6.405142e-09,7.811441e-09,6.543982e-09,120.79,110.69,11412.56,10458.86,61.59,55.77
2.21712,1,0.0942,0.180,0.139,5.434,5.580,0.9887,0.00887,269.33,55.11,0.5767315199999999,0.7324490304,2.35,7.559061e-09,6.470073e-09,7.828967e-09,6.603257e-09,127.51,115.62,12048.21,10924.64,65.47,58.61
2.21738,1,0.0942,0.180,0.139,5.434,5.580,0.9887,0.00887,269.33,55.11,0.5767304799999999,0.7324477095999999,2.35,7.633223e-09,6.529329e-09,7.853216e-09,6.644167e-09,126.94,117.94,11994.38,11143.80,65.14,59.95
2.21762,1,0.0942,0.180,0.139,5.434,5.580,0.9887,0.00887,269.33,55.11,0.57672952,0.7324464904,2.35,7.66258e-09,6.521966e-09,7.901387e-09,6.661052e-09,122.72,115.26,11595.15,10890.31,62.71,58.40
2.21787,1,0.0942,0.180,0.139,5.434,5.580,0.9887,0.00887,269.33,55.11,0.57672852,0.7324452203999999,2.35,7.63515e-09,6.584549e-09,7.904717e-09,6.706041e-09,134.51,120.07,12709.39,11344.91,69.51,61.18
2.21813,1,0.0942,0.180,0.139,5.434,5.580,0.9887,0.00887,269.33,55.11,0.57672748,0.7324438996,2.35,7.654737e-09,6.557288e-09,7.925906e-09,6.698532e-09,128.24,117.13,12116.48,11067.24,65.89,59.48
2.21837,1,0.0943,0.180,0.139,5.434,5.580,0.9887,0.00887,269.33,55.11,0.5767265199999999,0.7324426803999999,2.35,7.671767e-09,6.579629e-09,7.952859e-09,6.715391e-09,129.44,116.59,12229.83,11016.25,66.58,59.17
2.21862,1,0.0943,0.180,0.139,5.434,5.580,0.9887,0.00887,269.33,55.11,0.57672552,0.7324414104,2.35,7.698048e-09,6.601756e-09,7.971136e-09,6.742809e-09,129.38,117.94,12224.46,11143.54,66.55,59.95
2.21888,1,0.0943,0.180,0.139,5.434,5.580,0.9887,0.00887,269.33,55.11,0.57672448,0.7324400896,2.35,7.907981e-09,7.93846e-09,8.099722e-09,8.017016e-09,-5595.89,2082.62,-528727.67,196776.04,-3235.36,1193.03
2.21913,1,0.0943,0.180,0.139,5.434,5.580,0.9887,0.00887,269.33,55.11,0.57672348,0.7324388195999999,2.35,7.794084e-09,6.842819e-09,8.044965e-09,6.986674e-09,154.55,141.84,14602.59,13401.76,81.06,73.73
2.21937,1,0.0943,0.180,0.139,5.434,5.580,0.9887,0.00887,269.33,55.11,0.5767225199999999,0.7324376003999999,2.35,7.74065e-09,6.638808e-09,8.012578e-09,6.769468e-09,129.45,117.00,12231.15,11054.56,66.59,59.41
2.21963,1,0.0944,0.180,0.139,5.433,5.580,0.9887,0.00887,269.33,55.11,0.57672148,0.7324362796,2.35,7.756474e-09,6.575942e-09,8.020642e-09,6.735777e-09,119.80,112.75,11319.73,10653.35,61.02,56.96
2.21988,1,0.0944,0.180,0.139,5.433,5.580,0.9887,0.00887,269.33,55.11,0.57672048,0.7324350096,2.35,7.774673e-09,6.544103e-09,8.026558e-09,6.719773e-09,114.38,110.60,10806.86,10449.76,57.89,55.71
2.22012,1,0.0944,0.180,0.139,5.433,5.580,0.9887,0.00887,269.34,55.11,0.5767195199999999,0.7324337903999999,2.35,7.791045e-09,6.580085e-09,8.043474e-09,6.737942e-09,116.87,111.00,11042.25,10488.07,59.33,55.95
2.22038,1,0.0944,0.180,0.139,5.433,5.580,0.9887,0.00887,269.34,55.11,0.5767184799999999,0.7324324695999999,2.35,7.801125e-09,6.55918e-09,8.046077e-09,6.7294e-09,113.59,109.92,10732.55,10386.11,57.44,55.33
2.22063,1,0.0944,0.179,0.138,5.433,5.580,0.9887,0.00887,269.34,55.11,0.57671748,0.7324311996,2.35,7.813117e-09,6.468887e-09,8.049713e-09,6.667889e-09,103.50,103.78,9779.39,9805.99,51.62,51.79
2.22087,1,0.0945,0.179,0.138,5.433,5.580,0.9887,0.00887,269.34,55.11,0.57671652,0.7324299804,2.35,7.822855e-09,6.51703e-09,8.057228e-09,6.697199e-09,107.45,106.02,10152.65,10017.51,53.90,53.08
2.22112,1,0.0945,0.179,0.138,5.433,5.580,0.9887,0.00887,269.34,55.11,0.5767155199999999,0.7324287103999999,2.35,7.829789e-09,6.465903e-09,8.064732e-09,6.663289e-09,102.07,102.37,9644.19,9672.26,50.80,50.97
2.22138,1,0.0945,0.179,0.138,5.433,5.580,0.9887,0.00887,269.34,55.11,0.5767144799999999,0.7324273895999999,2.35,7.843173e-09,6.470189e-09,8.071966e-09,6.66869e-09,101.46,102.32,9586.64,9667.46,50.45,50.94
2.22162,1,0.0945,0.179,0.138,5.433,5.580,0.9887,0.00887,269.34,55.11,0.57671352,0.7324261704,2.35,7.848587e-09,6.43163e-09,8.0745e-09,6.638401e-09,97.73,99.52,9233.77,9403.60,48.29,49.33
2.22187,1,0.0945,0.179,0.138,5.433,5.580,0.9887,0.00887,269.34,55.11,0.57671252,0.7324249004,2.35,7.855467e-09,6.435499e-09,8.076553e-09,6.646169e-09,97.58,100.04,9219.74,9452.22,48.21,49.63
2.22213,1,0.0946,0.179,0.138,5.433,5.580,0.9887,0.00887,269.34,55.11,0.5767114799999999,0.7324235795999999,2.35,7.865503e-09,6.409441e-09,8.076568e-09,6.630845e-09,94.87,98.85,8964.24,9340.22,46.65,48.94
2.22237,1,0.0946,0.179,0.138,5.433,5.580,0.9887,0.00887,269.34,55.11,0.57671052,0.7324223604,2.35,7.868172e-09,6.391631e-09,8.078244e-09,6.626041e-09,93.30,98.34,8815.35,9291.81,45.74,48.65
2.22262,1,0.0946,0.179,0.138,5.433,5.580,0.9887,0.00887,269.34,55.11,0.57670952,0.7324210904,2.35,7.965674e-09,6.667768e-09,8.18345e-09,7.324313e-09,110.73,183.74,10461.90,17361.12,55.79,97.90
2.22288,1,0.0946,0.179,0.138,5.433,5.580,0.9887,0.00887,269.34,55.11,0.57670848,0.7324197696,2.35,8.58537e-09,8.245356e-09,8.774168e-09,1.132682e-08,522.66,-95.64,49383.96,-9036.28,293.36,-63.22
2.22313,1,0.0946,0.179,0.138,5.433,5.580,0.9887,0.00887,269.34,55.11,0.5767074799999999,0.7324184995999999,2.35,7.88521e-09,6.374299e-09,8.113665e-09,6.660344e-09,90.93,98.77,8591.46,9332.72,44.37,48.90
2.22337,1,0.0947,0.179,0.138,5.433,5.580,0.9887,0.00887,269.34,55.11,0.57670652,0.7324172804,2.35,7.884077e-09,6.36751e-09,8.129502e-09,6.643059e-09,90.59,96.42,8559.32,9110.69,44.18,47.54
2.22363,1,0.0947,0.179,0.138,5.433,5.580,0.9887,0.00887,269.34,55.11,0.57670548,0.7324159596,2.35,7.882369e-09,6.361658e-09,8.138604e-09,6.657e-09,90.26,96.94,8528.15,9159.63,43.99,47.84
2.22388,1,0.0947,0.179,0.138,5.433,5.580,0.9887,0.00887,269.34,55.11,0.57670448,0.7324146896,2.35,7.883654e-09,6.349082e-09,8.160945e-09,6.673801e-09,89.27,96.83,8434.41,9148.53,43.41,47.77
2.22412,1,0.0947,0.179,0.138,5.433,5.580,0.9887,0.00887,269.34,55.11,0.5767035199999999,0.7324134703999999,2.35,7.882525e-09,6.353203e-09,8.18213e-09,6.69916e-09,89.63,97.47,8468.86,9209.14,43.62,48.14
2.22438,1,0.0947,0.179,0.138,5.433,5.580,0.9887,0.00887,269.34,55.11,0.5767024799999999,0.7324121495999999,2.35,7.888314e-09,6.347757e-09,8.209995e-09,6.717822e-09,88.90,97.14,8399.89,9177.84,43.20,47.95
2.22463,1,0.0948,0.179,0.138,5.433,5.580,0.9887,0.00887,269.34,55.11,0.57670148,0.7324108796,2.35,7.89076e-09,6.335394e-09,8.239939e-09,6.745797e-09,87.98,97.51,8312.46,9213.62,42.67,48.17
2.22487,1,0.0948,0.179,0.138,5.433,5.580,0.9887,0.00887,269.34,55.11,0.5767005199999999,0.7324096603999999,2.35,7.891449e-09,6.381444e-09,8.27754e-09,6.844538e-09,91.28,103.16,8624.41,9747.34,44.57,51.43
2.22512,1,0.0948,0.178,0.138,5.433,5.580,0.9887,0.00887,269.34,55.11,0.5766995199999999,0.7324083903999999,2.35,7.893467e-09,6.32753e-09,8.30408e-09,6.812474e-09,87.27,98.64,8245.72,9320.07,42.26,48.82
2.22538,1,0.0948,0.178,0.138,5.433,5.580,0.9887,0.00887,269.34,55.11,0.57669848,0.7324070696,2.35,7.891176e-09,6.313762e-09,8.334406e-09,6.840877e-09,86.45,98.92,8167.91,9346.88,41.79,48.98
2.22562,1,0.0948,0.178,0.138,5.433,5.580,0.9887,0.00887,269.34,55.11,0.57669752,0.7324058504,2.35,7.892638e-09,6.311102e-09,8.372283e-09,6.875269e-09,86.19,99.19,8143.19,9372.00,41.63,49.13
2.22587,1,0.0949,0.178,0.138,5.433,5.580,0.9887,0.00887,269.34,55.11,0.5766965199999999,0.7324045803999999,2.35,7.896853e-09,6.312122e-09,8.409353e-09,6.91247e-09,86.12,99.84,8136.65,9433.46,41.59,49.51
2.22613,1,0.0949,0.178,0.138,5.433,5.580,0.9887,0.00887,269.34,55.11,0.5766954799999999,0.7324032596,2.35,7.905834e-09,6.315155e-09,8.446402e-09,6.950184e-09,85.83,100.43,8110.12,9489.15,41.43,49.85
2.22637,1,0.0949,0.178,0.138,5.433,5.580,0.9887,0.00887,269.34,55.11,0.57669452,0.7324020404,2.35,7.903894e-09,6.305783e-09,8.489579e-09,6.980073e-09,85.31,99.97,8060.42,9446.06,41.13,49.59
2.22662,1,0.0949,0.178,0.138,5.433,5.580,0.9887,0.00888,269.34,55.11,0.57669352,0.7324007704,2.35,7.958898e-09,6.434972e-09,8.702886e-09,7.278989e-09,91.29,110.52,8625.98,10442.83,44.58,55.67
2.22688,1,0.0949,0.178,0.137,5.433,5.580,0.9887,0.00888,269.34,55.11,0.57669248,0.7323994495999999,2.35,8.064498e-09,6.772313e-09,9.173582e-09,7.933735e-09,113.32,138.35,10706.76,13072.40,57.28,71.72
2.22713,1,0.0950,0.178,0.137,5.433,5.580,0.9887,0.00888,269.34,55.11,0.5766914799999999,0.7323981795999999,2.35,7.919565e-09,6.303666e-09,8.623124e-09,7.08078e-09,84.43,99.37,7977.77,9388.63,40.63,49.24
2.22737,1,0.0950,0.178,0.137,5.433,5.580,0.9887,0.00888,269.34,55.11,0.57669052,0.7323969604,2.35,7.927061e-09,6.305349e-09,8.67018e-09,7.110714e-09,84.15,98.69,7951.29,9324.80,40.46,48.85
2.22763,1,0.0950,0.178,0.137,5.433,5.580,0.9887,0.00888,269.34,55.11,0.57668948,0.7323956396,2.35,7.939181e-09,6.310962e-09,8.709269e-09,7.143343e-09,83.89,98.73,7926.57,9328.95,40.31,48.87
2.22788,1,0.0950,0.178,0.137,5.433,5.580,0.9887,0.00888,269.34,55.11,0.57668848,0.7323943695999999,2.35,7.951219e-09,6.338275e-09,8.772757e-09,7.188979e-09,85.05,98.25,8036.26,9282.72,40.98,48.59
2.22812,1,0.0950,0.178,0.137,5.433,5.580,0.9887,0.00888,269.34,55.11,0.57668752,0.7323931504,2.35,7.953847e-09,6.316897e-09,8.794055e-09,7.19545e-09,83.52,97.42,7891.70,9204.90,40.10,48.11
2.22838,1,0.0951,0.178,0.137,5.432,5.580,0.9887,0.00888,269.34,55.11,0.57668648,0.7323918296,2.35,7.967249e-09,6.322615e-09,8.83404e-09,7.220223e-09,83.30,96.94,7870.20,9159.14,39.97,47.84
2.22863,1,0.0951,0.178,0.137,5.432,5.580,0.9887,0.00888,269.34,55.11,0.57668548,0.7323905596,2.35,7.984202e-09,6.347731e-09,8.893404e-09,7.264115e-09,84.04,96.60,7940.88,9127.31,40.40,47.64
2.22887,1,0.0951,0.178,0.137,5.432,5.580,0.9887,0.00888,269.34,55.11,0.5766845199999999,0.7323893403999999,2.35,8.223377e-09,6.859604e-09,9.790804e-09,8.252949e-09,108.98,116.28,10297.11,10986.32,54.78,58.99
2.22912,1,0.0951,0.178,0.137,5.432,5.580,0.9887,0.00888,269.34,55.11,0.57668352,0.7323880704,2.35,8.01823e-09,6.378662e-09,8.976491e-09,7.293449e-09,84.29,93.89,7964.50,8871.49,40.54,46.08
2.22938,1,0.0952,0.178,0.137,5.432,5.580,0.9887,0.00888,269.34,55.11,0.57668248,0.7323867496,2.35,8.022724e-09,6.36263e-09,8.96995e-09,7.258333e-09,83.13,91.98,7854.49,8690.49,39.87,44.97
2.22962,1,0.0952,0.178,0.137,5.432,5.580,0.9887,0.00888,269.34,55.11,0.57668152,0.7323855304,2.35,8.042699e-09,6.375013e-09,8.987413e-09,7.264594e-09,82.91,91.46,7833.95,8641.43,39.75,44.68
2.22987,1,0.0952,0.177,0.137,5.432,5.580,0.9887,0.00888,269.34,55.11,0.5766805199999999,0.7323842603999999,2.35,8.054227e-09,6.377451e-09,9.009106e-09,7.254836e-09,82.49,89.69,7794.10,8474.71,39.50,43.66
2.23013,1,0.0952,0.177,0.137,5.432,5.580,0.9887,0.00888,269.34,55.11,0.5766794799999999,0.7323829395999999,2.35,8.078635e-09,6.398402e-09,9.041016e-09,7.260393e-09,82.59,88.43,7803.62,8355.68,39.56,42.93
2.23037,1,0.0952,0.177,0.137,5.432,5.580,0.9887,0.00888,269.34,55.11,0.57667852,0.7323817203999999,2.35,8.097078e-09,6.417218e-09,9.046603e-09,7.251021e-09,82.85,87.58,7828.30,8275.38,39.71,42.44
2.23062,1,0.0953,0.177,0.137,5.432,5.580,0.9887,0.00888,269.34,55.11,0.5766775199999999,0.7323804504,2.35,8.1175e-09,6.430388e-09,9.067342e-09,7.249277e-09,82.75,86.57,7818.84,8179.64,39.65,41.86
2.23088,1,0.0953,0.177,0.137,5.432,5.580,0.9887,0.00888,269.34,55.11,0.5766764799999999,0.7323791296,2.35,8.13788e-09,6.450591e-09,9.082629e-09,7.241034e-09,83.00,85.37,7842.58,8065.95,39.80,41.16
2.23113,1,0.0953,0.177,0.137,5.432,5.580,0.9887,0.00888,269.34,55.11,0.5766754799999999,0.7323778595999999,2.35,8.162185e-09,6.468359e-09,9.095683e-09,7.233463e-09,82.91,84.33,7833.83,7968.27,39.75,40.57
2.23137,1,0.0953,0.177,0.137,5.432,5.580,0.9887,0.00888,269.34,55.11,0.57667452,0.7323766404,2.35,8.184915e-09,6.492033e-09,9.104184e-09,7.222031e-09,83.26,83.31,7866.89,7871.43,39.95,39.98
2.23163,1,0.0953,0.177,0.137,5.432,5.580,0.9887,0.00888,269.34,55.11,0.57667348,0.7323753195999999,2.35,8.205506e-09,6.517659e-09,9.109347e-09,7.217995e-09,83.84,82.86,7921.50,7828.76,40.28,39.71
2.23188,1,0.0954,0.177,0.137,5.432,5.580,0.9887,0.00888,269.34,55.11,0.5766724799999999,0.7323740496,2.35,8.226921e-09,6.545107e-09,9.119212e-09,7.212179e-09,84.58,82.20,7991.76,7766.26,40.71,39.33
2.23212,1,0.0954,0.177,0.137,5.432,5.580,0.9887,0.00888,269.34,55.11,0.57667152,0.7323728304,2.35,8.256494e-09,6.564457e-09,9.122902e-09,7.197518e-09,84.32,81.25,7966.96,7676.60,40.56,38.79
2.23238,1,0.0954,0.177,0.137,5.432,5.580,0.9887,0.00888,269.34,55.11,0.57667048,0.7323715096,2.35,8.283878e-09,6.594497e-09,9.12315e-09,7.188681e-09,84.84,80.77,8016.00,7631.17,40.86,38.51
2.23263,1,0.0954,0.177,0.137,5.432,5.580,0.9887,0.00888,269.34,55.11,0.57666948,0.7323702395999999,2.35,8.308129e-09,6.616042e-09,9.108639e-09,7.170571e-09,84.98,80.41,8029.33,7597.81,40.94,38.30
2.23287,1,0.0954,0.177,0.137,5.432,5.580,0.9887,0.00888,269.34,55.11,0.5766685199999999,0.7323690203999998,2.35,8.319896e-09,6.645398e-09,9.092051e-09,7.164034e-09,86.25,80.76,8149.67,7630.45,41.67,38.50
2.23312,1,0.0955,0.177,0.136,5.432,5.580,0.9887,0.00888,269.34,55.11,0.57666752,0.7323677504,2.35,8.344239e-09,6.669009e-09,9.062071e-09,7.146597e-09,86.62,81.18,8183.98,7670.10,41.88,38.75
2.23338,1,0.0955,0.177,0.136,5.432,5.580,0.9887,0.00888,269.34,55.11,0.57666648,0.7323664296,2.35,8.36357e-09,6.68925e-09,9.040572e-09,7.1249e-09,86.93,80.92,8213.28,7646.02,42.06,38.60
2.23362,1,0.0955,0.177,0.136,5.432,5.580,0.9887,0.00888,269.34,55.11,0.5766655199999999,0.7323652103999999,2.35,8.372509e-09,6.716644e-09,9.013291e-09,7.104247e-09,88.26,80.97,8338.83,7650.32,42.83,38.63
2.23387,1,0.0955,0.177,0.136,5.432,5.580,0.9887,0.00888,269.34,55.11,0.57666452,0.7323639404000001,2.35,8.388121e-09,6.741623e-09,8.9821e-09,7.088305e-09,89.09,81.44,8417.46,7694.62,43.31,38.90
2.23413,1,0.0955,0.177,0.136,5.432,5.580,0.9887,0.00888,269.34,55.11,0.57666348,0.7323626196,2.35,8.401117e-09,6.763095e-09,8.944579e-09,7.068109e-09,89.83,81.96,8487.96,7743.54,43.74,39.19
2.23438,1,0.0956,0.177,0.136,5.432,5.580,0.9887,0.00888,269.34,55.11,0.57666248,0.7323613496,2.35,8.424275e-09,6.783214e-09,8.913828e-09,7.044299e-09,90.03,82.07,8506.33,7754.20,43.85,39.26
2.23462,1,0.0956,0.176,0.136,5.432,5.580,0.9887,0.00888,269.34,55.11,0.5766615199999999,0.7323601303999999,2.35,8.429426e-09,6.811897e-09,8.879992e-09,7.041375e-09,91.72,83.41,8666.18,7880.93,44.83,40.03
2.23488,1,0.0956,0.176,0.136,5.432,5.580,0.9887,0.00888,269.34,55.11,0.5766604799999999,0.7323588095999999,2.35,8.445982e-09,6.838545e-09,8.853986e-09,7.06707e-09,92.66,86.14,8754.70,8138.54,45.37,41.61
2.23513,1,0.0956,0.176,0.136,5.432,5.580,0.9887,0.00888,269.34,55.11,0.57665948,0.7323575396,2.35,8.459957e-09,6.845651e-09,8.819162e-09,6.99371e-09,92.36,83.44,8726.51,7884.04,45.19,40.05
2.23537,1,0.0956,0.176,0.136,5.432,5.580,0.9887,0.00888,269.34,55.11,0.57665852,0.7323563204,2.35,8.466261e-09,6.87721e-09,8.790161e-09,6.99329e-09,94.26,84.76,8906.07,8008.96,46.29,40.81
2.23563,1,0.0957,0.176,0.136,5.432,5.580,0.9887,0.00888,269.34,55.11,0.57665748,0.7323549996,2.35,8.475713e-09,6.91222e-09,8.769632e-09,7.028304e-09,96.39,88.00,9107.23,8314.47,47.52,42.68
2.23588,1,0.0957,0.176,0.136,5.432,5.580,0.9887,0.00888,269.34,55.11,0.5766564799999999,0.7323537295999999,2.35,8.521725e-09,7.059862e-09,8.781923e-09,7.837209e-09,105.29,180.87,9948.42,17089.36,52.65,96.23
2.23612,1,0.0957,0.176,0.136,5.432,5.580,0.9887,0.00888,269.34,55.11,0.57665552,0.7323525103999999,2.35,8.485317e-09,6.945281e-09,8.731688e-09,6.981986e-09,98.32,87.00,9290.17,8220.15,48.63,42.10
2.23637,1,0.0957,0.176,0.136,5.432,5.580,0.9887,0.00888,269.34,55.11,0.57665452,0.7323512404,2.35,8.494623e-09,6.943868e-09,8.717721e-09,6.962298e-09,97.62,86.47,9224.08,8170.25,48.23,41.80
2.23663,1,0.0957,0.176,0.136,5.432,5.580,0.9887,0.00888,269.34,55.11,0.5766534799999999,0.7323499196,2.35,8.492727e-09,7.025267e-09,8.705872e-09,7.075542e-09,104.38,94.62,9861.92,8940.23,52.12,46.50
2.23687,1,0.0958,0.176,0.136,5.431,5.580,0.9887,0.00888,269.34,55.11,0.57665252,0.7323487004,2.35,8.754972e-09,7.800499e-09,8.904186e-09,1.217238e-08,178.37,-81.29,16852.96,-7680.42,94.79,-54.94
2.23712,1,0.0958,0.176,0.136,5.431,5.580,0.9887,0.00888,269.34,55.11,0.57665152,0.7323474303999999,2.35,8.493171e-09,7.029765e-09,8.677162e-09,6.99151e-09,104.84,90.52,9905.89,8553.04,52.39,44.13
2.23738,1,0.0958,0.176,0.136,5.431,5.580,0.9887,0.00888,269.34,55.11,0.57665048,0.7323461096,2.35,8.492226e-09,6.971212e-09,8.667528e-09,6.944391e-09,100.03,87.96,9451.32,8310.59,49.62,42.65
2.23762,1,0.0958,0.176,0.136,5.431,5.580,0.9887,0.00888,269.34,55.11,0.5766495199999999,0.7323448904,2.35,8.491506e-09,7.080307e-09,8.662885e-09,7.025998e-09,109.50,93.68,10346.21,8851.29,55.08,45.95
2.23787,1,0.0958,0.176,0.136,5.431,5.580,0.9887,0.00888,269.34,55.11,0.57664852,0.7323436204,2.35,8.654346e-09,7.539863e-09,8.793073e-09,1.046017e-08,147.65,-136.94,13951.07,-12938.84,77.08,-87.03
2.23813,1,0.0959,0.176,0.136,5.431,5.580,0.9887,0.00888,269.34,55.11,0.57664748,0.7323422996,2.35,8.489569e-09,7.055811e-09,8.652157e-09,6.986938e-09,107.52,91.67,10158.76,8661.34,53.93,44.79
2.23838,1,0.0959,0.176,0.136,5.431,5.580,0.9887,0.00888,269.34,55.11,0.57664648,0.7323410295999999,2.35,8.488479e-09,7.032248e-09,8.649816e-09,6.968237e-09,105.50,90.53,9968.59,8554.12,52.77,44.14
2.23862,1,0.0959,0.176,0.136,5.431,5.580,0.9887,0.00888,269.34,55.11,0.5766455199999999,0.7323398103999998,2.35,8.485098e-09,7.114276e-09,8.650176e-09,7.01696e-09,113.39,93.87,10713.20,8869.01,57.32,46.06
2.23888,1,0.0959,0.176,0.136,5.431,5.580,0.9887,0.00888,269.35,55.11,0.57664448,0.7323384896,2.35,8.763391e-09,7.874817e-09,8.901341e-09,1.220867e-08,193.62,-80.65,18294.33,-7620.10,103.58,-54.57
2.23913,1,0.0959,0.176,0.136,5.431,5.580,0.9887,0.00888,269.35,55.11,0.57664348,0.7323372196,2.35,8.485705e-09,7.110593e-09,8.65696e-09,7.022067e-09,112.97,93.84,10674.25,8866.36,57.08,46.05
2.23937,1,0.0960,0.175,0.135,5.431,5.580,0.9887,0.00888,269.35,55.11,0.5766425199999999,0.7323360003999999,2.35,8.486614e-09,7.187712e-09,8.652356e-09,7.041621e-09,121.02,95.61,11434.99,9033.79,61.72,47.07
2.23963,1,0.0960,0.175,0.135,5.431,5.580,0.9887,0.00888,269.35,55.11,0.5766414799999999,0.7323346795999999,2.35,8.477318e-09,7.145261e-09,8.647518e-09,7.02019e-09,117.32,94.35,11084.52,8914.46,59.58,46.34
2.23988,1,0.0960,0.175,0.135,5.431,5.580,0.9887,0.00888,269.35,55.11,0.57664048,0.7323334096,2.35,8.522322e-09,7.24246e-09,8.697969e-09,7.987997e-09,123.76,246.07,11693.50,23249.74,63.30,133.83
2.24012,1,0.0960,0.175,0.135,5.431,5.580,0.9887,0.00888,269.35,55.11,0.57663952,0.7323321904,2.35,8.444769e-09,7.015806e-09,8.631283e-09,6.944556e-09,107.38,90.04,10145.61,8507.88,53.85,43.86
2.24037,1,0.0960,0.175,0.135,5.431,5.580,0.9887,0.00888,269.35,55.11,0.5766385199999999,0.7323309203999999,2.35,8.435992e-09,6.957723e-09,8.617474e-09,6.903992e-09,102.94,88.12,9726.02,8326.11,51.29,42.75
2.24063,1,0.0961,0.175,0.135,5.431,5.580,0.9887,0.00888,269.35,55.11,0.5766374799999999,0.7323295995999999,2.35,8.423886e-09,6.957695e-09,8.609514e-09,6.900317e-09,103.89,88.39,9816.30,8351.22,51.84,42.90
2.24087,1,0.0961,0.175,0.135,5.431,5.580,0.9887,0.00888,269.35,55.11,0.57663652,0.7323283804,2.35,8.430413e-09,6.989816e-09,8.61259e-09,6.988163e-09,106.23,94.18,10036.82,8898.89,53.19,46.24
2.24112,1,0.0961,0.175,0.135,5.431,5.580,0.9887,0.00888,269.35,55.11,0.57663552,0.7323271104,2.35,8.478605e-09,7.693059e-09,8.651426e-09,7.263772e-09,214.41,114.60,20258.17,10828.14,115.57,58.02
2.24138,1,0.0961,0.175,0.135,5.431,5.580,0.9887,0.00888,269.35,55.11,0.57663448,0.7323257895999999,2.35,8.424735e-09,7.02246e-09,8.59655e-09,6.920254e-09,109.64,90.38,10359.26,8539.73,55.16,44.05
2.24162,1,0.0961,0.175,0.135,5.431,5.580,0.9887,0.00888,269.35,55.11,0.57663352,0.7323245704,2.35,8.407676e-09,6.902823e-09,8.56951e-09,6.856512e-09,100.43,87.63,9488.67,8279.79,49.84,42.47
2.24187,1,0.0962,0.175,0.135,5.431,5.580,0.9887,0.00888,269.35,55.11,0.57663252,0.7323233003999999,2.35,8.440726e-09,6.923199e-09,8.582615e-09,6.911496e-09,99.98,90.64,9447.00,8564.23,49.59,44.20
2.24213,1,0.0962,0.175,0.135,5.431,5.580,0.9887,0.00888,269.35,55.11,0.57663148,0.7323219796,2.35,8.398287e-09,6.892319e-09,8.548951e-09,6.837605e-09,100.30,87.56,9477.05,8273.51,49.77,42.43
2.24238,1,0.0962,0.175,0.135,5.431,5.580,0.9887,0.00888,269.35,55.11,0.57663048,0.7323207096,2.35,8.394061e-09,6.808943e-09,8.525346e-09,6.786516e-09,94.14,85.54,8894.91,8081.90,46.22,41.26
2.24262,1,0.0962,0.175,0.135,5.431,5.580,0.9887,0.00888,269.35,55.11,0.57662952,0.7323194904,2.35,8.390944e-09,6.835032e-09,8.512599e-09,6.794795e-09,96.28,86.69,9096.60,8190.80,47.45,41.92
2.24288,1,0.0962,0.175,0.135,5.431,5.580,0.9887,0.00888,269.35,55.11,0.57662848,0.7323181696,2.35,9.827635e-09,9.496747e-09,9.686038e-09,1.001181e-08,629.01,-673.53,59431.62,-63638.88,354.64,-396.44
2.24313,1,0.0963,0.175,0.135,5.431,5.580,0.9887,0.00888,269.35,55.11,0.57662748,0.7323168996,2.35,8.394314e-09,6.817634e-09,8.476857e-09,6.767247e-09,94.86,86.84,8963.22,8205.20,46.64,42.01
2.24337,1,0.0963,0.175,0.135,5.431,5.580,0.9887,0.00888,269.35,55.11,0.5766265199999999,0.7323156804,2.35,8.390296e-09,6.783394e-09,8.458363e-09,6.73245e-09,92.61,85.58,8750.48,8085.90,45.34,41.28
2.24363,1,0.0963,0.175,0.135,5.431,5.580,0.9887,0.00888,269.35,55.11,0.5766254799999999,0.7323143595999999,2.35,8.391442e-09,6.763459e-09,8.442991e-09,6.71148e-09,91.14,85.04,8611.78,8034.65,44.49,40.97
2.24388,1,0.0963,0.175,0.135,5.431,5.580,0.9887,0.00888,269.35,55.11,0.57662448,0.7323130896,2.35,8.420907e-09,6.810452e-09,8.441167e-09,6.758126e-09,92.78,88.09,8766.00,8323.49,45.43,42.73
2.24412,1,0.0964,0.174,0.135,5.431,5.580,0.9887,0.00888,269.35,55.11,0.57662352,0.7323118703999999,2.35,8.386008e-09,6.733043e-09,8.394285e-09,6.669192e-09,89.45,84.90,8451.85,8021.67,43.52,40.89
2.24437,1,0.0964,0.174,0.135,5.431,5.580,0.9887,0.00888,269.35,55.11,0.5766225199999999,0.7323106004,2.35,8.390993e-09,6.859999e-09,8.383408e-09,6.737273e-09,98.40,89.88,9297.26,8492.25,48.67,43.76
2.24463,1,0.0964,0.174,0.135,5.431,5.580,0.9887,0.00888,269.35,55.11,0.5766214799999999,0.7323092795999999,2.35,8.404862e-09,7.342838e-09,8.401321e-09,7.040232e-09,151.83,113.59,14346.10,10732.59,79.49,57.43
2.24487,1,0.0964,0.174,0.135,5.431,5.580,0.9887,0.00888,269.35,55.11,0.57662052,0.7323080604,2.35,8.391203e-09,6.744524e-09,8.329222e-09,6.640097e-09,89.95,86.33,8498.58,8156.74,43.80,41.71
2.24512,1,0.0964,0.174,0.135,5.431,5.580,0.9887,0.00888,269.35,55.11,0.5766195199999999,0.7323067903999999,2.35,8.391567e-09,6.702019e-09,8.308786e-09,6.602666e-09,87.11,84.99,8230.75,8029.97,42.17,40.94
2.24538,1,0.0965,0.174,0.135,5.430,5.580,0.9887,0.00888,269.35,55.11,0.5766184799999999,0.7323054696,2.35,8.395197e-09,6.69435e-09,8.285395e-09,6.582877e-09,86.52,85.00,8175.17,8031.15,41.83,40.95
2.24562,1,0.0965,0.174,0.135,5.430,5.580,0.9887,0.00888,269.35,55.11,0.57661752,0.7323042504,2.35,8.404191e-09,6.700734e-09,8.267038e-09,6.579967e-09,86.47,85.74,8170.43,8101.10,41.80,41.37
2.24587,1,0.0965,0.174,0.134,5.430,5.580,0.9887,0.00888,269.35,55.11,0.57661652,0.7323029804,2.35,8.404609e-09,6.689307e-09,8.242301e-09,6.554416e-09,85.73,85.37,8100.54,8066.12,41.37,41.16
2.24613,1,0.0965,0.174,0.134,5.430,5.580,0.9887,0.00888,269.35,55.11,0.57661548,0.7323016595999999,2.35,8.403953e-09,6.718695e-09,8.233775e-09,6.565853e-09,87.65,86.54,8281.18,8176.90,42.47,41.84
2.24638,1,0.0965,0.174,0.134,5.430,5.580,0.9887,0.00888,269.35,55.11,0.5766144799999999,0.7323003895999999,2.35,8.402798e-09,6.726209e-09,8.211368e-09,6.559306e-09,88.20,87.29,8333.30,8247.17,42.79,42.27
2.24662,1,0.0966,0.174,0.134,5.430,5.580,0.9887,0.00888,269.35,55.11,0.57661352,0.7322991704,2.35,8.401586e-09,6.685072e-09,8.203416e-09,6.515319e-09,85.71,84.94,8098.06,8025.29,41.36,40.91
2.24688,1,0.0966,0.174,0.134,5.430,5.580,0.9887,0.00888,269.35,55.11,0.57661248,0.7322978496,2.35,8.408732e-09,6.682658e-09,8.177997e-09,6.503309e-09,85.20,85.46,8050.30,8074.64,41.06,41.21
2.24713,1,0.0966,0.174,0.134,5.430,5.580,0.9887,0.00888,269.35,55.11,0.57661148,0.7322965795999999,2.35,8.39835e-09,6.682385e-09,8.153331e-09,6.485822e-09,85.70,85.60,8097.40,8087.59,41.35,41.29
2.24737,1,0.0966,0.174,0.134,5.430,5.580,0.9887,0.00888,269.35,55.11,0.5766105199999999,0.7322953603999999,2.35,8.404497e-09,6.677067e-09,8.140946e-09,6.473949e-09,85.06,85.47,8037.25,8075.27,40.98,41.22
2.24763,1,0.0966,0.174,0.134,5.430,5.580,0.9887,0.00888,269.35,55.11,0.57660948,0.7322940396000001,2.35,8.410338e-09,6.676917e-09,8.122486e-09,6.463181e-09,84.77,85.72,8009.30,8099.21,40.81,41.36
2.24788,1,0.0967,0.174,0.134,5.430,5.580,0.9887,0.00888,269.35,55.11,0.57660848,0.7322927696,2.35,8.409875e-09,6.680074e-09,8.106438e-09,6.449292e-09,85.07,85.74,8038.15,8100.69,40.99,41.37
2.24812,1,0.0967,0.174,0.134,5.430,5.580,0.9887,0.00888,269.35,55.11,0.5766075199999999,0.7322915503999999,2.35,8.419051e-09,6.683148e-09,8.095907e-09,6.434707e-09,84.81,85.33,8013.58,8062.65,40.84,41.14
2.24837,1,0.0967,0.174,0.134,5.430,5.580,0.9887,0.00888,269.35,55.11,0.57660652,0.7322902804,2.35,8.430456e-09,6.68316e-09,8.077562e-09,6.424276e-09,84.26,85.60,7961.34,8088.11,40.52,41.29
2.24863,1,0.0967,0.174,0.134,5.430,5.580,0.9887,0.00888,269.35,55.11,0.57660548,0.7322889596000001,2.35,8.431741e-09,6.689824e-09,8.064233e-09,6.413639e-09,84.60,85.60,7993.89,8087.89,40.72,41.29
2.24887,1,0.0967,0.174,0.134,5.430,5.580,0.9887,0.00888,269.35,55.11,0.57660452,0.7322877404,2.35,8.44102e-09,6.69014e-09,8.048121e-09,6.399891e-09,84.18,85.54,7953.34,8082.13,40.47,41.26
2.24912,1,0.0968,0.173,0.134,5.430,5.580,0.9887,0.00888,269.35,55.11,0.5766035199999999,0.7322864704,2.35,8.442627e-09,6.692249e-09,8.026041e-09,6.386893e-09,84.31,85.92,7965.99,8118.41,40.55,41.48
2.24938,1,0.0968,0.173,0.134,5.430,5.580,0.9887,0.00888,269.35,55.11,0.5766024799999999,0.7322851495999999,2.35,8.451147e-09,6.696042e-09,8.016398e-09,6.378639e-09,84.13,85.88,7949.04,8114.79,40.45,41.46
2.24962,1,0.0968,0.173,0.134,5.430,5.580,0.9887,0.00888,269.35,55.11,0.57660152,0.7322839304,2.35,8.457561e-09,6.69688e-09,7.999691e-09,6.36261e-09,83.87,85.70,7924.85,8097.75,40.30,41.35
2.24987,1,0.0968,0.173,0.134,5.430,5.580,0.9887,0.00888,269.35,55.11,0.57660052,0.7322826603999999,2.35,8.46428e-09,6.7009e-09,7.978627e-09,6.349013e-09,83.80,85.91,7917.47,8117.47,40.25,41.47
2.25013,1,0.0968,0.173,0.134,5.430,5.580,0.9887,0.00888,269.35,55.11,0.5765994799999999,0.7322813396,2.35,8.467243e-09,6.711619e-09,7.970566e-09,6.337973e-09,84.30,85.61,7965.17,8088.57,40.54,41.30
2.25038,1,0.0969,0.173,0.134,5.430,5.580,0.9887,0.00888,269.35,55.11,0.5765984799999999,0.7322800695999999,2.35,8.578199e-09,6.841772e-09,8.08615e-09,6.489547e-09,86.98,89.72,8217.87,8477.43,42.09,43.67
2.25062,1,0.0969,0.173,0.134,5.430,5.580,0.9887,0.00888,269.35,55.11,0.57659752,0.7322788504,2.35,8.488212e-09,6.712695e-09,7.948731e-09,6.309544e-09,83.46,84.97,7885.32,8028.17,40.06,40.93
2.25088,1,0.0969,0.173,0.134,5.430,5.580,0.9887,0.00888,269.35,55.11,0.57659648,0.7322775295999999,2.35,8.48229e-09,6.714295e-09,7.916241e-09,6.291896e-09,83.83,85.50,7920.75,8078.86,40.27,41.24
2.25113,1,0.0969,0.173,0.134,5.430,5.580,0.9887,0.00888,269.35,55.11,0.5765954799999999,0.7322762596,2.35,8.489417e-09,6.721806e-09,7.89843e-09,6.282154e-09,83.94,85.80,7931.33,8106.62,40.34,41.41
2.25137,1,0.0969,0.173,0.134,5.430,5.580,0.9887,0.00888,269.35,55.11,0.57659452,0.7322750404,2.35,8.501643e-09,6.733185e-09,7.883271e-09,6.271299e-09,84.04,85.88,7940.96,8114.22,40.40,41.45
2.25163,1,0.0970,0.173,0.134,5.430,5.580,0.9887,0.00888,269.35,55.11,0.57659348,0.7322737196,2.35,8.5048e-09,6.742245e-09,7.870059e-09,6.25099e-09,84.53,85.31,7986.49,8060.79,40.67,41.13
2.25188,1,0.0970,0.173,0.134,5.430,5.580,0.9887,0.00888,269.35,55.11,0.57659248,0.7322724495999999,2.35,8.516246e-09,6.754735e-09,7.85303e-09,6.242733e-09,84.73,85.66,8006.03,8094.00,40.79,41.33
2.25212,1,0.0970,0.173,0.134,5.430,5.580,0.9887,0.00888,269.35,55.11,0.5765915199999999,0.7322712303999999,2.35,8.536725e-09,6.780341e-09,7.854597e-09,6.262085e-09,85.30,86.89,8059.84,8209.76,41.12,42.04
2.25237,1,0.0970,0.173,0.133,5.430,5.580,0.9887,0.00888,269.35,55.11,0.57659052,0.7322699604,2.35,8.563861e-09,6.835065e-09,7.869317e-09,6.345668e-09,87.37,92.03,8254.92,8695.73,42.31,45.00
2.25263,1,0.0970,0.173,0.133,5.430,5.580,0.9887,0.00888,269.35,55.11,0.57658948,0.7322686396,2.35,8.609512e-09,6.872633e-09,7.896935e-09,6.401693e-09,87.44,94.61,8261.66,8939.17,42.35,46.49
2.25287,1,0.0971,0.173,0.133,5.429,5.580,0.9887,0.00888,269.35,55.11,0.5765885199999999,0.7322674203999999,2.35,8.652852e-09,6.923177e-09,7.910073e-09,6.487955e-09,88.54,100.92,8365.68,9535.26,42.99,50.13
2.25312,1,0.0971,0.173,0.133,5.429,5.580,0.9887,0.00888,269.35,55.11,0.5765875199999999,0.7322661503999999,2.35,8.671767e-09,7.365213e-09,7.948093e-09,6.880543e-09,124.70,142.57,11781.98,13470.85,63.84,74.14
2.25338,1,0.0971,0.173,0.133,5.429,5.580,0.9887,0.00888,269.35,55.11,0.57658648,0.7322648296000001,2.35,8.916655e-09,8.489822e-09,8.27165e-09,7.915846e-09,439.99,492.13,41572.02,46499.36,245.63,275.70
2.25362,1,0.0971,0.173,0.133,5.429,5.580,0.9887,0.00888,269.35,55.11,0.57658552,0.7322636104,2.35,8.548851e-09,6.81847e-09,7.790182e-09,6.212553e-09,87.17,87.11,8235.80,8230.49,42.20,42.16
2.25387,1,0.0971,0.173,0.133,5.429,5.580,0.9887,0.00888,269.35,55.11,0.5765845199999999,0.7322623403999999,2.35,8.530108e-09,6.804397e-09,7.775121e-09,6.194642e-09,87.22,86.70,8241.04,8191.96,42.23,41.93
2.25413,1,0.0972,0.172,0.133,5.429,5.580,0.9887,0.00888,269.35,55.11,0.5765834799999999,0.7322610195999999,2.35,8.529484e-09,6.798529e-09,7.7668e-09,6.194425e-09,86.97,87.23,8217.06,8241.99,42.08,42.23
2.25438,1,0.0972,0.172,0.133,5.429,5.580,0.9887,0.00888,269.35,55.11,0.57658248,0.7322597496000001,2.35,8.524566e-09,6.792321e-09,7.768585e-09,6.19031e-09,86.82,86.85,8203.44,8205.72,42.00,42.01
2.25462,1,0.0972,0.172,0.133,5.429,5.580,0.9887,0.00888,269.35,55.11,0.57658152,0.7322585304,2.35,8.523534e-09,6.775326e-09,7.765957e-09,6.189337e-09,85.81,86.92,8108.20,8213.05,41.42,42.06
2.25488,1,0.0972,0.172,0.133,5.429,5.580,0.9887,0.00888,269.35,55.11,0.57658048,0.7322572096,2.35,8.512505e-09,6.762011e-09,7.760695e-09,6.198416e-09,85.53,87.85,8081.69,8300.60,41.25,42.59
2.25513,1,0.0972,0.172,0.133,5.429,5.580,0.9887,0.00888,269.35,55.11,0.5765794799999999,0.7322559395999999,2.35,8.507612e-09,6.756135e-09,7.759783e-09,6.203595e-09,85.41,88.27,8070.14,8340.05,41.18,42.83
2.25537,1,0.0973,0.172,0.133,5.429,5.580,0.9887,0.00888,269.35,55.11,0.57657852,0.7322547204,2.35,8.501587e-09,6.744223e-09,7.759897e-09,6.206056e-09,85.06,88.53,8037.17,8364.54,40.98,42.98
2.25563,1,0.0973,0.172,0.133,5.429,5.580,0.9887,0.00888,269.35,55.11,0.57657748,0.7322533996,2.35,8.47962e-09,6.731642e-09,7.764339e-09,6.20323e-09,85.36,88.08,8065.25,8321.81,41.15,42.72
2.25588,1,0.0973,0.172,0.133,5.429,5.580,0.9887,0.00888,269.35,55.11,0.57657648,0.7322521296,2.35,8.46473e-09,6.721977e-09,7.766532e-09,6.211498e-09,85.49,88.54,8077.82,8365.45,41.23,42.99
2.25612,1,0.0973,0.172,0.133,5.429,5.580,0.9887,0.00888,269.35,55.11,0.57657552,0.7322509104,2.35,8.464624e-09,6.763926e-09,7.766316e-09,6.242368e-09,88.15,90.79,8329.22,8578.52,42.76,44.29
2.25637,1,0.0973,0.172,0.133,5.429,5.580,0.9887,0.00888,269.35,55.11,0.57657452,0.7322496404,2.35,8.665465e-09,1.094425e-08,7.819135e-09,8.695024e-09,-106.45,-220.03,-10058.09,-20790.01,-69.44,-134.93
2.25663,1,0.0974,0.172,0.133,5.429,5.580,0.9887,0.00888,269.35,55.11,0.57657348,0.7322483195999999,2.35,8.451453e-09,6.759723e-09,7.773113e-09,6.25838e-09,88.66,91.67,8376.76,8661.72,43.05,44.79
2.25687,1,0.0974,0.172,0.133,5.429,5.580,0.9887,0.00889,269.35,55.11,0.5765725199999999,0.7322471004,2.35,8.440262e-09,6.707271e-09,7.786849e-09,6.227691e-09,85.87,88.62,8113.87,8373.66,41.45,43.04
2.25712,1,0.0974,0.172,0.133,5.429,5.580,0.9887,0.00889,269.35,55.11,0.57657152,0.7322458304,2.35,8.436439e-09,6.700938e-09,7.780544e-09,6.230385e-09,85.67,89.18,8094.48,8425.91,41.33,43.35
2.25738,1,0.0974,0.172,0.133,5.429,5.580,0.9887,0.00889,269.35,55.11,0.57657048,0.7322445096,2.35,8.431096e-09,6.693604e-09,7.791087e-09,6.223633e-09,85.48,88.10,8076.36,8323.91,41.22,42.73
2.25762,1,0.0975,0.172,0.133,5.429,5.580,0.9887,0.00889,269.36,55.11,0.57656952,0.7322432903999999,2.35,8.426604e-09,6.697157e-09,7.797538e-09,6.230305e-09,86.01,88.29,8126.55,8342.55,41.53,42.85
2.25787,1,0.0975,0.172,0.133,5.429,5.580,0.9887,0.00889,269.36,55.11,0.5765685199999999,0.7322420203999999,2.35,8.42265e-09,6.701993e-09,7.805073e-09,6.227039e-09,86.51,87.64,8173.96,8281.11,41.82,42.47
2.25813,1,0.0975,0.172,0.133,5.429,5.580,0.9887,0.00889,269.36,55.11,0.5765674799999999,0.7322406995999999,2.35,8.423227e-09,6.693881e-09,7.7997e-09,6.230821e-09,85.97,88.21,8123.05,8334.49,41.51,42.80
2.25838,1,0.0975,0.172,0.133,5.429,5.580,0.9887,0.00889,269.36,55.11,0.57656648,0.7322394296,2.35,8.416601e-09,6.693939e-09,7.803869e-09,6.226487e-09,86.31,87.67,8154.64,8283.79,41.70,42.49
2.25862,1,0.0975,0.172,0.133,5.429,5.580,0.9887,0.00889,269.36,55.11,0.5765655199999999,0.7322382103999999,2.35,8.408739e-09,6.695215e-09,7.806176e-09,6.229466e-09,86.78,87.75,8199.69,8291.29,41.97,42.53
2.25888,1,0.0976,0.171,0.132,5.429,5.580,0.9887,0.00889,269.36,55.11,0.5765644799999999,0.7322368895999999,2.35,8.410134e-09,6.697335e-09,7.806323e-09,6.230507e-09,86.94,87.91,8214.16,8305.88,42.06,42.62
2.25913,1,0.0976,0.171,0.132,5.429,5.580,0.9887,0.00889,269.36,55.11,0.5765634799999999,0.7322356195999999,2.35,8.414788e-09,6.691785e-09,7.814643e-09,6.227648e-09,86.35,87.25,8158.75,8243.58,41.72,42.24
2.25937,1,0.0976,0.171,0.132,5.429,5.580,0.9887,0.00889,269.36,55.11,0.57656252,0.7322344004,2.35,8.428767e-09,6.687195e-09,7.82145e-09,6.227554e-09,85.37,86.87,8066.22,8207.77,41.16,42.02
2.25963,1,0.0976,0.171,0.132,5.429,5.580,0.9887,0.00889,269.36,55.11,0.57656148,0.7322330796,2.35,8.439408e-09,6.689675e-09,7.837404e-09,6.23898e-09,85.00,86.78,8031.58,8199.53,40.95,41.97
2.25988,1,0.0976,0.171,0.132,5.429,5.580,0.9887,0.00889,269.36,55.11,0.5765604799999999,0.7322318095999999,2.35,8.459944e-09,6.686522e-09,7.844264e-09,6.245668e-09,83.83,86.87,7920.56,8207.44,40.27,42.02
2.26012,1,0.0977,0.171,0.132,5.429,5.580,0.9887,0.00889,269.36,55.11,0.57655952,0.7322305904,2.35,8.476467e-09,6.687614e-09,7.851258e-09,6.254576e-09,83.20,87.18,7861.55,8237.41,39.91,42.20
2.26037,1,0.0977,0.171,0.132,5.429,5.580,0.9887,0.00889,269.36,55.11,0.57655852,0.7322293204,2.35,8.476706e-09,6.689433e-09,7.85367e-09,6.269287e-09,83.30,88.07,7870.64,8320.88,39.97,42.71
2.26063,1,0.0977,0.171,0.132,5.429,5.580,0.9887,0.00889,269.36,55.11,0.57655748,0.7322279996,2.35,8.47462e-09,6.686e-09,7.865169e-09,6.282229e-09,83.19,88.33,7860.67,8345.66,39.90,42.86
2.26087,1,0.0977,0.171,0.132,5.429,5.580,0.9887,0.00889,269.36,55.11,0.5765565199999999,0.7322267803999999,2.35,8.466734e-09,6.692219e-09,7.861856e-09,6.298307e-09,83.93,89.65,7930.53,8470.79,40.33,43.63
2.26112,1,0.0977,0.171,0.132,5.429,5.580,0.9887,0.00889,269.36,55.11,0.57655552,0.7322255104,2.35,8.465944e-09,6.689082e-09,7.868836e-09,6.315461e-09,83.78,90.49,7916.34,8549.49,40.24,44.11
2.26138,1,0.0978,0.171,0.132,5.428,5.580,0.9887,0.00889,269.36,55.11,0.57655448,0.7322241896,2.35,8.46518e-09,6.694656e-09,7.87213e-09,6.343166e-09,84.24,92.43,7959.42,8733.01,40.51,45.23
2.26162,1,0.0978,0.171,0.132,5.428,5.580,0.9887,0.00889,269.36,55.11,0.5765535199999999,0.7322229704,2.35,8.466437e-09,6.69892e-09,7.873391e-09,6.369419e-09,84.44,94.35,7978.04,8914.87,40.62,46.34
2.26187,1,0.0978,0.171,0.132,5.428,5.580,0.9887,0.00889,269.36,55.11,0.57655252,0.7322217004,2.35,8.465865e-09,6.696873e-09,7.881825e-09,6.393757e-09,84.34,95.73,7968.95,9044.58,40.56,47.13
2.26213,1,0.0978,0.171,0.132,5.428,5.580,0.9887,0.00889,269.36,55.11,0.57655148,0.7322203796,2.35,8.467679e-09,6.700344e-09,7.872099e-09,6.423451e-09,84.46,98.79,7980.56,9333.84,40.64,48.89
2.26238,1,0.0979,0.171,0.132,5.428,5.580,0.9887,0.00889,269.36,55.11,0.57655048,0.7322191096,2.35,8.46708e-09,6.711358e-09,7.875118e-09,6.455815e-09,85.25,101.44,8054.76,9584.60,41.09,50.42
2.26262,1,0.0979,0.171,0.132,5.428,5.580,0.9887,0.00889,269.36,55.11,0.5765495199999999,0.7322178904,2.35,8.468277e-09,6.719204e-09,7.879271e-09,6.505025e-09,85.67,105.56,8094.83,9974.30,41.33,52.80
2.26288,1,0.0979,0.171,0.132,5.428,5.580,0.9887,0.00889,269.36,55.11,0.5765484799999999,0.7322165695999999,2.35,8.458801e-09,6.727894e-09,7.886589e-09,6.523077e-09,86.68,106.69,8190.37,10080.72,41.92,53.45
2.26313,1,0.0979,0.171,0.132,5.428,5.580,0.9887,0.00889,269.36,55.11,0.57654748,0.7322152996,2.35,8.453426e-09,6.73247e-09,7.891424e-09,6.558122e-09,87.24,109.69,8243.33,10364.52,42.24,55.18
2.26337,1,0.0979,0.171,0.132,5.428,5.580,0.9887,0.00889,269.36,55.11,0.57654652,0.7322140803999999,2.35,8.456641e-09,6.745638e-09,7.890773e-09,6.593965e-09,87.92,113.40,8307.50,10714.43,42.63,57.32
2.26363,1,0.0980,0.171,0.132,5.428,5.580,0.9887,0.00889,269.36,55.11,0.5765454799999999,0.7322127596,2.35,8.447702e-09,6.765377e-09,7.888203e-09,6.629597e-09,89.78,117.59,8482.48,11110.61,43.70,59.73
2.26388,1,0.0980,0.170,0.132,5.428,5.580,0.9887,0.00889,269.36,55.11,0.5765444799999999,0.7322114895999999,2.35,8.454472e-09,6.800513e-09,7.902296e-09,6.67705e-09,91.79,121.65,8672.38,11494.30,44.86,62.08
2.26412,1,0.0980,0.170,0.132,5.428,5.580,0.9887,0.00889,269.36,55.11,0.57654352,0.7322102704,2.35,8.462871e-09,6.840804e-09,7.897119e-09,6.708686e-09,94.14,126.01,8895.28,11906.50,46.22,64.59
2.26437,1,0.0980,0.170,0.132,5.428,5.580,0.9887,0.00889,269.36,55.11,0.57654252,0.7322090003999999,2.35,8.475917e-09,6.869537e-09,7.907594e-09,6.743239e-09,95.46,129.28,9019.87,12215.31,46.98,66.48
2.26463,1,0.0980,0.170,0.132,5.428,5.580,0.9887,0.00889,269.36,55.11,0.5765414799999999,0.7322076795999999,2.35,8.4794e-09,6.89278e-09,7.923526e-09,6.77438e-09,96.98,131.60,9163.11,12434.13,47.85,67.81
2.26487,1,0.0981,0.170,0.132,5.428,5.580,0.9887,0.00889,269.36,55.11,0.57654052,0.7322064604,2.35,8.489913e-09,6.897235e-09,7.926086e-09,6.798749e-09,96.77,134.76,9143.46,12733.23,47.73,69.64
2.26512,1,0.0981,0.170,0.132,5.428,5.580,0.9887,0.00889,269.36,55.11,0.57653952,0.7322051904,2.35,8.498456e-09,6.92115e-09,7.939364e-09,6.856935e-09,98.05,141.56,9264.58,13375.01,48.47,73.55
2.26538,1,0.0981,0.170,0.131,5.428,5.580,0.9887,0.00889,269.36,55.11,0.57653848,0.7322038696,2.35,8.504434e-09,6.88996e-09,7.949584e-09,6.843671e-09,95.37,138.29,9010.91,13066.25,46.92,71.67
2.26562,1,0.0981,0.170,0.131,5.428,5.580,0.9887,0.00889,269.36,55.11,0.5765375199999999,0.7322026503999999,2.35,8.517619e-09,6.873111e-09,7.958815e-09,6.864759e-09,93.40,140.22,8824.71,13248.56,45.79,72.78
2.26587,1,0.0982,0.170,0.131,5.428,5.580,0.9887,0.00889,269.36,55.11,0.57653652,0.7322013804,2.35,8.540387e-09,6.864947e-09,7.980177e-09,6.894714e-09,91.66,142.09,8660.30,13425.35,44.78,73.86
2.26613,1,0.0982,0.170,0.131,5.428,5.580,0.9887,0.00889,269.36,55.11,0.57653548,0.7322000596,2.35,8.569954e-09,6.878287e-09,7.99255e-09,6.939282e-09,90.96,147.38,8593.89,13925.16,44.38,76.91
2.26638,1,0.0982,0.170,0.131,5.428,5.580,0.9887,0.00889,269.36,55.11,0.57653448,0.7321987896,2.35,8.586447e-09,6.90909e-09,8.012852e-09,6.984719e-09,92.14,151.97,8706.02,14359.00,45.06,79.56
2.26662,1,0.0982,0.170,0.131,5.428,5.580,0.9887,0.00889,269.36,55.11,0.5765335199999999,0.7321975703999999,2.35,8.588857e-09,6.94438e-09,8.017646e-09,7.036189e-09,94.46,160.37,8925.45,15152.73,46.40,84.40
2.26688,1,0.0982,0.170,0.131,5.428,5.580,0.9887,0.00889,269.36,55.11,0.57653248,0.7321962496000001,2.35,8.581411e-09,6.999903e-09,8.010174e-09,7.079185e-09,99.01,170.10,9355.03,16071.75,49.02,90.01
2.26713,1,0.0983,0.170,0.131,5.428,5.580,0.9887,0.00889,269.36,55.11,0.57653148,0.7321949796,2.35,8.580725e-09,7.028376e-09,7.996421e-09,7.108768e-09,101.38,179.33,9579.25,16944.04,50.39,95.33
2.26737,1,0.0983,0.170,0.131,5.428,5.580,0.9887,0.00889,269.36,55.11,0.5765305199999999,0.7321937604,2.35,8.572101e-09,7.0596e-09,7.990546e-09,7.118469e-09,104.52,182.78,9875.30,17270.21,52.20,97.32
2.26762,1,0.0983,0.170,0.131,5.428,5.580,0.9887,0.00889,269.36,55.11,0.5765295199999999,0.7321924903999999,2.35,8.566057e-09,7.084842e-09,7.971376e-09,7.110978e-09,107.11,185.07,10119.94,17486.21,53.69,98.64
2.26788,1,0.0983,0.170,0.131,5.428,5.580,0.9887,0.00889,269.36,55.11,0.57652848,0.7321911696,2.35,9.119476e-09,7.142208e-09,8.149212e-09,7.131458e-09,80.89,156.91,7642.45,14825.23,38.57,82.40
2.26812,1,0.0983,0.170,0.131,5.428,5.580,0.9887,0.00889,269.36,55.11,0.57652752,0.7321899504,2.35,8.869359e-09,7.102745e-09,8.195445e-09,7.01672e-09,90.03,133.30,8506.49,12594.69,43.84,68.79
2.26837,1,0.0984,0.170,0.131,5.428,5.580,0.9887,0.00889,269.36,55.11,0.5765265199999999,0.7321886804,2.35,8.577817e-09,7.088145e-09,7.897819e-09,6.925884e-09,106.66,159.73,10077.40,15091.92,53.43,84.03
2.26863,1,0.0984,0.170,0.131,5.428,5.580,0.9887,0.00889,269.36,55.11,0.5765254799999999,0.7321873595999999,2.35,8.624732e-09,7.069999e-09,7.902526e-09,6.820138e-09,101.93,141.24,9630.97,13344.95,50.70,73.37
2.26887,1,0.0984,0.169,0.131,5.428,5.580,0.9887,0.00889,269.36,55.11,0.57652452,0.7321861404,2.35,8.617783e-09,7.054026e-09,7.861838e-09,6.705732e-09,101.11,130.01,9553.34,12283.89,50.23,66.89
2.26912,1,0.0984,0.169,0.131,5.428,5.580,0.9887,0.00889,269.36,55.11,0.57652352,0.7321848703999999,2.35,8.707071e-09,7.027253e-09,7.873521e-09,6.576516e-09,93.77,113.65,8859.53,10738.45,46.00,57.46
2.26938,1,0.0984,0.169,0.131,5.428,5.580,0.9887,0.00889,269.36,55.11,0.57652248,0.7321835496,2.35,9.212219e-09,7.007873e-09,8.272013e-09,6.44436e-09,71.26,79.03,6732.77,7467.47,33.02,37.50
2.26963,1,0.0985,0.169,0.131,5.427,5.580,0.9887,0.00889,269.36,55.11,0.5765214799999999,0.7321822795999999,2.35,9.432275e-09,6.996094e-09,8.404628e-09,6.337168e-09,64.43,68.77,6087.99,6498.09,29.09,31.59
2.26987,1,0.0985,0.169,0.131,5.427,5.580,0.9887,0.00889,269.36,55.11,0.57652052,0.7321810604,2.35,1.810203e-08,6.989698e-09,1.616262e-08,6.229638e-09,14.11,14.07,1333.46,1329.57,0.08,0.05
2.27013,1,0.0985,0.169,0.131,5.427,5.580,0.9887,0.00889,269.36,55.11,0.57651948,0.7321797395999999,2.35,1.08683e-08,6.982424e-09,9.579227e-09,6.130504e-09,40.32,39.88,3809.30,3768.47,15.18,14.93
2.27038,1,0.0985,0.169,0.131,5.427,5.580,0.9887,0.00889,269.36,55.11,0.5765184799999999,0.7321784696,2.35,9.521328e-09,6.99739e-09,8.305156e-09,6.050086e-09,62.20,60.20,5877.40,5687.60,27.80,26.64
2.27062,1,0.0986,0.169,0.131,5.427,5.580,0.9887,0.00889,269.36,55.11,0.57651752,0.7321772504,2.35,8.941435e-09,7.007883e-09,7.716117e-09,5.985326e-09,81.40,77.67,7691.28,7338.56,38.87,36.72
2.27088,1,0.0986,0.169,0.131,5.427,5.580,0.9887,0.00889,269.36,55.11,0.57651648,0.7321759296,2.35,8.783659e-09,7.013299e-09,7.512831e-09,5.914292e-09,88.97,83.10,8406.75,7851.40,43.23,39.85
2.27113,1,0.0986,0.169,0.131,5.427,5.580,0.9887,0.00889,269.36,55.11,0.57651548,0.7321746595999999,2.35,9.488383e-09,7.016986e-09,8.09665e-09,5.860702e-09,63.77,58.87,6025.26,5562.31,28.70,25.88
2.27137,1,0.0986,0.169,0.131,5.427,5.580,0.9887,0.00889,269.36,55.11,0.5765145199999999,0.7321734403999999,2.35,8.750229e-09,7.032469e-09,7.383825e-09,5.820639e-09,91.95,83.63,8687.86,7901.83,44.95,40.15
2.27162,1,0.0986,0.169,0.131,5.427,5.580,0.9887,0.00889,269.36,55.11,0.57651352,0.7321721704,2.35,2.322368e-08,7.04806e-09,2.03939e-08,5.788368e-09,9.79,8.90,924.65,841.02,-2.42,-2.93
2.27188,1,0.0987,0.169,0.131,5.427,5.580,0.9887,0.00889,269.36,55.11,0.57651248,0.7321708496,2.35,8.75699e-09,7.047772e-09,7.319408e-09,5.759392e-09,92.70,83.00,8759.14,7842.50,45.38,39.79
2.27212,1,0.0987,0.169,0.130,5.427,5.580,0.9887,0.00889,269.36,55.11,0.5765115199999999,0.7321696303999999,2.35,9.527356e-09,7.056096e-09,7.970397e-09,5.744622e-09,64.20,58.03,6065.58,5482.85,28.95,25.39
2.27237,1,0.0987,0.169,0.130,5.427,5.580,0.9887,0.00889,269.36,55.11,0.5765105199999999,0.7321683603999999,2.35,8.83484e-09,7.065985e-09,7.320904e-09,5.743572e-09,89.81,81.87,8486.07,7735.45,43.72,39.14
2.27263,1,0.0987,0.169,0.130,5.427,5.580,0.9887,0.00889,269.36,55.11,0.5765094799999999,0.7321670395999998,2.35,9.081068e-09,7.075708e-09,7.530027e-09,5.746272e-09,79.33,72.43,7495.56,6843.49,37.67,33.70
2.27287,1,0.0987,0.169,0.130,5.427,5.580,0.9887,0.00889,269.36,55.11,0.57650852,0.7321658204,2.35,9.576695e-09,7.083695e-09,7.960501e-09,5.75648e-09,63.89,58.72,6036.20,5548.40,28.77,25.79
2.27312,1,0.0988,0.169,0.130,5.427,5.580,0.9887,0.00889,269.36,55.11,0.5765075199999999,0.7321645504,2.35,1.197941e-08,7.117813e-09,1.012094e-08,5.805793e-09,32.95,30.28,3113.39,2861.09,10.94,9.40
2.27338,1,0.0988,0.169,0.130,5.427,5.580,0.9887,0.00889,269.36,55.11,0.5765064799999999,0.7321632295999999,2.35,1.604854e-08,7.111095e-09,1.378993e-08,5.807463e-09,17.91,16.37,1691.95,1547.09,2.26,1.38
2.27363,1,0.0988,0.169,0.130,5.427,5.580,0.9887,0.00889,269.36,55.11,0.57650548,0.7321619596000001,2.35,9.247705e-09,7.122519e-09,7.668683e-09,5.836725e-09,75.43,71.71,7126.92,6775.15,35.43,33.28
2.27387,1,0.0988,0.168,0.130,5.427,5.580,0.9887,0.00889,269.36,55.11,0.57650452,0.7321607404,2.35,9.114325e-09,7.135263e-09,7.557778e-09,5.865014e-09,81.14,77.98,7666.49,7367.48,38.72,36.89
2.27413,1,0.0988,0.168,0.130,5.427,5.580,0.9887,0.00889,269.36,55.11,0.57650348,0.7321594196,2.35,8.828295e-09,7.156248e-09,7.31073e-09,5.893476e-09,96.32,93.59,9100.87,8842.40,47.47,45.89
2.27438,1,0.0989,0.168,0.130,5.427,5.580,0.9887,0.00889,269.36,55.11,0.5765024799999999,0.7321581495999999,2.35,8.795273e-09,7.19275e-09,7.28253e-09,5.920451e-09,101.11,97.92,9553.78,9252.03,50.23,48.39
2.27462,1,0.0989,0.168,0.130,5.427,5.580,0.9887,0.00889,269.36,55.11,0.57650152,0.7321569304,2.35,8.773055e-09,7.253736e-09,7.289924e-09,5.953466e-09,107.56,100.35,10162.43,9481.99,53.95,49.79
2.27488,1,0.0989,0.168,0.130,5.427,5.580,0.9887,0.00889,269.36,55.11,0.57650048,0.7321556096,2.35,8.802024e-09,7.302765e-09,7.339248e-09,5.973983e-09,109.73,98.58,10368.01,9313.90,55.20,48.77
2.27513,1,0.0989,0.168,0.130,5.427,5.580,0.9887,0.00889,269.36,55.11,0.57649948,0.7321543396,2.35,8.836835e-09,7.339627e-09,7.378552e-09,5.983723e-09,110.44,96.64,10434.62,9131.35,55.61,47.65
2.27537,1,0.0990,0.168,0.130,5.427,5.580,0.9887,0.00889,269.36,55.11,0.57649852,0.7321531204,2.35,8.757437e-09,7.349027e-09,7.30769e-09,5.985151e-09,117.67,102.05,11117.92,9642.50,59.78,50.77
2.27562,1,0.0990,0.168,0.130,5.427,5.580,0.9887,0.00889,269.36,55.11,0.57649752,0.7321518504,2.35,8.75833e-09,7.333411e-09,7.316941e-09,5.99264e-09,116.06,102.04,10965.76,9641.72,58.85,50.77
2.27588,1,0.0990,0.168,0.130,5.427,5.580,0.9887,0.00889,269.36,55.11,0.57649648,0.7321505295999999,2.35,8.756913e-09,7.312266e-09,7.309918e-09,5.982953e-09,114.14,101.68,10784.83,9606.81,57.74,50.56
2.27612,1,0.0990,0.168,0.130,5.427,5.580,0.9887,0.00889,269.36,55.11,0.5764955199999999,0.7321493103999999,2.35,8.758612e-09,7.263825e-09,7.31057e-09,5.965901e-09,109.58,100.05,10354.02,9453.30,55.11,49.62
2.27637,1,0.0990,0.168,0.130,5.427,5.580,0.9887,0.00889,269.37,55.11,0.57649452,0.7321480404,2.35,8.761608e-09,7.204527e-09,7.301472e-09,5.946025e-09,104.34,98.92,9858.64,9346.89,52.09,48.97
2.27663,1,0.0991,0.168,0.130,5.427,5.580,0.9887,0.00889,269.37,55.11,0.57649348,0.7321467196,2.35,8.780847e-09,7.171281e-09,7.312777e-09,5.919428e-09,100.57,95.90,9502.73,9061.09,49.92,47.23
2.27687,1,0.0991,0.168,0.130,5.427,5.580,0.9887,0.00889,269.37,55.11,0.57649252,0.7321455003999999,2.35,8.763278e-09,7.158797e-09,7.285588e-09,5.895536e-09,100.72,95.74,9516.25,9045.92,50.00,47.13
2.27712,1,0.0991,0.168,0.130,5.427,5.580,0.9887,0.00889,269.37,55.11,0.5764915199999999,0.7321442303999999,2.35,8.751523e-09,7.152997e-09,7.257131e-09,5.863996e-09,101.01,95.02,9543.97,8977.62,50.17,46.72
2.27738,1,0.0991,0.168,0.130,5.427,5.580,0.9887,0.00889,269.37,55.11,0.5764904799999999,0.7321429096,2.35,8.751587e-09,7.139923e-09,7.242424e-09,5.835388e-09,100.00,93.62,9448.86,8845.56,49.59,45.91
2.27763,1,0.0991,0.168,0.130,5.427,5.580,0.9887,0.00889,269.37,55.11,0.57648948,0.7321416396,2.35,8.750367e-09,7.14349e-09,7.226107e-09,5.807376e-09,100.35,92.40,9481.75,8730.53,49.79,45.21
2.27787,1,0.0992,0.168,0.130,5.426,5.580,0.9887,0.00889,269.37,55.11,0.57648852,0.7321404203999999,2.35,8.752364e-09,7.142901e-09,7.204046e-09,5.781605e-09,100.28,91.84,9475.27,8677.85,49.75,44.89
2.27813,1,0.0992,0.168,0.130,5.426,5.580,0.9887,0.00889,269.37,55.11,0.5764874799999999,0.7321390995999999,2.35,8.754974e-09,7.141725e-09,7.189461e-09,5.75143e-09,100.03,90.37,9451.48,8538.97,49.61,44.04
2.27838,1,0.0992,0.168,0.130,5.426,5.580,0.9887,0.00889,269.37,55.11,0.5764864799999999,0.7321378295999998,2.35,8.757369e-09,7.145772e-09,7.181979e-09,5.724734e-09,100.19,88.77,9466.52,8387.27,49.70,43.11
2.27862,1,0.0992,0.168,0.130,5.426,5.580,0.9887,0.00889,269.37,55.11,0.57648552,0.7321366104,2.35,8.759415e-09,7.151317e-09,7.164039e-09,5.706749e-09,100.49,88.49,9494.48,8360.66,49.87,42.95
2.27888,1,0.0992,0.168,0.129,5.426,5.580,0.9887,0.00889,269.37,55.11,0.57648448,0.7321352896,2.35,8.761122e-09,7.163748e-09,7.147016e-09,5.691108e-09,101.34,88.33,9575.26,8346.03,50.36,42.86
2.27913,1,0.0993,0.167,0.129,5.426,5.580,0.9887,0.00889,269.37,55.11,0.5764834799999999,0.7321340195999999,2.35,8.767668e-09,7.167627e-09,7.140212e-09,5.678913e-09,101.32,87.90,9573.68,8305.41,50.35,42.61
2.27937,1,0.0993,0.167,0.129,5.426,5.580,0.9887,0.00889,269.37,55.11,0.57648252,0.7321328004000001,2.35,8.768652e-09,7.177023e-09,7.131309e-09,5.663299e-09,101.99,87.26,9636.90,8244.71,50.74,42.24
2.27962,1,0.0993,0.167,0.129,5.426,5.580,0.9887,0.00889,269.37,55.11,0.57648152,0.7321315304,2.35,8.773467e-09,7.173983e-09,7.126009e-09,5.653654e-09,101.45,86.85,9585.51,8206.38,50.43,42.01
2.27988,1,0.0993,0.167,0.129,5.426,5.580,0.9887,0.00889,269.37,55.11,0.57648048,0.7321302096,2.35,8.773987e-09,7.175311e-09,7.117638e-09,5.643591e-09,101.52,86.60,9592.13,8182.37,50.47,41.86
2.28012,1,0.0994,0.167,0.129,5.426,5.580,0.9887,0.00889,269.37,55.11,0.5764795199999999,0.7321289903999999,2.35,8.777888e-09,7.178987e-09,7.123146e-09,5.643055e-09,101.66,86.32,9605.34,8156.37,50.55,41.71
2.28037,1,0.0994,0.167,0.129,5.426,5.580,0.9887,0.00889,269.37,55.11,0.57647852,0.7321277204,2.35,8.788882e-09,7.182359e-09,7.127664e-09,5.63804e-09,101.23,85.70,9564.26,8096.97,50.30,41.34
2.28063,1,0.0994,0.167,0.129,5.426,5.580,0.9887,0.00889,269.37,55.11,0.57647748,0.7321263996,2.35,8.767754e-09,7.165415e-09,7.116317e-09,5.626504e-09,101.25,85.51,9566.61,8079.38,50.31,41.24
2.28087,1,0.0994,0.167,0.129,5.426,5.580,0.9887,0.00889,269.37,55.11,0.5764765199999999,0.7321251804,2.35,8.761456e-09,7.151074e-09,7.114476e-09,5.621299e-09,100.54,85.24,9499.78,8053.72,49.90,41.08
2.28112,1,0.0994,0.167,0.129,5.426,5.580,0.9887,0.00889,269.37,55.11,0.5764755199999999,0.7321239103999999,2.35,8.747953e-09,7.126597e-09,7.111825e-09,5.615918e-09,99.52,85.00,9403.18,8031.33,49.31,40.94
2.28138,1,0.0995,0.167,0.129,5.426,5.580,0.9887,0.00889,269.37,55.11,0.57647448,0.7321225896,2.35,8.740985e-09,7.117689e-09,7.111946e-09,5.614731e-09,99.38,84.99,9389.63,8030.67,49.23,40.94
2.28163,1,0.0995,0.167,0.129,5.426,5.580,0.9887,0.00889,269.37,55.11,0.57647348,0.7321213196,2.35,8.723615e-09,7.104692e-09,7.114958e-09,5.610035e-09,99.46,84.49,9397.80,7982.86,49.28,40.65
2.28187,1,0.0995,0.167,0.129,5.426,5.580,0.9887,0.00889,269.37,55.11,0.5764725199999999,0.7321201004,2.35,8.708987e-09,7.080468e-09,7.118572e-09,5.607055e-09,98.54,84.07,9310.57,7943.81,48.75,40.41
2.28213,1,0.0995,0.167,0.129,5.426,5.580,0.9887,0.00889,269.37,55.11,0.5764714799999999,0.7321187795999999,2.35,8.704922e-09,7.068954e-09,7.121166e-09,5.606354e-09,97.93,83.88,9253.10,7925.54,48.40,40.30
2.28238,1,0.0995,0.167,0.129,5.426,5.580,0.9887,0.00889,269.37,55.11,0.57647048,0.7321175096,2.35,8.687437e-09,7.046316e-09,7.121614e-09,5.606975e-09,97.31,83.90,9194.51,7927.32,48.04,40.31
2.28262,1,0.0996,0.167,0.129,5.426,5.580,0.9887,0.00889,269.37,55.11,0.57646952,0.7321162903999999,2.35,8.679814e-09,7.034394e-09,7.132214e-09,5.605457e-09,96.99,83.30,9164.16,7870.16,47.85,39.96
2.28288,1,0.0996,0.167,0.129,5.426,5.580,0.9887,0.00889,269.37,55.11,0.57646848,0.7321149696,2.35,8.664921e-09,7.023448e-09,7.139642e-09,5.608308e-09,97.07,83.09,9171.90,7850.63,47.90,39.84
2.28313,1,0.0996,0.167,0.129,5.426,5.580,0.9887,0.00889,269.37,55.11,0.5764674799999999,0.7321136996,2.35,8.662331e-09,7.011033e-09,7.150845e-09,5.608256e-09,96.32,82.48,9101.21,7793.28,47.47,39.49
2.28337,1,0.0996,0.167,0.129,5.426,5.580,0.9887,0.00889,269.37,55.11,0.57646652,0.7321124804,2.35,8.653148e-09,7.003901e-09,7.158318e-09,5.604424e-09,96.35,81.83,9103.26,7731.29,47.48,39.11
2.28362,1,0.0996,0.167,0.129,5.426,5.580,0.9887,0.00889,269.37,55.11,0.57646552,0.7321112103999999,2.35,8.650052e-09,6.993118e-09,7.161443e-09,5.610911e-09,95.75,82.10,9047.08,7757.03,47.14,39.27
2.28388,1,0.0997,0.167,0.129,5.426,5.580,0.9887,0.00889,269.37,55.11,0.57646448,0.7321098895999999,2.35,8.650597e-09,6.993322e-09,7.167773e-09,5.613018e-09,95.83,81.99,9054.55,7746.62,47.18,39.20
2.28412,1,0.0997,0.166,0.129,5.426,5.580,0.9887,0.00889,269.37,55.11,0.57646352,0.7321086704,2.35,8.64606e-09,6.980345e-09,7.17431e-09,5.615454e-09,95.16,81.80,8991.55,7729.25,46.80,39.10
2.28437,1,0.0997,0.166,0.129,5.426,5.580,0.9887,0.00889,269.37,55.11,0.57646252,0.7321074004,2.35,8.639547e-09,6.977886e-09,7.181518e-09,5.616694e-09,95.36,81.51,9010.32,7701.47,46.91,38.93
2.28463,1,0.0997,0.166,0.129,5.426,5.580,0.9887,0.00889,269.37,55.11,0.57646148,0.7321060796,2.35,8.636531e-09,6.966856e-09,7.182749e-09,5.617514e-09,94.75,81.50,8952.89,7700.58,46.56,38.92
2.28487,1,0.0998,0.166,0.129,5.426,5.580,0.9887,0.00889,269.37,55.11,0.5764605199999999,0.7321048603999999,2.35,8.627238e-09,6.961861e-09,7.193413e-09,5.625293e-09,95.03,81.54,8978.55,7704.76,46.72,38.95
2.28512,1,0.0998,0.166,0.129,5.426,5.580,0.9887,0.00889,269.37,55.11,0.57645952,0.7321035904000001,2.35,8.625044e-09,6.955823e-09,7.195204e-09,5.620838e-09,94.73,81.16,8950.10,7668.11,46.55,38.72
2.28538,1,0.0998,0.166,0.129,5.426,5.580,0.9887,0.00889,269.37,55.11,0.57645848,0.7321022696,2.35,8.617155e-09,6.949259e-09,7.202675e-09,5.627996e-09,94.71,81.24,8948.76,7676.35,46.54,38.77
2.28563,1,0.0998,0.166,0.128,5.426,5.580,0.9887,0.00889,269.37,55.11,0.57645748,0.7321009996,2.35,8.617071e-09,6.943455e-09,7.208581e-09,5.631377e-09,94.31,81.17,8911.12,7669.01,46.31,38.73
2.28587,1,0.0998,0.166,0.128,5.426,5.580,0.9887,0.00889,269.37,55.11,0.5764565199999999,0.7320997803999999,2.35,8.613197e-09,6.936975e-09,7.219193e-09,5.633837e-09,94.08,80.78,8888.96,7632.90,46.17,38.51
2.28613,1,0.0999,0.166,0.128,5.425,5.580,0.9887,0.00889,269.37,55.11,0.5764554799999999,0.7320984595999999,2.35,8.609826e-09,6.926477e-09,7.230065e-09,5.648788e-09,93.63,81.29,8846.77,7680.58,45.92,38.80
2.28638,1,0.0999,0.166,0.128,5.425,5.580,0.9887,0.00889,269.37,55.11,0.57645448,0.7320971896,2.35,8.604595e-09,6.918437e-09,7.243617e-09,5.653413e-09,93.37,80.90,8821.78,7643.71,45.76,38.58
2.28662,1,0.0999,0.166,0.128,5.425,5.580,0.9887,0.00889,269.37,55.11,0.5764535199999999,0.7320959704,2.35,8.612163e-09,6.915807e-09,7.251454e-09,5.660698e-09,92.77,80.97,8765.41,7650.91,45.42,38.62
2.28688,1,0.0999,0.166,0.128,5.425,5.580,0.9887,0.00889,269.37,55.11,0.5764524799999999,0.7320946495999999,2.35,8.606015e-09,6.911646e-09,7.263173e-09,5.669578e-09,92.82,80.96,8770.41,7649.26,45.45,38.61
2.28713,1,0.0999,0.166,0.128,5.425,5.580,0.9887,0.00890,269.37,55.11,0.5764514799999999,0.7320933795999999,2.35,8.60928e-09,6.91177e-09,7.283551e-09,5.684959e-09,92.65,80.92,8754.34,7646.03,45.35,38.59
2.28737,1,0.1000,0.166,0.128,5.425,5.580,0.9887,0.00890,269.37,55.11,0.57645052,0.7320921603999999,2.35,8.615062e-09,6.908849e-09,7.299456e-09,5.699871e-09,92.23,81.17,8714.71,7668.99,45.11,38.73
2.28762,1,0.1000,0.166,0.128,5.425,5.580,0.9887,0.00890,269.37,55.11,0.5764495199999999,0.7320908904,2.35,8.613801e-09,6.897818e-09,7.311745e-09,5.716424e-09,91.56,81.62,8651.25,7711.82,44.72,38.99
2.28788,1,0.1000,0.166,0.128,5.425,5.580,0.9887,0.00890,269.37,55.11,0.5764484799999999,0.7320895695999999,2.35,8.616396e-09,6.901003e-09,7.32421e-09,5.726191e-09,91.64,81.62,8658.23,7711.95,44.77,38.99
2.28812,1,0.1000,0.166,0.128,5.425,5.580,0.9887,0.00890,269.37,55.11,0.57644752,0.7320883504,2.35,8.614239e-09,6.902912e-09,7.342372e-09,5.743883e-09,91.88,81.85,8681.20,7733.50,44.91,39.12
2.28837,1,0.1001,0.166,0.128,5.425,5.580,0.9887,0.00890,269.37,55.11,0.57644652,0.7320870803999999,2.35,8.623076e-09,6.898368e-09,7.361279e-09,5.760366e-09,91.20,82.04,8616.77,7751.68,44.51,39.23
2.28863,1,0.1001,0.166,0.128,5.425,5.580,0.9887,0.00890,269.37,55.11,0.57644548,0.7320857596,2.35,8.622843e-09,6.898912e-09,7.383238e-09,5.778967e-09,91.25,82.13,8621.33,7760.44,44.54,39.29
2.28887,1,0.1001,0.166,0.128,5.425,5.580,0.9887,0.00890,269.37,55.11,0.5764445199999999,0.7320845403999999,2.35,8.625614e-09,6.896447e-09,7.406425e-09,5.794187e-09,90.94,81.94,8592.16,7742.43,44.36,39.18
2.28912,1,0.1001,0.166,0.128,5.425,5.580,0.9887,0.00890,269.37,55.11,0.57644352,0.7320832704,2.35,8.636705e-09,6.903178e-09,7.425525e-09,5.80937e-09,90.80,81.96,8578.91,7743.90,44.28,39.19
2.28938,1,0.1001,0.165,0.128,5.425,5.580,0.9887,0.00890,269.37,55.11,0.57644248,0.7320819496,2.35,8.648693e-09,6.903942e-09,7.44199e-09,5.829188e-09,90.22,82.41,8524.29,7786.13,43.95,39.44
2.28963,1,0.1002,0.165,0.128,5.425,5.580,0.9887,0.00890,269.37,55.11,0.57644148,0.7320806795999999,2.35,8.65044e-09,6.903467e-09,7.46382e-09,5.844293e-09,90.19,82.36,8521.36,7781.64,43.93,39.42
2.28987,1,0.1002,0.165,0.128,5.425,5.580,0.9887,0.00890,269.37,55.11,0.57644052,0.7320794604,2.35,8.66781e-09,6.906608e-09,7.487112e-09,5.862057e-09,89.50,82.33,8456.36,7778.75,43.53,39.40
2.29013,1,0.1002,0.165,0.128,5.425,5.580,0.9887,0.00890,269.37,55.11,0.57643948,0.7320781396,2.35,8.682525e-09,6.907687e-09,7.50578e-09,5.879151e-09,88.83,82.49,8392.70,7793.88,43.14,39.49
2.29038,1,0.1002,0.165,0.128,5.425,5.580,0.9887,0.00890,269.37,55.11,0.57643848,0.7320768696,2.35,8.688436e-09,6.907168e-09,7.528216e-09,5.888058e-09,88.50,81.93,8361.77,7741.30,42.96,39.17
2.29062,1,0.1002,0.165,0.128,5.425,5.580,0.9887,0.00890,269.37,55.11,0.5764375199999999,0.7320756503999999,2.35,8.701664e-09,6.914383e-09,7.543817e-09,5.896595e-09,88.29,81.70,8342.35,7719.28,42.84,39.04
2.29088,1,0.1003,0.165,0.128,5.425,5.580,0.9887,0.00890,269.37,55.11,0.5764364799999999,0.7320743295999999,2.35,8.710446e-09,6.921744e-09,7.558919e-09,5.910718e-09,88.40,81.93,8352.91,7740.88,42.90,39.17
2.29113,1,0.1003,0.165,0.128,5.425,5.580,0.9887,0.00890,269.37,55.11,0.57643548,0.7320730596,2.35,8.723325e-09,6.926545e-09,7.569791e-09,5.920689e-09,88.07,82.02,8321.12,7749.70,42.71,39.22
2.29137,1,0.1003,0.165,0.128,5.425,5.580,0.9887,0.00890,269.37,55.11,0.57643452,0.7320718404,2.35,8.739673e-09,6.936485e-09,7.588635e-09,5.924337e-09,87.88,81.32,8303.45,7683.67,42.60,38.82
2.29162,1,0.1003,0.165,0.128,5.425,5.580,0.9887,0.00890,269.37,55.11,0.5764335199999999,0.7320705703999999,2.35,8.74839e-09,6.9379e-09,7.59888e-09,5.937052e-09,87.54,81.62,8271.65,7711.61,42.41,38.99
2.29188,1,0.1003,0.165,0.128,5.425,5.580,0.9887,0.00890,269.37,55.11,0.5764324799999999,0.7320692495999999,2.35,8.771947e-09,6.94942e-09,7.610581e-09,5.938547e-09,87.11,81.14,8230.66,7666.47,42.16,38.71
2.29212,1,0.1004,0.165,0.128,5.425,5.580,0.9887,0.00890,269.37,55.11,0.57643152,0.7320680304,2.35,8.78418e-09,6.952457e-09,7.615581e-09,5.945825e-09,86.80,81.43,8201.07,7693.98,41.97,38.88
2.29237,1,0.1004,0.165,0.127,5.425,5.580,0.9887,0.00890,269.37,55.11,0.57643052,0.7320667604,2.35,8.798165e-09,6.963503e-09,7.620431e-09,5.953993e-09,86.80,81.71,8201.30,7720.23,41.98,39.04
2.29263,1,0.1004,0.165,0.127,5.425,5.580,0.9887,0.00890,269.37,55.11,0.5764294799999999,0.7320654395999999,2.35,8.809256e-09,6.971991e-09,7.631615e-09,5.959091e-09,86.78,81.48,8199.67,7698.73,41.97,38.91
2.29287,1,0.1004,0.165,0.127,5.425,5.580,0.9887,0.00890,269.37,55.11,0.57642852,0.7320642204,2.35,8.832879e-09,6.978207e-09,7.637671e-09,5.967759e-09,86.04,81.73,8129.95,7721.98,41.54,39.05
2.29312,1,0.1005,0.165,0.127,5.425,5.580,0.9887,0.00890,269.37,55.11,0.57642752,0.7320629504,2.35,8.847812e-09,6.986931e-09,7.645863e-09,5.974198e-09,85.95,81.81,8121.02,7729.89,41.49,39.10
2.29338,1,0.1005,0.165,0.127,5.425,5.580,0.9887,0.00890,269.37,55.11,0.57642648,0.7320616296,2.35,8.862168e-09,7.000275e-09,7.652857e-09,5.979621e-09,86.07,81.81,8132.11,7729.64,41.55,39.10
2.29363,1,0.1005,0.165,0.127,5.425,5.580,0.9887,0.00890,269.37,55.11,0.5764254799999999,0.7320603595999999,2.35,8.881075e-09,7.001804e-09,7.655045e-09,5.989177e-09,85.29,82.30,8058.67,7776.24,41.11,39.38
2.29387,1,0.1005,0.165,0.127,5.425,5.580,0.9887,0.00890,269.37,55.11,0.57642452,0.7320591404,2.35,8.894403e-09,7.012304e-09,7.661787e-09,5.996788e-09,85.29,82.45,8058.63,7790.18,41.11,39.47
2.29413,1,0.1005,0.165,0.127,5.425,5.580,0.9887,0.00890,269.37,55.11,0.57642348,0.7320578196,2.35,8.902608e-09,7.014876e-09,7.667027e-09,6.00788e-09,85.07,82.89,8037.53,7832.12,40.98,39.72
2.29438,1,0.1006,0.164,0.127,5.424,5.580,0.9887,0.00890,269.37,55.11,0.57642248,0.7320565496,2.35,8.916614e-09,7.023125e-09,7.669708e-09,6.014918e-09,84.99,83.29,8030.13,7869.40,40.93,39.95
2.29462,1,0.1006,0.164,0.127,5.424,5.580,0.9887,0.00890,269.37,55.11,0.5764215199999999,0.7320553303999999,2.35,8.934632e-09,7.033838e-09,7.681054e-09,6.032227e-09,84.79,83.83,8011.47,7920.59,40.82,40.26
2.29488,1,0.1006,0.164,0.127,5.424,5.580,0.9887,0.00890,269.37,55.11,0.57642048,0.7320540096,2.35,8.942995e-09,7.04258e-09,7.681208e-09,6.03784e-09,84.91,84.19,8023.03,7954.30,40.89,40.47
2.29513,1,0.1006,0.164,0.127,5.424,5.580,0.9887,0.00890,269.37,55.11,0.57641948,0.7320527396,2.35,8.955311e-09,7.04956e-09,7.690887e-09,6.053362e-09,84.76,84.70,8008.50,8003.20,40.80,40.77
2.29537,1,0.1006,0.164,0.127,5.424,5.580,0.9887,0.00890,269.38,55.11,0.5764185199999999,0.7320515203999999,2.35,8.969278e-09,7.054326e-09,7.699641e-09,6.065752e-09,84.41,85.07,7975.40,8037.43,40.60,40.98
2.29562,1,0.1007,0.164,0.127,5.424,5.580,0.9887,0.00890,269.38,55.11,0.5764175199999999,0.7320502503999999,2.35,8.978721e-09,7.058493e-09,7.713219e-09,6.074491e-09,84.31,85.02,7966.09,8033.21,40.54,40.95
2.29588,1,0.1007,0.164,0.127,5.424,5.580,0.9887,0.00890,269.38,55.11,0.57641648,0.7320489296,2.35,8.981763e-09,7.061618e-09,7.724124e-09,6.087009e-09,84.35,85.28,7969.96,8057.69,40.56,41.10
2.29612,1,0.1007,0.164,0.127,5.424,5.580,0.9887,0.00890,269.38,55.11,0.57641552,0.7320477103999999,2.35,8.996054e-09,7.065097e-09,7.729367e-09,6.096552e-09,83.92,85.64,7929.24,8091.58,40.32,41.31
2.29637,1,0.1007,0.164,0.127,5.424,5.580,0.9887,0.00890,269.38,55.11,0.5764145199999999,0.7320464403999999,2.35,9.001172e-09,7.069974e-09,7.736987e-09,6.109731e-09,83.97,86.12,7933.72,8136.77,40.34,41.58
2.29663,1,0.1007,0.164,0.127,5.424,5.580,0.9887,0.00890,269.38,55.11,0.5764134799999999,0.7320451196,2.35,9.00408e-09,7.071374e-09,7.743912e-09,6.112741e-09,83.92,85.95,7929.10,8121.24,40.32,41.49
2.29688,1,0.1008,0.164,0.127,5.424,5.580,0.9887,0.00890,269.38,55.11,0.57641248,0.7320438496,2.35,9.012093e-09,7.073807e-09,7.75674e-09,6.116696e-09,83.79,85.63,7916.83,8090.54,40.24,41.30
2.29712,1,0.1008,0.164,0.127,5.424,5.580,0.9887,0.00890,269.38,55.11,0.57641152,0.7320426304,2.35,9.021816e-09,7.074038e-09,7.766233e-09,6.122437e-09,83.38,85.51,7878.51,8079.65,40.01,41.23
2.29738,1,0.1008,0.164,0.127,5.424,5.580,0.9887,0.00890,269.38,55.11,0.57641048,0.7320413095999999,2.35,9.021127e-09,7.07364e-09,7.772526e-09,6.120762e-09,83.39,85.08,7879.25,8038.48,40.01,40.98
2.29763,1,0.1008,0.164,0.127,5.424,5.580,0.9887,0.00890,269.38,55.11,0.5764094799999999,0.7320400395999999,2.35,9.018755e-09,7.077047e-09,7.781509e-09,6.116004e-09,83.68,84.31,7906.50,7965.96,40.18,40.54
2.29787,1,0.1009,0.164,0.127,5.424,5.580,0.9887,0.00890,269.38,55.11,0.57640852,0.7320388204,2.35,9.030615e-09,7.077478e-09,7.781948e-09,6.109403e-09,83.28,83.95,7868.50,7931.72,39.95,40.33
2.29813,1,0.1009,0.164,0.127,5.424,5.580,0.9887,0.00890,269.38,55.11,0.57640748,0.7320374996,2.35,9.023251e-09,7.075253e-09,7.786793e-09,6.098616e-09,83.47,83.02,7886.78,7844.40,40.06,39.80
2.29838,1,0.1009,0.164,0.127,5.424,5.580,0.9887,0.00890,269.38,55.11,0.5764064799999999,0.7320362295999999,2.35,9.026925e-09,7.073718e-09,7.784779e-09,6.090141e-09,83.23,82.59,7864.04,7803.63,39.92,39.55
2.29862,1,0.1009,0.164,0.127,5.424,5.580,0.9887,0.00890,269.38,55.11,0.57640552,0.7320350104,2.35,9.030318e-09,7.070475e-09,7.786409e-09,6.077471e-09,82.91,81.73,7833.82,7722.23,39.73,39.05
2.29887,1,0.1009,0.164,0.127,5.424,5.580,0.9887,0.00890,269.38,55.11,0.57640452,0.7320337404,2.35,9.029064e-09,7.067996e-09,7.782327e-09,6.059915e-09,82.83,80.86,7826.18,7639.69,39.69,38.55
2.29913,1,0.1010,0.164,0.127,5.424,5.580,0.9887,0.00890,269.38,55.11,0.57640348,0.7320324196,2.35,9.026318e-09,7.064586e-09,7.772867e-09,6.039773e-09,82.84,80.17,7827.49,7574.85,39.69,38.15
2.29937,1,0.1010,0.164,0.126,5.424,5.580,0.9887,0.00890,269.38,55.11,0.5764025199999999,0.7320312003999999,2.35,9.028354e-09,7.060194e-09,7.769134e-09,6.016426e-09,82.53,78.97,7797.42,7461.46,39.51,37.46
2.29962,1,0.1010,0.164,0.126,5.424,5.580,0.9887,0.00890,269.38,55.11,0.57640152,0.7320299304,2.35,9.029407e-09,7.063563e-09,7.758311e-09,6.000546e-09,82.66,78.53,7810.33,7420.35,39.59,37.21
2.29988,1,0.1010,0.163,0.126,5.424,5.580,0.9887,0.00890,269.38,55.11,0.57640048,0.7320286096,2.35,9.031332e-09,7.058113e-09,7.753457e-09,5.978765e-09,82.29,77.50,7774.80,7322.58,39.37,36.61
2.30012,1,0.1010,0.163,0.126,5.424,5.580,0.9887,0.00890,269.38,55.11,0.5763995199999999,0.7320273904,2.35,9.025e-09,7.050633e-09,7.731295e-09,5.957042e-09,82.15,77.24,7762.04,7297.78,39.30,36.46
2.30037,1,0.1011,0.163,0.126,5.424,5.580,0.9887,0.00890,269.38,55.11,0.5763985199999999,0.7320261203999999,2.35,9.02837e-09,7.056269e-09,7.718696e-09,5.933779e-09,82.39,76.55,7784.86,7232.99,39.43,36.07
2.30063,1,0.1011,0.163,0.126,5.424,5.580,0.9887,0.00890,269.38,55.11,0.5763974799999999,0.7320247995999999,2.35,9.02606e-09,7.049469e-09,7.705699e-09,5.916488e-09,82.13,76.15,7759.69,7194.61,39.28,35.83
2.30088,1,0.1011,0.163,0.126,5.424,5.580,0.9887,0.00890,269.38,55.11,0.57639648,0.7320235296,2.35,9.036083e-09,7.044676e-09,7.685681e-09,5.891322e-09,81.46,75.60,7696.72,7143.45,38.90,35.52
2.30112,1,0.1011,0.163,0.126,5.424,5.580,0.9887,0.00890,269.38,55.11,0.5763955199999999,0.7320223104,2.35,9.03673e-09,7.040646e-09,7.667184e-09,5.877862e-09,81.22,75.64,7674.29,7147.20,38.76,35.54
2.30138,1,0.1011,0.163,0.126,5.424,5.580,0.9887,0.00890,269.38,55.11,0.5763944799999999,0.7320209896,2.35,9.040977e-09,7.034859e-09,7.654771e-09,5.861672e-09,80.75,75.28,7629.63,7112.50,38.49,35.33
2.30163,1,0.1012,0.163,0.126,5.424,5.580,0.9887,0.00890,269.38,55.11,0.57639348,0.7320197196,2.35,9.042735e-09,7.030108e-09,7.631608e-09,5.850468e-09,80.51,75.71,7607.33,7153.62,38.35,35.58
2.30187,1,0.1012,0.163,0.126,5.424,5.580,0.9887,0.00890,269.38,55.11,0.57639252,0.7320185003999999,2.35,9.049889e-09,7.026312e-09,7.623379e-09,5.838833e-09,80.03,75.42,7562.08,7125.77,38.08,35.41
2.30213,1,0.1012,0.163,0.126,5.424,5.580,0.9887,0.00890,269.38,55.11,0.57639148,0.7320171795999999,2.35,9.049179e-09,7.02811e-09,7.599338e-09,5.830727e-09,80.15,75.99,7573.40,7179.99,38.14,35.74
2.30238,1,0.1012,0.163,0.126,5.424,5.580,0.9887,0.00890,269.38,55.11,0.5763904799999999,0.7320159096,2.35,9.054889e-09,7.021104e-09,7.590528e-09,5.826913e-09,79.57,76.16,7518.55,7195.62,37.81,35.84
2.30262,1,0.1013,0.163,0.126,5.423,5.580,0.9887,0.00890,269.38,55.11,0.57638952,0.7320146904,2.35,9.063155e-09,7.01894e-09,7.586051e-09,5.824122e-09,79.22,76.27,7485.26,7206.16,37.61,35.90
2.30287,1,0.1013,0.163,0.126,5.423,5.580,0.9887,0.00890,269.38,55.11,0.57638852,0.7320134204,2.35,9.068041e-09,7.015998e-09,7.580431e-09,5.823289e-09,78.89,76.46,7453.58,7224.76,37.41,36.02
2.30313,1,0.1013,0.163,0.126,5.423,5.580,0.9887,0.00890,269.38,55.11,0.57638748,0.7320120995999999,2.35,9.08005e-09,7.017097e-09,7.56963e-09,5.827569e-09,78.48,77.18,7415.32,7292.66,37.18,36.43
2.30337,1,0.1013,0.163,0.126,5.423,5.580,0.9887,0.00890,269.38,55.11,0.57638652,0.7320108804000001,2.35,9.08814e-09,7.017563e-09,7.57113e-09,5.829097e-09,78.20,77.20,7388.51,7294.69,37.02,36.44
2.30362,1,0.1013,0.163,0.126,5.423,5.580,0.9887,0.00890,269.38,55.11,0.57638552,0.7320096104,2.35,9.089624e-09,7.012072e-09,7.571356e-09,5.832286e-09,77.87,77.38,7357.94,7311.11,36.83,36.54
2.30388,1,0.1014,0.163,0.126,5.423,5.580,0.9887,0.00890,269.38,55.11,0.57638448,0.7320082896,2.35,9.103183e-09,7.013931e-09,7.569885e-09,5.841593e-09,77.53,78.06,7325.89,7375.71,36.63,36.94
2.30412,1,0.1014,0.163,0.126,5.423,5.580,0.9887,0.00890,269.38,55.11,0.5763835199999999,0.7320070703999999,2.35,9.108597e-09,7.012205e-09,7.582597e-09,5.847507e-09,77.25,77.84,7299.14,7354.25,36.47,36.81
2.30437,1,0.1014,0.163,0.126,5.423,5.580,0.9887,0.00890,269.38,55.11,0.57638252,0.7320058004000001,2.35,9.125394e-09,7.01209e-09,7.584194e-09,5.855576e-09,76.63,78.23,7240.61,7391.97,36.11,37.04
2.30463,1,0.1014,0.163,0.126,5.423,5.580,0.9887,0.00890,269.38,55.11,0.57638148,0.7320044796,2.35,9.13351e-09,7.014464e-09,7.592456e-09,5.858385e-09,76.45,78.03,7223.43,7372.26,36.01,36.92
2.30488,1,0.1014,0.163,0.126,5.423,5.580,0.9887,0.00890,269.38,55.11,0.57638048,0.7320032096,2.35,9.145781e-09,7.01309e-09,7.603832e-09,5.862979e-09,75.95,77.78,7175.81,7349.30,35.72,36.78
2.30512,1,0.1015,0.162,0.126,5.423,5.580,0.9887,0.00890,269.38,55.11,0.5763795199999999,0.7320019903999999,2.35,9.157286e-09,7.009118e-09,7.607706e-09,5.86715e-09,75.43,77.92,7126.78,7362.70,35.42,36.86
2.30538,1,0.1015,0.162,0.126,5.423,5.580,0.9887,0.00890,269.38,55.11,0.5763784799999999,0.7320006695999999,2.35,9.16369e-09,7.010605e-09,7.615131e-09,5.870073e-09,75.27,77.76,7112.01,7347.37,35.33,36.76
2.30563,1,0.1015,0.162,0.126,5.423,5.580,0.9887,0.00890,269.38,55.11,0.57637748,0.7319993996,2.35,9.174708e-09,7.005973e-09,7.623401e-09,5.868582e-09,74.68,77.31,7056.02,7304.64,34.99,36.50
2.30587,1,0.1015,0.162,0.126,5.423,5.580,0.9887,0.00890,269.38,55.11,0.57637652,0.7319981804,2.35,9.182588e-09,7.004044e-09,7.628531e-09,5.868979e-09,74.32,77.11,7022.32,7285.49,34.78,36.39
2.30613,1,0.1016,0.162,0.126,5.423,5.580,0.9887,0.00890,269.38,55.11,0.5763754799999999,0.7319968595999999,2.35,9.191459e-09,7.002138e-09,7.623227e-09,5.861962e-09,74.01,77.02,6992.72,7276.85,34.60,36.33
2.30638,1,0.1016,0.162,0.125,5.423,5.580,0.9887,0.00890,269.38,55.11,0.5763744799999999,0.7319955895999999,2.35,9.196844e-09,7.00209e-09,7.634825e-09,5.855448e-09,73.83,76.15,6975.67,7195.09,34.50,35.84
2.30662,1,0.1016,0.162,0.125,5.423,5.580,0.9887,0.00890,269.38,55.11,0.57637352,0.7319943703999999,2.35,9.1932e-09,6.999407e-09,7.629512e-09,5.84174e-09,73.83,75.62,6976.05,7144.54,34.50,35.53
2.30687,1,0.1016,0.162,0.125,5.423,5.580,0.9887,0.00890,269.38,55.11,0.5763725199999999,0.7319931004,2.35,9.196752e-09,6.99697e-09,7.628456e-09,5.831968e-09,73.61,75.12,6954.63,7097.98,34.37,35.24
2.30713,1,0.1016,0.162,0.125,5.423,5.580,0.9887,0.00890,269.38,55.11,0.5763714799999999,0.7319917796,2.35,9.203729e-09,6.996366e-09,7.621066e-09,5.81617e-09,73.35,74.57,6930.15,7045.78,34.22,34.93
2.30737,1,0.1017,0.162,0.125,5.423,5.580,0.9887,0.00890,269.38,55.11,0.57637052,0.7319905604,2.35,9.209158e-09,6.986368e-09,7.605854e-09,5.799702e-09,72.80,74.38,6878.97,7027.84,33.91,34.82
2.30762,1,0.1017,0.162,0.125,5.423,5.580,0.9887,0.00890,269.38,55.11,0.57636952,0.7319892903999999,2.35,9.205975e-09,6.980261e-09,7.597783e-09,5.784351e-09,72.65,73.89,6863.93,6981.10,33.82,34.53
2.30788,1,0.1017,0.162,0.125,5.423,5.580,0.9887,0.00890,269.38,55.11,0.57636848,0.7319879696,2.35,9.197653e-09,6.974788e-09,7.580165e-09,5.76756e-09,72.68,73.70,6867.34,6964.01,33.84,34.43
2.30812,1,0.1017,0.162,0.125,5.423,5.580,0.9887,0.00890,269.38,55.11,0.5763675199999999,0.7319867503999999,2.35,9.196842e-09,6.965755e-09,7.562575e-09,5.745044e-09,72.32,73.22,6833.17,6918.02,33.63,34.15
2.30837,1,0.1017,0.162,0.125,5.423,5.580,0.9887,0.00890,269.38,55.11,0.57636652,0.7319854804,2.35,9.1904e-09,6.955261e-09,7.544088e-09,5.733491e-09,72.08,73.35,6810.51,6930.55,33.49,34.22
2.30863,1,0.1018,0.162,0.125,5.423,5.580,0.9887,0.00890,269.38,55.11,0.57636548,0.7319841596,2.35,9.184825e-09,6.950496e-09,7.526696e-09,5.706895e-09,72.13,72.71,6814.99,6870.25,33.52,33.85
2.30888,1,0.1018,0.162,0.125,5.423,5.580,0.9887,0.00890,269.38,55.11,0.57636448,0.7319828895999999,2.35,9.165402e-09,6.937541e-09,7.500396e-09,5.688106e-09,72.20,72.77,6822.04,6876.01,33.56,33.89
2.30912,1,0.1018,0.162,0.125,5.423,5.580,0.9887,0.00890,269.38,55.11,0.5763635199999999,0.7319816703999998,2.35,9.153682e-09,6.922383e-09,7.475438e-09,5.669254e-09,71.93,72.78,6796.64,6876.39,33.40,33.89
2.30938,1,0.1018,0.162,0.125,5.423,5.580,0.9887,0.00890,269.38,55.11,0.57636248,0.7319803496,2.35,9.138497e-09,6.910202e-09,7.452603e-09,5.644933e-09,71.90,72.41,6793.83,6841.26,33.39,33.68
2.30963,1,0.1018,0.162,0.125,5.423,5.580,0.9887,0.00890,269.38,55.11,0.57636148,0.7319790796,2.35,9.119375e-09,6.892372e-09,7.436623e-09,5.628404e-09,71.76,72.17,6780.23,6819.16,33.30,33.54
2.30987,1,0.1019,0.162,0.125,5.422,5.580,0.9887,0.00890,269.38,55.11,0.5763605199999999,0.7319778603999999,2.35,9.106151e-09,6.874405e-09,7.406154e-09,5.608345e-09,71.49,72.40,6754.80,6840.90,33.15,33.67
2.31013,1,0.1019,0.162,0.125,5.422,5.580,0.9887,0.00890,269.38,55.11,0.5763594799999999,0.7319765395999999,2.35,9.074328e-09,6.861276e-09,7.380613e-09,5.591517e-09,71.96,72.54,6798.85,6853.59,33.42,33.75
2.31038,1,0.1019,0.161,0.125,5.422,5.580,0.9887,0.00890,269.38,55.11,0.57635848,0.7319752696,2.35,9.059193e-09,6.84003e-09,7.358985e-09,5.576375e-09,71.53,72.60,6758.84,6859.61,33.17,33.79
2.31062,1,0.1019,0.161,0.125,5.422,5.580,0.9887,0.00890,269.38,55.11,0.57635752,0.7319740504,2.35,9.032751e-09,6.819649e-09,7.332843e-09,5.557581e-09,71.52,72.65,6757.16,6864.79,33.16,33.82
2.31087,1,0.1020,0.161,0.125,5.422,5.580,0.9887,0.00890,269.38,55.11,0.5763565199999999,0.7319727803999999,2.35,8.999036e-09,6.796566e-09,7.312921e-09,5.542793e-09,71.69,72.74,6773.43,6873.10,33.26,33.87
2.31113,1,0.1020,0.161,0.125,5.422,5.580,0.9887,0.00890,269.38,55.11,0.5763554799999999,0.7319714595999999,2.35,8.968279e-09,6.770652e-09,7.290028e-09,5.523634e-09,71.57,72.64,6762.47,6863.83,33.20,33.81
2.31137,1,0.1020,0.161,0.125,5.422,5.580,0.9887,0.00890,269.38,55.11,0.57635452,0.7319702404,2.35,8.939538e-09,6.749464e-09,7.26579e-09,5.514051e-09,71.59,73.13,6764.56,6909.24,33.21,34.09
2.31162,1,0.1020,0.161,0.125,5.422,5.580,0.9887,0.00890,269.38,55.11,0.57635352,0.7319689704,2.35,8.90117e-09,6.722121e-09,7.248594e-09,5.502927e-09,71.66,73.23,6771.24,6919.29,33.25,34.15
2.31188,1,0.1020,0.161,0.125,5.422,5.580,0.9887,0.00890,269.38,55.11,0.57635248,0.7319676495999999,2.35,8.865556e-09,6.696748e-09,7.231243e-09,5.485756e-09,71.73,73.01,6777.54,6898.41,33.29,34.02
2.31212,1,0.1021,0.161,0.125,5.422,5.580,0.9887,0.00890,269.38,55.11,0.57635152,0.7319664304,2.35,8.822455e-09,6.672769e-09,7.213477e-09,5.47625e-09,72.18,73.30,6820.01,6925.97,33.55,34.19
2.31237,1,0.1021,0.161,0.125,5.422,5.580,0.9887,0.00890,269.38,55.11,0.57635052,0.7319651604,2.35,8.791091e-09,6.639365e-09,7.204406e-09,5.461506e-09,71.75,72.87,6779.43,6884.84,33.30,33.94
2.31263,1,0.1021,0.161,0.125,5.422,5.580,0.9887,0.00890,269.38,55.11,0.57634948,0.7319638396,2.35,8.750859e-09,6.606068e-09,7.185747e-09,5.452524e-09,71.62,73.15,6767.25,6911.89,33.22,34.11
2.31288,1,0.1021,0.161,0.125,5.422,5.580,0.9887,0.00890,269.38,55.11,0.5763484799999999,0.7319625696,2.35,8.717406e-09,6.587974e-09,7.18624e-09,5.45165e-09,71.94,73.08,6797.39,6905.34,33.41,34.07
2.31312,1,0.1021,0.161,0.125,5.422,5.580,0.9887,0.00890,269.38,55.11,0.57634752,0.7319613504,2.35,8.671106e-09,6.555842e-09,7.195275e-09,5.442345e-09,72.07,72.20,6809.54,6821.43,33.48,33.55
2.31338,1,0.1022,0.161,0.125,5.422,5.580,0.9887,0.00890,269.38,55.11,0.57634648,0.7319600296,2.35,8.635854e-09,6.518231e-09,7.153776e-09,5.43428e-09,71.65,73.56,6769.54,6950.55,33.24,34.34
2.31363,1,0.1022,0.161,0.124,5.422,5.580,0.9887,0.00890,269.38,55.11,0.57634548,0.7319587596,2.35,8.585959e-09,6.486459e-09,7.141936e-09,5.424146e-09,71.92,73.50,6794.99,6944.78,33.39,34.31
2.31387,1,0.1022,0.161,0.124,5.422,5.580,0.9887,0.00890,269.38,55.11,0.5763445199999999,0.7319575403999999,2.35,8.549011e-09,6.459119e-09,7.139755e-09,5.423192e-09,71.94,73.54,6797.46,6948.52,33.41,34.33
2.31413,1,0.1022,0.161,0.124,5.422,5.580,0.9887,0.00890,269.38,55.11,0.5763434799999999,0.7319562195999999,2.35,8.503056e-09,6.429414e-09,7.12725e-09,5.417351e-09,72.17,73.75,6819.22,6968.09,33.54,34.45
2.31438,1,0.1022,0.161,0.124,5.422,5.580,0.9887,0.00890,269.38,55.11,0.57634248,0.7319549496,2.35,8.460376e-09,6.396235e-09,7.132061e-09,5.414904e-09,72.13,73.40,6815.25,6935.50,33.52,34.25
2.31462,1,0.1023,0.161,0.124,5.422,5.580,0.9887,0.00890,269.39,55.11,0.5763415199999999,0.7319537303999999,2.35,8.418991e-09,6.363932e-09,7.12551e-09,5.413429e-09,72.15,73.67,6817.46,6960.96,33.53,34.41
2.31487,1,0.1023,0.161,0.124,5.422,5.580,0.9887,0.00890,269.39,55.11,0.5763405199999999,0.7319524604,2.35,8.381112e-09,6.337435e-09,7.122698e-09,5.413429e-09,72.25,73.79,6826.88,6972.41,33.59,34.48
2.31513,1,0.1023,0.161,0.124,5.422,5.580,0.9887,0.00890,269.39,55.11,0.57633948,0.7319511396,2.35,8.339484e-09,6.304904e-09,7.123075e-09,5.411636e-09,72.20,73.68,6822.21,6961.27,33.56,34.41
2.31537,1,0.1023,0.161,0.124,5.422,5.580,0.9887,0.00890,269.39,55.11,0.57633852,0.7319499204,2.35,8.299076e-09,6.271612e-09,7.118332e-09,5.405326e-09,72.07,73.52,6810.00,6946.79,33.49,34.32
2.31562,1,0.1024,0.161,0.124,5.422,5.580,0.9887,0.00890,269.39,55.11,0.5763375199999999,0.7319486503999999,2.35,8.26886e-09,6.243055e-09,7.118926e-09,5.403264e-09,71.88,73.45,6791.16,6940.16,33.37,34.28
2.31588,1,0.1024,0.160,0.124,5.422,5.580,0.9887,0.00890,269.39,55.11,0.5763364799999999,0.7319473296,2.35,8.224265e-09,6.221835e-09,7.112156e-09,5.40048e-09,72.46,73.58,6846.79,6952.43,33.71,34.35
2.31612,1,0.1024,0.160,0.124,5.422,5.580,0.9887,0.00890,269.39,55.11,0.57633552,0.7319461104,2.35,8.193114e-09,6.198987e-09,7.116762e-09,5.395332e-09,72.50,73.10,6850.05,6906.45,33.73,34.07
2.31637,1,0.1024,0.160,0.124,5.422,5.580,0.9887,0.00890,269.39,55.11,0.57633452,0.7319448404,2.35,8.155487e-09,6.17156e-09,7.117592e-09,5.390736e-09,72.55,72.80,6854.81,6878.88,33.76,33.91
2.31663,1,0.1024,0.160,0.124,5.422,5.580,0.9887,0.00890,269.39,55.11,0.57633348,0.7319435195999999,2.35,8.125668e-09,6.152543e-09,7.123081e-09,5.38525e-09,72.72,72.27,6871.10,6828.49,33.86,33.60
2.31688,1,0.1025,0.160,0.124,5.422,5.580,0.9887,0.00890,269.39,55.11,0.5763324799999999,0.7319422495999999,2.35,8.099347e-09,6.130113e-09,7.233969e-09,5.389771e-09,72.67,68.23,6866.26,6446.32,33.83,31.27
2.31712,1,0.1025,0.160,0.124,5.422,5.580,0.9887,0.00890,269.39,55.11,0.57633152,0.7319410304,2.35,8.082716e-09,6.120633e-09,7.532821e-09,5.391011e-09,72.82,58.76,6880.63,5551.86,33.92,25.81
2.31738,1,0.1025,0.160,0.124,5.422,5.580,0.9887,0.00890,269.39,55.11,0.57633048,0.7319397096,2.35,8.109189e-09,6.102739e-09,7.793381e-09,5.395536e-09,71.00,52.53,6708.81,4963.21,32.87,22.22
2.31763,1,0.1025,0.160,0.124,5.422,5.580,0.9887,0.00891,269.39,55.11,0.57632948,0.7319384395999999,2.35,8.072063e-09,6.09939e-09,7.864883e-09,5.402103e-09,72.18,51.21,6819.94,4838.23,33.55,21.46
2.31787,1,0.1025,0.160,0.124,5.422,5.580,0.9887,0.00891,269.39,55.11,0.57632852,0.7319372204,2.35,8.09989e-09,6.094376e-09,7.974069e-09,5.394305e-09,70.94,48.81,6702.75,4612.17,32.83,20.08
2.31813,1,0.1026,0.160,0.124,5.421,5.580,0.9887,0.00891,269.39,55.11,0.57632748,0.7319358996,2.35,8.073024e-09,6.09726e-09,7.889891e-09,5.398327e-09,72.11,50.63,6813.52,4783.65,33.51,21.12
2.31838,1,0.1026,0.160,0.124,5.421,5.580,0.9887,0.00891,269.39,55.11,0.57632648,0.7319346296,2.35,8.070811e-09,6.087603e-09,7.881069e-09,5.420001e-09,71.73,51.46,6777.20,4862.37,33.28,21.60
2.31862,1,0.1026,0.160,0.124,5.421,5.580,0.9887,0.00891,269.39,55.11,0.5763255199999999,0.7319334103999999,2.35,8.042106e-09,6.083718e-09,7.960693e-09,5.430528e-09,72.59,50.15,6858.71,4738.77,33.78,20.85
2.31887,1,0.1026,0.160,0.124,5.421,5.580,0.9887,0.00891,269.39,55.11,0.57632452,0.7319321404,2.35,8.065126e-09,6.077133e-09,8.032453e-09,5.48458e-09,71.43,50.30,6749.26,4752.67,33.11,20.94
2.31913,1,0.1026,0.160,0.124,5.421,5.580,0.9887,0.00891,269.39,55.11,0.57632348,0.7319308196000001,2.35,8.058764e-09,6.116776e-09,8.393822e-09,5.532468e-09,73.60,45.18,6954.22,4268.93,34.36,17.98
2.31937,1,0.1027,0.160,0.124,5.421,5.580,0.9887,0.00891,269.39,55.11,0.57632252,0.7319296004,2.35,8.116347e-09,6.09962e-09,8.707369e-09,5.623298e-09,70.74,42.65,6684.21,4029.59,32.72,16.52
2.31962,1,0.1027,0.160,0.124,5.421,5.580,0.9887,0.00891,269.39,55.11,0.5763215199999999,0.7319283303999999,2.35,8.199818e-09,6.193914e-09,9.181343e-09,5.638805e-09,72.22,37.23,6824.17,3517.77,33.57,13.40
2.31988,1,0.1027,0.160,0.124,5.421,5.580,0.9887,0.00891,269.39,55.11,0.5763204799999999,0.7319270095999999,2.35,8.330059e-09,6.268699e-09,9.399414e-09,5.783694e-09,71.13,37.41,6720.76,3535.13,32.94,13.51
2.32012,1,0.1027,0.160,0.124,5.421,5.580,0.9887,0.00891,269.39,55.11,0.57631952,0.7319257903999999,2.35,8.523753e-09,6.620281e-09,1.01529e-08,5.95913e-09,81.35,33.24,7686.43,3140.31,38.83,11.10
2.32037,1,0.1028,0.160,0.124,5.421,5.580,0.9887,0.00891,269.39,55.11,0.57631852,0.7319245203999999,2.35,8.869532e-09,7.012454e-09,1.105265e-08,6.803792e-09,88.41,37.49,8353.27,3542.38,42.90,13.55
2.32063,1,0.1028,0.160,0.124,5.421,5.580,0.9887,0.00891,269.39,55.11,0.5763174799999999,0.7319231996,2.35,1.449244e-08,1.590873e-08,3.715218e-08,1.631305e-08,-262.99,18.33,-24848.49,1731.70,-159.62,2.51
2.32088,1,0.1028,0.160,0.123,5.421,5.580,0.9887,0.00891,269.39,55.11,0.5763164799999999,0.7319219295999999,2.35,2.486293e-08,2.795105e-08,7.862025e-08,4.800939e-08,-211.92,36.72,-20023.46,3469.65,-130.19,13.11
2.32112,1,0.1028,0.159,0.123,5.421,5.580,0.9887,0.00891,269.39,55.11,0.57631552,0.7319207104,2.35,3.862007e-08,4.711839e-08,1.23158e-07,6.149514e-08,-129.81,23.35,-12265.18,2206.14,-82.87,5.40
2.32138,1,0.1028,0.159,0.123,5.421,5.580,0.9887,0.00891,269.39,55.11,0.57631448,0.7319193895999999,2.35,4.091873e-08,3.981321e-08,1.262101e-07,8.087991e-08,843.17,41.77,79666.77,3947.02,477.88,16.02
2.32163,1,0.1029,0.159,0.123,5.421,5.580,0.9887,0.00891,269.39,55.11,0.5763134799999999,0.7319181196,2.35,5.300896e-08,5.066025e-08,1.647243e-07,8.359329e-08,505.49,24.15,47761.31,2281.51,283.27,5.86
2.32187,1,0.1029,0.159,0.123,5.421,5.580,0.9887,0.00891,269.39,55.11,0.57631252,0.7319169004,2.35,6.406292e-08,4.684532e-08,1.556536e-07,1.022792e-07,63.76,44.91,6024.65,4243.19,28.69,17.83
2.32213,1,0.1029,0.159,0.123,5.421,5.580,0.9887,0.00891,269.39,55.11,0.57631148,0.7319155796,2.35,7.644189e-08,6.534601e-08,1.898864e-07,1.119186e-07,138.02,33.64,13040.54,3178.52,71.49,11.33
2.32238,1,0.1029,0.159,0.123,5.421,5.580,0.9887,0.00891,269.39,55.11,0.57631048,0.7319143095999999,2.35,7.821844e-08,5.982242e-08,1.485891e-07,1.40233e-07,76.21,393.30,7200.76,37160.78,35.87,218.61
2.32262,1,0.1029,0.159,0.123,5.421,5.580,0.9887,0.00891,269.39,55.11,0.5763095199999999,0.7319130903999999,2.35,8.253132e-08,7.768504e-08,1.703047e-07,1.583161e-07,375.67,309.48,35495.00,29241.18,208.45,170.30
2.32287,1,0.1030,0.159,0.123,5.421,5.580,0.9887,0.00891,269.39,55.11,0.57630852,0.7319118204,2.35,7.247838e-08,7.723482e-08,1.501194e-07,1.710361e-07,-380.91,-191.82,-35990.72,-18124.00,-227.58,-118.60
2.32313,1,0.1030,0.159,0.123,5.421,5.580,0.9887,0.00891,269.39,55.11,0.57630748,0.7319104996,2.35,7.738333e-08,9.422753e-08,1.747784e-07,1.653879e-07,-131.23,413.15,-12399.01,39036.82,-83.68,230.05
2.32337,1,0.1030,0.159,0.123,5.421,5.580,0.9887,0.00891,269.39,55.11,0.5763065199999999,0.7319092803999999,2.35,7.921307e-08,8.928082e-08,1.364043e-07,1.628767e-07,-208.03,-144.33,-19655.55,-13637.20,-127.94,-91.23
2.32362,1,0.1030,0.159,0.123,5.421,5.580,0.9887,0.00891,269.39,55.11,0.5763055199999999,0.7319080103999999,2.35,8.495395e-08,9.265608e-08,1.409257e-07,1.507026e-07,-282.20,-361.59,-26663.83,-34164.81,-170.69,-216.44
2.32388,1,0.1031,0.159,0.123,5.421,5.580,0.9887,0.00891,269.39,55.11,0.57630448,0.7319066896,2.35,8.676458e-08,8.243813e-08,1.166795e-07,1.57655e-07,447.42,-90.34,42274.33,-8536.18,249.80,-60.12
2.32412,1,0.1031,0.159,0.123,5.421,5.580,0.9887,0.00891,269.39,55.11,0.57630352,0.7319054704,2.35,8.716989e-08,7.889378e-08,1.27277e-07,1.505778e-07,223.84,-151.74,21149.34,-14337.40,120.95,-95.50
2.32437,1,0.1031,0.159,0.123,5.421,5.580,0.9887,0.00891,269.39,55.11,0.5763025199999999,0.7319042003999999,2.35,7.260578e-08,6.90931e-08,1.003316e-07,1.338616e-07,461.86,-93.74,43639.16,-8857.33,258.12,-62.08
2.32463,1,0.1031,0.159,0.123,5.421,5.580,0.9887,0.00891,269.39,55.11,0.5763014799999999,0.7319028795999999,2.35,4.057302e-08,4.063616e-08,5.7767e-08,6.582008e-08,-15112.12,-191.92,-1427868.91,-18133.29,-8717.19,-118.66
2.32488,1,0.1031,0.159,0.123,5.421,5.580,0.9887,0.00891,269.39,55.11,0.57630048,0.7319016096000001,2.35,1.441266e-08,1.310172e-08,1.843958e-08,1.673747e-08,234.67,230.90,22173.07,21816.37,127.19,125.01
2.32512,1,0.1032,0.159,0.123,5.421,5.580,0.9887,0.00891,269.39,55.11,0.57629952,0.7319003904,2.35,1.057389e-08,8.323355e-09,1.29382e-08,9.157118e-09,86.93,56.92,8213.22,5378.28,42.04,24.75
2.32538,1,0.1032,0.159,0.123,5.421,5.580,0.9887,0.00891,269.39,55.11,0.57629848,0.7318990696,2.35,9.933825e-09,7.627663e-09,1.221277e-08,8.208514e-09,77.74,48.18,7345.18,4552.43,36.75,19.71
2.32563,1,0.1032,0.159,0.123,5.421,5.580,0.9887,0.00891,269.39,55.11,0.5762974799999999,0.7318977995999999,2.35,9.698205e-09,7.212706e-09,1.19794e-08,7.764554e-09,68.21,43.30,6444.44,4091.06,31.25,16.90
2.32587,1,0.1032,0.159,0.123,5.421,5.580,0.9887,0.00891,269.39,55.11,0.57629652,0.7318965803999999,2.35,9.454275e-09,7.005725e-09,1.196193e-08,7.704785e-09,67.25,42.54,6353.96,4019.23,30.70,16.46
2.32613,1,0.1032,0.159,0.123,5.421,5.580,0.9887,0.00891,269.39,55.11,0.57629548,0.7318952596,2.35,9.495144e-09,6.939617e-09,1.20103e-08,7.688738e-09,63.83,41.82,6030.53,3951.07,28.73,16.05
2.32638,1,0.1033,0.159,0.123,5.420,5.580,0.9887,0.00891,269.39,55.11,0.5762944799999999,0.7318939896,2.35,9.779558e-09,6.887997e-09,1.248199e-08,7.844466e-09,56.04,39.80,5295.19,3760.09,24.24,14.88
2.32662,1,0.1033,0.158,0.123,5.420,5.580,0.9887,0.00891,269.39,55.11,0.57629352,0.7318927704,2.35,1.038644e-08,6.768526e-09,1.312796e-08,7.957378e-09,44.01,36.21,4158.51,3420.84,17.31,12.81
2.32687,1,0.1033,0.158,0.123,5.420,5.580,0.9887,0.00891,269.39,55.11,0.57629252,0.7318915004,2.35,1.089388e-08,6.553849e-09,1.41126e-08,8.002472e-09,35.53,30.81,3356.65,2911.23,12.42,9.70
2.32713,1,0.1033,0.158,0.123,5.420,5.580,0.9887,0.00891,269.39,55.11,0.57629148,0.7318901796,2.35,1.088014e-08,6.402098e-09,1.469149e-08,7.75805e-09,33.63,26.32,3177.87,2487.17,11.33,7.12
2.32737,1,0.1034,0.158,0.123,5.420,5.580,0.9887,0.00891,269.39,55.11,0.5762905199999999,0.7318889604,2.35,1.023671e-08,6.302013e-09,1.470137e-08,7.522883e-09,37.72,24.68,3563.61,2331.70,13.68,6.17
2.32762,1,0.1034,0.158,0.123,5.420,5.580,0.9887,0.00891,269.39,55.11,0.57628952,0.7318876904,2.35,1.007944e-08,6.317138e-09,1.626504e-08,7.671027e-09,39.54,21.02,3735.84,1986.00,14.73,4.06
2.32788,1,0.1034,0.158,0.123,5.420,5.580,0.9887,0.00891,269.39,55.11,0.57628848,0.7318863696,2.35,1.029059e-08,6.318183e-09,1.856444e-08,8.032587e-09,37.45,17.96,3538.83,1696.96,13.53,2.30
2.32812,1,0.1034,0.158,0.122,5.420,5.580,0.9887,0.00891,269.39,55.11,0.5762875199999999,0.7318851503999999,2.35,1.095289e-08,6.297836e-09,2.158545e-08,8.56589e-09,31.86,15.49,3010.28,1463.92,10.31,0.88
2.32837,1,0.1034,0.158,0.122,5.420,5.580,0.9887,0.00891,269.39,55.11,0.5762865199999999,0.7318838803999999,2.35,1.938777e-08,6.817491e-09,5.232457e-08,1.402594e-08,12.77,8.62,1206.76,814.87,-0.69,-3.08
2.32863,1,0.1035,0.158,0.122,5.420,5.580,0.9887,0.00891,269.39,55.11,0.5762854799999999,0.7318825595999999,2.35,8.676854e-08,1.248332e-08,2.533033e-07,5.730893e-08,3.96,6.89,374.27,651.24,-5.77,-4.08
2.32888,1,0.1035,0.158,0.122,5.420,5.580,0.9887,0.00891,269.39,55.11,0.57628448,0.7318812896,2.35,1.812713e-07,1.708169e-08,4.618664e-07,1.278587e-07,2.45,9.02,231.71,852.58,-6.64,-2.85
2.32912,1,0.1035,0.158,0.122,5.420,5.580,0.9887,0.00891,269.39,55.11,0.5762835199999999,0.7318800703999999,2.35,2.278287e-07,1.549442e-08,4.952159e-07,1.583555e-07,1.72,11.08,162.52,1046.99,-7.06,-1.67
2.32938,1,0.1035,0.158,0.122,5.420,5.580,0.9887,0.00891,269.39,55.11,0.5762824799999999,0.7318787495999999,2.35,2.241376e-07,1.419779e-08,4.613694e-07,1.445882e-07,1.59,10.76,150.62,1016.56,-7.13,-1.85
2.32963,1,0.1035,0.158,0.122,5.420,5.580,0.9887,0.00891,269.39,55.11,0.57628148,0.7318774796,2.35,2.109839e-07,1.410537e-08,4.77868e-07,1.451414e-07,1.69,10.28,159.57,971.55,-7.08,-2.13
2.32987,1,0.1036,0.158,0.122,5.420,5.580,0.9887,0.00891,269.39,55.11,0.57628052,0.7318762604,2.35,1.869543e-07,1.443466e-08,4.91162e-07,1.514456e-07,1.97,10.52,186.53,993.84,-6.91,-1.99
2.33012,1,0.1036,0.158,0.122,5.420,5.580,0.9887,0.00891,269.39,55.11,0.5762795199999999,0.7318749903999999,2.35,1.705714e-07,1.121298e-08,5.194183e-07,1.565448e-07,1.66,10.18,156.86,961.75,-7.10,-2.19
2.33038,1,0.1036,0.158,0.122,5.420,5.580,0.9887,0.00891,269.39,55.11,0.5762784799999999,0.7318736695999999,2.35,1.565304e-07,9.314826e-09,5.164666e-07,1.572862e-07,1.49,10.33,141.06,976.24,-7.19,-2.10
2.33062,1,0.1036,0.158,0.122,5.420,5.580,0.9887,0.00891,269.39,55.11,0.57627752,0.7318724504,2.35,1.441201e-07,1.266524e-08,5.033498e-07,1.484497e-07,2.27,9.87,214.79,932.51,-6.74,-2.36
2.33087,1,0.1037,0.158,0.122,5.420,5.580,0.9887,0.00891,269.39,55.11,0.57627652,0.7318711804,2.35,1.52368e-07,1.326742e-08,4.748407e-07,1.502204e-07,2.25,10.93,212.84,1032.64,-6.75,-1.75
2.33113,1,0.1037,0.158,0.122,5.420,5.580,0.9887,0.00891,269.39,55.11,0.57627548,0.7318698596,2.35,1.603842e-07,1.220863e-08,4.028741e-07,1.603504e-07,1.95,15.62,183.86,1475.41,-6.93,0.95
2.33137,1,0.1037,0.158,0.122,5.420,5.580,0.9887,0.00891,269.39,55.11,0.57627452,0.7318686404,2.35,1.661961e-07,1.139413e-08,3.263032e-07,1.574258e-07,1.74,22.02,164.25,2080.18,-7.05,4.64
2.33162,1,0.1037,0.158,0.122,5.420,5.580,0.9887,0.00891,269.39,55.11,0.57627352,0.7318673703999999,2.35,1.596091e-07,1.179812e-08,2.674329e-07,1.556417e-07,1.89,32.88,178.12,3106.81,-6.97,10.90
2.33188,1,0.1037,0.158,0.122,5.420,5.580,0.9887,0.00891,269.39,55.11,0.57627248,0.7318660496,2.35,1.258489e-07,1.051727e-08,2.200288e-07,1.492956e-07,2.15,49.85,203.49,4709.99,-6.81,20.67
2.33213,1,0.1038,0.157,0.122,5.420,5.580,0.9887,0.00891,269.39,55.11,0.57627148,0.7318647796,2.35,1.010128e-07,1.023661e-08,1.938436e-07,1.165137e-07,2.67,35.62,251.87,3365.31,-6.52,12.47
2.33237,1,0.1038,0.157,0.122,5.420,5.580,0.9887,0.00891,269.39,55.11,0.57627052,0.7318635604,2.35,6.91919e-08,1.060003e-08,1.449404e-07,7.436296e-08,4.28,24.91,404.08,2353.35,-5.59,6.30
2.33263,1,0.1038,0.157,0.122,5.420,5.580,0.9887,0.00891,269.39,55.11,0.57626948,0.7318622396,2.35,3.086765e-08,1.206552e-08,6.710696e-08,4.105079e-08,15.17,37.24,1433.29,3518.90,0.69,13.41
2.33288,1,0.1038,0.157,0.122,5.420,5.580,0.9887,0.00891,269.39,55.11,0.57626848,0.7318609696,2.35,1.673956e-08,2.827222e-08,2.272943e-08,4.605533e-08,-57.95,-46.67,-5475.53,-4409.99,-41.45,-34.95
2.33312,1,0.1038,0.157,0.122,5.420,5.580,0.9887,0.00891,269.39,55.11,0.5762675199999999,0.7318597504,2.35,8.315295e-08,2.381013e-07,1.031815e-07,3.874091e-07,-36.33,-32.22,-3432.19,-3044.39,-28.99,-26.62
2.33338,1,0.1039,0.157,0.122,5.420,5.580,0.9887,0.00891,269.39,55.11,0.5762664799999999,0.7318584295999999,2.35,9.194805e-08,2.815823e-07,1.278826e-07,4.423991e-07,-35.13,-33.28,-3319.73,-3144.74,-28.30,-27.23
2.33363,1,0.1039,0.157,0.122,5.420,5.580,0.9887,0.00891,269.40,55.11,0.57626548,0.7318571596,2.35,9.419095e-08,2.964505e-07,1.155e-07,4.728172e-07,-34.68,-31.31,-3276.85,-2958.37,-28.04,-26.10
2.33387,1,0.1039,0.157,0.122,5.420,5.580,0.9887,0.00891,269.40,55.11,0.57626452,0.7318559403999999,2.35,1.109391e-07,3.060216e-07,1.212744e-07,4.486451e-07,-37.12,-32.43,-3507.09,-3063.92,-29.44,-26.74
2.33412,1,0.1039,0.157,0.122,5.420,5.580,0.9887,0.00891,269.40,55.11,0.5762635199999999,0.7318546703999999,2.35,9.129762e-08,2.916952e-07,1.005116e-07,4.574341e-07,-34.44,-30.33,-3254.25,-2865.29,-27.90,-25.53
2.33438,1,0.1040,0.157,0.122,5.419,5.580,0.9887,0.00891,269.40,55.11,0.5762624799999999,0.7318533495999999,2.35,1.036509e-07,2.705731e-07,1.163824e-07,4.140225e-07,-38.39,-32.95,-3627.45,-3112.89,-30.18,-27.04
2.33462,1,0.1040,0.157,0.122,5.419,5.580,0.9887,0.00891,269.40,55.11,0.57626152,0.7318521304,2.35,5.853696e-08,1.696669e-07,8.71101e-08,2.781875e-07,-36.16,-34.48,-3416.62,-3258.06,-28.89,-27.92
2.33487,1,0.1040,0.157,0.122,5.419,5.580,0.9887,0.00891,269.40,55.11,0.5762605199999999,0.7318508603999999,2.35,1.422443e-07,3.050273e-08,2.11e-07,5.033121e-08,6.47,7.42,610.88,701.03,-4.33,-3.78
2.33513,1,0.1040,0.157,0.122,5.419,5.580,0.9887,0.00891,269.40,55.11,0.5762594799999999,0.7318495395999999,2.35,2.394882e-07,3.228134e-08,4.051796e-07,6.722583e-08,3.69,4.71,348.64,445.15,-5.93,-5.34
2.33537,1,0.1040,0.157,0.121,5.419,5.580,0.9887,0.00891,269.40,55.11,0.57625852,0.7318483204,2.35,2.299701e-07,2.819664e-08,4.580347e-07,7.943868e-08,3.31,4.97,312.74,469.58,-6.14,-5.19
2.33562,1,0.1041,0.157,0.121,5.419,5.580,0.9887,0.00891,269.40,55.11,0.57625752,0.7318470504,2.35,2.056506e-07,2.850874e-08,4.366696e-07,8.999087e-08,3.82,6.15,360.51,581.48,-5.85,-4.50
2.33588,1,0.1041,0.157,0.121,5.419,5.580,0.9887,0.00891,269.40,55.11,0.57625648,0.7318457295999999,2.35,1.916362e-07,2.796284e-08,3.86075e-07,8.766978e-08,4.05,6.97,382.71,658.13,-5.72,-4.04
2.33613,1,0.1041,0.157,0.121,5.419,5.580,0.9887,0.00891,269.40,55.11,0.5762554799999999,0.7318444595999999,2.35,1.910761e-07,2.97098e-08,3.182599e-07,7.570839e-08,4.37,7.40,412.43,699.21,-5.54,-3.79
2.33637,1,0.1041,0.157,0.121,5.419,5.580,0.9887,0.00891,269.40,55.11,0.57625452,0.7318432404,2.35,1.639848e-07,2.962623e-08,2.521884e-07,5.198259e-08,5.23,6.16,493.94,581.63,-5.04,-4.50
2.33663,1,0.1041,0.157,0.121,5.419,5.580,0.9887,0.00891,269.40,55.11,0.57625348,0.7318419196,2.35,2.806391e-08,9.032395e-09,3.923038e-08,1.212904e-08,11.25,10.61,1063.15,1002.54,-1.57,-1.94
2.33688,1,0.1042,0.157,0.121,5.419,5.580,0.9887,0.00891,269.40,55.11,0.57625248,0.7318406496,2.35,1.207313e-08,6.448732e-09,1.731888e-08,7.534586e-09,27.21,18.27,2570.87,1726.68,7.63,2.48
2.33712,1,0.1042,0.157,0.121,5.419,5.580,0.9887,0.00891,269.40,55.11,0.5762515199999999,0.7318394303999999,2.35,1.09863e-08,6.158587e-09,1.565102e-08,7.015885e-09,30.27,19.28,2860.37,1821.78,9.39,3.06
2.33738,1,0.1042,0.157,0.121,5.419,5.580,0.9887,0.00891,269.40,55.11,0.57625048,0.7318381096000001,2.35,1.062373e-08,6.050415e-09,1.478567e-08,6.615785e-09,31.40,19.22,2966.45,1815.72,10.04,3.02
2.33763,1,0.1042,0.157,0.121,5.419,5.580,0.9887,0.00891,269.40,55.11,0.57624948,0.7318368396,2.35,1.012475e-08,6.00924e-09,1.427752e-08,6.522531e-09,34.65,19.96,3274.00,1885.89,11.92,3.45
2.33787,1,0.1043,0.156,0.121,5.419,5.580,0.9887,0.00891,269.40,55.11,0.5762485199999999,0.7318356203999999,2.35,9.339876e-09,5.942336e-09,1.28527e-08,6.422035e-09,41.54,23.72,3925.30,2241.28,15.89,5.62
2.33812,1,0.1043,0.156,0.121,5.419,5.580,0.9887,0.00891,269.40,55.11,0.57624752,0.7318343504,2.35,8.337755e-09,5.967159e-09,1.034899e-08,6.921766e-09,59.79,47.97,5649.24,4532.67,26.40,19.59
2.33838,1,0.1043,0.156,0.121,5.419,5.580,0.9887,0.00891,269.40,55.11,0.57624648,0.7318330296,2.35,7.546329e-09,5.669722e-09,7.840428e-09,5.71816e-09,71.76,64.00,6780.60,6046.95,33.30,28.83
2.33862,1,0.1043,0.156,0.121,5.419,5.580,0.9887,0.00891,269.40,55.11,0.57624552,0.7318318104,2.35,7.577946e-09,5.684128e-09,7.860285e-09,5.706845e-09,71.29,62.95,6736.05,5947.62,33.03,28.22
2.33887,1,0.1043,0.156,0.121,5.419,5.580,0.9887,0.00891,269.40,55.11,0.5762445199999999,0.7318305404,2.35,7.647921e-09,5.710692e-09,8.008985e-09,5.702073e-09,70.02,58.71,6615.88,5547.30,32.30,25.78
2.33913,1,0.1044,0.156,0.121,5.419,5.580,0.9887,0.00891,269.40,55.11,0.5762434799999999,0.7318292195999999,2.35,7.693084e-09,5.746134e-09,8.153338e-09,5.720597e-09,70.17,55.91,6630.05,5282.52,32.38,24.17
2.33937,1,0.1044,0.156,0.121,5.419,5.580,0.9887,0.00891,269.40,55.11,0.57624252,0.7318280004,2.35,7.686586e-09,5.775917e-09,8.267161e-09,5.7271e-09,71.87,53.61,6790.96,5065.08,33.37,22.84
2.33962,1,0.1044,0.156,0.121,5.419,5.580,0.9887,0.00891,269.40,55.11,0.57624152,0.7318267303999999,2.35,7.686633e-09,5.799945e-09,8.400603e-09,5.729161e-09,73.09,50.99,6905.88,4817.71,34.07,21.33
2.33988,1,0.1044,0.156,0.121,5.419,5.580,0.9887,0.00891,269.40,55.11,0.5762404799999999,0.7318254096,2.35,9.543089e-09,5.921101e-09,1.017056e-08,5.89847e-09,38.87,32.83,3672.41,3101.66,14.35,10.87
2.34013,1,0.1044,0.156,0.121,5.419,5.580,0.9887,0.00891,269.40,55.11,0.5762394799999999,0.7318241395999999,2.35,9.314037e-09,6.02926e-09,1.289744e-08,6.032052e-09,43.64,20.89,4123.38,1973.77,17.10,3.99
2.34037,1,0.1045,0.156,0.121,5.419,5.580,0.9887,0.00891,269.40,55.11,0.57623852,0.7318229204,2.35,9.310516e-09,6.235091e-09,1.642764e-08,6.327319e-09,48.25,14.91,4558.78,1408.62,19.75,0.54
2.34063,1,0.1045,0.156,0.121,5.419,5.580,0.9887,0.00891,269.40,55.11,0.57623748,0.7318215995999999,2.35,1.399987e-08,6.647511e-09,2.124297e-08,6.966781e-09,21.52,11.61,2033.03,1097.31,4.35,-1.36
2.34088,1,0.1045,0.156,0.121,5.419,5.580,0.9887,0.00891,269.40,55.11,0.5762364799999999,0.7318203296,2.35,1.059701e-08,6.800112e-09,1.985465e-08,7.151261e-09,42.62,13.40,4027.15,1265.83,16.51,-0.33
2.34112,1,0.1045,0.156,0.121,5.419,5.580,0.9887,0.00891,269.40,55.11,0.57623552,0.7318191104,2.35,1.139361e-08,7.194554e-09,2.272778e-08,7.7057e-09,40.78,12.21,3852.68,1153.43,15.45,-1.02
2.34138,1,0.1046,0.156,0.121,5.419,5.580,0.9887,0.00891,269.40,55.11,0.57623448,0.7318177896,2.35,1.28222e-08,7.734244e-09,2.87406e-08,8.536401e-09,36.21,10.06,3421.37,950.95,12.81,-2.25
2.34163,1,0.1046,0.156,0.121,5.419,5.580,0.9887,0.00891,269.40,55.11,0.57623348,0.7318165195999999,2.35,2.859697e-08,1.165191e-08,8.858331e-08,1.364056e-08,16.38,4.34,1547.67,409.66,1.39,-5.55
2.34187,1,0.1046,0.156,0.121,5.419,5.580,0.9887,0.00891,269.40,55.11,0.5762325199999999,0.7318153003999999,2.35,1.974987e-07,4.829953e-08,7.492931e-07,6.016688e-08,7.71,2.08,728.62,196.51,-3.61,-6.85
2.34212,1,0.1046,0.156,0.121,5.419,5.580,0.9887,0.00891,269.40,55.11,0.57623152,0.7318140304,2.35,2.244585e-07,5.802426e-08,9.936165e-07,6.359053e-08,8.30,1.63,784.68,153.89,-3.27,-7.11
2.34238,1,0.1046,0.156,0.121,5.419,5.580,0.9887,0.00891,269.40,55.11,0.57623048,0.7318127096,2.35,2.272979e-07,5.688398e-08,1.119406e-06,6.42619e-08,7.95,1.45,751.29,137.08,-3.47,-7.22
2.34262,1,0.1047,0.156,0.121,5.418,5.580,0.9887,0.00891,269.40,55.11,0.5762295199999999,0.7318114903999999,2.35,2.281878e-07,5.799357e-08,1.13265e-06,7.430195e-08,8.12,1.67,767.67,158.17,-3.37,-7.09
2.34287,1,0.1047,0.156,0.120,5.418,5.580,0.9887,0.00891,269.40,55.11,0.5762285199999999,0.7318102203999999,2.35,2.250589e-07,6.177688e-08,1.111673e-06,7.511854e-08,9.02,1.73,852.40,163.27,-2.85,-7.05
2.34313,1,0.1047,0.156,0.120,5.418,5.580,0.9887,0.00891,269.40,55.11,0.57622748,0.7318088996000001,2.35,1.956977e-07,5.73837e-08,1.025768e-06,8.311654e-08,9.89,2.10,934.72,198.65,-2.35,-6.84
2.34337,1,0.1047,0.155,0.120,5.418,5.580,0.9887,0.00891,269.40,55.11,0.57622652,0.7318076804,2.35,1.079462e-07,5.367161e-08,5.916218e-07,6.415588e-08,23.58,2.90,2227.86,274.02,5.54,-6.38
2.34362,1,0.1047,0.155,0.120,5.418,5.580,0.9887,0.00891,269.40,55.11,0.5762255199999999,0.7318064103999999,2.35,2.394924e-08,2.859175e-07,1.894632e-07,2.277806e-07,-26.02,-141.74,-2458.85,-13392.47,-23.05,-89.73
2.34388,1,0.1048,0.155,0.120,5.418,5.580,0.9887,0.00891,269.40,55.11,0.5762244799999999,0.7318050895999999,2.35,2.276981e-08,4.895246e-07,2.860773e-07,3.416071e-07,-25.03,-146.82,-2365.05,-13872.50,-22.47,-92.65
2.34413,1,0.1048,0.155,0.120,5.418,5.580,0.9887,0.00891,269.40,55.11,0.57622348,0.7318038196000001,2.35,1.621931e-08,5.245501e-07,2.8011e-07,3.467626e-07,-24.63,-124.17,-2326.99,-11731.92,-22.24,-79.60
2.34437,1,0.1048,0.155,0.120,5.418,5.580,0.9887,0.00891,269.40,55.11,0.57622252,0.7318026004,2.35,1.657779e-08,5.40043e-07,2.670761e-07,3.27432e-07,-24.62,-129.48,-2326.45,-12233.63,-22.24,-82.66
2.34463,1,0.1048,0.155,0.120,5.418,5.580,0.9887,0.00891,269.40,55.11,0.57622148,0.7318012796,2.35,1.555686e-08,5.060622e-07,2.589918e-07,3.175392e-07,-24.62,-129.44,-2326.56,-12230.48,-22.24,-82.64
2.34488,1,0.1049,0.155,0.120,5.418,5.580,0.9887,0.00891,269.40,55.11,0.5762204799999999,0.7318000095999999,2.35,2.250301e-08,4.468072e-07,2.494685e-07,3.000862e-07,-25.16,-141.63,-2376.90,-13381.69,-22.55,-89.66
2.34512,1,0.1049,0.155,0.120,5.418,5.580,0.9887,0.00891,269.40,55.11,0.57621952,0.7317987904,2.35,1.988584e-08,3.790578e-07,2.144651e-07,2.569665e-07,-25.21,-144.44,-2382.16,-13647.11,-22.58,-91.28
2.34538,1,0.1049,0.155,0.120,5.418,5.580,0.9887,0.00891,269.40,55.11,0.57621848,0.7317974696,2.35,8.775282e-09,5.485091e-08,3.359722e-08,4.002515e-08,-28.44,-148.75,-2687.08,-14054.95,-24.44,-93.76
2.34563,1,0.1049,0.155,0.120,5.418,5.580,0.9887,0.00891,269.40,55.11,0.57621748,0.7317961996,2.35,7.921213e-09,2.250273e-08,1.798282e-08,1.814348e-08,-36.87,-2697.85,-3483.37,-254906.14,-29.29,-1562.60
2.34587,1,0.1049,0.155,0.120,5.418,5.580,0.9887,0.00891,269.40,55.11,0.57621652,0.7317949804,2.35,7.632081e-09,1.74092e-08,1.465122e-08,1.484952e-08,-42.54,-1788.93,-4019.16,-169027.42,-32.56,-1038.86
2.34612,1,0.1050,0.155,0.120,5.418,5.580,0.9887,0.00891,269.40,55.11,0.57621552,0.7317937104,2.35,7.561815e-09,1.5757e-08,1.397802e-08,1.361449e-08,-45.98,895.53,-4344.06,84613.92,-34.54,507.97
2.34638,1,0.1050,0.155,0.120,5.418,5.580,0.9887,0.00891,269.40,55.11,0.57621448,0.7317923895999999,2.35,7.498591e-09,1.401256e-08,1.294509e-08,1.27964e-08,-51.44,2057.90,-4860.18,194440.50,-37.69,1177.74
2.34662,1,0.1050,0.155,0.120,5.418,5.580,0.9887,0.00891,269.40,55.11,0.5762135199999999,0.7317911704,2.35,7.494905e-09,1.297998e-08,1.273097e-08,1.214463e-08,-56.59,495.28,-5346.53,46796.72,-40.66,277.34
2.34687,1,0.1050,0.155,0.120,5.418,5.580,0.9887,0.00891,269.40,55.11,0.57621252,0.7317899004,2.35,7.468298e-09,9.430333e-09,1.092565e-08,1.043999e-08,-114.93,514.03,-10859.28,48567.80,-74.27,288.14
2.34713,1,0.1050,0.155,0.120,5.418,5.580,0.9887,0.00891,269.40,55.11,0.57621148,0.7317885796,2.35,7.441646e-09,6.656467e-09,9.45078e-09,9.000237e-09,202.72,477.68,19153.84,45133.43,108.76,267.19
2.34737,1,0.1051,0.155,0.120,5.418,5.580,0.9887,0.00891,269.40,55.11,0.57621052,0.7317873603999999,2.35,7.440804e-09,6.560077e-09,9.465361e-09,9.139302e-09,178.28,670.88,16844.62,63388.48,94.68,378.52
2.34762,1,0.1051,0.155,0.120,5.418,5.580,0.9887,0.00891,269.40,55.11,0.5762095199999999,0.7317860903999999,2.35,7.445898e-09,6.538138e-09,9.567897e-09,9.281407e-09,172.39,775.42,16288.33,73265.22,91.28,438.75
2.34788,1,0.1051,0.155,0.120,5.418,5.580,0.9887,0.00891,269.40,55.11,0.5762084799999999,0.7317847695999999,2.35,7.450135e-09,6.469044e-09,9.672945e-09,9.43797e-09,157.82,961.36,14911.60,90834.41,82.89,545.90
2.34813,1,0.1051,0.155,0.120,5.418,5.580,0.9887,0.00891,269.40,55.11,0.57620748,0.7317834996,2.35,7.450044e-09,6.417419e-09,9.766658e-09,9.601096e-09,148.75,1388.00,14054.37,131145.57,77.66,791.73
2.34837,1,0.1052,0.155,0.120,5.418,5.580,0.9887,0.00892,269.40,55.11,0.5762065199999999,0.7317822803999999,2.35,7.462564e-09,6.2581e-09,9.841643e-09,9.769953e-09,124.48,3264.95,11761.28,308489.09,63.67,1873.24
2.34863,1,0.1052,0.155,0.120,5.418,5.580,0.9887,0.00892,269.40,55.11,0.5762054799999999,0.7317809595999999,2.35,7.471221e-09,6.080048e-09,9.909445e-09,9.909946e-09,104.71,-473888.97,9893.09,-44775399.64,52.28,-273065.47
2.34888,1,0.1052,0.154,0.120,5.418,5.580,0.9887,0.00892,269.40,55.11,0.5762044799999999,0.7317796895999998,2.35,7.494125e-09,6.060124e-09,1.007694e-08,1.013397e-08,101.24,-4256.98,9565.77,-402220.34,50.29,-2460.94
2.34912,1,0.1052,0.154,0.120,5.418,5.580,0.9887,0.00892,269.40,55.11,0.57620352,0.7317784704,2.35,7.505859e-09,6.041839e-09,1.025834e-08,1.03548e-08,98.87,-2571.69,9341.36,-242986.55,48.92,-1489.87
2.34938,1,0.1052,0.154,0.120,5.418,5.580,0.9887,0.00892,269.40,55.11,0.57620248,0.7317771496,2.35,7.53151e-09,6.033488e-09,1.042701e-08,1.056188e-08,96.49,-1876.08,9116.71,-177261.19,47.55,-1089.05
2.34963,1,0.1053,0.154,0.120,5.418,5.580,0.9887,0.00892,269.40,55.11,0.5762014799999999,0.7317758795999999,2.35,7.547993e-09,6.024372e-09,1.058446e-08,1.074874e-08,94.81,-1568.95,8958.49,-148242.49,46.58,-912.08
2.34987,1,0.1053,0.154,0.120,5.418,5.580,0.9887,0.00892,269.40,55.11,0.57620052,0.7317746604,2.35,7.570839e-09,6.01358e-09,1.073764e-08,1.088714e-08,92.60,-1746.26,8749.28,-164995.63,45.31,-1014.25
2.35012,1,0.1053,0.154,0.120,5.418,5.580,0.9887,0.00892,269.40,55.11,0.57619952,0.7317733904,2.35,7.599629e-09,6.003158e-09,1.08523e-08,1.100325e-08,90.17,-1747.93,8519.59,-165153.47,43.91,-1015.21
2.35038,1,0.1053,0.154,0.119,5.418,5.580,0.9887,0.00892,269.40,55.11,0.57619848,0.7317720696,2.35,7.627917e-09,6.004653e-09,1.0952e-08,1.107931e-08,88.71,-2086.92,8381.40,-197182.39,43.06,-1210.53
2.35062,1,0.1053,0.154,0.119,5.418,5.580,0.9887,0.00892,269.40,55.11,0.5761975199999999,0.7317708503999999,2.35,7.652477e-09,6.019306e-09,1.105272e-08,1.112416e-08,88.38,-3734.06,8350.89,-352812.30,42.88,-2159.60
2.35087,1,0.1054,0.154,0.119,5.417,5.580,0.9887,0.00892,269.40,55.11,0.57619652,0.7317695804,2.35,8.831963e-09,7.208032e-09,1.288016e-08,1.346347e-08,106.54,-554.02,10066.50,-52346.44,53.34,-327.27
2.35113,1,0.1054,0.154,0.119,5.417,5.580,0.9887,0.00892,269.40,55.11,0.57619548,0.7317682596,2.35,9.890231e-09,8.581165e-09,1.513954e-08,1.496245e-08,157.34,2028.03,14866.69,191618.86,82.61,1160.50
2.35137,1,0.1054,0.154,0.119,5.417,5.580,0.9887,0.00892,269.40,55.11,0.5761945199999999,0.7317670404,2.35,1.005903e-08,8.92881e-09,1.542827e-08,1.471656e-08,189.63,496.33,17916.79,46895.68,101.21,277.93
2.35162,1,0.1054,0.154,0.119,5.417,5.580,0.9887,0.00892,269.40,55.11,0.57619352,0.7317657704,2.35,1.000193e-08,8.662525e-09,1.517667e-08,1.470173e-08,155.24,743.01,14667.70,70203.58,81.40,420.07
2.35188,1,0.1055,0.154,0.119,5.417,5.580,0.9887,0.00892,269.40,55.11,0.57619248,0.7317644496,2.35,9.939791e-09,8.430233e-09,1.562605e-08,1.554709e-08,134.17,4730.64,12677.41,446974.55,69.26,2717.71
2.35213,1,0.1055,0.154,0.119,5.417,5.580,0.9887,0.00892,269.40,55.11,0.57619148,0.7317631796,2.35,9.750694e-09,8.491555e-09,1.422392e-08,1.599694e-08,162.03,-216.77,15309.27,-20481.61,85.31,-132.95
2.35237,1,0.1055,0.154,0.119,5.417,5.580,0.9887,0.00892,269.40,55.11,0.5761905199999999,0.7317619604,2.35,1.001163e-08,8.923657e-09,1.509169e-08,1.50276e-08,197.06,5633.49,18619.40,532280.04,105.50,3237.91
2.35263,1,0.1055,0.154,0.119,5.417,5.580,0.9887,0.00892,269.40,55.11,0.5761894799999999,0.7317606395999999,2.35,9.951535e-09,8.363204e-09,1.396262e-08,1.374148e-08,126.51,1492.95,11952.88,141061.02,64.84,852.17
2.35288,1,0.1055,0.154,0.119,5.417,5.580,0.9887,0.00892,269.40,55.11,0.57618848,0.7317593696,2.35,9.075583e-09,6.990831e-09,1.321703e-08,1.083903e-08,80.57,109.51,7612.29,10347.12,38.37,55.05
2.35312,1,0.1056,0.154,0.119,5.417,5.580,0.9887,0.00892,269.41,55.11,0.57618752,0.7317581503999999,2.35,9.194879e-09,6.951361e-09,1.272177e-08,1.090811e-08,74.51,144.64,7040.31,13666.12,34.88,75.29
2.35338,1,0.1056,0.154,0.119,5.417,5.580,0.9887,0.00892,269.41,55.11,0.57618648,0.7317568296,2.35,9.145041e-09,6.951092e-09,1.316229e-08,1.039832e-08,76.19,90.47,7199.10,8548.34,35.85,44.08
2.35363,1,0.1056,0.154,0.119,5.417,5.580,0.9887,0.00892,269.41,55.11,0.5761854799999999,0.7317555595999999,2.35,8.91201e-09,7.015242e-09,1.288609e-08,9.79494e-09,88.94,76.20,8403.89,7200.01,43.20,35.86
2.35387,1,0.1056,0.154,0.119,5.417,5.580,0.9887,0.00892,269.41,55.11,0.57618452,0.7317543404,2.35,9.367326e-09,7.432926e-09,1.323822e-08,9.753243e-09,92.41,67.30,8731.02,6359.18,45.19,30.73
2.35412,1,0.1056,0.154,0.119,5.417,5.580,0.9887,0.00892,269.41,55.11,0.57618352,0.7317530703999999,2.35,9.795949e-09,7.10972e-09,1.287568e-08,9.445254e-09,63.65,66.21,6013.97,6256.30,28.63,30.10
2.35438,1,0.1057,0.154,0.119,5.417,5.580,0.9887,0.00892,269.41,55.11,0.5761824799999999,0.7317517495999999,2.35,9.602995e-09,6.965502e-09,1.207037e-08,9.846838e-09,63.57,106.60,6006.52,10072.00,28.58,53.37
2.35462,1,0.1057,0.153,0.119,5.417,5.580,0.9887,0.00892,269.41,55.11,0.57618152,0.7317505304,2.35,9.503773e-09,7.342475e-09,1.167694e-08,1.036752e-08,81.77,190.58,7726.31,18006.94,39.07,101.76
2.35487,1,0.1057,0.153,0.119,5.417,5.580,0.9887,0.00892,269.41,55.11,0.57618052,0.7317492604,2.35,9.704387e-09,7.576012e-09,1.176836e-08,9.061688e-09,85.68,80.59,8095.37,7614.08,41.32,38.38
2.35513,1,0.1057,0.153,0.119,5.417,5.580,0.9887,0.00892,269.41,55.11,0.57617948,0.7317479396,2.35,9.598358e-09,7.350688e-09,1.212164e-08,8.702122e-09,78.72,61.25,7437.72,5787.68,37.31,27.24
2.35537,1,0.1058,0.153,0.119,5.417,5.580,0.9887,0.00892,269.41,55.11,0.5761785199999999,0.7317467203999999,2.35,9.397005e-09,7.26109e-09,1.161723e-08,8.834484e-09,81.90,76.49,7738.77,7227.06,39.14,36.02
2.35562,1,0.1058,0.153,0.119,5.417,5.580,0.9887,0.00892,269.41,55.11,0.57617752,0.7317454504,2.35,9.754332e-09,7.559037e-09,1.148875e-08,9.147942e-09,82.96,94.16,7838.41,8896.35,39.75,46.20
2.35588,1,0.1058,0.153,0.119,5.417,5.580,0.9887,0.00892,269.41,55.11,0.57617648,0.7317441296,2.35,9.298453e-09,7.779635e-09,1.037339e-08,9.347839e-09,123.41,219.61,11660.25,20749.53,63.06,118.48
2.35613,1,0.1058,0.153,0.119,5.417,5.580,0.9887,0.00892,269.41,55.11,0.57617548,0.7317428596,2.35,9.348311e-09,7.579696e-09,1.14859e-08,8.534136e-09,103.25,69.66,9756.02,6581.61,51.44,32.09
2.35637,1,0.1058,0.153,0.119,5.417,5.580,0.9887,0.00892,269.41,55.11,0.5761745199999999,0.7317416403999999,2.35,9.597853e-09,7.512654e-09,1.080466e-08,8.233537e-09,86.80,77.15,8201.63,7289.84,41.96,36.40
2.35663,1,0.1059,0.153,0.119,5.417,5.580,0.9887,0.00892,269.41,55.11,0.5761734799999999,0.7317403195999999,2.35,9.706883e-09,7.337462e-09,1.058429e-08,8.235153e-09,74.68,84.54,7056.15,7987.80,34.98,40.66
2.35688,1,0.1059,0.153,0.119,5.417,5.580,0.9887,0.00892,269.41,55.11,0.57617248,0.7317390496,2.35,9.985015e-09,7.565933e-09,1.127821e-08,8.473396e-09,75.42,72.85,7126.49,6883.63,35.41,33.93
2.35712,1,0.1059,0.153,0.119,5.417,5.580,0.9887,0.00892,269.41,55.11,0.5761715199999999,0.7317378304,2.35,9.497798e-09,7.458611e-09,1.040115e-08,8.614775e-09,88.21,116.30,8334.22,10988.42,42.77,58.96
2.35738,1,0.1059,0.153,0.119,5.417,5.580,0.9887,0.00892,269.41,55.11,0.5761704799999999,0.7317365095999999,2.35,9.486157e-09,7.709818e-09,1.043081e-08,9.027899e-09,104.67,155.19,9889.68,14662.92,52.26,81.37
2.35763,1,0.1060,0.153,0.119,5.416,5.580,0.9887,0.00892,269.41,55.11,0.57616948,0.7317352396,2.35,1.070931e-08,7.571822e-09,1.094974e-08,8.589642e-09,58.25,87.85,5504.17,8300.77,25.52,42.57
2.35787,1,0.1060,0.153,0.118,5.416,5.580,0.9887,0.00892,269.41,55.11,0.57616852,0.7317340203999999,2.35,1.068582e-08,7.634704e-09,1.046974e-08,8.80214e-09,60.40,127.42,5707.22,12038.92,26.75,65.37
2.35812,1,0.1060,0.153,0.118,5.416,5.580,0.9887,0.00892,269.41,55.11,0.5761675199999999,0.7317327504,2.35,1.024775e-08,7.669787e-09,1.144704e-08,8.958319e-09,71.82,86.89,6785.75,8209.97,33.33,42.02
2.35838,1,0.1060,0.153,0.118,5.416,5.580,0.9887,0.00892,269.41,55.11,0.5761664799999999,0.7317314295999999,2.35,9.982566e-09,7.716563e-09,1.16046e-08,9.241556e-09,82.20,94.41,7767.02,8919.99,39.32,46.35
2.35862,1,0.1060,0.153,0.118,5.416,5.580,0.9887,0.00892,269.41,55.11,0.57616552,0.7317302104,2.35,9.782203e-09,7.785197e-09,1.196498e-08,9.023275e-09,94.11,74.04,8891.63,6996.11,46.17,34.61
2.35887,1,0.1061,0.153,0.118,5.416,5.580,0.9887,0.00892,269.41,55.11,0.57616452,0.7317289403999999,2.35,1.017595e-08,7.679178e-09,1.06498e-08,9.363092e-09,74.31,175.82,7021.60,16612.67,34.77,93.26
2.35913,1,0.1061,0.153,0.118,5.416,5.580,0.9887,0.00892,269.41,55.11,0.57616348,0.7317276196,2.35,9.95568e-09,7.470818e-09,1.148907e-08,9.005214e-09,72.64,87.60,6863.82,8276.90,33.81,42.42
2.35938,1,0.1061,0.153,0.118,5.416,5.580,0.9887,0.00892,269.41,55.11,0.5761624799999999,0.7317263495999999,2.35,1.010266e-08,7.67303e-09,1.149659e-08,8.635807e-09,76.31,72.94,7209.86,6891.57,35.92,33.98
2.35962,1,0.1061,0.153,0.118,5.416,5.580,0.9887,0.00892,269.41,55.11,0.57616152,0.7317251304,2.35,9.762053e-09,7.855355e-09,1.08295e-08,8.996231e-09,99.55,118.57,9405.55,11203.01,49.31,60.27
2.35988,1,0.1061,0.153,0.118,5.416,5.580,0.9887,0.00892,269.41,55.11,0.57616048,0.7317238095999999,2.35,9.447453e-09,7.247224e-09,9.973001e-09,8.235815e-09,79.59,114.55,7519.76,10823.32,37.81,57.95
2.36013,1,0.1062,0.153,0.118,5.416,5.580,0.9887,0.00892,269.41,55.11,0.57615948,0.7317225395999999,2.35,8.727775e-09,6.841849e-09,8.690717e-09,7.123507e-09,87.74,109.93,8290.06,10386.65,42.50,55.29
2.36037,1,0.1062,0.152,0.118,5.416,5.580,0.9887,0.00892,269.41,55.11,0.57615852,0.7317213204,2.35,8.76221e-09,6.866648e-09,8.700509e-09,7.091269e-09,87.61,106.57,8277.47,10069.18,42.43,53.35
2.36063,1,0.1062,0.152,0.118,5.416,5.580,0.9887,0.00892,269.41,55.11,0.57615748,0.7317199996,2.35,8.788954e-09,6.8924e-09,8.716512e-09,7.066595e-09,87.89,103.58,8304.17,9786.76,42.59,51.63
2.36088,1,0.1062,0.152,0.118,5.416,5.580,0.9887,0.00892,269.41,55.11,0.57615648,0.7317187296,2.35,8.832766e-09,6.914134e-09,8.733767e-09,7.036346e-09,87.15,100.25,8234.49,9472.15,42.16,49.71
2.36112,1,0.1062,0.152,0.118,5.416,5.580,0.9887,0.00892,269.41,55.11,0.5761555199999999,0.7317175103999999,2.35,8.862441e-09,6.940195e-09,8.735446e-09,7.007609e-09,87.32,98.08,8249.99,9267.40,42.26,48.46
2.36137,1,0.1063,0.152,0.118,5.416,5.580,0.9887,0.00892,269.41,55.11,0.57615452,0.7317162404,2.35,8.898073e-09,6.969485e-09,8.740677e-09,6.980016e-09,87.48,95.97,8265.33,9067.33,42.35,47.24
2.36163,1,0.1063,0.152,0.118,5.416,5.580,0.9887,0.00892,269.41,55.11,0.57615348,0.7317149196,2.35,8.939056e-09,6.994828e-09,8.752428e-09,6.963543e-09,87.09,94.23,8228.65,8903.21,42.13,46.24
2.36187,1,0.1063,0.152,0.118,5.416,5.580,0.9887,0.00892,269.41,55.11,0.57615252,0.7317137004,2.35,8.965693e-09,7.030729e-09,8.762842e-09,6.949563e-09,87.96,92.77,8310.49,8765.80,42.63,45.40
2.36212,1,0.1063,0.152,0.118,5.416,5.580,0.9887,0.00892,269.41,55.11,0.5761515199999999,0.7317124303999999,2.35,9.007882e-09,7.060363e-09,8.777357e-09,6.945059e-09,87.76,91.75,8291.71,8669.19,42.51,44.82
2.36238,1,0.1064,0.152,0.118,5.416,5.580,0.9887,0.00892,269.41,55.11,0.5761504799999999,0.7317111095999999,2.35,9.053593e-09,7.086403e-09,8.789748e-09,6.946073e-09,87.28,91.28,8246.82,8625.05,42.24,44.55
2.36262,1,0.1064,0.152,0.118,5.416,5.580,0.9887,0.00892,269.41,55.11,0.57614952,0.7317098904,2.35,9.095355e-09,7.125987e-09,8.808053e-09,6.959433e-09,87.67,91.22,8283.71,8618.52,42.46,44.51
2.36287,1,0.1064,0.152,0.118,5.416,5.580,0.9887,0.00892,269.41,55.11,0.5761485199999999,0.7317086204,2.35,9.137817e-09,7.157715e-09,8.826133e-09,6.980733e-09,87.59,91.65,8275.49,8659.99,42.41,44.76
2.36313,1,0.1064,0.152,0.118,5.416,5.580,0.9887,0.00892,269.41,55.11,0.5761474799999999,0.7317072995999999,2.35,9.182997e-09,7.194219e-09,8.859804e-09,7.005502e-09,87.65,91.54,8281.41,8648.99,42.45,44.69
2.36338,1,0.1064,0.152,0.118,5.416,5.580,0.9887,0.00892,269.41,55.11,0.5761464799999999,0.7317060295999999,2.35,9.229749e-09,7.227668e-09,8.8736e-09,7.039293e-09,87.47,92.98,8264.63,8785.44,42.35,45.52
2.36362,1,0.1065,0.152,0.118,5.416,5.580,0.9887,0.00892,269.41,55.11,0.57614552,0.7317048104,2.35,9.273821e-09,7.260646e-09,8.896484e-09,7.067897e-09,87.47,93.74,8264.33,8857.04,42.35,45.96
2.36388,1,0.1065,0.152,0.118,5.416,5.580,0.9887,0.00892,269.41,55.11,0.57614448,0.7317034896,2.35,9.325645e-09,7.298875e-09,8.93486e-09,7.104119e-09,87.34,94.11,8252.12,8891.96,42.27,46.17
2.36413,1,0.1065,0.152,0.118,5.416,5.580,0.9887,0.00892,269.41,55.11,0.5761434799999999,0.7317022195999999,2.35,9.377669e-09,7.339014e-09,8.966341e-09,7.149759e-09,87.31,95.45,8249.13,9018.84,42.25,46.95
2.36437,1,0.1065,0.152,0.118,5.416,5.580,0.9887,0.00892,269.41,55.11,0.57614252,0.7317010004,2.35,9.421742e-09,7.380563e-09,9.012624e-09,7.188578e-09,87.69,95.58,8285.57,9030.70,42.48,47.02
2.36463,1,0.1066,0.152,0.118,5.416,5.580,0.9887,0.00892,269.41,55.11,0.57614148,0.7316996796,2.35,9.474315e-09,7.425857e-09,9.048235e-09,7.226164e-09,88.00,96.27,8314.59,9096.28,42.65,47.42
2.36488,1,0.1066,0.152,0.118,5.416,5.580,0.9887,0.00892,269.41,55.11,0.57614048,0.7316984096,2.35,9.526333e-09,7.459126e-09,9.083772e-09,7.265701e-09,87.59,97.01,8276.09,9166.17,42.42,47.84
2.36512,1,0.1066,0.152,0.118,5.416,5.580,0.9887,0.00892,269.41,55.11,0.5761395199999999,0.7316971903999999,2.35,9.573343e-09,7.504251e-09,9.125782e-09,7.299952e-09,88.04,97.06,8318.57,9170.24,42.68,47.87
2.36537,1,0.1066,0.152,0.118,5.416,5.580,0.9887,0.00892,269.41,55.11,0.57613852,0.7316959204,2.35,9.626603e-09,7.543416e-09,9.165576e-09,7.331025e-09,87.90,97.00,8305.41,9165.50,42.60,47.84
2.36563,1,0.1066,0.152,0.117,5.416,5.580,0.9887,0.00892,269.41,55.11,0.57613748,0.7316945995999999,2.35,9.683708e-09,7.586282e-09,9.201429e-09,7.356834e-09,87.80,96.82,8296.24,9148.06,42.54,47.73
2.36587,1,0.1067,0.152,0.117,5.415,5.580,0.9887,0.00892,269.41,55.11,0.5761365199999999,0.7316933803999999,2.35,9.737643e-09,7.62461e-09,9.241205e-09,7.382005e-09,87.68,96.48,8284.32,9115.78,42.47,47.54
2.36612,1,0.1067,0.152,0.117,5.415,5.580,0.9887,0.00892,269.41,55.11,0.57613552,0.7316921104,2.35,9.788602e-09,7.669817e-09,9.282347e-09,7.407235e-09,87.96,95.99,8310.82,9069.32,42.63,47.25
2.36638,1,0.1067,0.151,0.117,5.415,5.580,0.9887,0.00892,269.41,55.11,0.57613448,0.7316907896,2.35,9.843852e-09,7.71046e-09,9.325348e-09,7.421419e-09,87.82,94.71,8297.31,8948.78,42.55,46.52
2.36662,1,0.1067,0.151,0.117,5.415,5.580,0.9887,0.00892,269.41,55.11,0.57613352,0.7316895703999999,2.35,9.892664e-09,7.752686e-09,9.352865e-09,7.441315e-09,88.03,94.59,8317.08,8937.00,42.67,46.45
2.36687,1,0.1067,0.151,0.117,5.415,5.580,0.9887,0.00892,269.41,55.11,0.5761325199999999,0.7316883003999999,2.35,9.94851e-09,7.790741e-09,9.386698e-09,7.455587e-09,87.73,93.81,8288.99,8863.44,42.50,46.00
2.36713,1,0.1068,0.151,0.117,5.415,5.580,0.9887,0.00892,269.41,55.11,0.5761314799999999,0.7316869796,2.35,1.000263e-08,7.831113e-09,9.417854e-09,7.467399e-09,87.71,93.11,8286.94,8797.67,42.48,45.60
2.36738,1,0.1068,0.151,0.117,5.415,5.580,0.9887,0.00892,269.41,55.11,0.57613048,0.7316857096,2.35,1.005005e-08,7.874882e-09,9.460287e-09,7.483688e-09,88.05,92.08,8319.27,8700.24,42.68,45.00
2.36762,1,0.1068,0.151,0.117,5.415,5.580,0.9887,0.00892,269.41,55.11,0.57612952,0.7316844903999999,2.35,1.010602e-08,7.913128e-09,9.486205e-09,7.494524e-09,87.76,91.52,8292.11,8646.86,42.51,44.68
2.36788,1,0.1068,0.151,0.117,5.415,5.580,0.9887,0.00892,269.41,55.11,0.5761284799999999,0.7316831695999999,2.35,1.016023e-08,7.956819e-09,9.510837e-09,7.509772e-09,87.82,91.27,8298.09,8623.82,42.55,44.54
2.36813,1,0.1069,0.151,0.117,5.415,5.580,0.9887,0.00892,269.41,55.11,0.5761274799999999,0.7316818995999999,2.35,1.020542e-08,7.998419e-09,9.547755e-09,7.52359e-09,88.22,90.48,8335.69,8549.08,42.78,44.08
2.36837,1,0.1069,0.151,0.117,5.415,5.581,0.9887,0.00892,269.41,55.11,0.57612652,0.7316806804,2.35,1.02497e-08,8.038158e-09,9.578274e-09,7.544612e-09,88.48,90.31,8359.90,8532.93,42.93,43.98
2.36863,1,0.1069,0.151,0.117,5.415,5.581,0.9887,0.00892,269.41,55.11,0.57612548,0.7316793596,2.35,1.030676e-08,8.073243e-09,9.605656e-09,7.562064e-09,87.99,90.08,8313.78,8511.11,42.65,43.85
2.36888,1,0.1069,0.151,0.117,5.415,5.581,0.9887,0.00892,269.41,55.11,0.5761244799999999,0.7316780895999999,2.35,1.035028e-08,8.102924e-09,9.643633e-09,7.58356e-09,87.77,89.61,8292.97,8467.02,42.52,43.58
2.36912,1,0.1069,0.151,0.117,5.415,5.581,0.9887,0.00892,269.41,55.11,0.57612352,0.7316768704,2.35,1.0392e-08,8.139215e-09,9.677075e-09,7.611425e-09,87.95,89.70,8310.03,8475.18,42.62,43.63
2.36937,1,0.1070,0.151,0.117,5.415,5.581,0.9887,0.00892,269.41,55.11,0.57612252,0.7316756004,2.35,1.043529e-08,8.176613e-09,9.711278e-09,7.637227e-09,88.21,89.72,8334.22,8477.38,42.77,43.64
2.36963,1,0.1070,0.151,0.117,5.415,5.581,0.9887,0.00892,269.41,55.11,0.57612148,0.7316742796,2.35,1.047941e-08,8.212478e-09,9.734658e-09,7.669689e-09,88.27,90.50,8340.29,8550.86,42.81,44.09
2.36987,1,0.1070,0.151,0.117,5.415,5.581,0.9887,0.00892,269.41,55.11,0.5761205199999999,0.7316730603999999,2.35,1.051454e-08,8.249949e-09,9.78224e-09,7.700946e-09,88.77,90.16,8387.01,8518.36,43.09,43.89
2.37012,1,0.1070,0.151,0.117,5.415,5.581,0.9887,0.00892,269.41,55.11,0.57611952,0.7316717904,2.35,1.056076e-08,8.269304e-09,9.816782e-09,7.729771e-09,87.93,90.25,8308.12,8526.82,42.61,43.94
2.37038,1,0.1070,0.151,0.117,5.415,5.581,0.9887,0.00892,269.41,55.11,0.57611848,0.7316704696,2.35,1.059919e-08,8.30332e-09,9.851215e-09,7.763602e-09,88.12,90.61,8326.26,8561.67,42.72,44.16
2.37062,1,0.1071,0.151,0.117,5.415,5.581,0.9887,0.00892,269.41,55.11,0.5761175199999999,0.7316692504,2.35,1.062943e-08,8.338001e-09,9.898476e-09,7.78909e-09,88.74,90.06,8385.06,8509.05,43.08,43.84
2.37087,1,0.1071,0.151,0.117,5.415,5.581,0.9887,0.00892,269.41,55.11,0.5761165199999999,0.7316679803999999,2.35,1.066591e-08,8.363549e-09,9.943004e-09,7.825176e-09,88.59,90.11,8370.82,8514.40,42.99,43.87
2.37113,1,0.1071,0.151,0.117,5.415,5.581,0.9887,0.00892,269.41,55.11,0.57611548,0.7316666596,2.35,1.07071e-08,8.391186e-09,9.986199e-09,7.852827e-09,88.37,89.77,8349.33,8482.23,42.86,43.67
2.37138,1,0.1071,0.151,0.117,5.415,5.581,0.9887,0.00892,269.41,55.11,0.57611448,0.7316653895999999,2.35,1.073098e-08,8.421773e-09,1.001808e-08,7.888633e-09,88.95,90.35,8404.10,8536.61,43.20,44.00
2.37162,1,0.1072,0.151,0.117,5.415,5.581,0.9887,0.00892,269.41,55.11,0.5761135199999999,0.7316641704,2.35,1.076651e-08,8.438954e-09,1.006048e-08,7.915714e-09,88.51,90.10,8362.65,8512.66,42.94,43.86
2.37188,1,0.1072,0.151,0.117,5.415,5.581,0.9887,0.00892,269.41,55.11,0.5761124799999999,0.7316628495999999,2.35,1.079856e-08,8.460054e-09,1.011141e-08,7.953842e-09,88.31,89.99,8344.30,8502.91,42.83,43.80
2.37213,1,0.1072,0.150,0.117,5.415,5.581,0.9887,0.00892,269.41,55.11,0.57611148,0.7316615796,2.35,1.0825e-08,8.494122e-09,1.015097e-08,7.989245e-09,88.96,90.22,8404.98,8523.99,43.20,43.93
2.37237,1,0.1072,0.150,0.117,5.415,5.581,0.9887,0.00892,269.42,55.11,0.57611052,0.7316603603999999,2.35,1.08584e-08,8.518726e-09,1.019688e-08,8.015772e-09,88.88,89.71,8397.63,8476.29,43.16,43.64
2.37263,1,0.1072,0.150,0.117,5.415,5.581,0.9887,0.00892,269.42,55.11,0.57610948,0.7316590395999999,2.35,1.088139e-08,8.543124e-09,1.024924e-08,8.038058e-09,89.19,88.74,8426.75,8384.25,43.33,43.07
2.37288,1,0.1073,0.150,0.117,5.415,5.581,0.9887,0.00892,269.42,55.11,0.5761084799999999,0.7316577696,2.35,1.090973e-08,8.56493e-09,1.029615e-08,8.070081e-09,89.25,88.58,8432.57,8369.15,43.37,42.98
2.37312,1,0.1073,0.150,0.117,5.415,5.581,0.9887,0.00892,269.42,55.11,0.57610752,0.7316565504,2.35,1.093864e-08,8.583299e-09,1.033094e-08,8.102602e-09,89.04,88.84,8412.84,8394.32,43.25,43.14
2.37337,1,0.1073,0.150,0.116,5.415,5.581,0.9887,0.00892,269.42,55.11,0.57610652,0.7316552803999999,2.35,1.096122e-08,8.598776e-09,1.037933e-08,8.131027e-09,88.93,88.37,8403.01,8349.30,43.19,42.86
2.37363,1,0.1073,0.150,0.116,5.415,5.581,0.9887,0.00892,269.42,55.11,0.57610548,0.7316539595999999,2.35,1.098397e-08,8.619397e-09,1.04249e-08,8.16241e-09,89.07,88.15,8415.58,8328.97,43.27,42.74
2.37387,1,0.1073,0.150,0.116,5.415,5.581,0.9887,0.00892,269.42,55.11,0.57610452,0.7316527404000001,2.35,1.10096e-08,8.627029e-09,1.047182e-08,8.189196e-09,88.47,87.66,8359.40,8282.60,42.92,42.45
2.37412,1,0.1074,0.150,0.116,5.414,5.581,0.9887,0.00892,269.42,55.11,0.57610352,0.7316514704,2.35,1.102229e-08,8.652675e-09,1.05095e-08,8.22163e-09,89.30,87.89,8437.94,8304.06,43.40,42.59
2.37438,1,0.1074,0.150,0.116,5.414,5.581,0.9887,0.00892,269.42,55.11,0.57610248,0.7316501496,2.35,1.10536e-08,8.672006e-09,1.056371e-08,8.258896e-09,89.05,87.64,8414.25,8280.37,43.26,42.44
2.37462,1,0.1074,0.150,0.116,5.414,5.581,0.9887,0.00892,269.42,55.11,0.5761015199999999,0.7316489303999999,2.35,1.107183e-08,8.681453e-09,1.061142e-08,8.291403e-09,88.82,87.41,8392.47,8258.49,43.12,42.31
2.37487,1,0.1074,0.150,0.116,5.414,5.581,0.9887,0.00892,269.42,55.11,0.57610052,0.7316476604000001,2.35,1.10871e-08,8.699092e-09,1.066555e-08,8.322706e-09,89.09,86.88,8417.86,8208.90,43.28,42.00
2.37513,1,0.1075,0.150,0.116,5.414,5.581,0.9887,0.00892,269.42,55.11,0.57609948,0.7316463396,2.35,1.112188e-08,8.716291e-09,1.071221e-08,8.359229e-09,88.70,86.97,8380.65,8217.03,43.05,42.05
2.37538,1,0.1075,0.150,0.116,5.414,5.581,0.9887,0.00892,269.42,55.11,0.57609848,0.7316450696,2.35,1.114331e-08,8.730109e-09,1.077371e-08,8.396726e-09,88.56,86.47,8367.46,8170.55,42.97,41.77
2.37562,1,0.1075,0.150,0.116,5.414,5.581,0.9887,0.00892,269.42,55.11,0.5760975199999999,0.7316438503999999,2.35,1.116722e-08,8.738192e-09,1.082505e-08,8.439841e-09,88.06,86.62,8320.63,8184.18,42.69,41.85
2.37588,1,0.1075,0.150,0.116,5.414,5.581,0.9887,0.00892,269.42,55.11,0.5760964799999999,0.7316425295999999,2.35,1.118829e-08,8.752629e-09,1.086495e-08,8.473893e-09,87.97,86.76,8311.68,8197.10,42.63,41.93
2.37613,1,0.1075,0.150,0.116,5.414,5.581,0.9887,0.00892,269.42,55.11,0.57609548,0.7316412596,2.35,1.119898e-08,8.763315e-09,1.091543e-08,8.515258e-09,88.08,86.85,8321.82,8205.83,42.69,41.99
2.37637,1,0.1076,0.150,0.116,5.414,5.581,0.9887,0.00892,269.42,55.11,0.5760945199999999,0.7316400404,2.35,1.122002e-08,8.777088e-09,1.098126e-08,8.556998e-09,88.03,86.49,8317.82,8171.70,42.67,41.78
2.37663,1,0.1076,0.150,0.116,5.414,5.581,0.9887,0.00892,269.42,55.11,0.5760934799999999,0.7316387195999999,2.35,1.123837e-08,8.788192e-09,1.10338e-08,8.599881e-09,87.88,86.58,8303.72,8180.07,42.58,41.83
2.37688,1,0.1076,0.150,0.116,5.414,5.581,0.9887,0.00892,269.42,55.11,0.5760924799999999,0.7316374495999999,2.35,1.125833e-08,8.798966e-09,1.108611e-08,8.636114e-09,87.66,86.37,8282.84,8160.63,42.46,41.71
2.37712,1,0.1076,0.150,0.116,5.414,5.581,0.9887,0.00892,269.42,55.11,0.57609152,0.7316362303999999,2.35,1.128224e-08,8.804305e-09,1.114013e-08,8.678159e-09,87.06,86.37,8225.75,8160.47,42.11,41.71
2.37737,1,0.1076,0.150,0.116,5.414,5.581,0.9887,0.00892,269.42,55.11,0.5760905199999999,0.7316349604,2.35,1.129855e-08,8.815322e-09,1.120104e-08,8.723515e-09,86.98,86.27,8218.49,8151.62,42.06,41.65
2.37763,1,0.1077,0.150,0.116,5.414,5.581,0.9887,0.00892,269.42,55.11,0.5760894799999999,0.7316336395999999,2.35,1.131052e-08,8.820088e-09,1.126286e-08,8.763024e-09,86.86,85.97,8206.76,8122.99,41.99,41.48
2.37787,1,0.1077,0.150,0.116,5.414,5.581,0.9887,0.00892,269.42,55.11,0.57608852,0.7316324204,2.35,1.133496e-08,8.822812e-09,1.13147e-08,8.803895e-09,86.13,85.99,8138.33,8125.22,41.57,41.49
2.37812,1,0.1077,0.149,0.116,5.414,5.581,0.9887,0.00892,269.42,55.11,0.57608752,0.7316311503999999,2.35,1.134049e-08,8.835611e-09,1.13812e-08,8.839562e-09,86.51,85.29,8173.45,8058.84,41.79,41.09
2.37838,1,0.1077,0.149,0.116,5.414,5.581,0.9887,0.00892,269.42,55.11,0.57608648,0.7316298296,2.35,1.135344e-08,8.831032e-09,1.144056e-08,8.888647e-09,85.86,85.42,8112.45,8070.97,41.42,41.16
2.37862,1,0.1078,0.149,0.116,5.414,5.581,0.9887,0.00892,269.42,55.11,0.5760855199999999,0.7316286103999999,2.35,1.13636e-08,8.831489e-09,1.148317e-08,8.913987e-09,85.61,85.17,8089.27,8047.02,41.27,41.02
2.37887,1,0.1078,0.149,0.116,5.414,5.581,0.9887,0.00892,269.42,55.11,0.57608452,0.7316273404,2.35,1.137415e-08,8.83031e-09,1.154757e-08,8.949887e-09,85.21,84.57,8050.90,7990.79,41.04,40.67
2.37913,1,0.1078,0.149,0.116,5.414,5.581,0.9887,0.00893,269.42,55.11,0.57608348,0.7316260196,2.35,1.13676e-08,8.825935e-09,1.159009e-08,8.985498e-09,85.24,84.68,8053.80,8001.30,41.06,40.74
2.37938,1,0.1078,0.149,0.116,5.414,5.581,0.9887,0.00893,269.42,55.11,0.57608248,0.7316247495999999,2.35,1.13731e-08,8.811559e-09,1.164001e-08,9.014793e-09,84.44,84.29,7978.29,7964.32,40.60,40.51
2.37962,1,0.1078,0.149,0.116,5.414,5.581,0.9887,0.00893,269.42,55.11,0.57608152,0.7316235304,2.35,1.137258e-08,8.804937e-09,1.167545e-08,9.048103e-09,84.18,84.53,7953.35,7987.27,40.45,40.65
2.37988,1,0.1079,0.149,0.116,5.414,5.581,0.9887,0.00893,269.42,55.11,0.57608048,0.7316222096,2.35,1.137376e-08,8.795648e-09,1.172489e-08,9.069892e-09,83.82,83.93,7920.02,7930.46,40.24,40.31
2.38013,1,0.1079,0.149,0.116,5.414,5.581,0.9887,0.00893,269.42,55.11,0.57607948,0.7316209396,2.35,1.135736e-08,8.783158e-09,1.176089e-08,9.098279e-09,83.83,83.96,7920.79,7932.53,40.25,40.32
2.38037,1,0.1079,0.149,0.116,5.414,5.581,0.9887,0.00893,269.42,55.11,0.5760785199999999,0.7316197203999999,2.35,1.135716e-08,8.771603e-09,1.178987e-08,9.119147e-09,83.35,83.89,7875.63,7926.58,39.97,40.28
2.38063,1,0.1079,0.149,0.116,5.414,5.581,0.9887,0.00893,269.42,55.11,0.5760774799999999,0.7316183995999999,2.35,1.133917e-08,8.752187e-09,1.181878e-08,9.135684e-09,83.12,83.66,7853.86,7904.33,39.84,40.15
2.38088,1,0.1079,0.149,0.116,5.414,5.581,0.9887,0.00893,269.42,55.11,0.57607648,0.7316171296,2.35,1.134013e-08,8.734829e-09,1.18524e-08,9.159585e-09,82.37,83.57,7783.18,7896.41,39.41,40.10
2.38112,1,0.1080,0.149,0.116,5.414,5.581,0.9887,0.00893,269.42,55.11,0.57607552,0.7316159104,2.35,1.133141e-08,8.733941e-09,1.187309e-08,9.176097e-09,82.69,83.67,7813.08,7905.70,39.59,40.15
2.38137,1,0.1080,0.149,0.115,5.414,5.581,0.9887,0.00893,269.42,55.11,0.5760745199999999,0.7316146403999999,2.35,1.135488e-08,8.736784e-09,1.190537e-08,9.19694e-09,82.07,83.51,7754.36,7890.52,39.23,40.06
2.38163,1,0.1080,0.149,0.115,5.414,5.581,0.9887,0.00893,269.42,55.11,0.5760734799999999,0.7316133195999999,2.35,1.136811e-08,8.747716e-09,1.193963e-08,9.223361e-09,82.10,83.51,7757.25,7890.35,39.25,40.06
2.38187,1,0.1080,0.149,0.115,5.414,5.581,0.9887,0.00893,269.42,55.11,0.57607252,0.7316121004,2.35,1.140506e-08,8.759733e-09,1.199641e-08,9.265891e-09,81.44,83.46,7694.69,7885.36,38.87,40.03
2.38212,1,0.1081,0.149,0.115,5.413,5.581,0.9887,0.00893,269.42,55.11,0.57607152,0.7316108304,2.35,1.14323e-08,8.783934e-09,1.206466e-08,9.316667e-09,81.64,83.46,7714.22,7885.44,38.99,40.03
2.38238,1,0.1081,0.149,0.115,5.413,5.581,0.9887,0.00893,269.42,55.11,0.5760704799999999,0.7316095095999999,2.35,1.148168e-08,8.8153e-09,1.21434e-08,9.380455e-09,81.38,83.57,7689.47,7896.47,38.84,40.10
2.38262,1,0.1081,0.149,0.115,5.413,5.581,0.9887,0.00893,269.42,55.11,0.57606952,0.7316082904,2.35,1.152843e-08,8.849061e-09,1.224266e-08,9.454349e-09,81.30,83.47,7681.50,7886.27,38.79,40.04
2.38287,1,0.1081,0.149,0.115,5.413,5.581,0.9887,0.00893,269.42,55.11,0.57606852,0.7316070204,2.35,1.157416e-08,8.867675e-09,1.234743e-08,9.530061e-09,80.65,83.27,7620.53,7867.43,38.42,39.92
2.38313,1,0.1081,0.149,0.115,5.413,5.581,0.9887,0.00893,269.42,55.11,0.57606748,0.7316056996,2.35,1.161578e-08,8.903853e-09,1.244489e-08,9.607368e-09,80.82,83.35,7636.27,7874.92,38.51,39.97
2.38338,1,0.1082,0.149,0.115,5.413,5.581,0.9887,0.00893,269.42,55.11,0.5760664799999999,0.7316044295999999,2.35,1.166188e-08,8.930786e-09,1.255422e-08,9.681137e-09,80.57,83.02,7612.64,7844.41,38.37,39.78
2.38362,1,0.1082,0.149,0.115,5.413,5.581,0.9887,0.00893,269.42,55.11,0.57606552,0.7316032104,2.35,1.169786e-08,8.964613e-09,1.266374e-08,9.767777e-09,80.81,83.10,7635.45,7852.08,38.51,39.83
2.38388,1,0.1082,0.149,0.115,5.413,5.581,0.9887,0.00893,269.42,55.11,0.57606448,0.7316018895999999,2.35,1.172161e-08,8.973679e-09,1.276467e-08,9.857238e-09,80.46,83.53,7602.33,7892.74,38.30,40.08
2.38413,1,0.1082,0.148,0.115,5.413,5.581,0.9887,0.00893,269.42,55.11,0.57606348,0.7316006196,2.35,1.175205e-08,8.996677e-09,1.286337e-08,9.917613e-09,80.45,82.95,7600.92,7837.45,38.30,39.74
2.38437,1,0.1082,0.148,0.115,5.413,5.581,0.9887,0.00893,269.42,55.11,0.5760625199999999,0.7315994003999999,2.35,1.177822e-08,9.007583e-09,1.295553e-08,9.981513e-09,80.10,82.69,7568.21,7812.99,38.10,39.59
2.38463,1,0.1083,0.148,0.115,5.413,5.581,0.9887,0.00893,269.42,55.11,0.5760614799999999,0.7315980795999999,2.35,1.178647e-08,9.018502e-09,1.303713e-08,1.004309e-08,80.35,82.72,7591.69,7815.83,38.24,39.61
2.38488,1,0.1083,0.148,0.115,5.413,5.581,0.9887,0.00893,269.42,55.11,0.57606048,0.7315968096,2.35,1.180748e-08,9.017507e-09,1.313188e-08,1.011098e-08,79.71,82.54,7530.98,7798.70,37.87,39.50
2.38512,1,0.1083,0.148,0.115,5.413,5.581,0.9887,0.00893,269.42,55.11,0.5760595199999999,0.7315955903999999,2.35,1.181235e-08,9.021465e-09,1.32089e-08,1.016352e-08,79.71,82.30,7531.83,7776.21,37.87,39.36
2.38537,1,0.1083,0.148,0.115,5.413,5.581,0.9887,0.00893,269.42,55.11,0.5760585199999999,0.7315943203999999,2.35,1.181883e-08,9.027366e-09,1.327693e-08,1.022531e-08,79.75,82.63,7535.19,7807.49,37.89,39.55
2.38563,1,0.1084,0.148,0.115,5.413,5.581,0.9887,0.00893,269.42,55.11,0.57605748,0.7315929996,2.35,1.182054e-08,9.0254e-09,1.334941e-08,1.027395e-08,79.70,82.46,7530.58,7790.99,37.87,39.45
2.38587,1,0.1084,0.148,0.115,5.413,5.581,0.9887,0.00893,269.42,55.11,0.57605652,0.7315917804,2.35,1.181946e-08,9.022605e-09,1.341141e-08,1.031584e-08,79.63,82.26,7523.63,7771.94,37.82,39.34
2.38612,1,0.1084,0.148,0.115,5.413,5.581,0.9887,0.00893,269.42,55.11,0.5760555199999999,0.7315905103999999,2.35,1.180899e-08,9.020889e-09,1.346555e-08,1.03613e-08,79.86,82.39,7545.82,7784.36,37.96,39.41
2.38638,1,0.1084,0.148,0.115,5.413,5.581,0.9887,0.00893,269.42,55.11,0.5760544799999999,0.7315891896,2.35,1.180771e-08,9.008913e-09,1.353588e-08,1.040942e-08,79.45,82.18,7507.00,7764.96,37.72,39.30
2.38662,1,0.1084,0.148,0.115,5.413,5.581,0.9887,0.00893,269.42,55.11,0.57605352,0.7315879704,2.35,1.17803e-08,8.993331e-09,1.358789e-08,1.045333e-08,79.65,82.32,7525.82,7777.56,37.84,39.37
2.38687,1,0.1085,0.148,0.115,5.413,5.581,0.9887,0.00893,269.42,55.11,0.57605252,0.7315867004,2.35,1.176789e-08,8.98622e-09,1.364047e-08,1.04973e-08,79.81,82.51,7541.14,7796.06,37.93,39.48
2.38713,1,0.1085,0.148,0.115,5.413,5.581,0.9887,0.00893,269.42,55.11,0.57605148,0.7315853795999999,2.35,1.175392e-08,8.974302e-09,1.368352e-08,1.053033e-08,79.77,82.51,7536.70,7795.74,37.90,39.48
2.38738,1,0.1085,0.148,0.115,5.413,5.581,0.9887,0.00893,269.42,55.11,0.5760504799999999,0.7315841095999999,2.35,1.173349e-08,8.959454e-09,1.374167e-08,1.057314e-08,79.79,82.44,7539.37,7789.54,37.92,39.44
2.38762,1,0.1085,0.148,0.115,5.413,5.581,0.9887,0.00893,269.42,55.11,0.57604952,0.7315828904,2.35,1.171008e-08,8.945285e-09,1.378236e-08,1.059819e-08,79.93,82.23,7552.60,7769.64,38.00,39.32
2.38788,1,0.1085,0.148,0.115,5.413,5.581,0.9887,0.00893,269.42,55.11,0.57604848,0.7315815696,2.35,1.168623e-08,8.923848e-09,1.382992e-08,1.0635e-08,79.81,82.24,7541.09,7770.39,37.93,39.33
2.38813,1,0.1086,0.148,0.115,5.413,5.581,0.9887,0.00893,269.42,55.11,0.57604748,0.7315802995999999,2.35,1.166187e-08,8.900641e-09,1.387634e-08,1.067308e-08,79.71,82.39,7531.54,7785.07,37.87,39.42
2.38837,1,0.1086,0.148,0.115,5.413,5.581,0.9887,0.00893,269.42,55.11,0.57604652,0.7315790804,2.35,1.162776e-08,8.877218e-09,1.390742e-08,1.070621e-08,79.81,82.70,7540.91,7814.24,37.93,39.60
2.38863,1,0.1086,0.148,0.115,5.413,5.581,0.9887,0.00893,269.42,55.11,0.57604548,0.7315777596,2.35,1.160066e-08,8.854426e-09,1.394754e-08,1.073306e-08,79.73,82.57,7533.35,7801.50,37.88,39.52
2.38888,1,0.1086,0.148,0.115,5.413,5.581,0.9887,0.00893,269.42,55.11,0.57604448,0.7315764896,2.35,1.157121e-08,8.827688e-09,1.397863e-08,1.076113e-08,79.57,82.71,7518.02,7814.56,37.79,39.60
2.38912,1,0.1087,0.148,0.115,5.413,5.581,0.9887,0.00893,269.42,55.11,0.5760435199999999,0.7315752703999999,2.35,1.154409e-08,8.807563e-09,1.402432e-08,1.078025e-08,79.66,82.25,7526.97,7771.46,37.84,39.33
2.38937,1,0.1087,0.148,0.114,5.413,5.581,0.9887,0.00893,269.42,55.11,0.57604252,0.7315740004,2.35,1.150101e-08,8.780505e-09,1.405397e-08,1.080514e-08,79.89,82.32,7548.34,7778.31,37.97,39.38
2.38963,1,0.1087,0.148,0.114,5.413,5.581,0.9887,0.00893,269.42,55.11,0.57604148,0.7315726796,2.35,1.147236e-08,8.758511e-09,1.407822e-08,1.08296e-08,79.88,82.51,7547.90,7796.42,37.97,39.49
2.38987,1,0.1087,0.148,0.114,5.413,5.581,0.9887,0.00893,269.42,55.11,0.57604052,0.7315714604,2.35,1.143701e-08,8.738259e-09,1.411669e-08,1.084971e-08,80.15,82.20,7572.58,7767.00,38.12,39.31
2.39012,1,0.1087,0.147,0.114,5.413,5.581,0.9887,0.00893,269.42,55.11,0.5760395199999999,0.7315701903999999,2.35,1.140012e-08,8.705742e-09,1.414387e-08,1.08594e-08,79.97,81.84,7556.34,7732.23,38.02,39.10
2.39038,1,0.1088,0.147,0.114,5.412,5.581,0.9887,0.00893,269.42,55.11,0.5760384799999999,0.7315688695999999,2.35,1.137583e-08,8.680465e-09,1.417052e-08,1.086738e-08,79.79,81.51,7538.56,7701.24,37.91,38.91
2.39062,1,0.1088,0.147,0.114,5.412,5.581,0.9887,0.00893,269.42,55.11,0.57603752,0.7315676503999999,2.35,1.133378e-08,8.65389e-09,1.418219e-08,1.087669e-08,80.00,81.52,7558.88,7702.34,38.04,38.91
2.39087,1,0.1088,0.147,0.114,5.412,5.581,0.9887,0.00893,269.42,55.11,0.5760365199999999,0.7315663803999999,2.35,1.130907e-08,8.625881e-09,1.420074e-08,1.087332e-08,79.64,80.96,7525.15,7649.23,37.83,38.59
2.39113,1,0.1088,0.147,0.114,5.412,5.581,0.9887,0.00893,269.42,55.11,0.5760354799999999,0.7315650596,2.35,1.12757e-08,8.596778e-09,1.421679e-08,1.087344e-08,79.50,80.57,7511.71,7612.87,37.75,38.37
2.39138,1,0.1089,0.147,0.114,5.412,5.581,0.9887,0.00893,269.42,55.11,0.5760344799999999,0.7315637895999999,2.35,1.12303e-08,8.566563e-09,1.421971e-08,1.087774e-08,79.75,80.71,7534.89,7626.01,37.89,38.45
2.39162,1,0.1089,0.147,0.114,5.412,5.581,0.9887,0.00893,269.42,55.11,0.57603352,0.7315625704,2.35,1.119957e-08,8.542059e-09,1.422576e-08,1.087431e-08,79.71,80.46,7530.94,7602.04,37.87,38.30
2.39188,1,0.1089,0.147,0.114,5.412,5.581,0.9887,0.00893,269.43,55.11,0.57603248,0.7315612495999999,2.35,1.116121e-08,8.51323e-09,1.421313e-08,1.086026e-08,79.72,80.32,7532.53,7589.01,37.88,38.22
2.39213,1,0.1089,0.147,0.114,5.412,5.581,0.9887,0.00893,269.43,55.11,0.5760314799999999,0.7315599796,2.35,1.111636e-08,8.484672e-09,1.421265e-08,1.08627e-08,79.95,80.41,7553.74,7597.33,38.01,38.27
2.39237,1,0.1089,0.147,0.114,5.412,5.581,0.9887,0.00893,269.43,55.11,0.57603052,0.7315587604,2.35,1.108487e-08,8.454444e-09,1.421651e-08,1.084377e-08,79.70,79.73,7530.44,7532.84,37.86,37.88
2.39262,1,0.1090,0.147,0.114,5.412,5.581,0.9887,0.00893,269.43,55.11,0.57602952,0.7315574904,2.35,1.104888e-08,8.416252e-09,1.41999e-08,1.083438e-08,79.35,79.90,7497.02,7549.38,37.66,37.98
2.39288,1,0.1090,0.147,0.114,5.412,5.581,0.9887,0.00893,269.43,55.11,0.57602848,0.7315561695999999,2.35,1.100875e-08,8.383702e-09,1.417696e-08,1.081395e-08,79.27,79.81,7489.59,7540.77,37.62,37.93
2.39312,1,0.1090,0.147,0.114,5.412,5.581,0.9887,0.00893,269.43,55.11,0.5760275199999999,0.7315549503999998,2.35,1.097184e-08,8.354474e-09,1.417016e-08,1.08053e-08,79.22,79.70,7485.39,7530.60,37.59,37.87
2.39337,1,0.1090,0.147,0.114,5.412,5.581,0.9887,0.00893,269.43,55.11,0.57602652,0.7315536804,2.35,1.093224e-08,8.313836e-09,1.41513e-08,1.078791e-08,78.81,79.61,7446.02,7521.76,37.35,37.81
2.39363,1,0.1091,0.147,0.114,5.412,5.581,0.9887,0.00893,269.43,55.11,0.57602548,0.7315523596,2.35,1.088876e-08,8.281696e-09,1.412514e-08,1.074336e-08,78.92,78.92,7456.33,7456.79,37.41,37.42
2.39387,1,0.1091,0.147,0.114,5.412,5.581,0.9887,0.00893,269.43,55.11,0.5760245199999999,0.7315511403999999,2.35,1.084906e-08,8.246827e-09,1.410167e-08,1.073821e-08,78.73,79.31,7438.72,7493.81,37.30,37.64
2.39412,1,0.1091,0.147,0.114,5.412,5.581,0.9887,0.00893,269.43,55.11,0.57602352,0.7315498704000001,2.35,1.080469e-08,8.210568e-09,1.408012e-08,1.072283e-08,78.63,79.34,7429.17,7496.83,37.25,37.66
2.39438,1,0.1091,0.147,0.114,5.412,5.581,0.9887,0.00893,269.43,55.11,0.57602248,0.7315485496,2.35,1.076771e-08,8.174123e-09,1.405851e-08,1.068945e-08,78.30,78.82,7397.72,7447.39,37.05,37.36
2.39463,1,0.1091,0.147,0.114,5.412,5.581,0.9887,0.00893,269.43,55.11,0.57602148,0.7315472796,2.35,1.072638e-08,8.145014e-09,1.403569e-08,1.067847e-08,78.39,79.02,7406.27,7465.97,37.11,37.47
2.39487,1,0.1092,0.147,0.114,5.412,5.581,0.9887,0.00893,269.43,55.11,0.5760205199999999,0.7315460603999999,2.35,1.068397e-08,8.1088e-09,1.402003e-08,1.066467e-08,78.30,79.03,7397.85,7467.29,37.06,37.48
2.39513,1,0.1092,0.147,0.114,5.412,5.581,0.9887,0.00893,269.43,55.11,0.5760194799999999,0.7315447395999999,2.35,1.0647e-08,8.075109e-09,1.398012e-08,1.064441e-08,78.07,79.35,7376.50,7497.01,36.93,37.66
2.39538,1,0.1092,0.147,0.114,5.412,5.581,0.9887,0.00893,269.43,55.11,0.57601848,0.7315434696,2.35,1.061003e-08,8.042011e-09,1.396395e-08,1.061726e-08,77.87,78.88,7357.34,7453.35,36.81,37.39
2.39562,1,0.1092,0.147,0.114,5.412,5.581,0.9887,0.00893,269.43,55.11,0.57601752,0.7315422504,2.35,1.05705e-08,8.0134e-09,1.392611e-08,1.060325e-08,77.92,79.34,7362.47,7496.90,36.84,37.66
2.39588,1,0.1093,0.147,0.114,5.412,5.581,0.9887,0.00893,269.43,55.11,0.5760164799999999,0.7315409296,2.35,1.053912e-08,7.977198e-09,1.389811e-08,1.057069e-08,77.49,79.07,7322.11,7470.46,36.59,37.50
2.39613,1,0.1093,0.146,0.114,5.412,5.581,0.9887,0.00893,269.43,55.11,0.5760154799999999,0.7315396595999999,2.35,1.04986e-08,7.948787e-09,1.387273e-08,1.05603e-08,77.58,79.34,7330.38,7496.59,36.64,37.66
2.39637,1,0.1093,0.146,0.114,5.412,5.581,0.9887,0.00893,269.43,55.11,0.57601452,0.7315384403999999,2.35,1.046065e-08,7.911294e-09,1.383671e-08,1.05257e-08,77.23,79.12,7297.12,7475.23,36.44,37.53
2.39662,1,0.1093,0.146,0.114,5.412,5.581,0.9887,0.00893,269.43,55.11,0.57601352,0.7315371704,2.35,1.042116e-08,7.878783e-09,1.380499e-08,1.050656e-08,77.12,79.27,7287.08,7490.10,36.38,37.62
2.39688,1,0.1093,0.146,0.114,5.412,5.581,0.9887,0.00893,269.43,55.11,0.5760124799999999,0.7315358496,2.35,1.038219e-08,7.851559e-09,1.377952e-08,1.048063e-08,77.21,79.07,7295.60,7470.57,36.43,37.50
2.39712,1,0.1094,0.146,0.114,5.412,5.581,0.9887,0.00893,269.43,55.11,0.57601152,0.7315346304,2.35,1.034837e-08,7.811481e-09,1.374274e-08,1.045669e-08,76.70,79.27,7247.07,7489.47,36.14,37.61
2.39737,1,0.1094,0.146,0.113,5.412,5.581,0.9887,0.00893,269.43,55.11,0.57601052,0.7315333603999999,2.35,1.031116e-08,7.782361e-09,1.371655e-08,1.04201e-08,76.66,78.74,7243.45,7440.01,36.11,37.31
2.39763,1,0.1094,0.146,0.113,5.412,5.581,0.9887,0.00893,269.43,55.11,0.57600948,0.7315320396,2.35,1.028481e-08,7.747345e-09,1.368515e-08,1.040481e-08,76.06,79.01,7186.23,7465.58,35.77,37.47
2.39787,1,0.1094,0.146,0.113,5.412,5.581,0.9887,0.00893,269.43,55.11,0.5760085199999999,0.7315308204,2.35,1.026965e-08,7.722647e-09,1.365116e-08,1.037529e-08,75.53,78.90,7136.50,7454.56,35.46,37.40
2.39812,1,0.1095,0.146,0.113,5.411,5.581,0.9887,0.00893,269.43,55.11,0.57600752,0.7315295504,2.35,1.023401e-08,7.689695e-09,1.360094e-08,1.03406e-08,75.36,79.08,7120.05,7471.84,35.36,37.51
2.39838,1,0.1095,0.146,0.113,5.411,5.581,0.9887,0.00893,269.43,55.11,0.57600648,0.7315282296,2.35,1.020078e-08,7.654116e-09,1.356949e-08,1.030635e-08,74.94,78.75,7080.57,7440.70,35.12,37.32
2.39863,1,0.1095,0.146,0.113,5.411,5.581,0.9887,0.00893,269.43,55.11,0.57600548,0.7315269595999999,2.35,1.016958e-08,7.618775e-09,1.35172e-08,1.027432e-08,74.47,79.00,7036.43,7463.92,34.85,37.46
2.39887,1,0.1095,0.146,0.113,5.411,5.581,0.9887,0.00893,269.43,55.11,0.5760045199999999,0.7315257403999998,2.35,1.011733e-08,7.586515e-09,1.346658e-08,1.023512e-08,74.74,78.97,7061.98,7461.72,35.01,37.44
2.39913,1,0.1095,0.146,0.113,5.411,5.581,0.9887,0.00893,269.43,55.11,0.57600348,0.7315244196,2.35,1.007355e-08,7.553425e-09,1.341167e-08,1.018814e-08,74.73,78.80,7061.00,7445.74,35.00,37.35
2.39938,1,0.1096,0.146,0.113,5.411,5.581,0.9887,0.00893,269.43,55.11,0.57600248,0.7315231496,2.35,1.002486e-08,7.521638e-09,1.334733e-08,1.015717e-08,74.99,79.46,7085.22,7507.59,35.15,37.72
2.39962,1,0.1096,0.146,0.113,5.411,5.581,0.9887,0.00893,269.43,55.11,0.5760015199999999,0.7315219303999999,2.35,9.976666e-09,7.48608e-09,1.32948e-08,1.010241e-08,75.01,78.97,7087.50,7461.90,35.16,37.45
2.39988,1,0.1096,0.146,0.113,5.411,5.581,0.9887,0.00893,269.43,55.11,0.5760004799999999,0.7315206095999999,2.35,9.942722e-09,7.447991e-09,1.32346e-08,1.00527e-08,74.51,78.84,7039.73,7449.66,34.87,37.37
2.40013,1,0.1096,0.146,0.113,5.411,5.581,0.9887,0.00893,269.43,55.11,0.57599948,0.7315193396,2.35,9.910131e-09,7.413669e-09,1.316207e-08,1.000304e-08,74.11,79.02,7002.43,7466.53,34.64,37.47
2.40037,1,0.1097,0.146,0.113,5.411,5.581,0.9887,0.00893,269.43,55.11,0.57599852,0.7315181204,2.35,9.85673e-09,7.385113e-09,1.309549e-08,9.950182e-09,74.64,79.02,7051.99,7466.27,34.95,37.47
2.40062,1,0.1097,0.146,0.113,5.411,5.581,0.9887,0.00893,269.43,55.11,0.5759975199999999,0.7315168503999999,2.35,9.817271e-09,7.348449e-09,1.302136e-08,9.884613e-09,74.35,78.71,7024.93,7437.32,34.78,37.30
2.40088,1,0.1097,0.146,0.113,5.411,5.581,0.9887,0.00893,269.43,55.11,0.5759964799999999,0.7315155295999999,2.35,9.762874e-09,7.317309e-09,1.292797e-08,9.821213e-09,74.74,78.96,7061.68,7460.95,35.01,37.44
2.40112,1,0.1097,0.146,0.113,5.411,5.581,0.9887,0.00893,269.43,55.11,0.57599552,0.7315143104,2.35,9.707579e-09,7.28473e-09,1.285431e-08,9.753184e-09,75.10,78.56,7096.16,7422.72,35.22,37.21
2.40137,1,0.1097,0.146,0.113,5.411,5.581,0.9887,0.00893,269.43,55.11,0.57599452,0.7315130404,2.35,9.667298e-09,7.249963e-09,1.276743e-08,9.685611e-09,74.92,78.50,7078.40,7417.47,35.11,37.17
2.40163,1,0.1098,0.146,0.113,5.411,5.581,0.9887,0.00893,269.43,55.11,0.57599348,0.7315117195999999,2.35,9.619138e-09,7.226363e-09,1.268267e-08,9.619476e-09,75.51,78.51,7134.26,7418.36,35.45,37.18
2.40187,1,0.1098,0.146,0.113,5.411,5.581,0.9887,0.00893,269.43,55.11,0.57599252,0.7315105004,2.35,9.574719e-09,7.211974e-09,1.260098e-08,9.550127e-09,76.31,78.26,7210.55,7394.67,35.91,37.03
2.40212,1,0.1098,0.146,0.113,5.411,5.581,0.9887,0.00893,269.43,55.11,0.57599152,0.7315092303999999,2.35,9.543049e-09,7.197837e-09,1.251889e-08,9.4864e-09,76.73,78.21,7250.22,7389.81,36.15,37.01
2.40238,1,0.1098,0.145,0.113,5.411,5.581,0.9887,0.00893,269.43,55.11,0.57599048,0.7315079096,2.35,9.507883e-09,7.190806e-09,1.242218e-08,9.417016e-09,77.59,78.34,7330.79,7402.17,36.65,37.08
2.40263,1,0.1099,0.145,0.113,5.411,5.581,0.9887,0.00893,269.43,55.11,0.5759894799999999,0.7315066396,2.35,9.466848e-09,7.164461e-09,1.232436e-08,9.334401e-09,77.87,78.12,7357.22,7381.25,36.81,36.95
2.40287,1,0.1099,0.145,0.113,5.411,5.581,0.9887,0.00893,269.43,55.11,0.57598852,0.7315054204,2.35,9.42248e-09,7.136587e-09,1.223469e-08,9.261373e-09,78.12,77.94,7381.48,7364.49,36.95,36.85
2.40313,1,0.1099,0.145,0.113,5.411,5.581,0.9887,0.00893,269.43,55.11,0.57598748,0.7315040996,2.35,9.386299e-09,7.099346e-09,1.213223e-08,9.177898e-09,77.68,77.74,7339.56,7345.01,36.70,36.73
2.40338,1,0.1099,0.145,0.113,5.411,5.581,0.9887,0.00893,269.43,55.11,0.57598648,0.7315028296,2.35,9.346963e-09,7.057872e-09,1.204679e-08,9.097687e-09,77.15,77.19,7289.86,7293.73,36.40,36.42
2.40362,1,0.1099,0.145,0.113,5.411,5.581,0.9887,0.00893,269.43,55.11,0.5759855199999999,0.7315016104,2.35,9.306366e-09,7.00615e-09,1.194921e-08,9.01693e-09,76.22,76.95,7201.44,7270.46,35.86,36.28
2.40388,1,0.1100,0.145,0.113,5.411,5.581,0.9887,0.00893,269.43,55.11,0.5759844799999999,0.7315002895999999,2.35,9.281143e-09,6.948405e-09,1.186069e-08,8.928875e-09,74.60,76.28,7048.92,7207.15,34.93,35.89
2.40413,1,0.1100,0.145,0.113,5.411,5.581,0.9887,0.00893,269.43,55.11,0.57598348,0.7314990196,2.35,9.253838e-09,6.907807e-09,1.177238e-08,8.856317e-09,73.75,76.07,6968.02,7187.19,34.43,35.77
2.40437,1,0.1100,0.145,0.113,5.411,5.581,0.9887,0.00893,269.43,55.11,0.5759825199999999,0.7314978003999999,2.35,9.219072e-09,6.865724e-09,1.16833e-08,8.790971e-09,73.07,76.13,6904.04,7192.71,34.04,35.80
2.40462,1,0.1100,0.145,0.113,5.411,5.581,0.9887,0.00893,269.43,55.11,0.5759815199999999,0.7314965304,2.35,9.185918e-09,6.836796e-09,1.160747e-08,8.723311e-09,72.89,75.75,6887.32,7157.57,33.94,35.59
2.40488,1,0.1101,0.145,0.113,5.410,5.581,0.9887,0.00893,269.43,55.11,0.5759804799999999,0.7314952095999999,2.35,9.137151e-09,6.802316e-09,1.150647e-08,8.663151e-09,73.04,76.38,6900.78,7216.85,34.02,35.95
2.40512,1,0.1101,0.145,0.113,5.410,5.581,0.9887,0.00893,269.43,55.11,0.57597952,0.7314939904,2.35,9.097475e-09,6.771085e-09,1.141664e-08,8.604958e-09,72.96,76.72,6894.03,7249.03,33.98,36.15
2.40537,1,0.1101,0.145,0.113,5.410,5.581,0.9887,0.00893,269.43,55.11,0.5759785199999999,0.7314927203999999,2.35,9.054015e-09,6.736855e-09,1.133753e-08,8.548867e-09,72.88,76.85,6886.50,7261.22,33.94,36.22
2.40563,1,0.1101,0.145,0.112,5.410,5.581,0.9887,0.00893,269.43,55.11,0.5759774799999999,0.7314913995999999,2.35,8.996538e-09,6.705573e-09,1.125305e-08,8.500226e-09,73.38,77.41,6933.17,7314.20,34.22,36.54
2.40587,1,0.1101,0.145,0.112,5.410,5.581,0.9887,0.00893,269.43,55.11,0.57597652,0.7314901804,2.35,8.951811e-09,6.681518e-09,1.118674e-08,8.456312e-09,73.78,77.64,6971.20,7336.09,34.45,36.68
2.40612,1,0.1102,0.145,0.112,5.410,5.581,0.9887,0.00893,269.43,55.11,0.57597552,0.7314889104,2.35,8.917938e-09,6.654536e-09,1.11204e-08,8.414509e-09,73.77,78.03,6970.51,7372.70,34.45,36.90
2.40638,1,0.1102,0.145,0.112,5.410,5.581,0.9887,0.00893,269.43,55.11,0.57597448,0.7314875895999999,2.35,8.876905e-09,6.630472e-09,1.104863e-08,8.367e-09,74.06,78.29,6997.76,7397.40,34.61,37.05
2.40663,1,0.1102,0.145,0.112,5.410,5.581,0.9887,0.00893,269.43,55.11,0.5759734799999999,0.7314863195999999,2.35,8.843619e-09,6.601228e-09,1.098312e-08,8.319507e-09,73.87,78.37,6979.46,7405.17,34.50,37.10
2.40687,1,0.1102,0.145,0.112,5.410,5.581,0.9887,0.00893,269.43,55.11,0.57597252,0.7314851004,2.35,8.803586e-09,6.563774e-09,1.092335e-08,8.276184e-09,73.53,78.45,6947.85,7412.37,34.31,37.14
2.40713,1,0.1103,0.145,0.112,5.410,5.581,0.9887,0.00893,269.43,55.11,0.57597148,0.7314837796,2.35,8.769142e-09,6.544867e-09,1.086213e-08,8.250215e-09,73.90,79.33,6982.55,7495.63,34.52,37.65
2.40738,1,0.1103,0.145,0.112,5.410,5.581,0.9887,0.00893,269.43,55.11,0.57597048,0.7314825095999999,2.35,8.739539e-09,6.533839e-09,1.082528e-08,8.233296e-09,74.40,79.78,7029.49,7537.78,34.81,37.91
2.40762,1,0.1103,0.145,0.112,5.410,5.581,0.9887,0.00893,269.43,55.11,0.57596952,0.7314812904,2.35,8.70476e-09,6.515827e-09,1.077544e-08,8.210957e-09,74.76,80.41,7063.81,7597.94,35.02,38.27
2.40788,1,0.1103,0.145,0.112,5.410,5.581,0.9887,0.00893,269.43,55.11,0.57596848,0.7314799696000001,2.35,8.67634e-09,6.495612e-09,1.073223e-08,8.179751e-09,74.81,80.49,7068.39,7604.66,35.04,38.31
2.40813,1,0.1103,0.145,0.112,5.410,5.581,0.9887,0.00893,269.43,55.11,0.57596748,0.7314786996,2.35,8.646852e-09,6.46567e-09,1.068197e-08,8.14301e-09,74.45,80.55,7034.34,7610.81,34.84,38.35
2.40837,1,0.1104,0.144,0.112,5.410,5.581,0.9887,0.00893,269.43,55.11,0.5759665199999999,0.7314774803999999,2.35,8.617066e-09,6.454997e-09,1.065404e-08,8.122751e-09,75.05,80.66,7090.94,7621.47,35.18,38.42
2.40862,1,0.1104,0.144,0.112,5.410,5.581,0.9887,0.00893,269.43,55.11,0.57596552,0.7314762104,2.35,8.586556e-09,6.438901e-09,1.05886e-08,8.086102e-09,75.36,81.22,7120.73,7674.37,35.36,38.74
2.40888,1,0.1104,0.144,0.112,5.410,5.581,0.9887,0.00893,269.43,55.11,0.57596448,0.7314748896000001,2.35,8.567027e-09,6.420284e-09,1.053703e-08,8.050219e-09,75.18,81.37,7103.16,7688.51,35.26,38.82
2.40912,1,0.1104,0.144,0.112,5.410,5.581,0.9887,0.00893,269.43,55.11,0.57596352,0.7314736704,2.35,8.555523e-09,6.391391e-09,1.051422e-08,8.012572e-09,74.24,80.51,7014.38,7607.17,34.72,38.33
2.40937,1,0.1105,0.144,0.112,5.410,5.581,0.9887,0.00893,269.43,55.11,0.5759625199999999,0.7314724004,2.35,8.516553e-09,6.370846e-09,1.045779e-08,7.975411e-09,74.70,80.83,7058.25,7637.57,34.98,38.51
2.40963,1,0.1105,0.144,0.112,5.410,5.581,0.9887,0.00893,269.43,55.11,0.5759614799999999,0.7314710795999999,2.35,8.504004e-09,6.345656e-09,1.042805e-08,7.946706e-09,73.97,80.58,6989.16,7613.26,34.56,38.37
2.40987,1,0.1105,0.144,0.112,5.410,5.581,0.9887,0.00894,269.43,55.11,0.57596052,0.7314698604,2.35,8.455442e-09,6.333234e-09,1.039762e-08,7.905578e-09,75.08,79.82,7094.27,7541.34,35.20,37.93
2.41012,1,0.1105,0.144,0.112,5.410,5.581,0.9887,0.00894,269.43,55.11,0.57595952,0.7314685903999999,2.35,8.433529e-09,6.315131e-09,1.036196e-08,7.872647e-09,75.00,79.57,7086.72,7518.16,35.16,37.79
2.41038,1,0.1105,0.144,0.112,5.410,5.581,0.9887,0.00894,269.43,55.11,0.5759584799999999,0.7314672696,2.35,8.403462e-09,6.304735e-09,1.028115e-08,7.821772e-09,75.58,80.02,7141.36,7560.49,35.49,38.04
2.41063,1,0.1106,0.144,0.112,5.410,5.581,0.9887,0.00894,269.43,55.11,0.5759574799999999,0.7314659995999999,2.35,8.403229e-09,6.291967e-09,1.03522e-08,7.782565e-09,75.05,76.27,7090.99,7206.33,35.18,35.89
2.41087,1,0.1106,0.144,0.112,5.410,5.581,0.9887,0.00894,269.43,55.11,0.57595652,0.7314647804,2.35,8.411254e-09,6.276184e-09,1.033714e-08,7.737929e-09,74.03,74.97,6994.33,7083.47,34.59,35.14
2.41113,1,0.1106,0.144,0.112,5.410,5.581,0.9887,0.00894,269.43,55.11,0.57595548,0.7314634595999999,2.35,8.377154e-09,6.266939e-09,1.014854e-08,7.674355e-09,74.79,78.11,7066.29,7380.27,35.03,36.95
2.41138,1,0.1106,0.144,0.112,5.410,5.581,0.9887,0.00894,269.43,55.11,0.5759544799999999,0.7314621896,2.35,8.399215e-09,6.276667e-09,1.008187e-08,7.640198e-09,74.47,78.80,7036.13,7445.26,34.85,37.34
2.41162,1,0.1107,0.144,0.112,5.410,5.581,0.9887,0.00894,269.44,55.11,0.57595352,0.7314609704,2.35,8.387082e-09,6.285592e-09,1.002808e-08,7.633336e-09,75.39,80.34,7123.17,7591.19,35.38,38.23
2.41188,1,0.1107,0.144,0.112,5.410,5.581,0.9887,0.00894,269.44,55.11,0.57595248,0.7314596496,2.35,8.32086e-09,6.245627e-09,1.010627e-08,7.538905e-09,75.86,74.01,7167.43,6993.19,35.65,34.59
2.41213,1,0.1107,0.144,0.112,5.410,5.581,0.9887,0.00894,269.44,55.11,0.57595148,0.7314583795999999,2.35,8.267621e-09,6.199112e-09,9.947988e-09,7.425561e-09,75.54,74.20,7137.18,7010.76,35.46,34.69
2.41237,1,0.1107,0.144,0.112,5.410,5.581,0.9887,0.00894,269.44,55.11,0.5759505199999999,0.7314571603999999,2.35,8.215095e-09,6.174659e-09,9.779285e-09,7.342224e-09,76.27,75.94,7206.84,7174.90,35.89,35.69
2.41262,1,0.1107,0.144,0.112,5.410,5.581,0.9887,0.00894,269.44,55.11,0.57594952,0.7314558904,2.35,8.17601e-09,6.213917e-09,9.768625e-09,7.32664e-09,79.82,75.62,7542.24,7145.23,37.93,35.51
2.41288,1,0.1108,0.144,0.112,5.409,5.581,0.9887,0.00894,269.44,55.11,0.57594848,0.7314545696,2.35,8.15055e-09,6.267565e-09,9.849851e-09,7.32454e-09,83.97,73.17,7934.11,6913.72,40.32,34.10
2.41312,1,0.1108,0.144,0.112,5.409,5.581,0.9887,0.00894,269.44,55.11,0.5759475199999999,0.7314533503999999,2.35,8.116404e-09,6.272653e-09,9.807555e-09,7.29758e-09,85.83,73.35,8109.52,6930.36,41.39,34.20
2.41337,1,0.1108,0.144,0.112,5.409,5.581,0.9887,0.00894,269.44,55.11,0.5759465199999999,0.7314520803999999,2.35,8.084027e-09,6.256839e-09,9.614945e-09,7.243433e-09,86.39,77.06,8162.40,7280.57,41.71,36.34
2.41363,1,0.1108,0.144,0.112,5.409,5.581,0.9887,0.00894,269.44,55.11,0.57594548,0.7314507596000001,2.35,8.055989e-09,6.225527e-09,9.557833e-09,7.190291e-09,85.80,76.62,8107.03,7239.27,41.37,36.08
2.41387,1,0.1109,0.144,0.111,5.409,5.581,0.9887,0.00894,269.44,55.11,0.57594452,0.7314495404,2.35,8.03594e-09,6.201301e-09,9.45406e-09,7.169308e-09,85.35,79.24,8064.68,7486.74,41.12,37.59
2.41412,1,0.1109,0.144,0.111,5.409,5.581,0.9887,0.00894,269.44,55.11,0.5759435199999999,0.7314482703999999,2.35,8.014347e-09,6.151027e-09,9.432023e-09,7.132033e-09,83.36,78.30,7876.17,7398.47,39.97,37.06
2.41438,1,0.1109,0.144,0.111,5.409,5.581,0.9887,0.00894,269.44,55.11,0.5759424799999999,0.7314469495999999,2.35,8.010533e-09,6.076674e-09,9.325169e-09,7.075488e-09,79.35,79.42,7497.14,7503.95,37.66,37.70
2.41463,1,0.1109,0.144,0.111,5.409,5.581,0.9887,0.00894,269.44,55.11,0.57594148,0.7314456796000001,2.35,7.951121e-09,6.021581e-09,9.241739e-09,7.01723e-09,78.80,79.66,7445.80,7526.38,37.34,37.84
2.41487,1,0.1109,0.143,0.111,5.409,5.581,0.9887,0.00894,269.44,55.11,0.57594052,0.7314444604,2.35,7.931138e-09,5.988473e-09,9.173795e-09,6.979452e-09,77.84,80.31,7354.54,7588.47,36.79,38.21
2.41513,1,0.1110,0.143,0.111,5.409,5.581,0.9887,0.00894,269.44,55.11,0.57593948,0.7314431396,2.35,7.902938e-09,5.967335e-09,9.164176e-09,6.948219e-09,77.92,79.25,7361.95,7487.57,36.83,37.60
2.41538,1,0.1110,0.143,0.111,5.409,5.581,0.9887,0.00894,269.44,55.11,0.5759384799999999,0.7314418695999999,2.35,7.880844e-09,5.939502e-09,9.114546e-09,6.906334e-09,77.32,79.04,7305.95,7468.53,36.49,37.48
2.41562,1,0.1110,0.143,0.111,5.409,5.581,0.9887,0.00894,269.44,55.11,0.57593752,0.7314406504,2.35,7.859297e-09,5.916319e-09,9.047419e-09,6.868693e-09,76.96,79.68,7271.30,7528.35,36.28,37.85
2.41588,1,0.1110,0.143,0.111,5.409,5.581,0.9887,0.00894,269.44,55.11,0.57593648,0.7314393296,2.35,7.827071e-09,5.902604e-09,8.975183e-09,6.847984e-09,77.52,81.36,7324.22,7687.46,36.60,38.82
2.41613,1,0.1111,0.143,0.111,5.409,5.581,0.9887,0.00894,269.44,55.11,0.5759354799999999,0.7314380596,2.35,7.811137e-09,5.887208e-09,8.938153e-09,6.82388e-09,77.41,81.64,7313.74,7714.17,36.54,38.98
2.41637,1,0.1111,0.143,0.111,5.409,5.581,0.9887,0.00894,269.44,55.11,0.57593452,0.7314368404,2.35,7.893224e-09,5.927177e-09,9.104221e-09,6.840446e-09,76.26,76.44,7205.65,7222.21,35.88,35.98
2.41662,1,0.1111,0.143,0.111,5.409,5.581,0.9887,0.00894,269.44,55.11,0.57593352,0.7314355704,2.35,7.76554e-09,5.847507e-09,8.852368e-09,6.753562e-09,77.12,81.40,7286.75,7690.94,36.37,38.84
2.41688,1,0.1111,0.143,0.111,5.409,5.581,0.9887,0.00894,269.44,55.11,0.57593248,0.7314342495999999,2.35,7.74603e-09,5.835359e-09,8.814356e-09,6.732311e-09,77.26,81.80,7299.63,7728.46,36.45,39.07
2.41712,1,0.1111,0.143,0.111,5.409,5.581,0.9887,0.00894,269.44,55.11,0.5759315199999999,0.7314330304,2.35,7.721552e-09,5.822577e-09,8.774165e-09,6.706345e-09,77.56,82.04,7328.50,7751.61,36.63,39.21
2.41737,1,0.1112,0.143,0.111,5.409,5.581,0.9887,0.00894,269.44,55.11,0.57593052,0.7314317604,2.35,7.705898e-09,5.806324e-09,8.736508e-09,6.675136e-09,77.39,81.99,7312.31,7746.63,36.53,39.18
2.41763,1,0.1112,0.143,0.111,5.409,5.581,0.9887,0.00894,269.44,55.11,0.57592948,0.7314304396,2.35,7.682575e-09,5.788332e-09,8.696318e-09,6.638207e-09,77.37,81.66,7310.16,7715.98,36.52,38.99
2.41787,1,0.1112,0.143,0.111,5.409,5.581,0.9887,0.00894,269.44,55.11,0.5759285199999999,0.7314292203999999,2.35,7.662465e-09,5.773631e-09,8.668098e-09,6.611379e-09,77.39,81.39,7312.48,7690.00,36.53,38.83
2.41812,1,0.1112,0.143,0.111,5.409,5.581,0.9887,0.00894,269.44,55.11,0.5759275199999999,0.7314279503999999,2.35,7.641272e-09,5.761501e-09,8.638314e-09,6.5957e-09,77.60,81.76,7332.30,7724.74,36.65,39.04
2.41838,1,0.1113,0.143,0.111,5.409,5.581,0.9887,0.00894,269.44,55.11,0.5759264799999999,0.7314266295999999,2.35,7.628934e-09,5.748288e-09,8.611948e-09,6.583483e-09,77.46,82.25,7318.64,7771.19,36.57,39.33
2.41863,1,0.1113,0.143,0.111,5.409,5.581,0.9887,0.00894,269.44,55.11,0.57592548,0.7314253596,2.35,7.613751e-09,5.735026e-09,8.582295e-09,6.562707e-09,77.36,82.35,7309.22,7780.71,36.51,39.38
2.41887,1,0.1113,0.143,0.111,5.409,5.581,0.9887,0.00894,269.44,55.11,0.5759245199999999,0.7314241403999999,2.35,7.593231e-09,5.719715e-09,8.544704e-09,6.535501e-09,77.37,82.43,7309.98,7788.51,36.52,39.43
2.41913,1,0.1113,0.143,0.111,5.409,5.581,0.9887,0.00894,269.44,55.11,0.5759234799999999,0.7314228195999999,2.35,7.571709e-09,5.710974e-09,8.506132e-09,6.508686e-09,77.78,82.58,7348.94,7802.21,36.75,39.52
2.41938,1,0.1113,0.143,0.111,5.409,5.581,0.9887,0.00894,269.44,55.11,0.57592248,0.7314215496,2.35,7.556477e-09,5.697749e-09,8.479462e-09,6.483177e-09,77.68,82.30,7339.84,7776.15,36.70,39.36
2.41962,1,0.1114,0.143,0.111,5.409,5.581,0.9887,0.00894,269.44,55.11,0.57592152,0.7314203304,2.35,7.540281e-09,5.683805e-09,8.44133e-09,6.46221e-09,77.66,82.82,7337.34,7825.24,36.68,39.66
2.41988,1,0.1114,0.143,0.111,5.409,5.581,0.9887,0.00894,269.44,55.11,0.57592048,0.7314190096,2.35,7.527421e-09,5.675633e-09,8.418302e-09,6.44128e-09,77.74,82.64,7345.34,7808.17,36.73,39.55
2.42013,1,0.1114,0.143,0.111,5.409,5.581,0.9887,0.00894,269.44,55.11,0.5759194799999999,0.7314177395999999,2.35,7.511757e-09,5.669178e-09,8.386581e-09,6.416769e-09,78.04,82.63,7373.65,7806.93,36.90,39.54
2.42037,1,0.1114,0.143,0.111,5.409,5.581,0.9887,0.00894,269.44,55.11,0.57591852,0.7314165204,2.35,7.491793e-09,5.656581e-09,8.362387e-09,6.389188e-09,78.18,82.13,7386.80,7760.03,36.98,39.26
2.42062,1,0.1115,0.143,0.111,5.408,5.581,0.9887,0.00894,269.44,55.11,0.57591752,0.7314152504,2.35,7.484774e-09,5.64648e-09,8.32572e-09,6.353449e-09,77.98,81.78,7367.85,7727.18,36.87,39.06
2.42088,1,0.1115,0.143,0.111,5.408,5.581,0.9887,0.00894,269.44,55.11,0.57591648,0.7314139296,2.35,7.470494e-09,5.631566e-09,8.294307e-09,6.329171e-09,77.75,81.77,7345.85,7725.60,36.73,39.05
2.42112,1,0.1115,0.142,0.111,5.408,5.581,0.9887,0.00894,269.44,55.11,0.5759155199999999,0.7314127103999999,2.35,7.455967e-09,5.628281e-09,8.26523e-09,6.306618e-09,78.18,81.74,7386.44,7723.41,36.98,39.03
2.42137,1,0.1115,0.142,0.111,5.408,5.581,0.9887,0.00894,269.44,55.11,0.57591452,0.7314114404,2.35,7.440798e-09,5.615613e-09,8.230647e-09,6.271019e-09,78.11,81.24,7379.91,7675.83,36.94,38.74
2.42163,1,0.1115,0.142,0.111,5.408,5.581,0.9887,0.00894,269.44,55.11,0.57591348,0.7314101196,2.35,7.424624e-09,5.606121e-09,8.206731e-09,6.245404e-09,78.26,80.84,7394.51,7637.85,37.03,38.51
2.42188,1,0.1116,0.142,0.111,5.408,5.581,0.9887,0.00894,269.44,55.11,0.57591248,0.7314088496,2.35,7.413228e-09,5.600693e-09,8.179667e-09,6.223149e-09,78.51,80.82,7418.31,7636.18,37.17,38.50
2.42212,1,0.1116,0.142,0.110,5.408,5.581,0.9887,0.00894,269.44,55.11,0.57591152,0.7314076304,2.35,7.40365e-09,5.597445e-09,8.140551e-09,6.191065e-09,78.75,80.70,7440.28,7624.51,37.31,38.43
2.42238,1,0.1116,0.142,0.110,5.408,5.581,0.9887,0.00894,269.44,55.11,0.57591048,0.7314063096,2.35,7.386428e-09,5.58202e-09,8.114994e-09,6.162254e-09,78.61,80.19,7427.17,7576.38,37.23,38.14
2.42263,1,0.1116,0.142,0.110,5.408,5.581,0.9887,0.00894,269.44,55.11,0.57590948,0.7314050396,2.35,7.383977e-09,5.58448e-09,8.089526e-09,6.142085e-09,78.86,80.14,7450.72,7572.13,37.37,38.11
2.42287,1,0.1117,0.142,0.110,5.408,5.581,0.9887,0.00894,269.44,55.11,0.5759085199999999,0.7314038204,2.35,7.368162e-09,5.576636e-09,8.048616e-09,6.120245e-09,79.17,80.72,7480.05,7626.64,37.55,38.45
2.42313,1,0.1117,0.142,0.110,5.408,5.581,0.9887,0.00894,269.44,55.11,0.5759074799999999,0.7314024995999999,2.35,7.361015e-09,5.568874e-09,8.028629e-09,6.095752e-09,79.03,80.21,7467.07,7578.41,37.47,38.15
2.42338,1,0.1117,0.142,0.110,5.408,5.581,0.9887,0.00894,269.44,55.11,0.57590648,0.7314012296,2.35,7.349889e-09,5.560984e-09,7.996034e-09,6.072424e-09,79.06,80.29,7469.98,7585.78,37.49,38.20
2.42362,1,0.1117,0.142,0.110,5.408,5.581,0.9887,0.00894,269.44,55.11,0.57590552,0.7314000103999999,2.35,7.335858e-09,5.557124e-09,7.971104e-09,6.055383e-09,79.46,80.39,7507.48,7595.64,37.72,38.26
2.42387,1,0.1117,0.142,0.110,5.408,5.581,0.9887,0.00894,269.44,55.11,0.5759045199999999,0.7313987403999999,2.35,7.325448e-09,5.554653e-09,7.945859e-09,6.040779e-09,79.78,80.64,7537.79,7619.65,37.90,38.40
2.42413,1,0.1118,0.142,0.110,5.408,5.581,0.9887,0.00894,269.44,55.11,0.5759034799999999,0.7313974195999999,2.35,7.314996e-09,5.546542e-09,7.920131e-09,6.027954e-09,79.84,81.09,7543.48,7662.17,37.94,38.66
2.42437,1,0.1118,0.142,0.110,5.408,5.581,0.9887,0.00894,269.44,55.11,0.57590252,0.7313962004,2.35,7.305959e-09,5.543583e-09,7.897371e-09,6.012679e-09,80.07,81.21,7565.46,7673.10,38.07,38.73
2.42462,1,0.1118,0.142,0.110,5.408,5.581,0.9887,0.00894,269.44,55.11,0.57590152,0.7313949303999999,2.35,7.290342e-09,5.533052e-09,7.871568e-09,5.998085e-09,80.15,81.50,7572.94,7700.27,38.12,38.89
2.42488,1,0.1118,0.142,0.110,5.408,5.581,0.9887,0.00894,269.44,55.11,0.5759004799999999,0.7313936095999999,2.35,7.287322e-09,5.525929e-09,7.840915e-09,5.990063e-09,79.86,82.38,7545.58,7784.00,37.95,39.40
2.42512,1,0.1119,0.142,0.110,5.408,5.581,0.9887,0.00894,269.44,55.11,0.57589952,0.7313923904,2.35,7.278967e-09,5.518608e-09,7.828763e-09,5.975746e-09,79.87,82.16,7546.74,7763.26,37.96,39.28
2.42537,1,0.1119,0.142,0.110,5.408,5.581,0.9887,0.00894,269.44,55.11,0.57589852,0.7313911204,2.35,7.270438e-09,5.511327e-09,7.799565e-09,5.964753e-09,79.82,82.83,7542.13,7825.86,37.93,39.66
2.42563,1,0.1119,0.142,0.110,5.408,5.581,0.9887,0.00894,269.44,55.11,0.57589748,0.7313897996,2.35,7.252368e-09,5.508315e-09,7.780683e-09,5.955102e-09,80.47,83.11,7603.09,7852.70,38.30,39.82
2.42588,1,0.1119,0.142,0.110,5.408,5.581,0.9887,0.00894,269.44,55.11,0.5758964799999999,0.7313885295999999,2.35,7.246624e-09,5.503683e-09,7.759991e-09,5.953054e-09,80.45,83.94,7601.54,7931.00,38.29,40.30
2.42612,1,0.1119,0.142,0.110,5.408,5.581,0.9887,0.00894,269.44,55.11,0.57589552,0.7313873104,2.35,7.240597e-09,5.49693e-09,7.741301e-09,5.944587e-09,80.32,84.30,7589.06,7964.78,38.22,40.51
2.42638,1,0.1120,0.142,0.110,5.408,5.581,0.9887,0.00894,269.44,55.11,0.57589448,0.7313859896,2.35,7.226661e-09,5.495027e-09,7.724483e-09,5.938813e-09,80.92,84.81,7645.97,8013.40,38.56,40.80
2.42663,1,0.1120,0.142,0.110,5.408,5.581,0.9887,0.00894,269.44,55.11,0.57589348,0.7313847196,2.35,7.21695e-09,5.486979e-09,7.703511e-09,5.933711e-09,80.88,85.50,7642.11,8078.31,38.54,41.20
2.42687,1,0.1120,0.142,0.110,5.408,5.581,0.9887,0.00894,269.44,55.11,0.5758925199999999,0.7313835003999999,2.35,7.209771e-09,5.484204e-09,7.690791e-09,5.929311e-09,81.05,85.84,7657.74,8110.45,38.63,41.39
2.42713,1,0.1120,0.142,0.110,5.408,5.581,0.9887,0.00894,269.44,55.11,0.57589148,0.7313821796000001,2.35,7.201598e-09,5.474089e-09,7.67091e-09,5.924297e-09,80.81,86.50,7635.02,8172.57,38.49,41.77
2.42738,1,0.1121,0.141,0.110,5.408,5.581,0.9887,0.00894,269.44,55.11,0.57589048,0.7313809096,2.35,7.189718e-09,5.471145e-09,7.651504e-09,5.913134e-09,81.25,86.82,7677.13,8202.84,38.75,41.96
2.42762,1,0.1121,0.141,0.110,5.408,5.581,0.9887,0.00894,269.44,55.11,0.5758895199999999,0.7313796904,2.35,7.181153e-09,5.466724e-09,7.634052e-09,5.907015e-09,81.38,87.30,7689.47,8248.12,38.83,42.23
2.42787,1,0.1121,0.141,0.110,5.408,5.581,0.9887,0.00894,269.44,55.11,0.5758885199999999,0.7313784203999999,2.35,7.165635e-09,5.465547e-09,7.627317e-09,5.898884e-09,82.05,87.11,7752.66,8230.12,39.21,42.12
2.42813,1,0.1121,0.141,0.110,5.408,5.581,0.9887,0.00894,269.44,55.11,0.57588748,0.7313770996,2.35,7.164057e-09,5.460642e-09,7.607161e-09,5.893042e-09,81.82,87.75,7730.58,8290.62,39.08,42.49
2.42837,1,0.1121,0.141,0.110,5.408,5.581,0.9887,0.00894,269.44,55.11,0.57588652,0.7313758804,2.35,7.158296e-09,5.453033e-09,7.580701e-09,5.877721e-09,81.62,88.09,7711.44,8323.16,38.96,42.69
2.42862,1,0.1122,0.141,0.110,5.407,5.581,0.9887,0.00894,269.44,55.11,0.5758855199999999,0.7313746104,2.35,7.151498e-09,5.446048e-09,7.570602e-09,5.86482e-09,81.57,87.83,7707.58,8298.63,38.94,42.54
2.42888,1,0.1122,0.141,0.110,5.407,5.581,0.9887,0.00894,269.44,55.11,0.5758844799999999,0.7313732895999999,2.35,7.145548e-09,5.440117e-09,7.547818e-09,5.855031e-09,81.49,88.36,7699.27,8348.38,38.89,42.84
2.42912,1,0.1122,0.141,0.110,5.407,5.581,0.9887,0.00894,269.44,55.11,0.57588352,0.7313720704,2.35,7.136515e-09,5.440928e-09,7.527121e-09,5.840424e-09,81.97,88.45,7745.12,8357.62,39.17,42.90
2.42937,1,0.1122,0.141,0.110,5.407,5.581,0.9887,0.00894,269.44,55.11,0.57588252,0.7313708003999999,2.35,7.129421e-09,5.433614e-09,7.511187e-09,5.822745e-09,81.85,88.10,7733.71,8323.71,39.10,42.69
2.42963,1,0.1123,0.141,0.110,5.407,5.581,0.9887,0.00894,269.44,55.11,0.57588148,0.7313694796,2.35,7.126665e-09,5.432025e-09,7.492037e-09,5.804697e-09,81.96,87.96,7743.66,8310.72,39.16,42.61
2.42988,1,0.1123,0.141,0.110,5.407,5.581,0.9887,0.00894,269.44,55.11,0.5758804799999999,0.7313682095999999,2.35,7.125813e-09,5.432621e-09,7.472222e-09,5.79217e-09,82.04,88.15,7751.13,8328.76,39.20,42.72
2.43012,1,0.1123,0.141,0.110,5.407,5.581,0.9887,0.00894,269.44,55.11,0.57587952,0.7313669904,2.35,7.120476e-09,5.4256e-09,7.450266e-09,5.771013e-09,81.85,87.87,7733.42,8302.29,39.09,42.56
2.43038,1,0.1123,0.141,0.110,5.407,5.581,0.9887,0.00894,269.44,55.11,0.57587848,0.7313656695999999,2.35,7.113605e-09,5.424997e-09,7.426219e-09,5.749851e-09,82.14,87.70,7761.27,8286.08,39.26,42.46
2.43063,1,0.1123,0.141,0.109,5.407,5.581,0.9887,0.00894,269.44,55.11,0.5758774799999999,0.7313643995999999,2.35,7.110733e-09,5.430148e-09,7.400422e-09,5.729022e-09,82.62,87.64,7806.03,8280.93,39.54,42.43
2.43087,1,0.1124,0.141,0.109,5.407,5.581,0.9887,0.00894,269.44,55.11,0.57587652,0.7313631804,2.35,7.112829e-09,5.424881e-09,7.379415e-09,5.706666e-09,82.25,87.31,7771.34,8249.29,39.33,42.24
2.43113,1,0.1124,0.141,0.109,5.407,5.581,0.9887,0.00894,269.44,55.11,0.57587548,0.7313618596,2.35,7.11238e-09,5.423028e-09,7.356449e-09,5.688157e-09,82.15,87.26,7762.23,8244.50,39.27,42.21
2.43138,1,0.1124,0.141,0.109,5.407,5.581,0.9887,0.00894,269.45,55.11,0.57587448,0.7313605895999999,2.35,7.115696e-09,5.423713e-09,7.332618e-09,5.663214e-09,82.04,86.82,7751.14,8202.88,39.20,41.96
2.43162,1,0.1124,0.141,0.109,5.407,5.581,0.9887,0.00894,269.45,55.11,0.5758735199999999,0.7313593703999999,2.35,7.119525e-09,5.426057e-09,7.304481e-09,5.635248e-09,82.00,86.40,7747.69,8163.21,39.18,41.71
2.43187,1,0.1125,0.141,0.109,5.407,5.581,0.9886,0.00894,269.45,55.11,0.57587252,0.7313581004,2.35,7.117414e-09,5.426607e-09,7.282647e-09,5.614241e-09,82.20,86.19,7766.78,8143.22,39.30,41.59
2.43213,1,0.1125,0.141,0.109,5.407,5.581,0.9886,0.00894,269.45,55.11,0.57587148,0.7313567796,2.35,7.111769e-09,5.432985e-09,7.258962e-09,5.593305e-09,82.89,86.01,7831.60,8126.24,39.69,41.49
2.43237,1,0.1125,0.141,0.109,5.407,5.581,0.9886,0.00894,269.45,55.11,0.5758705199999999,0.7313555603999999,2.35,7.124229e-09,5.438717e-09,7.234943e-09,5.570466e-09,82.64,85.72,7808.57,8098.80,39.55,41.32
2.43262,1,0.1125,0.141,0.109,5.407,5.581,0.9886,0.00894,269.45,55.11,0.5758695199999999,0.7313542903999999,2.35,7.135095e-09,5.442572e-09,7.21526e-09,5.55189e-09,82.36,85.49,7781.73,8077.16,39.39,41.19
2.43288,1,0.1125,0.141,0.109,5.407,5.581,0.9886,0.00894,269.45,55.11,0.5758684799999999,0.7313529695999998,2.35,7.136659e-09,5.446879e-09,7.200628e-09,5.52598e-09,82.56,84.51,7800.53,7985.32,39.50,40.63
2.43312,1,0.1126,0.141,0.109,5.407,5.581,0.9886,0.00894,269.45,55.11,0.57586752,0.7313517504,2.35,7.138967e-09,5.45482e-09,7.174151e-09,5.509299e-09,83.03,84.83,7844.99,8015.17,39.77,40.81
2.43337,1,0.1126,0.141,0.109,5.407,5.581,0.9886,0.00894,269.45,55.11,0.5758665199999999,0.7313504804,2.35,7.149993e-09,5.471719e-09,7.153541e-09,5.491905e-09,83.58,84.73,7896.84,8005.33,40.09,40.75
2.43363,1,0.1126,0.141,0.109,5.407,5.581,0.9886,0.00894,269.45,55.11,0.5758654799999999,0.7313491595999999,2.35,7.157109e-09,5.479394e-09,7.135978e-09,5.480399e-09,83.72,84.86,7910.55,8017.79,40.17,40.83
2.43388,1,0.1126,0.140,0.109,5.407,5.581,0.9886,0.00894,269.45,55.11,0.57586448,0.7313478896000001,2.35,7.167875e-09,5.496436e-09,7.124864e-09,5.464452e-09,84.30,84.36,7964.63,7970.87,40.50,40.54
2.43412,1,0.1127,0.140,0.109,5.407,5.581,0.9886,0.00894,269.45,55.11,0.57586352,0.7313466704,2.35,7.181897e-09,5.507109e-09,7.110657e-09,5.455439e-09,84.36,84.56,7971.21,7989.78,40.54,40.66
2.43438,1,0.1127,0.140,0.109,5.407,5.581,0.9886,0.00894,269.45,55.11,0.57586248,0.7313453496,2.35,7.193101e-09,5.524877e-09,7.096065e-09,5.45034e-09,84.97,84.97,8028.39,8028.36,40.89,40.89
2.43463,1,0.1127,0.140,0.109,5.407,5.581,0.9886,0.00894,269.45,55.11,0.5758614799999999,0.7313440795999999,2.35,7.201954e-09,5.538454e-09,7.093918e-09,5.440779e-09,85.42,84.44,8070.98,7978.33,41.15,40.59
2.43487,1,0.1127,0.140,0.109,5.407,5.581,0.9886,0.00894,269.45,55.11,0.57586052,0.7313428604,2.35,7.226891e-09,5.548788e-09,7.078093e-09,5.440927e-09,84.84,85.27,8015.67,8056.39,40.81,41.06
2.43513,1,0.1127,0.140,0.109,5.407,5.581,0.9886,0.00894,269.45,55.11,0.57585948,0.7313415396,2.35,7.241387e-09,5.561454e-09,7.077836e-09,5.432163e-09,84.94,84.69,8025.22,8001.83,40.87,40.73
2.43538,1,0.1128,0.140,0.109,5.407,5.581,0.9886,0.00894,269.45,55.11,0.57585848,0.7313402696,2.35,7.257621e-09,5.579329e-09,7.080115e-09,5.433317e-09,85.37,84.72,8066.02,8005.15,41.12,40.75
2.43562,1,0.1128,0.140,0.109,5.407,5.581,0.9886,0.00894,269.45,55.11,0.57585752,0.7313390504,2.35,7.27437e-09,5.593591e-09,7.084716e-09,5.436095e-09,85.46,84.67,8074.68,8000.39,41.17,40.72
2.43587,1,0.1128,0.140,0.109,5.407,5.581,0.9886,0.00894,269.45,55.11,0.57585652,0.7313377804,2.35,7.295101e-09,5.616296e-09,7.085015e-09,5.449187e-09,85.91,85.54,8116.98,8082.38,41.43,41.22
2.43613,1,0.1128,0.140,0.109,5.407,5.581,0.9886,0.00894,269.45,55.11,0.57585548,0.7313364595999999,2.35,7.31934e-09,5.63362e-09,7.087746e-09,5.451643e-09,85.82,85.57,8108.62,8084.66,41.38,41.23
2.43637,1,0.1129,0.140,0.109,5.406,5.581,0.9886,0.00894,269.45,55.11,0.5758545199999999,0.7313352403999999,2.35,7.334533e-09,5.652731e-09,7.108953e-09,5.461199e-09,86.39,85.18,8162.31,8048.69,41.71,41.01
2.43662,1,0.1129,0.140,0.109,5.406,5.581,0.9886,0.00894,269.45,55.11,0.57585352,0.7313339704,2.35,7.365339e-09,5.678736e-09,7.113172e-09,5.469822e-09,86.54,85.55,8176.51,8083.00,41.79,41.22
2.43688,1,0.1129,0.140,0.109,5.406,5.581,0.9886,0.00894,269.45,55.11,0.57585248,0.7313326496,2.35,7.393538e-09,5.69733e-09,7.114703e-09,5.481967e-09,86.33,86.30,8156.83,8153.61,41.67,41.65
2.43712,1,0.1129,0.140,0.109,5.406,5.581,0.9886,0.00894,269.45,55.11,0.57585152,0.7313314303999999,2.35,7.408315e-09,5.722638e-09,7.128512e-09,5.488034e-09,87.25,85.98,8244.25,8124.11,42.21,41.47
2.43737,1,0.1129,0.140,0.109,5.406,5.581,0.9886,0.00894,269.45,55.11,0.5758505199999999,0.7313301603999999,2.35,7.430346e-09,5.748036e-09,7.135855e-09,5.499612e-09,87.82,86.39,8297.42,8162.32,42.53,41.71
2.43763,1,0.1130,0.140,0.109,5.406,5.581,0.9886,0.00894,269.45,55.11,0.5758494799999999,0.7313288396,2.35,7.460985e-09,5.772836e-09,7.163725e-09,5.513577e-09,87.97,85.95,8311.74,8121.27,42.62,41.46
2.43788,1,0.1130,0.140,0.109,5.406,5.581,0.9886,0.00894,269.45,55.11,0.57584848,0.7313275696,2.35,7.491693e-09,5.800016e-09,7.192627e-09,5.530051e-09,88.20,85.57,8333.46,8084.65,42.75,41.23
2.43812,1,0.1130,0.140,0.109,5.406,5.581,0.9886,0.00894,269.45,55.11,0.57584752,0.7313263503999999,2.35,7.517836e-09,5.826355e-09,7.232623e-09,5.546174e-09,88.61,84.60,8372.27,7993.44,42.99,40.68
2.43838,1,0.1130,0.140,0.109,5.406,5.581,0.9886,0.00894,269.45,55.11,0.5758464799999999,0.7313250295999999,2.35,7.552273e-09,5.852727e-09,7.234685e-09,5.566288e-09,88.59,85.83,8370.26,8109.23,42.97,41.38
2.43863,1,0.1131,0.140,0.109,5.406,5.581,0.9886,0.00894,269.45,55.11,0.5758454799999999,0.7313237595999998,2.35,7.579979e-09,5.878831e-09,7.251656e-09,5.573658e-09,88.98,85.52,8407.10,8080.64,43.20,41.21
2.43887,1,0.1131,0.140,0.109,5.406,5.581,0.9886,0.00894,269.45,55.11,0.57584452,0.7313225404,2.35,7.60462e-09,5.905171e-09,7.263139e-09,5.584862e-09,89.47,85.68,8453.21,8095.54,43.48,41.30
2.43913,1,0.1131,0.140,0.108,5.406,5.581,0.9886,0.00894,269.45,55.11,0.57584348,0.7313212196,2.35,7.637417e-09,5.930878e-09,7.294084e-09,5.604913e-09,89.49,85.44,8455.06,8072.52,43.49,41.16
2.43938,1,0.1131,0.140,0.108,5.406,5.581,0.9886,0.00894,269.45,55.11,0.5758424799999999,0.7313199495999999,2.35,7.665983e-09,5.958678e-09,7.311822e-09,5.613026e-09,89.86,85.08,8490.88,8038.40,43.71,40.95
2.43962,1,0.1131,0.140,0.108,5.406,5.581,0.9886,0.00894,269.45,55.11,0.57584152,0.7313187304,2.35,7.699426e-09,5.986708e-09,7.339328e-09,5.632777e-09,90.00,84.99,8503.86,8030.03,43.79,40.90
2.43987,1,0.1132,0.140,0.108,5.406,5.581,0.9886,0.00894,269.45,55.11,0.57584052,0.7313174604,2.35,7.727728e-09,6.017479e-09,7.369643e-09,5.648244e-09,90.68,84.56,8567.47,7989.68,44.18,40.65
2.44013,1,0.1132,0.140,0.108,5.406,5.581,0.9886,0.00894,269.45,55.11,0.57583948,0.7313161396,2.35,7.761902e-09,6.039361e-09,7.386866e-09,5.6552e-09,90.36,84.16,8537.26,7952.09,43.99,40.43
2.44037,1,0.1132,0.139,0.108,5.406,5.581,0.9886,0.00894,269.45,55.11,0.5758385199999999,0.7313149203999999,2.35,7.786052e-09,6.069249e-09,7.408811e-09,5.674762e-09,91.10,84.33,8607.86,7968.32,44.42,40.52
2.44062,1,0.1132,0.139,0.108,5.406,5.581,0.9886,0.00894,269.45,55.11,0.57583752,0.7313136504,2.35,7.815182e-09,6.089367e-09,7.42754e-09,5.691233e-09,90.93,84.47,8591.29,7981.06,44.32,40.60
2.44088,1,0.1133,0.139,0.108,5.406,5.581,0.9886,0.00895,269.45,55.11,0.57583648,0.7313123296,2.35,7.844138e-09,6.112134e-09,7.456397e-09,5.704037e-09,91.02,83.96,8600.18,7932.73,44.37,40.31
2.44112,1,0.1133,0.139,0.108,5.406,5.581,0.9886,0.00895,269.45,55.11,0.5758355199999999,0.7313111104,2.35,7.876394e-09,6.135626e-09,7.482143e-09,5.731079e-09,90.91,84.42,8589.77,7976.23,44.31,40.57
2.44137,1,0.1133,0.139,0.108,5.406,5.581,0.9886,0.00895,269.45,55.11,0.5758345199999999,0.7313098403999999,2.35,7.90258e-09,6.161061e-09,7.513376e-09,5.769031e-09,91.25,85.30,8621.66,8059.98,44.51,41.08
2.44163,1,0.1133,0.139,0.108,5.406,5.581,0.9886,0.00895,269.45,55.11,0.57583348,0.7313085196,2.35,7.926753e-09,6.183435e-09,7.534395e-09,5.774595e-09,91.49,84.64,8644.04,7996.90,44.64,40.70
2.44188,1,0.1134,0.139,0.108,5.406,5.581,0.9886,0.00895,269.45,55.11,0.57583248,0.7313072495999999,2.35,7.959363e-09,6.202858e-09,7.558716e-09,5.806196e-09,91.16,85.53,8613.68,8081.18,44.46,41.21
2.44212,1,0.1134,0.139,0.108,5.406,5.581,0.9886,0.00895,269.45,55.11,0.5758315199999999,0.7313060304,2.35,7.983371e-09,6.217982e-09,7.578665e-09,5.802381e-09,90.93,84.33,8591.23,7967.83,44.32,40.52
2.44238,1,0.1134,0.139,0.108,5.406,5.581,0.9886,0.00895,269.45,55.11,0.5758304799999999,0.7313047095999999,2.35,8.00546e-09,6.238523e-09,7.60394e-09,5.814445e-09,91.15,83.88,8612.06,7925.45,44.45,40.26
2.44263,1,0.1134,0.139,0.108,5.406,5.581,0.9886,0.00895,269.45,55.11,0.57582948,0.7313034396,2.35,8.036588e-09,6.256781e-09,7.634601e-09,5.849222e-09,90.75,84.58,8574.80,7991.23,44.22,40.66
2.44287,1,0.1134,0.139,0.108,5.406,5.581,0.9886,0.00895,269.45,55.11,0.57582852,0.7313022203999999,2.35,8.06173e-09,6.279467e-09,7.662345e-09,5.89635e-09,90.96,86.19,8594.04,8144.04,44.34,41.59
2.44313,1,0.1135,0.139,0.108,5.406,5.581,0.9886,0.00895,269.45,55.11,0.57582748,0.7313008996,2.35,8.084071e-09,6.290641e-09,7.695624e-09,5.924016e-09,90.63,86.40,8563.26,8163.51,44.15,41.71
2.44338,1,0.1135,0.139,0.108,5.406,5.581,0.9886,0.00895,269.45,55.11,0.5758264799999999,0.7312996296,2.35,8.10121e-09,6.304244e-09,7.722369e-09,5.925628e-09,90.65,85.21,8564.89,8051.51,44.16,41.03
2.44362,1,0.1135,0.139,0.108,5.406,5.581,0.9886,0.00895,269.45,55.11,0.57582552,0.7312984104,2.35,8.128128e-09,6.315676e-09,7.75317e-09,5.941615e-09,90.04,84.75,8507.11,8007.22,43.81,40.76
2.44387,1,0.1135,0.139,0.108,5.406,5.581,0.9886,0.00895,269.45,55.11,0.57582452,0.7312971403999999,2.35,8.15092e-09,6.329546e-09,7.77974e-09,5.970173e-09,89.79,85.25,8484.03,8054.54,43.67,41.05
2.44413,1,0.1136,0.139,0.108,5.405,5.581,0.9886,0.00895,269.45,55.11,0.5758234799999999,0.7312958195999999,2.35,8.173241e-09,6.341093e-09,7.806316e-09,5.986696e-09,89.51,85.09,8456.96,8039.28,43.50,40.96
2.44437,1,0.1136,0.139,0.108,5.405,5.581,0.9886,0.00895,269.45,55.11,0.57582252,0.7312946004,2.35,8.188274e-09,6.347427e-09,7.840224e-09,6.007265e-09,89.17,84.76,8425.40,8008.19,43.31,40.77
2.44462,1,0.1136,0.139,0.108,5.405,5.581,0.9886,0.00895,269.45,55.11,0.57582152,0.7312933304,2.35,8.205606e-09,6.352015e-09,7.857655e-09,6.030412e-09,88.62,85.35,8373.52,8064.20,42.99,41.11
2.44488,1,0.1136,0.139,0.108,5.405,5.581,0.9886,0.00895,269.45,55.11,0.57582048,0.7312920096,2.35,8.227473e-09,6.361359e-09,7.891812e-09,6.046712e-09,88.16,84.75,8329.56,8007.74,42.72,40.76
2.44512,1,0.1136,0.139,0.108,5.405,5.581,0.9886,0.00895,269.45,55.11,0.5758195199999999,0.7312907903999999,2.35,8.242758e-09,6.366896e-09,7.91167e-09,6.075596e-09,87.78,85.57,8293.49,8085.54,42.50,41.24
2.44537,1,0.1137,0.139,0.108,5.405,5.581,0.9886,0.00895,269.45,55.11,0.57581852,0.7312895204000001,2.35,8.252995e-09,6.36793e-09,7.941944e-09,6.082893e-09,87.44,84.69,8261.60,8002.23,42.31,40.73
2.44563,1,0.1137,0.139,0.108,5.405,5.581,0.9886,0.00895,269.45,55.11,0.57581748,0.7312881996,2.35,8.265344e-09,6.375578e-09,7.968385e-09,6.095559e-09,87.33,84.25,8250.95,7959.91,42.24,40.47
2.44588,1,0.1137,0.139,0.108,5.405,5.581,0.9886,0.00895,269.45,55.11,0.57581648,0.7312869296,2.35,8.286317e-09,6.379644e-09,7.994909e-09,6.113756e-09,86.61,84.12,8183.00,7948.34,41.83,40.40
2.44612,1,0.1137,0.139,0.108,5.405,5.581,0.9886,0.00895,269.45,55.11,0.5758155199999999,0.7312857103999999,2.35,8.302933e-09,6.382679e-09,8.01952e-09,6.127719e-09,86.03,83.84,8128.99,7921.65,41.50,40.24
2.44638,1,0.1138,0.139,0.108,5.405,5.581,0.9886,0.00895,269.45,55.11,0.5758144799999999,0.7312843895999999,2.35,8.312428e-09,6.387873e-09,8.046395e-09,6.146551e-09,85.99,83.82,8124.55,7919.31,41.47,40.22
2.44663,1,0.1138,0.139,0.108,5.405,5.581,0.9886,0.00895,269.45,55.11,0.57581348,0.7312831196,2.35,8.323358e-09,6.392361e-09,8.072488e-09,6.158127e-09,85.76,83.34,8103.14,7874.05,41.34,39.95
2.44687,1,0.1138,0.138,0.108,5.405,5.581,0.9886,0.00895,269.45,55.11,0.5758125199999999,0.7312819004,2.35,8.342751e-09,6.389738e-09,8.107855e-09,6.180198e-09,84.76,83.06,8008.20,7847.47,40.76,39.79
2.44713,1,0.1138,0.138,0.108,5.405,5.581,0.9886,0.00895,269.45,55.11,0.5758114799999999,0.7312805795999999,2.35,8.348541e-09,6.389254e-09,8.138121e-09,6.19458e-09,84.48,82.57,7981.95,7801.44,40.60,39.50
2.44738,1,0.1138,0.138,0.108,5.405,5.581,0.9886,0.00895,269.45,55.11,0.57581048,0.7312793096,2.35,8.364479e-09,6.395943e-09,8.163032e-09,6.215585e-09,84.17,82.68,7952.76,7812.20,40.43,39.57
2.44762,1,0.1139,0.138,0.108,5.405,5.581,0.9886,0.00895,269.45,55.11,0.57580952,0.7312780903999999,2.35,8.379239e-09,6.397347e-09,8.196584e-09,6.230366e-09,83.69,82.16,7907.84,7762.82,40.15,39.27
2.44787,1,0.1139,0.138,0.107,5.405,5.581,0.9886,0.00895,269.45,55.11,0.5758085199999999,0.7312768204,2.35,8.39434e-09,6.401671e-09,8.226413e-09,6.252488e-09,83.30,82.13,7870.69,7760.27,39.93,39.25
2.44813,1,0.1139,0.138,0.107,5.405,5.581,0.9886,0.00895,269.45,55.11,0.5758074799999999,0.7312754995999999,2.35,8.402361e-09,6.398949e-09,8.256024e-09,6.277198e-09,82.82,82.25,7825.15,7771.64,39.65,39.32
2.44837,1,0.1139,0.138,0.107,5.405,5.581,0.9886,0.00895,269.45,55.11,0.57580652,0.7312742804,2.35,8.42432e-09,6.399373e-09,8.299263e-09,6.300899e-09,81.94,81.76,7742.45,7724.72,39.15,39.04
2.44862,1,0.1140,0.138,0.107,5.405,5.581,0.9886,0.00895,269.45,55.11,0.57580552,0.7312730103999999,2.35,8.436674e-09,6.397001e-09,8.331412e-09,6.330285e-09,81.39,82.10,7690.44,7756.82,38.83,39.23
2.44888,1,0.1140,0.138,0.107,5.405,5.581,0.9886,0.00895,269.45,55.11,0.57580448,0.7312716896,2.35,8.443677e-09,6.402235e-09,8.368368e-09,6.362754e-09,81.39,82.33,7690.06,7779.17,38.83,39.37
2.44912,1,0.1140,0.138,0.107,5.405,5.581,0.9886,0.00895,269.45,55.11,0.57580352,0.7312704704,2.35,8.458841e-09,6.410116e-09,8.405462e-09,6.398111e-09,81.20,82.72,7672.16,7815.62,38.72,39.59
2.44937,1,0.1140,0.138,0.107,5.405,5.581,0.9886,0.00895,269.45,55.11,0.57580252,0.7312692004,2.35,8.478588e-09,6.413944e-09,8.457429e-09,6.42864e-09,80.62,82.23,7617.55,7769.94,38.38,39.31
2.44963,1,0.1140,0.138,0.107,5.405,5.581,0.9886,0.00895,269.45,55.11,0.57580148,0.7312678796,2.35,8.489555e-09,6.420561e-09,8.50839e-09,6.46628e-09,80.54,82.18,7609.37,7764.45,38.33,39.28
2.44988,1,0.1141,0.138,0.107,5.405,5.581,0.9886,0.00895,269.45,55.11,0.57580048,0.7312666095999999,2.35,8.513867e-09,6.430473e-09,8.550681e-09,6.509705e-09,80.17,82.85,7575.08,7827.79,38.13,39.67
2.45012,1,0.1141,0.138,0.107,5.405,5.581,0.9886,0.00895,269.45,55.11,0.57579952,0.7312653904,2.35,8.525992e-09,6.435538e-09,8.600743e-09,6.541887e-09,79.96,82.53,7555.44,7798.17,38.01,39.48
2.45038,1,0.1141,0.138,0.107,5.405,5.581,0.9886,0.00895,269.45,55.11,0.57579848,0.7312640696,2.35,8.544844e-09,6.448523e-09,8.647828e-09,6.591517e-09,79.90,83.26,7549.50,7867.05,37.97,39.90
2.45063,1,0.1141,0.138,0.107,5.405,5.581,0.9886,0.00895,269.45,55.11,0.57579748,0.7312627996,2.35,8.564551e-09,6.454449e-09,8.703917e-09,6.630341e-09,79.45,83.06,7507.08,7847.50,37.71,39.79
2.45087,1,0.1142,0.138,0.107,5.404,5.581,0.9886,0.00895,269.45,55.11,0.5757965199999999,0.7312615803999999,2.35,8.593093e-09,6.465241e-09,8.754705e-09,6.671787e-09,78.99,83.27,7463.44,7868.02,37.44,39.91
2.45113,1,0.1142,0.138,0.107,5.404,5.581,0.9886,0.00895,269.45,55.11,0.5757954799999999,0.7312602595999999,2.35,8.609867e-09,6.474839e-09,8.819277e-09,6.716001e-09,78.84,83.01,7449.39,7843.50,37.36,39.76
2.45138,1,0.1142,0.138,0.107,5.404,5.608,0.9886,0.00895,269.46,55.11,0.57579448,0.7312589896,2.35,8.639518e-09,6.487838e-09,8.870948e-09,6.758228e-09,78.39,83.16,7406.58,7857.54,37.07,39.82
2.45162,1,0.1142,0.138,0.107,5.404,5.608,0.9886,0.00895,269.46,55.11,0.57579352,0.7312577704,2.35,8.649404e-09,6.502208e-09,8.928083e-09,6.800536e-09,78.73,83.10,7438.49,7851.63,37.27,39.78
2.45187,1,0.1142,0.138,0.107,5.404,5.608,0.9886,0.00895,269.46,55.11,0.5757925199999999,0.7312565003999999,2.35,8.685171e-09,6.516149e-09,8.987081e-09,6.841656e-09,78.10,82.90,7379.43,7833.28,36.91,39.67
2.45213,1,0.1143,0.138,0.107,5.404,5.608,0.9886,0.00895,269.46,55.11,0.5757914799999999,0.7312551795999999,2.35,8.714864e-09,6.532279e-09,9.0458e-09,6.883447e-09,77.88,82.83,7358.15,7826.27,36.78,39.63
2.45237,1,0.1143,0.138,0.107,5.404,5.608,0.9886,0.00895,269.46,55.11,0.57579052,0.7312539604,2.35,8.743541e-09,6.552668e-09,9.104866e-09,6.923355e-09,77.82,82.58,7353.20,7802.51,36.75,39.48
2.45262,1,0.1143,0.138,0.107,5.404,5.608,0.9886,0.00895,269.46,55.11,0.5757895199999999,0.7312526904,2.35,8.773219e-09,6.574772e-09,9.159232e-09,6.964985e-09,77.82,82.59,7352.58,7803.87,36.74,39.49
2.45288,1,0.1143,0.138,0.107,5.404,5.608,0.9886,0.00895,269.46,55.11,0.5757884799999999,0.7312513695999999,2.35,8.804164e-09,6.592673e-09,9.213849e-09,7.008571e-09,77.57,82.69,7329.12,7813.42,36.60,39.55
2.45312,1,0.1144,0.138,0.107,5.404,5.608,0.9886,0.00895,269.46,55.11,0.57578752,0.7312501504,2.35,8.836823e-09,6.60919e-09,9.273475e-09,7.042853e-09,77.27,82.23,7300.61,7769.22,36.42,39.28
2.45337,1,0.1144,0.138,0.107,5.404,5.608,0.9886,0.00895,269.46,55.11,0.57578652,0.7312488804,2.35,8.871039e-09,6.633625e-09,9.32557e-09,7.078774e-09,77.21,82.05,7295.57,7752.63,36.39,39.18
2.45363,1,0.1144,0.137,0.107,5.404,5.608,0.9886,0.00895,269.46,55.11,0.57578548,0.7312475596,2.35,8.903206e-09,6.660325e-09,9.374752e-09,7.107822e-09,77.33,81.65,7306.80,7715.01,36.46,38.95
2.45388,1,0.1144,0.137,0.107,5.404,5.608,0.9886,0.00895,269.46,55.11,0.5757844799999999,0.7312462895999999,2.35,8.937218e-09,6.686244e-09,9.433076e-09,7.141045e-09,77.35,81.14,7308.86,7666.18,36.47,38.65
2.45412,1,0.1144,0.137,0.107,5.404,5.608,0.9886,0.00895,269.46,55.11,0.57578352,0.7312450704,2.35,8.972132e-09,6.711456e-09,9.476225e-09,7.17293e-09,77.31,81.10,7304.93,7662.76,36.45,38.63
2.45438,1,0.1145,0.137,0.107,5.404,5.608,0.9886,0.00895,269.46,55.11,0.57578248,0.7312437495999999,2.35,9.011233e-09,6.739118e-09,9.528688e-09,7.206691e-09,77.31,80.90,7304.49,7643.48,36.45,38.51
2.45463,1,0.1145,0.137,0.107,5.404,5.608,0.9886,0.00895,269.46,55.11,0.57578148,0.7312424796,2.35,9.048107e-09,6.76792e-09,9.574253e-09,7.232843e-09,77.36,80.52,7309.74,7607.61,36.48,38.29
2.45487,1,0.1145,0.137,0.107,5.404,5.608,0.9886,0.00895,269.46,55.11,0.5757805199999999,0.7312412603999999,2.35,9.086142e-09,6.795578e-09,9.621755e-09,7.263024e-09,77.33,80.26,7306.36,7583.26,36.46,38.15
2.45512,1,0.1145,0.137,0.107,5.404,5.608,0.9886,0.00895,269.46,55.11,0.57577952,0.7312399904,2.35,9.138176e-09,6.824269e-09,9.668116e-09,7.292831e-09,76.87,80.03,7263.19,7561.32,36.20,38.01
2.45538,1,0.1146,0.137,0.107,5.404,5.608,0.9886,0.00895,269.46,55.11,0.57577848,0.7312386696,2.35,9.170558e-09,6.855705e-09,9.704211e-09,7.322107e-09,77.26,80.19,7300.02,7576.54,36.42,38.11
2.45562,1,0.1146,0.137,0.107,5.404,5.608,0.9886,0.00895,269.46,55.11,0.5757775199999999,0.7312374503999999,2.35,9.205348e-09,6.884912e-09,9.747002e-09,7.343343e-09,77.40,79.70,7313.49,7530.37,36.50,37.82
2.45587,1,0.1146,0.137,0.107,5.404,5.608,0.9886,0.00895,269.46,55.11,0.57577652,0.7312361804,2.35,9.252477e-09,6.920698e-09,9.779095e-09,7.371276e-09,77.43,79.86,7315.74,7545.96,36.52,37.92
2.45613,1,0.1146,0.137,0.107,5.404,5.608,0.9886,0.00895,269.46,55.11,0.57577548,0.7312348596,2.35,9.28565e-09,6.946172e-09,9.817855e-09,7.392067e-09,77.46,79.50,7318.50,7511.19,36.53,37.71
2.45637,1,0.1146,0.137,0.107,5.404,5.608,0.9886,0.00895,269.46,55.11,0.57577452,0.7312336403999999,2.35,9.333055e-09,6.974503e-09,9.857065e-09,7.420752e-09,77.14,79.46,7288.92,7507.76,36.35,37.69
2.45662,1,0.1147,0.137,0.106,5.404,5.608,0.9886,0.00895,269.46,55.11,0.5757735199999999,0.7312323703999999,2.35,9.375278e-09,7.006034e-09,9.894944e-09,7.438068e-09,77.21,79.05,7295.47,7469.09,36.39,37.45
2.45688,1,0.1147,0.137,0.106,5.404,5.608,0.9886,0.00895,269.46,55.11,0.5757724799999999,0.7312310496,2.35,9.412473e-09,7.035455e-09,9.907825e-09,7.46274e-09,77.28,79.70,7302.14,7530.00,36.43,37.82
2.45713,1,0.1147,0.137,0.106,5.404,5.608,0.9886,0.00895,269.46,55.11,0.57577148,0.7312297796,2.35,9.45178e-09,7.064674e-09,9.945428e-09,7.497089e-09,77.28,79.96,7301.48,7554.60,36.43,37.97
2.45737,1,0.1147,0.137,0.106,5.404,5.608,0.9886,0.00895,269.46,55.11,0.57577052,0.7312285604,2.35,9.49826e-09,7.097015e-09,9.969088e-09,7.516697e-09,77.17,80.03,7291.72,7561.85,36.37,38.02
2.45763,1,0.1148,0.137,0.106,5.404,5.608,0.9886,0.00895,269.46,55.11,0.57576948,0.7312272395999999,2.35,9.526151e-09,7.12296e-09,1.000261e-08,7.529006e-09,77.46,79.55,7318.82,7515.82,36.54,37.74
2.45788,1,0.1148,0.137,0.106,5.404,5.608,0.9886,0.00895,269.46,55.11,0.5757684799999999,0.7312259695999999,2.35,9.564767e-09,7.158487e-09,1.003191e-08,7.559475e-09,77.75,79.90,7345.88,7549.80,36.70,37.94
2.45812,1,0.1148,0.137,0.106,5.404,5.608,0.9886,0.00895,269.46,55.11,0.57576752,0.7312247504,2.35,9.604244e-09,7.179501e-09,1.005925e-08,7.579221e-09,77.38,79.87,7311.34,7546.34,36.49,37.92
2.45838,1,0.1148,0.137,0.106,5.404,5.608,0.9886,0.00895,269.46,55.11,0.57576648,0.7312234296,2.35,9.636447e-09,7.212862e-09,1.008809e-08,7.596591e-09,77.78,79.68,7348.83,7528.82,36.72,37.81
2.45863,1,0.1148,0.137,0.106,5.404,5.608,0.9886,0.00895,269.46,55.11,0.5757654799999999,0.7312221595999999,2.35,9.668297e-09,7.230712e-09,1.0121e-08,7.617163e-09,77.52,79.50,7324.70,7512.00,36.57,37.71
2.45887,1,0.1149,0.137,0.106,5.403,5.608,0.9886,0.00895,269.46,55.11,0.57576452,0.7312209404,2.35,9.706286e-09,7.255063e-09,1.013126e-08,7.629904e-09,77.42,79.79,7314.84,7538.59,36.51,37.87
2.45912,1,0.1149,0.137,0.106,5.403,5.608,0.9886,0.00895,269.46,55.11,0.57576352,0.7312196704,2.35,9.730579e-09,7.284251e-09,1.016238e-08,7.647505e-09,77.88,79.54,7358.96,7515.36,36.78,37.73
2.45938,1,0.1149,0.137,0.106,5.403,5.608,0.9886,0.00895,269.46,55.11,0.57576248,0.7312183496,2.35,9.762515e-09,7.29964e-09,1.017518e-08,7.668097e-09,77.53,80.00,7324.96,7559.02,36.57,38.00
2.45962,1,0.1149,0.137,0.106,5.403,5.608,0.9886,0.00895,269.46,55.11,0.5757615199999999,0.7312171303999999,2.35,9.786421e-09,7.324598e-09,1.020831e-08,7.681284e-09,77.82,79.51,7353.15,7512.26,36.74,37.71
2.45987,1,0.1150,0.137,0.106,5.403,5.608,0.9886,0.00895,269.46,55.11,0.57576052,0.7312158604,2.35,9.809001e-09,7.340984e-09,1.023519e-08,7.700768e-09,77.87,79.55,7357.49,7515.86,36.77,37.74
2.46013,1,0.1150,0.136,0.106,5.403,5.608,0.9886,0.00895,269.46,55.11,0.57575948,0.7312145396,2.35,9.827142e-09,7.356607e-09,1.025706e-08,7.72141e-09,77.95,79.72,7365.35,7532.07,36.82,37.83
2.46037,1,0.1150,0.136,0.106,5.403,5.608,0.9886,0.00895,269.46,55.11,0.5757585199999999,0.7312133204,2.35,9.859492e-09,7.376807e-09,1.028107e-08,7.736099e-09,77.78,79.58,7349.43,7518.76,36.72,37.75
2.46062,1,0.1150,0.136,0.106,5.403,5.608,0.9886,0.00895,269.46,55.11,0.5757575199999999,0.7312120503999999,2.35,9.871925e-09,7.38239e-09,1.029415e-08,7.748414e-09,77.63,79.68,7334.76,7528.47,36.63,37.81
2.46088,1,0.1150,0.136,0.106,5.403,5.608,0.9886,0.00895,269.46,55.11,0.5757564799999999,0.7312107295999999,2.35,9.887082e-09,7.396641e-09,1.031233e-08,7.77432e-09,77.75,80.19,7346.25,7576.63,36.70,38.11
2.46113,1,0.1151,0.136,0.106,5.403,5.608,0.9886,0.00895,269.46,55.11,0.57575548,0.7312094596,2.35,9.903142e-09,7.4148e-09,1.033478e-08,7.781607e-09,78.07,79.86,7376.89,7545.24,36.89,37.91
2.46137,1,0.1151,0.136,0.106,5.403,5.608,0.9886,0.00895,269.46,55.11,0.5757545199999999,0.7312082403999999,2.35,9.919733e-09,7.417611e-09,1.03563e-08,7.794097e-09,77.67,79.70,7339.05,7530.72,36.66,37.83
2.46163,1,0.1151,0.136,0.106,5.403,5.608,0.9886,0.00895,269.46,55.11,0.5757534799999999,0.7312069196,2.35,9.921039e-09,7.424755e-09,1.037746e-08,7.812411e-09,77.93,79.80,7363.30,7540.04,36.80,37.88
2.46188,1,0.1151,0.136,0.106,5.403,5.608,0.9886,0.00895,269.46,55.11,0.57575248,0.7312056496,2.35,9.929174e-09,7.430702e-09,1.038957e-08,7.831384e-09,77.92,80.21,7362.74,7578.63,36.80,38.12
2.46212,1,0.1152,0.136,0.106,5.403,5.608,0.9886,0.00895,269.46,55.11,0.57575152,0.7312044303999999,2.35,9.936487e-09,7.438093e-09,1.040522e-08,7.845399e-09,78.07,80.37,7376.69,7593.93,36.89,38.21
2.46238,1,0.1152,0.136,0.106,5.403,5.608,0.9886,0.00895,269.46,55.11,0.57575048,0.7312031095999999,2.35,9.945358e-09,7.436455e-09,1.042472e-08,7.860238e-09,77.73,80.38,7344.17,7594.46,36.69,38.21
2.46263,1,0.1152,0.136,0.106,5.430,5.608,0.9886,0.00895,269.46,55.11,0.5757494799999999,0.7312018396,2.35,9.945112e-09,7.441515e-09,1.045558e-08,7.880202e-09,77.95,80.24,7364.75,7581.54,36.81,38.13
2.46287,1,0.1152,0.136,0.106,5.430,5.608,0.9886,0.00895,269.46,55.11,0.57574852,0.7312006204,2.35,9.948534e-09,7.442248e-09,1.047867e-08,7.921672e-09,77.87,81.24,7357.57,7676.22,36.77,38.71
2.46312,1,0.1152,0.136,0.106,5.430,5.608,0.9886,0.00895,269.46,55.11,0.57574752,0.7311993504,2.35,9.948883e-09,7.441011e-09,1.049878e-08,7.932646e-09,77.81,81.07,7351.70,7659.49,36.73,38.61
2.46338,1,0.1153,0.136,0.106,5.430,5.608,0.9886,0.00895,269.46,55.11,0.57574648,0.7311980295999999,2.35,9.944602e-09,7.437972e-09,1.051394e-08,7.95846e-09,77.88,81.74,7358.71,7723.14,36.78,39.00
2.46362,1,0.1153,0.136,0.106,5.430,5.608,0.9886,0.00895,269.46,55.11,0.57574552,0.7311968104000001,2.35,9.947597e-09,7.437018e-09,1.053538e-08,7.970899e-09,77.75,81.58,7346.19,7708.06,36.70,38.91
2.46387,1,0.1153,0.136,0.106,5.430,5.608,0.9886,0.00895,269.46,55.11,0.57574452,0.7311955404,2.35,9.938974e-09,7.432964e-09,1.055905e-08,7.996432e-09,77.85,81.90,7355.57,7738.37,36.76,39.09
2.46413,1,0.1153,0.136,0.106,5.430,5.608,0.9886,0.00895,269.46,55.11,0.57574348,0.7311942196,2.35,9.934603e-09,7.424018e-09,1.058156e-08,8.023425e-09,77.61,82.32,7333.33,7778.10,36.62,39.33
2.46437,1,0.1154,0.136,0.106,5.429,5.608,0.9886,0.00895,269.46,55.11,0.5757425199999999,0.7311930003999999,2.35,9.927764e-09,7.419969e-09,1.060566e-08,8.056369e-09,77.72,83.02,7343.84,7843.92,36.69,39.73
2.46462,1,0.1154,0.136,0.106,5.429,5.608,0.9886,0.00895,269.46,55.11,0.57574152,0.7311917304000001,2.35,9.919267e-09,7.416944e-09,1.063067e-08,8.064577e-09,77.86,82.56,7356.90,7800.50,36.77,39.47
2.46488,1,0.1154,0.136,0.106,5.429,5.608,0.9886,0.00895,269.46,55.11,0.57574048,0.7311904096,2.35,9.91138e-09,7.411099e-09,1.06475e-08,8.092647e-09,77.87,83.21,7357.11,7862.09,36.77,39.84
2.46513,1,0.1154,0.136,0.106,5.429,5.608,0.9886,0.00895,269.46,55.11,0.57573948,0.7311891396,2.35,9.896644e-09,7.402642e-09,1.067173e-08,8.110466e-09,77.97,83.18,7367.21,7859.68,36.83,39.83
2.46537,1,0.1154,0.136,0.106,5.429,5.608,0.9886,0.00895,269.46,55.11,0.5757385199999999,0.7311879203999999,2.35,9.885824e-09,7.385531e-09,1.069353e-08,8.128095e-09,77.60,83.23,7331.69,7863.96,36.61,39.85
2.46563,1,0.1155,0.136,0.105,5.429,5.608,0.9886,0.00895,269.46,55.11,0.5757374799999999,0.7311865995999999,2.35,9.878844e-09,7.379175e-09,1.07238e-08,8.160138e-09,77.62,83.69,7333.83,7907.56,36.63,40.12
2.46588,1,0.1155,0.136,0.105,5.429,5.608,0.9886,0.00895,269.46,55.11,0.57573648,0.7311853296,2.35,9.858701e-09,7.376125e-09,1.074e-08,8.181498e-09,78.12,84.08,7381.27,7944.25,36.91,40.34
2.46612,1,0.1155,0.136,0.105,5.429,5.608,0.9886,0.00895,269.46,55.11,0.57573552,0.7311841104,2.35,9.84583e-09,7.355908e-09,1.076342e-08,8.200829e-09,77.68,84.14,7339.33,7950.31,36.66,40.38
2.46638,1,0.1155,0.136,0.105,5.429,5.608,0.9886,0.00895,269.46,55.11,0.5757344799999999,0.7311827895999999,2.35,9.843603e-09,7.360684e-09,1.080639e-08,8.240638e-09,77.95,84.45,7364.81,7979.06,36.81,40.56
2.46663,1,0.1156,0.136,0.105,5.429,5.608,0.9886,0.00895,269.46,55.11,0.5757334799999999,0.7311815195999999,2.35,9.825404e-09,7.338186e-09,1.081753e-08,8.245442e-09,77.64,84.36,7335.94,7970.93,36.64,40.51
2.46687,1,0.1156,0.135,0.105,5.429,5.608,0.9886,0.00895,269.46,55.11,0.57573252,0.7311803003999999,2.35,9.813634e-09,7.331106e-09,1.083351e-08,8.269635e-09,77.71,84.88,7342.43,8019.62,36.68,40.80
2.46712,1,0.1156,0.135,0.105,5.429,5.608,0.9886,0.00895,269.46,55.11,0.5757315199999999,0.7311790304,2.35,9.806087e-09,7.319268e-09,1.085975e-08,8.295083e-09,77.45,85.11,7317.93,8041.82,36.53,40.94
2.46738,1,0.1156,0.135,0.105,5.429,5.608,0.9886,0.00895,269.46,55.11,0.5757304799999999,0.7311777096,2.35,9.794094e-09,7.301512e-09,1.088412e-08,8.311336e-09,77.08,85.01,7283.29,8032.15,36.32,40.88
2.46762,1,0.1156,0.135,0.105,5.429,5.608,0.9886,0.00895,269.46,55.11,0.57572952,0.7311764904,2.35,9.779176e-09,7.295065e-09,1.090489e-08,8.331925e-09,77.28,85.21,7301.68,8051.49,36.43,41.00
2.46787,1,0.1157,0.135,0.105,5.429,5.608,0.9886,0.00895,269.46,55.11,0.57572852,0.7311752203999999,2.35,9.758769e-09,7.28399e-09,1.092521e-08,8.347169e-09,77.52,85.28,7324.41,8057.29,36.57,41.03
2.46813,1,0.1157,0.135,0.105,5.429,5.608,0.9886,0.00895,269.46,55.11,0.57572748,0.7311738996,2.35,9.747041e-09,7.272896e-09,1.095503e-08,8.366476e-09,77.42,85.13,7315.13,8043.13,36.51,40.95
2.46837,1,0.1157,0.135,0.105,5.429,5.608,0.9886,0.00895,269.46,55.11,0.5757265199999999,0.7311726803999999,2.35,9.735396e-09,7.258981e-09,1.097682e-08,8.383428e-09,77.20,85.14,7294.44,8044.39,36.38,40.95
2.46862,1,0.1157,0.135,0.105,5.429,5.608,0.9886,0.00895,269.46,55.11,0.57572552,0.7311714104,2.35,9.731102e-09,7.247629e-09,1.099302e-08,8.390812e-09,76.86,84.93,7262.33,8024.20,36.19,40.83
2.46888,1,0.1158,0.135,0.105,5.429,5.608,0.9886,0.00895,269.46,55.11,0.57572448,0.7311700896,2.35,9.709423e-09,7.237036e-09,1.100437e-08,8.410963e-09,77.16,85.49,7290.52,8077.73,36.36,41.16
2.46913,1,0.1158,0.135,0.105,5.429,5.608,0.9886,0.00895,269.46,55.11,0.57572348,0.7311688195999999,2.35,9.707843e-09,7.222396e-09,1.101656e-08,8.410642e-09,76.60,85.08,7237.54,8038.64,36.04,40.92
2.46937,1,0.1158,0.135,0.105,5.429,5.608,0.9886,0.00895,269.46,55.11,0.5757225199999999,0.7311676003999998,2.35,9.693236e-09,7.20965e-09,1.103159e-08,8.42073e-09,76.52,85.02,7230.18,8033.05,35.99,40.88
2.46963,1,0.1158,0.135,0.105,5.429,5.608,0.9886,0.00895,269.46,55.11,0.57572148,0.7311662796,2.35,9.687576e-09,7.198846e-09,1.104702e-08,8.432571e-09,76.25,85.02,7204.43,8033.30,35.84,40.89
2.46988,1,0.1158,0.135,0.105,5.429,5.608,0.9886,0.00895,269.46,55.11,0.57572048,0.7311650096,2.35,9.669537e-09,7.190298e-09,1.106255e-08,8.437382e-09,76.45,84.72,7223.42,8005.07,35.95,40.71
2.47012,1,0.1159,0.135,0.105,5.429,5.608,0.9886,0.00895,269.46,55.11,0.5757195199999999,0.7311637903999999,2.35,9.65589e-09,7.178397e-09,1.106954e-08,8.436567e-09,76.44,84.54,7222.77,7987.45,35.95,40.61
2.47038,1,0.1159,0.135,0.105,5.429,5.608,0.9886,0.00895,269.46,55.11,0.5757184799999999,0.7311624695999999,2.35,9.642329e-09,7.168877e-09,1.108614e-08,8.436599e-09,76.47,84.01,7224.98,7937.53,35.96,40.30
2.47063,1,0.1159,0.135,0.105,5.429,5.608,0.9886,0.00895,269.46,55.11,0.57571748,0.7311611996,2.35,9.63746e-09,7.155118e-09,1.107542e-08,8.430467e-09,76.05,84.09,7185.29,7945.52,35.72,40.35
2.47087,1,0.1159,0.135,0.105,5.429,5.608,0.9886,0.00895,269.46,55.11,0.57571652,0.7311599804,2.35,9.620743e-09,7.138218e-09,1.108207e-08,8.418669e-09,75.86,83.39,7167.79,7879.45,35.61,39.95
2.47112,1,0.1160,0.135,0.105,5.429,5.608,0.9886,0.00895,269.46,55.11,0.5757155199999999,0.7311587103999999,2.35,9.610951e-09,7.125021e-09,1.108297e-08,8.409912e-09,75.68,83.08,7150.89,7849.57,35.51,39.77
2.47138,1,0.1160,0.135,0.105,5.429,5.608,0.9886,0.00895,269.47,55.11,0.5757144799999999,0.7311573895999999,2.35,9.597932e-09,7.107593e-09,1.108755e-08,8.397052e-09,75.36,82.41,7120.77,7786.77,35.33,39.38
2.47162,1,0.1160,0.135,0.105,5.429,5.608,0.9886,0.00895,269.47,55.11,0.57571352,0.7311561704,2.35,9.56944e-09,7.09574e-09,1.107227e-08,8.387071e-09,75.74,82.48,7156.71,7792.86,35.54,39.42
2.47187,1,0.1160,0.135,0.105,5.429,5.608,0.9886,0.00896,269.47,55.11,0.57571252,0.7311549004,2.35,9.55592e-09,7.077431e-09,1.107118e-08,8.37179e-09,75.40,81.89,7124.45,7737.77,35.35,39.08
2.47213,1,0.1160,0.135,0.105,5.429,5.608,0.9886,0.00896,269.47,55.11,0.5757114799999999,0.7311535795999999,2.35,9.539333e-09,7.068119e-09,1.106668e-08,8.363072e-09,75.53,81.68,7136.03,7717.65,35.42,38.96
2.47237,1,0.1161,0.135,0.105,5.428,5.608,0.9886,0.00896,269.47,55.11,0.57571052,0.7311523604,2.35,9.531751e-09,7.057551e-09,1.10535e-08,8.336387e-09,75.39,81.09,7122.89,7661.38,35.34,38.62
2.47262,1,0.1161,0.135,0.105,5.428,5.608,0.9886,0.00896,269.47,55.11,0.57570952,0.7311510903999999,2.35,9.508738e-09,7.034329e-09,1.104154e-08,8.316133e-09,75.13,80.64,7098.85,7619.51,35.19,38.36
2.47288,1,0.1161,0.135,0.105,5.428,5.608,0.9886,0.00896,269.47,55.11,0.57570848,0.7311497696,2.35,9.495375e-09,7.018262e-09,1.102571e-08,8.288587e-09,74.88,80.03,7074.90,7561.76,35.05,38.01
2.47313,1,0.1161,0.135,0.105,5.428,5.608,0.9886,0.00896,269.47,55.11,0.5757074799999999,0.7311484996,2.35,9.477302e-09,7.000891e-09,1.100629e-08,8.259479e-09,74.71,79.47,7059.39,7508.63,34.95,37.69
2.47337,1,0.1162,0.135,0.105,5.428,5.608,0.9886,0.00896,269.47,55.11,0.57570652,0.7311472804,2.35,9.45556e-09,6.982025e-09,1.098058e-08,8.231341e-09,74.66,79.20,7054.62,7482.87,34.92,37.53
2.47363,1,0.1162,0.135,0.105,5.428,5.608,0.9886,0.00896,269.47,55.11,0.57570548,0.7311459596,2.35,9.434075e-09,6.960849e-09,1.095974e-08,8.199671e-09,74.45,78.58,7034.10,7424.83,34.80,37.18
2.47388,1,0.1162,0.134,0.105,5.428,5.608,0.9886,0.00896,269.47,55.11,0.57570448,0.7311446896,2.35,9.409271e-09,6.937257e-09,1.091769e-08,8.165132e-09,74.23,78.46,7013.43,7413.45,34.67,37.11
2.47412,1,0.1162,0.134,0.105,5.428,5.608,0.9886,0.00896,269.47,55.11,0.5757035199999999,0.7311434703999999,2.35,9.385884e-09,6.923569e-09,1.089435e-08,8.137793e-09,74.37,78.09,7027.17,7377.91,34.75,36.89
2.47438,1,0.1162,0.134,0.105,5.428,5.608,0.9886,0.00896,269.47,55.11,0.5757024799999999,0.7311421495999999,2.35,9.355444e-09,6.898783e-09,1.085333e-08,8.102029e-09,74.28,77.89,7018.13,7359.52,34.70,36.78
2.47463,1,0.1163,0.134,0.104,5.428,5.608,0.9886,0.00896,269.47,55.11,0.57570148,0.7311408796,2.35,9.331004e-09,6.877013e-09,1.082254e-08,8.067196e-09,74.19,77.51,7009.88,7323.69,34.65,36.56
2.47487,1,0.1163,0.134,0.104,5.428,5.608,0.9886,0.00896,269.47,55.11,0.5757005199999999,0.7311396603999999,2.35,9.296286e-09,6.848165e-09,1.077979e-08,8.030288e-09,74.06,77.32,6997.21,7305.68,34.57,36.45
2.47512,1,0.1163,0.134,0.104,5.428,5.608,0.9886,0.00896,269.47,55.11,0.5756995199999999,0.7311383904,2.35,9.261592e-09,6.822961e-09,1.072691e-08,7.990111e-09,74.07,77.29,6998.58,7302.87,34.58,36.43
2.47538,1,0.1163,0.134,0.104,5.428,5.608,0.9886,0.00896,269.47,55.11,0.57569848,0.7311370696,2.35,9.228297e-09,6.795514e-09,1.067699e-08,7.949185e-09,73.95,77.15,6987.19,7289.42,34.51,36.35
2.47562,1,0.1163,0.134,0.104,5.428,5.608,0.9886,0.00896,269.47,55.11,0.57569752,0.7311358504,2.35,9.198467e-09,6.769721e-09,1.062475e-08,7.910716e-09,73.79,77.17,6972.24,7290.95,34.42,36.36
2.47587,1,0.1164,0.134,0.104,5.428,5.608,0.9886,0.00896,269.47,55.11,0.5756965199999999,0.7311345803999999,2.35,9.167565e-09,6.745098e-09,1.057656e-08,7.87381e-09,73.78,77.19,6970.87,7293.49,34.41,36.38
2.47613,1,0.1164,0.134,0.104,5.428,5.608,0.9886,0.00896,269.47,55.11,0.5756954799999999,0.7311332595999999,2.35,9.129979e-09,6.715367e-09,1.052337e-08,7.831168e-09,73.69,77.07,6962.72,7282.41,34.36,36.31
2.47637,1,0.1164,0.134,0.104,5.428,5.608,0.9886,0.00896,269.47,55.11,0.57569452,0.7311320404,2.35,9.091431e-09,6.689185e-09,1.046288e-08,7.78189e-09,73.78,76.91,6971.27,7266.85,34.41,36.21
2.47662,1,0.1164,0.134,0.104,5.428,5.608,0.9886,0.00896,269.47,55.11,0.57569352,0.7311307704,2.35,9.052684e-09,6.654943e-09,1.041314e-08,7.73178e-09,73.54,76.40,6948.62,7219.06,34.28,35.92
2.47688,1,0.1165,0.134,0.104,5.428,5.608,0.9886,0.00896,269.47,55.11,0.57569248,0.7311294495999999,2.35,9.01497e-09,6.624038e-09,1.035074e-08,7.696923e-09,73.47,76.92,6942.00,7267.33,34.24,36.22
2.47713,1,0.1165,0.134,0.104,5.428,5.608,0.9886,0.00896,269.47,55.11,0.5756914799999999,0.7311281795999999,2.35,8.962847e-09,6.586803e-09,1.028886e-08,7.649904e-09,73.52,76.88,6946.23,7263.61,34.26,36.19
2.47737,1,0.1165,0.134,0.104,5.428,5.608,0.9886,0.00896,269.47,55.11,0.57569052,0.7311269604,2.35,8.918539e-09,6.560923e-09,1.023847e-08,7.603638e-09,73.80,76.53,6973.02,7230.98,34.42,36.00
2.47763,1,0.1165,0.134,0.104,5.428,5.608,0.9886,0.00896,269.47,55.11,0.57568948,0.7311256396,2.35,8.871647e-09,6.519172e-09,1.017415e-08,7.568804e-09,73.49,77.04,6943.78,7279.32,34.25,36.29
2.47788,1,0.1166,0.134,0.104,5.428,5.608,0.9886,0.00896,269.47,55.11,0.57568848,0.7311243695999999,2.35,8.82753e-09,6.486076e-09,1.012386e-08,7.530116e-09,73.52,77.06,6947.00,7280.74,34.27,36.30
2.47812,1,0.1166,0.134,0.104,5.428,5.608,0.9886,0.00896,269.47,55.11,0.57568752,0.7311231504,2.35,8.778727e-09,6.450488e-09,1.006082e-08,7.49591e-09,73.54,77.57,6948.10,7329.14,34.27,36.59
2.47838,1,0.1166,0.134,0.104,5.428,5.608,0.9886,0.00896,269.47,55.11,0.57568648,0.7311218296,2.35,8.738978e-09,6.418821e-09,1.001246e-08,7.457246e-09,73.43,77.46,6938.07,7319.01,34.21,36.53
2.47863,1,0.1166,0.134,0.104,5.428,5.608,0.9886,0.00896,269.47,55.11,0.57568548,0.7311205596,2.35,8.692899e-09,6.383078e-09,9.96301e-09,7.425772e-09,73.35,77.68,6930.31,7339.75,34.16,36.66
2.47887,1,0.1166,0.134,0.104,5.428,5.608,0.9886,0.00896,269.47,55.11,0.5756845199999999,0.7311193403999999,2.35,8.63766e-09,6.341714e-09,9.905034e-09,7.392136e-09,73.31,78.08,6927.01,7377.28,34.14,36.89
2.47912,1,0.1167,0.134,0.104,5.428,5.608,0.9886,0.00896,269.47,55.11,0.57568352,0.7311180704,2.35,8.588076e-09,6.305025e-09,9.857337e-09,7.358909e-09,73.36,78.25,6931.77,7392.98,34.17,36.98
2.47938,1,0.1167,0.134,0.104,5.428,5.608,0.9886,0.00896,269.47,55.11,0.57568248,0.7311167496000001,2.35,8.544397e-09,6.270162e-09,9.823765e-09,7.330268e-09,73.24,78.09,6920.16,7378.77,34.10,36.90
2.47962,1,0.1167,0.134,0.104,5.428,5.608,0.9886,0.00896,269.47,55.11,0.57568152,0.7311155304,2.35,8.491826e-09,6.230824e-09,9.767033e-09,7.299788e-09,73.21,78.60,6916.99,7426.27,34.08,37.19
2.47987,1,0.1167,0.134,0.104,5.428,5.608,0.9886,0.00896,269.47,55.11,0.5756805199999999,0.7311142603999999,2.35,8.4462e-09,6.196325e-09,9.725718e-09,7.269935e-09,73.16,78.64,6912.72,7430.42,34.06,37.21
2.48013,1,0.1168,0.134,0.104,5.427,5.608,0.9886,0.00896,269.47,55.11,0.5756794799999999,0.7311129395999999,2.35,8.388332e-09,6.158508e-09,9.676334e-09,7.240462e-09,73.43,79.03,6938.24,7467.17,34.21,37.43
2.48037,1,0.1168,0.134,0.104,5.427,5.608,0.9886,0.00896,269.47,55.11,0.57567852,0.7311117203999999,2.35,8.341767e-09,6.118637e-09,9.639693e-09,7.206074e-09,73.18,78.73,6914.08,7438.59,34.06,37.26
2.48062,1,0.1168,0.133,0.104,5.427,5.608,0.9886,0.00896,269.47,55.11,0.5756775199999999,0.7311104503999999,2.35,8.295041e-09,6.086767e-09,9.593632e-09,7.172101e-09,73.28,78.74,6924.08,7440.20,34.12,37.27
2.48088,1,0.1168,0.133,0.104,5.427,5.608,0.9886,0.00896,269.47,55.11,0.5756764799999999,0.7311091296,2.35,8.235305e-09,6.047102e-09,9.547446e-09,7.137846e-09,73.47,78.76,6942.05,7441.33,34.23,37.28
2.48113,1,0.1168,0.133,0.104,5.427,5.608,0.9886,0.00896,269.47,55.11,0.5756754799999999,0.7311078595999999,2.35,8.19204e-09,6.012413e-09,9.511938e-09,7.103953e-09,73.34,78.44,6929.39,7410.96,34.16,37.09
2.48137,1,0.1169,0.133,0.104,5.427,5.608,0.9886,0.00896,269.47,55.11,0.57567452,0.7311066404,2.35,8.144308e-09,5.974468e-09,9.465064e-09,7.069743e-09,73.27,78.54,6922.63,7420.60,34.12,37.15
2.48163,1,0.1169,0.133,0.104,5.427,5.608,0.9886,0.00896,269.47,55.11,0.57567348,0.7311053195999999,2.35,8.097758e-09,5.940592e-09,9.423037e-09,7.022083e-09,73.28,77.82,6923.82,7353.29,34.12,36.74
2.48188,1,0.1169,0.133,0.104,5.427,5.608,0.9886,0.00896,269.47,55.11,0.5756724799999999,0.7311040496,2.35,8.043644e-09,5.909517e-09,9.37963e-09,6.984528e-09,73.68,77.60,6961.95,7331.83,34.36,36.61
2.48212,1,0.1169,0.133,0.104,5.427,5.608,0.9886,0.00896,269.47,55.11,0.57567152,0.7311028304,2.35,8.001702e-09,5.871797e-09,9.330593e-09,6.944792e-09,73.36,77.46,6931.23,7318.54,34.17,36.53
2.48238,1,0.1170,0.133,0.104,5.427,5.608,0.9886,0.00896,269.47,55.11,0.57567048,0.7311015096,2.35,7.948988e-09,5.837898e-09,9.277389e-09,6.902539e-09,73.65,77.41,6958.57,7313.80,34.33,36.50
2.48263,1,0.1170,0.133,0.104,5.427,5.608,0.9886,0.00896,269.47,55.11,0.57566948,0.7311002395999999,2.35,7.909503e-09,5.804414e-09,9.232219e-09,6.854649e-09,73.43,76.78,6938.38,7254.75,34.21,36.14
2.48287,1,0.1170,0.133,0.104,5.427,5.608,0.9886,0.00896,269.47,55.11,0.5756685199999999,0.7310990203999999,2.35,7.864441e-09,5.775145e-09,9.177704e-09,6.814278e-09,73.62,76.79,6955.58,7255.18,34.32,36.14
2.48312,1,0.1170,0.133,0.104,5.427,5.608,0.9886,0.00896,269.47,55.11,0.57566752,0.7310977504,2.35,7.82465e-09,5.745778e-09,9.120571e-09,6.773771e-09,73.61,76.87,6954.91,7263.15,34.31,36.19
2.48338,1,0.1170,0.133,0.104,5.427,5.608,0.9886,0.00896,269.47,55.11,0.57566648,0.7310964296,2.35,7.78172e-09,5.713379e-09,9.077709e-09,6.732982e-09,73.57,76.48,6950.90,7225.79,34.29,35.96
2.48362,1,0.1171,0.133,0.104,5.427,5.608,0.9886,0.00896,269.47,55.11,0.5756655199999999,0.7310952103999999,2.35,7.735063e-09,5.680653e-09,9.021682e-09,6.692186e-09,73.70,76.57,6963.89,7235.14,34.37,36.02
2.48387,1,0.1171,0.133,0.103,5.427,5.608,0.9886,0.00896,269.47,55.11,0.57566452,0.7310939404,2.35,7.691876e-09,5.647745e-09,8.97567e-09,6.651958e-09,73.65,76.31,6958.63,7209.82,34.34,35.87
2.48413,1,0.1171,0.133,0.103,5.427,5.608,0.9886,0.00896,269.47,55.11,0.57566348,0.7310926196,2.35,7.648476e-09,5.622191e-09,8.922841e-09,6.622511e-09,73.96,76.74,6988.15,7250.86,34.52,36.12
2.48438,1,0.1171,0.133,0.103,5.427,5.608,0.9886,0.00896,269.47,55.11,0.57566248,0.7310913496,2.35,7.610116e-09,5.590919e-09,8.869542e-09,6.5873e-09,73.81,76.94,6973.68,7269.47,34.43,36.23
2.48462,1,0.1171,0.133,0.103,5.427,5.608,0.9886,0.00896,269.47,55.11,0.5756615199999999,0.7310901303999999,2.35,7.57055e-09,5.573686e-09,8.815066e-09,6.584577e-09,74.40,78.69,7029.93,7435.07,34.77,37.24
2.48488,1,0.1172,0.133,0.103,5.427,5.608,0.9886,0.00896,269.47,55.11,0.5756604799999999,0.7310888095999999,2.35,7.534942e-09,5.53972e-09,8.77215e-09,6.552583e-09,74.07,78.76,6998.81,7441.69,34.58,37.28
2.48513,1,0.1172,0.133,0.103,5.427,5.608,0.9886,0.00896,269.47,55.11,0.57565948,0.7310875396000001,2.35,7.502752e-09,5.521788e-09,8.714791e-09,6.542165e-09,74.36,80.33,7026.36,7590.39,34.75,38.18
2.48537,1,0.1172,0.133,0.103,5.427,5.608,0.9886,0.00896,269.47,55.11,0.57565852,0.7310863204,2.35,7.461524e-09,5.493562e-09,8.664832e-09,6.512146e-09,74.47,80.71,7036.63,7625.55,34.81,38.40
2.48563,1,0.1172,0.133,0.103,5.427,5.608,0.9886,0.00896,269.47,55.11,0.5756574799999999,0.7310849996,2.35,7.426003e-09,5.466519e-09,8.606883e-09,6.479183e-09,74.43,81.24,7032.29,7676.04,34.78,38.71
2.48588,1,0.1173,0.133,0.103,5.427,5.608,0.9886,0.00896,269.47,55.11,0.5756564799999999,0.7310837295999999,2.35,7.390414e-09,5.440028e-09,8.558423e-09,6.440839e-09,74.48,81.22,7036.85,7673.60,34.81,38.69
2.48612,1,0.1173,0.133,0.103,5.427,5.608,0.9886,0.00896,269.47,55.11,0.57565552,0.7310825103999999,2.35,7.353337e-09,5.418138e-09,8.510396e-09,6.435704e-09,74.76,82.83,7063.53,7826.00,34.97,39.62
2.48637,1,0.1173,0.133,0.103,5.427,5.608,0.9886,0.00896,269.47,55.11,0.57565452,0.7310812404,2.35,7.324142e-09,5.396736e-09,8.454868e-09,6.39545e-09,74.76,82.92,7064.08,7834.73,34.98,39.67
2.48663,1,0.1173,0.133,0.103,5.427,5.608,0.9886,0.00896,269.47,55.11,0.5756534799999999,0.7310799196,2.35,7.290943e-09,5.367739e-09,8.415367e-09,6.335071e-09,74.52,81.31,7041.47,7682.88,34.84,38.75
2.48687,1,0.1173,0.133,0.103,5.427,5.608,0.9886,0.00896,269.47,55.11,0.57565252,0.7310787004,2.35,7.259941e-09,5.346101e-09,8.359318e-09,6.320922e-09,74.59,82.80,7047.40,7823.29,34.88,39.60
2.48712,1,0.1174,0.133,0.103,5.426,5.608,0.9886,0.00896,269.47,55.11,0.57565152,0.7310774304,2.35,7.223055e-09,5.322639e-09,8.31001e-09,6.283568e-09,74.85,82.87,7072.05,7829.60,35.03,39.64
2.48738,1,0.1174,0.133,0.103,5.426,5.608,0.9886,0.00896,269.47,55.11,0.57565048,0.7310761095999999,2.35,7.19394e-09,5.298058e-09,8.261256e-09,6.228929e-09,74.68,81.91,7056.23,7739.04,34.93,39.09
2.48762,1,0.1174,0.132,0.103,5.426,5.608,0.9886,0.00896,269.47,55.11,0.5756495199999999,0.7310748904,2.35,7.163043e-09,5.2755e-09,8.207526e-09,6.201396e-09,74.69,82.61,7056.96,7805.15,34.93,39.49
2.48787,1,0.1174,0.132,0.103,5.426,5.608,0.9886,0.00896,269.47,55.11,0.57564852,0.7310736204,2.35,7.125748e-09,5.252153e-09,8.160253e-09,6.170918e-09,74.91,82.90,7078.03,7832.36,35.06,39.66
2.48813,1,0.1175,0.132,0.103,5.426,5.608,0.9886,0.00896,269.47,55.11,0.57564748,0.7310722996,2.35,7.101252e-09,5.228016e-09,8.116779e-09,6.119055e-09,74.65,81.92,7052.85,7740.50,34.91,39.10
2.48838,1,0.1175,0.132,0.103,5.426,5.608,0.9886,0.00896,269.47,55.11,0.57564648,0.7310710295999999,2.35,7.085381e-09,5.222303e-09,8.10931e-09,6.167009e-09,74.97,84.92,7083.56,8023.77,35.10,40.82
2.48862,1,0.1175,0.132,0.103,5.426,5.608,0.9886,0.00896,269.47,55.11,0.5756455199999999,0.7310698103999999,2.35,7.032996e-09,5.182236e-09,8.000741e-09,6.004657e-09,74.89,80.46,7075.99,7602.03,35.05,38.25
2.48888,1,0.1175,0.132,0.103,5.426,5.608,0.9886,0.00896,269.47,55.11,0.57564448,0.7310684896,2.35,7.005482e-09,5.158788e-09,7.948789e-09,5.951275e-09,74.72,79.69,7059.49,7529.06,34.95,37.81
2.48913,1,0.1176,0.132,0.103,5.426,5.608,0.9886,0.00896,269.47,55.11,0.57564348,0.7310672196,2.35,6.974122e-09,5.134404e-09,7.89899e-09,5.901946e-09,74.71,79.11,7058.76,7474.76,34.94,37.48
2.48937,1,0.1176,0.132,0.103,5.426,5.608,0.9886,0.00896,269.47,55.11,0.5756425199999999,0.7310660003999999,2.35,6.947142e-09,5.115407e-09,7.843022e-09,5.861537e-09,74.76,79.19,7063.29,7481.87,34.97,37.52
2.48963,1,0.1176,0.132,0.103,5.426,5.608,0.9886,0.00896,269.47,55.11,0.5756414799999999,0.7310646795999999,2.35,6.920067e-09,5.094119e-09,7.78983e-09,5.824812e-09,74.68,79.35,7056.19,7497.30,34.93,37.62
2.48988,1,0.1176,0.132,0.103,5.426,5.608,0.9886,0.00896,269.47,55.11,0.57564048,0.7310634096,2.35,6.890319e-09,5.075517e-09,7.739081e-09,5.778328e-09,74.86,78.89,7073.60,7453.64,35.03,37.35
2.49012,1,0.1176,0.132,0.103,5.426,5.608,0.9886,0.00896,269.47,55.11,0.57563952,0.7310621904,2.35,6.854069e-09,5.054761e-09,7.691175e-09,5.735857e-09,75.20,78.52,7105.33,7419.43,35.23,37.14
2.49037,1,0.1177,0.132,0.103,5.426,5.608,0.9886,0.00896,269.47,55.11,0.5756385199999999,0.7310609203999999,2.35,6.828945e-09,5.033379e-09,7.639356e-09,5.703649e-09,75.10,78.94,7096.05,7458.84,35.17,37.38
2.49063,1,0.1177,0.132,0.103,5.426,5.608,0.9886,0.00896,269.47,55.11,0.5756374799999999,0.7310595995999999,2.35,6.803023e-09,5.016673e-09,7.590697e-09,5.667074e-09,75.24,78.93,7108.98,7457.56,35.25,37.37
2.49087,1,0.1177,0.132,0.103,5.426,5.608,0.9886,0.00896,269.47,55.11,0.57563652,0.7310583804,2.35,6.772882e-09,4.993285e-09,7.538966e-09,5.632694e-09,75.17,79.16,7102.69,7479.79,35.21,37.51
2.49112,1,0.1177,0.132,0.103,5.426,5.608,0.9886,0.00896,269.47,55.11,0.57563552,0.7310571104,2.35,6.74595e-09,4.975429e-09,7.489237e-09,5.593886e-09,75.29,79.07,7113.57,7471.06,35.28,37.46
2.49138,1,0.1178,0.132,0.103,5.426,5.608,0.9886,0.00896,269.48,55.11,0.57563448,0.7310557896,2.35,6.714588e-09,4.952238e-09,7.441795e-09,5.558312e-09,75.35,79.13,7119.28,7476.66,35.31,37.49
2.49162,1,0.1178,0.132,0.103,5.426,5.608,0.9886,0.00896,269.48,55.11,0.57563352,0.7310545704,2.35,6.698298e-09,4.9359e-09,7.403453e-09,5.530985e-09,75.10,79.20,7095.60,7483.67,35.17,37.53
2.49187,1,0.1178,0.132,0.103,5.426,5.608,0.9886,0.00896,269.48,55.11,0.57563252,0.7310533003999999,2.35,6.669972e-09,4.922097e-09,7.35188e-09,5.508446e-09,75.51,80.12,7134.55,7570.56,35.40,38.06
2.49213,1,0.1178,0.132,0.103,5.426,5.608,0.9886,0.00896,269.48,55.11,0.57563148,0.7310519796,2.35,6.644157e-09,4.898049e-09,7.306014e-09,5.47098e-09,75.22,79.94,7106.87,7553.49,35.24,37.96
2.49238,1,0.1178,0.132,0.103,5.426,5.608,0.9886,0.00896,269.48,55.11,0.5756304799999999,0.7310507096,2.35,6.615313e-09,4.87623e-09,7.261246e-09,5.442785e-09,75.18,80.26,7103.80,7583.05,35.22,38.14
2.49262,1,0.1179,0.132,0.103,5.426,5.608,0.9886,0.00896,269.48,55.11,0.57562952,0.7310494904,2.35,6.590118e-09,4.860424e-09,7.217056e-09,5.40908e-09,75.41,80.29,7125.24,7586.22,35.35,38.16
2.49288,1,0.1179,0.132,0.103,5.426,5.608,0.9886,0.00896,269.48,55.11,0.57562848,0.7310481696,2.35,6.552396e-09,4.839553e-09,7.16533e-09,5.369279e-09,75.83,80.23,7164.44,7580.40,35.59,38.12
2.49313,1,0.1179,0.132,0.102,5.426,5.608,0.9886,0.00896,269.48,55.11,0.57562748,0.7310468996,2.35,6.526959e-09,4.817982e-09,7.122644e-09,5.336283e-09,75.66,80.17,7148.91,7574.96,35.49,38.09
2.49337,1,0.1179,0.132,0.102,5.426,5.608,0.9886,0.00896,269.48,55.11,0.5756265199999999,0.7310456804,2.35,6.498162e-09,4.804294e-09,7.084306e-09,5.308265e-09,76.12,80.21,7192.19,7578.97,35.76,38.11
2.49363,1,0.1180,0.132,0.102,5.426,5.608,0.9886,0.00896,269.48,55.11,0.5756254799999999,0.7310443595999999,2.35,6.471783e-09,4.785591e-09,7.0494e-09,5.281549e-09,76.23,80.25,7202.90,7582.18,35.82,38.13
2.49388,1,0.1180,0.132,0.102,5.426,5.608,0.9886,0.00896,269.48,55.11,0.57562448,0.7310430896,2.35,6.450808e-09,4.767609e-09,7.011581e-09,5.260375e-09,76.08,80.69,7188.59,7623.57,35.73,38.38
2.49412,1,0.1180,0.132,0.102,5.426,5.608,0.9886,0.00896,269.48,55.11,0.5756235199999999,0.7310418703999999,2.35,6.421931e-09,4.751763e-09,6.969816e-09,5.222771e-09,76.42,80.30,7220.60,7587.10,35.93,38.16
2.49437,1,0.1180,0.132,0.102,5.426,5.608,0.9886,0.00896,269.48,55.11,0.5756225199999999,0.7310406003999999,2.35,6.396931e-09,4.72994e-09,6.934851e-09,5.20147e-09,76.21,80.60,7201.14,7615.72,35.81,38.34
2.49463,1,0.1180,0.131,0.102,5.426,5.608,0.9886,0.00896,269.48,55.11,0.5756214799999999,0.7310392795999999,2.35,6.372943e-09,4.71048e-09,6.904354e-09,5.170946e-09,76.10,80.13,7190.77,7570.62,35.75,38.06
2.49487,1,0.1181,0.131,0.102,5.425,5.608,0.9886,0.00896,269.48,55.11,0.57562052,0.7310380604,2.35,6.349629e-09,4.691307e-09,6.866718e-09,5.141697e-09,76.05,80.13,7185.47,7570.80,35.72,38.06
2.49512,1,0.1181,0.131,0.102,5.425,5.608,0.9886,0.00896,269.48,55.11,0.5756195199999999,0.7310367903999999,2.35,6.322234e-09,4.675384e-09,6.837274e-09,5.120861e-09,76.32,80.20,7210.96,7577.94,35.87,38.11
2.49538,1,0.1181,0.131,0.102,5.425,5.608,0.9886,0.00896,269.48,55.11,0.5756184799999999,0.7310354695999999,2.35,6.299977e-09,4.655894e-09,6.815801e-09,5.10362e-09,76.13,80.13,7192.99,7571.09,35.76,38.06
2.49562,1,0.1181,0.131,0.102,5.425,5.608,0.9886,0.00896,269.48,55.11,0.57561752,0.7310342504,2.35,6.273353e-09,4.63751e-09,6.779763e-09,5.070551e-09,76.21,79.75,7200.67,7535.10,35.81,37.85
2.49587,1,0.1181,0.131,0.102,5.425,5.608,0.9886,0.00896,269.48,55.11,0.57561652,0.7310329804,2.35,6.248665e-09,4.620483e-09,6.754671e-09,5.045389e-09,76.29,79.35,7207.99,7497.40,35.85,37.62
2.49613,1,0.1182,0.131,0.102,5.425,5.608,0.9886,0.00896,269.48,55.11,0.57561548,0.7310316595999999,2.35,6.230741e-09,4.607386e-09,6.724101e-09,5.023512e-09,76.36,79.48,7215.03,7509.40,35.89,37.69
2.49638,1,0.1182,0.131,0.102,5.425,5.608,0.9886,0.00896,269.48,55.11,0.5756144799999999,0.7310303895999999,2.35,6.206271e-09,4.585096e-09,6.696445e-09,5.005847e-09,76.09,79.67,7189.78,7527.22,35.74,37.80
2.49662,1,0.1182,0.131,0.102,5.425,5.608,0.9886,0.00896,269.48,55.11,0.57561352,0.7310291704,2.35,6.189516e-09,4.570829e-09,6.674006e-09,4.985294e-09,75.97,79.43,7178.43,7504.68,35.67,37.66
2.49688,1,0.1182,0.131,0.102,5.425,5.608,0.9886,0.00896,269.48,55.11,0.57561248,0.7310278496,2.35,6.160781e-09,4.555763e-09,6.654567e-09,4.969088e-09,76.37,79.32,7215.70,7494.64,35.90,37.60
2.49713,1,0.1183,0.131,0.102,5.425,5.608,0.9886,0.00896,269.48,55.11,0.57561148,0.7310265796,2.35,6.143664e-09,4.534726e-09,6.623714e-09,4.953795e-09,75.89,79.88,7170.93,7547.56,35.63,37.92
2.49737,1,0.1183,0.131,0.102,5.425,5.608,0.9886,0.00896,269.48,55.11,0.5756105199999999,0.7310253603999999,2.35,6.120757e-09,4.525376e-09,6.601356e-09,4.938163e-09,76.38,79.95,7216.96,7554.17,35.91,37.96
2.49763,1,0.1183,0.131,0.102,5.425,5.608,0.9886,0.00896,269.48,55.11,0.57560948,0.7310240396000001,2.35,6.10099e-09,4.504583e-09,6.581598e-09,4.921187e-09,75.98,79.81,7179.18,7540.82,35.68,37.88
2.49788,1,0.1183,0.131,0.102,5.425,5.608,0.9886,0.00896,269.48,55.11,0.57560848,0.7310227696,2.35,6.079337e-09,4.486821e-09,6.563214e-09,4.909279e-09,75.87,79.93,7168.35,7552.02,35.61,37.95
2.49812,1,0.1183,0.131,0.102,5.425,5.608,0.9886,0.00896,269.48,55.11,0.5756075199999999,0.7310215503999999,2.35,6.058062e-09,4.475685e-09,6.540076e-09,4.900346e-09,76.16,80.47,7196.37,7603.59,35.78,38.26
2.49837,1,0.1184,0.131,0.102,5.425,5.608,0.9886,0.00896,269.48,55.11,0.57560652,0.7310202804,2.35,6.042673e-09,4.460279e-09,6.52446e-09,4.888276e-09,75.97,80.52,7177.58,7607.71,35.67,38.29
2.49863,1,0.1184,0.131,0.102,5.425,5.608,0.9886,0.00896,269.48,55.11,0.57560548,0.7310189596,2.35,6.027999e-09,4.444571e-09,6.504062e-09,4.876473e-09,75.65,80.75,7147.63,7629.42,35.48,38.42
2.49887,1,0.1184,0.131,0.102,5.425,5.608,0.9886,0.00896,269.48,55.11,0.57560452,0.7310177404,2.35,6.005797e-09,4.427863e-09,6.487357e-09,4.860583e-09,75.63,80.52,7145.55,7608.37,35.47,38.29
2.49912,1,0.1184,0.131,0.102,5.425,5.608,0.9886,0.00896,269.48,55.11,0.5756035199999999,0.7310164704,2.35,5.990164e-09,4.417697e-09,6.475038e-09,4.852184e-09,75.72,80.58,7153.93,7613.57,35.52,38.32
2.49938,1,0.1185,0.131,0.102,5.425,5.608,0.9886,0.00896,269.48,55.11,0.5756024799999999,0.7310151495999999,2.35,5.973123e-09,4.401932e-09,6.455252e-09,4.845026e-09,75.57,81.16,7140.21,7668.42,35.44,38.66
2.49962,1,0.1185,0.131,0.102,5.425,5.608,0.9886,0.00896,269.48,55.11,0.57560152,0.7310139304,2.35,5.956849e-09,4.385861e-09,6.443933e-09,4.841045e-09,75.30,81.46,7115.06,7697.20,35.28,38.83
2.49987,1,0.1185,0.131,0.102,5.425,5.608,0.9886,0.00896,269.48,55.11,0.57560052,0.7310126603999999,2.35,5.934758e-09,4.378884e-09,6.431773e-09,4.832298e-09,75.91,81.49,7172.75,7699.69,35.64,38.85
2.50013,1,0.1185,0.131,0.102,5.425,5.608,0.9886,0.00896,269.48,55.11,0.5755994799999999,0.7310113396,2.35,5.925725e-09,4.363617e-09,6.413599e-09,4.822395e-09,75.35,81.75,7119.22,7723.85,35.31,38.99
2.50038,1,0.1186,0.131,0.102,5.425,5.608,0.9886,0.00896,269.48,55.11,0.5755984799999999,0.7310100695999999,2.35,5.910358e-09,4.353446e-09,6.402047e-09,4.822234e-09,75.49,82.40,7132.34,7785.84,35.39,39.37
2.50062,1,0.1186,0.131,0.102,5.425,5.608,0.9886,0.00896,269.48,55.11,0.57559752,0.7310088504,2.35,5.8929e-09,4.33752e-09,6.388464e-09,4.813018e-09,75.28,82.47,7113.24,7792.50,35.27,39.41
2.50088,1,0.1186,0.131,0.102,5.425,5.608,0.9886,0.00896,269.48,55.11,0.57559648,0.7310075295999999,2.35,5.878625e-09,4.328886e-09,6.368249e-09,4.805006e-09,75.41,82.98,7124.93,7840.26,35.34,39.70
2.50113,1,0.1186,0.131,0.102,5.425,5.608,0.9886,0.00896,269.48,55.11,0.5755954799999999,0.7310062596,2.35,5.862231e-09,4.313672e-09,6.359886e-09,4.794986e-09,75.20,82.72,7105.30,7815.62,35.22,39.55
2.50137,1,0.1186,0.131,0.102,5.425,5.608,0.9886,0.00896,269.48,55.11,0.57559452,0.7310050404,2.35,5.853952e-09,4.303996e-09,6.339701e-09,4.794041e-09,74.96,83.73,7082.97,7911.35,35.09,40.14
2.50163,1,0.1187,0.130,0.102,5.425,5.608,0.9886,0.00896,269.48,55.11,0.57559348,0.7310037196,2.35,5.840142e-09,4.294952e-09,6.327326e-09,4.785596e-09,75.10,83.86,7095.59,7923.92,35.17,40.21
2.50188,1,0.1187,0.130,0.102,5.425,5.608,0.9886,0.00896,269.48,55.11,0.57559248,0.7310024495999999,2.35,5.822067e-09,4.283397e-09,6.313667e-09,4.772302e-09,75.21,83.65,7106.49,7903.78,35.23,40.09
2.50212,1,0.1187,0.130,0.102,5.425,5.608,0.9886,0.00896,269.48,55.11,0.5755915199999999,0.7310012303999999,2.35,5.810225e-09,4.270011e-09,6.296243e-09,4.767208e-09,74.90,84.24,7077.18,7959.01,35.05,40.43
2.50237,1,0.1187,0.130,0.101,5.425,5.608,0.9886,0.00896,269.48,55.11,0.57559052,0.7309999604,2.35,5.801483e-09,4.262495e-09,6.283325e-09,4.760213e-09,74.83,84.44,7070.61,7978.53,35.01,40.55
2.50263,1,0.1187,0.130,0.101,5.425,5.608,0.9886,0.00896,269.48,55.11,0.57558948,0.7309986396,2.35,5.782126e-09,4.25879e-09,6.26384e-09,4.748361e-09,75.54,84.66,7137.05,7998.75,35.42,40.67
2.50287,1,0.1188,0.130,0.101,5.424,5.608,0.9886,0.00896,269.48,55.11,0.5755885199999999,0.7309974203999999,2.35,5.776048e-09,4.246321e-09,6.244566e-09,4.73775e-09,75.06,85.02,7092.39,8033.52,35.15,40.88
2.50312,1,0.1188,0.130,0.101,5.424,5.608,0.9886,0.00897,269.48,55.11,0.5755875199999999,0.7309961503999999,2.35,5.758019e-09,4.232299e-09,6.227626e-09,4.723293e-09,75.01,84.90,7087.54,8022.22,35.12,40.81
2.50338,1,0.1188,0.130,0.101,5.424,5.608,0.9886,0.00897,269.48,55.11,0.57558648,0.7309948296000001,2.35,5.746699e-09,4.224649e-09,6.209055e-09,4.706332e-09,75.06,84.69,7091.78,8001.98,35.14,40.69
2.50362,1,0.1188,0.130,0.101,5.424,5.608,0.9886,0.00897,269.48,55.11,0.57558552,0.7309936104,2.35,5.739662e-09,4.217727e-09,6.186569e-09,4.693304e-09,74.94,84.99,7080.70,8030.37,35.08,40.86
2.50387,1,0.1189,0.130,0.101,5.424,5.608,0.9886,0.00897,269.48,55.11,0.5755845199999999,0.7309923403999999,2.35,5.728042e-09,4.211394e-09,6.171418e-09,4.678463e-09,75.15,84.81,7100.68,8013.37,35.20,40.76
2.50413,1,0.1189,0.130,0.101,5.424,5.608,0.9886,0.00897,269.48,55.11,0.5755834799999999,0.7309910195999999,2.35,5.716768e-09,4.197781e-09,6.14595e-09,4.660025e-09,74.79,84.88,7066.83,8019.55,34.99,40.79
2.50438,1,0.1189,0.130,0.101,5.424,5.608,0.9886,0.00897,269.48,55.11,0.57558248,0.7309897496000001,2.35,5.700004e-09,4.190035e-09,6.12895e-09,4.637736e-09,75.10,84.17,7095.91,7952.89,35.17,40.39
2.50462,1,0.1189,0.130,0.101,5.424,5.608,0.9886,0.00897,269.48,55.11,0.57558152,0.7309885304,2.35,5.689583e-09,4.182036e-09,6.104026e-09,4.619682e-09,75.08,84.23,7093.75,7958.59,35.15,40.42
2.50488,1,0.1189,0.130,0.101,5.424,5.608,0.9886,0.00897,269.48,55.11,0.57558048,0.7309872096,2.35,5.683587e-09,4.175198e-09,6.086256e-09,4.601255e-09,74.91,83.86,7078.19,7923.34,35.06,40.21
2.50513,1,0.1190,0.130,0.101,5.424,5.608,0.9886,0.00897,269.48,55.11,0.5755794799999999,0.7309859395999999,2.35,5.671714e-09,4.167312e-09,6.064394e-09,4.585508e-09,75.03,83.99,7089.50,7935.54,35.13,40.28
2.50537,1,0.1190,0.130,0.101,5.424,5.608,0.9886,0.00897,269.48,55.11,0.57557852,0.7309847204,2.35,5.660414e-09,4.15858e-09,6.04426e-09,4.567965e-09,75.00,83.81,7086.74,7919.05,35.11,40.18
2.50563,1,0.1190,0.130,0.101,5.424,5.608,0.9886,0.00897,269.48,55.11,0.57557748,0.7309833996,2.35,5.652447e-09,4.152636e-09,6.023646e-09,4.54628e-09,75.00,83.35,7086.16,7875.74,35.11,39.92
2.50588,1,0.1190,0.130,0.101,5.424,5.608,0.9886,0.00897,269.48,55.11,0.57557648,0.7309821296,2.35,5.633697e-09,4.144865e-09,6.00735e-09,4.525234e-09,75.41,82.70,7125.05,7814.16,35.34,39.54
2.54413,2,0.1225,0.125,0.097,5.420,5.608,0.9886,0.00898,269.50,54.68,0.57542348,0.7307878195999999,2.33,6.315486e-09,4.519018e-09,6.086137e-09,4.440063e-09,70.14,75.21,6626.87,7105.97,32.32,35.24
2.54438,2,0.1225,0.125,0.097,5.420,5.608,0.9886,0.00898,269.50,54.68,0.57542248,0.7307865496,2.33,6.323867e-09,4.533675e-09,6.079543e-09,4.433258e-09,70.61,75.08,6671.67,7094.17,32.60,35.17
2.54462,2,0.1226,0.125,0.097,5.420,5.608,0.9886,0.00898,269.50,54.68,0.5754215199999999,0.7307853303999999,2.33,6.275044e-09,4.494606e-09,6.066042e-09,4.42534e-09,70.44,75.26,6655.84,7111.39,32.50,35.27
2.54488,2,0.1226,0.125,0.097,5.420,5.608,0.9886,0.00898,269.50,54.68,0.57542048,0.7307840096,2.33,6.254982e-09,4.478276e-09,6.061898e-09,4.422698e-09,70.33,75.29,6645.58,7113.66,32.44,35.29
2.54513,2,0.1226,0.125,0.097,5.420,5.608,0.9886,0.00898,269.50,54.68,0.57541948,0.7307827396,2.33,6.237176e-09,4.469789e-09,6.060342e-09,4.416015e-09,70.57,74.94,6667.96,7080.76,32.57,35.09
2.54537,2,0.1226,0.125,0.097,5.420,5.608,0.9886,0.00898,269.50,54.68,0.5754185199999999,0.7307815203999999,2.33,6.219436e-09,4.448234e-09,6.057706e-09,4.416086e-09,70.08,75.07,6621.51,7092.55,32.29,35.16
2.54562,2,0.1226,0.125,0.097,5.420,5.608,0.9886,0.00898,269.50,54.68,0.5754175199999999,0.7307802503999999,2.33,6.200708e-09,4.437879e-09,6.052193e-09,4.411447e-09,70.25,75.03,6637.48,7088.88,32.39,35.14
2.54588,2,0.1227,0.124,0.097,5.420,5.608,0.9886,0.00898,269.50,54.68,0.57541648,0.7307789296,2.33,6.182662e-09,4.429892e-09,6.053372e-09,4.41005e-09,70.58,74.94,6668.75,7081.04,32.58,35.09
2.54612,2,0.1227,0.124,0.097,5.420,5.608,0.9886,0.00898,269.50,54.68,0.57541552,0.7307777104,2.33,6.168392e-09,4.416729e-09,6.050088e-09,4.412616e-09,70.41,75.25,6653.13,7110.47,32.48,35.27
2.54637,2,0.1227,0.124,0.097,5.420,5.608,0.9886,0.00898,269.50,54.68,0.5754145199999999,0.7307764403999999,2.33,6.15571e-09,4.404872e-09,6.04772e-09,4.411181e-09,70.26,75.27,6638.40,7112.21,32.39,35.28
2.54663,2,0.1227,0.124,0.097,5.420,5.608,0.9886,0.00898,269.50,54.68,0.5754134799999999,0.7307751195999999,2.33,6.146582e-09,4.392936e-09,6.048253e-09,4.411233e-09,69.96,75.25,6609.81,7110.20,32.22,35.27
2.54688,2,0.1228,0.124,0.097,5.419,5.608,0.9886,0.00898,269.50,54.68,0.57541248,0.7307738496,2.33,6.13219e-09,4.38439e-09,6.052423e-09,4.412553e-09,70.11,75.21,6624.40,7105.75,32.31,35.24
2.54712,2,0.1228,0.124,0.097,5.419,5.608,0.9886,0.00898,269.50,54.68,0.57541152,0.7307726304,2.33,6.118527e-09,4.378391e-09,6.061776e-09,4.414794e-09,70.32,74.92,6644.48,7078.66,32.43,35.07
2.54738,2,0.1228,0.124,0.097,5.419,5.608,0.9886,0.00898,269.50,54.68,0.57541048,0.7307713095999999,2.33,6.112123e-09,4.372236e-09,6.063324e-09,4.424916e-09,70.23,75.48,6636.09,7132.02,32.38,35.40
2.54763,2,0.1228,0.124,0.097,5.419,5.608,0.9886,0.00898,269.50,54.68,0.5754094799999999,0.7307700395999999,2.33,6.101596e-09,4.363591e-09,6.076e-09,4.424131e-09,70.17,74.85,6630.14,7072.64,32.34,35.04
2.54787,2,0.1229,0.124,0.097,5.419,5.608,0.9886,0.00898,269.50,54.68,0.57540852,0.7307688204,2.33,6.092455e-09,4.360396e-09,6.083797e-09,4.426916e-09,70.42,74.74,6653.43,7061.43,32.48,34.97
2.54813,2,0.1229,0.124,0.097,5.419,5.608,0.9886,0.00898,269.50,54.68,0.57540748,0.7307674996,2.33,6.082662e-09,4.356757e-09,6.094595e-09,4.437516e-09,70.61,74.91,6671.59,7077.49,32.59,35.07
2.54838,2,0.1229,0.124,0.097,5.419,5.608,0.9886,0.00898,269.50,54.68,0.5754064799999999,0.7307662295999999,2.33,6.081602e-09,4.355572e-09,6.105451e-09,4.446091e-09,70.59,74.95,6669.29,7081.42,32.58,35.09
2.54862,2,0.1229,0.124,0.097,5.419,5.608,0.9886,0.00898,269.50,54.68,0.57540552,0.7307650104,2.33,6.076589e-09,4.351208e-09,6.120379e-09,4.454717e-09,70.54,74.81,6665.11,7068.31,32.55,35.01
2.54887,2,0.1229,0.124,0.097,5.419,5.608,0.9886,0.00898,269.50,54.68,0.57540452,0.7307637404,2.33,6.070195e-09,4.350199e-09,6.12928e-09,4.461175e-09,70.75,74.81,6684.43,7068.19,32.67,35.01
2.54913,2,0.1230,0.124,0.097,5.419,5.608,0.9886,0.00898,269.50,54.68,0.57540348,0.7307624196,2.33,6.073546e-09,4.349146e-09,6.143135e-09,4.470297e-09,70.61,74.81,6671.16,7068.35,32.59,35.01
2.54937,2,0.1230,0.124,0.097,5.419,5.608,0.9886,0.00898,269.50,54.68,0.5754025199999999,0.7307612003999999,2.33,6.07324e-09,4.351448e-09,6.153889e-09,4.48269e-09,70.75,75.09,6684.80,7094.90,32.67,35.17
2.54962,2,0.1230,0.124,0.097,5.419,5.608,0.9886,0.00898,269.50,54.68,0.57540152,0.7307599304,2.33,6.079933e-09,4.354018e-09,6.168813e-09,4.488794e-09,70.62,74.80,6672.77,7067.26,32.60,35.00
2.54988,2,0.1230,0.124,0.097,5.419,5.608,0.9886,0.00898,269.50,54.68,0.57540048,0.7307586096,2.33,6.085968e-09,4.35449e-09,6.184542e-09,4.498895e-09,70.40,74.72,6652.05,7059.51,32.48,34.96
2.55012,2,0.1231,0.124,0.097,5.419,5.608,0.9886,0.00898,269.50,54.68,0.5753995199999999,0.7307573904,2.33,6.083967e-09,4.358782e-09,6.203757e-09,4.505894e-09,70.79,74.35,6688.33,7025.32,32.70,34.75
2.55037,2,0.1231,0.124,0.097,5.419,5.608,0.9886,0.00898,269.50,54.68,0.5753985199999999,0.7307561203999999,2.33,6.091061e-09,4.363435e-09,6.213061e-09,4.51466e-09,70.76,74.47,6686.01,7036.76,32.68,34.82
2.55063,2,0.1231,0.124,0.097,5.419,5.608,0.9886,0.00898,269.50,54.68,0.5753974799999999,0.7307547995999999,2.33,6.104039e-09,4.366325e-09,6.229537e-09,4.527904e-09,70.40,74.55,6651.60,7044.00,32.47,34.86
2.55088,2,0.1231,0.124,0.097,5.419,5.608,0.9886,0.00898,269.50,54.68,0.57539648,0.7307535296,2.33,6.112052e-09,4.375484e-09,6.247139e-09,4.537274e-09,70.59,74.35,6669.95,7024.59,32.58,34.74
2.55112,2,0.1232,0.124,0.097,5.419,5.608,0.9886,0.00898,269.50,54.68,0.5753955199999999,0.7307523103999999,2.33,6.123367e-09,4.376241e-09,6.260124e-09,4.548997e-09,70.24,74.54,6636.17,7043.26,32.38,34.86
2.55138,2,0.1232,0.124,0.097,5.419,5.608,0.9886,0.00898,269.50,54.68,0.5753944799999999,0.7307509896,2.33,6.128803e-09,4.387573e-09,6.27838e-09,4.554185e-09,70.66,74.06,6675.88,6997.85,32.62,34.58
2.55163,2,0.1232,0.124,0.096,5.419,5.608,0.9886,0.00898,269.50,54.68,0.57539348,0.7307497196,2.33,6.153349e-09,4.397288e-09,6.293031e-09,4.564642e-09,70.22,74.06,6634.39,6997.15,32.37,34.58
2.55187,2,0.1232,0.124,0.096,5.419,5.608,0.9886,0.00898,269.50,54.68,0.57539252,0.7307485004,2.33,6.165791e-09,4.402033e-09,6.305075e-09,4.575868e-09,69.99,74.20,6612.57,7011.04,32.24,34.66
2.55213,2,0.1232,0.124,0.096,5.419,5.608,0.9886,0.00898,269.50,54.68,0.57539148,0.7307471795999999,2.33,6.162028e-09,4.404067e-09,6.316691e-09,4.582973e-09,70.25,74.12,6637.44,7003.65,32.39,34.62
2.55238,2,0.1233,0.124,0.096,5.419,5.608,0.9886,0.00898,269.50,54.68,0.5753904799999999,0.7307459096,2.33,6.162307e-09,4.408211e-09,6.330342e-09,4.591009e-09,70.53,74.07,6663.72,6998.96,32.55,34.59
2.55262,2,0.1233,0.124,0.096,5.419,5.608,0.9886,0.00898,269.51,54.68,0.57538952,0.7307446904,2.33,6.171999e-09,4.414196e-09,6.339535e-09,4.596433e-09,70.47,74.00,6658.70,6992.07,32.52,34.55
2.55287,2,0.1233,0.124,0.096,5.419,5.608,0.9886,0.00898,269.51,54.68,0.57538852,0.7307434204,2.33,6.177096e-09,4.419263e-09,6.347887e-09,4.606229e-09,70.55,74.22,6666.23,7012.79,32.56,34.67
2.55313,2,0.1233,0.124,0.096,5.419,5.608,0.9886,0.00898,269.51,54.68,0.57538748,0.7307420995999999,2.33,6.183901e-09,4.422528e-09,6.362516e-09,4.613773e-09,70.46,74.04,6657.75,6995.81,32.51,34.57
2.55337,2,0.1234,0.124,0.096,5.419,5.608,0.9886,0.00898,269.51,54.68,0.57538652,0.7307408804000001,2.33,6.189413e-09,4.42747e-09,6.374447e-09,4.622109e-09,70.58,74.08,6668.43,6999.74,32.57,34.59
2.55362,2,0.1234,0.123,0.096,5.419,5.608,0.9886,0.00898,269.51,54.68,0.57538552,0.7307396104,2.33,6.196576e-09,4.432507e-09,6.387541e-09,4.622675e-09,70.57,73.56,6667.73,6950.66,32.57,34.29
2.55388,2,0.1234,0.123,0.096,5.419,5.608,0.9886,0.00898,269.51,54.68,0.57538448,0.7307382896,2.33,6.19898e-09,4.434336e-09,6.389476e-09,4.632111e-09,70.58,74.03,6668.31,6994.57,32.57,34.56
2.55412,2,0.1234,0.123,0.096,5.419,5.608,0.9886,0.00898,269.51,54.68,0.5753835199999999,0.7307370703999999,2.33,6.19784e-09,4.431345e-09,6.397588e-09,4.632549e-09,70.45,73.71,6656.83,6964.82,32.50,34.38
2.55437,2,0.1235,0.123,0.096,5.418,5.608,0.9886,0.00898,269.51,54.68,0.57538252,0.7307358004,2.33,6.1978e-09,4.429709e-09,6.397851e-09,4.637232e-09,70.42,74.03,6653.75,6995.02,32.49,34.56
2.55463,2,0.1235,0.123,0.096,5.418,5.608,0.9886,0.00898,269.51,54.68,0.57538148,0.7307344796,2.33,6.1884e-09,4.425441e-09,6.398197e-09,4.637803e-09,70.56,74.05,6666.69,6996.78,32.56,34.57
2.55488,2,0.1235,0.123,0.096,5.418,5.608,0.9886,0.00898,269.51,54.68,0.57538048,0.7307332096,2.33,6.184599e-09,4.423898e-09,6.399659e-09,4.639039e-09,70.62,74.06,6672.91,6997.74,32.60,34.58
2.55512,2,0.1235,0.123,0.096,5.418,5.608,0.9886,0.00898,269.51,54.68,0.5753795199999999,0.7307319903999999,2.33,6.174379e-09,4.413353e-09,6.403614e-09,4.640899e-09,70.44,74.00,6655.77,6992.23,32.50,34.55
2.55538,2,0.1235,0.123,0.096,5.418,5.608,0.9886,0.00898,269.51,54.68,0.5753784799999999,0.7307306695999999,2.33,6.169966e-09,4.410356e-09,6.393686e-09,4.641298e-09,70.45,74.45,6656.61,7034.04,32.50,34.80
2.55563,2,0.1236,0.123,0.096,5.418,5.608,0.9886,0.00898,269.51,54.68,0.57537748,0.7307293996,2.33,6.154981e-09,4.402088e-09,6.392148e-09,4.638964e-09,70.65,74.44,6674.98,7033.00,32.61,34.79
2.55587,2,0.1236,0.123,0.096,5.418,5.608,0.9886,0.00898,269.51,54.68,0.57537652,0.7307281804,2.33,6.140973e-09,4.391271e-09,6.382575e-09,4.637971e-09,70.60,74.79,6670.72,7066.07,32.59,35.00
2.55613,2,0.1236,0.123,0.096,5.418,5.608,0.9886,0.00898,269.51,54.68,0.5753754799999999,0.7307268596,2.33,6.122869e-09,4.38649e-09,6.376172e-09,4.636094e-09,71.07,74.95,6714.59,7081.58,32.86,35.09
2.55638,2,0.1236,0.123,0.096,5.418,5.608,0.9886,0.00898,269.51,54.68,0.5753744799999999,0.7307255895999999,2.33,6.10769e-09,4.371248e-09,6.368249e-09,4.632513e-09,70.82,75.08,6691.01,7093.81,32.71,35.16
2.55662,2,0.1237,0.123,0.096,5.418,5.608,0.9886,0.00898,269.51,54.68,0.57537352,0.7307243703999999,2.33,6.088614e-09,4.360587e-09,6.354572e-09,4.628679e-09,71.04,75.51,6712.62,7134.13,32.84,35.41
2.55687,2,0.1237,0.123,0.096,5.418,5.608,0.9886,0.00898,269.51,54.68,0.5753725199999999,0.7307231004,2.33,6.066839e-09,4.342357e-09,6.335765e-09,4.618824e-09,70.89,75.74,6698.30,7156.06,32.76,35.54
2.55713,2,0.1237,0.123,0.096,5.418,5.608,0.9886,0.00898,269.51,54.68,0.5753714799999999,0.7307217796,2.33,6.050114e-09,4.329703e-09,6.326314e-09,4.612441e-09,70.85,75.77,6694.58,7158.96,32.73,35.56
2.55737,2,0.1237,0.123,0.096,5.418,5.608,0.9886,0.00898,269.51,54.68,0.57537052,0.7307205604,2.33,6.021778e-09,4.315286e-09,6.308078e-09,4.603195e-09,71.19,76.02,6726.72,7182.28,32.93,35.70
2.55762,2,0.1238,0.123,0.096,5.418,5.608,0.9886,0.00898,269.51,54.68,0.57536952,0.7307192903999999,2.33,6.000416e-09,4.297807e-09,6.290919e-09,4.593393e-09,71.12,76.24,6720.17,7203.86,32.89,35.83
2.55788,2,0.1238,0.123,0.096,5.418,5.608,0.9886,0.00898,269.51,54.68,0.57536848,0.7307179695999999,2.33,5.971182e-09,4.279564e-09,6.268103e-09,4.581498e-09,71.28,76.54,6735.12,7231.73,32.98,36.00
2.55812,2,0.1238,0.123,0.096,5.418,5.608,0.9886,0.00898,269.51,54.68,0.5753675199999999,0.7307167504,2.33,5.946908e-09,4.258091e-09,6.246653e-09,4.570095e-09,71.04,76.81,6712.44,7256.96,32.84,36.16
2.55837,2,0.1238,0.123,0.096,5.418,5.608,0.9886,0.00898,269.51,54.68,0.57536652,0.7307154804,2.33,5.91896e-09,4.239153e-09,6.22618e-09,4.555755e-09,71.11,76.85,6718.43,7260.75,32.88,36.18
2.55863,2,0.1238,0.123,0.096,5.418,5.608,0.9886,0.00898,269.51,54.68,0.57536548,0.7307141596,2.33,5.889981e-09,4.227539e-09,6.198217e-09,4.540344e-09,71.65,77.17,6770.01,7290.98,33.19,36.36
2.55888,2,0.1239,0.123,0.096,5.418,5.608,0.9886,0.00898,269.51,54.68,0.57536448,0.7307128895999999,2.33,5.857409e-09,4.202231e-09,6.180143e-09,4.525067e-09,71.59,77.10,6764.47,7284.60,33.16,36.33
2.55912,2,0.1239,0.123,0.096,5.418,5.608,0.9886,0.00898,269.51,54.68,0.5753635199999999,0.7307116703999998,2.33,5.831562e-09,4.184625e-09,6.154007e-09,4.504523e-09,71.65,77.01,6769.84,7276.11,33.19,36.27
2.55938,2,0.1239,0.123,0.096,5.418,5.608,0.9886,0.00898,269.51,54.68,0.57536248,0.7307103496,2.33,5.800192e-09,4.164e-09,6.131077e-09,4.484639e-09,71.76,76.81,6780.71,7257.39,33.26,36.16
2.55963,2,0.1239,0.123,0.096,5.418,5.608,0.9886,0.00898,269.51,54.68,0.57536148,0.7307090796,2.33,5.770153e-09,4.146538e-09,6.109687e-09,4.466194e-09,72.02,76.63,6804.58,7240.50,33.40,36.06
2.55987,2,0.1240,0.123,0.096,5.418,5.608,0.9886,0.00898,269.51,54.68,0.5753605199999999,0.7307078603999999,2.33,5.740338e-09,4.125903e-09,6.085176e-09,4.447307e-09,72.12,76.63,6814.71,7240.47,33.46,36.06
2.56013,2,0.1240,0.123,0.096,5.418,5.608,0.9886,0.00898,269.51,54.68,0.5753594799999999,0.7307065395999999,2.33,5.716242e-09,4.109054e-09,6.060062e-09,4.433567e-09,72.15,76.93,6817.48,7268.57,33.48,36.23
2.56038,2,0.1240,0.123,0.096,5.418,5.608,0.9886,0.00898,269.51,54.68,0.57535848,0.7307052696,2.33,5.687256e-09,4.089663e-09,6.039521e-09,4.414659e-09,72.24,76.68,6826.06,7244.85,33.53,36.08
2.56062,2,0.1240,0.123,0.096,5.418,5.608,0.9886,0.00898,269.51,54.68,0.57535752,0.7307040504,2.33,5.655725e-09,4.074534e-09,6.017169e-09,4.395564e-09,72.72,76.50,6871.35,7228.00,33.81,35.98
2.56087,2,0.1240,0.123,0.096,5.418,5.608,0.9886,0.00898,269.51,54.68,0.5753565199999999,0.7307027803999999,2.33,5.633578e-09,4.054121e-09,5.996334e-09,4.378098e-09,72.44,76.35,6844.43,7214.27,33.64,35.90
2.56113,2,0.1241,0.123,0.096,5.418,5.608,0.9886,0.00898,269.51,54.68,0.5753554799999999,0.7307014595999999,2.33,5.611402e-09,4.040303e-09,5.977252e-09,4.361663e-09,72.64,76.25,6862.92,7204.76,33.76,35.84
2.56137,2,0.1241,0.122,0.096,5.418,5.608,0.9886,0.00898,269.51,54.68,0.57535452,0.7307002404,2.33,5.583168e-09,4.023874e-09,5.96009e-09,4.340117e-09,72.88,75.67,6886.51,7149.52,33.90,35.50
2.56162,2,0.1241,0.122,0.096,5.418,5.608,0.9886,0.00898,269.51,54.68,0.57535352,0.7306989704,2.33,5.562472e-09,4.008181e-09,5.946851e-09,4.328534e-09,72.83,75.54,6881.74,7137.73,33.87,35.43
2.56188,2,0.1241,0.122,0.095,5.418,5.608,0.9886,0.00898,269.51,54.68,0.5753524799999999,0.7306976495999999,2.33,5.538243e-09,3.992306e-09,5.926723e-09,4.316514e-09,72.94,75.72,6891.77,7154.01,33.93,35.53
2.56212,2,0.1242,0.122,0.095,5.417,5.635,0.9886,0.00898,269.51,54.68,0.57535152,0.7306964304,2.33,5.51571e-09,3.981262e-09,5.917159e-09,4.301187e-09,73.34,75.24,6929.73,7108.90,34.14,35.23
2.56237,2,0.1242,0.122,0.095,5.417,5.635,0.9886,0.00898,269.51,54.68,0.57535052,0.7306951603999999,2.33,5.500185e-09,3.969082e-09,5.904627e-09,4.292529e-09,73.28,75.27,6923.63,7111.64,34.10,35.25
2.56263,2,0.1242,0.122,0.095,5.417,5.635,0.9886,0.00898,269.51,54.68,0.57534948,0.7306938396,2.33,5.475016e-09,3.957757e-09,5.885991e-09,4.281591e-09,73.74,75.44,6966.86,7127.55,34.36,35.34
2.56288,2,0.1242,0.122,0.095,5.417,5.635,0.9886,0.00898,269.51,54.68,0.5753484799999999,0.7306925696,2.33,5.45911e-09,3.947425e-09,5.879516e-09,4.273445e-09,73.81,75.21,6974.30,7106.59,34.41,35.21
2.56312,2,0.1243,0.122,0.095,5.417,5.635,0.9886,0.00898,269.51,54.68,0.57534752,0.7306913504,2.33,5.444442e-09,3.94016e-09,5.873709e-09,4.273179e-09,74.10,75.53,7001.35,7136.49,34.57,35.40
2.56338,2,0.1243,0.122,0.095,5.417,5.635,0.9886,0.00898,269.51,54.68,0.57534648,0.7306900296,2.33,5.424038e-09,3.925416e-09,5.85764e-09,4.260062e-09,74.10,75.44,7001.49,7127.73,34.57,35.34
2.56363,2,0.1243,0.122,0.095,5.417,5.635,0.9886,0.00898,269.51,54.68,0.57534548,0.7306887596,2.33,5.414815e-09,3.917112e-09,5.848059e-09,4.253551e-09,73.99,75.47,6990.97,7130.53,34.51,35.36
2.56387,2,0.1243,0.122,0.095,5.417,5.635,0.9886,0.00898,269.51,54.68,0.5753445199999999,0.7306875404,2.33,5.402752e-09,3.911016e-09,5.842481e-09,4.251317e-09,74.17,75.59,7008.01,7141.77,34.61,35.43
2.56413,2,0.1243,0.122,0.095,5.417,5.635,0.9886,0.00898,269.51,54.68,0.5753434799999999,0.7306862195999999,2.33,5.38396e-09,3.904311e-09,5.829308e-09,4.245757e-09,74.65,75.85,7053.15,7166.72,34.89,35.58
2.56438,2,0.1244,0.122,0.095,5.417,5.635,0.9886,0.00898,269.51,54.68,0.57534248,0.7306849496,2.33,5.373667e-09,3.896353e-09,5.818181e-09,4.242906e-09,74.67,76.26,7055.56,7205.32,34.90,35.81
2.56462,2,0.1244,0.122,0.095,5.417,5.635,0.9886,0.00898,269.51,54.68,0.5753415199999999,0.7306837303999999,2.33,5.366127e-09,3.891013e-09,5.81259e-09,4.240115e-09,74.68,76.34,7056.40,7213.40,34.91,35.86
2.56487,2,0.1244,0.122,0.095,5.417,5.635,0.9886,0.00898,269.51,54.68,0.5753405199999999,0.7306824603999998,2.33,5.351883e-09,3.886776e-09,5.802533e-09,4.234005e-09,75.11,76.43,7096.86,7221.13,35.15,35.91
2.56513,2,0.1244,0.122,0.095,5.417,5.635,0.9886,0.00898,269.51,54.68,0.57533948,0.7306811396,2.33,5.348914e-09,3.885617e-09,5.790579e-09,4.233013e-09,75.18,76.95,7103.52,7270.25,35.19,36.21
2.56537,2,0.1245,0.122,0.095,5.417,5.635,0.9886,0.00898,269.51,54.68,0.57533852,0.7306799204,2.33,5.340734e-09,3.880483e-09,5.780322e-09,4.22756e-09,75.30,77.15,7114.64,7289.20,35.26,36.33
2.56562,2,0.1245,0.122,0.095,5.417,5.635,0.9886,0.00898,269.51,54.68,0.5753375199999999,0.7306786503999999,2.33,5.330712e-09,3.877557e-09,5.76788e-09,4.226119e-09,75.61,77.67,7143.99,7338.70,35.44,36.63
2.56588,2,0.1245,0.122,0.095,5.417,5.635,0.9886,0.00898,269.51,54.68,0.5753364799999999,0.7306773295999999,2.33,5.325759e-09,3.87312e-09,5.753418e-09,4.220887e-09,75.55,78.04,7138.35,7373.76,35.41,36.84
2.56612,2,0.1245,0.122,0.095,5.417,5.635,0.9886,0.00899,269.51,54.68,0.57533552,0.7306761104,2.33,5.321152e-09,3.871812e-09,5.746957e-09,4.213681e-09,75.70,77.87,7152.18,7357.60,35.49,36.74
2.56637,2,0.1246,0.122,0.095,5.417,5.635,0.9886,0.00899,269.51,54.68,0.57533452,0.7306748404,2.33,5.313443e-09,3.866469e-09,5.733501e-09,4.203894e-09,75.78,77.94,7159.73,7364.02,35.54,36.78
2.56663,2,0.1246,0.122,0.095,5.417,5.635,0.9886,0.00899,269.51,54.68,0.57533348,0.7306735195999999,2.33,5.309587e-09,3.863334e-09,5.721445e-09,4.198674e-09,75.75,78.19,7157.49,7387.89,35.52,36.93
2.56688,2,0.1246,0.122,0.095,5.417,5.635,0.9886,0.00899,269.51,54.68,0.5753324799999999,0.7306722495999999,2.33,5.304348e-09,3.862831e-09,5.709968e-09,4.191061e-09,75.99,78.25,7180.08,7393.26,35.66,36.96
2.56712,2,0.1246,0.122,0.095,5.417,5.635,0.9886,0.00899,269.51,54.68,0.57533152,0.7306710304,2.33,5.300928e-09,3.859485e-09,5.687503e-09,4.179178e-09,75.93,78.57,7174.22,7424.02,35.62,37.15
2.56738,2,0.1246,0.122,0.095,5.417,5.635,0.9886,0.00899,269.51,54.68,0.57533048,0.7306697096,2.33,5.295679e-09,3.859784e-09,5.672792e-09,4.172837e-09,76.23,78.89,7202.50,7454.12,35.80,37.33
2.56763,2,0.1247,0.122,0.095,5.417,5.635,0.9886,0.00899,269.51,54.68,0.57532948,0.7306684395999999,2.33,5.294244e-09,3.859452e-09,5.661143e-09,4.163359e-09,76.34,78.89,7213.20,7453.94,35.86,37.33
2.56787,2,0.1247,0.122,0.095,5.417,5.635,0.9886,0.00899,269.51,54.68,0.57532852,0.7306672204,2.33,5.291958e-09,3.860091e-09,5.645613e-09,4.149087e-09,76.51,78.69,7229.13,7434.63,35.96,37.21
2.56813,2,0.1247,0.122,0.095,5.417,5.635,0.9886,0.00899,269.51,54.68,0.57532748,0.7306658996000001,2.33,5.284602e-09,3.856626e-09,5.627588e-09,4.141458e-09,76.65,79.09,7242.32,7472.87,36.04,37.44
2.56838,2,0.1247,0.122,0.095,5.417,5.635,0.9886,0.00899,269.51,54.68,0.57532648,0.7306646296,2.33,5.285891e-09,3.853872e-09,5.612658e-09,4.127856e-09,76.38,78.90,7216.72,7454.99,35.88,37.33
2.56862,2,0.1248,0.122,0.095,5.417,5.635,0.9886,0.00899,269.51,54.68,0.5753255199999999,0.7306634103999999,2.33,5.285429e-09,3.85308e-09,5.593818e-09,4.116943e-09,76.41,79.18,7219.35,7481.18,35.90,37.49
2.56887,2,0.1248,0.122,0.095,5.417,5.635,0.9886,0.00899,269.51,54.68,0.57532452,0.7306621404,2.33,5.280832e-09,3.849799e-09,5.582853e-09,4.104412e-09,76.41,78.85,7219.84,7450.51,35.90,37.31
2.56913,2,0.1248,0.121,0.095,5.417,5.635,0.9886,0.00899,269.51,54.68,0.57532348,0.7306608196,2.33,5.275629e-09,3.849606e-09,5.562763e-09,4.091611e-09,76.67,78.99,7244.58,7463.81,36.05,37.39
2.56937,2,0.1248,0.121,0.095,5.417,5.635,0.9886,0.00899,269.51,54.68,0.57532252,0.7306596004,2.33,5.27152e-09,3.845997e-09,5.54606e-09,4.083673e-09,76.63,79.31,7240.33,7493.98,36.03,37.57
2.56962,2,0.1249,0.121,0.095,5.416,5.635,0.9886,0.00899,269.51,54.68,0.5753215199999999,0.7306583304,2.33,5.272298e-09,3.84428e-09,5.529562e-09,4.071929e-09,76.52,79.41,7230.24,7502.80,35.97,37.62
2.56988,2,0.1249,0.121,0.095,5.416,5.635,0.9886,0.00899,269.51,54.68,0.5753204799999999,0.7306570095999999,2.33,5.268625e-09,3.84208e-09,5.51323e-09,4.061762e-09,76.56,79.55,7233.56,7515.85,35.99,37.70
2.57012,2,0.1249,0.121,0.095,5.416,5.635,0.9886,0.00899,269.51,54.68,0.57531952,0.7306557904,2.33,5.263057e-09,3.837303e-09,5.495717e-09,4.048915e-09,76.50,79.55,7228.57,7516.24,35.95,37.71
2.57037,2,0.1249,0.121,0.095,5.416,5.635,0.9886,0.00899,269.51,54.68,0.5753185199999999,0.7306545203999999,2.33,5.257583e-09,3.836298e-09,5.475825e-09,4.037653e-09,76.73,79.80,7249.40,7540.31,36.08,37.85
2.57063,2,0.1249,0.121,0.095,5.416,5.635,0.9886,0.00899,269.51,54.68,0.5753174799999999,0.7306531996,2.33,5.252438e-09,3.833713e-09,5.45942e-09,4.02544e-09,76.81,79.80,7257.59,7539.48,36.13,37.85
2.57088,2,0.1250,0.121,0.095,5.416,5.635,0.9886,0.00899,269.51,54.68,0.5753164799999999,0.7306519295999999,2.33,5.243822e-09,3.826882e-09,5.440287e-09,4.013579e-09,76.83,80.03,7259.59,7561.63,36.14,37.98
2.57112,2,0.1250,0.121,0.095,5.416,5.635,0.9886,0.00899,269.51,54.68,0.57531552,0.7306507104,2.33,5.238433e-09,3.823097e-09,5.420507e-09,4.004963e-09,76.84,80.49,7260.63,7604.90,36.15,38.25
2.57138,2,0.1250,0.121,0.095,5.416,5.635,0.9886,0.00899,269.51,54.68,0.57531448,0.7306493895999999,2.33,5.236718e-09,3.81837e-09,5.399542e-09,3.993811e-09,76.59,80.82,7236.25,7636.66,36.00,38.44
2.57163,2,0.1250,0.121,0.095,5.416,5.635,0.9886,0.00899,269.51,54.68,0.5753134799999999,0.7306481196,2.33,5.230244e-09,3.812305e-09,5.382355e-09,3.98147e-09,76.49,80.85,7226.84,7639.40,35.94,38.46
2.57187,2,0.1251,0.121,0.095,5.416,5.635,0.9886,0.00899,269.51,54.68,0.57531252,0.7306469004,2.33,5.221071e-09,3.805108e-09,5.36552e-09,3.96672e-09,76.51,80.74,7229.04,7628.54,35.96,38.39
2.57213,2,0.1251,0.121,0.094,5.416,5.635,0.9886,0.00899,269.51,54.68,0.57531148,0.7306455796,2.33,5.213082e-09,3.798805e-09,5.345614e-09,3.95494e-09,76.48,80.97,7225.92,7650.60,35.94,38.52
2.57238,2,0.1251,0.121,0.094,5.416,5.635,0.9886,0.00899,269.51,54.68,0.57531048,0.7306443095999999,2.33,5.202662e-09,3.793599e-09,5.32608e-09,3.942353e-09,76.65,81.12,7242.72,7664.53,36.04,38.61
2.57262,2,0.1251,0.121,0.094,5.416,5.635,0.9886,0.00899,269.51,54.68,0.5753095199999999,0.7306430903999999,2.33,5.193764e-09,3.785187e-09,5.299559e-09,3.930139e-09,76.51,81.71,7229.15,7720.62,35.96,38.95
2.57287,2,0.1252,0.121,0.094,5.416,5.635,0.9886,0.00899,269.51,54.68,0.57530852,0.7306418204,2.33,5.185897e-09,3.778217e-09,5.278538e-09,3.919709e-09,76.48,82.20,7226.21,7766.34,35.94,39.23
2.57313,2,0.1252,0.121,0.094,5.416,5.635,0.9886,0.00899,269.52,54.68,0.57530748,0.7306404996,2.33,5.172132e-09,3.772586e-09,5.259545e-09,3.903808e-09,76.81,82.05,7257.37,7752.47,36.13,39.14
2.57337,2,0.1252,0.121,0.094,5.416,5.635,0.9886,0.00899,269.52,54.68,0.5753065199999999,0.7306392803999999,2.33,5.164693e-09,3.762441e-09,5.238603e-09,3.887842e-09,76.46,82.02,7223.89,7749.21,35.93,39.12
2.57362,2,0.1252,0.121,0.094,5.416,5.635,0.9886,0.00899,269.52,54.68,0.5753055199999999,0.7306380103999999,2.33,5.152394e-09,3.752944e-09,5.21136e-09,3.878571e-09,76.42,82.92,7220.08,7834.98,35.90,39.65
2.57388,2,0.1252,0.121,0.094,5.416,5.635,0.9886,0.00899,269.52,54.68,0.57530448,0.7306366896,2.33,5.145266e-09,3.748303e-09,5.196647e-09,3.8617e-09,76.46,82.43,7223.99,7788.29,35.93,39.36
2.57412,2,0.1253,0.121,0.094,5.416,5.635,0.9886,0.00899,269.52,54.68,0.57530352,0.7306354704,2.33,5.133769e-09,3.738076e-09,5.174038e-09,3.846723e-09,76.38,82.65,7216.59,7808.91,35.88,39.49
2.57437,2,0.1253,0.121,0.094,5.416,5.635,0.9886,0.00899,269.52,54.68,0.5753025199999999,0.7306342003999999,2.33,5.121216e-09,3.729944e-09,5.154198e-09,3.833824e-09,76.45,82.80,7223.77,7823.64,35.93,39.58
2.57463,2,0.1253,0.121,0.094,5.416,5.635,0.9886,0.00899,269.52,54.68,0.5753014799999999,0.7306328795999999,2.33,5.114318e-09,3.720906e-09,5.133622e-09,3.819036e-09,76.15,82.85,7195.20,7827.78,35.75,39.60
2.57488,2,0.1253,0.121,0.094,5.416,5.635,0.9886,0.00899,269.52,54.68,0.57530048,0.7306316096000001,2.33,5.100729e-09,3.713899e-09,5.113518e-09,3.804449e-09,76.37,82.88,7215.74,7830.74,35.88,39.62
2.57512,2,0.1254,0.121,0.094,5.416,5.635,0.9886,0.00899,269.52,54.68,0.57529952,0.7306303904,2.33,5.086703e-09,3.70779e-09,5.092693e-09,3.792056e-09,76.74,83.21,7251.00,7862.10,36.09,39.81
2.57538,2,0.1254,0.121,0.094,5.416,5.635,0.9886,0.00899,269.52,54.68,0.57529848,0.7306290696,2.33,5.079221e-09,3.69887e-09,5.072872e-09,3.777347e-09,76.48,83.21,7226.02,7862.51,35.94,39.81
2.57563,2,0.1254,0.121,0.094,5.416,5.635,0.9886,0.00899,269.52,54.68,0.5752974799999999,0.7306277995999999,2.33,5.064285e-09,3.693019e-09,5.054241e-09,3.764586e-09,76.86,83.31,7262.39,7871.61,36.16,39.87
2.57587,2,0.1254,0.121,0.094,5.416,5.635,0.9886,0.00899,269.52,54.68,0.57529652,0.7306265804,2.33,5.054795e-09,3.685406e-09,5.035317e-09,3.757425e-09,76.81,83.92,7257.36,7928.96,36.13,40.22
2.57613,2,0.1255,0.121,0.094,5.415,5.635,0.9886,0.00899,269.52,54.68,0.57529548,0.7306252596,2.33,5.047841e-09,3.679471e-09,5.021656e-09,3.74344e-09,76.80,83.65,7256.84,7903.74,36.13,40.06
2.57638,2,0.1255,0.121,0.094,5.415,5.635,0.9886,0.00899,269.52,54.68,0.5752944799999999,0.7306239896,2.33,5.038637e-09,3.674962e-09,5.006581e-09,3.735171e-09,76.97,83.91,7272.90,7928.49,36.22,40.22
2.57662,2,0.1255,0.121,0.094,5.415,5.635,0.9886,0.00899,269.52,54.68,0.57529352,0.7306227704,2.33,5.034355e-09,3.672328e-09,4.995861e-09,3.722469e-09,77.01,83.50,7276.48,7889.23,36.25,39.98
2.57687,2,0.1255,0.121,0.094,5.415,5.635,0.9886,0.00899,269.52,54.68,0.57529252,0.7306215004,2.33,5.027802e-09,3.67067e-09,4.983179e-09,3.716119e-09,77.25,83.77,7299.43,7915.13,36.39,40.13
2.57713,2,0.1255,0.120,0.094,5.415,5.635,0.9886,0.00899,269.52,54.68,0.57529148,0.7306201795999999,2.33,5.02182e-09,3.665926e-09,4.977859e-09,3.70742e-09,77.22,83.35,7296.40,7875.33,36.37,39.89
2.57737,2,0.1256,0.120,0.094,5.415,5.635,0.9886,0.00899,269.52,54.68,0.5752905199999999,0.7306189603999999,2.33,5.01442e-09,3.666337e-09,4.964891e-09,3.704761e-09,77.74,84.04,7345.34,7940.37,36.66,40.29
2.57762,2,0.1256,0.120,0.094,5.415,5.635,0.9886,0.00899,269.52,54.68,0.57528952,0.7306176904,2.33,5.012715e-09,3.666427e-09,4.957388e-09,3.702684e-09,77.85,84.35,7355.31,7970.24,36.73,40.47
2.57788,2,0.1256,0.120,0.094,5.415,5.635,0.9886,0.00899,269.52,54.68,0.57528848,0.7306163696,2.33,5.011216e-09,3.667269e-09,4.956796e-09,3.693029e-09,78.00,83.53,7369.82,7892.45,36.81,40.00
2.57812,2,0.1256,0.120,0.094,5.415,5.635,0.9886,0.00899,269.52,54.68,0.5752875199999999,0.7306151503999999,2.33,5.009525e-09,3.668567e-09,4.951854e-09,3.691565e-09,78.20,83.73,7388.86,7911.09,36.93,40.11
2.57837,2,0.1257,0.120,0.094,5.415,5.635,0.9886,0.00899,269.52,54.68,0.5752865199999999,0.7306138803999999,2.33,5.00999e-09,3.674183e-09,4.950553e-09,3.691013e-09,78.69,83.83,7434.62,7920.91,37.21,40.17
2.57863,2,0.1257,0.120,0.094,5.415,5.635,0.9886,0.00899,269.52,54.68,0.5752854799999999,0.7306125595999999,2.33,5.012306e-09,3.679591e-09,4.945992e-09,3.693165e-09,78.98,84.33,7462.83,7968.00,37.38,40.46
2.57888,2,0.1257,0.120,0.094,5.415,5.635,0.9886,0.00899,269.52,54.68,0.57528448,0.7306112896,2.33,5.011997e-09,3.688369e-09,4.944638e-09,3.690123e-09,79.72,84.15,7531.99,7950.72,37.80,40.35
2.57912,2,0.1257,0.120,0.094,5.415,5.635,0.9886,0.00899,269.52,54.68,0.5752835199999999,0.7306100703999999,2.33,5.017898e-09,3.696216e-09,4.947629e-09,3.695371e-09,80.00,84.42,7559.13,7976.38,37.97,40.51
2.57938,2,0.1258,0.120,0.094,5.415,5.635,0.9886,0.00899,269.52,54.68,0.5752824799999999,0.7306087495999999,2.33,5.02516e-09,3.703704e-09,4.949315e-09,3.694076e-09,80.24,84.26,7581.76,7960.97,38.10,40.41
2.57963,2,0.1258,0.120,0.094,5.415,5.635,0.9886,0.00899,269.52,54.68,0.57528148,0.7306074796,2.33,5.030555e-09,3.713524e-09,4.949502e-09,3.696168e-09,80.73,84.43,7627.40,7977.58,38.38,40.51
2.57987,2,0.1258,0.120,0.094,5.415,5.635,0.9886,0.00899,269.52,54.68,0.57528052,0.7306062604,2.33,5.038193e-09,3.72248e-09,4.95092e-09,3.697848e-09,81.00,84.49,7653.46,7982.88,38.54,40.55
2.58012,2,0.1258,0.120,0.094,5.415,5.635,0.9886,0.00899,269.52,54.68,0.5752795199999999,0.7306049903999999,2.33,5.046044e-09,3.736645e-09,4.955157e-09,3.700116e-09,81.70,84.41,7719.63,7975.24,38.94,40.50
2.58038,2,0.1258,0.120,0.094,5.415,5.635,0.9886,0.00899,269.52,54.68,0.5752784799999999,0.7306036695999999,2.33,5.054235e-09,3.746328e-09,4.952529e-09,3.701716e-09,82.01,84.73,7748.46,8005.66,39.12,40.68
2.58062,2,0.1259,0.120,0.094,5.415,5.635,0.9886,0.00899,269.52,54.68,0.57527752,0.7306024504,2.33,5.065261e-09,3.763144e-09,4.954529e-09,3.704054e-09,82.81,84.87,7824.06,8019.25,39.58,40.77
2.58087,2,0.1259,0.120,0.094,5.415,5.635,0.9886,0.00899,269.52,54.68,0.57527652,0.7306011804,2.33,5.077453e-09,3.773833e-09,4.952164e-09,3.705277e-09,82.95,85.15,7837.24,8044.98,39.66,40.92
2.58113,2,0.1259,0.120,0.094,5.415,5.635,0.9886,0.00899,269.52,54.68,0.57527548,0.7305998596,2.33,5.089019e-09,3.785038e-09,4.955423e-09,3.705479e-09,83.17,84.94,7858.33,8025.74,39.79,40.81
2.58137,2,0.1259,0.120,0.094,5.415,5.635,0.9886,0.00899,269.52,54.68,0.57527452,0.7305986404,2.33,5.098474e-09,3.803688e-09,4.957172e-09,3.708048e-09,84.17,85.06,7953.13,8036.58,40.36,40.87
2.58162,2,0.1260,0.120,0.094,5.415,5.635,0.9886,0.00899,269.52,54.68,0.57527352,0.7305973704,2.33,5.1151e-09,3.818362e-09,4.960388e-09,3.710142e-09,84.44,85.10,7978.12,8040.27,40.52,40.89
2.58188,2,0.1260,0.120,0.094,5.415,5.635,0.9886,0.00899,269.52,54.68,0.57527248,0.7305960496,2.33,5.129503e-09,3.832377e-09,4.960889e-09,3.712235e-09,84.72,85.25,8005.01,8055.07,40.68,40.98
2.58213,2,0.1260,0.120,0.094,5.415,5.635,0.9886,0.00899,269.52,54.68,0.57527148,0.7305947796,2.33,5.141209e-09,3.845847e-09,4.95839e-09,3.71409e-09,85.14,85.59,8044.09,8087.29,40.92,41.18
2.58237,2,0.1260,0.120,0.094,5.415,5.635,0.9886,0.00899,269.52,54.68,0.57527052,0.7305935604,2.33,5.152443e-09,3.859864e-09,4.96432e-09,3.715529e-09,85.63,85.32,8090.79,8061.33,41.20,41.02
2.58263,2,0.1261,0.120,0.093,5.415,5.635,0.9886,0.00899,269.52,54.68,0.57526948,0.7305922396,2.33,5.166203e-09,3.87001e-09,4.964347e-09,3.719887e-09,85.69,85.79,8096.13,8105.58,41.24,41.29
2.58288,2,0.1261,0.120,0.093,5.415,5.635,0.9886,0.00899,269.52,54.68,0.57526848,0.7305909696,2.33,5.177486e-09,3.886096e-09,4.967888e-09,3.723546e-09,86.36,85.88,8160.02,8114.32,41.62,41.35
2.58312,2,0.1261,0.120,0.093,5.415,5.635,0.9886,0.00899,269.52,54.68,0.5752675199999999,0.7305897504,2.33,5.192764e-09,3.900299e-09,4.972921e-09,3.728298e-09,86.61,85.97,8183.03,8122.84,41.76,41.40
2.58338,2,0.1261,0.120,0.093,5.415,5.635,0.9886,0.00899,269.52,54.68,0.5752664799999999,0.7305884295999999,2.33,5.205516e-09,3.912668e-09,4.973843e-09,3.728897e-09,86.86,85.96,8206.55,8122.04,41.91,41.39
2.58363,2,0.1261,0.120,0.093,5.415,5.635,0.9886,0.00899,269.52,54.68,0.57526548,0.7305871596,2.33,5.211249e-09,3.921802e-09,4.978709e-09,3.735071e-09,87.29,86.19,8247.41,8144.04,42.16,41.53
2.58387,2,0.1262,0.120,0.093,5.414,5.635,0.9886,0.00899,269.52,54.68,0.57526452,0.7305859403999999,2.33,5.223795e-09,3.93273e-09,4.983851e-09,3.741652e-09,87.49,86.51,8266.57,8174.31,42.27,41.71
2.58412,2,0.1262,0.120,0.093,5.414,5.635,0.9886,0.00899,269.52,54.68,0.5752635199999999,0.7305846703999999,2.33,5.231394e-09,3.938534e-09,4.990054e-09,3.747446e-09,87.50,86.62,8267.27,8184.28,42.28,41.77
2.58438,2,0.1262,0.120,0.093,5.414,5.635,0.9886,0.00899,269.52,54.68,0.5752624799999999,0.7305833495999999,2.33,5.239869e-09,3.945599e-09,4.996064e-09,3.753664e-09,87.56,86.78,8273.08,8199.23,42.31,41.86
2.58462,2,0.1262,0.120,0.093,5.414,5.635,0.9886,0.00899,269.52,54.68,0.57526152,0.7305821304,2.33,5.252484e-09,3.953043e-09,5.004377e-09,3.763768e-09,87.38,87.14,8255.70,8233.17,42.21,42.07
2.58487,2,0.1263,0.119,0.093,5.414,5.635,0.9886,0.00899,269.52,54.68,0.5752605199999999,0.7305808603999999,2.33,5.253847e-09,3.95879e-09,5.016639e-09,3.770328e-09,87.87,86.96,8301.97,8216.00,42.49,41.96
2.58513,2,0.1263,0.119,0.093,5.414,5.635,0.9886,0.00899,269.52,54.68,0.5752594799999999,0.7305795395999999,2.33,5.260768e-09,3.96367e-09,5.022109e-09,3.778166e-09,87.84,87.30,8299.13,8248.75,42.47,42.16
2.58537,2,0.1263,0.119,0.093,5.414,5.635,0.9886,0.00899,269.52,54.68,0.57525852,0.7305783204,2.33,5.260948e-09,3.966956e-09,5.028838e-09,3.788456e-09,88.12,87.79,8325.94,8294.96,42.63,42.44
2.58562,2,0.1263,0.119,0.093,5.414,5.635,0.9886,0.00899,269.52,54.68,0.57525752,0.7305770504,2.33,5.26436e-09,3.972139e-09,5.038655e-09,3.796869e-09,88.36,87.89,8348.25,8303.98,42.77,42.50
2.58588,2,0.1264,0.119,0.093,5.414,5.635,0.9886,0.00899,269.52,54.68,0.57525648,0.7305757296,2.33,5.272626e-09,3.972271e-09,5.047453e-09,3.805816e-09,87.87,88.17,8302.87,8331.14,42.49,42.66
2.58613,2,0.1264,0.119,0.093,5.414,5.635,0.9886,0.00899,269.52,54.68,0.5752554799999999,0.7305744595999999,2.33,5.274427e-09,3.973474e-09,5.051984e-09,3.812846e-09,87.86,88.52,8301.56,8363.36,42.48,42.86
2.58637,2,0.1264,0.119,0.093,5.414,5.635,0.9886,0.00899,269.52,54.68,0.57525452,0.7305732404,2.33,5.27459e-09,3.977815e-09,5.060131e-09,3.822145e-09,88.24,88.81,8337.41,8391.56,42.70,43.03
2.58663,2,0.1264,0.119,0.093,5.414,5.635,0.9886,0.00899,269.52,54.68,0.57525348,0.7305719196,2.33,5.27173e-09,3.976961e-09,5.067462e-09,3.825716e-09,88.36,88.63,8348.53,8373.96,42.77,42.93
2.58688,2,0.1264,0.119,0.093,5.414,5.635,0.9886,0.00899,269.52,54.68,0.57525248,0.7305706496,2.33,5.272189e-09,3.980974e-09,5.066454e-09,3.829427e-09,88.69,89.05,8379.96,8414.06,42.96,43.17
2.58712,2,0.1265,0.119,0.093,5.414,5.635,0.9886,0.00899,269.52,54.68,0.5752515199999999,0.7305694303999999,2.33,5.269969e-09,3.976055e-09,5.071009e-09,3.83612e-09,88.47,89.43,8358.75,8450.03,42.83,43.39
2.58738,2,0.1265,0.119,0.093,5.414,5.635,0.9886,0.00899,269.52,54.68,0.57525048,0.7305681096000001,2.33,5.267464e-09,3.979222e-09,5.069916e-09,3.838227e-09,88.93,89.71,8402.24,8476.64,43.10,43.55
2.58763,2,0.1265,0.119,0.093,5.414,5.635,0.9886,0.00899,269.52,54.68,0.57524948,0.7305668396,2.33,5.266011e-09,3.979068e-09,5.071654e-09,3.834766e-09,89.01,89.26,8410.39,8433.40,43.15,43.29
2.58787,2,0.1265,0.119,0.093,5.414,5.635,0.9886,0.00899,269.52,54.68,0.5752485199999999,0.7305656204,2.33,5.267065e-09,3.97804e-09,5.069801e-09,3.834663e-09,88.85,89.38,8394.64,8445.12,43.05,43.36
2.58812,2,0.1266,0.119,0.093,5.414,5.635,0.9886,0.00899,269.52,54.68,0.57524752,0.7305643504,2.33,5.265051e-09,3.978081e-09,5.067887e-09,3.837527e-09,89.06,89.87,8414.77,8490.95,43.17,43.64
2.58838,2,0.1266,0.119,0.093,5.414,5.635,0.9886,0.00899,269.52,54.68,0.57524648,0.7305630296,2.33,5.260433e-09,3.97837e-09,5.06486e-09,3.836652e-09,89.41,90.00,8447.59,8503.89,43.37,43.72
2.58862,2,0.1266,0.119,0.093,5.414,5.635,0.9886,0.00899,269.52,54.68,0.57524552,0.7305618103999999,2.33,5.258941e-09,3.979634e-09,5.056747e-09,3.83352e-09,89.63,90.30,8468.48,8531.55,43.50,43.88
2.58887,2,0.1266,0.119,0.093,5.414,5.635,0.9886,0.00899,269.52,54.68,0.5752445199999999,0.7305605404,2.33,5.256731e-09,3.980115e-09,5.057001e-09,3.826488e-09,89.83,89.60,8487.36,8465.47,43.61,43.48
2.58913,2,0.1267,0.119,0.093,5.414,5.635,0.9886,0.00899,269.52,54.68,0.5752434799999999,0.7305592195999999,2.33,5.262052e-09,3.979046e-09,5.053889e-09,3.826249e-09,89.43,89.87,8449.48,8491.45,43.38,43.64
2.58937,2,0.1267,0.119,0.093,5.414,5.635,0.9886,0.00899,269.52,54.68,0.57524252,0.7305580004,2.33,5.257818e-09,3.97813e-09,5.04961e-09,3.820744e-09,89.64,89.65,8469.44,8470.77,43.51,43.51
2.58962,2,0.1267,0.119,0.093,5.414,5.635,0.9886,0.00899,269.52,54.68,0.57524152,0.7305567303999999,2.33,5.258761e-09,3.980565e-09,5.045e-09,3.818678e-09,89.80,89.79,8484.51,8483.76,43.60,43.59
2.58988,2,0.1267,0.119,0.093,5.414,5.635,0.9886,0.00899,269.52,54.68,0.5752404799999999,0.7305554096,2.33,5.262067e-09,3.984812e-09,5.045219e-09,3.821045e-09,89.96,90.00,8499.82,8503.91,43.69,43.72
2.59013,2,0.1267,0.119,0.093,5.414,5.635,0.9886,0.00899,269.52,54.68,0.5752394799999999,0.7305541395999999,2.33,5.264796e-09,3.98564e-09,5.041703e-09,3.82138e-09,89.84,90.29,8488.96,8531.49,43.62,43.88
2.59037,2,0.1268,0.119,0.093,5.414,5.635,0.9886,0.00899,269.52,54.68,0.57523852,0.7305529204,2.33,5.267562e-09,3.992953e-09,5.043224e-09,3.82254e-09,90.40,90.37,8541.60,8538.29,43.94,43.92
2.59063,2,0.1268,0.119,0.093,5.414,5.635,0.9886,0.00899,269.52,54.68,0.57523748,0.7305515995999999,2.33,5.2741e-09,3.997728e-09,5.049514e-09,3.826801e-09,90.38,90.32,8540.00,8533.62,43.93,43.90
2.59088,2,0.1268,0.119,0.093,5.414,5.635,0.9886,0.00899,269.52,54.68,0.5752364799999999,0.7305503295999999,2.33,5.278454e-09,4.002618e-09,5.059845e-09,3.830623e-09,90.53,89.93,8554.04,8496.91,44.02,43.67
2.59112,2,0.1268,0.119,0.093,5.414,5.635,0.9886,0.00899,269.52,54.68,0.57523552,0.7305491104,2.33,5.292745e-09,4.014846e-09,5.067373e-09,3.839682e-09,90.66,90.25,8566.32,8527.63,44.09,43.86
2.59138,2,0.1269,0.119,0.093,5.413,5.635,0.9886,0.00899,269.52,54.68,0.57523448,0.7305477896,2.33,5.294776e-09,4.024966e-09,5.076644e-09,3.848097e-09,91.54,90.46,8649.43,8547.09,44.60,43.98
2.59163,2,0.1269,0.119,0.093,5.413,5.635,0.9886,0.00899,269.52,54.68,0.57523348,0.7305465195999999,2.33,5.307368e-09,4.032821e-09,5.08933e-09,3.862739e-09,91.38,90.95,8634.10,8593.29,44.51,44.26
2.59187,2,0.1269,0.119,0.093,5.413,5.635,0.9886,0.00899,269.52,54.68,0.5752325199999999,0.7305453003999999,2.33,5.322256e-09,4.042903e-09,5.102709e-09,3.87293e-09,91.26,90.95,8623.17,8593.63,44.44,44.26
2.59212,2,0.1269,0.119,0.093,5.413,5.635,0.9886,0.00899,269.52,54.68,0.57523152,0.7305440304,2.33,5.3357e-09,4.054643e-09,5.120192e-09,3.886071e-09,91.41,90.94,8636.71,8592.45,44.52,44.25
2.59238,2,0.1270,0.119,0.093,5.413,5.635,0.9886,0.00899,269.52,54.68,0.57523048,0.7305427096,2.33,5.35633e-09,4.071097e-09,5.137118e-09,3.902739e-09,91.55,91.38,8650.39,8634.29,44.61,44.51
2.59262,2,0.1270,0.119,0.093,5.413,5.635,0.9886,0.00899,269.52,54.68,0.5752295199999999,0.7305414903999999,2.33,5.371446e-09,4.086155e-09,5.159096e-09,3.919011e-09,91.89,91.34,8681.99,8630.40,44.80,44.48
2.59287,2,0.1270,0.119,0.093,5.413,5.635,0.9886,0.00899,269.52,54.68,0.5752285199999999,0.7305402203999999,2.33,5.389812e-09,4.100186e-09,5.181328e-09,3.939498e-09,91.89,91.69,8682.52,8663.33,44.80,44.68
2.59313,2,0.1270,0.118,0.093,5.413,5.635,0.9886,0.00899,269.52,54.68,0.57522748,0.7305388996000001,2.33,5.409174e-09,4.116635e-09,5.204215e-09,3.95475e-09,92.05,91.48,8697.40,8643.42,44.89,44.56
2.59337,2,0.1271,0.118,0.092,5.413,5.635,0.9886,0.00899,269.52,54.68,0.57522652,0.7305376804,2.33,5.433788e-09,4.135964e-09,5.228176e-09,3.974342e-09,92.18,91.69,8709.80,8663.09,44.97,44.68
2.59362,2,0.1271,0.118,0.092,5.413,5.635,0.9886,0.00899,269.52,54.68,0.5752255199999999,0.7305364104,2.33,5.454994e-09,4.154914e-09,5.254309e-09,3.996671e-09,92.44,91.92,8734.53,8685.41,45.12,44.82
2.59388,2,0.1271,0.118,0.092,5.413,5.635,0.9886,0.00899,269.53,54.68,0.5752244799999999,0.7305350895999999,2.33,5.483709e-09,4.171734e-09,5.276188e-09,4.015158e-09,91.98,92.10,8690.37,8702.11,44.85,44.92
2.59413,2,0.1271,0.118,0.092,5.413,5.635,0.9886,0.00899,269.53,54.68,0.57522348,0.7305338196,2.33,5.514685e-09,4.19374e-09,5.304343e-09,4.035207e-09,91.83,91.97,8676.89,8689.71,44.77,44.85
2.59437,2,0.1272,0.118,0.092,5.413,5.635,0.9886,0.00899,269.53,54.68,0.57522252,0.7305326004,2.33,5.544291e-09,4.213088e-09,5.328431e-09,4.053552e-09,91.62,92.04,8656.55,8696.72,44.64,44.89
2.59463,2,0.1272,0.118,0.092,5.413,5.635,0.9886,0.00899,269.53,54.68,0.57522148,0.7305312796,2.33,5.575852e-09,4.235885e-09,5.354595e-09,4.073252e-09,91.51,92.02,8646.47,8694.90,44.58,44.88
2.59488,2,0.1272,0.118,0.092,5.413,5.635,0.9886,0.00899,269.53,54.68,0.5752204799999999,0.7305300095999999,2.33,5.608464e-09,4.25946e-09,5.381508e-09,4.095244e-09,91.40,92.17,8636.34,8708.40,44.52,44.96
2.59512,2,0.1272,0.118,0.092,5.413,5.635,0.9886,0.00899,269.53,54.68,0.57521952,0.7305287904,2.33,5.637577e-09,4.283336e-09,5.408242e-09,4.11225e-09,91.56,91.86,8651.17,8678.92,44.61,44.78
2.59538,2,0.1272,0.118,0.092,5.413,5.635,0.9886,0.00899,269.53,54.68,0.57521848,0.7305274696,2.33,5.679071e-09,4.309687e-09,5.436411e-09,4.131471e-09,91.11,91.65,8608.14,8659.70,44.35,44.66
2.59563,2,0.1273,0.118,0.092,5.413,5.635,0.9886,0.00899,269.53,54.68,0.57521748,0.7305261996,2.33,5.709115e-09,4.33441e-09,5.457806e-09,4.146835e-09,91.35,91.64,8630.78,8658.71,44.49,44.66
2.59587,2,0.1273,0.118,0.092,5.413,5.635,0.9886,0.00899,269.53,54.68,0.57521652,0.7305249804,2.33,5.748429e-09,4.363208e-09,5.485505e-09,4.17118e-09,91.25,91.94,8622.17,8687.32,44.43,44.83
2.59612,2,0.1273,0.118,0.092,5.413,5.635,0.9886,0.00899,269.53,54.68,0.57521552,0.7305237104,2.33,5.781866e-09,4.387716e-09,5.511273e-09,4.188093e-09,91.18,91.70,8615.07,8664.17,44.39,44.69
2.59638,2,0.1273,0.118,0.092,5.413,5.635,0.9886,0.00899,269.53,54.68,0.57521448,0.7305223895999999,2.33,5.825031e-09,4.418939e-09,5.540226e-09,4.209342e-09,91.05,91.63,8602.68,8657.72,44.32,44.65
2.59662,2,0.1274,0.118,0.092,5.413,5.635,0.9886,0.00899,269.53,54.68,0.5752135199999999,0.7305211703999999,2.33,5.868393e-09,4.44378e-09,5.56567e-09,4.22822e-09,90.44,91.66,8545.27,8660.65,43.97,44.67
2.59687,2,0.1274,0.118,0.092,5.413,5.635,0.9886,0.00899,269.53,54.68,0.57521252,0.7305199004,2.33,5.903718e-09,4.47157e-09,5.594796e-09,4.250041e-09,90.53,91.63,8553.47,8658.05,44.02,44.65
2.59713,2,0.1274,0.118,0.092,5.413,5.635,0.9886,0.00899,269.53,54.68,0.57521148,0.7305185796,2.33,5.946748e-09,4.500755e-09,5.624238e-09,4.272311e-09,90.25,91.63,8526.87,8657.25,43.85,44.65
2.59737,2,0.1274,0.118,0.092,5.413,5.635,0.9886,0.00899,269.53,54.68,0.57521052,0.7305173603999999,2.33,5.987348e-09,4.531559e-09,5.658396e-09,4.296329e-09,90.25,91.45,8527.46,8641.11,43.86,44.55
2.59762,2,0.1275,0.118,0.092,5.413,5.635,0.9886,0.00900,269.53,54.68,0.5752095199999999,0.7305160903999999,2.33,6.023374e-09,4.559859e-09,5.689431e-09,4.318722e-09,90.41,91.42,8542.11,8638.15,43.95,44.53
2.59788,2,0.1275,0.118,0.092,5.413,5.635,0.9886,0.00900,269.53,54.68,0.5752084799999999,0.7305147696,2.33,6.065432e-09,4.59211e-09,5.721912e-09,4.346446e-09,90.44,91.69,8545.26,8663.54,43.97,44.69
2.59813,2,0.1275,0.118,0.092,5.413,5.635,0.9886,0.00900,269.53,54.68,0.57520748,0.7305134996,2.33,6.10664e-09,4.61818e-09,5.755147e-09,4.37355e-09,90.03,91.85,8506.37,8678.88,43.73,44.78
2.59837,2,0.1275,0.118,0.092,5.413,5.635,0.9886,0.00900,269.53,54.68,0.5752065199999999,0.7305122803999999,2.33,6.149111e-09,4.649756e-09,5.789911e-09,4.401346e-09,89.99,91.97,8502.30,8690.21,43.70,44.85
2.59863,2,0.1276,0.118,0.092,5.412,5.635,0.9886,0.00900,269.53,54.68,0.5752054799999999,0.7305109595999999,2.33,6.190656e-09,4.67988e-09,5.824539e-09,4.427454e-09,89.95,92.03,8499.35,8695.25,43.69,44.88
2.59888,2,0.1276,0.118,0.092,5.412,5.635,0.9886,0.00900,269.53,54.68,0.5752044799999999,0.7305096895999998,2.33,6.231702e-09,4.709368e-09,5.862514e-09,4.461106e-09,89.83,92.44,8487.97,8734.32,43.62,45.12
2.59912,2,0.1276,0.118,0.092,5.412,5.635,0.9886,0.00900,269.53,54.68,0.57520352,0.7305084704,2.33,6.27016e-09,4.742208e-09,5.898269e-09,4.489852e-09,90.13,92.57,8515.73,8746.85,43.78,45.19
2.59938,2,0.1276,0.118,0.092,5.412,5.635,0.9886,0.00900,269.53,54.68,0.57520248,0.7305071496,2.33,6.307357e-09,4.769805e-09,5.935187e-09,4.521244e-09,90.09,92.86,8511.81,8773.58,43.76,45.35
2.59963,2,0.1277,0.118,0.092,5.412,5.635,0.9886,0.00900,269.53,54.68,0.5752014799999999,0.7305058795999999,2.33,6.33876e-09,4.79554e-09,5.974172e-09,4.553279e-09,90.31,93.13,8532.98,8799.42,43.89,45.51
2.59987,2,0.1277,0.118,0.092,5.412,5.635,0.9886,0.00900,269.53,54.68,0.57520052,0.7305046604,2.33,6.374609e-09,4.825925e-09,6.006723e-09,4.581763e-09,90.56,93.45,8556.75,8829.19,44.03,45.69
2.60012,2,0.1277,0.118,0.092,5.412,5.635,0.9886,0.00900,269.53,54.68,0.57519952,0.7305033904,2.33,6.410799e-09,4.851492e-09,6.046041e-09,4.612699e-09,90.42,93.53,8543.48,8836.82,43.95,45.74
2.60038,2,0.1277,0.118,0.092,5.412,5.635,0.9886,0.00900,269.53,54.68,0.57519848,0.7305020696,2.33,6.467801e-09,4.897755e-09,6.101026e-09,4.657335e-09,90.66,93.75,8565.95,8858.38,44.09,45.87
2.60062,2,0.1277,0.118,0.092,5.412,5.635,0.9886,0.00900,269.53,54.68,0.5751975199999999,0.7305008503999999,2.33,6.481905e-09,4.906156e-09,6.110314e-09,4.667057e-09,90.49,93.98,8549.59,8879.54,43.99,46.00
2.60087,2,0.1278,0.118,0.092,5.412,5.635,0.9886,0.00900,269.53,54.68,0.57519652,0.7304995804,2.33,6.507083e-09,4.931537e-09,6.142752e-09,4.693867e-09,91.04,94.22,8601.65,8902.82,44.31,46.14
2.60113,2,0.1278,0.117,0.092,5.412,5.635,0.9886,0.00900,269.53,54.68,0.57519548,0.7304982596,2.33,6.538474e-09,4.951654e-09,6.174427e-09,4.715489e-09,90.76,94.00,8575.08,8881.89,44.15,46.01
2.60137,2,0.1278,0.117,0.092,5.412,5.635,0.9886,0.00900,269.53,54.68,0.5751945199999999,0.7304970404,2.33,6.57204e-09,4.979174e-09,6.204171e-09,4.738884e-09,90.91,94.06,8590.01,8887.28,44.24,46.05
2.60162,2,0.1278,0.117,0.092,5.412,5.635,0.9886,0.00900,269.53,54.68,0.57519352,0.7304957704,2.33,6.598428e-09,4.998748e-09,6.233162e-09,4.756686e-09,90.88,93.70,8587.05,8853.07,44.22,45.84
2.60188,2,0.1279,0.117,0.092,5.412,5.635,0.9886,0.00900,269.53,54.68,0.57519248,0.7304944496,2.33,6.621172e-09,5.020238e-09,6.254786e-09,4.775896e-09,91.27,94.00,8623.94,8881.25,44.44,46.01
2.60213,2,0.1279,0.117,0.092,5.412,5.635,0.9886,0.00900,269.53,54.68,0.57519148,0.7304931795999999,2.33,6.65156e-09,5.04301e-09,6.276558e-09,4.794589e-09,91.25,94.17,8622.05,8897.49,44.43,46.11
2.60237,2,0.1279,0.117,0.092,5.412,5.635,0.9886,0.00900,269.53,54.68,0.5751905199999999,0.7304919604,2.33,6.678818e-09,5.060451e-09,6.299578e-09,4.805396e-09,91.01,93.61,8599.38,8844.65,44.29,45.79
2.60263,2,0.1279,0.117,0.092,5.412,5.635,0.9886,0.00900,269.53,54.68,0.5751894799999999,0.7304906395999999,2.33,6.700172e-09,5.077466e-09,6.309068e-09,4.821687e-09,91.08,94.36,8605.22,8915.21,44.33,46.22
2.60288,2,0.1280,0.117,0.092,5.412,5.635,0.9886,0.00900,269.53,54.68,0.57518848,0.7304893696,2.33,6.723563e-09,5.098369e-09,6.324067e-09,4.829036e-09,91.38,94.09,8634.16,8890.05,44.50,46.06
2.60312,2,0.1280,0.117,0.092,5.412,5.635,0.9886,0.00900,269.53,54.68,0.57518752,0.7304881503999999,2.33,6.743296e-09,5.111224e-09,6.339468e-09,4.838446e-09,91.23,93.90,8619.45,8871.83,44.41,45.95
2.60338,2,0.1280,0.117,0.092,5.412,5.635,0.9886,0.00900,269.53,54.68,0.5751864799999999,0.7304868295999999,2.33,6.770483e-09,5.131767e-09,6.342281e-09,4.844293e-09,91.22,94.20,8619.01,8900.54,44.41,46.13
2.60363,2,0.1280,0.117,0.092,5.412,5.635,0.9886,0.00900,269.53,54.68,0.5751854799999999,0.7304855596,2.33,6.788774e-09,5.146403e-09,6.355055e-09,4.852203e-09,91.28,94.05,8624.36,8886.22,44.44,46.04
2.60387,2,0.1281,0.117,0.092,5.412,5.635,0.9886,0.00900,269.53,54.68,0.57518452,0.7304843404,2.33,6.811764e-09,5.159863e-09,6.359648e-09,4.854461e-09,91.06,94.02,8603.74,8883.49,44.32,46.02
2.60412,2,0.1281,0.117,0.092,5.412,5.635,0.9886,0.00900,269.53,54.68,0.57518352,0.7304830703999999,2.33,6.829405e-09,5.175275e-09,6.364724e-09,4.858648e-09,91.21,94.05,8617.81,8885.90,44.40,46.04
2.60438,2,0.1281,0.117,0.091,5.438,5.635,0.9886,0.00900,269.53,54.68,0.5751824799999999,0.7304817495999999,2.33,6.858502e-09,5.192343e-09,6.368327e-09,4.86358e-09,90.85,94.23,8584.10,8903.08,44.20,46.14
2.60462,2,0.1281,0.117,0.091,5.438,5.635,0.9886,0.00900,269.53,54.68,0.57518152,0.7304805304,2.33,6.873244e-09,5.209393e-09,6.372275e-09,4.866283e-09,91.28,94.20,8624.24,8900.67,44.44,46.13
2.60487,2,0.1282,0.117,0.091,5.438,5.635,0.9886,0.00900,269.53,54.68,0.57518052,0.7304792604,2.33,6.891462e-09,5.219845e-09,6.374568e-09,4.865449e-09,91.11,94.06,8608.10,8887.63,44.35,46.05
2.60513,2,0.1282,0.117,0.091,5.438,5.635,0.9886,0.00900,269.53,54.68,0.57517948,0.7304779396,2.33,6.922016e-09,5.239786e-09,6.375534e-09,4.868672e-09,90.88,94.27,8586.47,8906.84,44.21,46.16
2.60537,2,0.1282,0.117,0.091,5.438,5.635,0.9886,0.00900,269.53,54.68,0.5751785199999999,0.7304767203999999,2.33,6.944845e-09,5.260599e-09,6.383623e-09,4.872244e-09,91.13,94.05,8610.26,8886.73,44.36,46.04
2.60562,2,0.1282,0.117,0.091,5.438,5.635,0.9886,0.00900,269.53,54.68,0.57517752,0.7304754504000001,2.33,6.971229e-09,5.274754e-09,6.389918e-09,4.879804e-09,90.71,94.28,8571.19,8907.98,44.12,46.17
2.60588,2,0.1282,0.117,0.091,5.438,5.635,0.9886,0.00900,269.53,54.68,0.57517648,0.7304741296,2.33,6.993887e-09,5.290756e-09,6.395704e-09,4.880151e-09,90.63,93.95,8563.60,8876.64,44.07,45.98
2.60613,2,0.1283,0.117,0.091,5.438,5.635,0.9886,0.00900,269.53,54.68,0.57517548,0.7304728596,2.33,7.021513e-09,5.30942e-09,6.407329e-09,4.895711e-09,90.55,94.57,8555.48,8935.08,44.03,46.34
2.60637,2,0.1283,0.117,0.091,5.438,5.635,0.9886,0.00900,269.53,54.68,0.5751745199999999,0.7304716403999999,2.33,7.047065e-09,5.330125e-09,6.41822e-09,4.906477e-09,90.65,94.77,8564.60,8953.99,44.08,46.45
2.60663,2,0.1283,0.117,0.091,5.438,5.635,0.9886,0.00900,269.53,54.68,0.5751734799999999,0.7304703195999999,2.33,7.073861e-09,5.351688e-09,6.432592e-09,4.924328e-09,90.74,95.33,8573.12,9007.30,44.13,46.78
2.60688,2,0.1283,0.117,0.091,5.438,5.635,0.9886,0.00900,269.53,54.68,0.57517248,0.7304690496,2.33,7.114253e-09,5.36827e-09,6.45488e-09,4.939278e-09,89.78,95.16,8482.41,8990.90,43.58,46.68
2.60712,2,0.1284,0.117,0.091,5.438,5.635,0.9886,0.00900,269.53,54.68,0.5751715199999999,0.7304678304,2.33,7.143989e-09,5.392929e-09,6.483714e-09,4.954175e-09,90.00,94.65,8503.28,8942.80,43.71,46.38
2.60738,2,0.1284,0.117,0.091,5.438,5.635,0.9886,0.00900,269.53,54.68,0.5751704799999999,0.7304665095999999,2.33,7.181304e-09,5.418247e-09,6.505428e-09,4.97019e-09,89.80,94.60,8485.07,8938.41,43.60,46.36
2.60763,2,0.1284,0.117,0.091,5.438,5.635,0.9886,0.00900,269.53,54.68,0.57516948,0.7304652396,2.33,7.215785e-09,5.436629e-09,6.537603e-09,4.994789e-09,89.29,94.60,8436.82,8938.54,43.30,46.36
2.60787,2,0.1284,0.117,0.091,5.438,5.635,0.9886,0.00900,269.53,54.68,0.57516852,0.7304640203999999,2.33,7.257937e-09,5.467145e-09,6.574312e-09,5.022262e-09,89.21,94.56,8429.04,8934.22,43.26,46.33
2.60812,2,0.1285,0.117,0.091,5.438,5.635,0.9886,0.00900,269.53,54.68,0.5751675199999999,0.7304627504,2.33,7.299242e-09,5.493895e-09,6.615861e-09,5.056695e-09,88.99,94.84,8408.54,8961.38,43.13,46.50
2.60838,2,0.1285,0.117,0.091,5.438,5.635,0.9886,0.00900,269.53,54.68,0.5751664799999999,0.7304614295999999,2.33,7.337079e-09,5.523741e-09,6.665954e-09,5.090809e-09,89.08,94.52,8416.96,8930.32,43.18,46.31
2.60862,2,0.1285,0.117,0.091,5.438,5.635,0.9886,0.00900,269.53,54.68,0.57516552,0.7304602104,2.33,7.383488e-09,5.552813e-09,6.715151e-09,5.129909e-09,88.70,94.64,8381.13,8941.59,42.96,46.37
2.60887,2,0.1285,0.117,0.091,5.438,5.635,0.9886,0.00900,269.53,54.68,0.57516452,0.7304589403999999,2.33,7.429296e-09,5.584964e-09,6.765141e-09,5.169813e-09,88.56,94.77,8367.24,8954.17,42.88,46.45
2.60913,2,0.1286,0.117,0.091,5.438,5.635,0.9886,0.00900,269.53,54.68,0.57516348,0.7304576196,2.33,7.480381e-09,5.621978e-09,6.827676e-09,5.212621e-09,88.54,94.46,8365.42,8924.98,42.87,46.27
2.60938,2,0.1286,0.116,0.091,5.438,5.635,0.9886,0.00900,269.53,54.68,0.5751624799999999,0.7304563495999999,2.33,7.527616e-09,5.65782e-09,6.888373e-09,5.261188e-09,88.56,94.63,8367.16,8940.68,42.88,46.37
2.60962,2,0.1286,0.116,0.091,5.438,5.635,0.9886,0.00900,269.53,54.68,0.57516152,0.7304551304,2.33,7.576994e-09,5.695084e-09,6.956438e-09,5.308334e-09,88.56,94.26,8368.06,8906.29,42.88,46.16
2.60988,2,0.1286,0.116,0.091,5.438,5.635,0.9886,0.00900,269.53,54.68,0.57516048,0.7304538096,2.33,7.632646e-09,5.734969e-09,7.021268e-09,5.359119e-09,88.44,94.36,8356.65,8915.52,42.81,46.22
2.61013,2,0.1287,0.116,0.091,5.437,5.635,0.9886,0.00900,269.53,54.68,0.57515948,0.7304525395999999,2.33,7.691829e-09,5.770159e-09,7.088434e-09,5.406621e-09,87.94,94.16,8309.40,8896.29,42.53,46.10
2.61037,2,0.1287,0.116,0.091,5.437,5.635,0.9886,0.00900,269.53,54.68,0.57515852,0.7304513204,2.33,7.743814e-09,5.813432e-09,7.155452e-09,5.464316e-09,88.20,94.64,8333.93,8941.66,42.68,46.37
2.61063,2,0.1287,0.116,0.091,5.438,5.635,0.9886,0.00900,269.53,54.68,0.57515748,0.7304499996,2.33,7.802751e-09,5.856363e-09,7.22352e-09,5.512789e-09,88.12,94.38,8326.44,8917.65,42.63,46.23
2.61088,2,0.1287,0.116,0.091,5.438,5.635,0.9886,0.00900,269.53,54.68,0.57515648,0.7304487296,2.33,7.865514e-09,5.895686e-09,7.287601e-09,5.564768e-09,87.66,94.60,8282.60,8938.50,42.36,46.36
2.61112,2,0.1287,0.116,0.091,5.438,5.635,0.9886,0.00900,269.53,54.68,0.5751555199999999,0.7304475103999999,2.33,7.923005e-09,5.936882e-09,7.360673e-09,5.617266e-09,87.55,94.37,8272.05,8916.35,42.30,46.22
2.61137,2,0.1288,0.116,0.091,5.437,5.635,0.9886,0.00900,269.53,54.68,0.57515452,0.7304462404000001,2.33,7.982632e-09,5.975264e-09,7.422894e-09,5.66579e-09,87.25,94.51,8243.81,8930.19,42.13,46.30
2.61163,2,0.1288,0.116,0.091,5.437,5.635,0.9886,0.00900,269.53,54.68,0.57515348,0.7304449196,2.33,8.040265e-09,6.022717e-09,7.481716e-09,5.711303e-09,87.50,94.56,8267.35,8934.26,42.27,46.33
2.61187,2,0.1288,0.116,0.091,5.437,5.635,0.9886,0.00900,269.53,54.68,0.57515252,0.7304437004,2.33,8.105224e-09,6.07101e-09,7.539908e-09,5.756082e-09,87.48,94.58,8265.37,8936.60,42.26,46.34
2.61212,2,0.1288,0.116,0.091,5.437,5.635,0.9886,0.00900,269.53,54.68,0.5751515199999999,0.7304424303999999,2.33,8.172023e-09,6.115749e-09,7.599561e-09,5.804211e-09,87.18,94.76,8236.95,8953.48,42.08,46.45
2.61238,2,0.1289,0.116,0.091,5.437,5.635,0.9886,0.00900,269.53,54.68,0.5751504799999999,0.7304411095999999,2.33,8.229742e-09,6.164401e-09,7.656506e-09,5.844857e-09,87.55,94.64,8272.44,8941.99,42.30,46.38
2.61262,2,0.1289,0.116,0.091,5.437,5.635,0.9886,0.00900,269.53,54.68,0.57514952,0.7304398904,2.33,8.290107e-09,6.214005e-09,7.697065e-09,5.877238e-09,87.80,94.74,8295.78,8951.13,42.44,46.43
2.61287,2,0.1289,0.116,0.091,5.437,5.635,0.9886,0.00900,269.53,54.68,0.5751485199999999,0.7304386204,2.33,8.351239e-09,6.255199e-09,7.743609e-09,5.914735e-09,87.54,94.87,8271.34,8963.67,42.29,46.51
2.61313,2,0.1289,0.116,0.091,5.437,5.635,0.9886,0.00900,269.53,54.68,0.5751474799999999,0.7304372995999999,2.33,8.422195e-09,6.30572e-09,7.777002e-09,5.949023e-09,87.40,95.47,8257.64,9020.05,42.21,46.85
2.61338,2,0.1290,0.116,0.091,5.437,5.635,0.9886,0.00900,269.53,54.68,0.5751464799999999,0.7304360295999999,2.33,8.48613e-09,6.349876e-09,7.809432e-09,5.973233e-09,87.26,95.50,8244.86,9023.20,42.13,46.87
2.61362,2,0.1290,0.116,0.091,5.437,5.635,0.9886,0.00900,269.53,54.68,0.57514552,0.7304348103999999,2.33,8.546915e-09,6.398516e-09,7.83935e-09,5.991808e-09,87.43,95.21,8261.05,8995.69,42.23,46.70
2.61388,2,0.1290,0.116,0.091,5.437,5.635,0.9886,0.00900,269.53,54.68,0.57514448,0.7304334896,2.33,8.610073e-09,6.446478e-09,7.875635e-09,6.008503e-09,87.47,94.47,8264.52,8926.11,42.25,46.28
2.61413,2,0.1290,0.116,0.091,5.437,5.635,0.9886,0.00900,269.53,54.68,0.5751434799999999,0.7304322195999999,2.33,8.668924e-09,6.491586e-09,7.900064e-09,6.027395e-09,87.53,94.49,8269.82,8927.70,42.28,46.29
2.61437,2,0.1291,0.116,0.091,5.437,5.635,0.9886,0.00900,269.53,54.68,0.57514252,0.7304310004,2.33,8.736321e-09,6.538762e-09,7.917503e-09,6.041257e-09,87.42,94.60,8259.66,8938.09,42.22,46.35
2.61463,2,0.1291,0.116,0.091,5.437,5.635,0.9886,0.00900,269.53,54.68,0.57514148,0.7304296795999999,2.33,8.794723e-09,6.582197e-09,7.934947e-09,6.048152e-09,87.40,94.18,8258.28,8898.26,42.21,46.11
2.61488,2,0.1291,0.116,0.091,5.437,5.635,0.9886,0.00900,269.54,54.68,0.57514048,0.7304284096,2.33,8.848447e-09,6.629703e-09,7.961416e-09,6.056546e-09,87.79,93.41,8294.58,8826.06,42.43,45.67
2.61512,2,0.1291,0.116,0.091,5.437,5.635,0.9886,0.00900,269.54,54.68,0.5751395199999999,0.7304271903999999,2.33,8.918915e-09,6.674505e-09,7.979781e-09,6.063571e-09,87.37,92.97,8255.13,8784.01,42.19,45.41
2.61537,2,0.1291,0.116,0.090,5.437,5.635,0.9886,0.00900,269.54,54.68,0.57513852,0.7304259204,2.33,8.975164e-09,6.717355e-09,7.997405e-09,6.073331e-09,87.41,92.74,8259.11,8762.48,42.22,45.28
2.61563,2,0.1292,0.116,0.090,5.437,5.635,0.9886,0.00900,269.54,54.68,0.57513748,0.7304245996,2.33,9.027343e-09,6.759695e-09,8.009858e-09,6.077772e-09,87.65,92.49,8281.51,8739.29,42.36,45.14
2.61587,2,0.1292,0.116,0.090,5.437,5.635,0.9886,0.00900,269.54,54.68,0.5751365199999999,0.7304233803999999,2.33,9.080947e-09,6.803984e-09,8.029727e-09,6.088659e-09,87.86,92.23,8301.67,8714.43,42.48,44.99
2.61612,2,0.1292,0.116,0.090,5.437,5.635,0.9886,0.00900,269.54,54.68,0.57513552,0.7304221104,2.33,9.140868e-09,6.848445e-09,8.055256e-09,6.099361e-09,87.84,91.69,8299.56,8663.57,42.46,44.68
2.61638,2,0.1292,0.116,0.090,5.437,5.635,0.9886,0.00900,269.54,54.68,0.57513448,0.7304207896,2.33,9.199432e-09,6.882981e-09,8.078056e-09,6.110561e-09,87.37,91.32,8254.89,8628.30,42.19,44.47
2.61662,2,0.1293,0.116,0.090,5.437,5.635,0.9886,0.00900,269.54,54.68,0.57513352,0.7304195703999999,2.33,9.249169e-09,6.920577e-09,8.107344e-09,6.125837e-09,87.45,90.97,8263.09,8595.35,42.24,44.27
2.61687,2,0.1293,0.116,0.090,5.437,5.635,0.9886,0.00900,269.54,54.68,0.5751325199999999,0.7304183003999999,2.33,9.302012e-09,6.961126e-09,8.128642e-09,6.136851e-09,87.50,90.66,8267.86,8566.34,42.27,44.09
2.61713,2,0.1293,0.116,0.090,5.437,5.635,0.9886,0.00900,269.54,54.68,0.5751314799999999,0.7304169796,2.33,9.3523e-09,6.999702e-09,8.159371e-09,6.150316e-09,87.55,90.08,8272.29,8511.37,42.30,43.75
2.61738,2,0.1293,0.116,0.090,5.437,5.635,0.9886,0.00900,269.54,54.68,0.57513048,0.7304157096,2.33,9.415055e-09,7.037353e-09,8.190118e-09,6.17344e-09,87.09,90.08,8228.97,8511.07,42.03,43.75
2.61762,2,0.1294,0.115,0.090,5.436,5.635,0.9886,0.00900,269.54,54.68,0.57512952,0.7304144904,2.33,9.455978e-09,7.076441e-09,8.211768e-09,6.188407e-09,87.57,90.07,8274.41,8509.81,42.31,43.74
2.61788,2,0.1294,0.115,0.090,5.436,5.635,0.9886,0.00900,269.54,54.68,0.5751284799999999,0.7304131695999999,2.33,9.502712e-09,7.112444e-09,8.255961e-09,6.206021e-09,87.62,89.15,8279.17,8423.38,42.34,43.22
2.61813,2,0.1294,0.115,0.090,5.436,5.635,0.9886,0.00900,269.54,54.68,0.5751274799999999,0.7304118995999999,2.33,9.559457e-09,7.153022e-09,8.289505e-09,6.231729e-09,87.53,89.18,8270.46,8426.07,42.29,43.23
2.61837,2,0.1294,0.115,0.090,5.436,5.635,0.9886,0.00900,269.54,54.68,0.57512652,0.7304106804,2.33,9.611119e-09,7.189507e-09,8.327385e-09,6.256131e-09,87.43,88.95,8260.55,8404.02,42.23,43.10
2.61863,2,0.1295,0.115,0.090,5.436,5.635,0.9886,0.00900,269.54,54.68,0.57512548,0.7304093596,2.33,9.661545e-09,7.220454e-09,8.373762e-09,6.281749e-09,87.17,88.49,8236.26,8361.15,42.08,42.84
2.61888,2,0.1295,0.115,0.090,5.436,5.635,0.9886,0.00900,269.54,54.68,0.5751244799999999,0.7304080895999999,2.33,9.718399e-09,7.253626e-09,8.411029e-09,6.307725e-09,86.73,88.38,8194.60,8350.65,41.83,42.77
2.61912,2,0.1295,0.115,0.090,5.436,5.635,0.9886,0.00900,269.54,54.68,0.57512352,0.7304068704,2.33,9.758173e-09,7.290038e-09,8.460087e-09,6.339477e-09,87.05,88.10,8224.52,8324.20,42.01,42.61
2.61937,2,0.1295,0.115,0.090,5.436,5.635,0.9886,0.00900,269.54,54.68,0.57512252,0.7304056004,2.33,9.810118e-09,7.326689e-09,8.498938e-09,6.368845e-09,86.94,88.11,8214.96,8325.53,41.95,42.62
2.61963,2,0.1296,0.115,0.090,5.436,5.635,0.9886,0.00900,269.54,54.68,0.57512148,0.7304042796,2.33,9.865752e-09,7.359958e-09,8.549329e-09,6.396886e-09,86.63,87.65,8184.92,8281.74,41.77,42.36
2.61987,2,0.1296,0.115,0.090,5.436,5.635,0.9886,0.00900,269.54,54.68,0.5751205199999999,0.7304030603999999,2.33,9.910671e-09,7.392487e-09,8.589821e-09,6.429826e-09,86.58,87.79,8180.65,8295.28,41.74,42.44
2.62012,2,0.1296,0.115,0.090,5.436,5.635,0.9886,0.00900,269.54,54.68,0.57511952,0.7304017904,2.33,9.968757e-09,7.427268e-09,8.643147e-09,6.461837e-09,86.19,87.37,8143.77,8255.12,41.52,42.19
2.62038,2,0.1296,0.115,0.090,5.436,5.635,0.9886,0.00900,269.54,54.68,0.57511848,0.7304004696,2.33,1.001962e-08,7.461471e-09,8.693932e-09,6.496591e-09,86.02,87.20,8127.99,8238.97,41.42,42.09
2.62062,2,0.1296,0.115,0.090,5.436,5.635,0.9886,0.00900,269.54,54.68,0.5751175199999999,0.7303992504,2.33,1.007519e-08,7.490558e-09,8.750659e-09,6.535078e-09,85.47,86.99,8076.07,8219.54,41.10,41.98
2.62087,2,0.1297,0.115,0.090,5.436,5.635,0.9886,0.00900,269.54,54.68,0.5751165199999999,0.7303979803999999,2.33,1.012165e-08,7.531941e-09,8.803702e-09,6.563602e-09,85.84,86.48,8111.02,8171.36,41.32,41.68
2.62113,2,0.1297,0.115,0.090,5.436,5.635,0.9886,0.00900,269.54,54.68,0.57511548,0.7303966596,2.33,1.019145e-08,7.568778e-09,8.853834e-09,6.608076e-09,85.18,86.85,8048.24,8206.00,40.93,41.89
2.62138,2,0.1297,0.115,0.090,5.436,5.635,0.9886,0.00900,269.54,54.68,0.57511448,0.7303953896,2.33,1.023897e-08,7.60047e-09,8.916622e-09,6.645154e-09,85.02,86.35,8033.46,8158.64,40.84,41.61
2.62162,2,0.1297,0.115,0.090,5.436,5.635,0.9886,0.00900,269.54,54.68,0.5751135199999999,0.7303941703999999,2.33,1.030857e-08,7.643019e-09,8.968374e-09,6.685773e-09,84.63,86.45,7996.45,8168.47,40.62,41.67
2.62188,2,0.1298,0.115,0.090,5.436,5.635,0.9886,0.00900,269.54,54.68,0.5751124799999999,0.7303928496,2.33,1.036481e-08,7.684021e-09,9.030863e-09,6.728793e-09,84.67,86.34,7999.81,8157.79,40.64,41.60
2.62213,2,0.1298,0.115,0.090,5.436,5.635,0.9886,0.00900,269.54,54.68,0.57511148,0.7303915796,2.33,1.042776e-08,7.731435e-09,9.098341e-09,6.771204e-09,84.70,85.95,8002.79,8120.78,40.66,41.37
2.62237,2,0.1298,0.115,0.090,5.436,5.635,0.9886,0.00900,269.54,54.68,0.57511052,0.7303903603999999,2.33,1.049004e-08,7.769983e-09,9.159459e-09,6.81359e-09,84.38,85.80,7972.52,8106.36,40.47,41.29
2.62263,2,0.1298,0.115,0.090,5.436,5.635,0.9886,0.00900,269.54,54.68,0.57510948,0.7303890395999999,2.33,1.055819e-08,7.802334e-09,9.236421e-09,6.863396e-09,83.63,85.43,7901.72,8072.17,40.04,41.08
2.62288,2,0.1299,0.115,0.090,5.436,5.635,0.9886,0.00900,269.54,54.68,0.5751084799999999,0.7303877696,2.33,1.062299e-08,7.85736e-09,9.298772e-09,6.910263e-09,83.99,85.52,7935.43,8080.82,40.25,41.13
2.62312,2,0.1299,0.115,0.090,5.436,5.635,0.9886,0.00900,269.54,54.68,0.57510752,0.7303865504,2.33,1.069651e-08,7.899307e-09,9.37588e-09,6.960757e-09,83.48,85.20,7887.75,8050.17,39.96,40.94
2.62337,2,0.1299,0.115,0.090,5.436,5.635,0.9886,0.00900,269.54,54.68,0.57510652,0.7303852804,2.33,1.075614e-08,7.950405e-09,9.440757e-09,7.01472e-09,83.77,85.47,7914.63,8076.08,40.12,41.10
2.62363,2,0.1299,0.115,0.090,5.436,5.635,0.9886,0.00900,269.54,54.68,0.57510548,0.7303839595999999,2.33,1.082921e-08,7.99598e-09,9.514634e-09,7.070745e-09,83.43,85.53,7882.75,8081.12,39.93,41.13
2.62387,2,0.1300,0.115,0.090,5.436,5.635,0.9886,0.00900,269.54,54.68,0.57510452,0.7303827404000001,2.33,1.090699e-08,8.046944e-09,9.585922e-09,7.124501e-09,83.24,85.63,7864.66,8090.78,39.82,41.19
2.62412,2,0.1300,0.115,0.090,5.436,5.635,0.9886,0.00900,269.54,54.68,0.57510352,0.7303814704,2.33,1.097742e-08,8.093952e-09,9.67179e-09,7.179933e-09,83.04,85.24,7846.34,8054.14,39.70,40.97
2.62438,2,0.1300,0.115,0.090,5.436,5.635,0.9886,0.00900,269.54,54.68,0.57510248,0.7303801496,2.33,1.106109e-08,8.143929e-09,9.750719e-09,7.232106e-09,82.59,84.95,7803.61,8026.48,39.44,40.80
2.62462,2,0.1300,0.115,0.090,5.436,5.635,0.9886,0.00900,269.54,54.68,0.5751015199999999,0.7303789303999999,2.33,1.114094e-08,8.202004e-09,9.829733e-09,7.287401e-09,82.56,84.80,7801.02,8012.39,39.43,40.71
2.62487,2,0.1301,0.115,0.090,5.435,5.635,0.9886,0.00900,269.54,54.68,0.57510052,0.7303776604,2.33,1.121749e-08,8.252934e-09,9.910629e-09,7.36101e-09,82.42,85.48,7787.61,8076.40,39.35,41.10
2.62513,2,0.1301,0.115,0.090,5.435,5.635,0.9886,0.00900,269.54,54.68,0.57509948,0.7303763396,2.33,1.129043e-08,8.310583e-09,9.986032e-09,7.400021e-09,82.57,84.72,7801.77,8004.94,39.43,40.67
2.62538,2,0.1301,0.115,0.090,5.435,5.635,0.9886,0.00900,269.54,54.68,0.57509848,0.7303750696,2.33,1.137764e-08,8.36181e-09,1.00683e-08,7.463836e-09,82.09,84.85,7756.20,8016.77,39.15,40.74
2.62562,2,0.1301,0.115,0.090,5.435,5.635,0.9886,0.00900,269.54,54.68,0.5750975199999999,0.7303738503999999,2.33,1.146042e-08,8.419273e-09,1.015041e-08,7.521582e-09,81.97,84.71,7744.49,8003.92,39.08,40.66
2.62588,2,0.1301,0.115,0.090,5.435,5.635,0.9886,0.00900,269.54,54.68,0.5750964799999999,0.7303725295999999,2.33,1.153392e-08,8.480511e-09,1.022294e-08,7.577069e-09,82.23,84.79,7769.49,8011.02,39.24,40.71
2.62613,2,0.1302,0.114,0.090,5.435,5.635,0.9886,0.00900,269.54,54.68,0.57509548,0.7303712596,2.33,1.161578e-08,8.538647e-09,1.031952e-08,7.635905e-09,82.22,84.30,7768.14,7965.53,39.23,40.43
2.62637,2,0.1302,0.114,0.089,5.435,5.635,0.9886,0.00900,269.54,54.68,0.5750945199999999,0.7303700404,2.33,1.169877e-08,8.596935e-09,1.039639e-08,7.694147e-09,82.12,84.36,7759.14,7971.22,39.17,40.46
2.62663,2,0.1302,0.114,0.089,5.435,5.635,0.9886,0.00900,269.54,54.68,0.5750934799999999,0.7303687195999999,2.33,1.178088e-08,8.652777e-09,1.04742e-08,7.750674e-09,81.96,84.32,7743.96,7967.04,39.08,40.44
2.62688,2,0.1302,0.114,0.089,5.435,5.635,0.9886,0.00900,269.54,54.68,0.5750924799999999,0.7303674495999999,2.33,1.186283e-08,8.711693e-09,1.055597e-08,7.817413e-09,81.91,84.58,7739.70,7991.53,39.05,40.59
2.62712,2,0.1303,0.114,0.089,5.435,5.635,0.9886,0.00900,269.54,54.68,0.57509152,0.7303662303999999,2.33,1.193929e-08,8.773742e-09,1.063477e-08,7.880781e-09,82.19,84.85,7765.30,8017.32,39.21,40.74
2.62737,2,0.1303,0.114,0.089,5.435,5.635,0.9886,0.00900,269.54,54.68,0.5750905199999999,0.7303649604,2.33,1.202324e-08,8.831039e-09,1.072015e-08,7.936123e-09,82.03,84.53,7750.75,7986.51,39.12,40.56
2.62763,2,0.1303,0.114,0.089,5.435,5.635,0.9886,0.00900,269.54,54.68,0.5750894799999999,0.7303636396,2.33,1.21028e-08,8.88569e-09,1.080357e-08,8.002373e-09,81.90,84.71,7738.33,8003.82,39.05,40.66
2.62787,2,0.1303,0.114,0.089,5.435,5.635,0.9886,0.00900,269.54,54.68,0.57508852,0.7303624204,2.33,1.219174e-08,8.941117e-09,1.087998e-08,8.063708e-09,81.56,84.90,7706.32,8021.99,38.85,40.77
2.62812,2,0.1304,0.114,0.089,5.435,5.635,0.9886,0.00900,269.54,54.68,0.57508752,0.7303611503999999,2.33,1.226162e-08,9.003482e-09,1.096076e-08,8.126841e-09,82.00,85.10,7748.11,8040.61,39.11,40.89
2.62838,2,0.1304,0.114,0.089,5.435,5.635,0.9886,0.00900,269.54,54.68,0.57508648,0.7303598295999999,2.33,1.233513e-08,9.063919e-09,1.105466e-08,8.189265e-09,82.22,84.81,7768.95,8013.37,39.23,40.72
2.62862,2,0.1304,0.114,0.089,5.435,5.635,0.9886,0.00900,269.54,54.68,0.5750855199999999,0.7303586103999999,2.33,1.241656e-08,9.111417e-09,1.112753e-08,8.254831e-09,81.81,85.27,7729.49,8056.99,38.99,40.99
2.62887,2,0.1304,0.114,0.089,5.435,5.635,0.9886,0.00900,269.54,54.68,0.57508452,0.7303573404,2.33,1.249074e-08,9.167404e-09,1.120946e-08,8.318264e-09,81.86,85.38,7734.41,8066.96,39.02,41.05
2.62913,2,0.1305,0.114,0.089,5.435,5.635,0.9886,0.00900,269.54,54.68,0.57508348,0.7303560196,2.33,1.256352e-08,9.222904e-09,1.129482e-08,8.375165e-09,81.99,85.19,7746.91,8049.14,39.10,40.94
2.62938,2,0.1305,0.114,0.089,5.435,5.635,0.9886,0.00901,269.54,54.68,0.57508248,0.7303547495999999,2.33,1.262896e-08,9.266654e-09,1.136774e-08,8.432485e-09,81.85,85.32,7733.45,8061.16,39.02,41.01
2.62962,2,0.1305,0.114,0.089,5.435,5.635,0.9886,0.00901,269.54,54.68,0.57508152,0.7303535304000001,2.33,1.269152e-08,9.318578e-09,1.144421e-08,8.490249e-09,82.05,85.36,7752.26,8064.98,39.13,41.03
2.62988,2,0.1305,0.114,0.089,5.435,5.635,0.9886,0.00901,269.54,54.68,0.57508048,0.7303522096,2.33,1.277395e-08,9.378048e-09,1.152149e-08,8.555652e-09,82.01,85.67,7748.99,8094.56,39.11,41.21
2.63013,2,0.1306,0.114,0.089,5.435,5.635,0.9886,0.00901,269.54,54.68,0.57507948,0.7303509396,2.33,1.282551e-08,9.413112e-09,1.159361e-08,8.602407e-09,81.98,85.47,7746.29,8075.96,39.09,41.10
2.63037,2,0.1306,0.114,0.089,5.435,5.635,0.9886,0.00901,269.54,54.68,0.5750785199999999,0.7303497203999999,2.33,1.288503e-08,9.466424e-09,1.165979e-08,8.650197e-09,82.30,85.42,7776.01,8071.20,39.27,41.07
2.63063,2,0.1306,0.114,0.089,5.435,5.635,0.9886,0.00901,269.54,54.68,0.5750774799999999,0.7303483995999999,2.33,1.29571e-08,9.504755e-09,1.171809e-08,8.68336e-09,81.82,85.04,7731.20,8035.03,39.00,40.85
2.63088,2,0.1306,0.114,0.089,5.435,5.635,0.9886,0.00901,269.54,54.68,0.57507648,0.7303471296,2.33,1.30143e-08,9.545816e-09,1.178809e-08,8.72405e-09,81.80,84.62,7728.47,7995.46,38.98,40.61
2.63112,2,0.1306,0.114,0.089,5.435,5.635,0.9886,0.00901,269.54,54.68,0.57507552,0.7303459104,2.33,1.306253e-08,9.587479e-09,1.183853e-08,8.756595e-09,82.00,84.44,7747.53,7978.69,39.10,40.51
2.63137,2,0.1307,0.114,0.089,5.435,5.635,0.9886,0.00901,269.54,54.68,0.5750745199999999,0.7303446403999999,2.33,1.312529e-08,9.634724e-09,1.188357e-08,8.788512e-09,82.10,84.46,7757.03,7979.92,39.16,40.52
2.63163,2,0.1307,0.114,0.089,5.435,5.635,0.9886,0.00901,269.54,54.68,0.5750734799999999,0.7303433195999999,2.33,1.318703e-08,9.67245e-09,1.193451e-08,8.813106e-09,81.86,83.98,7734.20,7934.71,39.02,40.24
2.63187,2,0.1307,0.114,0.089,5.435,5.635,0.9886,0.00901,269.54,54.68,0.57507252,0.7303421004,2.33,1.323991e-08,9.70748e-09,1.197127e-08,8.826723e-09,81.74,83.49,7722.98,7888.48,38.95,39.96
2.63212,2,0.1307,0.114,0.089,5.435,5.635,0.9886,0.00901,269.54,54.68,0.57507152,0.7303408304,2.33,1.328481e-08,9.73597e-09,1.200276e-08,8.845812e-09,81.60,83.34,7709.83,7874.49,38.87,39.87
2.63238,2,0.1308,0.114,0.089,5.434,5.635,0.9886,0.00901,269.54,54.68,0.5750704799999999,0.7303395095999999,2.33,1.333282e-08,9.774729e-09,1.203067e-08,8.859108e-09,81.77,83.15,7726.30,7855.99,38.97,39.76
2.63262,2,0.1308,0.114,0.089,5.434,5.635,0.9886,0.00901,269.54,54.68,0.57506952,0.7303382904,2.33,1.337869e-08,9.804062e-09,1.20545e-08,8.864695e-09,81.64,82.72,7713.64,7815.98,38.89,39.52
2.63287,2,0.1308,0.114,0.089,5.434,5.635,0.9886,0.00901,269.54,54.68,0.57506852,0.7303370203999999,2.33,1.342825e-08,9.832058e-09,1.207194e-08,8.867665e-09,81.38,82.38,7689.28,7783.29,38.75,39.32
2.63313,2,0.1308,0.114,0.089,5.434,5.635,0.9886,0.00901,269.54,54.68,0.57506748,0.7303356996,2.33,1.345985e-08,9.866284e-09,1.209032e-08,8.86803e-09,81.72,81.92,7721.68,7740.10,38.94,39.05
2.63338,2,0.1309,0.114,0.089,5.434,5.635,0.9886,0.00901,269.54,54.68,0.5750664799999999,0.7303344296,2.33,1.351224e-08,9.889748e-09,1.210533e-08,8.869134e-09,81.33,81.64,7684.11,7713.69,38.71,38.89
2.63362,2,0.1309,0.114,0.089,5.434,5.635,0.9886,0.00901,269.54,54.68,0.57506552,0.7303332104,2.33,1.354356e-08,9.919012e-09,1.211202e-08,8.872235e-09,81.52,81.58,7702.47,7707.84,38.83,38.86
2.63388,2,0.1309,0.114,0.089,5.434,5.635,0.9886,0.00901,269.54,54.68,0.57506448,0.7303318896,2.33,1.358841e-08,9.944771e-09,1.211778e-08,8.872031e-09,81.30,81.43,7682.01,7693.50,38.70,38.77
2.63413,2,0.1309,0.114,0.089,5.434,5.635,0.9886,0.00901,269.54,54.68,0.57506348,0.7303306196,2.33,1.362563e-08,9.966455e-09,1.21203e-08,8.869526e-09,81.14,81.28,7666.08,7679.43,38.60,38.69
2.63437,2,0.1310,0.114,0.089,5.434,5.635,0.9886,0.00901,269.54,54.68,0.5750625199999999,0.7303294003999999,2.33,1.367296e-08,9.98847e-09,1.212709e-08,8.872552e-09,80.82,81.27,7636.05,7679.03,38.42,38.68
2.63463,2,0.1310,0.113,0.089,5.434,5.635,0.9886,0.00901,269.54,54.68,0.57506148,0.7303280796,2.33,1.369824e-08,1.002052e-08,1.21314e-08,8.874744e-09,81.22,81.24,7674.39,7675.67,38.65,38.66
2.63488,2,0.1310,0.113,0.089,5.434,5.635,0.9886,0.00901,269.54,54.68,0.57506048,0.7303268096,2.33,1.373769e-08,1.004574e-08,1.214066e-08,8.884082e-09,81.11,81.32,7664.05,7683.93,38.59,38.71
2.63512,2,0.1310,0.113,0.089,5.434,5.635,0.9886,0.00901,269.54,54.68,0.5750595199999999,0.7303255903999999,2.33,1.377458e-08,1.006405e-08,1.21498e-08,8.890647e-09,80.85,81.32,7639.58,7683.53,38.44,38.71
2.63537,2,0.1310,0.113,0.089,5.434,5.635,0.9886,0.00901,269.54,54.68,0.5750585199999999,0.7303243203999998,2.33,1.381797e-08,1.009138e-08,1.215224e-08,8.895822e-09,80.73,81.44,7627.31,7694.46,38.37,38.78
2.63563,2,0.1311,0.113,0.089,5.434,5.635,0.9886,0.00901,269.54,54.68,0.57505748,0.7303229996,2.33,1.384594e-08,1.011328e-08,1.21723e-08,8.906112e-09,80.83,81.35,7637.25,7686.18,38.43,38.73
2.63587,2,0.1311,0.113,0.089,5.434,5.635,0.9886,0.00901,269.55,54.68,0.57505652,0.7303217804,2.33,1.387739e-08,1.013737e-08,1.219552e-08,8.915989e-09,80.86,81.11,7640.38,7663.40,38.45,38.59
2.63612,2,0.1311,0.113,0.089,5.434,5.635,0.9886,0.00901,269.55,54.68,0.5750555199999999,0.7303205103999999,2.33,1.391927e-08,1.01599e-08,1.220728e-08,8.937289e-09,80.63,81.54,7617.95,7704.12,38.31,38.83
2.63638,2,0.1311,0.113,0.089,5.434,5.635,0.9886,0.00901,269.55,54.68,0.5750544799999999,0.7303191895999999,2.33,1.395404e-08,1.017132e-08,1.222231e-08,8.949804e-09,80.22,81.59,7579.43,7708.97,38.08,38.86
2.63662,2,0.1312,0.113,0.089,5.434,5.635,0.9886,0.00901,269.55,54.68,0.57505352,0.7303179704,2.33,1.39854e-08,1.018802e-08,1.224678e-08,8.964191e-09,80.10,81.53,7568.33,7703.52,38.01,38.83
2.63687,2,0.1312,0.113,0.089,5.434,5.635,0.9886,0.00901,269.55,54.68,0.57505252,0.7303167004,2.33,1.401044e-08,1.02103e-08,1.227017e-08,8.988049e-09,80.22,81.76,7579.37,7725.12,38.08,38.96
2.63713,2,0.1312,0.113,0.089,5.434,5.635,0.9886,0.00901,269.55,54.68,0.57505148,0.7303153795999999,2.33,1.404407e-08,1.023101e-08,1.230211e-08,9.002728e-09,80.11,81.47,7569.01,7697.26,38.01,38.79
2.63738,2,0.1312,0.113,0.089,5.434,5.635,0.9886,0.00901,269.55,54.68,0.5750504799999999,0.7303141095999999,2.33,1.408741e-08,1.024604e-08,1.23309e-08,9.030299e-09,79.63,81.68,7524.27,7717.98,37.74,38.92
2.63762,2,0.1313,0.113,0.089,5.434,5.635,0.9886,0.00901,269.55,54.68,0.57504952,0.7303128904,2.33,1.411659e-08,1.026644e-08,1.236479e-08,9.059133e-09,79.67,81.88,7527.79,7736.67,37.76,39.03
2.63788,2,0.1313,0.113,0.088,5.434,5.635,0.9886,0.00901,269.55,54.68,0.57504848,0.7303115696,2.33,1.413706e-08,1.028277e-08,1.239565e-08,9.085289e-09,79.72,82.00,7531.91,7748.24,37.79,39.10
2.63813,2,0.1313,0.113,0.088,5.434,5.635,0.9886,0.00901,269.55,54.68,0.5750474799999999,0.7303102995999999,2.33,1.416622e-08,1.029497e-08,1.243824e-08,9.113384e-09,79.46,81.90,7507.81,7738.31,37.64,39.04
2.63837,2,0.1313,0.113,0.088,5.434,5.635,0.9886,0.00901,269.55,54.68,0.57504652,0.7303090804,2.33,1.420234e-08,1.031979e-08,1.247058e-08,9.139525e-09,79.42,81.98,7504.01,7746.07,37.62,39.09
2.63863,2,0.1314,0.113,0.088,5.434,5.635,0.9886,0.00901,269.55,54.68,0.57504548,0.7303077596,2.33,1.421831e-08,1.034007e-08,1.251232e-08,9.173186e-09,79.73,82.15,7532.84,7761.69,37.79,39.19
2.63888,2,0.1314,0.113,0.088,5.434,5.635,0.9886,0.00901,269.55,54.68,0.57504448,0.7303064896,2.33,1.425031e-08,1.035459e-08,1.254508e-08,9.192177e-09,79.48,81.98,7509.57,7745.82,37.65,39.09
2.63912,2,0.1314,0.113,0.088,5.434,5.635,0.9886,0.00901,269.55,54.68,0.5750435199999999,0.7303052703999999,2.33,1.427456e-08,1.036496e-08,1.257962e-08,9.208506e-09,79.28,81.68,7490.40,7717.66,37.53,38.92
2.63937,2,0.1314,0.113,0.088,5.434,5.635,0.9886,0.00901,269.55,54.68,0.57504252,0.7303040004,2.33,1.430197e-08,1.037558e-08,1.261088e-08,9.248068e-09,79.02,82.23,7466.02,7769.95,37.39,39.24
2.63963,2,0.1315,0.113,0.088,5.433,5.635,0.9886,0.00901,269.55,54.68,0.57504148,0.7303026796,2.33,1.433001e-08,1.038881e-08,1.263755e-08,9.252662e-09,78.88,81.80,7453.11,7728.98,37.31,38.99
2.63987,2,0.1315,0.113,0.088,5.433,5.635,0.9886,0.00901,269.55,54.68,0.5750405199999999,0.7303014604,2.33,1.434223e-08,1.039822e-08,1.266395e-08,9.265472e-09,78.90,81.59,7454.54,7708.73,37.32,38.86
2.64012,2,0.1315,0.113,0.088,5.433,5.635,0.9886,0.00901,269.55,54.68,0.5750395199999999,0.7303001903999999,2.33,1.436356e-08,1.041013e-08,1.268886e-08,9.284851e-09,78.80,81.62,7445.30,7712.31,37.26,38.88
2.64038,2,0.1315,0.113,0.088,5.433,5.635,0.9886,0.00901,269.55,54.68,0.5750384799999999,0.7302988695999999,2.33,1.439115e-08,1.041792e-08,1.271777e-08,9.299959e-09,78.46,81.43,7413.74,7693.66,37.07,38.77
2.64062,2,0.1315,0.113,0.088,5.433,5.635,0.9886,0.00901,269.55,54.68,0.57503752,0.7302976503999999,2.33,1.439557e-08,1.042708e-08,1.273781e-08,9.309142e-09,78.63,81.25,7429.12,7676.87,37.16,38.67
2.64087,2,0.1316,0.113,0.088,5.433,5.635,0.9886,0.00901,269.55,54.68,0.5750365199999999,0.7302963803999999,2.33,1.4412e-08,1.043431e-08,1.276365e-08,9.32465e-09,78.56,81.20,7422.71,7672.38,37.12,38.64
2.64113,2,0.1316,0.113,0.088,5.433,5.635,0.9886,0.00901,269.55,54.68,0.5750354799999999,0.7302950596,2.33,1.443514e-08,1.043791e-08,1.277963e-08,9.323427e-09,78.20,80.79,7388.98,7633.19,36.92,38.40
2.64138,2,0.1316,0.113,0.088,5.433,5.635,0.9886,0.00901,269.55,54.68,0.57503448,0.7302937896,2.33,1.443722e-08,1.043278e-08,1.279411e-08,9.334326e-09,78.02,80.80,7372.05,7634.21,36.81,38.41
2.64162,2,0.1316,0.113,0.088,5.433,5.635,0.9886,0.00901,269.55,54.68,0.57503352,0.7302925704,2.33,1.443845e-08,1.044819e-08,1.281317e-08,9.33862e-09,78.42,80.49,7409.17,7605.26,37.04,38.23
2.64188,2,0.1317,0.113,0.088,5.433,5.635,0.9886,0.00901,269.55,54.68,0.57503248,0.7302912495999999,2.33,1.445109e-08,1.044652e-08,1.282553e-08,9.342555e-09,78.18,80.39,7387.12,7595.82,36.90,38.17
2.64213,2,0.1317,0.113,0.088,5.433,5.635,0.9886,0.00901,269.55,54.68,0.5750314799999999,0.7302899796,2.33,1.445247e-08,1.043828e-08,1.283679e-08,9.352775e-09,77.93,80.46,7363.61,7601.86,36.76,38.21
2.64237,2,0.1317,0.113,0.088,5.433,5.635,0.9886,0.00901,269.55,54.68,0.57503052,0.7302887604,2.33,1.443696e-08,1.043746e-08,1.285083e-08,9.350399e-09,78.21,80.06,7390.07,7564.29,36.92,37.98
2.64262,2,0.1317,0.113,0.088,5.433,5.635,0.9886,0.00901,269.55,54.68,0.57502952,0.7302874904,2.33,1.444236e-08,1.04386e-08,1.286792e-08,9.364173e-09,78.14,80.10,7383.01,7568.26,36.88,38.01
2.64288,2,0.1318,0.113,0.088,5.433,5.635,0.9886,0.00901,269.55,54.68,0.57502848,0.7302861695999999,2.33,1.441158e-08,1.04175e-08,1.287612e-08,9.367189e-09,78.23,80.07,7391.55,7565.25,36.93,37.99
2.64312,2,0.1318,0.113,0.088,5.433,5.635,0.9886,0.00901,269.55,54.68,0.5750275199999999,0.7302849503999999,2.33,1.441038e-08,1.041035e-08,1.288027e-08,9.368728e-09,78.06,80.02,7375.49,7560.87,36.83,37.96
2.64337,2,0.1318,0.112,0.088,5.433,5.635,0.9886,0.00901,269.55,54.68,0.57502652,0.7302836804,2.33,1.43977e-08,1.040305e-08,1.288569e-08,9.372225e-09,78.11,80.01,7380.00,7559.30,36.86,37.95
2.64363,2,0.1318,0.112,0.088,5.433,5.635,0.9886,0.00901,269.55,54.68,0.57502548,0.7302823596,2.33,1.436501e-08,1.037817e-08,1.289169e-08,9.370864e-09,78.07,79.83,7376.77,7542.40,36.84,37.85
2.64387,2,0.1319,0.112,0.088,5.433,5.635,0.9886,0.00901,269.55,54.68,0.5750245199999999,0.7302811403999999,2.33,1.434149e-08,1.0365e-08,1.288356e-08,9.381744e-09,78.24,80.41,7392.19,7597.90,36.93,38.19
2.64412,2,0.1319,0.112,0.088,5.433,5.635,0.9886,0.00901,269.55,54.68,0.57502352,0.7302798704,2.33,1.431322e-08,1.034864e-08,1.289151e-08,9.379059e-09,78.35,80.15,7402.69,7572.73,37.00,38.03
2.64438,2,0.1319,0.112,0.088,5.433,5.635,0.9886,0.00901,269.55,54.68,0.57502248,0.7302785496,2.33,1.428508e-08,1.032455e-08,1.288664e-08,9.363963e-09,78.25,79.79,7393.01,7538.59,36.94,37.83
2.64463,2,0.1319,0.112,0.088,5.433,5.635,0.9886,0.00901,269.55,54.68,0.57502148,0.7302772796,2.33,1.424678e-08,1.030275e-08,1.28753e-08,9.36613e-09,78.41,80.11,7408.26,7569.36,37.03,38.01
2.64487,2,0.1320,0.112,0.088,5.433,5.635,0.9886,0.00901,269.55,54.68,0.5750205199999999,0.7302760603999999,2.33,1.421011e-08,1.027795e-08,1.286752e-08,9.357734e-09,78.51,80.09,7418.36,7566.98,37.09,38.00
2.64513,2,0.1320,0.112,0.088,5.433,5.635,0.9886,0.00901,269.55,54.68,0.5750194799999999,0.7302747395999999,2.33,1.417172e-08,1.024851e-08,1.286149e-08,9.351468e-09,78.47,80.03,7413.98,7561.40,37.07,37.96
2.64538,2,0.1320,0.112,0.088,5.433,5.635,0.9886,0.00901,269.55,54.68,0.57501848,0.7302734696000001,2.33,1.413575e-08,1.021555e-08,1.284137e-08,9.339724e-09,78.27,80.12,7395.81,7569.97,36.96,38.02
2.64562,2,0.1320,0.112,0.088,5.433,5.635,0.9886,0.00901,269.55,54.68,0.57501752,0.7302722504,2.33,1.408686e-08,1.018523e-08,1.282007e-08,9.330246e-09,78.41,80.31,7408.96,7587.91,37.04,38.13
2.64588,2,0.1320,0.112,0.088,5.433,5.635,0.9886,0.00901,269.55,54.68,0.5750164799999999,0.7302709296,2.33,1.402656e-08,1.016243e-08,1.279617e-08,9.310787e-09,79.00,80.24,7464.11,7581.73,37.37,38.09
2.64613,2,0.1321,0.112,0.088,5.433,5.635,0.9886,0.00901,269.55,54.68,0.5750154799999999,0.7302696595999999,2.33,1.397751e-08,1.012624e-08,1.276479e-08,9.29014e-09,79.04,80.37,7468.02,7594.03,37.40,38.16
2.64637,2,0.1321,0.112,0.088,5.433,5.635,0.9886,0.00901,269.55,54.68,0.57501452,0.7302684403999999,2.33,1.392902e-08,1.008949e-08,1.274205e-08,9.273974e-09,78.99,80.39,7463.67,7595.18,37.37,38.17
2.64662,2,0.1321,0.112,0.088,5.433,5.635,0.9886,0.00901,269.55,54.68,0.57501352,0.7302671703999999,2.33,1.386969e-08,1.00466e-08,1.272042e-08,9.252989e-09,79.00,80.22,7463.90,7579.41,37.37,38.07
2.64688,2,0.1321,0.112,0.088,5.433,5.635,0.9886,0.00901,269.55,54.68,0.5750124799999999,0.7302658496,2.33,1.380735e-08,1.000535e-08,1.266988e-08,9.221525e-09,79.11,80.39,7474.48,7595.42,37.43,38.17
2.64712,2,0.1322,0.112,0.088,5.432,5.635,0.9886,0.00901,269.55,54.68,0.57501152,0.7302646304,2.33,1.375245e-08,9.966961e-09,1.263579e-08,9.199121e-09,79.21,80.53,7483.94,7608.48,37.49,38.25
2.64737,2,0.1322,0.112,0.088,5.432,5.635,0.9886,0.00901,269.55,54.68,0.57501052,0.7302633604,2.33,1.368086e-08,9.930601e-09,1.259442e-08,9.166522e-09,79.66,80.45,7526.68,7600.92,37.75,38.20
2.64763,2,0.1322,0.112,0.088,5.432,5.635,0.9886,0.00901,269.55,54.68,0.57500948,0.7302620395999999,2.33,1.362483e-08,9.889454e-09,1.254845e-08,9.140985e-09,79.65,80.70,7525.36,7625.20,37.74,38.35
2.64787,2,0.1322,0.112,0.088,5.432,5.635,0.9886,0.00901,269.55,54.68,0.5750085199999999,0.7302608203999998,2.33,1.356587e-08,9.842857e-09,1.250899e-08,9.108989e-09,79.53,80.60,7514.78,7615.19,37.68,38.29
2.64812,2,0.1323,0.112,0.088,5.432,5.635,0.9886,0.00901,269.55,54.68,0.57500752,0.7302595504,2.33,1.349265e-08,9.801711e-09,1.246271e-08,9.091317e-09,79.95,81.18,7554.10,7670.70,37.92,38.63
2.64838,2,0.1323,0.112,0.088,5.432,5.635,0.9886,0.00901,269.55,54.68,0.57500648,0.7302582296,2.33,1.343595e-08,9.760624e-09,1.241977e-08,9.058694e-09,79.95,81.14,7554.39,7666.63,37.92,38.60
2.64863,2,0.1323,0.112,0.088,5.432,5.635,0.9886,0.00901,269.55,54.68,0.57500548,0.7302569595999999,2.33,1.336737e-08,9.717122e-09,1.237345e-08,9.028811e-09,80.14,81.27,7572.39,7678.90,38.03,38.68
2.64887,2,0.1323,0.112,0.088,5.432,5.635,0.9886,0.00901,269.55,54.68,0.5750045199999999,0.7302557403999999,2.33,1.330402e-08,9.669913e-09,1.231802e-08,9.0026e-09,80.11,81.75,7569.07,7724.08,38.01,38.95
2.64913,2,0.1324,0.112,0.088,5.432,5.635,0.9886,0.00901,269.55,54.68,0.57500348,0.7302544196,2.33,1.323774e-08,9.622163e-09,1.228054e-08,8.978502e-09,80.18,81.92,7576.01,7740.47,38.05,39.05
2.64938,2,0.1324,0.112,0.087,5.432,5.635,0.9886,0.00901,269.55,54.68,0.57500248,0.7302531496,2.33,1.316915e-08,9.577623e-09,1.223276e-08,8.945769e-09,80.35,82.00,7591.69,7747.81,38.15,39.10
2.64962,2,0.1324,0.112,0.087,5.432,5.635,0.9886,0.00901,269.55,54.68,0.5750015199999999,0.7302519303999999,2.33,1.30986e-08,9.539316e-09,1.220192e-08,8.925874e-09,80.75,82.09,7629.82,7756.41,38.38,39.15
2.64988,2,0.1324,0.112,0.087,5.432,5.635,0.9886,0.00901,269.55,54.68,0.5750004799999999,0.7302506095999999,2.33,1.304122e-08,9.492909e-09,1.215143e-08,8.893612e-09,80.61,82.25,7616.18,7771.61,38.30,39.24
2.65013,2,0.1325,0.112,0.087,5.432,5.635,0.9886,0.00901,269.55,54.68,0.57499948,0.7302493396,2.33,1.297702e-08,9.43608e-09,1.210247e-08,8.877478e-09,80.35,83.00,7592.07,7842.39,38.15,39.67
2.65037,2,0.1325,0.112,0.087,5.432,5.635,0.9886,0.00901,269.55,54.68,0.57499852,0.7302481204,2.33,1.290321e-08,9.401136e-09,1.206577e-08,8.845352e-09,80.94,82.82,7647.90,7825.11,38.49,39.57
2.65062,2,0.1325,0.112,0.087,5.432,5.635,0.9886,0.00901,269.55,54.68,0.5749975199999999,0.7302468503999999,2.33,1.284452e-08,9.355782e-09,1.201594e-08,8.821617e-09,80.86,83.27,7640.10,7867.86,38.44,39.83
2.65088,2,0.1325,0.112,0.087,5.432,5.635,0.9886,0.00901,269.55,54.68,0.5749964799999999,0.7302455295999999,2.33,1.279012e-08,9.317032e-09,1.197239e-08,8.796165e-09,80.89,83.50,7642.74,7889.86,38.46,39.96
2.65112,2,0.1325,0.112,0.087,5.432,5.635,0.9886,0.00901,269.55,54.68,0.57499552,0.7302443104,2.33,1.272556e-08,9.278449e-09,1.193604e-08,8.768782e-09,81.16,83.48,7668.45,7887.57,38.61,39.95
2.65137,2,0.1326,0.112,0.087,5.432,5.635,0.9886,0.00901,269.55,54.68,0.57499452,0.7302430404,2.33,1.266202e-08,9.230567e-09,1.189745e-08,8.741693e-09,81.17,83.59,7669.47,7897.81,38.62,40.01
2.65163,2,0.1326,0.112,0.087,5.432,5.635,0.9886,0.00901,269.55,54.68,0.57499348,0.7302417196,2.33,1.25974e-08,9.193438e-09,1.184935e-08,8.725117e-09,81.50,84.27,7700.31,7962.38,38.81,40.40
2.65187,2,0.1326,0.112,0.087,5.432,5.635,0.9886,0.00901,269.55,54.68,0.57499252,0.7302405004,2.33,1.254116e-08,9.152453e-09,1.181182e-08,8.700198e-09,81.50,84.37,7700.49,7971.81,38.81,40.46
2.65212,2,0.1326,0.111,0.087,5.432,5.635,0.9886,0.00901,269.55,54.68,0.57499152,0.7302392303999999,2.33,1.248626e-08,9.111366e-09,1.176161e-08,8.666338e-09,81.46,84.48,7697.04,7982.47,38.79,40.53
2.65238,2,0.1327,0.111,0.087,5.432,5.635,0.9886,0.00901,269.55,54.68,0.57499048,0.7302379096,2.33,1.243816e-08,9.068287e-09,1.172803e-08,8.645484e-09,81.26,84.69,7677.84,8002.16,38.67,40.65
2.65263,2,0.1327,0.111,0.087,5.432,5.635,0.9886,0.00901,269.55,54.68,0.5749894799999999,0.7302366396,2.33,1.238163e-08,9.035729e-09,1.1687e-08,8.612778e-09,81.55,84.60,7705.09,7993.47,38.84,40.59
2.65287,2,0.1327,0.111,0.087,5.432,5.635,0.9886,0.00901,269.55,54.68,0.57498852,0.7302354204,2.33,1.233544e-08,8.996579e-09,1.164402e-08,8.587432e-09,81.37,84.84,7687.88,8015.93,38.73,40.73
2.65313,2,0.1327,0.111,0.087,5.432,5.635,0.9886,0.00901,269.55,54.68,0.57498748,0.7302340996,2.33,1.227277e-08,8.956803e-09,1.16057e-08,8.555435e-09,81.57,84.70,7706.73,8002.62,38.85,40.65
2.65338,2,0.1328,0.111,0.087,5.431,5.635,0.9886,0.00901,269.55,54.68,0.57498648,0.7302328296,2.33,1.221851e-08,8.925963e-09,1.155917e-08,8.531104e-09,81.92,85.14,7740.65,8044.41,39.05,40.90
2.65362,2,0.1328,0.111,0.087,5.431,5.635,0.9886,0.00901,269.55,54.68,0.5749855199999999,0.7302316104,2.33,1.216125e-08,8.886093e-09,1.153601e-08,8.510647e-09,81.99,85.01,7746.99,8032.29,39.09,40.83
2.65388,2,0.1328,0.111,0.087,5.431,5.635,0.9886,0.00901,269.55,54.68,0.5749844799999999,0.7302302895999999,2.33,1.211686e-08,8.849599e-09,1.149095e-08,8.485368e-09,81.85,85.32,7733.82,8061.14,39.01,41.00
2.65413,2,0.1328,0.111,0.087,5.431,5.635,0.9886,0.00901,269.55,54.68,0.57498348,0.7302290196,2.33,1.205781e-08,8.811859e-09,1.145953e-08,8.460534e-09,82.04,85.25,7751.40,8055.20,39.12,40.97
2.65437,2,0.1329,0.111,0.087,5.431,5.635,0.9886,0.00901,269.55,54.68,0.5749825199999999,0.7302278003999999,2.33,1.201268e-08,8.781084e-09,1.141482e-08,8.432508e-09,82.18,85.51,7764.48,8079.51,39.20,41.12
2.65462,2,0.1329,0.111,0.087,5.431,5.635,0.9886,0.00901,269.55,54.68,0.5749815199999999,0.7302265303999999,2.33,1.195426e-08,8.745332e-09,1.138105e-08,8.408636e-09,82.42,85.55,7787.49,8083.46,39.34,41.14
2.65488,2,0.1329,0.111,0.087,5.431,5.635,0.9886,0.00901,269.55,54.68,0.5749804799999999,0.7302252095999999,2.33,1.19144e-08,8.709905e-09,1.135213e-08,8.389346e-09,82.20,85.63,7766.67,8091.13,39.21,41.19
2.65512,2,0.1329,0.111,0.087,5.431,5.635,0.9886,0.00901,269.55,54.68,0.57497952,0.7302239904,2.33,1.185344e-08,8.679401e-09,1.131449e-08,8.360018e-09,82.70,85.57,7813.73,8085.53,39.50,41.15
2.65537,2,0.1329,0.111,0.087,5.431,5.635,0.9886,0.00901,269.55,54.68,0.5749785199999999,0.7302227203999999,2.33,1.180554e-08,8.636741e-09,1.128085e-08,8.335293e-09,82.43,85.58,7788.19,8086.01,39.34,41.15
2.65563,2,0.1330,0.111,0.087,5.431,5.635,0.9886,0.00901,269.55,54.68,0.5749774799999999,0.7302213995999999,2.33,1.175633e-08,8.604482e-09,1.124506e-08,8.311628e-09,82.62,85.75,7806.69,8102.47,39.45,41.25
2.65587,2,0.1330,0.111,0.087,5.431,5.635,0.9886,0.00901,269.55,54.68,0.57497652,0.7302201804,2.33,1.169769e-08,8.577627e-09,1.121291e-08,8.290396e-09,83.20,85.85,7861.61,8111.97,39.79,41.31
2.65612,2,0.1330,0.111,0.087,5.431,5.635,0.9886,0.00901,269.55,54.68,0.57497552,0.7302189104,2.33,1.164846e-08,8.542698e-09,1.118e-08,8.265991e-09,83.25,85.85,7865.65,8111.69,39.81,41.31
2.65638,2,0.1330,0.111,0.087,5.431,5.635,0.9886,0.00901,269.55,54.68,0.57497448,0.7302175895999999,2.33,1.159332e-08,8.506425e-09,1.113231e-08,8.239141e-09,83.40,86.19,7880.12,8143.58,39.90,41.50
2.65663,2,0.1331,0.111,0.087,5.431,5.635,0.9886,0.00901,269.55,54.68,0.5749734799999999,0.7302163195999999,2.33,1.15279e-08,8.472265e-09,1.110708e-08,8.213955e-09,83.98,85.99,7934.72,8124.91,40.23,41.39
2.65687,2,0.1331,0.111,0.087,5.431,5.635,0.9886,0.00901,269.55,54.68,0.57497252,0.7302151004,2.33,1.14677e-08,8.433279e-09,1.106088e-08,8.183892e-09,84.18,86.16,7953.43,8140.58,40.35,41.49
2.65713,2,0.1331,0.111,0.087,5.431,5.635,0.9886,0.00901,269.56,54.68,0.57497148,0.7302137796,2.33,1.141826e-08,8.403383e-09,1.101891e-08,8.155282e-09,84.42,86.26,7976.61,8149.97,40.49,41.54
2.65738,2,0.1331,0.111,0.087,5.431,5.635,0.9886,0.00901,269.56,54.68,0.57497048,0.7302125096,2.33,1.135851e-08,8.362094e-09,1.097893e-08,8.125196e-09,84.52,86.24,7986.32,8148.06,40.55,41.53
2.65762,2,0.1332,0.111,0.087,5.431,5.635,0.9886,0.00901,269.56,54.68,0.57496952,0.7302112904,2.33,1.130659e-08,8.32163e-09,1.093748e-08,8.089268e-09,84.50,86.09,7984.16,8133.86,40.53,41.44
2.65788,2,0.1332,0.111,0.087,5.431,5.635,0.9886,0.00901,269.56,54.68,0.57496848,0.7302099696000001,2.33,1.125001e-08,8.286923e-09,1.088514e-08,8.056113e-09,84.77,86.31,8009.56,8155.45,40.69,41.58
2.65813,2,0.1332,0.111,0.087,5.431,5.635,0.9886,0.00901,269.56,54.68,0.57496748,0.7302086996,2.33,1.118085e-08,8.25374e-09,1.082578e-08,8.017994e-09,85.47,86.56,8075.53,8178.27,41.09,41.72
2.65837,2,0.1332,0.111,0.087,5.431,5.635,0.9886,0.00901,269.56,54.68,0.5749665199999999,0.7302074803999999,2.33,1.112682e-08,8.211051e-09,1.076897e-08,7.978989e-09,85.36,86.68,8065.02,8190.42,41.03,41.79
2.65862,2,0.1333,0.111,0.087,5.431,5.635,0.9886,0.00901,269.56,54.68,0.57496552,0.7302062104,2.33,1.105728e-08,8.163821e-09,1.071102e-08,7.935924e-09,85.59,86.74,8086.51,8196.05,41.16,41.82
2.65888,2,0.1333,0.111,0.087,5.431,5.635,0.9886,0.00901,269.56,54.68,0.57496448,0.7302048896,2.33,1.099598e-08,8.129909e-09,1.065969e-08,7.886642e-09,86.04,86.27,8129.88,8151.17,41.42,41.55
2.65912,2,0.1333,0.111,0.087,5.431,5.635,0.9886,0.00901,269.56,54.68,0.57496352,0.7302036703999999,2.33,1.092967e-08,8.081289e-09,1.0591e-08,7.850444e-09,86.06,86.89,8131.45,8209.95,41.43,41.91
2.65937,2,0.1333,0.111,0.087,5.431,5.635,0.9886,0.00901,269.56,54.68,0.5749625199999999,0.7302024004,2.33,1.086365e-08,8.03841e-09,1.052827e-08,7.800944e-09,86.31,86.76,8154.55,8197.76,41.57,41.83
2.65963,2,0.1334,0.111,0.087,5.431,5.635,0.9886,0.00901,269.56,54.68,0.5749614799999999,0.7302010795999999,2.33,1.079417e-08,7.994853e-09,1.046212e-08,7.75159e-09,86.70,86.81,8191.61,8202.52,41.80,41.86
2.65987,2,0.1334,0.111,0.087,5.431,5.635,0.9886,0.00901,269.56,54.68,0.57496052,0.7301998604,2.33,1.072916e-08,7.949781e-09,1.039174e-08,7.705497e-09,86.83,87.08,8203.86,8227.46,41.87,42.01
2.66012,2,0.1334,0.111,0.087,5.431,5.635,0.9886,0.00901,269.56,54.68,0.57495952,0.7301985903999999,2.33,1.066287e-08,7.904598e-09,1.032412e-08,7.656952e-09,86.99,87.15,8219.65,8234.10,41.97,42.05
2.66038,2,0.1334,0.111,0.087,5.431,5.635,0.9886,0.00901,269.56,54.68,0.5749584799999999,0.7301972696,2.33,1.05965e-08,7.858882e-09,1.024693e-08,7.606293e-09,87.14,87.44,8233.77,8261.81,42.05,42.22
2.66063,2,0.1334,0.111,0.087,5.431,5.635,0.9886,0.00901,269.56,54.68,0.5749574799999999,0.7301959995999999,2.33,1.052745e-08,7.811463e-09,1.018666e-08,7.559009e-09,87.31,87.33,8249.27,8251.02,42.15,42.16
2.66087,2,0.1335,0.110,0.087,5.430,5.635,0.9886,0.00901,269.56,54.68,0.57495652,0.7301947804,2.33,1.045061e-08,7.760851e-09,1.010786e-08,7.505261e-09,87.65,87.60,8281.66,8277.14,42.34,42.32
2.66113,2,0.1335,0.110,0.086,5.430,5.635,0.9886,0.00901,269.56,54.68,0.57495548,0.7301934595999999,2.33,1.037893e-08,7.710114e-09,1.002836e-08,7.446666e-09,87.76,87.63,8292.36,8279.29,42.41,42.33
2.66138,2,0.1335,0.110,0.086,5.430,5.635,0.9886,0.00902,269.56,54.68,0.5749544799999999,0.7301921895999999,2.33,1.031122e-08,7.664026e-09,9.963048e-09,7.392643e-09,87.95,87.37,8310.11,8255.32,42.52,42.18
2.66162,2,0.1335,0.110,0.086,5.430,5.635,0.9886,0.00902,269.56,54.68,0.57495352,0.7301909704,2.33,1.023654e-08,7.620235e-09,9.891957e-09,7.341248e-09,88.48,87.43,8360.18,8261.23,42.82,42.22
2.66188,2,0.1336,0.110,0.086,5.430,5.635,0.9886,0.00902,269.56,54.68,0.57495248,0.7301896496,2.33,1.017091e-08,7.568814e-09,9.820189e-09,7.290257e-09,88.43,87.61,8355.36,8277.42,42.79,42.32
2.66213,2,0.1336,0.110,0.086,5.430,5.635,0.9886,0.00902,269.56,54.68,0.57495148,0.7301883795999999,2.33,1.009836e-08,7.527983e-09,9.742979e-09,7.240184e-09,89.04,87.95,8412.84,8309.69,43.14,42.51
2.66237,2,0.1336,0.110,0.086,5.430,5.635,0.9886,0.00902,269.56,54.68,0.5749505199999999,0.7301871603999999,2.33,1.003394e-08,7.476084e-09,9.66764e-09,7.18687e-09,88.86,88.07,8395.74,8321.74,43.04,42.59
2.66262,2,0.1336,0.110,0.086,5.430,5.635,0.9886,0.00902,269.56,54.68,0.57494952,0.7301858904,2.33,9.958968e-09,7.426956e-09,9.5933e-09,7.144184e-09,89.17,88.68,8425.70,8379.23,43.22,42.94
2.66288,2,0.1337,0.110,0.086,5.430,5.635,0.9886,0.00902,269.56,54.68,0.57494848,0.7301845696,2.33,9.893638e-09,7.377782e-09,9.521413e-09,7.090606e-09,89.22,88.75,8429.96,8385.29,43.25,42.97
2.66312,2,0.1337,0.110,0.086,5.430,5.635,0.9886,0.00902,269.56,54.68,0.5749475199999999,0.7301833503999999,2.33,9.813349e-09,7.33431e-09,9.459969e-09,7.046299e-09,90.01,88.82,8504.75,8392.06,43.70,43.02
2.66337,2,0.1337,0.110,0.086,5.430,5.635,0.9886,0.00902,269.56,54.68,0.5749465199999999,0.7301820803999999,2.33,9.751597e-09,7.290875e-09,9.393152e-09,7.006428e-09,90.14,89.31,8517.31,8438.78,43.78,43.30
2.66363,2,0.1337,0.110,0.086,5.430,5.635,0.9886,0.00902,269.56,54.68,0.57494548,0.7301807596000001,2.33,9.684349e-09,7.246176e-09,9.316814e-09,6.967594e-09,90.42,90.24,8543.38,8525.99,43.94,43.83
2.66387,2,0.1338,0.110,0.086,5.430,5.635,0.9886,0.00902,269.56,54.68,0.57494452,0.7301795404,2.33,9.622724e-09,7.203615e-09,9.252697e-09,6.925018e-09,90.67,90.58,8566.53,8558.70,44.08,44.03
2.66412,2,0.1338,0.110,0.086,5.430,5.635,0.9886,0.00902,269.56,54.68,0.5749435199999999,0.7301782703999999,2.33,9.56264e-09,7.158321e-09,9.19441e-09,6.887703e-09,90.65,90.91,8565.03,8589.97,44.07,44.22
2.66438,2,0.1338,0.110,0.086,5.430,5.635,0.9886,0.00902,269.56,54.68,0.5749424799999999,0.7301769495999999,2.33,9.490675e-09,7.117077e-09,9.139957e-09,6.849031e-09,91.29,91.03,8625.90,8600.58,44.44,44.28
2.66463,2,0.1338,0.110,0.086,5.430,5.635,0.9886,0.00902,269.56,54.68,0.57494148,0.7301756796000001,2.33,9.42764e-09,7.078676e-09,9.08135e-09,6.816044e-09,91.75,91.61,8669.33,8655.96,44.70,44.62
2.66487,2,0.1339,0.110,0.086,5.430,5.635,0.9886,0.00902,269.56,54.68,0.57494052,0.7301744604,2.33,9.367329e-09,7.039113e-09,9.018442e-09,6.78726e-09,92.12,92.69,8704.20,8757.77,44.91,45.24
2.66513,2,0.1339,0.110,0.086,5.430,5.635,0.9886,0.00902,269.56,54.68,0.57493948,0.7301731396,2.33,9.315016e-09,7.006054e-09,8.966145e-09,6.756781e-09,92.45,93.18,8735.56,8804.54,45.10,45.52
2.66538,2,0.1339,0.110,0.086,5.430,5.635,0.9886,0.00902,269.56,54.68,0.5749384799999999,0.7301718695999999,2.33,9.25604e-09,6.965682e-09,8.918843e-09,6.728618e-09,92.67,93.61,8755.77,8844.46,45.23,45.77
2.66562,2,0.1339,0.110,0.086,5.430,5.635,0.9886,0.00902,269.56,54.68,0.57493752,0.7301706504,2.33,9.198778e-09,6.933178e-09,8.863656e-09,6.696887e-09,93.24,94.17,8810.15,8898.04,45.56,46.09
2.66588,2,0.1339,0.110,0.086,5.430,5.635,0.9886,0.00902,269.56,54.68,0.57493648,0.7301693296,2.33,9.148747e-09,6.902949e-09,8.81542e-09,6.664606e-09,93.66,94.42,8849.08,8920.84,45.80,46.23
2.66613,2,0.1340,0.110,0.086,5.430,5.635,0.9886,0.00902,269.56,54.68,0.5749354799999999,0.7301680596,2.33,9.095166e-09,6.864088e-09,8.774888e-09,6.637974e-09,93.81,94.72,8863.93,8949.66,45.89,46.41
2.66637,2,0.1340,0.110,0.086,5.430,5.635,0.9886,0.00902,269.56,54.68,0.57493452,0.7301668404,2.33,9.042425e-09,6.835786e-09,8.726355e-09,6.608988e-09,94.46,95.18,8925.14,8992.84,46.26,46.67
2.66662,2,0.1340,0.110,0.086,5.430,5.635,0.9886,0.00902,269.56,54.68,0.57493352,0.7301655704,2.33,9.002105e-09,6.809824e-09,8.68463e-09,6.583557e-09,94.72,95.55,8949.48,9027.71,46.41,46.88
2.66688,2,0.1340,0.110,0.086,5.430,5.635,0.9886,0.00902,269.56,54.68,0.57493248,0.7301642495999999,2.33,8.955212e-09,6.780195e-09,8.635153e-09,6.55429e-09,95.05,96.05,8981.27,9074.87,46.60,47.17
2.66712,2,0.1341,0.110,0.086,5.430,5.635,0.9886,0.00902,269.56,54.68,0.5749315199999999,0.7301630303999999,2.33,8.900256e-09,6.750432e-09,8.600586e-09,6.536238e-09,95.82,96.62,9053.37,9129.07,47.04,47.50
2.66737,2,0.1341,0.110,0.086,5.430,5.635,0.9886,0.00902,269.56,54.68,0.57493052,0.7301617604,2.33,8.864974e-09,6.732027e-09,8.561131e-09,6.507245e-09,96.31,96.68,9100.13,9134.88,47.32,47.53
2.66763,2,0.1341,0.110,0.086,5.430,5.635,0.9886,0.00902,269.56,54.68,0.57492948,0.7301604396,2.33,8.82473e-09,6.706391e-09,8.525779e-09,6.487112e-09,96.61,97.10,9127.99,9174.59,47.49,47.78
2.66787,2,0.1341,0.110,0.086,5.430,5.635,0.9886,0.00902,269.56,54.68,0.5749285199999999,0.7301592203999999,2.33,8.792078e-09,6.685647e-09,8.491726e-09,6.465662e-09,96.85,97.38,9151.20,9201.14,47.63,47.94
2.66812,2,0.1342,0.110,0.086,5.429,5.635,0.9886,0.00902,269.56,54.68,0.5749275199999999,0.7301579503999999,2.33,8.746075e-09,6.65885e-09,8.455301e-09,6.446428e-09,97.43,98.00,9205.24,9259.17,47.96,48.29
2.66838,2,0.1342,0.110,0.086,5.429,5.635,0.9886,0.00902,269.56,54.68,0.5749264799999999,0.7301566295999999,2.33,8.715687e-09,6.637279e-09,8.420305e-09,6.421027e-09,97.52,98.08,9214.35,9266.94,48.02,48.34
2.66863,2,0.1342,0.110,0.086,5.429,5.635,0.9886,0.00902,269.56,54.68,0.57492548,0.7301553596,2.33,8.677475e-09,6.624476e-09,8.395397e-09,6.406848e-09,98.54,98.39,9310.39,9296.37,48.60,48.52
2.66887,2,0.1342,0.110,0.086,5.429,5.635,0.9886,0.00902,269.56,54.68,0.5749245199999999,0.7301541403999999,2.33,8.650192e-09,6.609814e-09,8.372718e-09,6.406179e-09,98.93,99.48,9347.25,9399.44,48.83,49.14
2.66913,2,0.1343,0.110,0.086,5.429,5.635,0.9886,0.00902,269.56,54.68,0.5749234799999999,0.7301528195999999,2.33,8.636171e-09,6.619582e-09,8.368077e-09,6.426001e-09,100.32,101.12,9478.55,9554.39,49.62,50.09
2.66938,2,0.1343,0.110,0.086,5.429,5.635,0.9886,0.00902,269.56,54.68,0.57492248,0.7301515496000001,2.33,8.642838e-09,6.634739e-09,8.386403e-09,6.463833e-09,100.97,102.75,9540.41,9708.15,50.00,51.02
2.66962,2,0.1343,0.110,0.086,5.429,5.635,0.9886,0.00902,269.56,54.68,0.57492152,0.7301503304,2.33,8.648384e-09,6.629207e-09,8.403553e-09,6.473957e-09,100.34,102.53,9480.16,9687.95,49.63,50.90
2.66988,2,0.1343,0.109,0.086,5.429,5.635,0.9886,0.00902,269.56,54.68,0.57492048,0.7301490096,2.33,8.613335e-09,6.598842e-09,8.394452e-09,6.458944e-09,100.10,101.98,9458.37,9635.65,49.50,50.58
2.67013,2,0.1343,0.109,0.086,5.429,5.635,0.9886,0.00902,269.56,54.68,0.5749194799999999,0.7301477395999999,2.33,8.563388e-09,6.55323e-09,8.358175e-09,6.431338e-09,99.63,102.00,9413.25,9637.64,49.23,50.59
2.67037,2,0.1344,0.109,0.086,5.429,5.635,0.9886,0.00902,269.56,54.68,0.57491852,0.7301465203999999,2.33,8.507961e-09,6.524273e-09,8.326133e-09,6.420151e-09,100.58,103.02,9503.77,9733.38,49.78,51.17
2.67062,2,0.1344,0.109,0.086,5.429,5.635,0.9886,0.00902,269.56,54.68,0.57491752,0.7301452504,2.33,8.46539e-09,6.491196e-09,8.303973e-09,6.419513e-09,100.56,104.18,9501.06,9843.57,49.76,51.84
2.67088,2,0.1344,0.109,0.086,5.429,5.635,0.9886,0.00902,269.56,54.68,0.57491648,0.7301439296,2.33,8.436864e-09,6.475307e-09,8.29679e-09,6.425752e-09,100.96,105.03,9538.87,9923.82,49.99,52.33
2.67112,2,0.1344,0.109,0.086,5.429,5.635,0.9886,0.00902,269.56,54.68,0.57491552,0.7301427104,2.33,8.408469e-09,6.458788e-09,8.295969e-09,6.450633e-09,101.31,106.91,9572.49,10101.00,50.19,53.41
2.67137,2,0.1345,0.109,0.086,5.429,5.635,0.9886,0.00902,269.56,54.68,0.57491452,0.7301414404,2.33,8.378616e-09,6.444178e-09,8.299931e-09,6.477261e-09,101.96,108.76,9633.25,10276.46,50.56,54.48
2.67163,2,0.1345,0.109,0.086,5.429,5.635,0.9886,0.00902,269.56,54.68,0.57491348,0.7301401196,2.33,8.358249e-09,6.427751e-09,8.298223e-09,6.497401e-09,101.90,110.42,9628.30,10433.47,50.53,55.43
2.67188,2,0.1345,0.109,0.086,5.429,5.635,0.9886,0.00902,269.56,54.68,0.57491248,0.7301388496,2.33,8.325045e-09,6.407271e-09,8.302062e-09,6.523246e-09,102.25,112.24,9661.30,10604.56,50.74,56.47
2.67212,2,0.1345,0.109,0.086,5.429,5.635,0.9886,0.00902,269.56,54.68,0.57491152,0.7301376304,2.33,8.301049e-09,6.391378e-09,8.307146e-09,6.548142e-09,102.43,113.93,9678.23,10764.93,50.84,57.45
2.67238,2,0.1346,0.109,0.086,5.429,5.635,0.9886,0.00902,269.56,54.68,0.57491048,0.7301363096,2.33,8.269873e-09,6.36973e-09,8.31197e-09,6.579918e-09,102.67,116.35,9701.02,10993.66,50.98,58.84
2.67263,2,0.1346,0.109,0.086,5.429,5.635,0.9886,0.00902,269.56,54.68,0.57490948,0.7301350395999999,2.33,8.24735e-09,6.351248e-09,8.32109e-09,6.615804e-09,102.59,118.82,9693.49,11227.11,50.93,60.26
2.67287,2,0.1346,0.109,0.086,5.429,5.635,0.9886,0.00902,269.56,54.68,0.5749085199999999,0.7301338204,2.33,8.224654e-09,6.334e-09,8.332765e-09,6.651018e-09,102.61,121.13,9695.02,11444.85,50.94,61.59
2.67313,2,0.1346,0.109,0.085,5.429,5.635,0.9886,0.00902,269.56,54.68,0.5749074799999999,0.7301324995999999,2.33,8.200309e-09,6.320634e-09,8.350947e-09,6.692264e-09,102.99,123.58,9731.39,11676.33,51.16,63.00
2.67338,2,0.1347,0.109,0.085,5.429,5.635,0.9886,0.00902,269.56,54.68,0.57490648,0.7301312296,2.33,8.170855e-09,6.301879e-09,8.358943e-09,6.727125e-09,103.35,126.36,9765.30,11939.24,51.37,64.60
2.67362,2,0.1347,0.109,0.085,5.429,5.635,0.9886,0.00902,269.56,54.68,0.57490552,0.7301300103999999,2.33,8.150926e-09,6.283582e-09,8.37531e-09,6.759155e-09,103.14,128.19,9745.45,12112.35,51.25,65.65
2.67387,2,0.1347,0.109,0.085,5.429,5.635,0.9886,0.00902,269.56,54.68,0.5749045199999999,0.7301287403999999,2.33,8.121086e-09,6.268682e-09,8.384035e-09,6.799824e-09,103.73,131.57,9800.76,12430.93,51.58,67.59
2.67413,2,0.1347,0.109,0.085,5.429,5.635,0.9886,0.00902,269.56,54.68,0.5749034799999999,0.7301274195999999,2.33,8.103703e-09,6.253468e-09,8.397579e-09,6.836427e-09,103.60,134.23,9788.43,12682.45,51.51,69.12
2.67437,2,0.1348,0.109,0.085,5.429,5.635,0.9886,0.00902,269.56,54.68,0.57490252,0.7301262004,2.33,8.070784e-09,6.235162e-09,8.412554e-09,6.876822e-09,104.19,137.36,9844.77,12978.17,51.85,70.92
2.67462,2,0.1348,0.109,0.085,5.429,5.635,0.9886,0.00902,269.56,54.68,0.5749015199999999,0.7301249303999999,2.33,8.047121e-09,6.210833e-09,8.43259e-09,6.912778e-09,103.75,139.52,9802.80,13182.68,51.60,72.16
2.67488,2,0.1348,0.109,0.085,5.429,5.635,0.9886,0.00902,269.56,54.68,0.5749004799999999,0.7301236095999999,2.33,8.019352e-09,6.196647e-09,8.449388e-09,6.946412e-09,104.28,141.77,9853.30,13395.21,51.90,73.45
2.67512,2,0.1348,0.109,0.085,5.429,5.635,0.9886,0.00902,269.56,54.68,0.57489952,0.7301223904,2.33,7.992768e-09,6.176732e-09,8.47174e-09,6.981205e-09,104.33,143.67,9857.70,13574.67,51.93,74.55
2.67537,2,0.1348,0.109,0.085,5.429,5.636,0.9886,0.00902,269.56,54.68,0.57489852,0.7301211204,2.33,7.972945e-09,6.159305e-09,8.48519e-09,7.017217e-09,104.17,146.63,9842.87,13854.41,51.84,76.25
2.67563,2,0.1349,0.109,0.085,5.428,5.636,0.9886,0.00902,269.56,54.68,0.57489748,0.7301197996,2.33,7.937732e-09,6.142186e-09,8.514631e-09,7.058893e-09,105.01,148.85,9921.77,14064.24,52.32,77.52
2.67588,2,0.1349,0.109,0.085,5.428,5.636,0.9886,0.00902,269.56,54.68,0.5748964799999999,0.7301185295999999,2.33,7.914825e-09,6.121017e-09,8.54033e-09,7.092426e-09,104.75,150.37,9897.16,14207.51,52.17,78.39
2.67612,2,0.1349,0.109,0.085,5.428,5.636,0.9886,0.00902,269.56,54.68,0.57489552,0.7301173104,2.33,7.888997e-09,6.101684e-09,8.568499e-09,7.139518e-09,104.80,153.37,9901.75,14491.23,52.20,80.12
2.67638,2,0.1349,0.109,0.085,5.428,5.636,0.9886,0.00902,269.56,54.68,0.57489448,0.7301159896,2.33,7.857907e-09,6.082655e-09,8.602273e-09,7.177364e-09,105.18,154.62,9937.93,14609.68,52.42,80.84
2.67663,2,0.1350,0.109,0.085,5.428,5.636,0.9886,0.00902,269.56,54.68,0.57489348,0.7301147196,2.33,7.833886e-09,6.065622e-09,8.638528e-09,7.219447e-09,105.38,156.29,9956.64,14766.63,52.53,81.80
2.67687,2,0.1350,0.109,0.085,5.428,5.636,0.9886,0.00902,269.56,54.68,0.5748925199999999,0.7301135003999999,2.33,7.80063e-09,6.03949e-09,8.679914e-09,7.269993e-09,105.35,158.40,9953.85,14966.62,52.51,83.01
2.67713,2,0.1350,0.109,0.085,5.428,5.636,0.9886,0.00902,269.56,54.68,0.57489148,0.7301121796000001,2.33,7.777985e-09,6.02058e-09,8.722838e-09,7.311639e-09,105.24,159.17,9943.77,15038.72,52.45,83.45
2.67738,2,0.1350,0.109,0.085,5.428,5.636,0.9886,0.00902,269.56,54.68,0.57489048,0.7301109096,2.33,7.739606e-09,6.001766e-09,8.776023e-09,7.37787e-09,106.09,162.11,10024.29,15316.54,52.94,85.14
2.67762,2,0.1351,0.109,0.085,5.428,5.636,0.9886,0.00902,269.56,54.68,0.5748895199999999,0.7301096904,2.33,7.718264e-09,5.979323e-09,8.832137e-09,7.443494e-09,105.71,164.79,9987.87,15570.12,52.72,86.68
2.67787,2,0.1351,0.109,0.085,5.428,5.636,0.9886,0.00902,269.56,54.68,0.57488852,0.7301084204,2.33,7.698461e-09,5.962423e-09,8.900587e-09,7.512044e-09,105.59,166.32,9976.30,15714.65,52.65,87.56
2.67813,2,0.1351,0.109,0.085,5.428,5.636,0.9886,0.00902,269.56,54.68,0.57488748,0.7301070996,2.33,7.671118e-09,5.946783e-09,8.978164e-09,7.592416e-09,106.02,168.44,10017.66,15914.81,52.90,88.78
2.67837,2,0.1351,0.109,0.085,5.428,5.636,0.9886,0.00902,269.57,54.68,0.57488652,0.7301058803999999,2.33,7.646891e-09,5.931958e-09,9.06321e-09,7.686056e-09,106.34,171.58,10047.47,16211.64,53.08,90.59
2.67862,2,0.1352,0.109,0.085,5.428,5.636,0.9886,0.00902,269.57,54.68,0.5748855199999999,0.7301046104,2.33,7.618733e-09,5.915531e-09,9.168583e-09,7.791437e-09,106.85,174.06,10096.12,16446.16,53.38,92.01
2.67888,2,0.1352,0.108,0.085,5.428,5.636,0.9886,0.00902,269.57,54.68,0.5748844799999999,0.7301032895999999,2.33,7.601925e-09,5.896655e-09,9.270356e-09,7.895806e-09,106.38,176.72,10051.37,16697.40,53.11,93.54
2.67912,2,0.1352,0.108,0.085,5.428,5.636,0.9886,0.00902,269.57,54.68,0.57488352,0.7301020704,2.33,7.571957e-09,5.881051e-09,9.403876e-09,8.020714e-09,107.00,178.40,10109.93,16855.93,53.46,94.51
2.67937,2,0.1352,0.108,0.085,5.428,5.636,0.9886,0.00902,269.57,54.68,0.57488252,0.7301008003999999,2.33,7.560503e-09,5.871947e-09,9.535174e-09,8.160622e-09,106.98,182.65,10108.33,17257.38,53.45,96.95
2.67963,2,0.1353,0.108,0.085,5.428,5.636,0.9886,0.00902,269.57,54.68,0.57488148,0.7300994796,2.33,7.533968e-09,5.856063e-09,9.685265e-09,8.300005e-09,107.45,184.47,10152.48,17429.33,53.72,98.00
2.67988,2,0.1353,0.108,0.085,5.428,5.636,0.9886,0.00902,269.57,54.68,0.5748804799999999,0.7300982095999999,2.33,7.514209e-09,5.846412e-09,9.84106e-09,8.457057e-09,107.92,188.13,10197.18,17775.26,53.99,100.10
2.68012,2,0.1353,0.108,0.085,5.428,5.636,0.9886,0.00902,269.57,54.68,0.57487952,0.7300969904,2.33,7.500176e-09,5.837044e-09,1.001108e-08,8.612368e-09,108.05,189.57,10209.39,17911.33,54.07,100.93
2.68038,2,0.1353,0.108,0.085,5.428,5.636,0.9886,0.00902,269.57,54.68,0.57487848,0.7300956695999999,2.33,7.487631e-09,5.823507e-09,1.019694e-08,8.782398e-09,107.74,191.15,10179.64,18060.55,53.89,101.84
2.68063,2,0.1353,0.108,0.085,5.428,5.636,0.9886,0.00902,269.57,54.68,0.5748774799999999,0.7300943995999999,2.33,7.471464e-09,5.821193e-09,1.038588e-08,8.951171e-09,108.60,192.08,10261.02,18148.87,54.38,102.37
2.68087,2,0.1354,0.108,0.085,5.428,5.636,0.9886,0.00902,269.57,54.68,0.57487652,0.7300931804,2.33,7.460118e-09,5.811225e-09,1.058231e-08,9.11673e-09,108.58,191.66,10259.58,18108.56,54.37,102.13
2.68113,2,0.1354,0.108,0.085,5.428,5.636,0.9886,0.00902,269.57,54.68,0.57487548,0.7300918596,2.33,7.446932e-09,5.805124e-09,1.078032e-08,9.283423e-09,108.94,191.08,10293.03,18053.88,54.57,101.79
2.68138,2,0.1354,0.108,0.085,5.428,5.636,0.9885,0.00902,269.57,54.68,0.57487448,0.7300905896,2.33,7.436263e-09,5.800797e-09,1.097743e-08,9.451997e-09,109.27,190.89,10324.20,18036.03,54.76,101.69
2.68162,2,0.1354,0.108,0.085,5.428,5.636,0.9885,0.00902,269.57,54.68,0.5748735199999999,0.7300893703999999,2.33,7.429734e-09,5.800397e-09,1.116739e-08,9.610029e-09,109.67,190.10,10362.32,17961.63,55.00,101.23
2.68187,2,0.1355,0.108,0.085,5.428,5.636,0.9885,0.00902,269.57,54.68,0.57487252,0.7300881004,2.33,7.422547e-09,5.79535e-09,1.135061e-08,9.756087e-09,109.80,188.63,10374.58,17822.79,55.07,100.39
2.68213,2,0.1355,0.108,0.085,5.428,5.636,0.9885,0.00902,269.57,54.68,0.57487148,0.7300867796,2.33,7.421326e-09,5.792955e-09,1.152677e-08,9.883879e-09,109.68,185.48,10362.81,17524.65,55.00,98.57
2.68237,2,0.1355,0.108,0.085,5.428,5.636,0.9885,0.00902,269.57,54.68,0.5748705199999999,0.7300855603999999,2.33,7.412194e-09,5.79678e-09,1.168665e-08,9.994769e-09,110.63,182.13,10452.83,17208.13,55.55,96.65
2.68262,2,0.1355,0.108,0.085,5.428,5.636,0.9885,0.00902,269.57,54.68,0.5748695199999999,0.7300842903999999,2.33,7.410724e-09,5.805561e-09,1.183085e-08,1.008583e-08,111.50,178.19,10535.52,16836.12,56.05,94.38
2.68288,2,0.1356,0.108,0.085,5.427,5.636,0.9885,0.00902,269.57,54.68,0.5748684799999999,0.7300829695999999,2.33,7.416015e-09,5.803071e-09,1.195002e-08,1.015635e-08,111.00,174.70,10487.92,16506.16,55.76,92.38
2.68312,2,0.1356,0.108,0.085,5.427,5.636,0.9885,0.00902,269.57,54.68,0.57486752,0.7300817504,2.33,7.412709e-09,5.809861e-09,1.203293e-08,1.019701e-08,111.83,171.36,10566.33,16190.86,56.24,90.46
2.68337,2,0.1356,0.108,0.085,5.427,5.636,0.9885,0.00902,269.57,54.68,0.5748665199999999,0.7300804804,2.33,7.418483e-09,5.816875e-09,1.208871e-08,1.020864e-08,112.05,167.53,10587.28,15828.68,56.36,88.25
2.68363,2,0.1356,0.108,0.085,5.427,5.636,0.9885,0.00902,269.57,54.68,0.5748654799999999,0.7300791595999999,2.33,7.423343e-09,5.826147e-09,1.212573e-08,1.018842e-08,112.54,162.25,10633.45,15330.58,56.65,85.22
2.68388,2,0.1357,0.108,0.085,5.427,5.636,0.9885,0.00902,269.57,54.68,0.57486448,0.7300778896,2.33,7.431844e-09,5.834132e-09,1.211556e-08,1.015606e-08,112.74,160.03,10652.43,15119.97,56.76,83.94
2.68412,2,0.1357,0.108,0.085,5.427,5.636,0.9885,0.00902,269.57,54.68,0.57486352,0.7300766704,2.33,7.437719e-09,5.844382e-09,1.207308e-08,1.007465e-08,113.25,155.65,10700.44,14706.59,57.05,81.43
2.68438,2,0.1357,0.108,0.085,5.427,5.636,0.9885,0.00902,269.57,54.68,0.57486248,0.7300753496,2.33,7.450876e-09,5.858838e-09,1.200236e-08,9.974419e-09,113.62,151.86,10735.66,14348.39,57.27,79.25
2.68463,2,0.1357,0.108,0.085,5.427,5.636,0.9885,0.00902,269.57,54.68,0.5748614799999999,0.7300740795999999,2.33,7.464759e-09,5.874039e-09,1.188528e-08,9.8431e-09,114.01,148.81,10772.44,14060.76,57.49,77.50
2.68487,2,0.1357,0.108,0.085,5.427,5.636,0.9885,0.00902,269.57,54.68,0.57486052,0.7300728604,2.33,7.476409e-09,5.885771e-09,1.173913e-08,9.68946e-09,114.25,145.96,10794.51,13790.71,57.62,75.85
2.68513,2,0.1358,0.108,0.084,5.427,5.636,0.9885,0.00902,269.57,54.68,0.57485948,0.7300715395999999,2.33,7.491108e-09,5.904973e-09,1.156276e-08,9.509916e-09,115.03,143.14,10868.82,13524.63,58.08,74.24
2.68538,2,0.1358,0.108,0.084,5.427,5.636,0.9885,0.00902,269.57,54.68,0.57485848,0.7300702696,2.33,7.508485e-09,5.913481e-09,1.13602e-08,9.313334e-09,114.56,140.59,10823.96,13283.74,57.80,72.77
2.68562,2,0.1358,0.108,0.084,5.427,5.636,0.9885,0.00902,269.57,54.68,0.57485752,0.7300690504,2.33,7.525758e-09,5.931474e-09,1.114422e-08,9.102983e-09,114.96,137.79,10861.79,13019.52,58.03,71.16
2.68587,2,0.1358,0.108,0.084,5.427,5.636,0.9885,0.00902,269.57,54.68,0.57485652,0.7300677804,2.33,7.543751e-09,5.952354e-09,1.089873e-08,8.882215e-09,115.57,136.10,10919.80,12859.51,58.39,70.19
2.68613,2,0.1359,0.108,0.084,5.427,5.636,0.9885,0.00902,269.57,54.68,0.57485548,0.7300664595999999,2.33,7.565375e-09,5.967176e-09,1.063572e-08,8.655577e-09,115.45,135.16,10908.42,12770.96,58.32,69.65
2.68637,2,0.1359,0.108,0.084,5.427,5.636,0.9885,0.00902,269.57,54.68,0.5748545199999999,0.7300652403999999,2.33,7.585052e-09,5.984954e-09,1.036545e-08,8.423654e-09,115.66,134.14,10927.94,12674.21,58.44,69.06
2.68662,2,0.1359,0.108,0.084,5.427,5.636,0.9885,0.00902,269.57,54.68,0.57485352,0.7300639704,2.33,7.604355e-09,6.003887e-09,1.010394e-08,8.186793e-09,116.00,132.04,10959.97,12476.20,58.63,67.86
2.68688,2,0.1359,0.108,0.084,5.427,5.636,0.9885,0.00902,269.57,54.68,0.57485248,0.7300626496,2.33,7.625329e-09,6.023001e-09,9.835785e-09,7.969711e-09,116.23,132.06,10982.10,12477.79,58.77,67.87
2.68712,2,0.1360,0.108,0.084,5.427,5.636,0.9885,0.00902,269.57,54.68,0.57485152,0.7300614303999999,2.33,7.650029e-09,6.04037e-09,9.577467e-09,7.747462e-09,116.12,131.00,10971.67,12378.00,58.70,67.26
2.68737,2,0.1360,0.108,0.084,5.427,5.636,0.9885,0.00902,269.57,54.68,0.5748505199999999,0.7300601603999999,2.33,7.676166e-09,6.06125e-09,9.328021e-09,7.538794e-09,116.14,130.38,10973.76,12319.12,58.71,66.90
2.68763,2,0.1360,0.108,0.084,5.427,5.636,0.9885,0.00902,269.57,54.68,0.5748494799999999,0.7300588396,2.33,7.696846e-09,6.082616e-09,9.091053e-09,7.351451e-09,116.60,130.77,11017.12,12355.67,58.98,67.12
2.68788,2,0.1360,0.108,0.084,5.427,5.636,0.9885,0.00902,269.57,54.68,0.57484848,0.7300575696,2.33,7.730672e-09,6.103594e-09,8.869226e-09,7.179894e-09,116.08,131.52,10967.83,12426.43,58.68,67.55
2.68812,2,0.1361,0.107,0.084,5.427,5.636,0.9885,0.00902,269.57,54.68,0.57484752,0.7300563503999999,2.33,7.74798e-09,6.122008e-09,8.684196e-09,7.03211e-09,116.59,131.81,11016.13,12453.78,58.97,67.72
2.68838,2,0.1361,0.107,0.084,5.427,5.636,0.9885,0.00902,269.57,54.68,0.5748464799999999,0.7300550295999999,2.33,7.774317e-09,6.141872e-09,8.509999e-09,6.894591e-09,116.51,132.16,11008.05,12487.47,58.92,67.92
2.68863,2,0.1361,0.107,0.084,5.427,5.636,0.9885,0.00902,269.57,54.68,0.5748454799999999,0.7300537595999999,2.33,7.798258e-09,6.16262e-09,8.366062e-09,6.776324e-09,116.67,131.99,11023.67,12471.45,59.02,67.83
2.68887,2,0.1361,0.107,0.084,5.427,5.636,0.9885,0.00902,269.57,54.68,0.57484452,0.7300525404,2.33,7.819542e-09,6.184333e-09,8.235899e-09,6.687662e-09,117.11,133.76,11065.42,12638.20,59.27,68.84
2.68913,2,0.1362,0.107,0.084,5.427,5.636,0.9885,0.00902,269.57,54.68,0.57484348,0.7300512196,2.33,7.843711e-09,6.2076e-09,8.140349e-09,6.613111e-09,117.58,134.18,11109.08,12678.45,59.54,69.09
2.68938,2,0.1362,0.107,0.084,5.427,5.636,0.9885,0.00902,269.57,54.68,0.5748424799999999,0.7300499495999999,2.33,7.869607e-09,6.224901e-09,8.068143e-09,6.560611e-09,117.29,134.86,11081.82,12742.21,59.37,69.47
2.68962,2,0.1362,0.107,0.084,5.427,5.636,0.9885,0.00902,269.57,54.68,0.57484152,0.7300487304,2.33,7.894046e-09,6.245216e-09,8.019151e-09,6.52271e-09,117.38,135.07,11090.18,12762.49,59.42,69.60
2.68987,2,0.1362,0.107,0.084,5.427,5.636,0.9885,0.00902,269.57,54.68,0.57484052,0.7300474604,2.33,7.91711e-09,6.261824e-09,7.983717e-09,6.50767e-09,117.23,136.62,11076.30,12908.99,59.34,70.49
2.69013,2,0.1362,0.107,0.084,5.427,5.636,0.9885,0.00902,269.57,54.68,0.57483948,0.7300461396,2.33,7.938977e-09,6.282918e-09,7.975808e-09,6.499591e-09,117.57,136.44,11108.43,12891.48,59.53,70.38
2.69037,2,0.1363,0.107,0.084,5.426,5.636,0.9885,0.00902,269.57,54.68,0.5748385199999999,0.7300449203999999,2.33,7.959279e-09,6.301815e-09,7.977112e-09,6.499575e-09,117.91,136.42,11140.56,12889.38,59.73,70.37
2.69062,2,0.1363,0.107,0.084,5.426,5.636,0.9885,0.00902,269.57,54.68,0.57483752,0.7300436504,2.33,7.983892e-09,6.320946e-09,7.983577e-09,6.515893e-09,117.88,137.68,11137.54,13008.49,59.71,71.09
2.69088,2,0.1363,0.107,0.084,5.426,5.636,0.9885,0.00902,269.57,54.68,0.57483648,0.7300423296,2.33,8.004594e-09,6.336275e-09,8.006404e-09,6.54236e-09,117.78,138.58,11128.60,13093.80,59.66,71.61
2.69112,2,0.1363,0.107,0.084,5.426,5.636,0.9885,0.00902,269.57,54.68,0.5748355199999999,0.7300411104,2.33,8.028359e-09,6.353032e-09,8.035109e-09,6.566786e-09,117.60,138.69,11111.35,13104.39,59.55,71.68
2.69137,2,0.1364,0.107,0.084,5.426,5.636,0.9885,0.00902,269.57,54.68,0.5748345199999999,0.7300398403999999,2.33,8.045226e-09,6.368703e-09,8.062529e-09,6.599e-09,117.89,139.93,11138.97,13221.49,59.72,72.39
2.69163,2,0.1364,0.107,0.084,5.426,5.636,0.9885,0.00902,269.57,54.68,0.57483348,0.7300385196,2.33,8.068609e-09,6.388623e-09,8.104008e-09,6.637158e-09,118.02,140.42,11150.78,13267.84,59.79,72.67
2.69188,2,0.1364,0.107,0.084,5.426,5.636,0.9885,0.00902,269.57,54.68,0.57483248,0.7300372495999999,2.33,8.092293e-09,6.410159e-09,8.13727e-09,6.674764e-09,118.26,141.64,11174.08,13382.65,59.93,73.37
2.69212,2,0.1364,0.107,0.084,5.426,5.636,0.9885,0.00902,269.57,54.68,0.5748315199999999,0.7300360303999999,2.33,8.108508e-09,6.425805e-09,8.173985e-09,6.713248e-09,118.51,142.63,11197.57,13476.11,60.07,73.94
2.69238,2,0.1365,0.107,0.084,5.426,5.636,0.9885,0.00902,269.57,54.68,0.5748304799999999,0.7300347095999999,2.33,8.133461e-09,6.440235e-09,8.200352e-09,6.738799e-09,118.13,143.19,11161.14,13529.75,59.85,74.26
2.69263,2,0.1365,0.107,0.084,5.426,5.636,0.9885,0.00902,269.57,54.68,0.57482948,0.7300334396,2.33,8.142004e-09,6.45421e-09,8.208084e-09,6.752735e-09,118.76,144.10,11221.36,13615.52,60.22,74.78
2.69287,2,0.1365,0.107,0.084,5.426,5.636,0.9885,0.00902,269.57,54.68,0.57482852,0.7300322203999999,2.33,8.16838e-09,6.461318e-09,8.21981e-09,6.765454e-09,117.55,144.47,11106.92,13650.48,59.52,75.00
2.69313,2,0.1365,0.107,0.084,5.426,5.636,0.9885,0.00902,269.57,54.68,0.57482748,0.7300308995999999,2.33,8.176762e-09,6.474755e-09,8.21922e-09,6.767014e-09,118.15,144.72,11163.07,13673.84,59.86,75.14
2.69338,2,0.1366,0.107,0.084,5.426,5.636,0.9885,0.00903,269.57,54.68,0.5748264799999999,0.7300296296,2.33,8.186634e-09,6.487919e-09,8.208999e-09,6.764941e-09,118.70,145.60,11215.65,13756.85,60.18,75.64
2.69362,2,0.1366,0.107,0.084,5.426,5.636,0.9885,0.00903,269.57,54.68,0.57482552,0.7300284104,2.33,8.204516e-09,6.50359e-09,8.206742e-09,6.763685e-09,118.84,145.67,11228.13,13763.84,60.26,75.69
2.69387,2,0.1366,0.107,0.084,5.426,5.636,0.9885,0.00903,269.57,54.68,0.57482452,0.7300271403999999,2.33,8.223082e-09,6.522648e-09,8.185305e-09,6.753013e-09,119.22,146.54,11264.29,13845.40,60.48,76.18
2.69413,2,0.1366,0.107,0.084,5.426,5.636,0.9885,0.00903,269.57,54.68,0.5748234799999999,0.7300258195999999,2.33,8.239482e-09,6.528313e-09,8.171118e-09,6.735298e-09,118.57,145.79,11203.34,13775.15,60.11,75.75
2.69437,2,0.1366,0.107,0.084,5.426,5.636,0.9885,0.00903,269.57,54.68,0.57482252,0.7300246004000001,2.33,8.258312e-09,6.541832e-09,8.158844e-09,6.713447e-09,118.45,144.36,11191.81,13639.49,60.04,74.93
2.69462,2,0.1367,0.107,0.084,5.426,5.636,0.9885,0.00903,269.57,54.68,0.57482152,0.7300233304,2.33,8.268224e-09,6.554638e-09,8.132838e-09,6.684105e-09,118.97,143.50,11240.87,13558.51,60.34,74.44
2.69488,2,0.1367,0.107,0.084,5.426,5.636,0.9885,0.00903,269.57,54.68,0.57482048,0.7300220096,2.33,8.286863e-09,6.564412e-09,8.106279e-09,6.655102e-09,118.53,142.64,11199.69,13476.95,60.09,73.94
2.69512,2,0.1367,0.107,0.084,5.426,5.636,0.9885,0.00903,269.57,54.68,0.5748195199999999,0.7300207903999999,2.33,8.304172e-09,6.579579e-09,8.083026e-09,6.62095e-09,118.66,140.85,11211.63,13307.84,60.16,72.91
2.69537,2,0.1367,0.107,0.084,5.426,5.636,0.9885,0.00903,269.57,54.68,0.57481852,0.7300195204,2.33,8.318225e-09,6.594672e-09,8.061239e-09,6.579433e-09,119.00,138.10,11244.13,13048.31,60.36,71.33
2.69563,2,0.1368,0.107,0.084,5.426,5.636,0.9885,0.00903,269.57,54.68,0.57481748,0.7300181996,2.33,8.337179e-09,6.60969e-09,8.036381e-09,6.548635e-09,119.09,137.00,11252.27,12944.83,60.41,70.70
2.69588,2,0.1368,0.107,0.084,5.426,5.636,0.9885,0.00903,269.57,54.68,0.57481648,0.7300169296,2.33,8.355667e-09,6.619299e-09,8.014533e-09,6.508097e-09,118.65,134.47,11211.01,12705.09,60.15,69.24
2.69612,2,0.1368,0.107,0.084,5.426,5.636,0.9885,0.00903,269.57,54.68,0.5748155199999999,0.7300157103999999,2.33,8.372938e-09,6.633884e-09,7.996634e-09,6.47078e-09,118.73,131.99,11218.36,12471.49,60.20,67.82
2.69638,2,0.1368,0.107,0.084,5.426,5.636,0.9885,0.00903,269.57,54.68,0.5748144799999999,0.7300143895999999,2.33,8.395062e-09,6.653789e-09,7.981717e-09,6.437878e-09,118.94,129.79,11237.68,12263.52,60.32,66.56
2.69663,2,0.1369,0.107,0.084,5.425,5.636,0.9885,0.00903,269.57,54.68,0.57481348,0.7300131196,2.33,8.412961e-09,6.668691e-09,7.971719e-09,6.403066e-09,119.08,127.14,11251.71,12013.03,60.40,65.03
2.69687,2,0.1369,0.107,0.084,5.425,5.636,0.9885,0.00903,269.57,54.68,0.5748125199999999,0.7300119004,2.33,8.436441e-09,6.680581e-09,7.956178e-09,6.376097e-09,118.51,125.69,11197.37,11875.92,60.07,64.20
2.69713,2,0.1369,0.107,0.084,5.425,5.636,0.9885,0.00903,269.57,54.68,0.5748114799999999,0.7300105795999999,2.33,8.457162e-09,6.702411e-09,7.949583e-09,6.355807e-09,118.97,124.21,11241.06,11736.40,60.34,63.35
2.69738,2,0.1369,0.106,0.083,5.425,5.636,0.9885,0.00903,269.57,54.68,0.57481048,0.7300093096,2.33,8.490709e-09,6.712817e-09,7.947987e-09,6.33969e-09,117.61,122.78,11111.97,11600.95,59.55,62.53
2.69762,2,0.1370,0.106,0.083,5.425,5.636,0.9885,0.00903,269.57,54.68,0.57480952,0.7300080903999999,2.33,8.509372e-09,6.73076e-09,7.94719e-09,6.330258e-09,117.96,122.03,11145.29,11530.24,59.75,62.10
2.69787,2,0.1370,0.106,0.083,5.425,5.636,0.9885,0.00903,269.57,54.68,0.5748085199999999,0.7300068204,2.33,8.540098e-09,6.754015e-09,7.952954e-09,6.318972e-09,117.87,120.54,11137.02,11389.58,59.70,61.24
2.69813,2,0.1370,0.106,0.083,5.425,5.636,0.9885,0.00903,269.57,54.68,0.5748074799999999,0.7300054995999999,2.33,8.567532e-09,6.774712e-09,7.963502e-09,6.31999e-09,117.79,119.86,11129.17,11325.36,59.66,60.85
2.69837,2,0.1370,0.106,0.083,5.425,5.636,0.9885,0.00903,269.57,54.68,0.57480652,0.7300042804,2.33,8.599649e-09,6.798899e-09,7.981151e-09,6.331841e-09,117.69,119.67,11119.72,11306.71,59.60,60.74
2.69862,2,0.1371,0.106,0.083,5.425,5.636,0.9885,0.00903,269.57,54.68,0.57480552,0.7300030103999999,2.33,8.631576e-09,6.818904e-09,7.998058e-09,6.343289e-09,117.34,119.57,11087.17,11298.02,59.40,60.68
2.69888,2,0.1371,0.106,0.083,5.425,5.636,0.9885,0.00903,269.57,54.68,0.57480448,0.7300016896,2.33,8.662687e-09,6.842885e-09,8.020051e-09,6.364469e-09,117.29,119.92,11082.56,11330.18,59.37,60.88
2.69912,2,0.1371,0.106,0.083,5.425,5.636,0.9885,0.00903,269.57,54.68,0.57480352,0.7300004704,2.33,8.701147e-09,6.862858e-09,8.050475e-09,6.386478e-09,116.45,119.72,11003.13,11311.86,58.89,60.77
2.69937,2,0.1371,0.106,0.083,5.425,5.636,0.9885,0.00903,269.57,54.68,0.57480252,0.7299992004,2.33,8.737883e-09,6.886029e-09,8.081148e-09,6.411956e-09,115.99,119.82,10959.41,11321.64,58.62,60.83
2.69963,2,0.1371,0.106,0.083,5.425,5.636,0.9885,0.00903,269.58,54.68,0.57480148,0.7299978796,2.33,8.772134e-09,6.917257e-09,8.101622e-09,6.450192e-09,116.33,121.84,10991.17,11511.65,58.82,61.98
2.69988,2,0.1372,0.106,0.083,5.425,5.636,0.9885,0.00903,269.58,54.68,0.57480048,0.7299966095999999,2.33,8.807568e-09,6.939512e-09,8.145498e-09,6.485525e-09,115.96,121.96,10956.72,11523.53,58.61,62.05
2.70012,2,0.1372,0.106,0.083,5.425,5.636,0.9885,0.00903,269.58,54.68,0.57479952,0.7299953904,2.33,8.844793e-09,6.972944e-09,8.18042e-09,6.523012e-09,116.29,122.86,10987.20,11608.08,58.79,62.57
2.70038,2,0.1372,0.106,0.083,5.425,5.636,0.9885,0.00903,269.58,54.68,0.57479848,0.7299940696,2.33,8.887612e-09,6.994714e-09,8.215632e-09,6.566207e-09,115.35,124.27,10898.94,11741.50,58.25,63.38
2.70063,2,0.1372,0.106,0.083,5.425,5.636,0.9885,0.00903,269.58,54.68,0.57479748,0.7299927996,2.33,8.927509e-09,7.033128e-09,8.254237e-09,6.626958e-09,115.89,127.12,10950.22,12011.40,58.57,65.02
2.70087,2,0.1373,0.106,0.083,5.425,5.636,0.9885,0.00903,269.58,54.68,0.5747965199999999,0.7299915803999999,2.33,8.966086e-09,7.075761e-09,8.292479e-09,6.718264e-09,116.93,133.32,11048.27,12596.53,59.16,68.58
2.70113,2,0.1373,0.106,0.083,5.425,5.636,0.9885,0.00903,269.58,54.68,0.5747954799999999,0.7299902595999999,2.33,9.01363e-09,7.091632e-09,8.33848e-09,6.688349e-09,115.26,126.62,10890.58,11963.50,58.20,64.73
2.70138,2,0.1373,0.106,0.083,5.425,5.636,0.9885,0.00903,269.58,54.68,0.57479448,0.7299889896,2.33,9.051869e-09,7.123917e-09,8.384073e-09,6.718568e-09,115.43,126.02,10906.37,11906.62,58.30,64.38
2.70162,2,0.1373,0.106,0.083,5.425,5.636,0.9885,0.00903,269.58,54.68,0.57479352,0.7299877704,2.33,9.1023e-09,7.158225e-09,8.421041e-09,6.757062e-09,115.02,126.85,10868.01,11985.82,58.07,64.87
2.70187,2,0.1374,0.106,0.083,5.425,5.636,0.9885,0.00903,269.58,54.68,0.5747925199999999,0.7299865003999999,2.33,9.148414e-09,7.187198e-09,8.462429e-09,6.788172e-09,114.56,126.75,10824.50,11975.80,57.80,64.80
2.70213,2,0.1374,0.106,0.083,5.425,5.636,0.9885,0.00903,269.58,54.68,0.5747914799999999,0.7299851795999999,2.33,9.191768e-09,7.22561e-09,8.509009e-09,6.820037e-09,114.89,126.23,10855.00,11927.19,57.99,64.51
2.70237,2,0.1374,0.106,0.083,5.425,5.636,0.9885,0.00903,269.58,54.68,0.57479052,0.7299839604,2.33,9.24643e-09,7.261091e-09,8.55191e-09,6.852442e-09,114.33,126.05,10802.91,11909.85,57.67,64.40
2.70262,2,0.1374,0.106,0.083,5.425,5.636,0.9885,0.00903,269.58,54.68,0.5747895199999999,0.7299826904,2.33,9.291413e-09,7.295188e-09,8.592589e-09,6.879866e-09,114.25,125.58,10794.46,11864.97,57.62,64.13
2.70288,2,0.1375,0.106,0.083,5.425,5.636,0.9885,0.00903,269.58,54.68,0.5747884799999999,0.7299813695999999,2.33,9.342735e-09,7.329022e-09,8.62384e-09,6.912632e-09,113.86,126.38,10758.16,11940.71,57.40,64.59
2.70312,2,0.1375,0.106,0.083,5.425,5.636,0.9885,0.00903,269.58,54.68,0.57478752,0.7299801504,2.33,9.384828e-09,7.365681e-09,8.666649e-09,6.934862e-09,114.12,125.28,10782.87,11836.76,57.55,63.96
2.70337,2,0.1375,0.106,0.083,5.425,5.636,0.9885,0.00903,269.58,54.68,0.57478652,0.7299788803999999,2.33,9.439079e-09,7.401152e-09,8.702114e-09,6.960838e-09,113.62,125.06,10734.95,11816.35,57.26,63.83
2.70363,2,0.1375,0.106,0.083,5.425,5.636,0.9885,0.00903,269.58,54.68,0.57478548,0.7299775596,2.33,9.489381e-09,7.442533e-09,8.744172e-09,6.991573e-09,113.75,124.80,10747.93,11791.85,57.33,63.68
2.70388,2,0.1376,0.106,0.083,5.424,5.636,0.9885,0.00903,269.58,54.68,0.5747844799999999,0.7299762895999999,2.33,9.533612e-09,7.476197e-09,8.779863e-09,7.011134e-09,113.76,124.10,10748.90,11725.52,57.34,63.28
2.70412,2,0.1376,0.106,0.083,5.424,5.636,0.9885,0.00903,269.58,54.68,0.57478352,0.7299750704,2.33,9.571983e-09,7.514092e-09,8.81302e-09,7.039074e-09,114.31,124.23,10800.88,11737.62,57.66,63.35
2.70438,2,0.1376,0.106,0.083,5.424,5.636,0.9885,0.00903,269.58,54.68,0.57478248,0.7299737495999999,2.33,9.634861e-09,7.555584e-09,8.863533e-09,7.0646e-09,113.76,122.95,10748.82,11616.56,57.34,62.62
2.70463,2,0.1376,0.106,0.083,5.424,5.636,0.9885,0.00903,269.58,54.68,0.57478148,0.7299724796,2.33,9.674388e-09,7.595319e-09,8.895294e-09,7.09568e-09,114.37,123.44,10806.43,11663.25,57.69,62.90
2.70487,2,0.1376,0.106,0.083,5.424,5.636,0.9885,0.00903,269.58,54.68,0.5747805199999999,0.7299712603999999,2.33,9.722449e-09,7.622856e-09,8.941548e-09,7.12513e-09,113.66,122.81,10739.59,11603.31,57.28,62.54
2.70512,2,0.1377,0.106,0.083,5.424,5.636,0.9885,0.00903,269.58,54.68,0.57477952,0.7299699904,2.33,9.773998e-09,7.659362e-09,8.986713e-09,7.154266e-09,113.48,122.32,10722.04,11557.23,57.18,62.26
2.70538,2,0.1377,0.106,0.083,5.424,5.636,0.9885,0.00903,269.58,54.68,0.57477848,0.7299686696,2.33,9.81827e-09,7.695368e-09,9.027936e-09,7.19638e-09,113.57,123.10,10730.49,11630.92,57.23,62.71
2.70562,2,0.1377,0.106,0.083,5.424,5.636,0.9885,0.00903,269.58,54.68,0.5747775199999999,0.7299674503999999,2.33,9.868124e-09,7.733321e-09,9.070187e-09,7.224778e-09,113.49,122.66,10723.30,11589.16,57.18,62.45
2.70587,2,0.1377,0.106,0.083,5.424,5.636,0.9885,0.00903,269.58,54.68,0.57477652,0.7299661804,2.33,9.912574e-09,7.765463e-09,9.122159e-09,7.262225e-09,113.31,122.33,10706.14,11558.26,57.08,62.26
2.70613,2,0.1378,0.106,0.083,5.424,5.636,0.9885,0.00903,269.58,54.68,0.57477548,0.7299648596,2.33,9.961199e-09,7.801925e-09,9.170283e-09,7.300093e-09,113.28,122.38,10703.59,11563.20,57.06,62.29
2.70637,2,0.1378,0.106,0.083,5.424,5.636,0.9885,0.00903,269.58,54.68,0.57477452,0.7299636404,2.33,1.001045e-08,7.840557e-09,9.215046e-09,7.333716e-09,113.29,122.22,10703.95,11547.67,57.07,62.20
2.70662,2,0.1378,0.106,0.083,5.424,5.636,0.9885,0.00903,269.58,54.68,0.5747735199999999,0.7299623703999999,2.33,1.005674e-08,7.88283e-09,9.266622e-09,7.373088e-09,113.69,122.08,10741.77,11534.84,57.30,62.12
2.70688,2,0.1378,0.105,0.083,5.424,5.636,0.9885,0.00903,269.58,54.68,0.5747724799999999,0.7299610495999999,2.33,1.009816e-08,7.911713e-09,9.326018e-09,7.426503e-09,113.45,122.57,10718.97,11581.45,57.16,62.40
2.70713,2,0.1379,0.105,0.083,5.424,5.636,0.9885,0.00903,269.58,54.68,0.57477148,0.7299597796,2.33,1.01468e-08,7.951666e-09,9.398662e-09,7.487715e-09,113.65,122.93,10738.25,11615.47,57.27,62.61
2.70737,2,0.1379,0.105,0.083,5.424,5.636,0.9885,0.00903,269.58,54.68,0.57477052,0.7299585604,2.33,1.019635e-08,7.989766e-09,9.469753e-09,7.554157e-09,113.60,123.72,10733.71,11690.10,57.25,63.06
2.70763,2,0.1379,0.105,0.083,5.424,5.636,0.9885,0.00903,269.58,54.68,0.5747694799999999,0.7299572395999999,2.33,1.025622e-08,8.030672e-09,9.546729e-09,7.600783e-09,113.21,122.55,10696.73,11578.81,57.02,62.39
2.70788,2,0.1379,0.105,0.083,5.424,5.636,0.9885,0.00903,269.58,54.68,0.5747684799999999,0.7299559695999999,2.33,1.029726e-08,8.068251e-09,9.600548e-09,7.636737e-09,113.56,122.01,10730.10,11527.75,57.22,62.08
2.70812,2,0.1380,0.105,0.083,5.424,5.636,0.9885,0.00903,269.58,54.68,0.57476752,0.7299547504,2.33,1.03412e-08,8.096104e-09,9.636353e-09,7.653473e-09,113.22,121.19,10697.74,11450.20,57.03,61.60
2.70838,2,0.1380,0.105,0.083,5.424,5.636,0.9885,0.00903,269.58,54.68,0.57476648,0.7299534296,2.33,1.037572e-08,8.122294e-09,9.67387e-09,7.67465e-09,113.17,120.53,10692.67,11388.04,57.00,61.23
2.70863,2,0.1380,0.105,0.083,5.424,5.636,0.9885,0.00903,269.58,54.68,0.5747654799999999,0.7299521595999999,2.33,1.04078e-08,8.146798e-09,9.708311e-09,7.698309e-09,113.13,120.25,10689.00,11361.87,56.97,61.07
2.70887,2,0.1380,0.105,0.083,5.424,5.636,0.9885,0.00903,269.58,54.68,0.57476452,0.7299509404,2.33,1.045306e-08,8.176675e-09,9.749679e-09,7.737832e-09,112.78,120.76,10655.70,11409.73,56.77,61.36
2.70912,2,0.1380,0.105,0.083,5.424,5.636,0.9885,0.00903,269.58,54.68,0.57476352,0.7299496704,2.33,1.048553e-08,8.213598e-09,9.80323e-09,7.769962e-09,113.51,119.98,10724.79,11336.40,57.19,60.91
2.70938,2,0.1381,0.105,0.083,5.424,5.636,0.9885,0.00903,269.58,54.68,0.57476248,0.7299483496,2.33,1.051759e-08,8.238725e-09,9.846198e-09,7.801438e-09,113.59,119.88,10732.64,11326.55,57.24,60.85
2.70962,2,0.1381,0.105,0.083,5.424,5.636,0.9885,0.00903,269.58,54.68,0.5747615199999999,0.7299471303999999,2.33,1.055633e-08,8.271239e-09,9.896991e-09,7.833706e-09,113.73,119.29,10745.64,11271.28,57.32,60.52
2.70987,2,0.1381,0.105,0.082,5.424,5.636,0.9885,0.00903,269.58,54.68,0.57476052,0.7299458604,2.33,1.059501e-08,8.290446e-09,9.944435e-09,7.863035e-09,113.03,118.70,10679.92,11215.37,56.92,60.18
2.71013,2,0.1381,0.105,0.082,5.424,5.636,0.9885,0.00903,269.58,54.68,0.57475948,0.7299445395999999,2.33,1.062753e-08,8.329041e-09,1.000283e-08,7.899767e-09,113.86,118.03,10758.00,11151.70,57.39,59.79
2.71037,2,0.1382,0.105,0.082,5.424,5.636,0.9885,0.00903,269.58,54.68,0.5747585199999999,0.7299433204,2.33,1.067104e-08,8.354601e-09,1.004194e-08,7.942034e-09,113.41,118.92,10715.15,11236.35,57.13,60.30
2.71062,2,0.1382,0.105,0.082,5.424,5.636,0.9885,0.00903,269.58,54.68,0.5747575199999999,0.7299420503999999,2.33,1.071695e-08,8.380854e-09,1.01022e-08,7.97225e-09,112.80,117.69,10658.37,11120.00,56.79,59.60
2.71088,2,0.1382,0.105,0.082,5.424,5.636,0.9885,0.00903,269.58,54.68,0.57475648,0.7299407296,2.33,1.075522e-08,8.41099e-09,1.015062e-08,8.009803e-09,112.82,117.64,10659.58,11115.67,56.79,59.57
2.71113,2,0.1382,0.105,0.082,5.424,5.636,0.9885,0.00903,269.58,54.68,0.57475548,0.7299394596,2.33,1.079091e-08,8.44128e-09,1.02099e-08,8.049084e-09,112.96,117.13,10673.38,11066.80,56.88,59.27
2.71137,2,0.1383,0.105,0.082,5.423,5.636,0.9885,0.00903,269.58,54.68,0.5747545199999999,0.7299382403999999,2.33,1.082501e-08,8.469117e-09,1.02629e-08,8.092629e-09,113.12,117.33,10687.83,11086.20,56.97,59.39
2.71163,2,0.1383,0.105,0.082,5.423,5.636,0.9885,0.00903,269.58,54.68,0.5747534799999999,0.7299369196,2.33,1.087815e-08,8.500952e-09,1.032892e-08,8.130375e-09,112.52,116.36,10631.86,10994.67,56.63,58.83
2.71188,2,0.1383,0.105,0.082,5.423,5.636,0.9885,0.00903,269.58,54.68,0.57475248,0.7299356496,2.33,1.091957e-08,8.530316e-09,1.03848e-08,8.177601e-09,112.34,116.58,10614.75,11015.18,56.52,58.96
2.71212,2,0.1383,0.105,0.082,5.423,5.636,0.9885,0.00903,269.58,54.68,0.57475152,0.7299344304,2.33,1.095849e-08,8.562869e-09,1.044771e-08,8.223201e-09,112.47,116.32,10626.94,10990.41,56.60,58.81
2.71238,2,0.1384,0.105,0.082,5.423,5.636,0.9885,0.00903,269.58,54.68,0.57475048,0.7299331095999999,2.33,1.100329e-08,8.587847e-09,1.050155e-08,8.262281e-09,111.96,116.19,10578.12,10977.78,56.30,58.73
2.71263,2,0.1384,0.105,0.082,5.423,5.636,0.9885,0.00903,269.58,54.68,0.5747494799999999,0.7299318396,2.33,1.104435e-08,8.621441e-09,1.055844e-08,8.316031e-09,112.05,116.78,10586.77,11033.72,56.35,59.07
2.71287,2,0.1384,0.105,0.082,5.423,5.636,0.9885,0.00903,269.58,54.68,0.57474852,0.7299306204,2.33,1.110052e-08,8.65421e-09,1.063112e-08,8.359594e-09,111.40,115.88,10525.35,10949.35,55.98,58.56
2.71312,2,0.1384,0.105,0.082,5.423,5.636,0.9885,0.00903,269.58,54.68,0.57474752,0.7299293504,2.33,1.114122e-08,8.683346e-09,1.068561e-08,8.40526e-09,111.25,116.07,10511.10,10966.56,55.89,58.66
2.71338,2,0.1385,0.105,0.082,5.423,5.636,0.9885,0.00903,269.58,54.68,0.57474648,0.7299280295999999,2.33,1.11816e-08,8.7223e-09,1.07662e-08,8.456572e-09,111.76,115.38,10559.75,10901.51,56.19,58.27
2.71362,2,0.1385,0.105,0.082,5.423,5.636,0.9885,0.00903,269.58,54.68,0.57474552,0.7299268104000001,2.33,1.124048e-08,8.74131e-09,1.083677e-08,8.509524e-09,110.22,115.22,10413.94,10886.72,55.30,58.18
2.71387,2,0.1385,0.105,0.082,5.423,5.636,0.9885,0.00903,269.58,54.68,0.57474452,0.7299255404,2.33,1.129077e-08,8.778708e-09,1.090059e-08,8.556351e-09,110.12,115.02,10404.82,10867.28,55.24,58.06
2.71413,2,0.1385,0.105,0.082,5.423,5.636,0.9885,0.00903,269.58,54.68,0.57474348,0.7299242196,2.33,1.133525e-08,8.811281e-09,1.098557e-08,8.610819e-09,110.01,114.26,10394.16,10795.94,55.18,57.62
2.71437,2,0.1385,0.105,0.082,5.423,5.636,0.9885,0.00903,269.58,54.68,0.5747425199999999,0.7299230003999999,2.33,1.138583e-08,8.850535e-09,1.105427e-08,8.666874e-09,110.00,114.40,10393.82,10808.67,55.18,57.70
2.71462,2,0.1386,0.105,0.082,5.423,5.636,0.9885,0.00903,269.58,54.68,0.57474152,0.7299217304,2.33,1.144711e-08,8.873762e-09,1.112634e-08,8.723505e-09,108.74,114.49,10274.41,10817.19,54.45,57.75
2.71488,2,0.1386,0.105,0.082,5.423,5.636,0.9885,0.00903,269.58,54.68,0.57474048,0.7299204096,2.33,1.149327e-08,8.908208e-09,1.121167e-08,8.777889e-09,108.67,113.73,10267.55,10746.23,54.41,57.32
2.71513,2,0.1386,0.105,0.082,5.423,5.636,0.9885,0.00903,269.58,54.68,0.57473948,0.7299191396,2.33,1.154469e-08,8.949703e-09,1.129069e-08,8.835308e-09,108.76,113.47,10275.92,10721.37,54.46,57.17
2.71537,2,0.1386,0.105,0.082,5.423,5.636,0.9885,0.00903,269.58,54.68,0.5747385199999999,0.7299179203999999,2.33,1.159201e-08,8.976345e-09,1.137225e-08,8.888038e-09,108.22,112.82,10225.04,10660.18,54.15,56.80
2.71563,2,0.1387,0.105,0.082,5.423,5.636,0.9885,0.00903,269.58,54.68,0.5747374799999999,0.7299165995999999,2.33,1.164893e-08,9.007709e-09,1.145332e-08,8.945849e-09,107.62,112.59,10168.81,10637.66,53.81,56.66
2.71588,2,0.1387,0.105,0.082,5.423,5.636,0.9885,0.00903,269.58,54.68,0.57473648,0.7299153296,2.33,1.170637e-08,9.043252e-09,1.15269e-08,9.008353e-09,107.16,112.87,10124.99,10664.88,53.54,56.82
2.71612,2,0.1387,0.105,0.082,5.423,5.636,0.9885,0.00903,269.58,54.68,0.5747355199999999,0.7299141104,2.33,1.174532e-08,9.079265e-09,1.162781e-08,9.068712e-09,107.47,111.83,10154.11,10566.21,53.72,56.22
2.71638,2,0.1387,0.104,0.082,5.423,5.636,0.9885,0.00903,269.58,54.68,0.5747344799999999,0.7299127896,2.33,1.180325e-08,9.104445e-09,1.170608e-08,9.134816e-09,106.45,112.11,10058.40,10592.53,53.14,56.38
2.71663,2,0.1388,0.104,0.082,5.423,5.636,0.9885,0.00903,269.58,54.68,0.5747334799999999,0.7299115195999999,2.33,1.185699e-08,9.142396e-09,1.179955e-08,9.197488e-09,106.35,111.62,10048.81,10546.57,53.08,56.10
2.71687,2,0.1388,0.104,0.082,5.423,5.636,0.9885,0.00903,269.58,54.68,0.57473252,0.7299103003999999,2.33,1.189646e-08,9.174565e-09,1.188991e-08,9.255331e-09,106.44,110.94,10057.12,10481.91,53.13,55.71
2.71712,2,0.1388,0.104,0.082,5.423,5.636,0.9885,0.00903,269.58,54.68,0.5747315199999999,0.7299090303999999,2.33,1.195184e-08,9.206514e-09,1.198125e-08,9.3262e-09,105.90,110.92,10006.01,10480.73,52.82,55.70
2.71738,2,0.1388,0.104,0.082,5.423,5.636,0.9885,0.00903,269.58,54.68,0.5747304799999999,0.7299077096,2.33,1.200388e-08,9.238582e-09,1.207559e-08,9.382089e-09,105.50,110.00,9968.34,10393.02,52.59,55.17
2.71762,2,0.1389,0.104,0.082,5.423,5.636,0.9885,0.00903,269.58,54.68,0.57472952,0.7299064904,2.33,1.205025e-08,9.283752e-09,1.21721e-08,9.454005e-09,106.05,109.92,10019.94,10385.40,52.90,55.12
2.71787,2,0.1389,0.104,0.082,5.423,5.636,0.9885,0.00903,269.58,54.68,0.57472852,0.7299052203999999,2.33,1.209538e-08,9.321837e-09,1.226341e-08,9.519915e-09,106.21,109.66,10035.49,10360.98,53.00,54.98
2.71813,2,0.1389,0.104,0.082,5.423,5.636,0.9885,0.00903,269.58,54.68,0.57472748,0.7299038995999999,2.33,1.21553e-08,9.342663e-09,1.235885e-08,9.590134e-09,104.97,109.46,9918.11,10342.33,52.28,54.86
2.71837,2,0.1389,0.104,0.082,5.423,5.636,0.9885,0.00903,269.58,54.68,0.5747265199999999,0.7299026804,2.33,1.219711e-08,9.364732e-09,1.244985e-08,9.661663e-09,104.48,109.51,9872.25,10346.70,52.00,54.89
2.71862,2,0.1390,0.104,0.082,5.422,5.636,0.9885,0.00903,269.58,54.68,0.57472552,0.7299014104,2.33,1.223302e-08,9.406629e-09,1.253418e-08,9.722455e-09,105.25,109.35,9944.57,10332.07,52.44,54.80
2.71888,2,0.1390,0.104,0.082,5.422,5.636,0.9885,0.00903,269.58,54.68,0.57472448,0.7299000896,2.33,1.228814e-08,9.432291e-09,1.263896e-08,9.800992e-09,104.45,109.22,9868.85,10319.22,51.98,54.72
2.71913,2,0.1390,0.104,0.082,5.422,5.636,0.9885,0.00903,269.58,54.68,0.57472348,0.7298988195999999,2.33,1.23221e-08,9.464692e-09,1.273514e-08,9.855966e-09,104.75,108.26,9897.34,10228.59,52.15,54.17
2.71937,2,0.1390,0.104,0.082,5.422,5.636,0.9885,0.00903,269.58,54.68,0.5747225199999999,0.7298976003999998,2.33,1.238153e-08,9.486357e-09,1.282171e-08,9.92433e-09,103.62,108.32,9790.60,10234.82,51.51,54.21
2.71963,2,0.1390,0.104,0.082,5.422,5.636,0.9885,0.00903,269.58,54.68,0.57472148,0.7298962796,2.33,1.241712e-08,9.517859e-09,1.292014e-08,9.997085e-09,103.82,108.16,9809.26,10219.29,51.62,54.11
2.71988,2,0.1391,0.104,0.082,5.422,5.636,0.9885,0.00903,269.58,54.68,0.57472048,0.7298950096,2.33,1.245362e-08,9.554833e-09,1.302079e-08,1.005811e-08,104.31,107.44,9856.06,10151.45,51.90,53.70
2.72012,2,0.1391,0.104,0.082,5.422,5.636,0.9885,0.00903,269.58,54.68,0.5747195199999999,0.7298937903999999,2.33,1.250072e-08,9.57199e-09,1.31025e-08,1.012269e-08,103.43,107.51,9772.81,10157.90,51.40,53.74
2.72038,2,0.1391,0.104,0.082,5.422,5.636,0.9885,0.00903,269.58,54.68,0.5747184799999999,0.7298924695999999,2.33,1.254445e-08,9.607148e-09,1.319831e-08,1.018708e-08,103.51,107.06,9780.08,10115.85,51.44,53.48
2.72063,2,0.1391,0.104,0.082,5.422,5.636,0.9885,0.00903,269.58,54.68,0.57471748,0.7298911996,2.33,1.257781e-08,9.629021e-09,1.329064e-08,1.025219e-08,103.34,106.78,9764.16,10089.30,51.34,53.32
2.72087,2,0.1392,0.104,0.082,5.422,5.636,0.9885,0.00903,269.58,54.68,0.57471652,0.7298899804,2.33,1.262442e-08,9.656698e-09,1.338331e-08,1.031337e-08,103.05,106.39,9736.75,10052.62,51.18,53.10
2.72112,2,0.1392,0.104,0.082,5.422,5.636,0.9885,0.00903,269.58,54.68,0.5747155199999999,0.7298887103999999,2.33,1.266618e-08,9.679789e-09,1.346668e-08,1.0376e-08,102.65,106.32,9699.01,10045.80,50.95,53.06
2.72138,2,0.1392,0.104,0.082,5.422,5.636,0.9885,0.00903,269.59,54.68,0.5747144799999999,0.7298873895999999,2.33,1.270232e-08,9.715207e-09,1.356249e-08,1.043983e-08,103.00,105.88,9732.15,10004.08,51.15,52.80
2.72162,2,0.1392,0.104,0.082,5.422,5.636,0.9885,0.00903,269.59,54.68,0.57471352,0.7298861704,2.33,1.273765e-08,9.728832e-09,1.364527e-08,1.049212e-08,102.40,105.38,9675.50,9956.97,50.80,52.52
2.72187,2,0.1393,0.104,0.082,5.422,5.636,0.9885,0.00903,269.59,54.68,0.57471252,0.7298849004,2.33,1.278366e-08,9.758537e-09,1.373107e-08,1.055729e-08,102.23,105.42,9659.66,9960.83,50.71,52.54
2.72213,2,0.1393,0.104,0.082,5.422,5.636,0.9885,0.00903,269.59,54.68,0.5747114799999999,0.7298835795999999,2.33,1.281768e-08,9.78045e-09,1.381784e-08,1.060989e-08,102.06,104.82,9642.76,9903.83,50.60,52.19
2.72237,2,0.1393,0.104,0.082,5.422,5.636,0.9885,0.00903,269.59,54.68,0.57471052,0.7298823604,2.33,1.285325e-08,9.807522e-09,1.389972e-08,1.066676e-08,102.05,104.57,9642.47,9879.89,50.60,52.05
2.72262,2,0.1393,0.104,0.081,5.422,5.636,0.9885,0.00903,269.59,54.68,0.57470952,0.7298810903999999,2.33,1.289562e-08,9.832356e-09,1.397971e-08,1.075942e-08,101.73,105.89,9611.85,10005.24,50.42,52.81
2.72288,2,0.1394,0.104,0.081,5.422,5.636,0.9885,0.00903,269.59,54.68,0.57470848,0.7298797696,2.33,1.292059e-08,9.867079e-09,1.40756e-08,1.084358e-08,102.49,106.41,9683.54,10054.12,50.85,53.11
2.72313,2,0.1394,0.104,0.081,5.422,5.636,0.9885,0.00903,269.59,54.68,0.5747074799999999,0.7298784996,2.33,1.296168e-08,9.868694e-09,1.414601e-08,1.083575e-08,101.20,103.82,9561.52,9809.39,50.11,51.62
2.72337,2,0.1394,0.104,0.081,5.422,5.636,0.9885,0.00903,269.59,54.68,0.57470652,0.7298772804,2.33,1.299252e-08,9.887668e-09,1.422606e-08,1.087384e-08,101.00,102.88,9543.29,9720.66,50.00,51.08
2.72363,2,0.1394,0.104,0.081,5.422,5.636,0.9885,0.00903,269.59,54.68,0.57470548,0.7298759596,2.33,1.303377e-08,9.901084e-09,1.430895e-08,1.091503e-08,100.24,102.00,9471.33,9637.59,49.56,50.57
2.72388,2,0.1395,0.104,0.081,5.422,5.636,0.9885,0.00903,269.59,54.68,0.57470448,0.7298746896,2.33,1.30596e-08,9.921101e-09,1.439434e-08,1.097031e-08,100.33,101.69,9479.69,9608.11,49.61,50.39
2.72412,2,0.1395,0.104,0.081,5.422,5.636,0.9885,0.00903,269.59,54.68,0.5747035199999999,0.7298734704,2.33,1.308709e-08,9.934988e-09,1.447232e-08,1.102263e-08,100.04,101.41,9452.00,9582.12,49.44,50.24
2.72438,2,0.1395,0.104,0.081,5.422,5.636,0.9885,0.00903,269.59,54.68,0.5747024799999999,0.7298721495999999,2.33,1.31298e-08,9.960286e-09,1.45487e-08,1.10664e-08,99.74,100.86,9424.01,9530.08,49.27,49.92
2.72463,2,0.1395,0.104,0.081,5.422,5.636,0.9885,0.00903,269.59,54.68,0.57470148,0.7298708796,2.33,1.315923e-08,9.969712e-09,1.461674e-08,1.111747e-08,99.21,100.84,9373.76,9527.63,48.97,49.90
2.72487,2,0.1396,0.104,0.081,5.422,5.636,0.9885,0.00903,269.59,54.68,0.5747005199999999,0.7298696603999999,2.33,1.319173e-08,9.98976e-09,1.469607e-08,1.117063e-08,99.09,100.64,9362.79,9508.93,48.90,49.79
2.72512,2,0.1396,0.104,0.081,5.422,5.636,0.9885,0.00903,269.59,54.68,0.5746995199999999,0.7298683903999998,2.33,1.323024e-08,1.000846e-08,1.478256e-08,1.123116e-08,98.67,100.45,9322.64,9490.57,48.66,49.68
2.72538,2,0.1396,0.104,0.081,5.422,5.636,0.9885,0.00904,269.59,54.68,0.57469848,0.7298670696,2.33,1.325271e-08,1.002738e-08,1.485596e-08,1.127717e-08,98.75,100.08,9329.98,9456.52,48.70,49.47
2.72562,2,0.1396,0.104,0.081,5.422,5.636,0.9885,0.00904,269.59,54.68,0.57469752,0.7298658504,2.33,1.328632e-08,1.004004e-08,1.49441e-08,1.132682e-08,98.23,99.46,9281.47,9397.09,48.41,49.11
2.72587,2,0.1397,0.103,0.081,5.421,5.636,0.9885,0.00904,269.59,54.68,0.5746965199999999,0.7298645803999999,2.33,1.332681e-08,1.00565e-08,1.501011e-08,1.137981e-08,97.74,99.63,9234.69,9413.63,48.12,49.21
2.72613,2,0.1397,0.103,0.081,5.421,5.636,0.9885,0.00904,269.59,54.68,0.5746954799999999,0.7298632595999999,2.33,1.335031e-08,1.006115e-08,1.509826e-08,1.143132e-08,97.22,99.08,9186.01,9361.75,47.83,48.89
2.72637,2,0.1397,0.103,0.081,5.421,5.636,0.9885,0.00904,269.59,54.68,0.57469452,0.7298620404,2.33,1.338996e-08,1.007252e-08,1.517475e-08,1.148565e-08,96.50,98.95,9118.00,9349.74,47.41,48.82
2.72662,2,0.1397,0.103,0.081,5.421,5.636,0.9885,0.00904,269.59,54.68,0.57469352,0.7298607704,2.33,1.340789e-08,1.008583e-08,1.525834e-08,1.153798e-08,96.50,98.57,9117.35,9313.42,47.41,48.60
2.72688,2,0.1398,0.103,0.081,5.421,5.636,0.9885,0.00904,269.59,54.68,0.57469248,0.7298594495999999,2.33,1.344859e-08,1.009594e-08,1.534481e-08,1.160033e-08,95.78,98.54,9049.69,9310.09,47.00,48.58
2.72713,2,0.1398,0.103,0.081,5.421,5.636,0.9885,0.00904,269.59,54.68,0.5746914799999999,0.7298581795999999,2.33,1.346421e-08,1.01111e-08,1.542867e-08,1.165348e-08,95.91,98.18,9062.03,9276.66,47.07,48.38
2.72737,2,0.1398,0.103,0.081,5.421,5.636,0.9885,0.00904,269.59,54.68,0.57469052,0.7298569604,2.33,1.351045e-08,1.011622e-08,1.550461e-08,1.171464e-08,94.80,98.31,8956.78,9288.98,46.43,48.45
2.72763,2,0.1398,0.103,0.081,5.421,5.636,0.9885,0.00904,269.59,54.68,0.57468948,0.7298556396,2.33,1.353029e-08,1.013068e-08,1.56099e-08,1.176762e-08,94.78,97.41,8955.39,9203.96,46.42,47.93
2.72788,2,0.1399,0.103,0.081,5.421,5.636,0.9885,0.00904,269.59,54.68,0.57468848,0.7298543695999999,2.33,1.355701e-08,1.014353e-08,1.5691e-08,1.183262e-08,94.58,97.61,8936.70,9222.77,46.31,48.05
2.72812,2,0.1399,0.103,0.081,5.421,5.636,0.9885,0.00904,269.59,54.68,0.57468752,0.7298531504,2.33,1.35917e-08,1.015474e-08,1.577747e-08,1.189388e-08,94.04,97.48,8885.46,9210.34,46.00,47.97
2.72838,2,0.1399,0.103,0.081,5.421,5.636,0.9885,0.00904,269.59,54.68,0.57468648,0.7298518296000001,2.33,1.361683e-08,1.017103e-08,1.587421e-08,1.194907e-08,93.95,96.90,8876.88,9155.13,45.94,47.64
2.72863,2,0.1399,0.103,0.081,5.421,5.636,0.9885,0.00904,269.59,54.68,0.57468548,0.7298505596,2.33,1.365585e-08,1.018836e-08,1.59713e-08,1.201967e-08,93.52,96.81,8836.38,9147.48,45.70,47.59
2.72887,2,0.1399,0.103,0.081,5.421,5.636,0.9885,0.00904,269.59,54.68,0.5746845199999999,0.7298493403999999,2.33,1.368432e-08,1.019566e-08,1.607103e-08,1.20915e-08,93.02,96.71,8789.05,9137.63,45.41,47.53
2.72912,2,0.1400,0.103,0.081,5.421,5.636,0.9885,0.00904,269.59,54.68,0.57468352,0.7298480704,2.33,1.371443e-08,1.02042e-08,1.615729e-08,1.214977e-08,92.59,96.57,8748.61,9124.05,45.16,47.45
2.72938,2,0.1400,0.103,0.081,5.421,5.636,0.9885,0.00904,269.59,54.68,0.57468248,0.7298467496,2.33,1.374045e-08,1.021617e-08,1.62553e-08,1.22168e-08,92.33,96.35,8723.95,9104.01,45.01,47.33
2.72962,2,0.1400,0.103,0.081,5.421,5.636,0.9885,0.00904,269.59,54.68,0.57468152,0.7298455303999999,2.33,1.376495e-08,1.023412e-08,1.635575e-08,1.228145e-08,92.32,96.01,8723.07,9071.77,45.01,47.13
2.72987,2,0.1400,0.103,0.081,5.421,5.636,0.9885,0.00904,269.59,54.68,0.5746805199999999,0.7298442604,2.33,1.380455e-08,1.024127e-08,1.645411e-08,1.234954e-08,91.55,95.83,8649.67,9054.79,44.56,47.03
2.73013,2,0.1401,0.103,0.081,5.421,5.636,0.9885,0.00904,269.59,54.68,0.5746794799999999,0.7298429395999999,2.33,1.38243e-08,1.024823e-08,1.655186e-08,1.241792e-08,91.35,95.75,8630.74,9046.70,44.45,46.98
2.73037,2,0.1401,0.103,0.081,5.421,5.636,0.9885,0.00904,269.59,54.68,0.57467852,0.7298417204,2.33,1.38561e-08,1.027375e-08,1.665982e-08,1.249687e-08,91.41,95.68,8637.07,9040.77,44.49,46.94
2.73062,2,0.1401,0.103,0.081,5.421,5.636,0.9885,0.00904,269.59,54.68,0.5746775199999999,0.7298404503999999,2.33,1.390573e-08,1.02923e-08,1.67609e-08,1.255495e-08,90.79,95.15,8578.24,8989.93,44.13,46.63
2.73088,2,0.1401,0.103,0.081,5.421,5.636,0.9885,0.00904,269.59,54.68,0.5746764799999999,0.7298391296,2.33,1.392963e-08,1.031359e-08,1.685217e-08,1.262481e-08,90.91,95.19,8589.78,8994.17,44.20,46.66
2.73113,2,0.1402,0.103,0.081,5.421,5.636,0.9885,0.00904,269.59,54.68,0.5746754799999999,0.7298378595999999,2.33,1.396636e-08,1.032819e-08,1.696309e-08,1.269972e-08,90.55,95.02,8555.71,8977.52,43.99,46.56
2.73137,2,0.1402,0.103,0.081,5.421,5.636,0.9885,0.00904,269.59,54.68,0.57467452,0.7298366404,2.33,1.399196e-08,1.033698e-08,1.707149e-08,1.277044e-08,90.21,94.71,8523.61,8948.42,43.80,46.38
2.73163,2,0.1402,0.103,0.081,5.421,5.636,0.9885,0.00904,269.59,54.68,0.57467348,0.7298353195999999,2.33,1.400892e-08,1.034172e-08,1.716742e-08,1.284119e-08,89.95,94.68,8499.11,8945.63,43.65,46.36
2.73188,2,0.1402,0.103,0.081,5.421,5.636,0.9885,0.00904,269.59,54.68,0.5746724799999999,0.7298340495999999,2.33,1.402613e-08,1.034814e-08,1.72742e-08,1.291903e-08,89.74,94.62,8479.43,8940.05,43.53,46.33
2.73212,2,0.1403,0.103,0.081,5.420,5.636,0.9885,0.00904,269.59,54.68,0.57467152,0.7298328304,2.33,1.404186e-08,1.034813e-08,1.738756e-08,1.299619e-08,89.42,94.47,8449.31,8925.66,43.34,46.24
2.73238,2,0.1403,0.103,0.081,5.420,5.636,0.9885,0.00904,269.59,54.68,0.57467048,0.7298315096,2.33,1.40688e-08,1.036061e-08,1.749782e-08,1.306259e-08,89.18,94.01,8426.51,8882.55,43.20,45.98
2.73263,2,0.1403,0.103,0.081,5.420,5.636,0.9885,0.00904,269.59,54.68,0.57466948,0.7298302395999999,2.33,1.408469e-08,1.037202e-08,1.759922e-08,1.312987e-08,89.17,93.77,8425.61,8860.14,43.20,45.84
2.73287,2,0.1403,0.103,0.081,5.420,5.636,0.9885,0.00904,269.59,54.68,0.5746685199999999,0.7298290203999999,2.33,1.411767e-08,1.037752e-08,1.770116e-08,1.320848e-08,88.57,93.84,8368.14,8866.90,42.85,45.88
2.73312,2,0.1404,0.103,0.081,5.420,5.636,0.9885,0.00904,269.59,54.68,0.57466752,0.7298277504,2.33,1.413676e-08,1.038364e-08,1.782088e-08,1.329105e-08,88.37,93.72,8350.08,8855.46,42.74,45.81
2.73338,2,0.1404,0.103,0.081,5.420,5.636,0.9885,0.00904,269.59,54.68,0.57466648,0.7298264296,2.33,1.41555e-08,1.039351e-08,1.792487e-08,1.335523e-08,88.25,93.36,8338.32,8820.70,42.67,45.60
2.73362,2,0.1404,0.103,0.081,5.420,5.636,0.9885,0.00904,269.59,54.68,0.5746655199999999,0.7298252103999999,2.33,1.416657e-08,1.040034e-08,1.802941e-08,1.343249e-08,88.21,93.34,8334.40,8819.08,42.64,45.59
2.73387,2,0.1404,0.103,0.081,5.420,5.636,0.9885,0.00904,269.59,54.68,0.57466452,0.7298239404,2.33,1.417992e-08,1.040368e-08,1.813469e-08,1.348868e-08,88.00,92.74,8314.98,8762.40,42.53,45.25
2.73413,2,0.1405,0.103,0.081,5.420,5.636,0.9885,0.00904,269.59,54.68,0.57466348,0.7298226196,2.33,1.419816e-08,1.042258e-08,1.823318e-08,1.355087e-08,88.24,92.51,8337.47,8740.77,42.66,45.11
2.73438,2,0.1405,0.103,0.081,5.420,5.636,0.9885,0.00904,269.59,54.68,0.57466248,0.7298213496,2.33,1.421205e-08,1.043345e-08,1.833191e-08,1.362493e-08,88.26,92.53,8339.49,8742.48,42.67,45.13
2.73462,2,0.1405,0.103,0.081,5.420,5.636,0.9885,0.00904,269.59,54.68,0.5746615199999999,0.7298201303999999,2.33,1.423601e-08,1.042977e-08,1.843147e-08,1.368392e-08,87.59,92.13,8276.01,8705.30,42.29,44.90
2.73488,2,0.1405,0.103,0.081,5.420,5.636,0.9885,0.00904,269.59,54.68,0.5746604799999999,0.7298188095999999,2.33,1.425123e-08,1.043264e-08,1.851633e-08,1.374663e-08,87.33,92.13,8251.52,8704.58,42.14,44.89
2.73513,2,0.1406,0.103,0.081,5.420,5.636,0.9885,0.00904,269.59,54.68,0.57465948,0.7298175396000001,2.33,1.423822e-08,1.043785e-08,1.860942e-08,1.378846e-08,87.86,91.49,8301.12,8644.38,42.44,44.53
2.73537,2,0.1406,0.103,0.081,5.420,5.636,0.9885,0.00904,269.59,54.68,0.57465852,0.7298163204,2.33,1.426401e-08,1.043935e-08,1.86902e-08,1.385505e-08,87.31,91.66,8249.59,8660.63,42.13,44.63
2.73563,2,0.1406,0.103,0.080,5.420,5.636,0.9885,0.00904,269.59,54.68,0.5746574799999999,0.7298149996,2.33,1.426464e-08,1.044358e-08,1.878023e-08,1.390918e-08,87.43,91.34,8260.96,8630.66,42.20,44.45
2.73588,2,0.1406,0.102,0.080,5.420,5.636,0.9885,0.00904,269.59,54.68,0.5746564799999999,0.7298137295999999,2.33,1.427672e-08,1.043691e-08,1.884186e-08,1.39533e-08,86.95,91.30,8215.12,8626.76,41.92,44.42
2.73612,2,0.1407,0.102,0.080,5.420,5.636,0.9885,0.00904,269.59,54.68,0.57465552,0.7298125104,2.33,1.427171e-08,1.044379e-08,1.889693e-08,1.398651e-08,87.34,91.18,8251.93,8614.91,42.14,44.35
2.73637,2,0.1407,0.102,0.080,5.420,5.636,0.9885,0.00904,269.59,54.68,0.57465452,0.7298112403999999,2.33,1.426339e-08,1.044587e-08,1.896614e-08,1.402342e-08,87.59,90.82,8276.05,8581.20,42.29,44.14
2.73663,2,0.1407,0.102,0.080,5.420,5.636,0.9885,0.00904,269.59,54.68,0.5746534799999999,0.7298099196,2.33,1.426557e-08,1.043846e-08,1.900002e-08,1.40598e-08,87.31,91.10,8249.46,8607.81,42.13,44.31
2.73687,2,0.1407,0.102,0.080,5.420,5.636,0.9885,0.00904,269.59,54.68,0.57465252,0.7298087004,2.33,1.426126e-08,1.042746e-08,1.903789e-08,1.40735e-08,87.07,90.75,8226.39,8574.25,41.99,44.10
2.73712,2,0.1408,0.102,0.080,5.420,5.636,0.9885,0.00904,269.59,54.68,0.57465152,0.7298074304,2.33,1.424724e-08,1.042355e-08,1.907224e-08,1.408898e-08,87.32,90.57,8250.90,8557.25,42.14,44.00
2.73738,2,0.1408,0.102,0.080,5.420,5.636,0.9885,0.00904,269.59,54.68,0.57465048,0.7298061095999999,2.33,1.425395e-08,1.041835e-08,1.909478e-08,1.411657e-08,87.01,90.84,8221.18,8582.71,41.95,44.15
2.73762,2,0.1408,0.102,0.080,5.420,5.636,0.9885,0.00904,269.59,54.68,0.5746495199999999,0.7298048903999999,2.33,1.424699e-08,1.04141e-08,1.913258e-08,1.412593e-08,87.04,90.38,8223.63,8539.61,41.97,43.89
2.73787,2,0.1408,0.102,0.080,5.420,5.636,0.9885,0.00904,269.59,54.68,0.57464852,0.7298036204,2.33,1.423941e-08,1.040265e-08,1.914196e-08,1.411917e-08,86.85,90.05,8206.31,8508.10,41.86,43.70
2.73813,2,0.1409,0.102,0.080,5.420,5.636,0.9885,0.00904,269.59,54.68,0.57464748,0.7298022996,2.33,1.423067e-08,1.038711e-08,1.913949e-08,1.412719e-08,86.63,90.35,8185.36,8536.80,41.74,43.87
2.73838,2,0.1409,0.102,0.080,5.420,5.636,0.9885,0.00904,269.59,54.68,0.57464648,0.7298010295999999,2.33,1.420846e-08,1.03761e-08,1.914914e-08,1.412016e-08,86.79,90.01,8200.58,8504.25,41.83,43.68
2.73862,2,0.1409,0.102,0.080,5.420,5.636,0.9885,0.00904,269.59,54.68,0.5746455199999999,0.7297998103999999,2.33,1.421267e-08,1.035864e-08,1.913425e-08,1.410557e-08,86.16,89.92,8140.75,8495.97,41.46,43.63
2.73888,2,0.1409,0.102,0.080,5.420,5.636,0.9885,0.00904,269.59,54.68,0.57464448,0.7297984896,2.33,1.419597e-08,1.034419e-08,1.912862e-08,1.409584e-08,86.09,89.78,8134.14,8483.20,41.42,43.55
2.73913,2,0.1410,0.102,0.080,5.419,5.636,0.9885,0.00904,269.59,54.68,0.57464348,0.7297972196,2.33,1.417925e-08,1.033691e-08,1.912258e-08,1.407982e-08,86.30,89.57,8154.16,8462.78,41.55,43.42
2.73937,2,0.1410,0.102,0.080,5.419,5.636,0.9885,0.00904,269.59,54.68,0.5746425199999999,0.7297960003999999,2.33,1.415328e-08,1.032017e-08,1.910359e-08,1.405264e-08,86.37,89.25,8160.56,8432.75,41.59,43.24
2.73963,2,0.1410,0.102,0.080,5.419,5.636,0.9885,0.00904,269.59,54.68,0.5746414799999999,0.7297946795999999,2.33,1.415185e-08,1.030973e-08,1.908728e-08,1.402618e-08,86.08,88.90,8133.19,8399.99,41.42,43.04
2.73988,2,0.1410,0.102,0.080,5.419,5.636,0.9885,0.00904,269.59,54.68,0.57464048,0.7297934096,2.33,1.41337e-08,1.029822e-08,1.906862e-08,1.401385e-08,86.13,88.94,8138.17,8403.12,41.45,43.06
2.74012,2,0.1411,0.102,0.080,5.419,5.636,0.9885,0.00904,269.59,54.68,0.57463952,0.7297921904,2.33,1.411625e-08,1.027362e-08,1.905124e-08,1.398527e-08,85.83,88.62,8109.37,8373.37,41.27,42.88
2.74037,2,0.1411,0.102,0.080,5.419,5.636,0.9885,0.00904,269.59,54.68,0.5746385199999999,0.7297909203999999,2.33,1.409306e-08,1.025789e-08,1.902492e-08,1.39649e-08,85.86,88.60,8112.70,8371.01,41.29,42.86
2.74063,2,0.1411,0.102,0.080,5.419,5.636,0.9885,0.00904,269.59,54.68,0.5746374799999999,0.7297895995999999,2.33,1.408588e-08,1.02343e-08,1.900652e-08,1.392216e-08,85.30,87.90,8059.56,8305.44,40.97,42.47
2.74087,2,0.1411,0.102,0.080,5.419,5.636,0.9885,0.00904,269.59,54.68,0.57463652,0.7297883803999999,2.33,1.406561e-08,1.022442e-08,1.898952e-08,1.389838e-08,85.45,87.64,8073.56,8280.21,41.06,42.31
2.74112,2,0.1412,0.102,0.080,5.419,5.636,0.9885,0.00904,269.59,54.68,0.57463552,0.7297871104,2.33,1.404373e-08,1.02038e-08,1.897137e-08,1.388364e-08,85.36,87.66,8065.63,8282.83,41.01,42.33
2.74138,2,0.1412,0.102,0.080,5.419,5.636,0.9885,0.00904,269.59,54.68,0.57463448,0.7297857896,2.33,1.402267e-08,1.018842e-08,1.896263e-08,1.386992e-08,85.36,87.49,8065.40,8266.56,41.01,42.23
2.74162,2,0.1412,0.102,0.080,5.419,5.636,0.9885,0.00904,269.59,54.68,0.57463352,0.7297845704,2.33,1.400857e-08,1.016525e-08,1.893796e-08,1.383838e-08,84.97,87.17,8028.07,8236.65,40.78,42.05
2.74187,2,0.1412,0.102,0.080,5.419,5.636,0.9885,0.00904,269.59,54.68,0.57463252,0.7297833004,2.33,1.398585e-08,1.014392e-08,1.893839e-08,1.383597e-08,84.82,87.11,8014.12,8230.63,40.69,42.01
2.74213,2,0.1412,0.102,0.080,5.419,5.636,0.9885,0.00904,269.59,54.68,0.57463148,0.7297819796,2.33,1.396549e-08,1.012304e-08,1.894049e-08,1.382509e-08,84.63,86.82,7996.54,8203.29,40.59,41.84
2.74238,2,0.1413,0.102,0.080,5.419,5.636,0.9885,0.00904,269.59,54.68,0.5746304799999999,0.7297807096,2.33,1.394899e-08,1.011087e-08,1.892794e-08,1.38233e-08,84.69,87.05,8001.60,8225.33,40.62,41.98
2.74262,2,0.1413,0.102,0.080,5.419,5.636,0.9885,0.00904,269.59,54.68,0.57462952,0.7297794904,2.33,1.394167e-08,1.010072e-08,1.896531e-08,1.383508e-08,84.54,86.69,7987.68,8191.28,40.53,41.77
2.74288,2,0.1413,0.102,0.080,5.419,5.636,0.9885,0.00904,269.60,54.68,0.57462848,0.7297781696,2.33,1.390988e-08,1.007735e-08,1.899454e-08,1.384597e-08,84.53,86.45,7986.70,8168.52,40.53,41.63
2.74313,2,0.1413,0.102,0.080,5.419,5.636,0.9885,0.00904,269.60,54.68,0.57462748,0.7297768995999999,2.33,1.390698e-08,1.00668e-08,1.901136e-08,1.386015e-08,84.27,86.50,7962.45,8172.70,40.38,41.66
2.74337,2,0.1414,0.102,0.080,5.419,5.636,0.9885,0.00904,269.60,54.68,0.5746265199999999,0.7297756804,2.33,1.388888e-08,1.004526e-08,1.902639e-08,1.38507e-08,84.08,86.09,7943.92,8134.25,40.27,41.42
2.74363,2,0.1414,0.102,0.080,5.419,5.636,0.9885,0.00904,269.60,54.68,0.5746254799999999,0.7297743595999999,2.33,1.386145e-08,1.003209e-08,1.901767e-08,1.384856e-08,84.28,86.19,7963.04,8143.34,40.38,41.48
2.74388,2,0.1414,0.102,0.080,5.419,5.636,0.9885,0.00904,269.60,54.68,0.57462448,0.7297730896,2.33,1.385139e-08,9.999518e-09,1.903148e-08,1.384969e-08,83.51,85.98,7890.80,8124.08,39.94,41.36
2.74412,2,0.1414,0.102,0.080,5.419,5.636,0.9885,0.00904,269.60,54.68,0.5746235199999999,0.7297718703999999,2.33,1.382766e-08,9.993838e-09,1.904261e-08,1.386974e-08,83.86,86.26,7923.45,8149.87,40.14,41.52
2.74437,2,0.1415,0.102,0.080,5.419,5.636,0.9885,0.00904,269.60,54.68,0.5746225199999999,0.7297706003999999,2.33,1.382062e-08,9.980304e-09,1.904973e-08,1.389259e-08,83.66,86.72,7904.92,8193.98,40.03,41.79
2.74463,2,0.1415,0.102,0.080,5.419,5.636,0.9885,0.00904,269.60,54.68,0.5746214799999999,0.7297692795999999,2.33,1.379491e-08,9.970212e-09,1.906165e-08,1.395442e-08,83.92,87.96,7929.17,8310.88,40.18,42.50
2.74487,2,0.1415,0.102,0.080,5.419,5.636,0.9885,0.00904,269.60,54.68,0.57462052,0.7297680604,2.33,1.378003e-08,9.957678e-09,1.90947e-08,1.403096e-08,83.87,89.20,7924.07,8428.24,40.15,43.21
2.74512,2,0.1415,0.102,0.080,5.419,5.636,0.9885,0.00904,269.60,54.68,0.5746195199999999,0.7297667903999999,2.33,1.376682e-08,9.935172e-09,1.910847e-08,1.395608e-08,83.47,87.20,7886.98,8239.02,39.92,42.06
2.74538,2,0.1416,0.102,0.080,5.419,5.636,0.9885,0.00904,269.60,54.68,0.5746184799999999,0.7297654695999999,2.33,1.376091e-08,9.92864e-09,1.91423e-08,1.395777e-08,83.46,86.73,7886.08,8194.72,39.91,41.79
2.74562,2,0.1416,0.101,0.080,5.419,5.636,0.9885,0.00904,269.60,54.68,0.57461752,0.7297642504,2.33,1.374256e-08,9.91375e-09,1.916961e-08,1.396906e-08,83.41,86.53,7881.12,8175.83,39.88,41.68
2.74587,2,0.1416,0.101,0.080,5.419,5.636,0.9885,0.00904,269.60,54.68,0.57461652,0.7297629804,2.33,1.373281e-08,9.912132e-09,1.91575e-08,1.398141e-08,83.58,87.02,7896.61,8221.73,39.98,41.95
2.74613,2,0.1416,0.101,0.080,5.419,5.636,0.9885,0.00904,269.60,54.68,0.57461548,0.7297616596,2.33,1.372648e-08,9.893518e-09,1.917357e-08,1.399653e-08,83.15,87.09,7856.52,8229.11,39.73,42.00
2.74638,2,0.1417,0.101,0.080,5.418,5.636,0.9885,0.00904,269.60,54.68,0.5746144799999999,0.7297603895999999,2.33,1.37119e-08,9.891504e-09,1.92015e-08,1.401527e-08,83.47,87.12,7886.32,8231.33,39.91,42.01
2.74662,2,0.1417,0.101,0.080,5.418,5.636,0.9885,0.00904,269.60,54.68,0.57461352,0.7297591704,2.33,1.370284e-08,9.877566e-09,1.920939e-08,1.402463e-08,83.24,87.20,7865.16,8239.16,39.79,42.06
2.74688,2,0.1417,0.101,0.080,5.418,5.636,0.9885,0.00904,269.60,54.68,0.57461248,0.7297578496,2.33,1.370035e-08,9.880529e-09,1.922559e-08,1.401689e-08,83.39,86.75,7878.75,8196.77,39.87,41.80
2.74713,2,0.1417,0.101,0.080,5.418,5.636,0.9885,0.00904,269.60,54.68,0.57461148,0.7297565796,2.33,1.368828e-08,9.866325e-09,1.923372e-08,1.401846e-08,83.22,86.65,7863.03,8187.37,39.77,41.75
2.74737,2,0.1418,0.101,0.080,5.418,5.636,0.9885,0.00904,269.60,54.68,0.57461052,0.7297553604,2.33,1.368004e-08,9.867557e-09,1.924158e-08,1.401261e-08,83.50,86.45,7889.11,8168.26,39.93,41.63
2.74763,2,0.1418,0.101,0.080,5.418,5.636,0.9885,0.00904,269.60,54.68,0.57460948,0.7297540396000001,2.33,1.368179e-08,9.862006e-09,1.924017e-08,1.401912e-08,83.29,86.62,7869.60,8184.45,39.81,41.73
2.74788,2,0.1418,0.101,0.080,5.418,5.636,0.9885,0.00904,269.60,54.68,0.57460848,0.7297527696,2.33,1.368078e-08,9.851762e-09,1.924517e-08,1.401875e-08,83.00,86.53,7842.47,8175.82,39.65,41.68
2.74812,2,0.1418,0.101,0.080,5.418,5.636,0.9885,0.00904,269.60,54.68,0.5746075199999999,0.7297515504,2.33,1.36791e-08,9.848187e-09,1.923566e-08,1.40187e-08,82.93,86.69,7835.75,8190.62,39.61,41.76
2.74837,2,0.1419,0.101,0.080,5.418,5.636,0.9885,0.00904,269.60,54.68,0.57460652,0.7297502804,2.33,1.36716e-08,9.843416e-09,1.926115e-08,1.400484e-08,83.01,86.01,7843.06,8126.99,39.65,41.38
2.74863,2,0.1419,0.101,0.079,5.418,5.636,0.9885,0.00904,269.60,54.68,0.57460548,0.7297489596,2.33,1.366653e-08,9.842684e-09,1.923572e-08,1.399993e-08,83.10,86.32,7851.61,8156.23,39.70,41.56
2.74887,2,0.1419,0.101,0.079,5.418,5.636,0.9885,0.00904,269.60,54.68,0.57460452,0.7297477403999999,2.33,1.366746e-08,9.840576e-09,1.924276e-08,1.398309e-08,83.02,85.83,7843.70,8109.43,39.66,41.27
2.74912,2,0.1419,0.101,0.079,5.418,5.636,0.9885,0.00904,269.60,54.68,0.5746035199999999,0.7297464704,2.33,1.36646e-08,9.834034e-09,1.92485e-08,1.39823e-08,82.88,85.72,7830.95,8098.92,39.58,41.21
2.74938,2,0.1420,0.101,0.079,5.418,5.636,0.9885,0.00904,269.60,54.68,0.5746024799999999,0.7297451495999999,2.33,1.366419e-08,9.826321e-09,1.924287e-08,1.396542e-08,82.72,85.49,7815.42,8077.58,39.48,41.08
2.74962,2,0.1420,0.101,0.079,5.418,5.636,0.9885,0.00904,269.60,54.68,0.57460152,0.7297439304,2.33,1.36678e-08,9.828713e-09,1.923871e-08,1.395339e-08,82.71,85.29,7814.84,8058.61,39.48,40.96
2.74987,2,0.1420,0.101,0.079,5.418,5.636,0.9885,0.00904,269.60,54.68,0.57460052,0.7297426603999999,2.33,1.366524e-08,9.822869e-09,1.925803e-08,1.394741e-08,82.59,84.85,7803.52,8016.78,39.41,40.71
2.75013,2,0.1420,0.101,0.079,5.418,5.636,0.9885,0.00904,269.60,54.68,0.5745994799999999,0.7297413396,2.33,1.365025e-08,9.819773e-09,1.924842e-08,1.394586e-08,82.82,84.97,7825.28,8028.07,39.54,40.78
2.75038,2,0.1421,0.101,0.079,5.418,5.636,0.9885,0.00904,269.60,54.68,0.5745984799999999,0.7297400695999999,2.33,1.365892e-08,9.815293e-09,1.92434e-08,1.394702e-08,82.56,85.13,7800.44,8043.77,39.39,40.87
2.75062,2,0.1421,0.101,0.079,5.418,5.636,0.9885,0.00904,269.60,54.68,0.57459752,0.7297388504,2.33,1.36562e-08,9.813278e-09,1.924763e-08,1.39366e-08,82.56,84.83,7800.27,8015.58,39.39,40.70
2.75088,2,0.1421,0.101,0.079,5.418,5.636,0.9885,0.00904,269.60,54.68,0.57459648,0.7297375295999999,2.33,1.365861e-08,9.800731e-09,1.924884e-08,1.393146e-08,82.13,84.70,7760.09,8003.06,39.15,40.62
2.75113,2,0.1421,0.101,0.079,5.418,5.636,0.9885,0.00904,269.60,54.68,0.5745954799999999,0.7297362595999999,2.33,1.36525e-08,9.803927e-09,1.925579e-08,1.393323e-08,82.36,84.63,7781.39,7996.29,39.28,40.58
2.75137,2,0.1422,0.101,0.079,5.418,5.636,0.9885,0.00904,269.60,54.68,0.57459452,0.7297350404,2.33,1.364905e-08,9.791212e-09,1.925872e-08,1.392952e-08,82.11,84.56,7758.09,7989.81,39.13,40.54
2.75163,2,0.1422,0.101,0.079,5.418,5.636,0.9885,0.00904,269.60,54.68,0.57459348,0.7297337196,2.33,1.365516e-08,9.790564e-09,1.924863e-08,1.391777e-08,81.96,84.46,7744.01,7980.59,39.05,40.49
2.75188,2,0.1422,0.101,0.079,5.418,5.636,0.9885,0.00904,269.60,54.68,0.57459248,0.7297324495999999,2.33,1.364307e-08,9.786363e-09,1.925545e-08,1.392588e-08,82.09,84.53,7756.52,7987.17,39.12,40.53
2.75212,2,0.1422,0.101,0.079,5.418,5.636,0.9885,0.00904,269.60,54.68,0.5745915199999999,0.7297312303999999,2.33,1.363684e-08,9.782732e-09,1.924394e-08,1.391587e-08,82.12,84.50,7758.87,7983.67,39.14,40.51
2.75237,2,0.1423,0.101,0.079,5.418,5.636,0.9885,0.00904,269.60,54.68,0.57459052,0.7297299604,2.33,1.363957e-08,9.776415e-09,1.924862e-08,1.390455e-08,81.93,84.23,7741.14,7958.89,39.03,40.36
2.75263,2,0.1423,0.101,0.079,5.418,5.636,0.9885,0.00904,269.60,54.68,0.57458948,0.7297286396,2.33,1.363472e-08,9.767696e-09,1.923602e-08,1.389564e-08,81.77,84.24,7726.50,7959.28,38.94,40.36
2.75287,2,0.1423,0.101,0.079,5.418,5.636,0.9885,0.00904,269.60,54.68,0.5745885199999999,0.7297274203999999,2.33,1.362732e-08,9.760711e-09,1.921363e-08,1.389369e-08,81.73,84.55,7721.80,7988.74,38.91,40.54
2.75312,2,0.1423,0.101,0.079,5.418,5.636,0.9885,0.00904,269.60,54.68,0.5745875199999999,0.7297261503999999,2.33,1.362501e-08,9.75797e-09,1.919542e-08,1.387255e-08,81.69,84.38,7718.77,7972.20,38.89,40.44
2.75338,2,0.1424,0.101,0.079,5.417,5.636,0.9885,0.00904,269.60,54.68,0.57458648,0.7297248296000001,2.33,1.362918e-08,9.749813e-09,1.916754e-08,1.385215e-08,81.42,84.43,7693.21,7977.27,38.74,40.47
2.75362,2,0.1424,0.101,0.079,5.417,5.636,0.9885,0.00904,269.60,54.68,0.57458552,0.7297236104,2.33,1.362726e-08,9.743259e-09,1.91446e-08,1.384346e-08,81.27,84.60,7678.87,7993.70,38.65,40.57
2.75387,2,0.1424,0.101,0.079,5.417,5.636,0.9885,0.00904,269.60,54.68,0.5745845199999999,0.7297223404,2.33,1.361382e-08,9.738699e-09,1.910419e-08,1.3813e-08,81.42,84.58,7692.86,7991.11,38.74,40.55
2.75413,2,0.1424,0.101,0.079,5.417,5.636,0.9885,0.00904,269.60,54.68,0.5745834799999999,0.7297210195999999,2.33,1.360152e-08,9.723927e-09,1.908291e-08,1.379577e-08,81.24,84.53,7676.30,7987.25,38.64,40.53
2.75438,2,0.1425,0.101,0.079,5.417,5.636,0.9885,0.00904,269.60,54.68,0.57458248,0.7297197496,2.33,1.359754e-08,9.709564e-09,1.904655e-08,1.377165e-08,80.96,84.64,7649.85,7997.40,38.48,40.59
2.75462,2,0.1425,0.101,0.079,5.417,5.636,0.9885,0.00904,269.60,54.68,0.57458152,0.7297185304,2.33,1.358597e-08,9.705809e-09,1.899199e-08,1.373299e-08,81.10,84.66,7662.30,7999.06,38.55,40.60
2.75488,2,0.1425,0.101,0.079,5.417,5.636,0.9885,0.00904,269.60,54.68,0.57458048,0.7297172096,2.33,1.357299e-08,9.689179e-09,1.895169e-08,1.369425e-08,80.88,84.45,7641.98,7978.86,38.43,40.48
2.75513,2,0.1425,0.101,0.079,5.417,5.636,0.9885,0.00904,269.60,54.68,0.5745794799999999,0.7297159395999999,2.33,1.356655e-08,9.689338e-09,1.891169e-08,1.366491e-08,81.02,84.44,7655.11,7977.94,38.51,40.47
2.75537,2,0.1425,0.101,0.079,5.417,5.636,0.9885,0.00904,269.60,54.68,0.57457852,0.7297147204,2.33,1.355849e-08,9.67168e-09,1.886442e-08,1.361832e-08,80.67,84.16,7622.29,7951.77,38.31,40.31
2.75563,2,0.1426,0.100,0.079,5.417,5.636,0.9885,0.00904,269.60,54.68,0.57457748,0.7297133995999999,2.33,1.354577e-08,9.668931e-09,1.880407e-08,1.358195e-08,80.91,84.38,7644.85,7972.30,38.44,40.44
2.75588,2,0.1426,0.100,0.079,5.417,5.636,0.9885,0.00904,269.60,54.68,0.57457648,0.7297121296,2.33,1.354106e-08,9.652152e-09,1.877919e-08,1.353814e-08,80.52,83.80,7607.90,7917.88,38.22,40.10
2.75612,2,0.1426,0.100,0.079,5.417,5.636,0.9885,0.00904,269.60,54.68,0.57457552,0.7297109104,2.33,1.352282e-08,9.653111e-09,1.870779e-08,1.351015e-08,80.93,84.33,7646.40,7967.50,38.45,40.41
2.75637,2,0.1426,0.100,0.079,5.417,5.636,0.9885,0.00904,269.60,54.68,0.57457452,0.7297096404,2.33,1.350777e-08,9.642018e-09,1.86729e-08,1.346674e-08,80.92,83.92,7645.43,7928.90,38.45,40.17
2.75663,2,0.1427,0.100,0.079,5.417,5.636,0.9885,0.00904,269.60,54.68,0.57457348,0.7297083195999999,2.33,1.349911e-08,9.630135e-09,1.859986e-08,1.343178e-08,80.81,84.38,7635.00,7972.17,38.38,40.43
2.75687,2,0.1427,0.100,0.079,5.417,5.636,0.9885,0.00904,269.60,54.68,0.5745725199999999,0.7297071003999999,2.33,1.349309e-08,9.618761e-09,1.855871e-08,1.339979e-08,80.60,84.32,7615.44,7967.31,38.27,40.40
2.75712,2,0.1427,0.100,0.079,5.417,5.636,0.9885,0.00904,269.60,54.68,0.57457152,0.7297058304,2.33,1.347289e-08,9.604237e-09,1.851166e-08,1.335992e-08,80.60,84.19,7615.10,7954.67,38.26,40.33
2.75738,2,0.1427,0.100,0.079,5.417,5.636,0.9885,0.00904,269.60,54.68,0.57457048,0.7297045096,2.33,1.345895e-08,9.591765e-09,1.846723e-08,1.332229e-08,80.52,84.06,7608.10,7942.75,38.22,40.26
2.75762,2,0.1428,0.100,0.079,5.417,5.636,0.9885,0.00905,269.60,54.68,0.57456952,0.7297032903999999,2.33,1.34323e-08,9.578224e-09,1.842454e-08,1.328705e-08,80.74,84.02,7628.53,7938.78,38.34,40.23
2.75787,2,0.1428,0.100,0.079,5.417,5.636,0.9885,0.00905,269.60,54.68,0.5745685199999999,0.7297020203999999,2.33,1.342264e-08,9.572394e-09,1.838251e-08,1.327711e-08,80.77,84.49,7631.48,7982.71,38.36,40.50
2.75813,2,0.1428,0.100,0.079,5.417,5.636,0.9885,0.00905,269.60,54.68,0.5745674799999999,0.7297006996,2.33,1.341262e-08,9.558052e-09,1.835102e-08,1.325128e-08,80.56,84.42,7611.50,7976.02,38.24,40.46
2.75838,2,0.1428,0.100,0.079,5.417,5.636,0.9885,0.00905,269.60,54.68,0.57456648,0.7296994296,2.33,1.339267e-08,9.552386e-09,1.830875e-08,1.323493e-08,80.81,84.74,7635.28,8006.87,38.39,40.65
2.75862,2,0.1429,0.100,0.079,5.417,5.636,0.9885,0.00905,269.60,54.68,0.5745655199999999,0.7296982103999999,2.33,1.337805e-08,9.541845e-09,1.827173e-08,1.322262e-08,80.86,85.14,7640.31,8044.20,38.42,40.87
2.75888,2,0.1429,0.100,0.079,5.417,5.636,0.9885,0.00905,269.60,54.68,0.5745644799999999,0.7296968895999999,2.33,1.336564e-08,9.523858e-09,1.824764e-08,1.321999e-08,80.59,85.48,7614.83,8076.93,38.26,41.07
2.75913,2,0.1429,0.100,0.079,5.417,5.636,0.9885,0.00905,269.60,54.68,0.5745634799999999,0.7296956195999998,2.33,1.334141e-08,9.507249e-09,1.822828e-08,1.321258e-08,80.61,85.64,7616.66,8091.64,38.27,41.16
2.75937,2,0.1429,0.100,0.079,5.417,5.636,0.9885,0.00905,269.60,54.68,0.57456252,0.7296944004,2.33,1.333083e-08,9.501166e-09,1.82148e-08,1.320962e-08,80.66,85.80,7620.73,8106.83,38.30,41.25
2.75963,2,0.1430,0.100,0.079,5.417,5.636,0.9885,0.00905,269.60,54.68,0.57456148,0.7296930796,2.33,1.330708e-08,9.488113e-09,1.819016e-08,1.321372e-08,80.83,86.38,7636.91,8161.88,38.39,41.59
2.75988,2,0.1430,0.100,0.079,5.417,5.636,0.9885,0.00905,269.60,54.68,0.5745604799999999,0.7296918095999999,2.33,1.328716e-08,9.477645e-09,1.818743e-08,1.320672e-08,80.94,86.26,7647.41,8150.56,38.46,41.52
2.76012,2,0.1430,0.100,0.079,5.417,5.636,0.9885,0.00905,269.60,54.68,0.57455952,0.7296905904,2.33,1.327056e-08,9.462503e-09,1.816887e-08,1.321098e-08,80.84,86.69,7638.12,8190.72,38.40,41.76
2.76037,2,0.1430,0.100,0.079,5.417,5.636,0.9885,0.00905,269.60,54.68,0.57455852,0.7296893204,2.33,1.325651e-08,9.45665e-09,1.817677e-08,1.322641e-08,80.96,86.92,7649.86,8212.76,38.47,41.90
2.76063,2,0.1431,0.100,0.079,5.416,5.636,0.9885,0.00905,269.60,54.68,0.57455748,0.7296879996,2.33,1.323485e-08,9.440428e-09,1.816036e-08,1.323641e-08,81.00,87.51,7653.03,8268.83,38.49,42.24
2.76087,2,0.1431,0.100,0.079,5.416,5.636,0.9885,0.00905,269.60,54.68,0.5745565199999999,0.7296867803999999,2.33,1.321055e-08,9.433569e-09,1.815322e-08,1.323412e-08,81.31,87.59,7682.78,8275.55,38.67,42.28
2.76112,2,0.1431,0.100,0.079,5.416,5.636,0.9885,0.00905,269.60,54.68,0.57455552,0.7296855104,2.33,1.32072e-08,9.42368e-09,1.815069e-08,1.324536e-08,81.09,87.91,7661.46,8305.83,38.54,42.46
2.76138,2,0.1431,0.100,0.079,5.416,5.636,0.9885,0.00905,269.60,54.68,0.57455448,0.7296841896,2.33,1.31923e-08,9.421307e-09,1.81477e-08,1.325934e-08,81.34,88.30,7684.98,8343.46,38.69,42.69
2.76162,2,0.1432,0.100,0.079,5.416,5.636,0.9885,0.00905,269.60,54.68,0.5745535199999999,0.7296829704,2.33,1.317199e-08,9.409303e-09,1.815204e-08,1.325096e-08,81.47,88.08,7697.50,8322.35,38.76,42.56
2.76187,2,0.1432,0.100,0.079,5.416,5.636,0.9885,0.00905,269.60,54.68,0.57455252,0.7296817004,2.33,1.315716e-08,9.407548e-09,1.814504e-08,1.325663e-08,81.74,88.35,7722.90,8347.49,38.92,42.72
2.76213,2,0.1432,0.100,0.078,5.416,5.636,0.9885,0.00905,269.60,54.68,0.57455148,0.7296803796,2.33,1.313733e-08,9.389886e-09,1.812492e-08,1.325714e-08,81.63,88.73,7713.10,8383.45,38.86,42.93
2.76238,2,0.1432,0.100,0.078,5.416,5.636,0.9885,0.00905,269.60,54.68,0.57455048,0.7296791095999999,2.33,1.312435e-08,9.385346e-09,1.811425e-08,1.325702e-08,81.78,88.92,7726.77,8401.58,38.94,43.04
2.76262,2,0.1433,0.100,0.078,5.416,5.636,0.9885,0.00905,269.60,54.68,0.5745495199999999,0.7296778903999999,2.33,1.310627e-08,9.367555e-09,1.811063e-08,1.324829e-08,81.69,88.83,7718.10,8393.08,38.89,42.99
2.76288,2,0.1433,0.100,0.078,5.416,5.636,0.9885,0.00905,269.60,54.68,0.5745484799999999,0.7296765695999999,2.33,1.308902e-08,9.365991e-09,1.808316e-08,1.323775e-08,82.02,89.07,7749.33,8415.70,39.08,43.13
2.76313,2,0.1433,0.100,0.078,5.416,5.636,0.9885,0.00905,269.60,54.68,0.57454748,0.7296752996,2.33,1.308201e-08,9.352931e-09,1.805903e-08,1.321688e-08,81.77,88.99,7725.97,8408.09,38.94,43.08
2.76337,2,0.1433,0.100,0.078,5.416,5.636,0.9885,0.00905,269.60,54.68,0.57454652,0.7296740803999999,2.33,1.307134e-08,9.347345e-09,1.805035e-08,1.320541e-08,81.83,88.86,7731.89,8395.96,38.97,43.01
2.76363,2,0.1434,0.100,0.078,5.416,5.636,0.9885,0.00905,269.60,54.68,0.5745454799999999,0.7296727595999999,2.33,1.305289e-08,9.34335e-09,1.802446e-08,1.31824e-08,82.17,88.82,7764.12,8392.16,39.17,42.99
2.76388,2,0.1434,0.100,0.078,5.416,5.636,0.9885,0.00905,269.60,54.68,0.5745444799999999,0.7296714896,2.33,1.303914e-08,9.345397e-09,1.79952e-08,1.316664e-08,82.54,88.96,7799.03,8405.56,39.38,43.07
2.76412,2,0.1434,0.100,0.078,5.416,5.636,0.9885,0.00905,269.60,54.68,0.57454352,0.7296702704,2.33,1.30305e-08,9.33324e-09,1.796422e-08,1.312408e-08,82.36,88.46,7781.48,8358.35,39.27,42.78
2.76437,2,0.1434,0.100,0.078,5.416,5.636,0.9885,0.00905,269.60,54.68,0.57454252,0.7296690003999999,2.33,1.302216e-08,9.32756e-09,1.793636e-08,1.3088e-08,82.37,88.07,7782.34,8321.24,39.28,42.56
2.76463,2,0.1435,0.100,0.078,5.416,5.636,0.9885,0.00905,269.60,54.68,0.5745414799999999,0.7296676795999999,2.33,1.301493e-08,9.31878e-09,1.789002e-08,1.306565e-08,82.31,88.42,7777.17,8354.15,39.25,42.76
2.76487,2,0.1435,0.100,0.078,5.416,5.636,0.9885,0.00905,269.61,54.68,0.57454052,0.7296664604,2.33,1.29951e-08,9.322586e-09,1.783082e-08,1.301155e-08,82.87,88.14,7830.42,8328.37,39.57,42.60
2.76512,2,0.1435,0.100,0.078,5.416,5.636,0.9885,0.00905,269.61,54.68,0.57453952,0.7296651904,2.33,1.298855e-08,9.32089e-09,1.78092e-08,1.297981e-08,82.97,87.75,7839.36,8290.64,39.63,42.37
2.76538,2,0.1435,0.100,0.078,5.416,5.636,0.9885,0.00905,269.61,54.68,0.57453848,0.7296638696,2.33,1.298656e-08,9.309304e-09,1.774411e-08,1.293478e-08,82.65,87.81,7809.18,8296.34,39.44,42.40
2.76562,2,0.1436,0.100,0.078,5.416,5.636,0.9885,0.00905,269.61,54.68,0.5745375199999999,0.7296626503999999,2.33,1.298357e-08,9.313409e-09,1.76903e-08,1.28884e-08,82.90,87.69,7833.18,8285.15,39.59,42.34
2.76587,2,0.1436,0.099,0.078,5.416,5.636,0.9885,0.00905,269.61,54.68,0.57453652,0.7296613804000001,2.33,1.298571e-08,9.318711e-09,1.763962e-08,1.284637e-08,83.02,87.56,7844.15,8272.78,39.65,42.26
2.76613,2,0.1436,0.099,0.078,5.416,5.636,0.9885,0.00905,269.61,54.68,0.57453548,0.7296600596,2.33,1.297642e-08,9.313916e-09,1.757337e-08,1.279587e-08,83.08,87.50,7849.74,8267.42,39.69,42.23
2.76638,2,0.1436,0.099,0.078,5.416,5.636,0.9885,0.00905,269.61,54.68,0.57453448,0.7296587896,2.33,1.296482e-08,9.320622e-09,1.749708e-08,1.273633e-08,83.56,87.40,7894.85,8257.91,39.96,42.17
2.76662,2,0.1437,0.099,0.078,5.416,5.636,0.9885,0.00905,269.61,54.68,0.5745335199999999,0.7296575703999999,2.33,1.295795e-08,9.307651e-09,1.743788e-08,1.267061e-08,83.36,86.89,7876.17,8209.77,39.85,41.88
2.76688,2,0.1437,0.099,0.078,5.416,5.636,0.9885,0.00905,269.61,54.68,0.57453248,0.7296562496,2.33,1.295669e-08,9.304449e-09,1.73464e-08,1.261875e-08,83.29,87.26,7869.27,8244.69,39.81,42.09
2.76713,2,0.1437,0.099,0.078,5.416,5.636,0.9885,0.00905,269.61,54.68,0.57453148,0.7296549796,2.33,1.29561e-08,9.296402e-09,1.727963e-08,1.255081e-08,83.04,86.77,7846.44,8198.27,39.67,41.81
2.76737,2,0.1437,0.099,0.078,5.416,5.636,0.9885,0.00905,269.61,54.68,0.5745305199999999,0.7296537604,2.33,1.294563e-08,9.293584e-09,1.720229e-08,1.248862e-08,83.19,86.62,7860.50,8183.87,39.75,41.72
2.76762,2,0.1437,0.099,0.078,5.416,5.636,0.9885,0.00905,269.61,54.68,0.5745295199999999,0.7296524903999999,2.33,1.294568e-08,9.298224e-09,1.711783e-08,1.243275e-08,83.34,86.75,7874.32,8196.97,39.84,41.80
2.76788,2,0.1438,0.099,0.078,5.415,5.636,0.9885,0.00905,269.61,54.68,0.57452848,0.7296511696,2.33,1.29352e-08,9.292798e-09,1.705635e-08,1.236423e-08,83.46,86.21,7886.13,8145.23,39.91,41.48
2.76812,2,0.1438,0.099,0.078,5.415,5.636,0.9885,0.00905,269.61,54.68,0.57452752,0.7296499503999999,2.33,1.294997e-08,9.299785e-09,1.69828e-08,1.231233e-08,83.35,86.24,7875.23,8148.63,39.84,41.50
2.76837,2,0.1438,0.099,0.078,5.415,5.636,0.9885,0.00905,269.61,54.68,0.5745265199999999,0.7296486804,2.33,1.294318e-08,9.294906e-09,1.690268e-08,1.223874e-08,83.35,85.85,7875.22,8111.27,39.84,41.28
2.76863,2,0.1438,0.099,0.078,5.415,5.636,0.9885,0.00905,269.61,54.68,0.5745254799999999,0.7296473595999999,2.33,1.294371e-08,9.294538e-09,1.683158e-08,1.219751e-08,83.33,86.11,7872.97,8136.05,39.83,41.43
2.76887,2,0.1439,0.099,0.078,5.415,5.636,0.9885,0.00905,269.61,54.68,0.57452452,0.7296461404,2.33,1.294029e-08,9.29681e-09,1.676583e-08,1.214046e-08,83.53,85.93,7892.68,8118.87,39.95,41.32
2.76912,2,0.1439,0.099,0.078,5.415,5.636,0.9885,0.00905,269.61,54.68,0.57452352,0.7296448703999999,2.33,1.293833e-08,9.297962e-09,1.669752e-08,1.208535e-08,83.62,85.78,7900.40,8105.14,40.00,41.24
2.76938,2,0.1439,0.099,0.078,5.415,5.636,0.9885,0.00905,269.61,54.68,0.57452248,0.7296435496,2.33,1.293705e-08,9.296499e-09,1.664287e-08,1.203779e-08,83.60,85.58,7898.76,8085.68,39.98,41.12
2.76963,2,0.1439,0.099,0.078,5.415,5.636,0.9885,0.00905,269.61,54.68,0.5745214799999999,0.7296422795999999,2.33,1.294748e-08,9.295705e-09,1.658028e-08,1.199178e-08,83.33,85.56,7873.81,8083.88,39.83,41.11
2.76987,2,0.1440,0.099,0.078,5.415,5.636,0.9885,0.00905,269.61,54.68,0.57452052,0.7296410604,2.33,1.294224e-08,9.299094e-09,1.65262e-08,1.196733e-08,83.62,86.00,7900.82,8125.47,40.00,41.36
2.77013,2,0.1440,0.099,0.078,5.415,5.636,0.9885,0.00905,269.61,54.68,0.57451948,0.7296397396,2.33,1.294157e-08,9.303806e-09,1.648479e-08,1.193226e-08,83.79,85.86,7916.52,8112.94,40.09,41.29
2.77038,2,0.1440,0.099,0.078,5.415,5.636,0.9885,0.00905,269.61,54.68,0.5745184799999999,0.7296384695999999,2.33,1.294834e-08,9.299589e-09,1.645736e-08,1.190746e-08,83.50,85.74,7889.11,8100.76,39.93,41.21
2.77062,2,0.1440,0.099,0.078,5.415,5.636,0.9885,0.00905,269.61,54.68,0.57451752,0.7296372504,2.33,1.295785e-08,9.293116e-09,1.641539e-08,1.188784e-08,83.07,86.02,7849.23,8127.33,39.68,41.37
2.77088,2,0.1441,0.099,0.078,5.415,5.636,0.9885,0.00905,269.61,54.68,0.57451648,0.7296359296,2.33,1.295762e-08,9.305218e-09,1.637617e-08,1.186745e-08,83.52,86.29,7891.46,8152.93,39.94,41.53
2.77113,2,0.1441,0.099,0.078,5.415,5.636,0.9885,0.00905,269.61,54.68,0.57451548,0.7296346596,2.33,1.295045e-08,9.304771e-09,1.635628e-08,1.185732e-08,83.67,86.40,7905.64,8163.64,40.03,41.59
2.77137,2,0.1441,0.099,0.078,5.415,5.636,0.9885,0.00905,269.61,54.68,0.5745145199999999,0.7296334403999999,2.33,1.296268e-08,9.308453e-09,1.632908e-08,1.184854e-08,83.51,86.69,7890.27,8191.14,39.93,41.76
2.77162,2,0.1441,0.099,0.078,5.415,5.636,0.9885,0.00905,269.61,54.68,0.57451352,0.7296321704000001,2.33,1.296803e-08,9.304755e-09,1.629713e-08,1.183123e-08,83.27,86.85,7867.65,8205.98,39.80,41.85
2.77188,2,0.1442,0.099,0.078,5.415,5.636,0.9885,0.00905,269.61,54.68,0.57451248,0.7296308496,2.33,1.295776e-08,9.307584e-09,1.628466e-08,1.182094e-08,83.65,86.88,7903.76,8208.54,40.01,41.87
2.77212,2,0.1442,0.099,0.078,5.415,5.636,0.9885,0.00905,269.61,54.68,0.5745115199999999,0.7296296304,2.33,1.297126e-08,9.316027e-09,1.626896e-08,1.182011e-08,83.61,87.16,7899.99,8235.40,39.99,42.03
2.77237,2,0.1442,0.099,0.078,5.415,5.636,0.9885,0.00905,269.61,54.68,0.5745105199999999,0.7296283603999999,2.33,1.298213e-08,9.322788e-09,1.625452e-08,1.182199e-08,83.58,87.50,7896.84,8267.03,39.97,42.22
2.77263,2,0.1442,0.099,0.078,5.415,5.636,0.9885,0.00905,269.61,54.68,0.5745094799999999,0.7296270395999999,2.33,1.298752e-08,9.320532e-09,1.62334e-08,1.180855e-08,83.38,87.55,7878.47,8271.97,39.86,42.25
2.77287,2,0.1443,0.099,0.078,5.415,5.636,0.9885,0.00905,269.61,54.68,0.57450852,0.7296258204,2.33,1.299588e-08,9.322716e-09,1.622951e-08,1.17932e-08,83.32,87.27,7872.52,8245.58,39.82,42.09
2.77312,2,0.1443,0.099,0.078,5.415,5.636,0.9885,0.00905,269.61,54.68,0.5745075199999999,0.7296245504,2.33,1.30053e-08,9.3258e-09,1.621948e-08,1.178949e-08,83.20,87.37,7861.56,8254.75,39.76,42.15
2.77338,2,0.1443,0.099,0.078,5.415,5.636,0.9885,0.00905,269.61,54.68,0.5745064799999999,0.7296232295999999,2.33,1.301229e-08,9.333929e-09,1.62088e-08,1.179447e-08,83.30,87.71,7870.85,8287.53,39.81,42.35
2.77363,2,0.1443,0.099,0.078,5.415,5.636,0.9885,0.00905,269.61,54.68,0.57450548,0.7296219596,2.33,1.301728e-08,9.33474e-09,1.617881e-08,1.176996e-08,83.22,87.64,7862.60,8280.59,39.76,42.31
2.77387,2,0.1444,0.099,0.078,5.414,5.636,0.9885,0.00905,269.61,54.68,0.57450452,0.7296207403999999,2.33,1.302582e-08,9.340896e-09,1.618158e-08,1.17522e-08,83.27,87.16,7868.14,8235.47,39.80,42.03
2.77413,2,0.1444,0.099,0.078,5.414,5.636,0.9885,0.00905,269.61,54.68,0.57450348,0.7296194196,2.33,1.303559e-08,9.339926e-09,1.616384e-08,1.174787e-08,83.02,87.39,7844.46,8257.44,39.65,42.16
2.77438,2,0.1444,0.099,0.078,5.414,5.636,0.9885,0.00905,269.61,54.68,0.5745024799999999,0.7296181495999999,2.33,1.304789e-08,9.349258e-09,1.613692e-08,1.173934e-08,83.04,87.70,7846.00,8285.95,39.66,42.34
2.77462,2,0.1444,0.099,0.078,5.414,5.636,0.9885,0.00905,269.61,54.68,0.57450152,0.7296169304,2.33,1.304545e-08,9.356934e-09,1.614078e-08,1.172778e-08,83.34,87.30,7873.98,8248.86,39.83,42.11
2.77488,2,0.1445,0.099,0.078,5.414,5.636,0.9885,0.00905,269.61,54.68,0.57450048,0.7296156095999999,2.33,1.307045e-08,9.362721e-09,1.61255e-08,1.171718e-08,83.01,87.38,7843.44,8255.87,39.65,42.15
2.77513,2,0.1445,0.099,0.078,5.414,5.636,0.9885,0.00905,269.61,54.68,0.57449948,0.7296143396,2.33,1.307816e-08,9.365428e-09,1.610957e-08,1.170436e-08,82.92,87.34,7835.14,8252.66,39.60,42.13
2.77537,2,0.1445,0.099,0.078,5.414,5.636,0.9885,0.00905,269.61,54.68,0.57449852,0.7296131204,2.33,1.309149e-08,9.374276e-09,1.609377e-08,1.168648e-08,82.90,87.17,7833.09,8236.16,39.58,42.03
2.77562,2,0.1445,0.099,0.077,5.414,5.636,0.9885,0.00905,269.61,54.68,0.57449752,0.7296118504,2.33,1.310427e-08,9.379083e-09,1.609537e-08,1.168197e-08,82.77,87.02,7820.57,8221.83,39.51,41.95
2.77588,2,0.1446,0.099,0.077,5.414,5.636,0.9885,0.00905,269.61,54.68,0.57449648,0.7296105296,2.33,1.311988e-08,9.385048e-09,1.610625e-08,1.168429e-08,82.67,86.93,7810.73,8213.22,39.45,41.90
2.77612,2,0.1446,0.098,0.077,5.414,5.636,0.9885,0.00905,269.61,54.68,0.5744955199999999,0.7296093103999999,2.33,1.311564e-08,9.397836e-09,1.609881e-08,1.168082e-08,83.16,86.98,7856.96,8217.91,39.73,41.92
2.77637,2,0.1446,0.098,0.077,5.414,5.636,0.9885,0.00905,269.61,54.68,0.57449452,0.7296080404,2.33,1.313001e-08,9.404282e-09,1.609604e-08,1.167568e-08,83.04,86.89,7845.62,8209.89,39.66,41.88
2.77663,2,0.1446,0.098,0.077,5.414,5.636,0.9885,0.00905,269.61,54.68,0.57449348,0.7296067196,2.33,1.315602e-08,9.411288e-09,1.611067e-08,1.167951e-08,82.68,86.71,7811.62,8192.57,39.45,41.77
2.77687,2,0.1447,0.098,0.077,5.414,5.636,0.9885,0.00905,269.61,54.68,0.57449252,0.7296055003999999,2.33,1.316627e-08,9.424478e-09,1.612066e-08,1.169376e-08,82.91,86.96,7834.13,8216.13,39.59,41.91
2.77712,2,0.1447,0.098,0.077,5.414,5.636,0.9885,0.00905,269.61,54.68,0.5744915199999999,0.7296042303999999,2.33,1.31815e-08,9.424992e-09,1.613291e-08,1.170651e-08,82.59,87.06,7803.86,8226.02,39.41,41.97
2.77738,2,0.1447,0.098,0.077,5.414,5.636,0.9885,0.00905,269.61,54.68,0.5744904799999999,0.7296029095999998,2.33,1.319016e-08,9.437585e-09,1.615863e-08,1.173027e-08,82.79,87.20,7822.48,8239.07,39.52,42.05
2.77763,2,0.1447,0.098,0.077,5.414,5.636,0.9885,0.00905,269.61,54.68,0.57448948,0.7296016396,2.33,1.320205e-08,9.446488e-09,1.618092e-08,1.174854e-08,82.80,87.26,7823.63,8244.42,39.53,42.08
2.77787,2,0.1448,0.098,0.077,5.414,5.636,0.9885,0.00905,269.61,54.68,0.57448852,0.7296004204,2.33,1.322302e-08,9.461359e-09,1.620941e-08,1.177567e-08,82.86,87.49,7828.65,8266.63,39.56,42.22
2.77813,2,0.1448,0.098,0.077,5.414,5.636,0.9885,0.00905,269.61,54.68,0.5744874799999999,0.7295990995999999,2.33,1.324526e-08,9.469703e-09,1.624404e-08,1.180392e-08,82.62,87.58,7806.71,8274.55,39.42,42.27
2.77838,2,0.1448,0.098,0.077,5.414,5.636,0.9885,0.00905,269.61,54.68,0.5744864799999999,0.7295978295999999,2.33,1.325114e-08,9.478301e-09,1.628282e-08,1.181993e-08,82.76,87.25,7819.43,8243.50,39.50,42.08
2.77862,2,0.1448,0.098,0.077,5.414,5.636,0.9885,0.00905,269.61,54.68,0.57448552,0.7295966104,2.33,1.326769e-08,9.488061e-09,1.631724e-08,1.185404e-08,82.69,87.49,7813.42,8266.71,39.46,42.22
2.77888,2,0.1449,0.098,0.077,5.414,5.636,0.9885,0.00905,269.61,54.68,0.57448448,0.7295952896,2.33,1.327331e-08,9.495174e-09,1.635565e-08,1.189541e-08,82.85,87.92,7827.77,8306.80,39.55,42.46
2.77913,2,0.1449,0.098,0.077,5.414,5.636,0.9885,0.00905,269.61,54.68,0.5744834799999999,0.7295940195999999,2.33,1.329619e-08,9.50383e-09,1.638624e-08,1.191594e-08,82.61,87.87,7805.52,8302.41,39.42,42.44
2.77937,2,0.1449,0.098,0.077,5.414,5.636,0.9885,0.00905,269.61,54.68,0.57448252,0.7295928004,2.33,1.331711e-08,9.518421e-09,1.642958e-08,1.193994e-08,82.60,87.67,7804.47,8283.30,39.41,42.32
2.77962,2,0.1449,0.098,0.077,5.414,5.636,0.9885,0.00905,269.61,54.68,0.57448152,0.7295915304,2.33,1.332593e-08,9.532168e-09,1.646229e-08,1.196486e-08,82.83,87.70,7825.90,8286.21,39.54,42.34
2.77988,2,0.1450,0.098,0.077,5.414,5.636,0.9885,0.00905,269.61,54.68,0.57448048,0.7295902096,2.33,1.333465e-08,9.539588e-09,1.650449e-08,1.199133e-08,82.92,87.65,7834.71,8281.30,39.59,42.31
2.78012,2,0.1450,0.098,0.077,5.414,5.636,0.9885,0.00905,269.61,54.68,0.5744795199999999,0.7295889903999999,2.33,1.335089e-08,9.550353e-09,1.65492e-08,1.202774e-08,82.89,87.75,7832.25,8291.20,39.58,42.37
2.78037,2,0.1450,0.098,0.077,5.414,5.636,0.9885,0.00905,269.61,54.68,0.57447852,0.7295877204,2.33,1.337528e-08,9.560257e-09,1.658051e-08,1.20589e-08,82.66,87.98,7810.60,8312.40,39.45,42.50
2.78063,2,0.1450,0.098,0.077,5.414,5.636,0.9885,0.00905,269.61,54.68,0.57447748,0.7295863996,2.33,1.33859e-08,9.576108e-09,1.660948e-08,1.207496e-08,82.92,87.84,7834.29,8299.78,39.59,42.42
2.78087,2,0.1450,0.098,0.077,5.414,5.636,0.9885,0.00905,269.61,54.68,0.5744765199999999,0.7295851804,2.33,1.339549e-08,9.586034e-09,1.664033e-08,1.211611e-08,83.01,88.34,7843.10,8347.02,39.64,42.71
2.78112,2,0.1451,0.098,0.077,5.413,5.636,0.9885,0.00905,269.61,54.68,0.5744755199999999,0.7295839103999999,2.33,1.341146e-08,9.595171e-09,1.668163e-08,1.212817e-08,83.00,87.92,7841.92,8307.40,39.64,42.47
2.78138,2,0.1451,0.098,0.077,5.413,5.636,0.9885,0.00905,269.61,54.68,0.57447448,0.7295825896,2.33,1.344308e-08,9.610736e-09,1.671787e-08,1.21536e-08,82.78,87.90,7821.74,8305.10,39.51,42.45
2.78163,2,0.1451,0.098,0.077,5.413,5.636,0.9885,0.00905,269.61,54.68,0.57447348,0.7295813196,2.33,1.344421e-08,9.616081e-09,1.674751e-08,1.217214e-08,82.92,87.82,7834.71,8297.59,39.59,42.41
2.78187,2,0.1451,0.098,0.077,5.413,5.636,0.9885,0.00905,269.61,54.68,0.5744725199999999,0.7295801003999999,2.33,1.346105e-08,9.625176e-09,1.678371e-08,1.219721e-08,82.83,87.79,7826.28,8294.50,39.54,42.39
2.78213,2,0.1452,0.098,0.077,5.413,5.636,0.9885,0.00905,269.61,54.68,0.5744714799999999,0.7295787796,2.33,1.347509e-08,9.64098e-09,1.679553e-08,1.220634e-08,83.06,87.86,7848.14,8301.56,39.67,42.43
2.78238,2,0.1452,0.098,0.077,5.413,5.636,0.9885,0.00905,269.61,54.68,0.57447048,0.7295775096,2.33,1.348906e-08,9.649563e-09,1.68257e-08,1.222644e-08,83.02,87.81,7844.11,8297.02,39.65,42.40
2.78262,2,0.1452,0.098,0.077,5.413,5.636,0.9885,0.00905,269.61,54.68,0.57446952,0.7295762903999999,2.33,1.350607e-08,9.660552e-09,1.685339e-08,1.224466e-08,82.98,87.76,7840.74,8292.31,39.63,42.37
2.78288,2,0.1452,0.098,0.077,5.413,5.636,0.9885,0.00905,269.61,54.68,0.57446848,0.7295749695999999,2.33,1.352331e-08,9.671429e-09,1.68802e-08,1.226219e-08,82.94,87.71,7836.61,8287.50,39.60,42.34
2.78313,2,0.1453,0.098,0.077,5.413,5.636,0.9885,0.00905,269.61,54.68,0.5744674799999999,0.7295736996,2.33,1.353832e-08,9.682109e-09,1.690218e-08,1.227784e-08,83.00,87.76,7841.84,8292.42,39.64,42.37
2.78337,2,0.1453,0.098,0.077,5.413,5.636,0.9885,0.00905,269.61,54.68,0.57446652,0.7295724804,2.33,1.355838e-08,9.684859e-09,1.692817e-08,1.227766e-08,82.65,87.27,7809.02,8245.63,39.44,42.09
2.78362,2,0.1453,0.098,0.077,5.413,5.636,0.9885,0.00905,269.61,54.68,0.57446552,0.7295712104,2.33,1.356699e-08,9.711371e-09,1.695505e-08,1.230155e-08,83.26,87.38,7866.75,8256.37,39.79,42.16
2.78388,2,0.1453,0.098,0.077,5.413,5.636,0.9885,0.00905,269.61,54.68,0.5744644799999999,0.7295698895999999,2.33,1.358693e-08,9.715668e-09,1.696908e-08,1.231982e-08,82.96,87.59,7838.43,8276.17,39.61,42.28
2.78412,2,0.1454,0.098,0.077,5.413,5.636,0.9885,0.00905,269.61,54.68,0.57446352,0.7295686704000001,2.33,1.359359e-08,9.737904e-09,1.698242e-08,1.233343e-08,83.54,87.75,7893.53,8291.50,39.95,42.37
2.78437,2,0.1454,0.098,0.077,5.413,5.636,0.9885,0.00905,269.61,54.68,0.57446252,0.7295674004,2.33,1.361857e-08,9.744704e-09,1.701044e-08,1.234545e-08,83.21,87.54,7861.97,8271.11,39.76,42.24
2.78463,2,0.1454,0.098,0.077,5.413,5.636,0.9885,0.00905,269.61,54.68,0.57446148,0.7295660796,2.33,1.364323e-08,9.76024e-09,1.703187e-08,1.23585e-08,83.15,87.47,7856.01,8265.01,39.72,42.21
2.78487,2,0.1454,0.098,0.077,5.413,5.636,0.9885,0.00905,269.61,54.68,0.5744605199999999,0.7295648603999999,2.33,1.365387e-08,9.775488e-09,1.703846e-08,1.236886e-08,83.37,87.62,7877.63,8278.61,39.85,42.29
2.78512,2,0.1455,0.098,0.077,5.413,5.636,0.9885,0.00905,269.61,54.68,0.57445952,0.7295635904,2.33,1.366667e-08,9.797316e-09,1.705763e-08,1.236617e-08,83.81,87.25,7919.08,8243.91,40.10,42.08
2.78538,2,0.1455,0.098,0.077,5.413,5.636,0.9885,0.00905,269.61,54.68,0.57445848,0.7295622696,2.33,1.369719e-08,9.806821e-09,1.707403e-08,1.238121e-08,83.44,87.33,7883.94,8251.54,39.89,42.13
2.78563,2,0.1455,0.098,0.077,5.413,5.636,0.9885,0.00905,269.61,54.68,0.57445748,0.7295609996,2.33,1.37127e-08,9.819239e-09,1.709878e-08,1.238845e-08,83.48,87.06,7887.66,8225.68,39.91,41.97
2.78587,2,0.1455,0.098,0.077,5.413,5.636,0.9885,0.00905,269.61,54.68,0.5744565199999999,0.7295597803999999,2.33,1.373081e-08,9.839781e-09,1.709792e-08,1.23935e-08,83.71,87.20,7909.10,8239.37,40.04,42.05
2.78613,2,0.1456,0.098,0.077,5.413,5.636,0.9885,0.00905,269.61,54.68,0.5744554799999999,0.7295584595999999,2.33,1.376608e-08,9.851814e-09,1.710676e-08,1.240264e-08,83.37,87.33,7877.17,8251.63,39.85,42.13
2.78638,2,0.1456,0.098,0.077,5.413,5.636,0.9885,0.00905,269.61,54.68,0.57445448,0.7295571896,2.33,1.376884e-08,9.877938e-09,1.712008e-08,1.240327e-08,84.09,87.10,7945.48,8229.85,40.26,41.99
2.78662,2,0.1456,0.097,0.077,5.413,5.636,0.9885,0.00905,269.61,54.68,0.5744535199999999,0.7295559704,2.33,1.379733e-08,9.896448e-09,1.712821e-08,1.240949e-08,84.03,87.11,7939.76,8230.40,40.23,42.00
2.78688,2,0.1456,0.097,0.077,5.413,5.636,0.9885,0.00905,269.62,54.68,0.5744524799999999,0.7295546495999999,2.33,1.382451e-08,9.910747e-09,1.713322e-08,1.241687e-08,83.88,87.20,7925.07,8239.43,40.14,42.05
2.78713,2,0.1457,0.097,0.077,5.413,5.636,0.9885,0.00905,269.62,54.68,0.57445148,0.7295533796,2.33,1.383823e-08,9.929474e-09,1.715808e-08,1.242307e-08,84.20,86.96,7955.67,8216.69,40.33,41.91
2.78737,2,0.1457,0.097,0.077,5.413,5.636,0.9885,0.00905,269.62,54.68,0.57445052,0.7295521603999999,2.33,1.386883e-08,9.951907e-09,1.716432e-08,1.24181e-08,84.21,86.72,7957.02,8194.01,40.33,41.77
2.78762,2,0.1457,0.097,0.077,5.413,5.636,0.9885,0.00905,269.62,54.68,0.5744495199999999,0.7295508903999999,2.33,1.390366e-08,9.971886e-09,1.718425e-08,1.243026e-08,84.06,86.67,7942.88,8188.63,40.25,41.74
2.78788,2,0.1457,0.097,0.077,5.413,5.636,0.9885,0.00905,269.62,54.68,0.5744484799999999,0.7295495696,2.33,1.393124e-08,1.000234e-08,1.719203e-08,1.243168e-08,84.38,86.56,7972.96,8178.62,40.43,41.68
2.78812,2,0.1458,0.097,0.077,5.412,5.636,0.9885,0.00905,269.62,54.68,0.57444752,0.7295483504,2.33,1.395708e-08,1.002588e-08,1.719468e-08,1.244292e-08,84.59,86.85,7992.53,8206.44,40.55,41.85
2.78837,2,0.1458,0.097,0.077,5.412,5.636,0.9885,0.00905,269.62,54.68,0.57444652,0.7295470803999999,2.33,1.399675e-08,1.004435e-08,1.723455e-08,1.246264e-08,84.29,86.62,7964.30,8184.74,40.38,41.72
2.78863,2,0.1458,0.097,0.077,5.412,5.636,0.9885,0.00905,269.62,54.68,0.57444548,0.7295457595999999,2.33,1.403329e-08,1.007261e-08,1.723242e-08,1.247206e-08,84.35,86.90,7970.01,8210.80,40.41,41.88
2.78887,2,0.1458,0.097,0.077,5.412,5.636,0.9885,0.00905,269.62,54.68,0.5744445199999999,0.7295445403999999,2.33,1.40667e-08,1.009706e-08,1.725965e-08,1.248379e-08,84.37,86.70,7971.33,8191.84,40.42,41.76
2.78912,2,0.1459,0.097,0.077,5.412,5.636,0.9885,0.00905,269.62,54.68,0.57444352,0.7295432704,2.33,1.410469e-08,1.012342e-08,1.727554e-08,1.249684e-08,84.40,86.80,7974.25,8201.15,40.44,41.82
2.78938,2,0.1459,0.097,0.077,5.412,5.636,0.9885,0.00905,269.62,54.68,0.57444248,0.7295419496,2.33,1.413787e-08,1.014804e-08,1.7308e-08,1.251838e-08,84.42,86.75,7976.50,8196.56,40.45,41.79
2.78963,2,0.1459,0.097,0.076,5.412,5.636,0.9885,0.00905,269.62,54.68,0.57444148,0.7295406795999999,2.33,1.417224e-08,1.017848e-08,1.732857e-08,1.252656e-08,84.59,86.59,7992.79,8181.00,40.55,41.70
2.78987,2,0.1459,0.097,0.076,5.412,5.636,0.9885,0.00905,269.62,54.68,0.57444052,0.7295394604000001,2.33,1.422421e-08,1.020719e-08,1.735679e-08,1.253869e-08,84.34,86.38,7968.92,8161.57,40.41,41.58
2.79013,2,0.1460,0.097,0.076,5.412,5.636,0.9885,0.00906,269.62,54.68,0.57443948,0.7295381396,2.33,1.426732e-08,1.023449e-08,1.738167e-08,1.255577e-08,84.29,86.42,7964.37,8165.07,40.38,41.60
2.79038,2,0.1460,0.097,0.076,5.412,5.636,0.9885,0.00906,269.62,54.68,0.57443848,0.7295368696,2.33,1.432164e-08,1.027111e-08,1.741382e-08,1.259148e-08,84.22,86.73,7957.94,8194.34,40.34,41.78
2.79062,2,0.1460,0.097,0.076,5.412,5.636,0.9885,0.00906,269.62,54.68,0.5744375199999999,0.7295356503999999,2.33,1.436011e-08,1.030997e-08,1.74485e-08,1.260595e-08,84.55,86.46,7988.81,8169.52,40.53,41.63
2.79088,2,0.1460,0.097,0.076,5.412,5.636,0.9885,0.00906,269.62,54.68,0.5744364799999999,0.7295343295999999,2.33,1.441294e-08,1.033233e-08,1.748995e-08,1.263125e-08,84.10,86.35,7946.36,8158.70,40.27,41.56
2.79113,2,0.1461,0.097,0.076,5.412,5.636,0.9885,0.00906,269.62,54.68,0.57443548,0.7295330596,2.33,1.445961e-08,1.0374e-08,1.751878e-08,1.265457e-08,84.40,86.47,7974.10,8170.10,40.44,41.63
2.79137,2,0.1461,0.097,0.076,5.412,5.636,0.9885,0.00906,269.62,54.68,0.57443452,0.7295318404,2.33,1.451837e-08,1.039897e-08,1.754879e-08,1.268979e-08,83.90,86.80,7927.72,8201.62,40.16,41.82
2.79162,2,0.1461,0.097,0.076,5.412,5.636,0.9885,0.00906,269.62,54.68,0.5744335199999999,0.7295305703999999,2.33,1.456733e-08,1.044292e-08,1.758253e-08,1.270856e-08,84.16,86.66,7951.56,8188.52,40.30,41.74
2.79188,2,0.1461,0.097,0.076,5.412,5.636,0.9885,0.00906,269.62,54.68,0.5744324799999999,0.7295292495999999,2.33,1.461666e-08,1.047526e-08,1.762406e-08,1.273091e-08,84.07,86.48,7943.46,8170.77,40.25,41.63
2.79212,2,0.1462,0.097,0.076,5.412,5.636,0.9885,0.00906,269.62,54.68,0.57443152,0.7295280304,2.33,1.46763e-08,1.050377e-08,1.76751e-08,1.277e-08,83.73,86.59,7911.06,8181.48,40.05,41.70
2.79237,2,0.1462,0.097,0.076,5.412,5.636,0.9885,0.00906,269.62,54.68,0.57443052,0.7295267604,2.33,1.474162e-08,1.055421e-08,1.771003e-08,1.278503e-08,83.83,86.34,7920.80,8158.02,40.11,41.56
2.79263,2,0.1462,0.097,0.076,5.412,5.636,0.9885,0.00906,269.62,54.68,0.5744294799999999,0.7295254395999999,2.33,1.478971e-08,1.059669e-08,1.772903e-08,1.281344e-08,84.06,86.70,7942.04,8191.80,40.24,41.76
2.79287,2,0.1462,0.097,0.076,5.412,5.636,0.9885,0.00906,269.62,54.68,0.57442852,0.7295242204,2.33,1.4853e-08,1.06355e-08,1.777896e-08,1.284399e-08,83.87,86.56,7924.86,8179.08,40.14,41.68
2.79312,2,0.1463,0.097,0.076,5.412,5.636,0.9885,0.00906,269.62,54.68,0.57442752,0.7295229503999999,2.33,1.491391e-08,1.066802e-08,1.781949e-08,1.286915e-08,83.63,86.52,7901.34,8175.24,39.99,41.66
2.79338,2,0.1463,0.097,0.076,5.412,5.636,0.9885,0.00906,269.62,54.68,0.57442648,0.7295216296,2.33,1.49771e-08,1.071667e-08,1.786506e-08,1.289972e-08,83.72,86.47,7910.29,8169.91,40.05,41.63
2.79363,2,0.1463,0.097,0.076,5.412,5.636,0.9885,0.00906,269.62,54.68,0.5744254799999999,0.7295203596,2.33,1.503401e-08,1.075797e-08,1.78988e-08,1.292491e-08,83.74,86.49,7911.78,8171.79,40.06,41.64
2.79387,2,0.1463,0.097,0.076,5.412,5.636,0.9885,0.00906,269.62,54.68,0.57442452,0.7295191404,2.33,1.509031e-08,1.079682e-08,1.795139e-08,1.295131e-08,83.70,86.21,7908.08,8145.59,40.04,41.48
2.79413,2,0.1464,0.097,0.076,5.412,5.636,0.9885,0.00906,269.62,54.68,0.57442348,0.7295178196,2.33,1.51638e-08,1.083489e-08,1.798447e-08,1.298193e-08,83.36,86.43,7876.41,8166.41,39.84,41.61
2.79438,2,0.1464,0.097,0.076,5.412,5.636,0.9885,0.00906,269.62,54.68,0.57442248,0.7295165496,2.33,1.523055e-08,1.08831e-08,1.803367e-08,1.300821e-08,83.38,86.21,7877.72,8145.62,39.85,41.48
2.79462,2,0.1464,0.097,0.076,5.412,5.636,0.9885,0.00906,269.62,54.68,0.5744215199999999,0.7295153303999999,2.33,1.529467e-08,1.093145e-08,1.806542e-08,1.303361e-08,83.44,86.27,7884.12,8151.22,39.89,41.51
2.79488,2,0.1464,0.097,0.076,5.412,5.636,0.9885,0.00906,269.62,54.68,0.57442048,0.7295140096,2.33,1.536463e-08,1.097356e-08,1.811371e-08,1.305862e-08,83.23,86.04,7864.29,8129.26,39.77,41.38
2.79513,2,0.1465,0.097,0.076,5.411,5.636,0.9885,0.00906,269.62,54.68,0.57441948,0.7295127396,2.33,1.542443e-08,1.102299e-08,1.815992e-08,1.309718e-08,83.47,86.22,7886.48,8146.50,39.90,41.48
2.79537,2,0.1465,0.097,0.076,5.411,5.636,0.9885,0.00906,269.62,54.68,0.5744185199999999,0.7295115203999999,2.33,1.548593e-08,1.105826e-08,1.819429e-08,1.311669e-08,83.24,86.10,7864.85,8134.76,39.77,41.41
2.79562,2,0.1465,0.097,0.076,5.411,5.636,0.9885,0.00906,269.62,54.68,0.5744175199999999,0.7295102503999998,2.33,1.555212e-08,1.110349e-08,1.823215e-08,1.313797e-08,83.19,85.95,7859.81,8121.43,39.74,41.33
2.79588,2,0.1465,0.097,0.076,5.411,5.636,0.9885,0.00906,269.62,54.68,0.57441648,0.7295089296,2.33,1.563319e-08,1.115059e-08,1.827332e-08,1.317406e-08,82.91,86.10,7833.33,8135.63,39.58,41.42
2.79612,2,0.1466,0.097,0.076,5.411,5.636,0.9885,0.00906,269.62,54.68,0.57441552,0.7295077104,2.33,1.568121e-08,1.119442e-08,1.832515e-08,1.319803e-08,83.21,85.85,7862.14,8111.67,39.76,41.27
2.79637,2,0.1466,0.097,0.076,5.411,5.636,0.9885,0.00906,269.62,54.68,0.5744145199999999,0.7295064403999999,2.33,1.575797e-08,1.123592e-08,1.836216e-08,1.323034e-08,82.87,85.98,7829.75,8124.09,39.56,41.35
2.79663,2,0.1466,0.097,0.076,5.411,5.636,0.9885,0.00906,269.62,54.68,0.5744134799999999,0.7295051195999999,2.33,1.582169e-08,1.128539e-08,1.839903e-08,1.326915e-08,82.97,86.27,7839.52,8151.00,39.62,41.51
2.79688,2,0.1466,0.097,0.076,5.411,5.636,0.9885,0.00906,269.62,54.68,0.57441248,0.7295038496,2.33,1.590376e-08,1.133621e-08,1.844968e-08,1.329841e-08,82.77,86.10,7820.95,8135.05,39.50,41.41
2.79712,2,0.1467,0.096,0.076,5.411,5.636,0.9885,0.00906,269.62,54.68,0.57441152,0.7295026304,2.33,1.595446e-08,1.1388e-08,1.848202e-08,1.332859e-08,83.23,86.31,7863.68,8155.41,39.76,41.54
2.79738,2,0.1467,0.096,0.076,5.411,5.636,0.9885,0.00906,269.62,54.68,0.57441048,0.7295013095999999,2.33,1.601469e-08,1.143756e-08,1.854099e-08,1.335984e-08,83.39,86.05,7879.49,8130.79,39.86,41.39
2.79763,2,0.1467,0.096,0.076,5.411,5.636,0.9885,0.00906,269.62,54.68,0.5744094799999999,0.7295000395999999,2.33,1.609056e-08,1.147569e-08,1.858243e-08,1.339196e-08,82.99,86.11,7841.10,8135.71,39.63,41.42
2.79787,2,0.1467,0.096,0.076,5.411,5.636,0.9885,0.00906,269.62,54.68,0.57440852,0.7294988204,2.33,1.615612e-08,1.152075e-08,1.862949e-08,1.342586e-08,82.95,86.11,7837.08,8135.67,39.60,41.42
2.79813,2,0.1468,0.096,0.076,5.411,5.636,0.9885,0.00906,269.62,54.68,0.57440748,0.7294974996,2.33,1.620632e-08,1.156555e-08,1.867079e-08,1.345501e-08,83.23,86.15,7863.75,8139.89,39.76,41.44
2.79838,2,0.1468,0.096,0.076,5.411,5.636,0.9885,0.00906,269.62,54.68,0.5744064799999999,0.7294962295999999,2.33,1.627961e-08,1.161991e-08,1.870618e-08,1.349711e-08,83.28,86.53,7868.62,8175.87,39.79,41.66
2.79862,2,0.1468,0.096,0.076,5.411,5.636,0.9885,0.00906,269.62,54.68,0.57440552,0.7294950104,2.33,1.634661e-08,1.165948e-08,1.874514e-08,1.35261e-08,83.07,86.55,7849.21,8177.78,39.68,41.67
2.79887,2,0.1468,0.096,0.076,5.411,5.636,0.9885,0.00906,269.62,54.68,0.57440452,0.7294937403999999,2.33,1.641442e-08,1.170245e-08,1.877921e-08,1.355091e-08,82.94,86.56,7836.60,8178.27,39.60,41.68
2.79913,2,0.1469,0.096,0.076,5.411,5.636,0.9885,0.00906,269.62,54.68,0.57440348,0.7294924196,2.33,1.647576e-08,1.174858e-08,1.882956e-08,1.358845e-08,83.06,86.64,7847.52,8186.45,39.67,41.73
2.79937,2,0.1469,0.096,0.076,5.411,5.636,0.9885,0.00906,269.62,54.68,0.5744025199999999,0.7294912003999999,2.33,1.653594e-08,1.180503e-08,1.886194e-08,1.362868e-08,83.39,87.03,7879.01,8223.01,39.86,41.95
2.79962,2,0.1469,0.096,0.076,5.411,5.636,0.9885,0.00906,269.62,54.68,0.57440152,0.7294899304,2.33,1.661626e-08,1.184995e-08,1.891132e-08,1.36607e-08,83.08,86.95,7850.25,8215.07,39.68,41.90
2.79988,2,0.1469,0.096,0.076,5.411,5.636,0.9885,0.00906,269.62,54.68,0.57440048,0.7294886096,2.33,1.666626e-08,1.189704e-08,1.895737e-08,1.368451e-08,83.36,86.73,7876.64,8194.68,39.84,41.78
2.80012,2,0.1470,0.096,0.076,5.411,5.636,0.9885,0.00906,269.62,54.68,0.5743995199999999,0.7294873904,2.33,1.675084e-08,1.195242e-08,1.900161e-08,1.371038e-08,83.30,86.65,7870.50,8187.24,39.80,41.73
2.80037,2,0.1470,0.096,0.076,5.411,5.636,0.9885,0.00906,269.62,54.68,0.5743985199999999,0.7294861203999999,2.33,1.692547e-08,1.208857e-08,1.913398e-08,1.384292e-08,83.58,87.49,7896.82,8266.65,39.96,42.21
2.80063,2,0.1470,0.096,0.076,5.411,5.636,0.9885,0.00906,269.62,54.68,0.5743974799999999,0.7294847995999999,2.33,1.687823e-08,1.204688e-08,1.907275e-08,1.376751e-08,83.38,86.78,7878.63,8199.64,39.85,41.81
2.80088,2,0.1470,0.096,0.076,5.411,5.636,0.9885,0.00906,269.62,54.68,0.57439648,0.7294835296,2.33,1.695264e-08,1.208679e-08,1.910077e-08,1.378864e-08,83.07,86.80,7848.68,8201.58,39.67,41.82
2.80112,2,0.1471,0.096,0.076,5.411,5.636,0.9885,0.00906,269.62,54.68,0.5743955199999999,0.7294823103999999,2.33,1.700795e-08,1.213348e-08,1.91349e-08,1.381589e-08,83.30,86.92,7870.42,8212.73,39.80,41.89
2.80138,2,0.1471,0.096,0.076,5.411,5.636,0.9885,0.00906,269.62,54.68,0.5743944799999999,0.7294809896,2.33,1.70784e-08,1.217764e-08,1.915674e-08,1.383925e-08,83.15,87.09,7856.69,8228.97,39.72,41.98
2.80163,2,0.1471,0.096,0.076,5.411,5.636,0.9885,0.00906,269.62,54.68,0.57439348,0.7294797196,2.33,1.715834e-08,1.222518e-08,1.917953e-08,1.386825e-08,82.93,87.38,7835.55,8255.86,39.59,42.15
2.80187,2,0.1471,0.096,0.076,5.411,5.636,0.9885,0.00906,269.62,54.68,0.57439252,0.7294785004,2.33,1.722689e-08,1.227233e-08,1.922235e-08,1.388255e-08,82.89,87.00,7831.80,8220.23,39.57,41.93
2.80213,2,0.1472,0.096,0.076,5.410,5.636,0.9885,0.00906,269.62,54.68,0.57439148,0.7294771795999999,2.33,1.730172e-08,1.232275e-08,1.92596e-08,1.391231e-08,82.88,87.12,7830.74,8231.90,39.56,42.00
2.80238,2,0.1472,0.096,0.076,5.410,5.636,0.9885,0.00906,269.62,54.68,0.5743904799999999,0.7294759095999999,2.33,1.737294e-08,1.236105e-08,1.92807e-08,1.393034e-08,82.59,87.19,7803.48,8237.84,39.40,42.04
2.80262,2,0.1472,0.096,0.076,5.410,5.636,0.9885,0.00906,269.62,54.68,0.57438952,0.7294746904,2.33,1.743382e-08,1.241929e-08,1.932659e-08,1.39503e-08,82.94,86.89,7836.12,8209.86,39.60,41.87
2.80287,2,0.1472,0.096,0.076,5.410,5.636,0.9885,0.00906,269.62,54.68,0.57438852,0.7294734204,2.33,1.752235e-08,1.246027e-08,1.934338e-08,1.397221e-08,82.43,87.11,7788.13,8230.59,39.30,41.99
2.80313,2,0.1473,0.096,0.076,5.410,5.636,0.9885,0.00906,269.62,54.68,0.57438748,0.7294720995999999,2.33,1.759146e-08,1.251089e-08,1.939553e-08,1.398555e-08,82.52,86.63,7796.60,8184.90,39.35,41.72
2.80337,2,0.1473,0.096,0.076,5.410,5.636,0.9885,0.00906,269.62,54.68,0.57438652,0.7294708804000001,2.33,1.765196e-08,1.255843e-08,1.941149e-08,1.399896e-08,82.62,86.67,7806.31,8188.89,39.41,41.74
2.80362,2,0.1473,0.096,0.075,5.410,5.636,0.9885,0.00906,269.62,54.68,0.57438552,0.7294696104,2.33,1.774873e-08,1.260767e-08,1.94477e-08,1.40242e-08,82.18,86.65,7764.70,8187.30,39.16,41.73
2.80388,2,0.1473,0.096,0.075,5.410,5.636,0.9885,0.00906,269.62,54.68,0.57438448,0.7294682896,2.33,1.782024e-08,1.26538e-08,1.947038e-08,1.404539e-08,82.07,86.76,7754.82,8197.42,39.10,41.79
2.80412,2,0.1474,0.096,0.075,5.410,5.636,0.9885,0.00906,269.62,54.68,0.5743835199999999,0.7294670703999999,2.33,1.789522e-08,1.270527e-08,1.951512e-08,1.405269e-08,82.09,86.27,7756.35,8150.99,39.11,41.51
2.80437,2,0.1474,0.096,0.075,5.410,5.636,0.9885,0.00906,269.62,54.68,0.57438252,0.7294658004,2.33,1.796724e-08,1.275746e-08,1.952764e-08,1.407116e-08,82.11,86.48,7758.57,8170.61,39.12,41.63
2.80463,2,0.1474,0.096,0.075,5.410,5.636,0.9885,0.00906,269.62,54.68,0.57438148,0.7294644796,2.33,1.803511e-08,1.280855e-08,1.956913e-08,1.40869e-08,82.18,86.17,7764.63,8141.33,39.16,41.45
2.80488,2,0.1474,0.096,0.075,5.410,5.636,0.9885,0.00906,269.62,54.68,0.57438048,0.7294632096,2.33,1.812191e-08,1.286782e-08,1.95993e-08,1.410563e-08,82.13,86.10,7759.69,8135.17,39.13,41.41
2.80512,2,0.1475,0.096,0.075,5.410,5.636,0.9885,0.00906,269.62,54.68,0.5743795199999999,0.7294619903999999,2.33,1.821074e-08,1.291827e-08,1.963606e-08,1.411868e-08,81.91,85.87,7738.86,8113.21,39.00,41.28
2.80538,2,0.1475,0.096,0.075,5.410,5.636,0.9885,0.00906,269.62,54.68,0.5743784799999999,0.7294606695999999,2.33,1.83062e-08,1.297578e-08,1.967613e-08,1.413769e-08,81.68,85.66,7717.97,8093.24,38.88,41.16
2.80563,2,0.1475,0.096,0.075,5.410,5.636,0.9885,0.00906,269.62,54.68,0.57437748,0.7294593996000001,2.33,1.837283e-08,1.301466e-08,1.971157e-08,1.414978e-08,81.51,85.37,7701.01,8066.15,38.77,40.99
2.80587,2,0.1475,0.096,0.075,5.410,5.636,0.9885,0.00906,269.62,54.68,0.57437652,0.7294581804,2.33,1.846935e-08,1.306448e-08,1.974037e-08,1.416293e-08,81.11,85.21,7663.69,8050.99,38.55,40.90
2.80613,2,0.1476,0.096,0.075,5.410,5.636,0.9885,0.00906,269.62,54.68,0.5743754799999999,0.7294568596,2.33,1.851683e-08,1.311197e-08,1.975755e-08,1.41827e-08,81.46,85.43,7696.78,8071.44,38.75,41.03
2.80638,2,0.1476,0.096,0.075,5.410,5.636,0.9885,0.00906,269.62,54.68,0.5743744799999999,0.7294555895999999,2.33,1.860193e-08,1.315558e-08,1.979443e-08,1.418802e-08,81.11,84.98,7663.55,8029.02,38.55,40.77
2.80662,2,0.1476,0.096,0.075,5.410,5.636,0.9885,0.00906,269.62,54.68,0.57437352,0.7294543703999999,2.33,1.867491e-08,1.319832e-08,1.981313e-08,1.419568e-08,80.92,84.86,7645.99,8017.56,38.44,40.70
2.80687,2,0.1476,0.096,0.075,5.410,5.636,0.9885,0.00906,269.62,54.68,0.5743725199999999,0.7294531003999999,2.33,1.874327e-08,1.324902e-08,1.98439e-08,1.421495e-08,80.97,84.80,7650.69,8012.04,38.47,40.66
2.80713,2,0.1477,0.096,0.075,5.410,5.636,0.9885,0.00906,269.62,54.68,0.5743714799999999,0.7294517796,2.33,1.882739e-08,1.330746e-08,1.98667e-08,1.422679e-08,81.01,84.76,7653.87,8008.55,38.49,40.64
2.80737,2,0.1477,0.096,0.075,5.410,5.636,0.9885,0.00906,269.62,54.68,0.57437052,0.7294505604,2.33,1.892418e-08,1.335036e-08,1.99062e-08,1.423148e-08,80.48,84.27,7604.30,7962.05,38.19,40.36
2.80762,2,0.1477,0.096,0.075,5.410,5.636,0.9885,0.00906,269.62,54.68,0.57436952,0.7294492904,2.33,1.898629e-08,1.339687e-08,1.992198e-08,1.424903e-08,80.54,84.40,7609.50,7974.36,38.22,40.43
2.80788,2,0.1477,0.095,0.075,5.410,5.636,0.9885,0.00906,269.62,54.68,0.57436848,0.7294479695999999,2.33,1.90728e-08,1.344193e-08,1.996303e-08,1.425825e-08,80.21,83.98,7578.66,7934.76,38.03,40.19
2.80812,2,0.1477,0.095,0.075,5.410,5.636,0.9885,0.00906,269.62,54.68,0.5743675199999999,0.7294467503999998,2.33,1.913602e-08,1.349698e-08,1.999233e-08,1.426857e-08,80.42,83.76,7598.68,7914.17,38.15,40.07
2.80837,2,0.1478,0.095,0.075,5.409,5.636,0.9885,0.00906,269.62,54.68,0.57436652,0.7294454804,2.33,1.921462e-08,1.353245e-08,2.000906e-08,1.428444e-08,80.08,83.90,7565.93,7927.14,37.95,40.15
2.80863,2,0.1478,0.095,0.075,5.409,5.636,0.9885,0.00906,269.62,54.68,0.57436548,0.7294441596,2.33,1.929822e-08,1.358748e-08,2.004352e-08,1.428385e-08,80.00,83.38,7558.69,7878.58,37.91,39.85
2.80888,2,0.1478,0.095,0.075,5.409,5.636,0.9885,0.00906,269.63,54.68,0.57436448,0.7294428895999999,2.33,1.937983e-08,1.361627e-08,2.005631e-08,1.428521e-08,79.43,83.23,7505.29,7863.72,37.58,39.76
2.80912,2,0.1478,0.095,0.075,5.409,5.636,0.9885,0.00906,269.63,54.68,0.5743635199999999,0.7294416703999999,2.33,1.943374e-08,1.368212e-08,2.009326e-08,1.429235e-08,79.98,82.84,7557.24,7827.22,37.90,39.54
2.80938,2,0.1479,0.095,0.075,5.409,5.636,0.9885,0.00906,269.63,54.68,0.57436248,0.7294403496,2.33,1.95194e-08,1.372329e-08,2.010958e-08,1.430026e-08,79.66,82.82,7526.89,7825.51,37.71,39.53
2.80963,2,0.1479,0.095,0.075,5.409,5.636,0.9885,0.00906,269.63,54.68,0.57436148,0.7294390796,2.33,1.959366e-08,1.375716e-08,2.01411e-08,1.430495e-08,79.31,82.47,7493.25,7792.09,37.51,39.33
2.80987,2,0.1479,0.095,0.075,5.409,5.636,0.9885,0.00906,269.63,54.68,0.5743605199999999,0.7294378603999999,2.33,1.965884e-08,1.380613e-08,2.016434e-08,1.429481e-08,79.37,81.94,7499.09,7742.28,37.54,39.02
2.81013,2,0.1479,0.095,0.075,5.409,5.636,0.9885,0.00906,269.63,54.68,0.5743594799999999,0.7294365395999999,2.33,1.973654e-08,1.384592e-08,2.017759e-08,1.431261e-08,79.08,82.11,7472.31,7757.93,37.38,39.12
2.81038,2,0.1480,0.095,0.075,5.409,5.636,0.9885,0.00906,269.63,54.68,0.57435848,0.7294352696,2.33,1.979801e-08,1.388751e-08,2.02044e-08,1.431229e-08,79.11,81.78,7474.59,7727.26,37.40,38.93
2.81062,2,0.1480,0.095,0.075,5.409,5.636,0.9885,0.00906,269.63,54.68,0.57435752,0.7294340504,2.33,1.985464e-08,1.392842e-08,2.020927e-08,1.430189e-08,79.13,81.51,7476.72,7701.68,37.41,38.78
2.81087,2,0.1480,0.095,0.075,5.409,5.636,0.9885,0.00906,269.63,54.68,0.5743565199999999,0.7294327803999999,2.33,1.991431e-08,1.396345e-08,2.021194e-08,1.430233e-08,79.00,81.48,7464.49,7699.01,37.33,38.76
2.81113,2,0.1480,0.095,0.075,5.409,5.636,0.9885,0.00906,269.63,54.68,0.5743554799999999,0.7294314595999999,2.33,1.997049e-08,1.400318e-08,2.023229e-08,1.43034e-08,79.01,81.23,7465.09,7674.55,37.34,38.61
2.81137,2,0.1481,0.095,0.075,5.409,5.636,0.9885,0.00906,269.63,54.68,0.57435452,0.7294302403999999,2.33,2.002143e-08,1.404585e-08,2.023012e-08,1.430522e-08,79.19,81.35,7482.53,7685.88,37.44,38.68
2.81162,2,0.1481,0.095,0.075,5.409,5.636,0.9885,0.00906,269.63,54.68,0.57435352,0.7294289704,2.33,2.009523e-08,1.407578e-08,2.02223e-08,1.43015e-08,78.78,81.38,7443.82,7689.21,37.21,38.70
2.81188,2,0.1481,0.095,0.075,5.409,5.636,0.9885,0.00906,269.63,54.68,0.5743524799999999,0.7294276496,2.33,2.014201e-08,1.409587e-08,2.022513e-08,1.429065e-08,78.55,81.13,7421.54,7665.66,37.07,38.56
2.81212,2,0.1481,0.095,0.075,5.409,5.636,0.9885,0.00906,269.63,54.68,0.57435152,0.7294264304,2.33,2.017823e-08,1.41345e-08,2.02308e-08,1.428019e-08,78.79,80.85,7444.85,7639.29,37.21,38.40
2.81237,2,0.1482,0.095,0.075,5.409,5.636,0.9885,0.00906,269.63,54.68,0.57435052,0.7294251603999999,2.33,2.023322e-08,1.417114e-08,2.022553e-08,1.427947e-08,78.81,80.96,7446.57,7649.91,37.22,38.46
2.81263,2,0.1482,0.095,0.075,5.409,5.636,0.9885,0.00906,269.63,54.68,0.57434948,0.7294238396,2.33,2.028641e-08,1.418962e-08,2.021567e-08,1.42656e-08,78.47,80.83,7413.83,7637.32,37.03,38.38
2.81288,2,0.1482,0.095,0.075,5.409,5.636,0.9885,0.00906,269.63,54.68,0.5743484799999999,0.7294225696,2.33,2.031259e-08,1.420494e-08,2.023343e-08,1.427431e-08,78.41,80.76,7408.64,7630.38,36.99,38.34
2.81312,2,0.1482,0.095,0.075,5.409,5.636,0.9885,0.00906,269.63,54.68,0.57434752,0.7294213504,2.33,2.034492e-08,1.424016e-08,2.021111e-08,1.426716e-08,78.64,80.92,7430.53,7646.02,37.13,38.44
2.81338,2,0.1483,0.095,0.075,5.409,5.636,0.9885,0.00906,269.63,54.68,0.57434648,0.7294200296,2.33,2.039407e-08,1.424914e-08,2.021059e-08,1.42675e-08,78.23,80.99,7391.59,7652.47,36.89,38.48
2.81363,2,0.1483,0.095,0.075,5.409,5.636,0.9885,0.00906,269.63,54.68,0.57434548,0.7294187595999999,2.33,2.040393e-08,1.4265e-08,2.01813e-08,1.426451e-08,78.39,81.33,7407.05,7684.87,36.98,38.67
2.81387,2,0.1483,0.095,0.075,5.409,5.636,0.9885,0.00906,269.63,54.68,0.5743445199999999,0.7294175404,2.33,2.043789e-08,1.427485e-08,2.017567e-08,1.425665e-08,78.14,81.26,7383.17,7677.75,36.84,38.63
2.81413,2,0.1483,0.095,0.075,5.409,5.636,0.9885,0.00906,269.63,54.68,0.5743434799999999,0.7294162195999999,2.33,2.046263e-08,1.429341e-08,2.01809e-08,1.423613e-08,78.16,80.79,7385.36,7633.49,36.85,38.36
2.81438,2,0.1484,0.095,0.075,5.409,5.636,0.9885,0.00906,269.63,54.68,0.57434248,0.7294149496,2.33,2.047518e-08,1.430053e-08,2.017655e-08,1.424544e-08,78.19,81.08,7387.52,7661.23,36.87,38.53
2.81462,2,0.1484,0.095,0.075,5.409,5.636,0.9885,0.00906,269.63,54.68,0.5743415199999999,0.7294137303999999,2.33,2.048643e-08,1.430165e-08,2.016233e-08,1.422968e-08,78.07,80.97,7375.99,7650.77,36.80,38.47
2.81487,2,0.1484,0.095,0.075,5.409,5.636,0.9885,0.00906,269.63,54.68,0.5743405199999999,0.7294124603999999,2.33,2.05051e-08,1.432606e-08,2.016423e-08,1.423491e-08,78.27,81.05,7395.45,7657.88,36.91,38.51
2.81513,2,0.1484,0.095,0.075,5.409,5.636,0.9885,0.00906,269.63,54.68,0.57433948,0.7294111396,2.33,2.050693e-08,1.431926e-08,2.01492e-08,1.422302e-08,78.12,81.02,7381.63,7655.54,36.83,38.49
2.81537,2,0.1485,0.095,0.075,5.408,5.636,0.9885,0.00906,269.63,54.68,0.57433852,0.7294099204,2.33,2.051565e-08,1.432172e-08,2.014626e-08,1.421813e-08,78.11,81.02,7380.40,7655.54,36.82,38.49
2.81562,2,0.1485,0.095,0.075,5.408,5.636,0.9885,0.00906,269.63,54.68,0.5743375199999999,0.7294086503999999,2.33,2.051874e-08,1.432005e-08,2.013658e-08,1.421752e-08,78.04,81.14,7373.87,7666.94,36.78,38.56
2.81588,2,0.1485,0.095,0.075,5.408,5.636,0.9885,0.00906,269.63,54.68,0.5743364799999999,0.7294073295999999,2.33,2.050686e-08,1.43212e-08,2.012015e-08,1.420694e-08,78.21,81.16,7390.00,7668.82,36.88,38.57
2.81612,2,0.1485,0.095,0.075,5.408,5.636,0.9885,0.00906,269.63,54.68,0.57433552,0.7294061104,2.33,2.051043e-08,1.430237e-08,2.013386e-08,1.41926e-08,77.83,80.70,7353.65,7624.90,36.66,38.31
2.81637,2,0.1486,0.095,0.075,5.408,5.636,0.9885,0.00906,269.63,54.68,0.57433452,0.7294048404,2.33,2.048842e-08,1.428462e-08,2.011057e-08,1.41807e-08,77.84,80.84,7354.52,7638.28,36.66,38.39
2.81663,2,0.1486,0.095,0.075,5.408,5.636,0.9885,0.00906,269.63,54.68,0.57433348,0.7294035195999999,2.33,2.04773e-08,1.428393e-08,2.00892e-08,1.417562e-08,77.97,81.03,7366.55,7656.58,36.74,38.50
2.81688,2,0.1486,0.095,0.075,5.408,5.636,0.9885,0.00906,269.63,54.68,0.5743324799999999,0.7294022495999999,2.33,2.045051e-08,1.427268e-08,2.008165e-08,1.416474e-08,78.10,80.93,7379.26,7646.40,36.81,38.44
2.81712,2,0.1486,0.095,0.075,5.408,5.636,0.9885,0.00906,269.63,54.68,0.57433152,0.7294010304,2.33,2.043035e-08,1.426543e-08,2.006789e-08,1.415128e-08,78.22,80.85,7390.96,7639.52,36.89,38.40
2.81738,2,0.1487,0.095,0.075,5.408,5.636,0.9885,0.00906,269.63,54.68,0.57433048,0.7293997096,2.33,2.040677e-08,1.424687e-08,2.005397e-08,1.414195e-08,78.24,80.92,7392.32,7645.55,36.89,38.43
2.81763,2,0.1487,0.095,0.075,5.408,5.636,0.9885,0.00906,269.63,54.68,0.57432948,0.7293984396,2.33,2.038831e-08,1.422601e-08,2.005153e-08,1.413091e-08,78.09,80.74,7378.63,7628.48,36.81,38.33
2.81787,2,0.1487,0.095,0.075,5.408,5.636,0.9885,0.00906,269.63,54.68,0.57432852,0.7293972204,2.33,2.035604e-08,1.420679e-08,2.003431e-08,1.411586e-08,78.15,80.68,7384.29,7623.15,36.84,38.30
2.81813,2,0.1487,0.095,0.074,5.408,5.636,0.9885,0.00906,269.63,54.68,0.57432748,0.7293958996000001,2.33,2.032743e-08,1.418648e-08,2.001158e-08,1.410973e-08,78.15,80.88,7383.92,7641.50,36.84,38.41
2.81838,2,0.1488,0.095,0.074,5.408,5.636,0.9885,0.00906,269.63,54.68,0.57432648,0.7293946296,2.33,2.030287e-08,1.415755e-08,2.000819e-08,1.408452e-08,77.99,80.49,7368.57,7604.86,36.75,38.19
2.81862,2,0.1488,0.095,0.074,5.408,5.636,0.9885,0.00906,269.63,54.68,0.5743255199999999,0.7293934103999999,2.33,2.024855e-08,1.413699e-08,1.999345e-08,1.407697e-08,78.30,80.54,7398.52,7610.02,36.93,38.22
2.81887,2,0.1488,0.094,0.074,5.408,5.636,0.9885,0.00906,269.63,54.68,0.57432452,0.7293921404,2.33,2.023835e-08,1.411578e-08,2.001074e-08,1.406196e-08,78.04,80.02,7373.91,7560.40,36.78,37.92
2.81913,2,0.1488,0.094,0.074,5.408,5.636,0.9885,0.00906,269.63,54.68,0.57432348,0.7293908196,2.33,2.0182e-08,1.407952e-08,1.997168e-08,1.405846e-08,78.10,80.48,7379.19,7603.98,36.81,38.18
2.81937,2,0.1489,0.094,0.074,5.408,5.636,0.9885,0.00906,269.63,54.68,0.57432252,0.7293896003999999,2.33,2.014861e-08,1.406046e-08,1.998013e-08,1.405309e-08,78.23,80.31,7391.50,7588.44,36.89,38.09
2.81962,2,0.1489,0.094,0.074,5.408,5.636,0.9885,0.00906,269.63,54.68,0.5743215199999999,0.7293883304,2.33,2.012247e-08,1.403216e-08,1.997963e-08,1.403554e-08,78.04,79.98,7374.01,7557.22,36.78,37.90
2.81988,2,0.1489,0.094,0.074,5.408,5.636,0.9885,0.00906,269.63,54.68,0.5743204799999999,0.7293870095999999,2.33,2.008427e-08,1.40078e-08,1.996996e-08,1.403022e-08,78.09,80.01,7377.97,7559.89,36.81,37.91
2.82012,2,0.1489,0.094,0.074,5.408,5.636,0.9885,0.00906,269.63,54.68,0.57431952,0.7293857904,2.33,2.005287e-08,1.39795e-08,1.997184e-08,1.403566e-08,77.97,80.09,7366.83,7567.36,36.74,37.96
2.82037,2,0.1490,0.094,0.074,5.408,5.636,0.9885,0.00906,269.63,54.68,0.5743185199999999,0.7293845203999999,2.33,2.000362e-08,1.395774e-08,1.994909e-08,1.402365e-08,78.25,80.22,7393.76,7579.67,36.90,38.03
2.82063,2,0.1490,0.094,0.074,5.408,5.636,0.9885,0.00906,269.63,54.68,0.5743174799999999,0.7293831996,2.33,1.996889e-08,1.392853e-08,1.994458e-08,1.403163e-08,78.16,80.44,7385.03,7600.01,36.85,38.16
2.82088,2,0.1490,0.094,0.074,5.408,5.636,0.9885,0.00906,269.63,54.68,0.5743164799999999,0.7293819295999999,2.33,1.995165e-08,1.389726e-08,1.994922e-08,1.402272e-08,77.80,80.20,7351.38,7577.81,36.64,38.02
2.82112,2,0.1490,0.094,0.074,5.408,5.636,0.9885,0.00906,269.63,54.68,0.57431552,0.7293807104,2.33,1.991625e-08,1.387684e-08,1.995786e-08,1.402075e-08,77.88,80.05,7358.78,7563.21,36.69,37.93
2.82138,2,0.1491,0.094,0.074,5.408,5.636,0.9885,0.00906,269.63,54.68,0.57431448,0.7293793895999999,2.33,1.987229e-08,1.385029e-08,1.995538e-08,1.402039e-08,78.01,80.13,7370.88,7570.79,36.76,37.98
2.82163,2,0.1491,0.094,0.074,5.408,5.636,0.9885,0.00906,269.63,54.68,0.5743134799999999,0.7293781195999999,2.33,1.984337e-08,1.382189e-08,1.994478e-08,1.402175e-08,77.86,80.30,7356.40,7586.81,36.67,38.08
2.82187,2,0.1491,0.094,0.074,5.408,5.636,0.9885,0.00906,269.63,54.68,0.57431252,0.7293769004,2.33,1.981505e-08,1.380924e-08,1.995277e-08,1.401707e-08,77.99,80.10,7368.84,7568.09,36.75,37.96
2.82213,2,0.1491,0.094,0.074,5.408,5.636,0.9885,0.00906,269.63,54.68,0.57431148,0.7293755796,2.33,1.977756e-08,1.377532e-08,1.993667e-08,1.402979e-08,77.84,80.56,7355.12,7611.92,36.67,38.23
2.82238,2,0.1492,0.094,0.074,5.407,5.636,0.9885,0.00906,269.63,54.68,0.57431048,0.7293743095999999,2.33,1.975166e-08,1.374781e-08,1.994264e-08,1.402282e-08,77.72,80.40,7343.38,7596.60,36.60,38.13
2.82262,2,0.1492,0.094,0.074,5.407,5.636,0.9885,0.00907,269.63,54.68,0.5743095199999999,0.7293730903999999,2.33,1.971571e-08,1.372618e-08,1.992655e-08,1.402374e-08,77.78,80.64,7349.35,7618.99,36.63,38.27
2.82287,2,0.1492,0.094,0.074,5.407,5.636,0.9885,0.00907,269.63,54.68,0.57430852,0.7293718204,2.33,1.967947e-08,1.369931e-08,1.992477e-08,1.402823e-08,77.75,80.75,7346.46,7629.53,36.61,38.33
2.82313,2,0.1492,0.094,0.074,5.407,5.636,0.9885,0.00907,269.63,54.68,0.57430748,0.7293704996,2.33,1.966281e-08,1.36814e-08,1.992788e-08,1.402323e-08,77.63,80.61,7335.32,7616.34,36.55,38.25
2.82337,2,0.1493,0.094,0.074,5.407,5.636,0.9885,0.00907,269.63,54.68,0.5743065199999999,0.7293692803999999,2.33,1.964417e-08,1.365828e-08,1.992185e-08,1.400677e-08,77.50,80.43,7322.35,7599.07,36.47,38.15
2.82362,2,0.1493,0.094,0.074,5.407,5.636,0.9885,0.00907,269.63,54.68,0.57430552,0.7293680104,2.33,1.959726e-08,1.363975e-08,1.987837e-08,1.399735e-08,77.76,80.84,7347.25,7637.94,36.62,38.39
2.82388,2,0.1493,0.094,0.074,5.407,5.636,0.9885,0.00907,269.63,54.68,0.57430448,0.7293666896000001,2.33,1.958463e-08,1.362438e-08,1.989351e-08,1.399199e-08,77.64,80.53,7335.59,7608.49,36.55,38.21
2.82412,2,0.1493,0.094,0.074,5.407,5.636,0.9885,0.00907,269.63,54.68,0.57430352,0.7293654704,2.33,1.955751e-08,1.359827e-08,1.987173e-08,1.397498e-08,77.50,80.49,7322.78,7605.39,36.47,38.19
2.82437,2,0.1494,0.094,0.074,5.407,5.636,0.9885,0.00907,269.63,54.68,0.5743025199999999,0.7293642003999999,2.33,1.953172e-08,1.358182e-08,1.984755e-08,1.395932e-08,77.58,80.57,7330.30,7612.95,36.52,38.23
2.82463,2,0.1494,0.094,0.074,5.407,5.636,0.9885,0.00907,269.63,54.68,0.5743014799999999,0.7293628795999999,2.33,1.950768e-08,1.355558e-08,1.982806e-08,1.394452e-08,77.40,80.55,7313.44,7610.94,36.41,38.22
2.82488,2,0.1494,0.094,0.074,5.407,5.636,0.9885,0.00907,269.63,54.68,0.57430048,0.7293616096,2.33,1.94762e-08,1.353955e-08,1.978942e-08,1.3922e-08,77.51,80.64,7323.80,7619.53,36.48,38.27
2.82512,2,0.1494,0.094,0.074,5.407,5.636,0.9885,0.00907,269.63,54.68,0.57429952,0.7293603904,2.33,1.945186e-08,1.353808e-08,1.977584e-08,1.389606e-08,77.80,80.32,7351.32,7589.34,36.64,38.09
2.82538,2,0.1495,0.094,0.074,5.407,5.636,0.9885,0.00907,269.63,54.68,0.57429848,0.7293590696,2.33,1.943957e-08,1.352172e-08,1.974071e-08,1.386859e-08,77.71,80.32,7342.30,7589.29,36.59,38.09
2.82563,2,0.1495,0.094,0.074,5.407,5.636,0.9885,0.00907,269.63,54.68,0.5742974799999999,0.7293577995999999,2.33,1.941509e-08,1.350768e-08,1.96967e-08,1.38423e-08,77.77,80.41,7347.64,7597.84,36.62,38.14
2.82587,2,0.1495,0.094,0.074,5.407,5.636,0.9885,0.00907,269.63,54.68,0.57429652,0.7293565804,2.33,1.939341e-08,1.348175e-08,1.96767e-08,1.380729e-08,77.56,80.00,7328.26,7559.24,36.50,37.91
2.82613,2,0.1495,0.094,0.074,5.407,5.636,0.9885,0.00907,269.63,54.68,0.57429548,0.7293552595999999,2.33,1.936924e-08,1.346275e-08,1.966113e-08,1.37768e-08,77.52,79.63,7324.34,7523.42,36.48,37.69
2.82638,2,0.1496,0.094,0.074,5.407,5.636,0.9885,0.00907,269.63,54.68,0.5742944799999999,0.7293539896,2.33,1.935006e-08,1.344114e-08,1.960481e-08,1.374222e-08,77.41,79.77,7314.46,7537.40,36.42,37.77
2.82662,2,0.1496,0.094,0.074,5.407,5.636,0.9885,0.00907,269.63,54.68,0.57429352,0.7293527704,2.33,1.932532e-08,1.34351e-08,1.955365e-08,1.370667e-08,77.62,79.78,7334.38,7537.97,36.54,37.78
2.82687,2,0.1496,0.094,0.074,5.407,5.663,0.9885,0.00907,269.63,54.68,0.57429252,0.7293515004,2.33,1.929664e-08,1.341086e-08,1.950931e-08,1.368885e-08,77.54,80.04,7326.67,7562.47,36.47,37.90
2.82713,2,0.1496,0.094,0.074,5.407,5.663,0.9885,0.00907,269.63,54.68,0.57429148,0.7293501795999999,2.33,1.927068e-08,1.339657e-08,1.946997e-08,1.362993e-08,77.61,79.43,7333.41,7504.68,36.51,37.55
2.82737,2,0.1497,0.094,0.074,5.407,5.663,0.9885,0.00907,269.63,54.68,0.5742905199999999,0.7293489603999999,2.33,1.923446e-08,1.336172e-08,1.941573e-08,1.359941e-08,77.48,79.63,7320.92,7523.43,36.43,37.66
2.82762,2,0.1497,0.094,0.074,5.407,5.663,0.9885,0.00907,269.63,54.68,0.57428952,0.7293476904,2.33,1.9207e-08,1.33506e-08,1.936287e-08,1.356249e-08,77.63,79.63,7335.24,7523.63,36.52,37.66
2.82788,2,0.1497,0.094,0.074,5.407,5.663,0.9885,0.00907,269.63,54.68,0.57428848,0.7293463696,2.33,1.916654e-08,1.332615e-08,1.930522e-08,1.352232e-08,77.70,79.63,7341.88,7524.02,36.56,37.66
2.82812,2,0.1497,0.094,0.074,5.407,5.663,0.9885,0.00907,269.63,54.68,0.5742875199999999,0.7293451503999999,2.33,1.914407e-08,1.330079e-08,1.926607e-08,1.347554e-08,77.52,79.25,7324.28,7488.11,36.45,37.45
2.82837,2,0.1498,0.094,0.074,5.407,5.663,0.9885,0.00907,269.63,54.68,0.5742865199999999,0.7293438803999999,2.33,1.91176e-08,1.327927e-08,1.91968e-08,1.343347e-08,77.51,79.43,7323.52,7504.97,36.45,37.55
2.82863,2,0.1498,0.094,0.074,5.407,5.663,0.9885,0.00907,269.63,54.68,0.5742854799999999,0.7293425595999999,2.33,1.907537e-08,1.326396e-08,1.913408e-08,1.338685e-08,77.78,79.38,7348.96,7499.87,36.60,37.52
2.82888,2,0.1498,0.094,0.074,5.407,5.663,0.9885,0.00907,269.63,54.68,0.57428448,0.7293412896,2.33,1.903834e-08,1.322653e-08,1.908483e-08,1.33413e-08,77.55,79.16,7327.72,7479.17,36.47,37.39
2.82912,2,0.1498,0.094,0.074,5.407,5.663,0.9885,0.00907,269.63,54.68,0.5742835199999999,0.7293400703999999,2.33,1.896519e-08,1.319664e-08,1.902954e-08,1.329846e-08,77.96,79.07,7365.99,7471.35,36.70,37.34
2.82938,2,0.1499,0.094,0.074,5.406,5.663,0.9885,0.00907,269.63,54.68,0.5742824799999999,0.7293387495999999,2.33,1.89455e-08,1.316849e-08,1.895724e-08,1.325247e-08,77.73,79.22,7344.41,7484.84,36.57,37.43
2.82963,2,0.1499,0.094,0.074,5.406,5.663,0.9885,0.00907,269.63,54.68,0.57428148,0.7293374796000001,2.33,1.888564e-08,1.313213e-08,1.890049e-08,1.321826e-08,77.83,79.33,7354.04,7495.13,36.63,37.49
2.82987,2,0.1499,0.093,0.074,5.406,5.663,0.9885,0.00907,269.63,54.68,0.57428052,0.7293362604,2.33,1.885246e-08,1.309954e-08,1.88314e-08,1.317034e-08,77.65,79.33,7336.33,7495.67,36.52,37.49
2.83012,2,0.1499,0.093,0.074,5.406,5.663,0.9885,0.00907,269.63,54.68,0.5742795199999999,0.7293349903999999,2.33,1.879079e-08,1.306841e-08,1.877117e-08,1.312117e-08,77.87,79.19,7357.95,7482.30,36.65,37.41
2.83038,2,0.1500,0.093,0.074,5.406,5.663,0.9885,0.00907,269.63,54.68,0.5742784799999999,0.7293336695999999,2.33,1.874819e-08,1.302324e-08,1.872432e-08,1.30803e-08,77.62,79.08,7334.12,7471.88,36.51,37.35
2.83062,2,0.1500,0.093,0.074,5.406,5.663,0.9885,0.00907,269.63,54.68,0.57427752,0.7293324503999999,2.33,1.868201e-08,1.299429e-08,1.865414e-08,1.303475e-08,77.96,79.15,7365.71,7478.49,36.70,37.39
2.83087,2,0.1500,0.093,0.074,5.406,5.663,0.9885,0.00907,269.63,54.68,0.57427652,0.7293311804,2.33,1.86319e-08,1.294579e-08,1.860202e-08,1.300601e-08,77.69,79.31,7340.30,7493.18,36.55,37.48
2.83113,2,0.1500,0.093,0.074,5.406,5.663,0.9885,0.00907,269.64,54.68,0.57427548,0.7293298596,2.33,1.857272e-08,1.291224e-08,1.853518e-08,1.295786e-08,77.84,79.28,7354.43,7490.46,36.63,37.46
2.83137,2,0.1501,0.093,0.074,5.406,5.663,0.9885,0.00907,269.64,54.68,0.57427452,0.7293286404,2.33,1.850934e-08,1.286617e-08,1.849516e-08,1.291886e-08,77.85,79.11,7355.56,7474.25,36.64,37.36
2.83162,2,0.1501,0.093,0.074,5.406,5.663,0.9885,0.00907,269.64,54.68,0.57427352,0.7293273704,2.33,1.845133e-08,1.282483e-08,1.843963e-08,1.287973e-08,77.83,79.10,7353.65,7473.60,36.63,37.36
2.83188,2,0.1501,0.093,0.074,5.406,5.663,0.9885,0.00907,269.64,54.68,0.57427248,0.7293260496,2.33,1.839045e-08,1.277344e-08,1.838012e-08,1.283646e-08,77.65,79.06,7336.56,7470.31,36.52,37.34
2.83213,2,0.1501,0.093,0.074,5.406,5.663,0.9885,0.00907,269.64,54.68,0.57427148,0.7293247796,2.33,1.832178e-08,1.272206e-08,1.833728e-08,1.28079e-08,77.57,79.09,7329.61,7472.94,36.48,37.35
2.83237,2,0.1502,0.093,0.074,5.406,5.663,0.9885,0.00907,269.64,54.68,0.57427052,0.7293235604,2.33,1.825131e-08,1.268406e-08,1.828291e-08,1.276624e-08,77.85,79.07,7355.23,7470.76,36.64,37.34
2.83263,2,0.1502,0.093,0.074,5.406,5.663,0.9885,0.00907,269.64,54.68,0.57426948,0.7293222396,2.33,1.81735e-08,1.263542e-08,1.824218e-08,1.274009e-08,77.96,79.12,7365.62,7475.21,36.70,37.37
2.83288,2,0.1502,0.093,0.073,5.406,5.663,0.9885,0.00907,269.64,54.68,0.57426848,0.7293209695999999,2.33,1.810403e-08,1.258534e-08,1.819967e-08,1.270513e-08,77.92,79.01,7362.42,7465.16,36.68,37.31
2.83312,2,0.1502,0.093,0.073,5.406,5.663,0.9885,0.00907,269.64,54.68,0.5742675199999999,0.7293197503999999,2.33,1.801382e-08,1.25273e-08,1.815574e-08,1.267866e-08,78.02,79.10,7371.44,7473.36,36.74,37.36
2.83338,2,0.1503,0.093,0.073,5.406,5.663,0.9885,0.00907,269.64,54.68,0.5742664799999999,0.7293184295999999,2.33,1.795153e-08,1.24708e-08,1.811293e-08,1.264534e-08,77.80,79.08,7350.83,7471.62,36.61,37.35
2.83363,2,0.1503,0.093,0.073,5.406,5.663,0.9885,0.00907,269.64,54.68,0.57426548,0.7293171596,2.33,1.787248e-08,1.24307e-08,1.806372e-08,1.261586e-08,78.10,79.18,7379.64,7481.20,36.79,37.40
2.83387,2,0.1503,0.093,0.073,5.406,5.663,0.9885,0.00907,269.64,54.68,0.57426452,0.7293159403999999,2.33,1.780485e-08,1.238594e-08,1.802456e-08,1.259167e-08,78.15,79.24,7384.10,7487.43,36.81,37.44
2.83412,2,0.1503,0.093,0.073,5.406,5.663,0.9885,0.00907,269.64,54.68,0.5742635199999999,0.7293146703999999,2.33,1.772508e-08,1.233861e-08,1.799475e-08,1.255736e-08,78.32,78.96,7400.18,7460.85,36.91,37.28
2.83438,2,0.1504,0.093,0.073,5.406,5.663,0.9885,0.00907,269.64,54.68,0.5742624799999999,0.7293133495999999,2.33,1.766193e-08,1.227667e-08,1.795769e-08,1.253469e-08,78.00,79.08,7369.59,7472.11,36.72,37.35
2.83462,2,0.1504,0.093,0.073,5.406,5.663,0.9885,0.00907,269.64,54.68,0.57426152,0.7293121304,2.33,1.757872e-08,1.223787e-08,1.791411e-08,1.250616e-08,78.40,79.12,7407.38,7475.85,36.95,37.37
2.83487,2,0.1504,0.093,0.073,5.406,5.663,0.9885,0.00907,269.64,54.68,0.5742605199999999,0.7293108603999999,2.33,1.749565e-08,1.218731e-08,1.789889e-08,1.248771e-08,78.55,78.96,7421.95,7460.36,37.04,37.28
2.83513,2,0.1504,0.093,0.073,5.406,5.663,0.9885,0.00907,269.64,54.68,0.5742594799999999,0.7293095395999999,2.33,1.740996e-08,1.213966e-08,1.785255e-08,1.246346e-08,78.81,79.13,7446.30,7476.40,37.19,37.37
2.83537,2,0.1505,0.093,0.073,5.406,5.663,0.9885,0.00907,269.64,54.68,0.57425852,0.7293083204,2.33,1.734029e-08,1.209293e-08,1.782238e-08,1.244139e-08,78.90,79.16,7455.01,7479.36,37.24,37.39
2.83562,2,0.1505,0.093,0.073,5.406,5.663,0.9885,0.00907,269.64,54.68,0.57425752,0.7293070504,2.33,1.728259e-08,1.204011e-08,1.778606e-08,1.241344e-08,78.63,79.10,7429.36,7474.18,37.09,37.36
2.83588,2,0.1505,0.093,0.073,5.406,5.663,0.9885,0.00907,269.64,54.68,0.57425648,0.7293057296,2.33,1.720542e-08,1.199132e-08,1.774317e-08,1.240264e-08,78.74,79.51,7439.53,7512.55,37.15,37.59
2.83613,2,0.1505,0.093,0.073,5.406,5.663,0.9885,0.00907,269.64,54.68,0.5742554799999999,0.7293044595999999,2.33,1.710777e-08,1.194887e-08,1.771879e-08,1.237774e-08,79.30,79.34,7492.51,7496.74,37.47,37.50
2.83637,2,0.1506,0.093,0.073,5.405,5.663,0.9885,0.00907,269.64,54.68,0.57425452,0.7293032404,2.33,1.705471e-08,1.190452e-08,1.769283e-08,1.23551e-08,79.19,79.30,7482.29,7492.65,37.41,37.47
2.83663,2,0.1506,0.093,0.073,5.405,5.663,0.9885,0.00907,269.64,54.68,0.57425348,0.7293019196,2.33,1.698664e-08,1.187178e-08,1.765404e-08,1.234141e-08,79.52,79.59,7513.25,7519.71,37.60,37.64
2.83688,2,0.1506,0.093,0.073,5.405,5.663,0.9885,0.00907,269.64,54.68,0.57425248,0.7293006496,2.33,1.692449e-08,1.181461e-08,1.762832e-08,1.231498e-08,79.21,79.41,7484.36,7502.60,37.42,37.53
2.83712,2,0.1506,0.093,0.073,5.405,5.663,0.9885,0.00907,269.64,54.68,0.5742515199999999,0.7292994303999999,2.33,1.683371e-08,1.178107e-08,1.76041e-08,1.229347e-08,79.88,79.31,7547.66,7493.32,37.81,37.48
2.83738,2,0.1507,0.093,0.073,5.405,5.663,0.9885,0.00907,269.64,54.68,0.57425048,0.7292981096,2.33,1.676286e-08,1.173946e-08,1.757589e-08,1.227562e-08,80.12,79.40,7569.80,7502.04,37.94,37.53
2.83763,2,0.1507,0.093,0.073,5.405,5.663,0.9885,0.00907,269.64,54.68,0.57424948,0.7292968396,2.33,1.672299e-08,1.17027e-08,1.753444e-08,1.224358e-08,79.92,79.33,7550.77,7495.77,37.83,37.49
2.83787,2,0.1507,0.093,0.073,5.405,5.663,0.9885,0.00907,269.64,54.68,0.5742485199999999,0.7292956204,2.33,1.665479e-08,1.167033e-08,1.748556e-08,1.222081e-08,80.27,79.58,7584.01,7518.93,38.03,37.63
2.83812,2,0.1507,0.093,0.073,5.405,5.663,0.9885,0.00907,269.64,54.68,0.57424752,0.7292943504,2.33,1.658309e-08,1.163793e-08,1.74733e-08,1.220336e-08,80.68,79.39,7623.06,7500.80,38.26,37.52
2.83838,2,0.1508,0.093,0.073,5.405,5.663,0.9885,0.00907,269.64,54.68,0.57424648,0.7292930296,2.33,1.653346e-08,1.1587e-08,1.742647e-08,1.218184e-08,80.36,79.68,7592.74,7528.70,38.08,37.69
2.83862,2,0.1508,0.093,0.073,5.405,5.663,0.9885,0.00907,269.64,54.68,0.57424552,0.7292918103999999,2.33,1.646754e-08,1.155959e-08,1.738876e-08,1.21503e-08,80.80,79.57,7634.21,7518.05,38.33,37.63
2.83887,2,0.1508,0.093,0.073,5.405,5.663,0.9885,0.00907,269.64,54.68,0.5742445199999999,0.7292905404,2.33,1.64149e-08,1.152373e-08,1.735586e-08,1.212852e-08,80.82,79.60,7636.64,7520.54,38.35,37.64
2.83913,2,0.1508,0.093,0.073,5.405,5.663,0.9885,0.00907,269.64,54.68,0.5742434799999999,0.7292892195999999,2.33,1.635169e-08,1.148932e-08,1.730778e-08,1.209947e-08,81.06,79.69,7658.93,7529.94,38.48,37.70
2.83937,2,0.1509,0.093,0.073,5.405,5.663,0.9885,0.00907,269.64,54.68,0.57424252,0.7292880004,2.33,1.630514e-08,1.146e-08,1.727115e-08,1.206923e-08,81.19,79.65,7671.64,7525.33,38.56,37.67
2.83962,2,0.1509,0.093,0.073,5.405,5.663,0.9885,0.00907,269.64,54.68,0.57424152,0.7292867303999999,2.33,1.625462e-08,1.142371e-08,1.721781e-08,1.205414e-08,81.18,80.14,7669.87,7571.60,38.55,37.95
2.83988,2,0.1509,0.093,0.073,5.405,5.663,0.9885,0.00907,269.64,54.68,0.5742404799999999,0.7292854096,2.33,1.62071e-08,1.138645e-08,1.718037e-08,1.201378e-08,81.08,79.82,7661.12,7541.98,38.50,37.77
2.84013,2,0.1509,0.093,0.073,5.405,5.663,0.9885,0.00907,269.64,54.68,0.5742394799999999,0.7292841395999999,2.33,1.614667e-08,1.137093e-08,1.712115e-08,1.198627e-08,81.73,80.13,7722.63,7571.18,38.87,37.95
2.84037,2,0.1510,0.093,0.073,5.405,5.663,0.9885,0.00907,269.64,54.68,0.57423852,0.7292829204,2.33,1.610558e-08,1.133832e-08,1.708833e-08,1.194276e-08,81.70,79.73,7719.29,7533.01,38.85,37.72
2.84063,2,0.1510,0.093,0.073,5.405,5.663,0.9885,0.00907,269.64,54.68,0.57423748,0.7292815995999999,2.33,1.606573e-08,1.130836e-08,1.703158e-08,1.191363e-08,81.65,79.96,7714.89,7555.19,38.82,37.85
2.84088,2,0.1510,0.093,0.073,5.405,5.663,0.9885,0.00907,269.64,54.68,0.5742364799999999,0.7292803295999999,2.33,1.602469e-08,1.127866e-08,1.697803e-08,1.187994e-08,81.63,80.05,7713.02,7563.17,38.81,37.90
2.84112,2,0.1510,0.092,0.073,5.405,5.663,0.9885,0.00907,269.64,54.68,0.57423552,0.7292791104,2.33,1.597283e-08,1.124789e-08,1.692736e-08,1.184127e-08,81.77,79.97,7726.08,7556.12,38.89,37.86
2.84138,2,0.1511,0.092,0.073,5.405,5.663,0.9885,0.00907,269.64,54.68,0.57423448,0.7292777896,2.33,1.592288e-08,1.121114e-08,1.687141e-08,1.181114e-08,81.79,80.23,7727.53,7580.36,38.90,38.00
2.84163,2,0.1511,0.092,0.073,5.405,5.663,0.9885,0.00907,269.64,54.68,0.57423348,0.7292765196,2.33,1.589337e-08,1.119107e-08,1.681986e-08,1.177183e-08,81.80,80.16,7729.18,7573.45,38.91,37.96
2.84187,2,0.1511,0.092,0.073,5.405,5.663,0.9885,0.00907,269.64,54.68,0.5742325199999999,0.7292753003999999,2.33,1.584802e-08,1.116074e-08,1.676361e-08,1.173901e-08,81.84,80.30,7732.93,7587.56,38.93,38.05
2.84212,2,0.1511,0.092,0.073,5.405,5.663,0.9885,0.00907,269.64,54.68,0.57423152,0.7292740304,2.33,1.580108e-08,1.113581e-08,1.670602e-08,1.169701e-08,82.05,80.27,7752.06,7583.94,39.05,38.03
2.84238,2,0.1512,0.092,0.073,5.404,5.663,0.9885,0.00907,269.64,54.68,0.57423048,0.7292727096,2.33,1.576268e-08,1.111271e-08,1.665324e-08,1.166443e-08,82.20,80.42,7766.56,7598.46,39.14,38.11
2.84262,2,0.1512,0.092,0.073,5.404,5.663,0.9885,0.00907,269.64,54.68,0.5742295199999999,0.7292714903999999,2.33,1.57243e-08,1.107483e-08,1.659152e-08,1.161904e-08,81.93,80.37,7740.92,7593.75,38.98,38.08
2.84287,2,0.1512,0.092,0.073,5.404,5.663,0.9885,0.00907,269.64,54.68,0.5742285199999999,0.7292702203999999,2.33,1.568915e-08,1.104595e-08,1.654518e-08,1.158312e-08,81.82,80.29,7731.16,7586.17,38.92,38.04
2.84313,2,0.1512,0.092,0.073,5.405,5.663,0.9885,0.00907,269.64,54.68,0.57422748,0.7292688996000001,2.33,1.563921e-08,1.101624e-08,1.648426e-08,1.154953e-08,81.96,80.50,7744.11,7606.07,39.00,38.16
2.84337,2,0.1513,0.092,0.073,5.404,5.663,0.9885,0.00907,269.64,54.68,0.57422652,0.7292676804,2.33,1.561723e-08,1.099288e-08,1.641046e-08,1.150616e-08,81.82,80.75,7730.49,7629.56,38.92,38.30
2.84362,2,0.1513,0.092,0.073,5.404,5.663,0.9885,0.00907,269.64,54.68,0.5742255199999999,0.7292664104,2.33,1.557402e-08,1.096729e-08,1.635683e-08,1.145906e-08,81.94,80.53,7741.99,7608.46,38.99,38.17
2.84388,2,0.1513,0.092,0.073,5.404,5.663,0.9885,0.00907,269.64,54.68,0.5742244799999999,0.7292650895999999,2.33,1.553541e-08,1.094236e-08,1.630132e-08,1.142779e-08,82.00,80.71,7747.40,7625.44,39.02,38.28
2.84413,2,0.1513,0.092,0.073,5.404,5.663,0.9885,0.00907,269.64,54.68,0.57422348,0.7292638196,2.33,1.548731e-08,1.090711e-08,1.623152e-08,1.138771e-08,81.96,80.92,7744.11,7645.32,39.00,38.40
2.84437,2,0.1514,0.092,0.073,5.404,5.663,0.9885,0.00907,269.64,54.68,0.57422252,0.7292626003999999,2.33,1.54636e-08,1.087808e-08,1.618828e-08,1.134945e-08,81.70,80.78,7719.63,7632.51,38.85,38.32
2.84463,2,0.1514,0.092,0.073,5.404,5.663,0.9885,0.00907,269.64,54.68,0.57422148,0.7292612796,2.33,1.543064e-08,1.085459e-08,1.611893e-08,1.130165e-08,81.69,80.80,7718.90,7634.36,38.84,38.33
2.84488,2,0.1514,0.092,0.073,5.404,5.663,0.9885,0.00907,269.64,54.68,0.5742204799999999,0.7292600095999999,2.33,1.539251e-08,1.083093e-08,1.606922e-08,1.125949e-08,81.77,80.62,7726.51,7617.82,38.89,38.23
2.84512,2,0.1514,0.092,0.073,5.404,5.663,0.9885,0.00907,269.64,54.68,0.57421952,0.7292587904,2.33,1.535468e-08,1.080128e-08,1.599831e-08,1.121874e-08,81.70,80.84,7719.20,7638.15,38.85,38.35
2.84538,2,0.1515,0.092,0.073,5.404,5.663,0.9885,0.00907,269.64,54.68,0.57421848,0.7292574695999999,2.33,1.531194e-08,1.078172e-08,1.593796e-08,1.11788e-08,82.02,80.95,7749.76,7648.64,39.03,38.42
2.84563,2,0.1515,0.092,0.073,5.404,5.663,0.9885,0.00907,269.64,54.68,0.57421748,0.7292561996,2.33,1.527392e-08,1.075245e-08,1.588703e-08,1.113963e-08,81.96,80.87,7743.68,7640.72,38.99,38.37
2.84587,2,0.1515,0.092,0.073,5.404,5.663,0.9885,0.00907,269.64,54.68,0.57421652,0.7292549804,2.33,1.523348e-08,1.071833e-08,1.583773e-08,1.110374e-08,81.81,80.83,7729.91,7637.68,38.91,38.35
2.84612,2,0.1515,0.092,0.073,5.404,5.663,0.9885,0.00907,269.64,54.68,0.57421552,0.7292537104,2.33,1.518903e-08,1.070013e-08,1.578125e-08,1.105693e-08,82.15,80.66,7761.91,7621.05,39.11,38.25
2.84638,2,0.1516,0.092,0.073,5.404,5.663,0.9885,0.00907,269.64,54.68,0.57421448,0.7292523895999999,2.33,1.515319e-08,1.065971e-08,1.57236e-08,1.102412e-08,81.81,80.90,7729.80,7643.64,38.91,38.39
2.84662,2,0.1516,0.092,0.073,5.404,5.663,0.9885,0.00907,269.64,54.68,0.5742135199999999,0.7292511703999999,2.33,1.511945e-08,1.064913e-08,1.567003e-08,1.099183e-08,82.15,81.03,7762.14,7655.92,39.11,38.46
2.84687,2,0.1516,0.092,0.073,5.404,5.663,0.9885,0.00907,269.64,54.68,0.57421252,0.7292499004,2.33,1.50742e-08,1.061696e-08,1.562815e-08,1.095381e-08,82.14,80.81,7761.40,7635.73,39.10,38.34
2.84713,2,0.1516,0.092,0.073,5.404,5.663,0.9885,0.00907,269.64,54.68,0.57421148,0.7292485796,2.33,1.50361e-08,1.058698e-08,1.557482e-08,1.092734e-08,82.06,81.08,7753.61,7661.31,39.05,38.49
2.84737,2,0.1517,0.092,0.073,5.404,5.663,0.9885,0.00907,269.64,54.68,0.57421052,0.7292473603999999,2.33,1.499647e-08,1.056166e-08,1.553824e-08,1.089267e-08,82.18,80.91,7765.14,7645.18,39.12,38.40
2.84762,2,0.1517,0.092,0.072,5.404,5.663,0.9885,0.00907,269.64,54.68,0.5742095199999999,0.7292460903999999,2.33,1.496509e-08,1.053777e-08,1.54812e-08,1.086099e-08,82.14,81.12,7760.91,7665.00,39.10,38.52
2.84788,2,0.1517,0.092,0.072,5.404,5.663,0.9885,0.00907,269.64,54.68,0.5742084799999999,0.7292447695999998,2.33,1.492012e-08,1.051318e-08,1.54553e-08,1.084491e-08,82.33,81.18,7778.60,7669.96,39.21,38.55
2.84813,2,0.1517,0.092,0.072,5.404,5.663,0.9885,0.00907,269.64,54.68,0.57420748,0.7292434996,2.33,1.48783e-08,1.049281e-08,1.540094e-08,1.081741e-08,82.57,81.45,7801.51,7695.34,39.35,38.70
2.84837,2,0.1517,0.092,0.072,5.404,5.663,0.9885,0.00907,269.64,54.68,0.5742065199999999,0.7292422803999999,2.33,1.483698e-08,1.045528e-08,1.537751e-08,1.0788e-08,82.34,81.12,7780.33,7664.42,39.22,38.51
2.84863,2,0.1518,0.092,0.072,5.404,5.663,0.9885,0.00907,269.64,54.68,0.5742054799999999,0.7292409595999999,2.33,1.479575e-08,1.043421e-08,1.533999e-08,1.076511e-08,82.61,81.26,7805.67,7677.67,39.37,38.59
2.84888,2,0.1518,0.092,0.072,5.404,5.663,0.9885,0.00907,269.64,54.68,0.5742044799999999,0.7292396895999999,2.33,1.475323e-08,1.041685e-08,1.532104e-08,1.074865e-08,82.95,81.18,7837.90,7670.11,39.57,38.55
2.84912,2,0.1518,0.092,0.072,5.404,5.663,0.9885,0.00907,269.64,54.68,0.57420352,0.7292384704,2.33,1.472144e-08,1.038906e-08,1.527872e-08,1.072754e-08,82.81,81.40,7824.21,7690.72,39.48,38.67
2.84938,2,0.1519,0.092,0.072,5.403,5.663,0.9885,0.00907,269.64,54.68,0.57420248,0.7292371496,2.33,1.467141e-08,1.036818e-08,1.525243e-08,1.071054e-08,83.26,81.49,7866.55,7699.30,39.74,38.73
2.84963,2,0.1519,0.092,0.072,5.403,5.663,0.9885,0.00907,269.64,54.68,0.5742014799999999,0.7292358795999999,2.33,1.463427e-08,1.033826e-08,1.523152e-08,1.070261e-08,83.16,81.66,7857.04,7715.65,39.68,38.82
2.84987,2,0.1519,0.092,0.072,5.403,5.663,0.9885,0.00907,269.64,54.68,0.57420052,0.7292346604,2.33,1.45949e-08,1.031849e-08,1.52109e-08,1.068918e-08,83.38,81.69,7877.95,7718.22,39.81,38.84
2.85012,2,0.1519,0.092,0.072,5.403,5.663,0.9885,0.00907,269.64,54.68,0.57419952,0.7292333904,2.33,1.456654e-08,1.028877e-08,1.519288e-08,1.068636e-08,83.11,81.94,7852.77,7742.21,39.66,38.99
2.85038,2,0.1519,0.092,0.072,5.403,5.663,0.9885,0.00907,269.64,54.68,0.57419848,0.7292320696,2.33,1.452371e-08,1.026223e-08,1.517492e-08,1.067106e-08,83.21,81.87,7862.45,7735.69,39.72,38.95
2.85062,2,0.1520,0.092,0.072,5.403,5.663,0.9885,0.00907,269.64,54.68,0.5741975199999999,0.7292308503999999,2.33,1.447843e-08,1.024136e-08,1.51627e-08,1.066522e-08,83.58,82.00,7896.86,7747.52,39.93,39.02
2.85087,2,0.1520,0.092,0.072,5.403,5.663,0.9885,0.00907,269.64,54.68,0.57419652,0.7292295804,2.33,1.444876e-08,1.021827e-08,1.513998e-08,1.065589e-08,83.52,82.17,7891.31,7763.86,39.89,39.12
2.85113,2,0.1520,0.092,0.072,5.403,5.663,0.9885,0.00907,269.64,54.68,0.57419548,0.7292282596,2.33,1.441538e-08,1.019433e-08,1.513278e-08,1.065589e-08,83.51,82.30,7890.43,7776.35,39.89,39.19
2.85137,2,0.1520,0.092,0.072,5.403,5.663,0.9885,0.00907,269.64,54.68,0.5741945199999999,0.7292270404,2.33,1.436398e-08,1.017009e-08,1.511266e-08,1.063724e-08,83.85,82.19,7922.64,7765.28,40.08,39.13
2.85162,2,0.1521,0.092,0.072,5.403,5.663,0.9885,0.00907,269.64,54.68,0.57419352,0.7292257704,2.33,1.432545e-08,1.01387e-08,1.510145e-08,1.06272e-08,83.79,82.18,7916.86,7765.09,40.05,39.12
2.85188,2,0.1521,0.092,0.072,5.403,5.663,0.9885,0.00907,269.64,54.68,0.57419248,0.7292244496,2.33,1.429259e-08,1.011261e-08,1.509632e-08,1.062726e-08,83.71,82.28,7909.28,7774.15,40.00,39.18
2.85213,2,0.1521,0.092,0.072,5.403,5.663,0.9885,0.00907,269.64,54.68,0.57419148,0.7292231795999999,2.33,1.425672e-08,1.009238e-08,1.507916e-08,1.063091e-08,83.86,82.69,7923.10,7813.20,40.08,39.42
2.85237,2,0.1521,0.091,0.072,5.403,5.663,0.9885,0.00907,269.64,54.68,0.5741905199999999,0.7292219603999999,2.33,1.423034e-08,1.006236e-08,1.506852e-08,1.061361e-08,83.53,82.43,7892.41,7788.60,39.90,39.27
2.85263,2,0.1522,0.091,0.072,5.403,5.663,0.9885,0.00907,269.64,54.68,0.5741894799999999,0.7292206395999999,2.33,1.419132e-08,1.005652e-08,1.505729e-08,1.061899e-08,84.21,82.84,7956.35,7826.85,40.29,39.50
2.85288,2,0.1522,0.091,0.072,5.403,5.663,0.9885,0.00907,269.64,54.68,0.57418848,0.7292193696,2.33,1.416291e-08,1.00235e-08,1.504618e-08,1.061137e-08,83.84,82.84,7921.39,7827.39,40.07,39.50
2.85312,2,0.1522,0.091,0.072,5.403,5.663,0.9885,0.00907,269.64,54.68,0.57418752,0.7292181503999999,2.33,1.412445e-08,1.000914e-08,1.5041e-08,1.059691e-08,84.21,82.56,7956.36,7800.40,40.29,39.34
2.85338,2,0.1522,0.091,0.072,5.403,5.663,0.9885,0.00907,269.65,54.68,0.5741864799999999,0.7292168295999999,2.33,1.407859e-08,9.987808e-09,1.502722e-08,1.05928e-08,84.53,82.70,7987.01,7814.38,40.47,39.42
2.85363,2,0.1523,0.091,0.072,5.403,5.663,0.9885,0.00907,269.65,54.68,0.5741854799999999,0.7292155596,2.33,1.406107e-08,9.962103e-09,1.500549e-08,1.058543e-08,84.20,82.97,7955.77,7839.45,40.28,39.58
2.85387,2,0.1523,0.091,0.072,5.403,5.663,0.9885,0.00907,269.65,54.68,0.57418452,0.7292143404,2.33,1.40272e-08,9.946439e-09,1.500646e-08,1.058436e-08,84.44,82.92,7978.70,7835.05,40.42,39.55
2.85412,2,0.1523,0.091,0.072,5.403,5.663,0.9885,0.00907,269.65,54.68,0.57418352,0.7292130703999999,2.33,1.399543e-08,9.92559e-09,1.498326e-08,1.05693e-08,84.49,82.96,7983.34,7838.33,40.45,39.57
2.85438,2,0.1523,0.091,0.072,5.403,5.663,0.9885,0.00907,269.65,54.68,0.5741824799999999,0.7292117495999999,2.33,1.397307e-08,9.906145e-09,1.49712e-08,1.056661e-08,84.39,83.11,7973.41,7853.00,40.39,39.66
2.85462,2,0.1524,0.091,0.072,5.403,5.663,0.9885,0.00907,269.65,54.68,0.57418152,0.7292105304000001,2.33,1.393397e-08,9.881108e-09,1.494643e-08,1.055499e-08,84.52,83.33,7986.09,7873.02,40.47,39.78
2.85487,2,0.1524,0.091,0.072,5.403,5.663,0.9885,0.00907,269.65,54.68,0.57418052,0.7292092604,2.33,1.390955e-08,9.866793e-09,1.494204e-08,1.054563e-08,84.61,83.16,7994.45,7857.15,40.52,39.68
2.85513,2,0.1524,0.091,0.072,5.403,5.663,0.9885,0.00908,269.65,54.68,0.57417948,0.7292079396,2.33,1.388976e-08,9.848798e-09,1.491662e-08,1.053018e-08,84.49,83.22,7983.42,7863.47,40.45,39.72
2.85537,2,0.1524,0.091,0.072,5.403,5.663,0.9885,0.00908,269.65,54.68,0.5741785199999999,0.7292067203999999,2.33,1.385182e-08,9.8325e-09,1.4895e-08,1.052334e-08,84.81,83.45,8013.12,7884.93,40.63,39.85
2.85562,2,0.1525,0.091,0.072,5.403,5.663,0.9885,0.00908,269.65,54.68,0.57417752,0.7292054504,2.33,1.381891e-08,9.814433e-09,1.488883e-08,1.051421e-08,85.02,83.38,8033.31,7877.92,40.75,39.81
2.85588,2,0.1525,0.091,0.072,5.403,5.663,0.9885,0.00908,269.65,54.68,0.57417648,0.7292041296,2.33,1.380016e-08,9.797849e-09,1.485674e-08,1.049863e-08,84.92,83.57,8024.08,7896.04,40.70,39.92
2.85613,2,0.1525,0.091,0.072,5.403,5.663,0.9885,0.00908,269.65,54.68,0.57417548,0.7292028596,2.33,1.376812e-08,9.781732e-09,1.484205e-08,1.04794e-08,85.12,83.33,8042.88,7873.38,40.81,39.78
2.85637,2,0.1526,0.091,0.072,5.402,5.663,0.9885,0.00908,269.65,54.68,0.5741745199999999,0.7292016403999999,2.33,1.372443e-08,9.7631e-09,1.481304e-08,1.046781e-08,85.55,83.63,8083.63,7901.38,41.06,39.95
2.85663,2,0.1526,0.091,0.072,5.402,5.663,0.9885,0.00908,269.65,54.68,0.57417348,0.7292003196,2.33,1.370987e-08,9.750813e-09,1.480378e-08,1.04466e-08,85.50,83.23,8078.09,7863.74,41.02,39.72
2.85688,2,0.1526,0.091,0.072,5.402,5.663,0.9885,0.00908,269.65,54.68,0.57417248,0.7291990496,2.33,1.368438e-08,9.730966e-09,1.477706e-08,1.043839e-08,85.44,83.52,8073.16,7891.08,40.99,39.89
2.85712,2,0.1526,0.091,0.072,5.402,5.663,0.9885,0.00908,269.65,54.68,0.5741715199999999,0.7291978304,2.33,1.365808e-08,9.717981e-09,1.473034e-08,1.042205e-08,85.62,83.97,8089.63,7934.29,41.09,40.15
2.85738,2,0.1527,0.091,0.072,5.402,5.663,0.9885,0.00908,269.65,54.68,0.5741704799999999,0.7291965095999999,2.33,1.36286e-08,9.715722e-09,1.470732e-08,1.040646e-08,86.25,84.05,8149.35,7941.30,41.46,40.19
2.85763,2,0.1527,0.091,0.072,5.402,5.663,0.9885,0.00908,269.65,54.68,0.57416948,0.7291952396,2.33,1.360387e-08,9.704601e-09,1.468244e-08,1.03871e-08,86.45,84.00,8168.43,7936.72,41.57,40.17
2.85787,2,0.1527,0.091,0.072,5.402,5.663,0.9885,0.00908,269.65,54.68,0.57416852,0.7291940203999999,2.33,1.357209e-08,9.689687e-09,1.464987e-08,1.036318e-08,86.69,83.98,8191.31,7934.42,41.71,40.15
2.85812,2,0.1527,0.091,0.072,5.402,5.663,0.9885,0.00908,269.65,54.68,0.5741675199999999,0.7291927504,2.33,1.355825e-08,9.677664e-09,1.462918e-08,1.03387e-08,86.63,83.70,8184.97,7908.68,41.67,39.99
2.85838,2,0.1528,0.091,0.072,5.402,5.663,0.9885,0.00908,269.65,54.68,0.5741664799999999,0.7291914295999999,2.33,1.352208e-08,9.663983e-09,1.45807e-08,1.032066e-08,87.07,84.21,8226.43,7956.50,41.93,40.29
2.85862,2,0.1528,0.091,0.072,5.402,5.663,0.9885,0.00908,269.65,54.68,0.57416552,0.7291902104,2.33,1.349778e-08,9.666077e-09,1.455685e-08,1.030148e-08,87.68,84.14,8284.89,7950.43,42.28,40.25
2.85887,2,0.1528,0.091,0.072,5.402,5.663,0.9885,0.00908,269.65,54.68,0.57416452,0.7291889403999999,2.33,1.347965e-08,9.652062e-09,1.451871e-08,1.027785e-08,87.65,84.24,8281.77,7959.33,42.26,40.30
2.85913,2,0.1528,0.091,0.072,5.402,5.663,0.9885,0.00908,269.65,54.68,0.57416348,0.7291876195999999,2.33,1.346026e-08,9.648621e-09,1.448739e-08,1.02548e-08,87.99,84.21,8313.46,7957.00,42.45,40.29
2.85938,2,0.1529,0.091,0.072,5.402,5.663,0.9885,0.00908,269.65,54.68,0.5741624799999999,0.7291863496,2.33,1.344323e-08,9.636776e-09,1.445593e-08,1.023485e-08,88.06,84.33,8320.00,7968.38,42.49,40.36
2.85962,2,0.1529,0.091,0.072,5.402,5.663,0.9885,0.00908,269.65,54.68,0.57416152,0.7291851304,2.33,1.341785e-08,9.631914e-09,1.443156e-08,1.021472e-08,88.49,84.25,8360.87,7960.70,42.74,40.31
2.85988,2,0.1529,0.091,0.072,5.402,5.663,0.9885,0.00908,269.65,54.68,0.57416048,0.7291838096,2.33,1.340553e-08,9.627645e-09,1.439486e-08,1.018031e-08,88.64,84.02,8374.97,7938.20,42.83,40.17
2.86013,2,0.1529,0.091,0.072,5.402,5.663,0.9885,0.00908,269.65,54.68,0.5741594799999999,0.7291825395999999,2.33,1.339698e-08,9.613371e-09,1.43565e-08,1.01676e-08,88.37,84.42,8349.91,7976.84,42.68,40.41
2.86037,2,0.1530,0.091,0.072,5.402,5.663,0.9885,0.00908,269.65,54.68,0.57415852,0.7291813204,2.33,1.337595e-08,9.60946e-09,1.434253e-08,1.015245e-08,88.80,84.33,8389.93,7967.91,42.92,40.35
2.86063,2,0.1530,0.091,0.072,5.402,5.663,0.9885,0.00908,269.65,54.68,0.57415748,0.7291799996,2.33,1.335716e-08,9.606747e-09,1.431312e-08,1.012616e-08,89.15,84.17,8423.51,7953.20,43.12,40.26
2.86088,2,0.1530,0.091,0.072,5.402,5.663,0.9885,0.00908,269.65,54.68,0.57415648,0.7291787296,2.33,1.333632e-08,9.590467e-09,1.428633e-08,1.01058e-08,89.11,84.13,8419.47,7949.42,43.10,40.24
2.86112,2,0.1530,0.091,0.072,5.402,5.663,0.9885,0.00908,269.65,54.68,0.5741555199999999,0.7291775103999999,2.33,1.333103e-08,9.59441e-09,1.425189e-08,1.008408e-08,89.37,84.21,8443.75,7956.54,43.24,40.28
2.86137,2,0.1531,0.091,0.072,5.402,5.663,0.9885,0.00908,269.65,54.68,0.57415452,0.7291762404000001,2.33,1.332586e-08,9.586855e-09,1.422544e-08,1.006972e-08,89.30,84.39,8437.23,7973.53,43.21,40.39
2.86163,2,0.1531,0.091,0.072,5.402,5.663,0.9885,0.00908,269.65,54.68,0.57415348,0.7291749196,2.33,1.330947e-08,9.585658e-09,1.419368e-08,1.005921e-08,89.65,84.73,8470.59,8006.15,43.41,40.59
2.86187,2,0.1531,0.091,0.072,5.402,5.663,0.9885,0.00908,269.65,54.68,0.5741525199999999,0.7291737004,2.33,1.330048e-08,9.589082e-09,1.418432e-08,1.003666e-08,89.98,84.28,8501.96,7962.80,43.60,40.32
2.86212,2,0.1531,0.091,0.072,5.402,5.663,0.9885,0.00908,269.65,54.68,0.5741515199999999,0.7291724303999999,2.33,1.329158e-08,9.573347e-09,1.415578e-08,1.002494e-08,89.67,84.52,8472.41,7985.88,43.42,40.46
2.86238,2,0.1532,0.091,0.072,5.402,5.663,0.9885,0.00908,269.65,54.68,0.5741504799999999,0.7291711095999999,2.33,1.327918e-08,9.579451e-09,1.413572e-08,1.000643e-08,90.23,84.45,8525.77,7979.34,43.74,40.42
2.86262,2,0.1532,0.091,0.072,5.402,5.663,0.9885,0.00908,269.65,54.68,0.57414952,0.7291698904,2.33,1.327757e-08,9.56902e-09,1.411177e-08,9.991669e-09,89.92,84.51,8496.23,7985.34,43.56,40.46
2.86287,2,0.1532,0.091,0.071,5.402,5.663,0.9885,0.00908,269.65,54.68,0.5741485199999999,0.7291686204,2.33,1.328249e-08,9.569519e-09,1.409622e-08,9.984753e-09,89.82,84.64,8486.80,7996.79,43.51,40.53
2.86313,2,0.1532,0.091,0.071,5.402,5.663,0.9885,0.00908,269.65,54.68,0.5741474799999999,0.7291672995999999,2.33,1.327754e-08,9.57048e-09,1.408021e-08,9.972875e-09,89.97,84.62,8501.19,7995.32,43.59,40.52
2.86338,2,0.1533,0.091,0.071,5.401,5.663,0.9885,0.00908,269.65,54.68,0.57414648,0.7291660296,2.33,1.327482e-08,9.566874e-09,1.405707e-08,9.963371e-09,89.98,84.88,8501.50,8019.53,43.60,40.67
2.86362,2,0.1533,0.091,0.071,5.401,5.663,0.9885,0.00908,269.65,54.68,0.57414552,0.7291648103999999,2.33,1.328201e-08,9.574388e-09,1.404262e-08,9.947684e-09,90.06,84.72,8508.92,8004.49,43.64,40.58
2.86388,2,0.1533,0.090,0.071,5.401,5.663,0.9885,0.00908,269.65,54.68,0.57414448,0.7291634896,2.33,1.327701e-08,9.572139e-09,1.403036e-08,9.935495e-09,90.10,84.61,8512.99,7994.59,43.67,40.52
2.86413,2,0.1533,0.090,0.071,5.401,5.663,0.9885,0.00908,269.65,54.68,0.5741434799999999,0.7291622195999999,2.33,1.32743e-08,9.580989e-09,1.399311e-08,9.926781e-09,90.46,85.13,8547.53,8043.63,43.88,40.81
2.86437,2,0.1534,0.090,0.071,5.401,5.663,0.9885,0.00908,269.65,54.68,0.57414252,0.7291610004,2.33,1.32779e-08,9.577784e-09,1.399036e-08,9.924264e-09,90.33,85.17,8534.52,8047.30,43.80,40.84
2.86463,2,0.1534,0.090,0.071,5.401,5.663,0.9885,0.00908,269.65,54.68,0.57414148,0.7291596795999999,2.33,1.329665e-08,9.589753e-09,1.397075e-08,9.918891e-09,90.27,85.42,8529.55,8071.20,43.77,40.98
2.86488,2,0.1534,0.090,0.071,5.401,5.663,0.9885,0.00908,269.65,54.68,0.57414048,0.7291584096,2.33,1.330523e-08,9.597287e-09,1.396281e-08,9.907014e-09,90.32,85.24,8533.84,8053.71,43.79,40.87
2.86512,2,0.1534,0.090,0.071,5.401,5.663,0.9885,0.00908,269.65,54.68,0.5741395199999999,0.7291571903999999,2.33,1.330882e-08,9.608462e-09,1.394669e-08,9.905408e-09,90.61,85.53,8561.29,8081.32,43.96,41.04
2.86537,2,0.1535,0.090,0.071,5.401,5.663,0.9885,0.00908,269.65,54.68,0.57413852,0.7291559204,2.33,1.331713e-08,9.61348e-09,1.393915e-08,9.903225e-09,90.64,85.68,8563.73,8095.54,43.97,41.13
2.86563,2,0.1535,0.090,0.071,5.401,5.663,0.9885,0.00908,269.65,54.68,0.57413748,0.7291545996,2.33,1.332943e-08,9.630473e-09,1.393517e-08,9.896058e-09,90.91,85.55,8589.75,8083.30,44.13,41.05
2.86587,2,0.1535,0.090,0.071,5.401,5.663,0.9885,0.00908,269.65,54.68,0.5741365199999999,0.7291533803999999,2.33,1.334555e-08,9.637851e-09,1.391955e-08,9.89479e-09,90.77,85.85,8576.06,8111.08,44.05,41.22
2.86612,2,0.1535,0.090,0.071,5.401,5.663,0.9885,0.00908,269.65,54.68,0.57413552,0.7291521104,2.33,1.335987e-08,9.652572e-09,1.392503e-08,9.89481e-09,90.91,85.73,8590.09,8100.11,44.13,41.16
2.86638,2,0.1536,0.090,0.071,5.401,5.663,0.9885,0.00908,269.65,54.68,0.57413448,0.7291507896,2.33,1.339052e-08,9.666045e-09,1.392662e-08,9.897323e-09,90.68,85.83,8567.98,8109.30,44.00,41.21
2.86662,2,0.1536,0.090,0.071,5.401,5.663,0.9885,0.00908,269.65,54.68,0.57413352,0.7291495704,2.33,1.340842e-08,9.684106e-09,1.392295e-08,9.901151e-09,90.85,86.02,8584.36,8127.56,44.10,41.32
2.86687,2,0.1536,0.090,0.071,5.401,5.663,0.9885,0.00908,269.65,54.68,0.5741325199999999,0.7291483003999999,2.33,1.34253e-08,9.694077e-09,1.392004e-08,9.902183e-09,90.78,86.11,8577.29,8136.38,44.06,41.38
2.86713,2,0.1536,0.090,0.071,5.401,5.663,0.9885,0.00908,269.65,54.68,0.5741314799999999,0.7291469795999999,2.33,1.344878e-08,9.717998e-09,1.393926e-08,9.9133e-09,91.01,86.04,8599.47,8129.12,44.19,41.33
2.86738,2,0.1537,0.090,0.071,5.401,5.663,0.9885,0.00908,269.65,54.68,0.57413048,0.7291457096,2.33,1.346899e-08,9.735262e-09,1.393962e-08,9.920472e-09,91.16,86.30,8613.55,8154.09,44.28,41.48
2.86762,2,0.1537,0.090,0.071,5.401,5.663,0.9885,0.00908,269.65,54.68,0.57412952,0.7291444904,2.33,1.3493e-08,9.749619e-09,1.394689e-08,9.928937e-09,91.06,86.40,8604.01,8163.48,44.22,41.54
2.86788,2,0.1537,0.090,0.071,5.401,5.663,0.9885,0.00908,269.65,54.68,0.5741284799999999,0.7291431695999999,2.33,1.35123e-08,9.768145e-09,1.396341e-08,9.935882e-09,91.22,86.25,8618.58,8149.77,44.31,41.46
2.86813,2,0.1537,0.090,0.071,5.401,5.663,0.9885,0.00908,269.65,54.68,0.5741274799999999,0.7291418995999999,2.33,1.353296e-08,9.793418e-09,1.397576e-08,9.94705e-09,91.57,86.33,8651.54,8156.53,44.51,41.50
2.86837,2,0.1538,0.090,0.071,5.401,5.663,0.9885,0.00908,269.65,54.68,0.57412652,0.7291406804,2.33,1.355844e-08,9.808515e-09,1.399401e-08,9.962153e-09,91.51,86.45,8646.50,8167.85,44.48,41.57
2.86863,2,0.1538,0.090,0.071,5.401,5.663,0.9885,0.00908,269.65,54.68,0.57412548,0.7291393596,2.33,1.358424e-08,9.825503e-09,1.401183e-08,9.969152e-09,91.46,86.28,8641.17,8151.71,44.44,41.47
2.86888,2,0.1538,0.090,0.071,5.401,5.663,0.9885,0.00908,269.65,54.68,0.5741244799999999,0.7291380895999999,2.33,1.36211e-08,9.845942e-09,1.402225e-08,9.990154e-09,91.25,86.68,8621.48,8190.32,44.32,41.70
2.86912,2,0.1538,0.090,0.071,5.401,5.663,0.9885,0.00908,269.65,54.68,0.57412352,0.7291368704,2.33,1.364921e-08,9.868182e-09,1.404094e-08,1.000543e-08,91.31,86.74,8627.54,8195.91,44.36,41.74
2.86937,2,0.1539,0.090,0.071,5.401,5.663,0.9885,0.00908,269.65,54.68,0.57412252,0.7291356003999999,2.33,1.367167e-08,9.893589e-09,1.405955e-08,1.002155e-08,91.68,86.89,8662.12,8209.38,44.57,41.82
2.86963,2,0.1539,0.090,0.071,5.401,5.663,0.9885,0.00908,269.65,54.68,0.57412148,0.7291342796,2.33,1.370767e-08,9.904613e-09,1.407812e-08,1.00364e-08,91.18,86.93,8614.82,8213.98,44.28,41.85
2.86987,2,0.1539,0.090,0.071,5.401,5.663,0.9885,0.00908,269.65,54.68,0.5741205199999999,0.7291330603999999,2.33,1.373369e-08,9.931743e-09,1.409672e-08,1.005068e-08,91.45,86.96,8640.94,8216.88,44.44,41.86
2.87012,2,0.1539,0.090,0.071,5.401,5.663,0.9885,0.00908,269.65,54.68,0.57411952,0.7291317904,2.33,1.37592e-08,9.940772e-09,1.412004e-08,1.00754e-08,91.14,87.21,8611.47,8239.94,44.26,42.00
2.87038,2,0.1540,0.090,0.071,5.400,5.663,0.9885,0.00908,269.65,54.68,0.57411848,0.7291304695999999,2.33,1.378417e-08,9.959182e-09,1.413413e-08,1.008227e-08,91.21,87.17,8618.21,8236.21,44.30,41.98
2.87062,2,0.1540,0.090,0.071,5.427,5.663,0.9885,0.00908,269.65,54.68,0.5741175199999999,0.7291292504,2.33,1.381277e-08,9.981631e-09,1.415054e-08,1.010035e-08,91.27,87.36,8623.77,8254.39,44.34,42.09
2.87087,2,0.1540,0.090,0.071,5.427,5.663,0.9885,0.00908,269.65,54.68,0.5741165199999999,0.7291279803999999,2.33,1.38279e-08,9.992621e-09,1.416675e-08,1.010791e-08,91.27,87.24,8623.95,8242.96,44.34,42.02
2.87113,2,0.1540,0.090,0.071,5.427,5.663,0.9885,0.00908,269.65,54.68,0.57411548,0.7291266596,2.33,1.386367e-08,1.001937e-08,1.419267e-08,1.012149e-08,91.30,87.09,8626.74,8229.02,44.35,41.94
2.87138,2,0.1541,0.090,0.071,5.427,5.663,0.9885,0.00908,269.65,54.68,0.57411448,0.7291253896,2.33,1.389182e-08,1.002184e-08,1.42022e-08,1.013935e-08,90.78,87.48,8577.17,8265.80,44.05,42.16
2.87162,2,0.1541,0.090,0.071,5.427,5.663,0.9885,0.00908,269.65,54.68,0.5741135199999999,0.7291241703999999,2.33,1.391808e-08,1.004096e-08,1.422508e-08,1.01484e-08,90.78,87.26,8577.71,8245.11,44.06,42.04
2.87188,2,0.1541,0.090,0.071,5.427,5.663,0.9885,0.00908,269.65,54.68,0.5741124799999999,0.7291228496,2.33,1.393807e-08,1.004974e-08,1.42351e-08,1.016102e-08,90.60,87.43,8560.46,8260.63,43.95,42.13
2.87213,2,0.1541,0.090,0.071,5.427,5.663,0.9885,0.00908,269.65,54.68,0.57411148,0.7291215796,2.33,1.395956e-08,1.006713e-08,1.425743e-08,1.017091e-08,90.66,87.25,8566.24,8243.50,43.99,42.03
2.87237,2,0.1542,0.090,0.071,5.427,5.663,0.9885,0.00908,269.65,54.68,0.57411052,0.7291203604,2.33,1.398418e-08,1.008429e-08,1.426134e-08,1.018797e-08,90.70,87.73,8569.98,8289.36,44.01,42.30
2.87263,2,0.1542,0.090,0.071,5.427,5.663,0.9885,0.00908,269.65,54.68,0.57410948,0.7291190395999999,2.33,1.400565e-08,1.009458e-08,1.426764e-08,1.019836e-08,90.54,87.91,8554.21,8306.15,43.91,42.41
2.87288,2,0.1542,0.090,0.071,5.427,5.663,0.9885,0.00908,269.65,54.68,0.5741084799999999,0.7291177696,2.33,1.402879e-08,1.01062e-08,1.428288e-08,1.020966e-08,90.37,87.92,8538.90,8307.31,43.82,42.41
2.87312,2,0.1542,0.090,0.071,5.427,5.663,0.9885,0.00908,269.65,54.68,0.57410752,0.7291165504,2.33,1.405338e-08,1.011994e-08,1.432305e-08,1.022468e-08,90.25,87.51,8526.93,8268.48,43.75,42.18
2.87337,2,0.1543,0.090,0.071,5.427,5.663,0.9885,0.00908,269.65,54.68,0.57410652,0.7291152804,2.33,1.406381e-08,1.01282e-08,1.43332e-08,1.022442e-08,90.33,87.34,8534.71,8252.67,43.79,42.08
2.87363,2,0.1543,0.090,0.071,5.427,5.663,0.9885,0.00908,269.65,54.68,0.57410548,0.7291139595999999,2.33,1.408752e-08,1.013695e-08,1.435214e-08,1.023447e-08,90.06,87.24,8509.73,8242.94,43.64,42.02
2.87387,2,0.1543,0.090,0.071,5.427,5.663,0.9885,0.00908,269.65,54.68,0.57410452,0.7291127404000001,2.33,1.409119e-08,1.014484e-08,1.436667e-08,1.024939e-08,90.23,87.38,8525.46,8255.74,43.74,42.10
2.87412,2,0.1543,0.090,0.071,5.427,5.663,0.9885,0.00908,269.65,54.68,0.57410352,0.7291114704,2.33,1.411412e-08,1.015653e-08,1.437518e-08,1.026261e-08,90.08,87.59,8511.05,8275.86,43.65,42.22
2.87438,2,0.1544,0.090,0.071,5.427,5.663,0.9885,0.00908,269.65,54.68,0.57410248,0.7291101496,2.33,1.412802e-08,1.016576e-08,1.440008e-08,1.02808e-08,90.11,87.66,8514.25,8282.38,43.67,42.26
2.87462,2,0.1544,0.090,0.071,5.427,5.663,0.9885,0.00908,269.65,54.68,0.5741015199999999,0.7291089303999999,2.33,1.414461e-08,1.018011e-08,1.441636e-08,1.029211e-08,90.19,87.65,8521.45,8281.50,43.71,42.26
2.87487,2,0.1544,0.090,0.071,5.427,5.663,0.9885,0.00908,269.65,54.68,0.57410052,0.7291076604,2.33,1.415571e-08,1.018191e-08,1.443861e-08,1.030923e-08,89.99,87.69,8503.01,8284.97,43.60,42.28
2.87513,2,0.1544,0.090,0.071,5.427,5.663,0.9885,0.00908,269.65,54.68,0.57409948,0.7291063396,2.33,1.416777e-08,1.018876e-08,1.445348e-08,1.032574e-08,89.94,87.86,8497.59,8301.54,43.57,42.38
2.87538,2,0.1545,0.089,0.071,5.426,5.663,0.9885,0.00908,269.65,54.68,0.57409848,0.7291050696,2.33,1.418764e-08,1.020583e-08,1.448106e-08,1.033188e-08,90.08,87.51,8511.11,8268.67,43.65,42.18
2.87562,2,0.1545,0.089,0.071,5.426,5.663,0.9885,0.00908,269.65,54.68,0.5740975199999999,0.7291038503999999,2.33,1.420032e-08,1.021114e-08,1.450413e-08,1.035722e-08,89.96,87.78,8499.80,8293.48,43.58,42.33
2.87588,2,0.1545,0.089,0.071,5.426,5.663,0.9885,0.00908,269.65,54.68,0.5740964799999999,0.7291025295999999,2.33,1.421286e-08,1.02181e-08,1.452994e-08,1.036854e-08,89.89,87.57,8493.72,8273.64,43.54,42.21
2.87613,2,0.1545,0.089,0.071,5.426,5.663,0.9885,0.00908,269.66,54.68,0.57409548,0.7291012596,2.33,1.422655e-08,1.022092e-08,1.455972e-08,1.039695e-08,89.68,87.78,8473.01,8293.58,43.42,42.33
2.87637,2,0.1546,0.089,0.071,5.426,5.663,0.9885,0.00908,269.66,54.68,0.5740945199999999,0.7291000404,2.33,1.423212e-08,1.023364e-08,1.458239e-08,1.040896e-08,90.01,87.71,8504.22,8287.31,43.61,42.29
2.87663,2,0.1546,0.089,0.071,5.426,5.663,0.9885,0.00908,269.66,54.68,0.5740934799999999,0.7290987196,2.33,1.424964e-08,1.024531e-08,1.460971e-08,1.043495e-08,89.98,87.90,8501.48,8305.35,43.59,42.40
2.87688,2,0.1546,0.089,0.071,5.426,5.663,0.9885,0.00908,269.66,54.68,0.5740924799999999,0.7290974495999999,2.33,1.425875e-08,1.025131e-08,1.463668e-08,1.04586e-08,89.96,88.03,8499.86,8317.56,43.58,42.47
2.87712,2,0.1546,0.089,0.071,5.426,5.663,0.9885,0.00908,269.66,54.68,0.57409152,0.7290962303999999,2.33,1.42612e-08,1.026914e-08,1.467029e-08,1.047841e-08,90.46,87.91,8547.44,8305.88,43.87,42.40
2.87737,2,0.1547,0.089,0.071,5.426,5.663,0.9885,0.00908,269.66,54.68,0.5740905199999999,0.7290949603999999,2.33,1.428008e-08,1.027951e-08,1.470136e-08,1.051944e-08,90.42,88.52,8543.39,8363.67,43.85,42.75
2.87763,2,0.1547,0.089,0.071,5.426,5.663,0.9885,0.00908,269.66,54.68,0.5740894799999999,0.7290936396,2.33,1.429171e-08,1.028909e-08,1.473914e-08,1.054438e-08,90.46,88.46,8546.98,8357.84,43.87,42.72
2.87787,2,0.1547,0.089,0.071,5.426,5.663,0.9885,0.00908,269.66,54.68,0.57408852,0.7290924204,2.33,1.431364e-08,1.029894e-08,1.476421e-08,1.057032e-08,90.27,88.69,8529.42,8380.13,43.76,42.85
2.87812,2,0.1547,0.089,0.071,5.426,5.663,0.9885,0.00908,269.66,54.68,0.57408752,0.7290911503999999,2.33,1.432665e-08,1.032138e-08,1.48119e-08,1.058743e-08,90.68,88.19,8568.13,8332.94,44.00,42.57
2.87838,2,0.1548,0.089,0.070,5.426,5.663,0.9885,0.00908,269.66,54.68,0.57408648,0.7290898295999999,2.33,1.435417e-08,1.031771e-08,1.486103e-08,1.062879e-08,90.01,88.43,8504.63,8355.77,43.61,42.71
2.87862,2,0.1548,0.089,0.070,5.426,5.663,0.9885,0.00908,269.66,54.68,0.5740855199999999,0.7290886103999998,2.33,1.436492e-08,1.034046e-08,1.489966e-08,1.065996e-08,90.48,88.54,8548.80,8365.52,43.88,42.77
2.87887,2,0.1548,0.089,0.070,5.426,5.663,0.9885,0.00908,269.66,54.68,0.57408452,0.7290873404,2.33,1.438864e-08,1.036543e-08,1.495304e-08,1.069127e-08,90.72,88.34,8572.10,8346.65,44.02,42.65
2.87913,2,0.1549,0.089,0.070,5.426,5.663,0.9885,0.00908,269.66,54.68,0.57408348,0.7290860196,2.33,1.441497e-08,1.037828e-08,1.501077e-08,1.073212e-08,90.59,88.38,8559.59,8350.87,43.94,42.68
2.87938,2,0.1549,0.089,0.070,5.426,5.663,0.9885,0.00908,269.66,54.68,0.57408248,0.7290847495999999,2.33,1.442867e-08,1.038871e-08,1.505743e-08,1.077428e-08,90.61,88.64,8561.26,8374.87,43.95,42.82
2.87962,2,0.1549,0.089,0.070,5.426,5.663,0.9885,0.00908,269.66,54.68,0.57408152,0.7290835304000001,2.33,1.446184e-08,1.041766e-08,1.510274e-08,1.081683e-08,90.77,88.93,8576.16,8402.53,44.04,42.99
2.87988,2,0.1549,0.089,0.070,5.426,5.663,0.9885,0.00908,269.66,54.68,0.57408048,0.7290822096,2.33,1.447523e-08,1.043247e-08,1.516946e-08,1.085384e-08,90.93,88.62,8591.37,8373.23,44.14,42.81
2.88013,2,0.1550,0.089,0.070,5.426,5.663,0.9885,0.00908,269.66,54.68,0.57407948,0.7290809396,2.33,1.450809e-08,1.045009e-08,1.523524e-08,1.089512e-08,90.80,88.51,8579.09,8363.03,44.06,42.75
2.88037,2,0.1550,0.089,0.070,5.426,5.663,0.9885,0.00908,269.66,54.68,0.5740785199999999,0.7290797203999999,2.33,1.454037e-08,1.047964e-08,1.529053e-08,1.094107e-08,90.99,88.69,8597.56,8380.26,44.17,42.85
2.88063,2,0.1550,0.089,0.070,5.426,5.663,0.9885,0.00908,269.66,54.68,0.5740774799999999,0.7290783995999999,2.33,1.456388e-08,1.050045e-08,1.534604e-08,1.098456e-08,91.11,88.80,8608.91,8390.39,44.24,42.92
2.88088,2,0.1550,0.089,0.070,5.426,5.663,0.9885,0.00908,269.66,54.68,0.57407648,0.7290771296,2.33,1.459996e-08,1.052348e-08,1.54271e-08,1.102917e-08,91.02,88.42,8600.17,8354.64,44.19,42.70
2.88112,2,0.1551,0.089,0.070,5.425,5.663,0.9885,0.00908,269.66,54.68,0.57407552,0.7290759104,2.33,1.463417e-08,1.054592e-08,1.547691e-08,1.108088e-08,91.01,88.93,8599.24,8402.85,44.18,42.99
2.88137,2,0.1551,0.089,0.070,5.425,5.663,0.9885,0.00908,269.66,54.68,0.5740745199999999,0.7290746403999999,2.33,1.466864e-08,1.057156e-08,1.555554e-08,1.113389e-08,91.04,88.84,8601.57,8394.13,44.20,42.94
2.88163,2,0.1551,0.089,0.070,5.425,5.663,0.9885,0.00908,269.66,54.68,0.5740734799999999,0.7290733195999999,2.33,1.470622e-08,1.060005e-08,1.56194e-08,1.118037e-08,91.08,88.86,8605.66,8396.17,44.22,42.95
2.88187,2,0.1551,0.089,0.070,5.425,5.663,0.9885,0.00908,269.66,54.68,0.57407252,0.7290721004,2.33,1.474067e-08,1.061904e-08,1.570159e-08,1.12373e-08,90.90,88.81,8588.74,8391.17,44.12,42.92
2.88212,2,0.1552,0.089,0.070,5.425,5.663,0.9885,0.00908,269.66,54.68,0.57407152,0.7290708304,2.33,1.477608e-08,1.06487e-08,1.577192e-08,1.128299e-08,91.09,88.74,8606.27,8384.44,44.23,42.88
2.88238,2,0.1552,0.089,0.070,5.425,5.663,0.9885,0.00908,269.66,54.68,0.5740704799999999,0.7290695095999999,2.33,1.480597e-08,1.067738e-08,1.584918e-08,1.134838e-08,91.30,89.02,8626.92,8410.79,44.35,43.04
2.88262,2,0.1552,0.089,0.070,5.425,5.663,0.9885,0.00908,269.66,54.68,0.57406952,0.7290682904,2.33,1.484206e-08,1.07077e-08,1.591839e-08,1.139831e-08,91.44,89.03,8639.34,8411.77,44.43,43.04
2.88287,2,0.1552,0.089,0.070,5.425,5.663,0.9885,0.00908,269.66,54.68,0.57406852,0.7290670203999999,2.33,1.488046e-08,1.073755e-08,1.601309e-08,1.145298e-08,91.50,88.67,8645.55,8377.92,44.47,42.84
2.88313,2,0.1553,0.089,0.070,5.425,5.663,0.9885,0.00908,269.66,54.68,0.57406748,0.7290656996,2.33,1.492029e-08,1.077017e-08,1.607237e-08,1.151481e-08,91.68,89.26,8662.32,8433.29,44.57,43.18
2.88338,2,0.1553,0.089,0.070,5.425,5.663,0.9885,0.00908,269.66,54.68,0.5740664799999999,0.7290644296,2.33,1.496499e-08,1.079567e-08,1.616475e-08,1.157159e-08,91.47,89.00,8642.85,8409.19,44.45,43.03
2.88362,2,0.1553,0.089,0.070,5.425,5.663,0.9885,0.00908,269.66,54.68,0.57406552,0.7290632104,2.33,1.500754e-08,1.083211e-08,1.623878e-08,1.16301e-08,91.65,89.15,8659.33,8423.24,44.55,43.11
2.88388,2,0.1553,0.089,0.070,5.425,5.663,0.9885,0.00908,269.66,54.68,0.57406448,0.7290618896,2.33,1.504496e-08,1.085068e-08,1.631175e-08,1.167794e-08,91.39,89.03,8635.19,8412.02,44.40,43.05
2.88413,2,0.1554,0.089,0.070,5.425,5.663,0.9885,0.00908,269.66,54.68,0.57406348,0.7290606195999999,2.33,1.509904e-08,1.088937e-08,1.639629e-08,1.173835e-08,91.44,89.08,8639.86,8417.15,44.43,43.08
2.88437,2,0.1554,0.089,0.070,5.425,5.663,0.9885,0.00908,269.66,54.68,0.5740625199999999,0.7290594004,2.33,1.514275e-08,1.092881e-08,1.64759e-08,1.179184e-08,91.68,88.99,8662.36,8408.35,44.57,43.02
2.88463,2,0.1554,0.089,0.070,5.425,5.663,0.9885,0.00908,269.66,54.68,0.57406148,0.7290580796,2.33,1.516412e-08,1.09507e-08,1.656797e-08,1.184451e-08,91.87,88.64,8680.79,8375.46,44.68,42.82
2.88488,2,0.1554,0.089,0.070,5.425,5.663,0.9885,0.00908,269.66,54.68,0.57406048,0.7290568096,2.33,1.522552e-08,1.098826e-08,1.663428e-08,1.190271e-08,91.67,88.93,8661.55,8402.19,44.56,42.99
2.88512,2,0.1555,0.089,0.070,5.425,5.663,0.9885,0.00908,269.66,54.68,0.5740595199999999,0.7290555903999999,2.33,1.525489e-08,1.104218e-08,1.671448e-08,1.196557e-08,92.72,89.13,8760.41,8421.13,45.16,43.10
2.88537,2,0.1555,0.089,0.070,5.425,5.663,0.9885,0.00908,269.66,54.68,0.5740585199999999,0.7290543203999998,2.33,1.531169e-08,1.108582e-08,1.678912e-08,1.202206e-08,92.79,89.21,8767.64,8428.68,45.21,43.15
2.88563,2,0.1555,0.089,0.070,5.425,5.663,0.9885,0.00908,269.66,54.68,0.57405748,0.7290529996,2.33,1.535605e-08,1.109981e-08,1.687654e-08,1.206901e-08,92.25,88.80,8716.07,8390.36,44.89,42.91
2.88587,2,0.1555,0.089,0.070,5.425,5.663,0.9885,0.00908,269.66,54.68,0.57405652,0.7290517804,2.33,1.538564e-08,1.111501e-08,1.694423e-08,1.21087e-08,92.06,88.58,8698.59,8369.21,44.79,42.79
2.88612,2,0.1556,0.089,0.070,5.425,5.663,0.9885,0.00908,269.66,54.68,0.5740555199999999,0.7290505103999999,2.33,1.543431e-08,1.114699e-08,1.700379e-08,1.215532e-08,92.03,88.74,8695.25,8384.40,44.77,42.88
2.88638,2,0.1556,0.089,0.070,5.425,5.663,0.9885,0.00908,269.66,54.68,0.5740544799999999,0.7290491895999999,2.33,1.548579e-08,1.118368e-08,1.70843e-08,1.219968e-08,92.01,88.40,8693.87,8352.72,44.76,42.68
2.88662,2,0.1556,0.089,0.070,5.425,5.663,0.9885,0.00908,269.66,54.68,0.57405352,0.7290479704,2.33,1.553722e-08,1.121305e-08,1.714986e-08,1.224069e-08,91.78,88.26,8672.24,8338.89,44.63,42.60
2.88687,2,0.1556,0.089,0.070,5.425,5.663,0.9885,0.00908,269.66,54.68,0.57405252,0.7290467004,2.33,1.557048e-08,1.124413e-08,1.720549e-08,1.227958e-08,91.99,88.24,8691.89,8336.95,44.75,42.59
2.88713,2,0.1557,0.089,0.070,5.425,5.663,0.9885,0.00908,269.66,54.68,0.57405148,0.7290453795999999,2.33,1.561606e-08,1.128121e-08,1.729101e-08,1.232955e-08,92.17,88.02,8709.05,8316.24,44.85,42.46
2.88738,2,0.1557,0.088,0.070,5.425,5.663,0.9885,0.00908,269.66,54.68,0.5740504799999999,0.7290441095999999,2.33,1.566547e-08,1.13099e-08,1.734152e-08,1.236755e-08,91.97,88.06,8689.41,8320.65,44.73,42.49
2.88762,2,0.1557,0.088,0.070,5.425,5.663,0.9885,0.00908,269.66,54.68,0.57404952,0.7290428904,2.33,1.569538e-08,1.134268e-08,1.740702e-08,1.240318e-08,92.29,87.79,8720.35,8294.81,44.92,42.33
2.88788,2,0.1557,0.088,0.070,5.425,5.663,0.9885,0.00908,269.66,54.68,0.57404848,0.7290415696,2.33,1.573724e-08,1.137189e-08,1.747644e-08,1.245063e-08,92.26,87.74,8717.47,8290.14,44.90,42.30
2.88813,2,0.1558,0.088,0.070,5.424,5.663,0.9885,0.00909,269.66,54.68,0.5740474799999999,0.7290402995999999,2.33,1.577768e-08,1.14019e-08,1.752274e-08,1.24882e-08,92.35,87.91,8725.24,8306.07,44.95,42.40
2.88837,2,0.1558,0.088,0.070,5.424,5.663,0.9885,0.00909,269.66,54.68,0.57404652,0.7290390804,2.33,1.582576e-08,1.142884e-08,1.758772e-08,1.251009e-08,92.12,87.32,8703.80,8250.02,44.82,42.06
2.88863,2,0.1558,0.088,0.070,5.424,5.663,0.9885,0.00909,269.66,54.68,0.57404548,0.7290377596000001,2.33,1.586321e-08,1.146111e-08,1.765275e-08,1.25523e-08,92.27,87.22,8718.11,8240.82,44.90,42.00
2.88888,2,0.1558,0.088,0.070,5.424,5.663,0.9885,0.00909,269.66,54.68,0.57404448,0.7290364896,2.33,1.590312e-08,1.149096e-08,1.769723e-08,1.258975e-08,92.30,87.36,8720.88,8254.03,44.92,42.08
2.88912,2,0.1559,0.088,0.070,5.424,5.663,0.9885,0.00909,269.66,54.68,0.5740435199999999,0.7290352703999999,2.33,1.592798e-08,1.150925e-08,1.775255e-08,1.262249e-08,92.37,87.26,8727.37,8244.35,44.96,42.03
2.88937,2,0.1559,0.088,0.070,5.424,5.663,0.9885,0.00909,269.66,54.68,0.57404252,0.7290340004,2.33,1.597043e-08,1.154319e-08,1.781593e-08,1.26644e-08,92.46,87.18,8736.28,8237.25,45.01,41.98
2.88963,2,0.1559,0.088,0.070,5.424,5.663,0.9885,0.00909,269.66,54.68,0.57404148,0.7290326796,2.33,1.601386e-08,1.155976e-08,1.787202e-08,1.269652e-08,92.04,87.00,8696.07,8219.90,44.77,41.88
2.88987,2,0.1559,0.088,0.070,5.424,5.663,0.9885,0.00909,269.66,54.68,0.5740405199999999,0.7290314603999999,2.33,1.605149e-08,1.158206e-08,1.791362e-08,1.274248e-08,91.90,87.39,8682.96,8256.61,44.69,42.10
2.89012,2,0.1560,0.088,0.070,5.424,5.663,0.9885,0.00909,269.66,54.68,0.5740395199999999,0.7290301903999999,2.33,1.608306e-08,1.160978e-08,1.797847e-08,1.27749e-08,92.10,87.12,8701.82,8231.30,44.80,41.95
2.89038,2,0.1560,0.088,0.070,5.424,5.663,0.9885,0.00909,269.66,54.68,0.5740384799999999,0.7290288695999999,2.33,1.611391e-08,1.16407e-08,1.803557e-08,1.281841e-08,92.34,87.19,8725.13,8237.82,44.95,41.99
2.89062,2,0.1560,0.088,0.070,5.424,5.663,0.9885,0.00909,269.66,54.68,0.57403752,0.7290276504,2.33,1.615153e-08,1.166113e-08,1.809865e-08,1.286252e-08,92.15,87.17,8706.99,8236.22,44.84,41.98
2.89087,2,0.1560,0.088,0.070,5.424,5.663,0.9885,0.00909,269.66,54.68,0.5740365199999999,0.7290263803999999,2.33,1.618206e-08,1.16751e-08,1.817778e-08,1.29077e-08,91.92,86.91,8685.39,8211.91,44.70,41.83
2.89113,2,0.1561,0.088,0.070,5.424,5.663,0.9885,0.00909,269.66,54.68,0.5740354799999999,0.7290250596,2.33,1.621917e-08,1.169838e-08,1.82381e-08,1.295965e-08,91.88,87.18,8681.64,8237.16,44.68,41.98
2.89138,2,0.1561,0.088,0.070,5.424,5.663,0.9885,0.00909,269.66,54.68,0.57403448,0.7290237896,2.33,1.625269e-08,1.171523e-08,1.829916e-08,1.300734e-08,91.68,87.28,8662.21,8246.58,44.56,42.04
2.89162,2,0.1561,0.088,0.070,5.424,5.663,0.9885,0.00909,269.66,54.68,0.57403352,0.7290225704,2.33,1.62901e-08,1.173114e-08,1.838158e-08,1.306463e-08,91.37,87.25,8633.06,8243.75,44.39,42.02
2.89188,2,0.1561,0.088,0.070,5.424,5.663,0.9885,0.00909,269.66,54.68,0.57403248,0.7290212495999999,2.33,1.631671e-08,1.175711e-08,1.846207e-08,1.312343e-08,91.56,87.29,8650.96,8247.21,44.49,42.04
2.89213,2,0.1562,0.088,0.070,5.424,5.663,0.9885,0.00909,269.66,54.68,0.5740314799999999,0.7290199795999999,2.33,1.633037e-08,1.176563e-08,1.852549e-08,1.318721e-08,91.58,87.77,8653.02,8293.16,44.51,42.32
2.89237,2,0.1562,0.088,0.070,5.424,5.663,0.9885,0.00909,269.66,54.68,0.57403052,0.7290187604,2.33,1.637156e-08,1.177982e-08,1.86197e-08,1.324409e-08,91.15,87.54,8612.51,8271.09,44.26,42.19
2.89262,2,0.1562,0.088,0.070,5.424,5.663,0.9885,0.00909,269.66,54.68,0.57402952,0.7290174904,2.33,1.639116e-08,1.1804e-08,1.87116e-08,1.330793e-08,91.43,87.50,8638.81,8267.80,44.42,42.17
2.89288,2,0.1562,0.088,0.070,5.424,5.663,0.9885,0.00909,269.66,54.68,0.57402848,0.7290161695999999,2.33,1.642801e-08,1.181991e-08,1.880559e-08,1.33744e-08,91.14,87.50,8611.14,8267.00,44.25,42.16
2.89312,2,0.1563,0.088,0.070,5.424,5.663,0.9885,0.00909,269.66,54.68,0.57402752,0.7290149504,2.33,1.643458e-08,1.183665e-08,1.890636e-08,1.344307e-08,91.53,87.48,8647.94,8265.91,44.48,42.16
2.89337,2,0.1563,0.088,0.070,5.424,5.663,0.9885,0.00909,269.66,54.68,0.57402652,0.7290136804,2.33,1.647692e-08,1.183877e-08,1.901997e-08,1.350846e-08,90.75,87.14,8574.49,8233.44,44.03,41.96
2.89363,2,0.1563,0.088,0.070,5.424,5.663,0.9885,0.00909,269.66,54.68,0.57402548,0.7290123596,2.33,1.65048e-08,1.185656e-08,1.911478e-08,1.357947e-08,90.69,87.22,8568.73,8241.14,43.99,42.00
2.89387,2,0.1563,0.088,0.070,5.424,5.663,0.9885,0.00909,269.66,54.68,0.5740245199999999,0.7290111403999999,2.33,1.652517e-08,1.187416e-08,1.922662e-08,1.366016e-08,90.77,87.25,8576.34,8243.72,44.04,42.02
2.89412,2,0.1564,0.088,0.070,5.424,5.663,0.9885,0.00909,269.66,54.68,0.57402352,0.7290098704,2.33,1.653028e-08,1.188309e-08,1.933343e-08,1.372947e-08,90.97,87.16,8595.34,8235.36,44.16,41.97
2.89438,2,0.1564,0.088,0.069,5.424,5.663,0.9885,0.00909,269.66,54.68,0.57402248,0.7290085496,2.33,1.657106e-08,1.18999e-08,1.944407e-08,1.381127e-08,90.63,87.23,8563.57,8242.24,43.96,42.01
2.89463,2,0.1564,0.088,0.069,5.424,5.663,0.9885,0.00909,269.66,54.68,0.57402148,0.7290072796,2.33,1.659675e-08,1.191746e-08,1.955019e-08,1.388231e-08,90.61,87.14,8561.30,8233.36,43.95,41.96
2.89487,2,0.1564,0.088,0.069,5.424,5.663,0.9885,0.00909,269.66,54.68,0.5740205199999999,0.7290060603999999,2.33,1.662655e-08,1.192947e-08,1.967054e-08,1.396786e-08,90.36,87.14,8537.47,8233.55,43.81,41.96
2.89513,2,0.1565,0.088,0.069,5.423,5.663,0.9885,0.00909,269.66,54.68,0.5740194799999999,0.7290047395999999,2.33,1.665637e-08,1.194294e-08,1.977252e-08,1.404565e-08,90.20,87.31,8522.91,8249.70,43.72,42.06
2.89538,2,0.1565,0.088,0.069,5.423,5.663,0.9885,0.00909,269.66,54.68,0.57401848,0.7290034696,2.33,1.668876e-08,1.196057e-08,1.987589e-08,1.411236e-08,90.05,87.17,8508.84,8236.16,43.63,41.97
2.89562,2,0.1565,0.088,0.069,5.423,5.663,0.9885,0.00909,269.66,54.68,0.57401752,0.7290022504,2.33,1.671766e-08,1.197771e-08,2.00064e-08,1.419014e-08,89.96,86.85,8499.90,8206.47,43.58,41.79
2.89588,2,0.1565,0.088,0.069,5.423,5.663,0.9885,0.00909,269.66,54.68,0.5740164799999999,0.7290009296,2.33,1.674671e-08,1.199494e-08,2.009782e-08,1.42589e-08,89.87,86.94,8490.95,8214.23,43.52,41.84
2.89613,2,0.1566,0.088,0.069,5.423,5.663,0.9885,0.00909,269.66,54.68,0.5740154799999999,0.7289996595999999,2.33,1.67732e-08,1.201252e-08,2.019786e-08,1.434553e-08,89.89,87.32,8492.90,8250.47,43.53,42.06
2.89637,2,0.1566,0.088,0.069,5.423,5.663,0.9885,0.00909,269.66,54.68,0.57401452,0.7289984404,2.33,1.679383e-08,1.203865e-08,2.03079e-08,1.440416e-08,90.19,86.91,8521.22,8212.05,43.71,41.83
2.89662,2,0.1566,0.088,0.069,5.423,5.663,0.9885,0.00909,269.66,54.68,0.5740135199999999,0.7289971703999999,2.33,1.68333e-08,1.206136e-08,2.041791e-08,1.446881e-08,90.04,86.64,8507.31,8186.01,43.62,41.67
2.89688,2,0.1566,0.088,0.069,5.423,5.663,0.9885,0.00909,269.66,54.68,0.5740124799999999,0.7289958496,2.33,1.68768e-08,1.208089e-08,2.051992e-08,1.454087e-08,89.73,86.63,8478.49,8185.57,43.45,41.67
2.89712,2,0.1567,0.088,0.069,5.423,5.663,0.9885,0.00909,269.66,54.68,0.57401152,0.7289946304,2.33,1.690549e-08,1.210565e-08,2.063207e-08,1.461102e-08,89.90,86.50,8494.33,8172.90,43.54,41.59
2.89737,2,0.1567,0.088,0.069,5.423,5.663,0.9885,0.00909,269.66,54.68,0.57401052,0.7289933604,2.33,1.694341e-08,1.21296e-08,2.073461e-08,1.467702e-08,89.82,86.37,8486.44,8160.30,43.49,41.51
2.89763,2,0.1567,0.088,0.069,5.423,5.663,0.9885,0.00909,269.66,54.68,0.57400948,0.7289920395999999,2.33,1.69813e-08,1.215647e-08,2.082771e-08,1.474994e-08,89.81,86.51,8485.81,8173.61,43.49,41.59
2.89787,2,0.1567,0.088,0.069,5.423,5.663,0.9885,0.00909,269.66,54.68,0.5740085199999999,0.7289908203999999,2.33,1.702422e-08,1.219008e-08,2.092242e-08,1.481279e-08,89.89,86.42,8492.89,8165.63,43.53,41.55
2.89812,2,0.1568,0.088,0.069,5.423,5.663,0.9885,0.00909,269.66,54.68,0.57400752,0.7289895504,2.33,1.706957e-08,1.222626e-08,2.10136e-08,1.487107e-08,90.04,86.35,8507.39,8159.05,43.62,41.51
2.89838,2,0.1568,0.088,0.069,5.423,5.663,0.9885,0.00909,269.66,54.68,0.57400648,0.7289882296,2.33,1.712361e-08,1.224846e-08,2.109658e-08,1.493134e-08,89.61,86.38,8467.17,8161.94,43.38,41.52
2.89863,2,0.1568,0.088,0.069,5.423,5.663,0.9885,0.00909,269.67,54.68,0.57400548,0.7289869595999999,2.33,1.716562e-08,1.228808e-08,2.121188e-08,1.499697e-08,89.86,86.07,8490.40,8132.30,43.52,41.34
2.89887,2,0.1568,0.088,0.069,5.423,5.663,0.9885,0.00909,269.67,54.68,0.5740045199999999,0.7289857403999999,2.33,1.721332e-08,1.231778e-08,2.128519e-08,1.506312e-08,89.75,86.35,8479.63,8158.77,43.45,41.50
2.89913,2,0.1569,0.088,0.069,5.423,5.663,0.9885,0.00909,269.67,54.68,0.57400348,0.7289844196,2.33,1.726912e-08,1.236121e-08,2.139703e-08,1.512825e-08,89.89,86.13,8493.49,8138.18,43.54,41.38
2.89938,2,0.1569,0.087,0.069,5.423,5.663,0.9885,0.00909,269.67,54.68,0.57400248,0.7289831496,2.33,1.731438e-08,1.239559e-08,2.150081e-08,1.519134e-08,89.94,85.93,8498.03,8119.19,43.56,41.26
2.89962,2,0.1569,0.087,0.069,5.423,5.663,0.9885,0.00909,269.67,54.68,0.5740015199999999,0.7289819303999999,2.33,1.737372e-08,1.244094e-08,2.155925e-08,1.524e-08,90.01,86.07,8504.93,8132.59,43.61,41.34
2.89988,2,0.1569,0.087,0.069,5.423,5.663,0.9885,0.00909,269.67,54.68,0.5740004799999999,0.7289806095999999,2.33,1.74321e-08,1.246801e-08,2.165914e-08,1.530927e-08,89.64,86.05,8469.68,8130.16,43.39,41.33
2.90013,2,0.1570,0.087,0.069,5.423,5.663,0.9885,0.00909,269.67,54.68,0.57399948,0.7289793396,2.33,1.749553e-08,1.252088e-08,2.175451e-08,1.538128e-08,89.89,86.19,8492.94,8143.65,43.53,41.41
2.90037,2,0.1570,0.087,0.069,5.423,5.663,0.9885,0.00909,269.67,54.68,0.57399852,0.7289781204,2.33,1.755702e-08,1.255877e-08,2.186174e-08,1.54407e-08,89.73,85.88,8478.42,8114.24,43.44,41.23
2.90062,2,0.1570,0.087,0.069,5.423,5.663,0.9885,0.00909,269.67,54.68,0.5739975199999999,0.7289768503999999,2.33,1.760277e-08,1.259856e-08,2.194508e-08,1.550202e-08,89.91,85.92,8495.16,8118.62,43.55,41.26
2.90088,2,0.1570,0.087,0.069,5.423,5.663,0.9885,0.00909,269.67,54.68,0.5739964799999999,0.7289755295999999,2.33,1.76688e-08,1.264479e-08,2.203594e-08,1.555822e-08,89.88,85.78,8492.73,8104.45,43.53,41.17
2.90112,2,0.1571,0.087,0.069,5.423,5.663,0.9885,0.00909,269.67,54.68,0.57399552,0.7289743103999999,2.33,1.773347e-08,1.270435e-08,2.213596e-08,1.562122e-08,90.27,85.69,8529.49,8096.18,43.75,41.12
2.90137,2,0.1571,0.087,0.069,5.423,5.663,0.9885,0.00909,269.67,54.68,0.57399452,0.7289730404,2.33,1.779331e-08,1.273315e-08,2.221627e-08,1.568753e-08,89.92,85.87,8496.38,8113.11,43.55,41.23
2.90163,2,0.1571,0.087,0.069,5.423,5.663,0.9885,0.00909,269.67,54.68,0.57399348,0.7289717196,2.33,1.786435e-08,1.278551e-08,2.230273e-08,1.573621e-08,89.96,85.64,8499.94,8091.47,43.57,41.09
2.90187,2,0.1571,0.087,0.069,5.423,5.663,0.9885,0.00909,269.67,54.68,0.57399252,0.7289705004,2.33,1.792989e-08,1.28347e-08,2.239786e-08,1.580834e-08,90.02,85.73,8505.26,8100.18,43.61,41.15
2.90212,2,0.1572,0.087,0.069,5.422,5.663,0.9885,0.00909,269.67,54.68,0.57399152,0.7289692304,2.33,1.800645e-08,1.287881e-08,2.247846e-08,1.587166e-08,89.81,85.90,8485.88,8116.52,43.49,41.25
2.90238,2,0.1572,0.087,0.069,5.422,5.663,0.9885,0.00909,269.67,54.68,0.57399048,0.7289679096,2.33,1.807539e-08,1.292515e-08,2.258317e-08,1.592496e-08,89.74,85.53,8479.04,8080.89,43.45,41.03
2.90263,2,0.1572,0.087,0.069,5.422,5.663,0.9885,0.00909,269.67,54.68,0.5739894799999999,0.7289666396,2.33,1.81389e-08,1.297214e-08,2.266878e-08,1.597948e-08,89.78,85.42,8482.66,8070.87,43.47,40.97
2.90287,2,0.1572,0.087,0.069,5.422,5.663,0.9885,0.00909,269.67,54.68,0.57398852,0.7289654204,2.33,1.820985e-08,1.302282e-08,2.276698e-08,1.604189e-08,89.78,85.30,8482.52,8059.28,43.47,40.90
2.90313,2,0.1573,0.087,0.069,5.422,5.663,0.9885,0.00909,269.67,54.68,0.57398748,0.7289640996,2.33,1.828173e-08,1.308208e-08,2.285275e-08,1.610156e-08,90.02,85.34,8505.84,8063.10,43.61,40.92
2.90338,2,0.1573,0.087,0.069,5.422,5.663,0.9885,0.00909,269.67,54.68,0.57398648,0.7289628295999999,2.33,1.835033e-08,1.312893e-08,2.293313e-08,1.615525e-08,89.97,85.28,8500.75,8058.13,43.58,40.89
2.90362,2,0.1573,0.087,0.069,5.422,5.663,0.9885,0.00909,269.67,54.68,0.5739855199999999,0.7289616103999998,2.33,1.842163e-08,1.317053e-08,2.302287e-08,1.621585e-08,89.74,85.24,8479.45,8053.73,43.45,40.86
2.90388,2,0.1574,0.087,0.069,5.422,5.663,0.9885,0.00909,269.67,54.68,0.5739844799999999,0.7289602895999999,2.33,1.850718e-08,1.32246e-08,2.312884e-08,1.626305e-08,89.63,84.81,8468.90,8013.13,43.39,40.62
2.90413,2,0.1574,0.087,0.069,5.422,5.663,0.9885,0.00909,269.67,54.68,0.57398348,0.7289590196,2.33,1.858211e-08,1.328124e-08,2.321564e-08,1.631923e-08,89.71,84.72,8475.82,8005.11,43.43,40.57
2.90437,2,0.1574,0.087,0.069,5.422,5.663,0.9885,0.00909,269.67,54.68,0.5739825199999999,0.7289578003999999,2.33,1.865968e-08,1.332219e-08,2.330733e-08,1.639558e-08,89.36,84.93,8443.63,8024.71,43.23,40.69
2.90462,2,0.1574,0.087,0.069,5.422,5.663,0.9885,0.00909,269.67,54.68,0.5739815199999999,0.7289565303999999,2.33,1.870613e-08,1.33699e-08,2.339236e-08,1.643808e-08,89.71,84.63,8475.87,7996.31,43.43,40.51
2.90488,2,0.1575,0.087,0.069,5.422,5.663,0.9885,0.00909,269.67,54.68,0.5739804799999999,0.7289552095999999,2.33,1.879604e-08,1.342192e-08,2.348491e-08,1.650417e-08,89.48,84.70,8454.22,8003.10,43.30,40.56
2.90512,2,0.1575,0.087,0.069,5.422,5.663,0.9885,0.00909,269.67,54.68,0.57397952,0.7289539904,2.33,1.886291e-08,1.347532e-08,2.3561e-08,1.655358e-08,89.61,84.63,8466.63,7996.50,43.37,40.52
2.90537,2,0.1575,0.087,0.069,5.422,5.663,0.9885,0.00909,269.67,54.68,0.5739785199999999,0.7289527203999999,2.33,1.893842e-08,1.351231e-08,2.367519e-08,1.662997e-08,89.22,84.57,8429.60,7990.30,43.15,40.48
2.90563,2,0.1575,0.087,0.069,5.422,5.663,0.9885,0.00909,269.67,54.68,0.5739774799999999,0.7289513995999999,2.33,1.900476e-08,1.356645e-08,2.375852e-08,1.667327e-08,89.37,84.31,8444.39,7965.84,43.24,40.33
2.90587,2,0.1576,0.087,0.069,5.422,5.663,0.9885,0.00909,269.67,54.68,0.57397652,0.7289501804,2.33,1.906996e-08,1.361102e-08,2.383034e-08,1.67594e-08,89.38,84.97,8445.47,8028.29,43.24,40.71
2.90612,2,0.1576,0.087,0.069,5.422,5.663,0.9885,0.00909,269.67,54.68,0.57397552,0.7289489104,2.33,1.914291e-08,1.365832e-08,2.395879e-08,1.681317e-08,89.28,84.35,8435.19,7969.87,43.18,40.35
2.90638,2,0.1576,0.087,0.069,5.422,5.663,0.9885,0.00909,269.67,54.68,0.57397448,0.7289475896,2.33,1.921302e-08,1.369066e-08,2.404597e-08,1.688171e-08,88.87,84.47,8397.33,7981.54,42.95,40.42
2.90663,2,0.1576,0.087,0.069,5.422,5.663,0.9885,0.00909,269.67,54.68,0.5739734799999999,0.7289463195999999,2.33,1.929501e-08,1.374977e-08,2.415375e-08,1.695503e-08,88.89,84.43,8398.79,7977.83,42.96,40.40
2.90687,2,0.1577,0.087,0.069,5.422,5.663,0.9885,0.00909,269.67,54.68,0.57397252,0.7289451004,2.33,1.935682e-08,1.379364e-08,2.425084e-08,1.703008e-08,88.94,84.60,8403.74,7993.75,42.99,40.50
2.90713,2,0.1577,0.087,0.069,5.422,5.663,0.9885,0.00909,269.67,54.68,0.57397148,0.7289437796,2.33,1.943556e-08,1.384458e-08,2.436859e-08,1.709225e-08,88.83,84.26,8392.84,7961.65,42.92,40.30
2.90738,2,0.1577,0.087,0.069,5.422,5.663,0.9885,0.00909,269.67,54.68,0.57397048,0.7289425096,2.33,1.951486e-08,1.388339e-08,2.448493e-08,1.718099e-08,88.44,84.38,8355.85,7972.75,42.70,40.37
2.90762,2,0.1577,0.087,0.069,5.422,5.663,0.9885,0.00909,269.67,54.68,0.57396952,0.7289412904,2.33,1.957034e-08,1.392096e-08,2.460334e-08,1.726397e-08,88.39,84.38,8351.90,7972.58,42.67,40.37
2.90788,2,0.1578,0.087,0.069,5.422,5.663,0.9885,0.00909,269.67,54.68,0.57396848,0.7289399696,2.33,1.96343e-08,1.396467e-08,2.471936e-08,1.733624e-08,88.41,84.28,8353.49,7963.56,42.68,40.31
2.90813,2,0.1578,0.087,0.069,5.422,5.663,0.9885,0.00909,269.67,54.68,0.57396748,0.7289386996,2.33,1.97058e-08,1.40033e-08,2.484313e-08,1.741713e-08,88.14,84.19,8328.32,7954.52,42.53,40.26
2.90837,2,0.1578,0.087,0.069,5.422,5.663,0.9885,0.00909,269.67,54.68,0.5739665199999999,0.7289374804,2.33,1.977545e-08,1.404945e-08,2.49676e-08,1.751313e-08,88.07,84.33,8321.47,7967.81,42.49,40.34
2.90862,2,0.1578,0.087,0.069,5.422,5.663,0.9885,0.00909,269.67,54.68,0.57396552,0.7289362104,2.33,1.984113e-08,1.409009e-08,2.508727e-08,1.760518e-08,87.94,84.46,8309.21,7980.13,42.41,40.41
2.90888,2,0.1579,0.087,0.069,5.421,5.663,0.9885,0.00909,269.67,54.68,0.57396448,0.7289348896,2.33,1.990881e-08,1.412759e-08,2.522806e-08,1.769186e-08,87.77,84.32,8293.08,7966.88,42.32,40.33
2.90912,2,0.1579,0.087,0.069,5.421,5.663,0.9885,0.00909,269.67,54.68,0.57396352,0.7289336703999999,2.33,1.998918e-08,1.417272e-08,2.537357e-08,1.777619e-08,87.52,84.04,8269.17,7940.39,42.17,40.17
2.90937,2,0.1579,0.087,0.069,5.421,5.663,0.9885,0.00909,269.67,54.68,0.5739625199999999,0.7289324004,2.33,2.006302e-08,1.421159e-08,2.551787e-08,1.788534e-08,87.23,84.17,8242.29,7952.36,42.01,40.25
2.90963,2,0.1579,0.087,0.069,5.421,5.663,0.9885,0.00909,269.67,54.68,0.5739614799999999,0.7289310795999999,2.33,2.011654e-08,1.425307e-08,2.56644e-08,1.797781e-08,87.31,84.01,8249.37,7937.25,42.05,40.15
2.90987,2,0.1580,0.087,0.069,5.421,5.663,0.9885,0.00909,269.67,54.68,0.57396052,0.7289298604,2.33,2.018867e-08,1.430037e-08,2.578917e-08,1.808073e-08,87.28,84.30,8247.06,7965.10,42.04,40.32
2.91012,2,0.1580,0.087,0.069,5.421,5.663,0.9885,0.00909,269.67,54.68,0.57395952,0.7289285903999999,2.33,2.025737e-08,1.433187e-08,2.596801e-08,1.817244e-08,86.93,83.78,8213.34,7916.03,41.83,40.02
2.91038,2,0.1580,0.087,0.068,5.421,5.663,0.9885,0.00909,269.67,54.68,0.5739584799999999,0.7289272696,2.33,2.031247e-08,1.437278e-08,2.611336e-08,1.82807e-08,86.97,83.88,8217.34,7925.70,41.86,40.08
2.91063,2,0.1580,0.087,0.068,5.421,5.663,0.9885,0.00909,269.67,54.68,0.5739574799999999,0.7289259995999999,2.33,2.038466e-08,1.441348e-08,2.625935e-08,1.837626e-08,86.76,83.78,8197.15,7916.16,41.73,40.03
2.91087,2,0.1581,0.087,0.068,5.421,5.663,0.9885,0.00909,269.67,54.68,0.57395652,0.7289247804,2.33,2.045533e-08,1.446746e-08,2.640267e-08,1.849104e-08,86.89,84.05,8210.10,7941.89,41.81,40.18
2.91113,2,0.1581,0.087,0.068,5.421,5.663,0.9885,0.00909,269.67,54.68,0.57395548,0.7289234595999999,2.33,2.051264e-08,1.450267e-08,2.656195e-08,1.858255e-08,86.78,83.75,8199.82,7913.41,41.75,40.01
2.91138,2,0.1581,0.087,0.068,5.421,5.663,0.9885,0.00909,269.67,54.68,0.5739544799999999,0.7289221895999999,2.33,2.057924e-08,1.453264e-08,2.672901e-08,1.868692e-08,86.44,83.57,8166.99,7895.83,41.55,39.90
2.91162,2,0.1581,0.086,0.068,5.421,5.663,0.9885,0.00909,269.67,54.68,0.57395352,0.7289209704,2.33,2.064164e-08,1.45761e-08,2.688479e-08,1.879393e-08,86.42,83.54,8165.61,7892.95,41.54,39.89
2.91188,2,0.1582,0.086,0.068,5.421,5.663,0.9885,0.00909,269.67,54.68,0.57395248,0.7289196496,2.33,2.072032e-08,1.462072e-08,2.70545e-08,1.89065e-08,86.26,83.50,8150.02,7889.53,41.45,39.86
2.91213,2,0.1582,0.086,0.068,5.421,5.663,0.9885,0.00909,269.67,54.68,0.57395148,0.7289183795999999,2.33,2.077357e-08,1.465019e-08,2.720389e-08,1.901294e-08,86.10,83.53,8134.73,7892.35,41.35,39.88
2.91237,2,0.1582,0.086,0.068,5.421,5.663,0.9885,0.00909,269.67,54.68,0.5739505199999999,0.7289171603999999,2.33,2.083107e-08,1.469542e-08,2.737273e-08,1.912882e-08,86.19,83.50,8143.53,7889.44,41.41,39.86
2.91262,2,0.1582,0.086,0.068,5.421,5.663,0.9885,0.00909,269.67,54.68,0.57394952,0.7289158904,2.33,2.09074e-08,1.473092e-08,2.753034e-08,1.921646e-08,85.83,83.18,8109.24,7858.88,41.20,39.68
2.91288,2,0.1583,0.086,0.068,5.421,5.663,0.9885,0.00909,269.67,54.68,0.57394848,0.7289145696,2.33,2.097586e-08,1.476955e-08,2.769431e-08,1.933411e-08,85.69,83.27,8096.54,7868.16,41.12,39.73
2.91312,2,0.1583,0.086,0.068,5.421,5.663,0.9885,0.00909,269.67,54.68,0.5739475199999999,0.7289133503999999,2.33,2.103897e-08,1.481037e-08,2.78632e-08,1.945207e-08,85.62,83.27,8089.86,7868.23,41.08,39.73
2.91337,2,0.1583,0.086,0.068,5.421,5.663,0.9885,0.00909,269.67,54.68,0.5739465199999999,0.7289120803999999,2.33,2.11157e-08,1.485524e-08,2.801132e-08,1.955543e-08,85.44,83.27,8073.07,7868.17,40.98,39.73
2.91363,2,0.1583,0.086,0.068,5.421,5.663,0.9885,0.00909,269.67,54.68,0.57394548,0.7289107596000001,2.33,2.116918e-08,1.489185e-08,2.819601e-08,1.966153e-08,85.42,82.96,8071.22,7838.01,40.97,39.55
2.91387,2,0.1584,0.086,0.068,5.421,5.663,0.9885,0.00909,269.67,54.68,0.57394452,0.7289095404,2.33,2.123265e-08,1.492729e-08,2.836359e-08,1.977804e-08,85.30,83.00,8059.55,7842.50,40.90,39.58
2.91412,2,0.1584,0.086,0.068,5.421,5.663,0.9885,0.00909,269.67,54.68,0.5739435199999999,0.7289082704,2.33,2.129679e-08,1.496633e-08,2.851706e-08,1.987939e-08,85.18,82.92,8048.59,7835.13,40.83,39.53
2.91438,2,0.1584,0.086,0.068,5.421,5.663,0.9885,0.00909,269.67,54.68,0.5739424799999999,0.7289069495999999,2.33,2.136751e-08,1.500254e-08,2.86859e-08,1.997929e-08,84.93,82.68,8024.32,7812.15,40.68,39.39
2.91463,2,0.1584,0.086,0.068,5.421,5.663,0.9885,0.00909,269.67,54.68,0.57394148,0.7289056796,2.33,2.143273e-08,1.504809e-08,2.88327e-08,2.009642e-08,84.92,82.88,8023.88,7831.26,40.68,39.51
2.91487,2,0.1585,0.086,0.068,5.420,5.663,0.9885,0.00909,269.67,54.68,0.57394052,0.7289044603999999,2.33,2.149329e-08,1.508211e-08,2.899434e-08,2.02206e-08,84.82,83.09,8013.78,7850.96,40.62,39.63
2.91513,2,0.1585,0.086,0.068,5.421,5.663,0.9885,0.00909,269.67,54.68,0.57393948,0.7289031396,2.33,2.156322e-08,1.511958e-08,2.915883e-08,2.031711e-08,84.60,82.85,7993.22,7827.78,40.49,39.49
2.91538,2,0.1585,0.086,0.068,5.421,5.663,0.9885,0.00909,269.67,54.68,0.5739384799999999,0.7289018695999999,2.33,2.161938e-08,1.515454e-08,2.93043e-08,2.040019e-08,84.52,82.60,7985.43,7804.72,40.45,39.35
2.91562,2,0.1585,0.086,0.068,5.421,5.663,0.9885,0.00909,269.67,54.68,0.57393752,0.7289006504,2.33,2.169137e-08,1.519552e-08,2.946227e-08,2.051726e-08,84.34,82.70,7968.80,7813.62,40.34,39.40
2.91588,2,0.1586,0.086,0.068,5.420,5.663,0.9885,0.00909,269.67,54.68,0.57393648,0.7288993295999999,2.33,2.173247e-08,1.522982e-08,2.959202e-08,2.062331e-08,84.49,82.96,7983.47,7838.19,40.43,39.55
2.91613,2,0.1586,0.086,0.068,5.420,5.663,0.9885,0.00909,269.67,54.68,0.5739354799999999,0.7288980596,2.33,2.181636e-08,1.527139e-08,2.972937e-08,2.071083e-08,84.18,82.85,7953.50,7827.96,40.25,39.49
2.91637,2,0.1586,0.086,0.068,5.420,5.663,0.9885,0.00909,269.67,54.68,0.57393452,0.7288968404,2.33,2.186043e-08,1.530258e-08,2.988889e-08,2.079638e-08,84.18,82.51,7954.09,7796.35,40.25,39.30
2.91662,2,0.1586,0.086,0.068,5.420,5.663,0.9885,0.00909,269.67,54.68,0.57393352,0.7288955704,2.33,2.191712e-08,1.534364e-08,3.001687e-08,2.089085e-08,84.21,82.58,7956.47,7803.01,40.27,39.34
2.91688,2,0.1587,0.086,0.068,5.420,5.663,0.9885,0.00909,269.67,54.68,0.57393248,0.7288942495999999,2.33,2.196978e-08,1.537621e-08,3.014505e-08,2.09861e-08,84.18,82.71,7954.07,7815.32,40.25,39.41
2.91712,2,0.1587,0.086,0.068,5.420,5.663,0.9885,0.00909,269.67,54.68,0.5739315199999999,0.7288930303999999,2.33,2.20389e-08,1.539817e-08,3.029524e-08,2.105349e-08,83.70,82.24,7908.87,7770.17,39.98,39.14
2.91737,2,0.1587,0.086,0.068,5.420,5.663,0.9885,0.00909,269.67,54.68,0.57393052,0.7288917604,2.33,2.210148e-08,1.544189e-08,3.038739e-08,2.112676e-08,83.70,82.36,7908.86,7781.32,39.98,39.21
2.91763,2,0.1587,0.086,0.068,5.420,5.663,0.9885,0.00909,269.67,54.68,0.57392948,0.7288904396,2.33,2.215496e-08,1.546047e-08,3.051446e-08,2.121688e-08,83.37,82.38,7877.10,7783.46,39.79,39.22
2.91787,2,0.1588,0.086,0.068,5.420,5.663,0.9885,0.00909,269.67,54.68,0.5739285199999999,0.7288892203999999,2.33,2.2215e-08,1.550006e-08,3.058437e-08,2.127969e-08,83.38,82.61,7878.17,7805.45,39.79,39.35
2.91812,2,0.1588,0.086,0.068,5.420,5.663,0.9885,0.00909,269.67,54.68,0.5739275199999999,0.7288879503999999,2.33,2.226018e-08,1.552972e-08,3.072325e-08,2.135035e-08,83.35,82.28,7875.05,7774.37,39.77,39.16
2.91838,2,0.1588,0.086,0.068,5.420,5.663,0.9885,0.00909,269.67,54.68,0.5739264799999999,0.7288866295999998,2.33,2.230285e-08,1.556544e-08,3.079676e-08,2.141059e-08,83.45,82.40,7885.02,7785.29,39.83,39.23
2.91863,2,0.1588,0.086,0.068,5.420,5.663,0.9885,0.00909,269.67,54.68,0.57392548,0.7288853596,2.33,2.235934e-08,1.558883e-08,3.09012e-08,2.14685e-08,83.17,82.21,7858.26,7767.84,39.67,39.12
2.91887,2,0.1589,0.086,0.068,5.420,5.663,0.9885,0.00909,269.67,54.68,0.5739245199999999,0.7288841403999999,2.33,2.240242e-08,1.561651e-08,3.097549e-08,2.15097e-08,83.18,82.13,7859.29,7760.42,39.68,39.08
2.91913,2,0.1589,0.086,0.068,5.420,5.663,0.9885,0.00909,269.67,54.68,0.5739234799999999,0.7288828195999999,2.33,2.245465e-08,1.564503e-08,3.107631e-08,2.154322e-08,83.04,81.68,7846.23,7717.64,39.60,38.82
2.91938,2,0.1589,0.086,0.068,5.420,5.663,0.9885,0.00909,269.67,54.68,0.57392248,0.7288815496000001,2.33,2.252077e-08,1.56633e-08,3.11389e-08,2.160791e-08,82.56,81.94,7800.58,7742.52,39.32,38.97
2.91962,2,0.1589,0.086,0.068,5.420,5.663,0.9885,0.00909,269.67,54.68,0.57392152,0.7288803304,2.33,2.253823e-08,1.569152e-08,3.120329e-08,2.166692e-08,82.84,82.12,7826.92,7759.28,39.48,39.07
2.91988,2,0.1590,0.086,0.068,5.420,5.663,0.9885,0.00909,269.67,54.68,0.57392048,0.7288790096,2.33,2.259026e-08,1.57251e-08,3.128682e-08,2.167968e-08,82.84,81.62,7827.51,7711.51,39.48,38.78
2.92013,2,0.1590,0.086,0.068,5.420,5.663,0.9885,0.00909,269.67,54.68,0.5739194799999999,0.7288777395999999,2.33,2.261838e-08,1.57304e-08,3.134632e-08,2.171649e-08,82.60,81.56,7804.20,7706.40,39.34,38.75
2.92037,2,0.1590,0.086,0.068,5.420,5.663,0.9885,0.00909,269.67,54.68,0.57391852,0.7288765204,2.33,2.265609e-08,1.575068e-08,3.140081e-08,2.175632e-08,82.50,81.59,7794.54,7708.80,39.28,38.76
2.92062,2,0.1590,0.086,0.068,5.420,5.663,0.9885,0.00909,269.67,54.68,0.57391752,0.7288752504,2.33,2.269388e-08,1.577669e-08,3.147305e-08,2.179738e-08,82.49,81.48,7794.12,7698.46,39.28,38.70
2.92088,2,0.1591,0.086,0.068,5.420,5.663,0.9885,0.00910,269.67,54.68,0.57391648,0.7288739296,2.33,2.271508e-08,1.5793e-08,3.150505e-08,2.182838e-08,82.57,81.64,7801.56,7713.46,39.33,38.79
2.92112,2,0.1591,0.086,0.068,5.420,5.663,0.9885,0.00910,269.67,54.68,0.57391552,0.7288727104,2.33,2.275168e-08,1.579119e-08,3.155624e-08,2.183829e-08,82.10,81.33,7757.62,7684.18,39.06,38.61
2.92137,2,0.1591,0.086,0.068,5.420,5.663,0.9885,0.00910,269.67,54.68,0.57391452,0.7288714404,2.33,2.276076e-08,1.581827e-08,3.162337e-08,2.186209e-08,82.46,81.05,7791.07,7658.41,39.26,38.46
2.92163,2,0.1591,0.086,0.068,5.420,5.663,0.9885,0.00910,269.68,54.68,0.57391348,0.7288701196,2.33,2.278938e-08,1.581668e-08,3.166815e-08,2.188227e-08,82.09,80.93,7756.54,7646.21,39.05,38.38
2.92188,2,0.1592,0.086,0.068,5.419,5.663,0.9885,0.00910,269.68,54.68,0.57391248,0.7288688496,2.33,2.282074e-08,1.58385e-08,3.171942e-08,2.191662e-08,82.15,80.96,7761.50,7649.80,39.08,38.40
2.92212,2,0.1592,0.086,0.068,5.419,5.663,0.9885,0.00910,269.68,54.68,0.57391152,0.7288676304,2.33,2.282405e-08,1.583339e-08,3.179451e-08,2.19262e-08,82.02,80.46,7749.65,7602.33,39.01,38.12
2.92238,2,0.1592,0.086,0.068,5.419,5.663,0.9885,0.00910,269.68,54.68,0.57391048,0.7288663096,2.33,2.286546e-08,1.582804e-08,3.180105e-08,2.19499e-08,81.45,80.69,7695.56,7623.81,38.68,38.25
2.92263,2,0.1593,0.086,0.068,5.419,5.663,0.9885,0.00910,269.68,54.68,0.57390948,0.7288650395999999,2.33,2.284332e-08,1.584236e-08,3.184259e-08,2.197269e-08,82.00,80.67,7747.49,7622.01,39.00,38.24
2.92287,2,0.1593,0.086,0.068,5.419,5.663,0.9885,0.00910,269.68,54.68,0.5739085199999999,0.7288638203999999,2.33,2.287966e-08,1.58469e-08,3.189471e-08,2.200197e-08,81.65,80.59,7714.67,7614.54,38.80,38.19
2.92313,2,0.1593,0.086,0.068,5.419,5.663,0.9885,0.00910,269.68,54.68,0.5739074799999999,0.7288624995999999,2.33,2.288964e-08,1.584369e-08,3.191123e-08,2.198933e-08,81.48,80.31,7698.67,7587.80,38.70,38.03
2.92338,2,0.1593,0.086,0.068,5.419,5.663,0.9885,0.00910,269.68,54.68,0.57390648,0.7288612296,2.33,2.28966e-08,1.584785e-08,3.195363e-08,2.19936e-08,81.47,80.02,7697.63,7560.22,38.69,37.86
2.92362,2,0.1594,0.086,0.068,5.419,5.663,0.9885,0.00910,269.68,54.68,0.57390552,0.7288600103999999,2.33,2.290321e-08,1.583008e-08,3.197059e-08,2.203345e-08,81.15,80.40,7667.31,7596.13,38.51,38.08
2.92387,2,0.1594,0.085,0.068,5.419,5.663,0.9885,0.00910,269.68,54.68,0.5739045199999999,0.7288587403999999,2.33,2.289178e-08,1.582404e-08,3.201185e-08,2.204533e-08,81.18,80.20,7670.01,7577.61,38.53,37.97
2.92413,2,0.1594,0.085,0.068,5.419,5.663,0.9885,0.00910,269.68,54.68,0.5739034799999999,0.7288574196,2.33,2.290983e-08,1.581932e-08,3.204622e-08,2.207247e-08,80.89,80.24,7643.10,7581.44,38.36,37.99
2.92437,2,0.1594,0.085,0.068,5.419,5.663,0.9885,0.00910,269.68,54.68,0.57390252,0.7288562004,2.33,2.289862e-08,1.580486e-08,3.210006e-08,2.207246e-08,80.78,79.81,7632.62,7540.73,38.30,37.74
2.92462,2,0.1595,0.085,0.068,5.419,5.663,0.9885,0.00910,269.68,54.68,0.5739015199999999,0.7288549303999999,2.33,2.288651e-08,1.581031e-08,3.210615e-08,2.210402e-08,81.06,80.18,7659.00,7575.48,38.46,37.95
2.92488,2,0.1595,0.085,0.068,5.419,5.663,0.9885,0.00910,269.68,54.68,0.5739004799999999,0.7288536095999999,2.33,2.288182e-08,1.577839e-08,3.215657e-08,2.211704e-08,80.59,79.92,7614.23,7551.71,38.19,37.81
2.92512,2,0.1595,0.085,0.068,5.419,5.663,0.9885,0.00910,269.68,54.68,0.57389952,0.7288523904,2.33,2.288222e-08,1.577387e-08,3.217523e-08,2.210918e-08,80.51,79.69,7606.78,7529.14,38.14,37.67
2.92537,2,0.1595,0.085,0.068,5.419,5.663,0.9885,0.00910,269.68,54.68,0.57389852,0.7288511204,2.33,2.287913e-08,1.575935e-08,3.220689e-08,2.214255e-08,80.30,79.82,7587.58,7541.78,38.03,37.75
2.92563,2,0.1596,0.085,0.068,5.419,5.663,0.9885,0.00910,269.68,54.68,0.57389748,0.7288497996,2.33,2.285018e-08,1.574768e-08,3.223841e-08,2.214062e-08,80.49,79.60,7605.17,7520.85,38.13,37.62
2.92588,2,0.1596,0.085,0.068,5.419,5.663,0.9885,0.00910,269.68,54.68,0.5738964799999999,0.7288485295999999,2.33,2.284591e-08,1.572971e-08,3.226128e-08,2.214972e-08,80.24,79.52,7581.87,7513.70,37.99,37.58
2.92612,2,0.1596,0.085,0.068,5.419,5.663,0.9885,0.00910,269.68,54.68,0.57389552,0.7288473104,2.33,2.286505e-08,1.570993e-08,3.230148e-08,2.217309e-08,79.71,79.47,7531.15,7509.13,37.68,37.55
2.92638,2,0.1596,0.085,0.068,5.419,5.663,0.9885,0.00910,269.68,54.68,0.57389448,0.7288459896,2.33,2.282016e-08,1.568528e-08,3.233535e-08,2.218094e-08,79.81,79.30,7540.66,7492.54,37.74,37.45
2.92663,2,0.1597,0.085,0.068,5.419,5.663,0.9885,0.00910,269.68,54.68,0.57389348,0.7288447196,2.33,2.280129e-08,1.567964e-08,3.234871e-08,2.219639e-08,79.98,79.42,7556.68,7504.00,37.84,37.52
2.92687,2,0.1597,0.085,0.067,5.419,5.663,0.9885,0.00910,269.68,54.68,0.5738925199999999,0.7288435003999999,2.33,2.279486e-08,1.564708e-08,3.236898e-08,2.221135e-08,79.52,79.43,7513.63,7505.34,37.58,37.53
2.92713,2,0.1597,0.085,0.067,5.419,5.663,0.9885,0.00910,269.68,54.68,0.57389148,0.7288421796,2.33,2.277604e-08,1.56216e-08,3.237216e-08,2.221791e-08,79.32,79.48,7494.41,7510.05,37.46,37.56
2.92738,2,0.1597,0.085,0.067,5.419,5.663,0.9885,0.00910,269.68,54.68,0.57389048,0.7288409096,2.33,2.274293e-08,1.559605e-08,3.240104e-08,2.222185e-08,79.27,79.30,7490.07,7492.98,37.43,37.45
2.92762,2,0.1598,0.085,0.067,5.419,5.663,0.9885,0.00910,269.68,54.68,0.5738895199999999,0.7288396904,2.33,2.272482e-08,1.558822e-08,3.239919e-08,2.220991e-08,79.40,79.23,7501.78,7486.22,37.50,37.41
2.92787,2,0.1598,0.085,0.067,5.419,5.663,0.9885,0.00910,269.68,54.68,0.57388852,0.7288384204,2.33,2.269121e-08,1.555012e-08,3.240755e-08,2.221931e-08,79.15,79.27,7478.74,7490.15,37.36,37.43
2.92813,2,0.1598,0.085,0.067,5.419,5.663,0.9885,0.00910,269.68,54.68,0.57388748,0.7288370996,2.33,2.26651e-08,1.551671e-08,3.239412e-08,2.220441e-08,78.90,79.21,7455.05,7484.05,37.22,37.40
2.92837,2,0.1598,0.085,0.067,5.419,5.663,0.9885,0.00910,269.68,54.68,0.57388652,0.7288358803999999,2.33,2.262115e-08,1.549242e-08,3.237381e-08,2.219659e-08,79.00,79.28,7463.91,7490.60,37.27,37.44
2.92862,2,0.1599,0.085,0.067,5.418,5.663,0.9885,0.00910,269.68,54.68,0.5738855199999999,0.7288346104,2.33,2.256375e-08,1.545549e-08,3.236306e-08,2.217686e-08,79.08,79.19,7472.23,7482.02,37.33,37.38
2.92888,2,0.1599,0.085,0.067,5.418,5.663,0.9885,0.00910,269.68,54.68,0.5738844799999999,0.7288332895999999,2.33,2.253474e-08,1.541716e-08,3.23242e-08,2.213563e-08,78.78,79.02,7443.94,7466.37,37.15,37.29
2.92912,2,0.1599,0.085,0.067,5.418,5.663,0.9885,0.00910,269.68,54.68,0.57388352,0.7288320704,2.33,2.247164e-08,1.536294e-08,3.227832e-08,2.209472e-08,78.61,78.91,7427.03,7456.21,37.05,37.23
2.92937,2,0.1599,0.085,0.067,5.418,5.663,0.9885,0.00910,269.68,54.68,0.57388252,0.7288308003999999,2.33,2.241905e-08,1.5319e-08,3.220681e-08,2.207504e-08,78.48,79.25,7414.81,7487.68,36.98,37.42
2.92963,2,0.1600,0.085,0.067,5.418,5.663,0.9885,0.00910,269.68,54.68,0.5738814799999999,0.7288294795999999,2.33,2.234115e-08,1.527822e-08,3.214058e-08,2.202477e-08,78.73,79.24,7438.58,7487.09,37.12,37.41
2.92988,2,0.1600,0.085,0.067,5.418,5.663,0.9885,0.00910,269.68,54.68,0.5738804799999999,0.7288282095999999,2.33,2.226877e-08,1.521867e-08,3.206076e-08,2.194497e-08,78.56,78.95,7423.07,7459.98,37.03,37.25
2.93012,2,0.1600,0.085,0.067,5.418,5.663,0.9885,0.00910,269.68,54.68,0.57387952,0.7288269904,2.33,2.218501e-08,1.516628e-08,3.194399e-08,2.18697e-08,78.64,79.01,7430.58,7465.01,37.07,37.28
2.93038,2,0.1600,0.085,0.067,5.418,5.663,0.9885,0.00910,269.68,54.68,0.57387848,0.7288256696,2.33,2.210922e-08,1.509344e-08,3.182164e-08,2.177111e-08,78.30,78.84,7398.00,7448.93,36.87,37.18
2.93063,2,0.1601,0.085,0.067,5.418,5.663,0.9885,0.00910,269.68,54.68,0.5738774799999999,0.7288243995999999,2.33,2.204556e-08,1.505202e-08,3.169828e-08,2.170454e-08,78.38,79.09,7405.79,7473.02,36.92,37.33
2.93087,2,0.1601,0.085,0.067,5.418,5.663,0.9885,0.00910,269.68,54.68,0.57387652,0.7288231804,2.33,2.195313e-08,1.500679e-08,3.15837e-08,2.15967e-08,78.68,78.75,7433.70,7440.91,37.09,37.13
2.93113,2,0.1601,0.085,0.067,5.418,5.663,0.9885,0.00910,269.68,54.68,0.57387548,0.7288218596,2.33,2.190471e-08,1.496749e-08,3.142843e-08,2.149547e-08,78.57,78.81,7423.98,7446.32,37.03,37.17
2.93138,2,0.1601,0.085,0.067,5.418,5.663,0.9885,0.00910,269.68,54.68,0.57387448,0.7288205896,2.33,2.185557e-08,1.492275e-08,3.132433e-08,2.142287e-08,78.39,78.79,7406.49,7444.78,36.92,37.16
2.93162,2,0.1602,0.085,0.067,5.418,5.663,0.9885,0.00910,269.68,54.68,0.5738735199999999,0.7288193703999999,2.33,2.182665e-08,1.493528e-08,3.120739e-08,2.133936e-08,78.97,78.80,7461.95,7445.53,37.26,37.16
2.93187,2,0.1602,0.085,0.067,5.418,5.663,0.9885,0.00910,269.68,54.68,0.57387252,0.7288181004000001,2.33,2.184989e-08,1.492277e-08,3.113992e-08,2.127241e-08,78.50,78.56,7417.22,7422.56,36.99,37.02
2.93213,2,0.1602,0.085,0.067,5.418,5.663,0.9885,0.00910,269.68,54.68,0.57387148,0.7288167796,2.33,2.185797e-08,1.492531e-08,3.111455e-08,2.124748e-08,78.45,78.47,7412.55,7414.19,36.96,36.97
2.93237,2,0.1602,0.085,0.067,5.418,5.663,0.9885,0.00910,269.68,54.68,0.5738705199999999,0.7288155604,2.33,2.187426e-08,1.495385e-08,3.110727e-08,2.123441e-08,78.74,78.38,7439.88,7405.28,37.13,36.92
2.93262,2,0.1603,0.085,0.067,5.418,5.663,0.9885,0.00910,269.68,54.68,0.5738695199999999,0.7288142903999999,2.33,2.192064e-08,1.497574e-08,3.110699e-08,2.123537e-08,78.63,78.44,7429.12,7411.17,37.06,36.95
2.93288,2,0.1603,0.085,0.067,5.418,5.663,0.9885,0.00910,269.68,54.68,0.57386848,0.7288129696000001,2.33,2.196281e-08,1.499932e-08,3.113243e-08,2.123538e-08,78.54,78.24,7420.96,7392.13,37.01,36.84
2.93312,2,0.1603,0.085,0.067,5.418,5.663,0.9885,0.00910,269.68,54.68,0.57386752,0.7288117504,2.33,2.196596e-08,1.501746e-08,3.122596e-08,2.126978e-08,78.81,77.90,7445.96,7360.13,37.16,36.64
2.93337,2,0.1604,0.085,0.067,5.418,5.663,0.9885,0.00910,269.68,54.68,0.5738665199999999,0.7288104804,2.33,2.200575e-08,1.503254e-08,3.126798e-08,2.128063e-08,78.65,77.74,7431.66,7345.48,37.08,36.55
2.93363,2,0.1604,0.085,0.067,5.418,5.663,0.9885,0.00910,269.68,54.68,0.5738654799999999,0.7288091595999999,2.33,2.203969e-08,1.505425e-08,3.128753e-08,2.13086e-08,78.63,77.91,7429.36,7361.34,37.06,36.65
2.93388,2,0.1604,0.085,0.067,5.418,5.663,0.9885,0.00910,269.68,54.68,0.57386448,0.7288078896,2.33,2.204203e-08,1.506068e-08,3.130619e-08,2.13077e-08,78.71,77.75,7436.89,7346.63,37.11,36.56
2.93412,2,0.1604,0.085,0.067,5.418,5.663,0.9885,0.00910,269.68,54.68,0.57386352,0.7288066703999999,2.33,2.205041e-08,1.506197e-08,3.132823e-08,2.130142e-08,78.64,77.51,7429.98,7323.72,37.07,36.42
2.93438,2,0.1605,0.085,0.067,5.418,5.663,0.9885,0.00910,269.68,54.68,0.57386248,0.7288053496,2.33,2.202492e-08,1.506082e-08,3.132302e-08,2.128932e-08,78.95,77.46,7460.02,7319.09,37.25,36.39
2.93463,2,0.1605,0.085,0.067,5.418,5.663,0.9885,0.00910,269.68,54.68,0.5738614799999999,0.7288040795999999,2.33,2.201847e-08,1.50488e-08,3.131458e-08,2.127176e-08,78.83,77.33,7448.11,7306.41,37.18,36.32
2.93487,2,0.1605,0.085,0.067,5.418,5.663,0.9885,0.00910,269.68,54.68,0.57386052,0.7288028604,2.33,2.199706e-08,1.504091e-08,3.126931e-08,2.123102e-08,78.94,77.22,7458.68,7295.71,37.24,36.25
2.93513,2,0.1605,0.085,0.067,5.418,5.663,0.9885,0.00910,269.68,54.68,0.57385948,0.7288015395999999,2.33,2.19857e-08,1.502122e-08,3.121782e-08,2.12117e-08,78.74,77.39,7440.00,7312.51,37.13,36.35
2.93538,2,0.1606,0.085,0.067,5.417,5.663,0.9885,0.00910,269.68,54.68,0.57385848,0.7288002696,2.33,2.194322e-08,1.499408e-08,3.115486e-08,2.114406e-08,78.82,77.16,7447.59,7290.32,37.17,36.22
2.93562,2,0.1606,0.085,0.067,5.417,5.663,0.9885,0.00910,269.68,54.68,0.57385752,0.7287990504,2.33,2.190264e-08,1.496369e-08,3.109421e-08,2.109107e-08,78.78,77.02,7443.41,7277.62,37.15,36.14
2.93587,2,0.1606,0.085,0.067,5.417,5.663,0.9885,0.00910,269.68,54.68,0.57385652,0.7287977804,2.33,2.18591e-08,1.49423e-08,3.10166e-08,2.100771e-08,78.92,76.68,7456.57,7244.69,37.23,35.94
2.93613,2,0.1606,0.085,0.067,5.417,5.663,0.9885,0.00910,269.68,54.68,0.57385548,0.7287964596,2.33,2.179721e-08,1.490056e-08,3.09095e-08,2.094744e-08,78.93,76.81,7457.47,7257.86,37.23,36.02
2.93637,2,0.1607,0.085,0.067,5.417,5.663,0.9885,0.00910,269.68,54.68,0.5738545199999999,0.7287952403999999,2.33,2.17726e-08,1.486111e-08,3.083312e-08,2.087517e-08,78.60,76.63,7426.37,7240.31,37.04,35.91
2.93662,2,0.1607,0.084,0.067,5.417,5.663,0.9885,0.00910,269.68,54.68,0.57385352,0.7287939704,2.33,2.171283e-08,1.482342e-08,3.072135e-08,2.080837e-08,78.65,76.73,7431.08,7249.68,37.07,35.97
2.93688,2,0.1607,0.084,0.067,5.417,5.663,0.9885,0.00910,269.68,54.68,0.57385248,0.7287926496,2.33,2.164431e-08,1.478133e-08,3.063646e-08,2.072901e-08,78.73,76.48,7438.51,7226.07,37.12,35.83
2.93712,2,0.1607,0.084,0.067,5.417,5.663,0.9885,0.00910,269.68,54.68,0.57385152,0.7287914303999999,2.33,2.158771e-08,1.473431e-08,3.052397e-08,2.064751e-08,78.59,76.42,7425.21,7220.24,37.04,35.79
2.93737,2,0.1608,0.084,0.067,5.417,5.663,0.9885,0.00910,269.68,54.68,0.5738505199999999,0.7287901603999999,2.33,2.151477e-08,1.46819e-08,3.04075e-08,2.055957e-08,78.59,76.36,7425.65,7214.80,37.04,35.76
2.93763,2,0.1608,0.084,0.067,5.417,5.664,0.9885,0.00910,269.68,54.68,0.5738494799999999,0.7287888395999998,2.33,2.14451e-08,1.462472e-08,3.029289e-08,2.048385e-08,78.43,76.38,7410.27,7216.73,36.94,35.77
2.93788,2,0.1608,0.084,0.067,5.417,5.664,0.9885,0.00910,269.68,54.68,0.57384848,0.7287875696,2.33,2.137202e-08,1.45903e-08,3.020274e-08,2.039621e-08,78.69,76.07,7434.98,7187.69,37.09,35.59
2.93812,2,0.1608,0.084,0.067,5.417,5.664,0.9885,0.00910,269.68,54.68,0.5738475199999999,0.7287863504,2.33,2.129222e-08,1.451553e-08,3.010106e-08,2.031588e-08,78.34,75.94,7402.37,7175.00,36.90,35.52
2.93838,2,0.1609,0.084,0.067,5.417,5.664,0.9885,0.00910,269.68,54.68,0.5738464799999999,0.7287850295999999,2.33,2.122349e-08,1.445414e-08,2.999712e-08,2.024784e-08,78.15,76.01,7383.64,7181.77,36.78,35.56
2.93863,2,0.1609,0.084,0.067,5.417,5.664,0.9885,0.00910,269.68,54.68,0.5738454799999999,0.7287837595999999,2.33,2.11218e-08,1.441057e-08,2.989893e-08,2.017244e-08,78.59,75.90,7425.13,7171.79,37.03,35.50
2.93887,2,0.1609,0.084,0.067,5.417,5.664,0.9885,0.00910,269.68,54.68,0.57384452,0.7287825404,2.33,2.104937e-08,1.434295e-08,2.979304e-08,2.010243e-08,78.27,75.92,7395.59,7173.36,36.86,35.51
2.93913,2,0.1609,0.084,0.067,5.417,5.664,0.9885,0.00910,269.68,54.68,0.57384348,0.7287812196,2.33,2.09713e-08,1.42896e-08,2.968007e-08,2.002388e-08,78.27,75.89,7395.34,7170.80,36.85,35.49
2.93938,2,0.1610,0.084,0.067,5.417,5.664,0.9884,0.00910,269.68,54.68,0.5738424799999999,0.7287799495999999,2.33,2.087612e-08,1.42165e-08,2.9595e-08,1.996311e-08,78.17,75.89,7385.74,7170.80,36.80,35.49
2.93962,2,0.1610,0.084,0.067,5.417,5.664,0.9884,0.00910,269.68,54.68,0.57384152,0.7287787304,2.33,2.07892e-08,1.415257e-08,2.949158e-08,1.988812e-08,78.09,75.83,7378.00,7165.01,36.75,35.45
2.93987,2,0.1610,0.084,0.067,5.417,5.664,0.9884,0.00910,269.68,54.68,0.57384052,0.7287774604,2.33,2.069886e-08,1.408471e-08,2.94145e-08,1.985075e-08,77.98,76.00,7367.58,7181.24,36.68,35.55
2.94013,2,0.1610,0.084,0.067,5.417,5.664,0.9884,0.00910,269.68,54.68,0.57383948,0.7287761396,2.33,2.059921e-08,1.40185e-08,2.932561e-08,1.976272e-08,78.00,75.67,7370.21,7150.04,36.70,35.36
2.94037,2,0.1611,0.084,0.067,5.417,5.664,0.9884,0.00910,269.68,54.68,0.5738385199999999,0.7287749203999999,2.33,2.051631e-08,1.396203e-08,2.92378e-08,1.972611e-08,78.05,75.99,7374.70,7179.67,36.73,35.54
2.94062,2,0.1611,0.084,0.067,5.417,5.664,0.9884,0.00910,269.68,54.68,0.57383752,0.7287736504,2.33,2.042226e-08,1.3882e-08,2.913294e-08,1.965183e-08,77.77,75.95,7348.14,7175.70,36.57,35.52
2.94088,2,0.1611,0.084,0.067,5.417,5.664,0.9884,0.00910,269.68,54.68,0.57383648,0.7287723295999999,2.33,2.034753e-08,1.381915e-08,2.905604e-08,1.960277e-08,77.56,75.98,7328.19,7178.87,36.45,35.54
2.94112,2,0.1611,0.084,0.067,5.417,5.664,0.9884,0.00910,269.68,54.68,0.5738355199999999,0.7287711104,2.33,2.023969e-08,1.376343e-08,2.898391e-08,1.953845e-08,77.87,75.79,7357.38,7161.23,36.62,35.43
2.94137,2,0.1612,0.084,0.067,5.417,5.664,0.9884,0.00910,269.68,54.68,0.5738345199999999,0.7287698403999999,2.33,2.016221e-08,1.369274e-08,2.890247e-08,1.949286e-08,77.60,75.95,7331.82,7176.19,36.47,35.52
2.94163,2,0.1612,0.084,0.067,5.417,5.664,0.9884,0.00910,269.68,54.68,0.57383348,0.7287685196,2.33,2.007666e-08,1.363873e-08,2.883104e-08,1.9445e-08,77.67,75.95,7338.67,7176.55,36.51,35.52
2.94188,2,0.1612,0.084,0.067,5.417,5.664,0.9884,0.00910,269.68,54.68,0.57383248,0.7287672495999999,2.33,1.99817e-08,1.357436e-08,2.875078e-08,1.939253e-08,77.67,75.97,7338.91,7178.43,36.51,35.54
2.94212,2,0.1612,0.084,0.067,5.417,5.664,0.9884,0.00910,269.68,54.68,0.5738315199999999,0.7287660303999999,2.33,1.98931e-08,1.350339e-08,2.867757e-08,1.933769e-08,77.48,75.91,7320.68,7172.21,36.40,35.50
2.94238,2,0.1613,0.084,0.067,5.416,5.664,0.9884,0.00910,269.68,54.68,0.5738304799999999,0.7287647096,2.33,1.979759e-08,1.344632e-08,2.859191e-08,1.926602e-08,77.67,75.79,7338.41,7160.79,36.51,35.43
2.94263,2,0.1613,0.084,0.067,5.416,5.664,0.9884,0.00910,269.68,54.68,0.57382948,0.7287634396,2.33,1.973519e-08,1.338731e-08,2.851619e-08,1.921367e-08,77.37,75.77,7310.11,7159.27,36.33,35.42
2.94287,2,0.1613,0.084,0.067,5.416,5.664,0.9884,0.00910,269.68,54.68,0.57382852,0.7287622203999999,2.33,1.964579e-08,1.332472e-08,2.843836e-08,1.914806e-08,77.33,75.61,7306.79,7144.21,36.31,35.33
2.94313,2,0.1614,0.084,0.067,5.416,5.664,0.9884,0.00910,269.68,54.68,0.57382748,0.7287608995999999,2.33,1.956908e-08,1.327239e-08,2.834032e-08,1.908402e-08,77.38,75.68,7310.80,7150.90,36.34,35.37
2.94338,2,0.1614,0.084,0.067,5.416,5.664,0.9884,0.00910,269.68,54.68,0.5738264799999999,0.7287596296,2.33,1.947584e-08,1.320649e-08,2.824546e-08,1.901725e-08,77.33,75.65,7306.22,7147.57,36.31,35.35
2.94362,2,0.1614,0.084,0.067,5.416,5.664,0.9884,0.00910,269.68,54.68,0.57382552,0.7287584104,2.33,1.941009e-08,1.315079e-08,2.816692e-08,1.896584e-08,77.12,75.67,7287.09,7149.27,36.19,35.36
2.94387,2,0.1614,0.084,0.066,5.416,5.664,0.9884,0.00910,269.68,54.68,0.57382452,0.7287571404,2.33,1.933221e-08,1.309194e-08,2.806244e-08,1.888763e-08,77.02,75.57,7276.80,7140.36,36.13,35.30
2.94413,2,0.1615,0.084,0.066,5.416,5.664,0.9884,0.00910,269.68,54.68,0.5738234799999999,0.7287558195999999,2.33,1.925996e-08,1.304078e-08,2.79634e-08,1.881602e-08,77.02,75.56,7277.45,7139.04,36.14,35.30
2.94437,2,0.1615,0.084,0.066,5.416,5.664,0.9884,0.00910,269.68,54.68,0.57382252,0.7287546004000001,2.33,1.91829e-08,1.299241e-08,2.78824e-08,1.874165e-08,77.09,75.31,7284.06,7115.98,36.18,35.16
2.94462,2,0.1615,0.084,0.066,5.416,5.664,0.9884,0.00910,269.69,54.68,0.57382152,0.7287533304,2.33,1.910507e-08,1.292862e-08,2.773138e-08,1.868286e-08,76.89,75.84,7264.77,7165.96,36.06,35.46
2.94488,2,0.1615,0.084,0.066,5.416,5.664,0.9884,0.00910,269.69,54.68,0.57382048,0.7287520096,2.33,1.903098e-08,1.286942e-08,2.764482e-08,1.857651e-08,76.72,75.25,7248.98,7109.62,35.96,35.12
2.94512,2,0.1616,0.084,0.066,5.416,5.664,0.9884,0.00910,269.69,54.68,0.5738195199999999,0.7287507903999999,2.33,1.8964e-08,1.280514e-08,2.7522e-08,1.851032e-08,76.42,75.50,7220.40,7133.22,35.79,35.26
2.94537,2,0.1616,0.084,0.066,5.416,5.664,0.9884,0.00910,269.69,54.68,0.57381852,0.7287495204,2.33,1.888858e-08,1.275001e-08,2.742407e-08,1.841424e-08,76.34,75.12,7213.08,7097.65,35.75,35.04
2.94563,2,0.1616,0.084,0.066,5.416,5.664,0.9884,0.00910,269.69,54.68,0.57381748,0.7287481996,2.33,1.881761e-08,1.270159e-08,2.731183e-08,1.833404e-08,76.33,75.06,7212.18,7091.96,35.74,35.01
2.94588,2,0.1616,0.084,0.066,5.416,5.664,0.9884,0.00910,269.69,54.68,0.57381648,0.7287469296,2.33,1.874941e-08,1.26517e-08,2.720827e-08,1.82652e-08,76.26,75.07,7205.43,7092.76,35.70,35.02
2.94612,2,0.1617,0.084,0.066,5.416,5.664,0.9884,0.00910,269.69,54.68,0.5738155199999999,0.7287457103999999,2.33,1.868027e-08,1.25913e-08,2.707299e-08,1.81755e-08,76.05,75.13,7185.76,7098.47,35.58,35.05
2.94638,2,0.1617,0.084,0.066,5.416,5.664,0.9884,0.00910,269.69,54.68,0.5738144799999999,0.7287443895999999,2.33,1.860635e-08,1.253981e-08,2.695583e-08,1.806565e-08,76.02,74.74,7182.84,7061.37,35.56,34.82
2.94663,2,0.1617,0.084,0.066,5.416,5.664,0.9884,0.00910,269.69,54.68,0.57381348,0.7287431196,2.33,1.853428e-08,1.248833e-08,2.683849e-08,1.799968e-08,75.97,74.90,7177.71,7076.48,35.53,34.92
2.94687,2,0.1617,0.084,0.066,5.416,5.664,0.9884,0.00910,269.69,54.68,0.5738125199999999,0.7287419004,2.33,1.846798e-08,1.243051e-08,2.672003e-08,1.791271e-08,75.72,74.80,7154.51,7067.46,35.39,34.86
2.94713,2,0.1618,0.084,0.066,5.416,5.664,0.9884,0.00910,269.69,54.68,0.5738114799999999,0.7287405795999999,2.33,1.838786e-08,1.237478e-08,2.657489e-08,1.781891e-08,75.73,74.89,7155.75,7076.05,35.40,34.91
2.94738,2,0.1618,0.084,0.066,5.416,5.664,0.9884,0.00910,269.69,54.68,0.57381048,0.7287393096,2.33,1.833406e-08,1.232012e-08,2.644112e-08,1.772655e-08,75.39,74.86,7123.12,7072.82,35.20,34.89
2.94762,2,0.1618,0.084,0.066,5.416,5.664,0.9884,0.00910,269.69,54.68,0.57380952,0.7287380903999999,2.33,1.825773e-08,1.227063e-08,2.633792e-08,1.765026e-08,75.42,74.77,7126.31,7064.20,35.22,34.84
2.94787,2,0.1618,0.084,0.066,5.416,5.664,0.9884,0.00910,269.69,54.68,0.5738085199999999,0.7287368203999999,2.33,1.817612e-08,1.221731e-08,2.618676e-08,1.755261e-08,75.45,74.81,7129.03,7068.65,35.23,34.87
2.94813,2,0.1619,0.084,0.066,5.416,5.664,0.9884,0.00910,269.69,54.68,0.5738074799999999,0.7287354996,2.33,1.810867e-08,1.215267e-08,2.606293e-08,1.747425e-08,75.13,74.92,7099.04,7078.72,35.05,34.93
2.94837,2,0.1619,0.084,0.066,5.416,5.664,0.9884,0.00910,269.69,54.68,0.57380652,0.7287342804,2.33,1.802907e-08,1.210793e-08,2.593341e-08,1.738245e-08,75.30,74.85,7114.55,7072.59,35.15,34.89
2.94862,2,0.1619,0.084,0.066,5.416,5.664,0.9884,0.00910,269.69,54.68,0.57380552,0.7287330103999999,2.33,1.794718e-08,1.205925e-08,2.581256e-08,1.730567e-08,75.42,74.91,7125.91,7077.83,35.22,34.92
2.94888,2,0.1619,0.084,0.066,5.416,5.664,0.9884,0.00910,269.69,54.68,0.57380448,0.7287316895999999,2.33,1.788273e-08,1.200336e-08,2.568904e-08,1.721599e-08,75.18,74.82,7103.21,7069.27,35.08,34.87
2.94912,2,0.1620,0.084,0.066,5.415,5.664,0.9884,0.00910,269.69,54.68,0.57380352,0.7287304704,2.33,1.77942e-08,1.194451e-08,2.552816e-08,1.71425e-08,75.24,75.32,7108.63,7116.85,35.11,35.16
2.94937,2,0.1620,0.083,0.066,5.415,5.664,0.9884,0.00910,269.69,54.68,0.57380252,0.7287292004,2.33,1.771695e-08,1.189342e-08,2.540672e-08,1.704202e-08,75.25,75.07,7109.83,7092.67,35.12,35.01
2.94963,2,0.1620,0.083,0.066,5.415,5.664,0.9884,0.00910,269.69,54.68,0.57380148,0.7287278796,2.33,1.764496e-08,1.184559e-08,2.528065e-08,1.695722e-08,75.26,75.06,7110.74,7092.37,35.12,35.01
2.94988,2,0.1620,0.083,0.066,5.415,5.664,0.9884,0.00910,269.69,54.68,0.57380048,0.7287266095999999,2.33,1.755397e-08,1.178724e-08,2.514453e-08,1.686753e-08,75.31,75.09,7115.76,7094.43,35.15,35.02
2.95012,2,0.1621,0.083,0.066,5.415,5.664,0.9884,0.00910,269.69,54.68,0.57379952,0.7287253904000001,2.33,1.748399e-08,1.173624e-08,2.500659e-08,1.6791e-08,75.28,75.35,7112.76,7119.42,35.14,35.18
2.95038,2,0.1621,0.083,0.066,5.415,5.664,0.9884,0.00910,269.69,54.68,0.57379848,0.7287240696,2.33,1.740152e-08,1.167664e-08,2.489097e-08,1.670706e-08,75.20,75.26,7104.90,7111.25,35.09,35.13
2.95063,2,0.1621,0.083,0.066,5.415,5.664,0.9884,0.00910,269.69,54.68,0.57379748,0.7287227996,2.33,1.732416e-08,1.162038e-08,2.473271e-08,1.662194e-08,75.11,75.56,7096.83,7138.82,35.04,35.29
2.95087,2,0.1621,0.083,0.066,5.415,5.664,0.9884,0.00910,269.69,54.68,0.5737965199999999,0.7287215803999999,2.33,1.723927e-08,1.156717e-08,2.461057e-08,1.653943e-08,75.18,75.55,7103.79,7138.26,35.08,35.29
2.95113,2,0.1622,0.083,0.066,5.415,5.664,0.9884,0.00910,269.69,54.68,0.5737954799999999,0.7287202595999999,2.33,1.715716e-08,1.152358e-08,2.450058e-08,1.645685e-08,75.46,75.47,7129.80,7131.22,35.24,35.25
2.95138,2,0.1622,0.083,0.066,5.415,5.664,0.9884,0.00910,269.69,54.68,0.57379448,0.7287189896,2.33,1.70717e-08,1.145395e-08,2.435643e-08,1.636587e-08,75.22,75.56,7106.69,7138.98,35.10,35.29
2.95162,2,0.1622,0.083,0.066,5.415,5.664,0.9884,0.00910,269.69,54.68,0.57379352,0.7287177704,2.33,1.698731e-08,1.140871e-08,2.42448e-08,1.628837e-08,75.44,75.52,7128.30,7135.66,35.23,35.27
2.95187,2,0.1622,0.083,0.066,5.415,5.664,0.9884,0.00910,269.69,54.68,0.5737925199999999,0.7287165003999999,2.33,1.690783e-08,1.134828e-08,2.4124e-08,1.620268e-08,75.30,75.46,7114.84,7129.58,35.15,35.24
2.95213,2,0.1623,0.083,0.066,5.415,5.664,0.9884,0.00910,269.69,54.68,0.5737914799999999,0.7287151795999999,2.33,1.682189e-08,1.129812e-08,2.398324e-08,1.611126e-08,75.50,75.55,7133.66,7138.18,35.26,35.29
2.95237,2,0.1623,0.083,0.066,5.415,5.664,0.9884,0.00910,269.69,54.68,0.57379052,0.7287139604,2.33,1.674859e-08,1.124444e-08,2.386778e-08,1.603374e-08,75.41,75.55,7125.08,7138.24,35.21,35.29
2.95262,2,0.1623,0.083,0.066,5.415,5.664,0.9884,0.00910,269.69,54.68,0.5737895199999999,0.7287126904,2.33,1.666401e-08,1.119222e-08,2.375159e-08,1.594409e-08,75.50,75.38,7133.93,7122.46,35.26,35.19
2.95288,2,0.1623,0.083,0.066,5.415,5.664,0.9884,0.00910,269.69,54.68,0.5737884799999999,0.7287113695999999,2.33,1.657446e-08,1.11417e-08,2.361485e-08,1.587688e-08,75.70,75.74,7152.75,7156.16,35.38,35.40
2.95312,2,0.1624,0.083,0.066,5.415,5.664,0.9884,0.00910,269.69,54.68,0.57378752,0.7287101504,2.33,1.649278e-08,1.10886e-08,2.350278e-08,1.579126e-08,75.79,75.64,7160.71,7146.38,35.43,35.34
2.95337,2,0.1624,0.083,0.066,5.415,5.664,0.9884,0.00910,269.69,54.68,0.57378652,0.7287088803999999,2.33,1.643463e-08,1.104125e-08,2.336604e-08,1.57085e-08,75.61,75.77,7144.41,7159.04,35.33,35.42
2.95363,2,0.1624,0.083,0.066,5.415,5.664,0.9884,0.00910,269.69,54.68,0.57378548,0.7287075596,2.33,1.634905e-08,1.098374e-08,2.326495e-08,1.564483e-08,75.61,75.83,7144.38,7165.04,35.33,35.45
2.95388,2,0.1625,0.083,0.066,5.415,5.664,0.9884,0.00911,269.69,54.68,0.5737844799999999,0.7287062896,2.33,1.627028e-08,1.092588e-08,2.316346e-08,1.556068e-08,75.56,75.64,7138.95,7147.15,35.29,35.34
2.95412,2,0.1625,0.083,0.066,5.415,5.664,0.9884,0.00911,269.69,54.68,0.57378352,0.7287050704,2.33,1.61994e-08,1.087704e-08,2.305576e-08,1.549133e-08,75.53,75.69,7136.46,7151.37,35.28,35.37
2.95438,2,0.1625,0.083,0.066,5.415,5.664,0.9884,0.00911,269.69,54.68,0.57378248,0.7287037496,2.33,1.612432e-08,1.083455e-08,2.295495e-08,1.54173e-08,75.70,75.59,7152.38,7142.48,35.37,35.31
2.95463,2,0.1625,0.083,0.066,5.415,5.664,0.9884,0.00911,269.69,54.68,0.57378148,0.7287024796,2.33,1.60614e-08,1.078652e-08,2.283857e-08,1.535296e-08,75.58,75.80,7140.78,7162.12,35.30,35.43
2.95487,2,0.1626,0.083,0.066,5.414,5.664,0.9884,0.00911,269.69,54.68,0.5737805199999999,0.7287012603999999,2.33,1.597958e-08,1.073856e-08,2.275291e-08,1.527209e-08,75.77,75.50,7159.36,7133.34,35.42,35.26
2.95512,2,0.1626,0.083,0.066,5.414,5.664,0.9884,0.00911,269.69,54.68,0.57377952,0.7286999904,2.33,1.591578e-08,1.069448e-08,2.26469e-08,1.522378e-08,75.75,75.84,7156.90,7166.05,35.40,35.46
2.95538,2,0.1626,0.083,0.066,5.414,5.664,0.9884,0.00911,269.69,54.68,0.57377848,0.7286986696,2.33,1.584365e-08,1.064713e-08,2.254461e-08,1.514509e-08,75.77,75.69,7159.19,7151.74,35.42,35.37
2.95562,2,0.1626,0.083,0.066,5.414,5.664,0.9884,0.00911,269.69,54.68,0.5737775199999999,0.7286974503999999,2.33,1.578596e-08,1.060282e-08,2.244875e-08,1.509776e-08,75.65,75.95,7147.80,7176.46,35.35,35.52
2.95587,2,0.1627,0.083,0.066,5.414,5.664,0.9884,0.00911,269.69,54.68,0.57377652,0.7286961804000001,2.33,1.571841e-08,1.056168e-08,2.236925e-08,1.502736e-08,75.79,75.74,7160.93,7156.25,35.43,35.40
2.95613,2,0.1627,0.083,0.066,5.414,5.664,0.9884,0.00911,269.69,54.68,0.57377548,0.7286948596,2.33,1.566236e-08,1.050925e-08,2.227009e-08,1.496801e-08,75.47,75.85,7130.38,7166.85,35.24,35.46
2.95637,2,0.1627,0.083,0.066,5.414,5.664,0.9884,0.00911,269.69,54.68,0.57377452,0.7286936404,2.33,1.559188e-08,1.047638e-08,2.219266e-08,1.491511e-08,75.78,75.84,7160.34,7165.59,35.42,35.45
2.95662,2,0.1627,0.083,0.066,5.414,5.664,0.9884,0.00911,269.69,54.68,0.5737735199999999,0.7286923703999999,2.33,1.553611e-08,1.044101e-08,2.209407e-08,1.485803e-08,75.83,75.98,7164.74,7179.11,35.45,35.54
2.95688,2,0.1628,0.083,0.066,5.414,5.664,0.9884,0.00911,269.69,54.68,0.5737724799999999,0.7286910495999999,2.33,1.54816e-08,1.040236e-08,2.201296e-08,1.481154e-08,75.83,76.15,7164.90,7195.47,35.45,35.64
2.95713,2,0.1628,0.083,0.066,5.414,5.664,0.9884,0.00911,269.69,54.68,0.57377148,0.7286897796,2.33,1.542753e-08,1.03674e-08,2.193799e-08,1.475489e-08,75.86,76.06,7167.79,7186.23,35.47,35.58
2.95737,2,0.1628,0.083,0.066,5.414,5.664,0.9884,0.00911,269.69,54.68,0.57377052,0.7286885604,2.33,1.53827e-08,1.032525e-08,2.184166e-08,1.470498e-08,75.59,76.29,7142.43,7208.51,35.31,35.71
2.95763,2,0.1628,0.083,0.066,5.414,5.664,0.9884,0.00911,269.69,54.68,0.5737694799999999,0.7286872395999999,2.33,1.531126e-08,1.029868e-08,2.176383e-08,1.465959e-08,76.07,76.40,7187.83,7219.07,35.59,35.78
2.95788,2,0.1629,0.083,0.066,5.414,5.664,0.9884,0.00911,269.69,54.68,0.5737684799999999,0.7286859695999999,2.33,1.526788e-08,1.026076e-08,2.168604e-08,1.460693e-08,75.92,76.45,7173.57,7223.11,35.50,35.80
2.95812,2,0.1629,0.083,0.066,5.414,5.664,0.9884,0.00911,269.69,54.68,0.57376752,0.7286847504,2.33,1.52291e-08,1.023221e-08,2.159569e-08,1.455094e-08,75.87,76.53,7168.26,7230.52,35.47,35.85
2.95838,2,0.1629,0.083,0.066,5.414,5.664,0.9884,0.00911,269.69,54.68,0.57376648,0.7286834296,2.33,1.518452e-08,1.019905e-08,2.152205e-08,1.450405e-08,75.79,76.57,7161.39,7234.69,35.43,35.87
2.95863,2,0.1629,0.083,0.066,5.414,5.664,0.9884,0.00911,269.69,54.68,0.5737654799999999,0.7286821595999999,2.33,1.513424e-08,1.017281e-08,2.143219e-08,1.445769e-08,75.97,76.80,7177.58,7256.54,35.53,36.01
2.95887,2,0.1630,0.083,0.066,5.414,5.664,0.9884,0.00911,269.69,54.68,0.57376452,0.7286809404,2.33,1.510549e-08,1.01423e-08,2.135779e-08,1.441225e-08,75.76,76.93,7157.90,7268.35,35.41,36.08
2.95912,2,0.1630,0.083,0.066,5.414,5.664,0.9884,0.00911,269.69,54.68,0.57376352,0.7286796703999999,2.33,1.505549e-08,1.012591e-08,2.128555e-08,1.435706e-08,76.15,76.82,7195.06,7258.34,35.63,36.02
2.95938,2,0.1630,0.083,0.066,5.414,5.664,0.9884,0.00911,269.69,54.68,0.57376248,0.7286783496,2.33,1.500464e-08,1.009611e-08,2.118466e-08,1.43179e-08,76.25,77.30,7204.65,7303.61,35.69,36.29
2.95962,2,0.1630,0.083,0.066,5.414,5.664,0.9884,0.00911,269.69,54.68,0.5737615199999999,0.7286771303999999,2.33,1.497764e-08,1.007391e-08,2.112388e-08,1.426316e-08,76.16,77.07,7195.84,7282.09,35.64,36.16
2.95987,2,0.1631,0.083,0.066,5.414,5.664,0.9884,0.00911,269.69,54.68,0.57376052,0.7286758604,2.33,1.493445e-08,1.004632e-08,2.103339e-08,1.420402e-08,76.24,77.15,7203.45,7289.66,35.68,36.21
2.96013,2,0.1631,0.083,0.066,5.414,5.664,0.9884,0.00911,269.69,54.68,0.57375948,0.7286745396,2.33,1.490492e-08,1.002444e-08,2.095234e-08,1.41625e-08,76.19,77.37,7199.03,7310.66,35.66,36.33
2.96037,2,0.1631,0.083,0.066,5.414,5.664,0.9884,0.00911,269.69,54.68,0.5737585199999999,0.7286733203999999,2.33,1.487222e-08,1.000845e-08,2.088268e-08,1.411233e-08,76.33,77.32,7212.24,7305.74,35.74,36.30
2.96062,2,0.1631,0.083,0.066,5.414,5.664,0.9884,0.00911,269.69,54.68,0.5737575199999999,0.7286720503999999,2.33,1.483002e-08,9.986652e-09,2.07839e-08,1.406414e-08,76.49,77.64,7226.85,7335.60,35.82,36.49
2.96088,2,0.1632,0.083,0.065,5.414,5.664,0.9884,0.00911,269.69,54.68,0.57375648,0.7286707296,2.33,1.479799e-08,9.973947e-09,2.071273e-08,1.400426e-08,76.74,77.49,7251.20,7321.35,35.97,36.40
2.96113,2,0.1632,0.083,0.065,5.414,5.664,0.9884,0.00911,269.69,54.68,0.57375548,0.7286694596,2.33,1.476911e-08,9.95415e-09,2.061075e-08,1.396084e-08,76.74,77.93,7250.46,7362.92,35.97,36.65
2.96137,2,0.1632,0.083,0.065,5.414,5.664,0.9884,0.00911,269.69,54.68,0.5737545199999999,0.7286682403999999,2.33,1.47371e-08,9.928374e-09,2.052508e-08,1.390255e-08,76.64,77.92,7241.06,7362.49,35.91,36.65
2.96163,2,0.1632,0.083,0.065,5.414,5.664,0.9884,0.00911,269.69,54.68,0.5737534799999999,0.7286669196,2.33,1.470295e-08,9.910456e-09,2.043688e-08,1.384134e-08,76.76,77.90,7252.48,7360.07,35.98,36.63
2.96188,2,0.1633,0.083,0.065,5.413,5.664,0.9884,0.00911,269.69,54.68,0.57375248,0.7286656496,2.33,1.46775e-08,9.891429e-09,2.033913e-08,1.377623e-08,76.76,77.96,7252.71,7366.39,35.98,36.67
2.96212,2,0.1633,0.083,0.065,5.413,5.664,0.9884,0.00911,269.69,54.68,0.57375152,0.7286644304,2.33,1.464186e-08,9.882544e-09,2.026518e-08,1.373028e-08,77.12,78.04,7286.93,7373.28,36.19,36.71
2.96238,2,0.1633,0.082,0.065,5.413,5.664,0.9884,0.00911,269.69,54.68,0.57375048,0.7286631095999999,2.33,1.46202e-08,9.865699e-09,2.015542e-08,1.36745e-08,77.07,78.36,7281.68,7404.29,36.16,36.90
2.96263,2,0.1633,0.082,0.065,5.413,5.664,0.9884,0.00911,269.69,54.68,0.5737494799999999,0.7286618395999999,2.33,1.459237e-08,9.850578e-09,2.007291e-08,1.361292e-08,77.16,78.26,7290.00,7394.83,36.21,36.85
2.96287,2,0.1634,0.082,0.065,5.413,5.664,0.9884,0.00911,269.69,54.68,0.57374852,0.7286606204,2.33,1.457188e-08,9.84213e-09,1.997962e-08,1.355785e-08,77.33,78.46,7306.76,7413.28,36.31,36.96
2.96312,2,0.1634,0.082,0.065,5.413,5.664,0.9884,0.00911,269.69,54.68,0.57374752,0.7286593504,2.33,1.454616e-08,9.822693e-09,1.989643e-08,1.350892e-08,77.28,78.60,7302.03,7426.14,36.28,37.04
2.96338,2,0.1634,0.082,0.065,5.413,5.664,0.9884,0.00911,269.69,54.68,0.57374648,0.7286580295999999,2.33,1.450871e-08,9.809893e-09,1.980328e-08,1.345394e-08,77.59,78.75,7330.78,7440.38,36.46,37.12
2.96362,2,0.1634,0.082,0.065,5.413,5.664,0.9884,0.00911,269.69,54.68,0.57374552,0.7286568104000001,2.33,1.449449e-08,9.794943e-09,1.970587e-08,1.339524e-08,77.46,78.88,7318.47,7453.36,36.38,37.20
2.96387,2,0.1635,0.082,0.065,5.413,5.664,0.9884,0.00911,269.69,54.68,0.57374452,0.7286555404,2.33,1.445054e-08,9.782407e-09,1.962626e-08,1.334056e-08,77.93,78.92,7362.79,7456.93,36.65,37.22
2.96413,2,0.1635,0.082,0.065,5.413,5.664,0.9884,0.00911,269.69,54.68,0.57374348,0.7286542196,2.33,1.444224e-08,9.758873e-09,1.952644e-08,1.328411e-08,77.49,79.13,7321.18,7476.97,36.40,37.34
2.96437,2,0.1635,0.082,0.065,5.413,5.664,0.9884,0.00911,269.69,54.68,0.5737425199999999,0.7286530003999999,2.33,1.440758e-08,9.748862e-09,1.943402e-08,1.322744e-08,77.82,79.25,7352.37,7487.96,36.59,37.41
2.96462,2,0.1636,0.082,0.065,5.413,5.664,0.9884,0.00911,269.69,54.68,0.57374152,0.7286517304,2.33,1.438379e-08,9.724104e-09,1.934005e-08,1.317675e-08,77.65,79.55,7336.66,7516.23,36.49,37.58
2.96488,2,0.1636,0.082,0.065,5.413,5.664,0.9884,0.00911,269.69,54.68,0.57374048,0.7286504096,2.33,1.435977e-08,9.71867e-09,1.92623e-08,1.311417e-08,77.92,79.37,7361.92,7498.99,36.64,37.48
2.96513,2,0.1636,0.082,0.065,5.413,5.664,0.9884,0.00911,269.69,54.68,0.57373948,0.7286491396,2.33,1.434072e-08,9.699027e-09,1.915644e-08,1.306292e-08,77.75,79.77,7346.10,7536.63,36.55,37.71
2.96537,2,0.1636,0.082,0.065,5.413,5.664,0.9884,0.00911,269.69,54.68,0.5737385199999999,0.7286479203999999,2.33,1.431561e-08,9.684023e-09,1.907396e-08,1.302511e-08,77.80,80.12,7350.74,7570.31,36.58,37.91
2.96563,2,0.1637,0.082,0.065,5.413,5.664,0.9884,0.00911,269.69,54.68,0.5737374799999999,0.7286465995999999,2.33,1.42878e-08,9.67365e-09,1.898783e-08,1.296459e-08,78.06,80.14,7375.12,7571.80,36.72,37.92
2.96588,2,0.1637,0.082,0.065,5.413,5.664,0.9884,0.00911,269.69,54.68,0.57373648,0.7286453296,2.33,1.427024e-08,9.657696e-09,1.888833e-08,1.290466e-08,77.95,80.29,7365.52,7586.64,36.67,38.01
2.96612,2,0.1637,0.082,0.065,5.413,5.664,0.9884,0.00911,269.69,54.68,0.5737355199999999,0.7286441104,2.33,1.423387e-08,9.639666e-09,1.881866e-08,1.285061e-08,78.12,80.17,7381.12,7574.64,36.76,37.94
2.96638,2,0.1637,0.082,0.065,5.413,5.664,0.9884,0.00911,269.69,54.68,0.5737344799999999,0.7286427896,2.33,1.422406e-08,9.626837e-09,1.872876e-08,1.281764e-08,77.96,80.73,7366.45,7627.97,36.67,38.26
2.96663,2,0.1638,0.082,0.065,5.413,5.664,0.9884,0.00911,269.69,54.68,0.5737334799999999,0.7286415195999999,2.33,1.418641e-08,9.604969e-09,1.863494e-08,1.276066e-08,78.10,80.93,7379.54,7646.35,36.75,38.37
2.96687,2,0.1638,0.082,0.065,5.413,5.664,0.9884,0.00911,269.69,54.68,0.57373252,0.7286403003999999,2.33,1.41644e-08,9.587954e-09,1.856384e-08,1.270492e-08,78.05,80.78,7374.51,7632.91,36.72,38.29
2.96712,2,0.1638,0.082,0.065,5.413,5.664,0.9884,0.00911,269.69,54.68,0.5737315199999999,0.7286390303999999,2.33,1.414941e-08,9.581953e-09,1.848938e-08,1.265406e-08,78.15,80.79,7384.40,7633.10,36.78,38.29
2.96738,2,0.1638,0.082,0.065,5.413,5.664,0.9884,0.00911,269.69,54.68,0.5737304799999999,0.7286377096,2.33,1.412815e-08,9.558745e-09,1.84051e-08,1.259652e-08,77.93,80.79,7363.37,7633.37,36.65,38.29
2.96762,2,0.1639,0.082,0.065,5.413,5.664,0.9884,0.00911,269.70,54.68,0.57372952,0.7286364904,2.33,1.410912e-08,9.543242e-09,1.831438e-08,1.254925e-08,77.91,81.14,7361.60,7666.71,36.64,38.49
2.96787,2,0.1639,0.082,0.065,5.413,5.664,0.9884,0.00911,269.70,54.68,0.57372852,0.7286352204,2.33,1.409853e-08,9.531854e-09,1.82376e-08,1.250028e-08,77.81,81.22,7351.53,7673.81,36.58,38.54
2.96813,2,0.1639,0.082,0.065,5.413,5.664,0.9884,0.00911,269.70,54.68,0.57372748,0.7286338995999999,2.33,1.407454e-08,9.513604e-09,1.818288e-08,1.245607e-08,77.76,81.08,7346.69,7660.71,36.55,38.46
2.96837,2,0.1639,0.082,0.065,5.413,5.664,0.9884,0.00911,269.70,54.68,0.5737265199999999,0.7286326803999998,2.33,1.405213e-08,9.500875e-09,1.810473e-08,1.239922e-08,77.82,81.01,7352.46,7654.21,36.59,38.42
2.96862,2,0.1640,0.082,0.065,5.412,5.664,0.9884,0.00911,269.70,54.68,0.57372552,0.7286314104,2.33,1.404017e-08,9.481721e-09,1.804387e-08,1.235559e-08,77.58,81.02,7330.53,7655.05,36.45,38.42
2.96888,2,0.1640,0.082,0.065,5.412,5.664,0.9884,0.00911,269.70,54.68,0.57372448,0.7286300896,2.33,1.402413e-08,9.475985e-09,1.797491e-08,1.231956e-08,77.71,81.25,7342.69,7677.17,36.53,38.56
2.96913,2,0.1640,0.082,0.065,5.412,5.664,0.9884,0.00911,269.70,54.68,0.57372348,0.7286288195999999,2.33,1.401324e-08,9.461991e-09,1.792253e-08,1.226937e-08,77.55,80.95,7326.85,7648.85,36.43,38.39
2.96937,2,0.1640,0.082,0.065,5.412,5.664,0.9884,0.00911,269.70,54.68,0.57372252,0.7286276004000001,2.33,1.399782e-08,9.44366e-09,1.786335e-08,1.2243e-08,77.35,81.25,7307.98,7676.97,36.32,38.56
2.96963,2,0.1641,0.082,0.065,5.412,5.664,0.9884,0.00911,269.70,54.68,0.57372148,0.7286262796,2.33,1.39708e-08,9.431931e-09,1.781508e-08,1.220032e-08,77.56,81.10,7327.96,7662.49,36.44,38.47
2.96988,2,0.1641,0.082,0.065,5.412,5.664,0.9884,0.00911,269.70,54.68,0.57372048,0.7286250096,2.33,1.396158e-08,9.424229e-09,1.777467e-08,1.216981e-08,77.52,81.04,7324.42,7656.83,36.42,38.43
2.97012,2,0.1641,0.082,0.065,5.412,5.664,0.9884,0.00911,269.70,54.68,0.5737195199999999,0.7286237903999999,2.33,1.395282e-08,9.399953e-09,1.776202e-08,1.213839e-08,77.06,80.56,7280.66,7611.57,36.15,38.16
2.97038,2,0.1641,0.082,0.065,5.412,5.664,0.9884,0.00911,269.70,54.68,0.5737184799999999,0.7286224695999999,2.33,1.394225e-08,9.394951e-09,1.774171e-08,1.211776e-08,77.11,80.42,7285.69,7598.20,36.18,38.08
2.97063,2,0.1642,0.082,0.065,5.412,5.664,0.9884,0.00911,269.70,54.68,0.57371748,0.7286211996,2.33,1.393273e-08,9.38892e-09,1.768302e-08,1.209017e-08,77.17,80.73,7291.05,7627.70,36.21,38.26
2.97087,2,0.1642,0.082,0.065,5.412,5.664,0.9884,0.00911,269.70,54.68,0.57371652,0.7286199804,2.33,1.391522e-08,9.376349e-09,1.762911e-08,1.207413e-08,77.15,81.17,7289.21,7669.51,36.20,38.51
2.97112,2,0.1642,0.082,0.065,5.412,5.664,0.9884,0.00911,269.70,54.68,0.5737155199999999,0.7286187103999999,2.33,1.390965e-08,9.359062e-09,1.76142e-08,1.205324e-08,76.81,80.94,7257.03,7648.01,36.01,38.38
2.97138,2,0.1642,0.082,0.065,5.412,5.664,0.9884,0.00911,269.70,54.68,0.5737144799999999,0.7286173895999999,2.33,1.389897e-08,9.357566e-09,1.759547e-08,1.204877e-08,76.95,81.12,7270.55,7664.83,36.09,38.48
2.97162,2,0.1643,0.082,0.065,5.412,5.664,0.9884,0.00911,269.70,54.68,0.57371352,0.7286161703999999,2.33,1.38871e-08,9.345259e-09,1.75705e-08,1.203962e-08,76.89,81.34,7264.71,7685.59,36.05,38.61
2.97187,2,0.1643,0.082,0.065,5.412,5.664,0.9884,0.00911,269.70,54.68,0.57371252,0.7286149004,2.33,1.389026e-08,9.333347e-09,1.756209e-08,1.203655e-08,76.54,81.40,7231.45,7691.06,35.85,38.64
2.97213,2,0.1643,0.082,0.065,5.412,5.664,0.9884,0.00911,269.70,54.68,0.5737114799999999,0.7286135796,2.33,1.38671e-08,9.330289e-09,1.753949e-08,1.202931e-08,76.85,81.58,7261.11,7707.86,36.03,38.74
2.97237,2,0.1643,0.082,0.065,5.412,5.664,0.9884,0.00911,269.70,54.68,0.57371052,0.7286123604,2.33,1.386814e-08,9.322321e-09,1.754828e-08,1.203786e-08,76.63,81.63,7240.53,7713.00,35.91,38.77
2.97262,2,0.1644,0.082,0.065,5.412,5.664,0.9884,0.00911,269.70,54.68,0.57370952,0.7286110903999999,2.33,1.387575e-08,9.32728e-09,1.753101e-08,1.204372e-08,76.67,82.07,7244.57,7753.99,35.93,39.02
2.97288,2,0.1644,0.082,0.065,5.412,5.664,0.9884,0.00911,269.70,54.68,0.57370848,0.7286097696,2.33,1.385332e-08,9.31264e-09,1.753167e-08,1.205596e-08,76.69,82.32,7245.61,7778.29,35.94,39.17
2.97313,2,0.1644,0.082,0.065,5.412,5.664,0.9884,0.00911,269.70,54.68,0.5737074799999999,0.7286084996,2.33,1.386587e-08,9.318692e-09,1.753863e-08,1.205894e-08,76.63,82.28,7239.95,7774.56,35.90,39.15
2.97337,2,0.1644,0.082,0.065,5.412,5.664,0.9884,0.00911,269.70,54.68,0.57370652,0.7286072804,2.33,1.385636e-08,9.319348e-09,1.75345e-08,1.207662e-08,76.80,82.73,7256.69,7817.07,36.00,39.41
2.97363,2,0.1645,0.082,0.065,5.412,5.664,0.9884,0.00911,269.70,54.68,0.57370548,0.7286059596,2.33,1.385504e-08,9.311521e-09,1.754524e-08,1.207854e-08,76.67,82.66,7244.61,7810.45,35.93,39.37
2.97388,2,0.1645,0.082,0.065,5.412,5.664,0.9884,0.00911,269.70,54.68,0.57370448,0.7286046895999999,2.33,1.385507e-08,9.310466e-09,1.755572e-08,1.209041e-08,76.65,82.77,7242.06,7820.11,35.91,39.42
2.97412,2,0.1645,0.082,0.065,5.412,5.664,0.9884,0.00911,269.70,54.68,0.5737035199999999,0.7286034704,2.33,1.386009e-08,9.318302e-09,1.754103e-08,1.209593e-08,76.76,83.11,7252.65,7852.72,35.98,39.62
2.97438,2,0.1646,0.082,0.065,5.412,5.664,0.9884,0.00911,269.70,54.68,0.5737024799999999,0.7286021495999999,2.33,1.386414e-08,9.315855e-09,1.754585e-08,1.211157e-08,76.68,83.43,7244.79,7883.32,35.93,39.81
2.97463,2,0.1646,0.082,0.065,5.412,5.664,0.9884,0.00911,269.70,54.68,0.57370148,0.7286008796,2.33,1.387226e-08,9.309014e-09,1.755753e-08,1.211268e-08,76.37,83.28,7215.73,7868.73,35.75,39.72
2.97487,2,0.1646,0.082,0.065,5.412,5.664,0.9884,0.00911,269.70,54.68,0.5737005199999999,0.7285996603999999,2.33,1.387531e-08,9.318049e-09,1.754796e-08,1.212108e-08,76.54,83.61,7232.22,7900.26,35.85,39.91
2.97512,2,0.1646,0.082,0.065,5.412,5.664,0.9884,0.00911,269.70,54.68,0.5736995199999999,0.7285983903999999,2.33,1.388721e-08,9.323281e-09,1.755385e-08,1.212945e-08,76.47,83.71,7225.71,7909.33,35.81,39.97
2.97538,2,0.1647,0.082,0.065,5.411,5.664,0.9884,0.00911,269.70,54.68,0.57369848,0.7285970696,2.33,1.389068e-08,9.329296e-09,1.755578e-08,1.21362e-08,76.61,83.88,7238.80,7925.58,35.89,40.06
2.97562,2,0.1647,0.081,0.065,5.411,5.664,0.9884,0.00911,269.70,54.68,0.57369752,0.7285958504,2.33,1.38981e-08,9.334316e-09,1.75658e-08,1.21378e-08,76.61,83.76,7238.69,7914.12,35.89,39.99
2.97587,2,0.1647,0.081,0.065,5.411,5.664,0.9884,0.00911,269.70,54.68,0.5736965199999999,0.7285945803999999,2.33,1.390895e-08,9.340714e-09,1.756425e-08,1.213516e-08,76.59,83.73,7236.59,7910.81,35.88,39.97
2.97613,2,0.1647,0.081,0.065,5.411,5.664,0.9884,0.00911,269.70,54.68,0.5736954799999999,0.7285932595999999,2.33,1.391763e-08,9.351381e-09,1.754951e-08,1.214274e-08,76.71,84.12,7248.01,7948.43,35.95,40.20
2.97637,2,0.1648,0.081,0.065,5.411,5.664,0.9884,0.00911,269.70,54.68,0.57369452,0.7285920404,2.33,1.391962e-08,9.357529e-09,1.754826e-08,1.21362e-08,76.88,84.05,7263.79,7941.20,36.05,40.16
2.97662,2,0.1648,0.081,0.065,5.411,5.664,0.9884,0.00911,269.70,54.68,0.57369352,0.7285907704,2.33,1.39327e-08,9.36883e-09,1.755871e-08,1.213117e-08,76.94,83.77,7269.73,7915.27,36.08,40.00
2.97688,2,0.1648,0.081,0.065,5.411,5.664,0.9884,0.00911,269.70,54.68,0.57369248,0.7285894495999999,2.33,1.395258e-08,9.382312e-09,1.754023e-08,1.212079e-08,76.94,83.83,7270.00,7920.32,36.08,40.03
2.97713,2,0.1648,0.081,0.065,5.411,5.664,0.9884,0.00911,269.70,54.68,0.5736914799999999,0.7285881795999999,2.33,1.396482e-08,9.391065e-09,1.752477e-08,1.212045e-08,76.96,84.06,7271.23,7942.25,36.09,40.16
2.97737,2,0.1649,0.081,0.065,5.411,5.664,0.9884,0.00911,269.70,54.68,0.57369052,0.7285869604,2.33,1.398003e-08,9.409312e-09,1.753057e-08,1.210898e-08,77.20,83.76,7294.62,7914.26,36.23,39.99
2.97763,2,0.1649,0.081,0.065,5.411,5.664,0.9884,0.00911,269.70,54.68,0.57368948,0.7285856396,2.33,1.399764e-08,9.418052e-09,1.751542e-08,1.210669e-08,77.13,83.95,7287.26,7931.58,36.19,40.10
2.97788,2,0.1649,0.081,0.065,5.411,5.664,0.9884,0.00911,269.70,54.68,0.57368848,0.7285843696,2.33,1.402205e-08,9.430395e-09,1.751071e-08,1.209335e-08,77.02,83.72,7277.63,7910.22,36.13,39.97
2.97812,2,0.1649,0.081,0.065,5.411,5.664,0.9884,0.00911,269.70,54.68,0.57368752,0.7285831504,2.33,1.402669e-08,9.447083e-09,1.750147e-08,1.208176e-08,77.36,83.60,7309.69,7899.21,36.32,39.90
2.97838,2,0.1650,0.081,0.064,5.411,5.664,0.9884,0.00911,269.70,54.68,0.57368648,0.7285818296000001,2.33,1.404306e-08,9.452894e-09,1.748369e-08,1.207739e-08,77.28,83.83,7301.98,7920.95,36.28,40.04
2.97863,2,0.1650,0.081,0.064,5.411,5.664,0.9884,0.00911,269.70,54.68,0.57368548,0.7285805596,2.33,1.40627e-08,9.478261e-09,1.748981e-08,1.206562e-08,77.59,83.47,7330.72,7887.13,36.45,39.83
2.97887,2,0.1650,0.081,0.064,5.411,5.664,0.9884,0.00911,269.70,54.68,0.5736845199999999,0.7285793403999999,2.33,1.407385e-08,9.490321e-09,1.746505e-08,1.205167e-08,77.70,83.54,7341.50,7893.74,36.52,39.87
2.97912,2,0.1650,0.081,0.064,5.411,5.664,0.9884,0.00911,269.70,54.68,0.57368352,0.7285780704,2.33,1.4094e-08,9.504912e-09,1.745593e-08,1.205137e-08,77.73,83.68,7343.89,7906.43,36.53,39.95
2.97938,2,0.1651,0.081,0.064,5.411,5.664,0.9884,0.00911,269.70,54.68,0.57368248,0.7285767496,2.33,1.411566e-08,9.517502e-09,1.745638e-08,1.203698e-08,77.72,83.40,7343.55,7880.13,36.53,39.79
2.97962,2,0.1651,0.081,0.064,5.411,5.664,0.9884,0.00911,269.70,54.68,0.57368152,0.7285755303999999,2.33,1.414369e-08,9.540129e-09,1.744279e-08,1.201967e-08,77.82,83.22,7352.37,7863.40,36.58,39.69
2.97987,2,0.1651,0.081,0.064,5.411,5.664,0.9884,0.00911,269.70,54.68,0.5736805199999999,0.7285742604,2.33,1.415625e-08,9.553942e-09,1.743158e-08,1.201538e-08,77.95,83.30,7365.02,7870.64,36.66,39.73
2.98013,2,0.1651,0.081,0.064,5.411,5.664,0.9884,0.00911,269.70,54.68,0.5736794799999999,0.7285729395999999,2.33,1.418161e-08,9.57474e-09,1.741919e-08,1.201082e-08,78.04,83.39,7373.75,7879.04,36.71,39.78
2.98037,2,0.1652,0.081,0.064,5.411,5.664,0.9884,0.00911,269.70,54.68,0.57367852,0.7285717204,2.33,1.420815e-08,9.583166e-09,1.740515e-08,1.200765e-08,77.85,83.59,7355.78,7897.60,36.60,39.89
2.98062,2,0.1652,0.081,0.064,5.411,5.664,0.9884,0.00911,269.70,54.68,0.5736775199999999,0.7285704503999999,2.33,1.423298e-08,9.60813e-09,1.740153e-08,1.200171e-08,78.06,83.51,7375.16,7890.31,36.72,39.85
2.98088,2,0.1652,0.081,0.064,5.411,5.664,0.9884,0.00911,269.70,54.68,0.5736764799999999,0.7285691296,2.33,1.424876e-08,9.624368e-09,1.739502e-08,1.199327e-08,78.20,83.42,7388.35,7881.94,36.80,39.80
2.98113,2,0.1652,0.081,0.064,5.411,5.664,0.9884,0.00911,269.70,54.68,0.5736754799999999,0.7285678595999999,2.33,1.42729e-08,9.639956e-09,1.738516e-08,1.198566e-08,78.18,83.40,7386.66,7880.22,36.79,39.79
2.98137,2,0.1653,0.081,0.064,5.411,5.664,0.9884,0.00911,269.70,54.68,0.57367452,0.7285666404,2.33,1.430268e-08,9.652164e-09,1.736917e-08,1.198138e-08,78.03,83.60,7372.53,7899.31,36.70,39.90
2.98163,2,0.1653,0.081,0.064,5.411,5.664,0.9884,0.00911,269.70,54.68,0.57367348,0.7285653195999999,2.33,1.432661e-08,9.680818e-09,1.73818e-08,1.19758e-08,78.34,83.28,7401.93,7869.03,36.88,39.72
2.98188,2,0.1653,0.081,0.064,5.411,5.664,0.9884,0.00911,269.70,54.68,0.5736724799999999,0.7285640495999999,2.33,1.434857e-08,9.694824e-09,1.737051e-08,1.197041e-08,78.32,83.34,7399.97,7874.08,36.87,39.75
2.98212,2,0.1653,0.081,0.064,5.411,5.664,0.9884,0.00911,269.70,54.68,0.57367152,0.7285628304,2.33,1.437748e-08,9.715744e-09,1.735532e-08,1.196298e-08,78.35,83.40,7403.23,7880.52,36.89,39.79
2.98238,2,0.1654,0.081,0.064,5.410,5.664,0.9884,0.00911,269.70,54.68,0.57367048,0.7285615096,2.33,1.441474e-08,9.73336e-09,1.735724e-08,1.197316e-08,78.21,83.65,7390.00,7904.10,36.81,39.93
2.98263,2,0.1654,0.081,0.064,5.410,5.664,0.9884,0.00911,269.70,54.68,0.57366948,0.7285602395999999,2.33,1.442285e-08,9.744673e-09,1.736814e-08,1.196999e-08,78.36,83.41,7403.65,7881.41,36.89,39.79
2.98287,2,0.1654,0.081,0.064,5.410,5.664,0.9884,0.00911,269.70,54.68,0.5736685199999999,0.7285590203999999,2.33,1.445638e-08,9.763499e-09,1.736355e-08,1.19627e-08,78.26,83.32,7394.71,7872.68,36.84,39.74
2.98312,2,0.1654,0.081,0.064,5.410,5.664,0.9884,0.00911,269.70,54.68,0.57366752,0.7285577504,2.33,1.448557e-08,9.788319e-09,1.736659e-08,1.196597e-08,78.39,83.35,7406.61,7875.16,36.91,39.76
2.98338,2,0.1655,0.081,0.064,5.410,5.664,0.9884,0.00911,269.70,54.68,0.57366648,0.7285564296,2.33,1.45024e-08,9.807782e-09,1.736443e-08,1.196212e-08,78.64,83.35,7429.99,7874.92,37.05,39.75
2.98362,2,0.1655,0.081,0.064,5.410,5.664,0.9884,0.00911,269.70,54.68,0.5736655199999999,0.7285552103999999,2.33,1.453139e-08,9.825851e-09,1.7369e-08,1.195938e-08,78.60,83.21,7426.40,7862.48,37.03,39.68
2.98387,2,0.1655,0.081,0.064,5.410,5.664,0.9884,0.00911,269.70,54.68,0.57366452,0.7285539404,2.33,1.456125e-08,9.851419e-09,1.736366e-08,1.196212e-08,78.73,83.36,7438.94,7876.04,37.11,39.76
2.98413,2,0.1655,0.081,0.064,5.410,5.664,0.9884,0.00911,269.70,54.68,0.57366348,0.7285526196000001,2.33,1.459304e-08,9.866588e-09,1.73778e-08,1.196284e-08,78.58,83.16,7424.19,7857.00,37.02,39.65
2.98438,2,0.1656,0.081,0.064,5.410,5.664,0.9884,0.00911,269.70,54.68,0.57366248,0.7285513496,2.33,1.462178e-08,9.885947e-09,1.738546e-08,1.19654e-08,78.62,83.15,7428.51,7856.03,37.04,39.64
2.98462,2,0.1656,0.081,0.064,5.410,5.664,0.9884,0.00911,269.70,54.68,0.5736615199999999,0.7285501303999999,2.33,1.465024e-08,9.915715e-09,1.739385e-08,1.197321e-08,78.88,83.19,7452.94,7860.31,37.19,39.67
2.98488,2,0.1656,0.081,0.064,5.410,5.664,0.9884,0.00911,269.70,54.68,0.5736604799999999,0.7285488095999999,2.33,1.467652e-08,9.930671e-09,1.741186e-08,1.198077e-08,78.81,83.08,7446.37,7850.14,37.15,39.60
2.98513,2,0.1657,0.081,0.064,5.410,5.664,0.9884,0.00911,269.70,54.68,0.57365948,0.7285475396,2.33,1.471527e-08,9.948949e-09,1.742745e-08,1.198382e-08,78.66,82.96,7432.52,7838.78,37.07,39.53
2.98537,2,0.1657,0.081,0.064,5.410,5.664,0.9884,0.00911,269.70,54.68,0.57365852,0.7285463203999999,2.33,1.473566e-08,9.974499e-09,1.742023e-08,1.198881e-08,78.95,83.18,7459.68,7859.68,37.23,39.66
2.98563,2,0.1657,0.081,0.064,5.410,5.664,0.9884,0.00911,269.70,54.68,0.5736574799999999,0.7285449996,2.33,1.477475e-08,1.000233e-08,1.745368e-08,1.199395e-08,78.98,82.79,7462.85,7822.27,37.25,39.43
2.98588,2,0.1657,0.081,0.064,5.410,5.664,0.9884,0.00911,269.70,54.68,0.5736564799999999,0.7285437295999999,2.33,1.480362e-08,1.001585e-08,1.747021e-08,1.201108e-08,78.84,82.92,7448.97,7834.31,37.17,39.51
2.98612,2,0.1658,0.081,0.064,5.410,5.664,0.9884,0.00911,269.70,54.68,0.57365552,0.7285425104,2.33,1.483648e-08,1.003505e-08,1.749549e-08,1.201775e-08,78.81,82.73,7446.51,7816.74,37.15,39.40
2.98637,2,0.1658,0.081,0.064,5.410,5.664,0.9884,0.00911,269.70,54.68,0.57365452,0.7285412403999999,2.33,1.486654e-08,1.006388e-08,1.750145e-08,1.204305e-08,79.02,83.20,7465.99,7860.95,37.27,39.67
2.98663,2,0.1658,0.081,0.064,5.410,5.664,0.9884,0.00911,269.70,54.68,0.5736534799999999,0.7285399196,2.33,1.490348e-08,1.00932e-08,1.75355e-08,1.205514e-08,79.12,82.95,7475.88,7837.31,37.33,39.53
2.98687,2,0.1658,0.081,0.064,5.410,5.664,0.9884,0.00911,269.70,54.68,0.57365252,0.7285387004,2.33,1.493488e-08,1.011534e-08,1.75581e-08,1.207719e-08,79.14,83.09,7477.88,7850.86,37.34,39.61
2.98712,2,0.1659,0.081,0.064,5.410,5.664,0.9884,0.00912,269.70,54.68,0.57365152,0.7285374304,2.33,1.496584e-08,1.013925e-08,1.75831e-08,1.20852e-08,79.26,82.94,7489.12,7836.51,37.41,39.52
2.98738,2,0.1659,0.081,0.064,5.410,5.664,0.9884,0.00912,269.70,54.68,0.57365048,0.7285361095999999,2.33,1.49953e-08,1.016654e-08,1.761277e-08,1.210029e-08,79.44,82.82,7505.91,7825.54,37.51,39.45
2.98762,2,0.1659,0.081,0.064,5.410,5.664,0.9884,0.00912,269.70,54.68,0.5736495199999999,0.7285348903999999,2.33,1.503819e-08,1.018625e-08,1.76439e-08,1.212486e-08,79.21,82.89,7484.53,7832.11,37.38,39.49
2.98787,2,0.1659,0.081,0.064,5.410,5.664,0.9884,0.00912,269.70,54.68,0.57364852,0.7285336204,2.33,1.507103e-08,1.021524e-08,1.767007e-08,1.213784e-08,79.38,82.78,7499.88,7821.80,37.48,39.43
2.98813,2,0.1660,0.081,0.064,5.409,5.664,0.9884,0.00912,269.70,54.68,0.57364748,0.7285322996,2.33,1.510609e-08,1.023913e-08,1.770699e-08,1.216476e-08,79.43,82.87,7504.68,7829.72,37.51,39.48
2.98838,2,0.1660,0.081,0.064,5.409,5.664,0.9884,0.00912,269.70,54.68,0.57364648,0.7285310295999999,2.33,1.513256e-08,1.026378e-08,1.773891e-08,1.219308e-08,79.59,83.01,7519.94,7842.85,37.60,39.56
2.98862,2,0.1660,0.081,0.064,5.409,5.664,0.9884,0.00912,269.70,54.68,0.5736455199999999,0.7285298103999999,2.33,1.516195e-08,1.02976e-08,1.77724e-08,1.220677e-08,79.92,82.80,7551.59,7823.72,37.79,39.44
2.98888,2,0.1660,0.081,0.064,5.409,5.664,0.9884,0.00912,269.70,54.68,0.57364448,0.7285284896,2.33,1.520226e-08,1.032261e-08,1.780298e-08,1.223014e-08,79.87,82.86,7546.19,7828.56,37.76,39.47
2.98913,2,0.1661,0.080,0.064,5.409,5.664,0.9884,0.00912,269.70,54.68,0.57364348,0.7285272196,2.33,1.52397e-08,1.033906e-08,1.784898e-08,1.226137e-08,79.70,82.89,7530.18,7832.31,37.66,39.49
2.98937,2,0.1661,0.080,0.064,5.409,5.664,0.9884,0.00912,269.70,54.68,0.5736425199999999,0.7285260003999999,2.33,1.527493e-08,1.03724e-08,1.787615e-08,1.229009e-08,79.92,83.11,7551.55,7852.84,37.79,39.62
2.98963,2,0.1661,0.080,0.064,5.409,5.664,0.9884,0.00912,269.70,54.68,0.5736414799999999,0.7285246795999999,2.33,1.531204e-08,1.039282e-08,1.792648e-08,1.231297e-08,79.81,82.86,7540.74,7828.98,37.72,39.47
2.98988,2,0.1661,0.080,0.064,5.409,5.664,0.9884,0.00912,269.70,54.68,0.57364048,0.7285234096000001,2.33,1.534888e-08,1.041746e-08,1.796321e-08,1.234271e-08,79.80,82.96,7539.92,7838.13,37.72,39.53
2.99012,2,0.1662,0.080,0.064,5.409,5.664,0.9884,0.00912,269.70,54.68,0.57363952,0.7285221904,2.33,1.538879e-08,1.044375e-08,1.80152e-08,1.23745e-08,79.83,82.92,7542.67,7834.89,37.74,39.51
2.99037,2,0.1662,0.080,0.064,5.409,5.664,0.9884,0.00912,269.70,54.68,0.5736385199999999,0.7285209203999999,2.33,1.542034e-08,1.046632e-08,1.804395e-08,1.240186e-08,79.86,83.08,7545.27,7850.28,37.75,39.60
2.99063,2,0.1662,0.080,0.064,5.409,5.664,0.9884,0.00912,269.70,54.68,0.5736374799999999,0.7285195995999999,2.33,1.545358e-08,1.049726e-08,1.809046e-08,1.244252e-08,80.06,83.27,7564.06,7867.86,37.86,39.71
2.99087,2,0.1662,0.080,0.064,5.409,5.664,0.9884,0.00912,269.70,54.68,0.57363652,0.7285183803999999,2.33,1.548771e-08,1.051738e-08,1.812993e-08,1.246286e-08,79.98,83.13,7557.20,7854.12,37.82,39.63
2.99112,2,0.1663,0.080,0.064,5.409,5.664,0.9884,0.00912,269.71,54.68,0.57363552,0.7285171104,2.33,1.552587e-08,1.05371e-08,1.81622e-08,1.249547e-08,79.88,83.40,7547.92,7879.88,37.77,39.78
2.99138,2,0.1663,0.080,0.064,5.409,5.664,0.9884,0.00912,269.71,54.68,0.57363448,0.7285157896,2.33,1.555119e-08,1.055812e-08,1.821741e-08,1.252644e-08,79.98,83.25,7556.46,7865.76,37.82,39.70
2.99162,2,0.1663,0.080,0.064,5.409,5.664,0.9884,0.00912,269.71,54.68,0.57363352,0.7285145704,2.33,1.558071e-08,1.058363e-08,1.824319e-08,1.254976e-08,80.10,83.37,7568.64,7877.00,37.89,39.76
2.99187,2,0.1664,0.080,0.064,5.409,5.664,0.9884,0.00912,269.71,54.68,0.57363252,0.7285133004,2.33,1.559531e-08,1.06049e-08,1.827305e-08,1.257509e-08,80.42,83.52,7598.55,7891.36,38.07,39.85
2.99213,2,0.1664,0.080,0.064,5.409,5.664,0.9884,0.00912,269.71,54.68,0.57363148,0.7285119796,2.33,1.562689e-08,1.061464e-08,1.832774e-08,1.26004e-08,80.14,83.26,7572.39,7866.69,37.92,39.70
2.99238,2,0.1664,0.080,0.064,5.409,5.664,0.9884,0.00912,269.71,54.68,0.5736304799999999,0.7285107096,2.33,1.566587e-08,1.063433e-08,1.834796e-08,1.262727e-08,79.98,83.53,7557.35,7892.62,37.82,39.86
2.99262,2,0.1664,0.080,0.064,5.409,5.664,0.9884,0.00912,269.71,54.68,0.57362952,0.7285094904,2.33,1.568587e-08,1.06495e-08,1.838086e-08,1.26589e-08,80.02,83.72,7560.87,7910.64,37.84,39.97
2.99288,2,0.1665,0.080,0.064,5.409,5.664,0.9884,0.00912,269.71,54.68,0.57362848,0.7285081696,2.33,1.571826e-08,1.067208e-08,1.842359e-08,1.267424e-08,80.08,83.48,7566.72,7887.23,37.88,39.83
2.99313,2,0.1665,0.080,0.064,5.409,5.664,0.9884,0.00912,269.71,54.68,0.57362748,0.7285068995999999,2.33,1.574223e-08,1.068342e-08,1.843144e-08,1.269771e-08,79.97,83.86,7555.85,7923.36,37.81,40.05
2.99337,2,0.1665,0.080,0.064,5.409,5.664,0.9884,0.00912,269.71,54.68,0.5736265199999999,0.7285056803999999,2.33,1.576248e-08,1.070278e-08,1.846763e-08,1.271172e-08,80.10,83.63,7568.21,7901.54,37.89,39.91
2.99363,2,0.1665,0.080,0.064,5.409,5.664,0.9884,0.00912,269.71,54.68,0.5736254799999999,0.7285043595999999,2.33,1.576822e-08,1.071189e-08,1.849812e-08,1.273843e-08,80.22,83.75,7579.70,7912.94,37.96,39.98
2.99388,2,0.1666,0.080,0.064,5.409,5.664,0.9884,0.00912,269.71,54.68,0.57362448,0.7285030896,2.33,1.580256e-08,1.072416e-08,1.853287e-08,1.275283e-08,80.01,83.60,7559.94,7898.74,37.84,39.90
2.99412,2,0.1666,0.080,0.064,5.409,5.664,0.9884,0.00912,269.71,54.68,0.5736235199999999,0.7285018703999999,2.33,1.581699e-08,1.072965e-08,1.855297e-08,1.276521e-08,79.91,83.57,7550.52,7895.86,37.78,39.88
2.99437,2,0.1666,0.080,0.064,5.409,5.664,0.9884,0.00912,269.71,54.68,0.5736225199999999,0.7285006003999999,2.33,1.582692e-08,1.075194e-08,1.859656e-08,1.277845e-08,80.27,83.22,7584.63,7862.82,37.99,39.68
2.99463,2,0.1666,0.080,0.064,5.409,5.664,0.9884,0.00912,269.71,54.68,0.5736214799999999,0.7284992795999999,2.33,1.584642e-08,1.076013e-08,1.862068e-08,1.27911e-08,80.16,83.14,7573.53,7855.11,37.92,39.63
2.99487,2,0.1667,0.080,0.064,5.408,5.664,0.9884,0.00912,269.71,54.68,0.57362052,0.7284980604,2.33,1.584216e-08,1.07624e-08,1.865703e-08,1.280184e-08,80.32,82.89,7589.41,7832.02,38.02,39.49
2.99512,2,0.1667,0.080,0.064,5.408,5.664,0.9884,0.00912,269.71,54.68,0.5736195199999999,0.7284967903999999,2.33,1.587101e-08,1.076557e-08,1.868385e-08,1.282711e-08,79.94,83.03,7553.46,7845.40,37.80,39.57
2.99538,2,0.1667,0.080,0.064,5.408,5.664,0.9884,0.00912,269.71,54.68,0.5736184799999999,0.7284954695999999,2.33,1.587673e-08,1.077128e-08,1.870602e-08,1.282674e-08,79.99,82.71,7557.46,7815.10,37.82,39.39
2.99562,2,0.1667,0.080,0.064,5.408,5.664,0.9884,0.00912,269.71,54.68,0.57361752,0.7284942504,2.33,1.587968e-08,1.079146e-08,1.875014e-08,1.283788e-08,80.41,82.32,7597.25,7778.25,38.06,39.16
2.99587,2,0.1668,0.080,0.064,5.408,5.664,0.9884,0.00912,269.71,54.68,0.57361652,0.7284929804,2.33,1.588828e-08,1.079233e-08,1.878839e-08,1.285555e-08,80.34,82.20,7590.89,7766.60,38.03,39.09
2.99613,2,0.1668,0.080,0.064,5.408,5.664,0.9884,0.00912,269.71,54.68,0.57361548,0.7284916596,2.33,1.590112e-08,1.079293e-08,1.88034e-08,1.287555e-08,80.15,82.40,7573.12,7785.23,37.92,39.21
2.99638,2,0.1668,0.080,0.063,5.408,5.664,0.9884,0.00912,269.71,54.68,0.5736144799999999,0.7284903895999999,2.33,1.590213e-08,1.079548e-08,1.882085e-08,1.289023e-08,80.20,82.45,7577.40,7790.67,37.95,39.24
2.99662,2,0.1668,0.080,0.063,5.408,5.664,0.9884,0.00912,269.71,54.68,0.57361352,0.7284891703999999,2.33,1.589931e-08,1.080143e-08,1.885989e-08,1.290329e-08,80.38,82.18,7594.62,7764.55,38.05,39.08
2.99688,2,0.1669,0.080,0.063,5.408,5.664,0.9884,0.00912,269.71,54.68,0.57361248,0.7284878496,2.33,1.591182e-08,1.080616e-08,1.888955e-08,1.292299e-08,80.34,82.21,7590.91,7768.07,38.03,39.10
2.99713,2,0.1669,0.080,0.063,5.408,5.664,0.9884,0.00912,269.71,54.68,0.57361148,0.7284865796,2.33,1.590582e-08,1.079764e-08,1.892355e-08,1.2943e-08,80.24,82.15,7581.18,7761.90,37.97,39.06
2.99737,2,0.1669,0.080,0.063,5.408,5.664,0.9884,0.00912,269.71,54.68,0.57361052,0.7284853604,2.33,1.591377e-08,1.080413e-08,1.896978e-08,1.296819e-08,80.26,82.02,7583.57,7749.74,37.98,38.99
2.99763,2,0.1670,0.080,0.063,5.408,5.664,0.9884,0.00912,269.71,54.68,0.57360948,0.7284840396,2.33,1.591007e-08,1.080503e-08,1.899016e-08,1.298341e-08,80.39,82.10,7595.58,7756.82,38.06,39.03
2.99788,2,0.1670,0.080,0.063,5.408,5.664,0.9884,0.00912,269.71,54.68,0.57360848,0.7284827696,2.33,1.591175e-08,1.081516e-08,1.904174e-08,1.300643e-08,80.60,81.85,7615.31,7733.80,38.17,38.89
2.99812,2,0.1670,0.080,0.063,5.408,5.664,0.9884,0.00912,269.71,54.68,0.5736075199999999,0.7284815504,2.33,1.59106e-08,1.08077e-08,1.906427e-08,1.30281e-08,80.44,81.98,7600.65,7745.58,38.09,38.97
2.99837,2,0.1670,0.080,0.063,5.408,5.664,0.9884,0.00912,269.71,54.68,0.57360652,0.7284802804,2.33,1.591989e-08,1.080684e-08,1.911289e-08,1.305863e-08,80.28,81.92,7584.96,7740.53,37.99,38.93
2.99863,2,0.1671,0.080,0.063,5.408,5.664,0.9884,0.00912,269.71,54.68,0.57360548,0.7284789596,2.33,1.591238e-08,1.08044e-08,1.914868e-08,1.307767e-08,80.39,81.87,7595.31,7735.06,38.05,38.90
2.99887,2,0.1671,0.080,0.063,5.408,5.664,0.9884,0.00912,269.71,54.68,0.57360452,0.7284777403999999,2.33,1.591067e-08,1.081041e-08,1.918839e-08,1.311258e-08,80.55,82.02,7611.04,7749.58,38.15,38.99
2.99912,2,0.1671,0.080,0.063,5.408,5.664,0.9884,0.00912,269.71,54.68,0.5736035199999999,0.7284764704,2.33,1.590432e-08,1.080766e-08,1.923027e-08,1.313594e-08,80.59,81.92,7614.48,7739.79,38.17,38.93
2.99938,2,0.1671,0.080,0.063,5.408,5.664,0.9884,0.00912,269.71,54.68,0.5736024799999999,0.7284751495999999,2.33,1.590737e-08,1.0808e-08,1.927312e-08,1.316598e-08,80.55,81.93,7610.67,7741.22,38.15,38.94
2.99962,2,0.1672,0.080,0.063,5.408,5.664,0.9884,0.00912,269.71,54.68,0.57360152,0.7284739304,2.33,1.592004e-08,1.081113e-08,1.931106e-08,1.320037e-08,80.47,82.15,7603.21,7761.57,38.10,39.06
2.99987,2,0.1672,0.080,0.063,5.408,5.664,0.9884,0.00912,269.71,54.68,0.57360052,0.7284726603999999,2.33,1.592458e-08,1.081691e-08,1.934522e-08,1.324261e-08,80.53,82.52,7609.12,7796.72,38.14,39.28
3.00013,2,0.1672,0.080,0.063,5.408,5.664,0.9884,0.00912,269.71,54.68,0.5735994799999999,0.7284713395999999,2.33,1.591922e-08,1.08091e-08,1.939576e-08,1.326794e-08,80.44,82.34,7599.98,7779.50,38.08,39.17
3.00038,2,0.1672,0.080,0.063,5.408,5.664,0.9884,0.00912,269.71,54.68,0.5735984799999999,0.7284700695999999,2.33,1.592617e-08,1.08192e-08,1.947497e-08,1.331595e-08,80.56,82.22,7611.77,7768.09,38.15,39.10
3.00062,2,0.1673,0.080,0.063,5.408,5.664,0.9884,0.00912,269.71,54.68,0.57359752,0.7284688504,2.33,1.592625e-08,1.082804e-08,1.951581e-08,1.334397e-08,80.81,82.27,7635.64,7772.91,38.30,39.13
3.00088,2,0.1673,0.080,0.063,5.408,5.664,0.9884,0.00912,269.71,54.68,0.57359648,0.7284675295999999,2.33,1.593645e-08,1.082544e-08,1.956915e-08,1.339152e-08,80.59,82.48,7614.69,7793.30,38.17,39.25
3.00113,2,0.1673,0.080,0.063,5.408,5.664,0.9884,0.00912,269.71,54.68,0.5735954799999999,0.7284662595999999,2.33,1.594922e-08,1.083239e-08,1.964216e-08,1.343169e-08,80.55,82.29,7610.91,7775.34,38.15,39.15
3.00137,2,0.1673,0.080,0.063,5.408,5.664,0.9884,0.00912,269.71,54.68,0.57359452,0.7284650404,2.33,1.594986e-08,1.082638e-08,1.968602e-08,1.348025e-08,80.40,82.65,7596.82,7809.37,38.06,39.35
3.00163,2,0.1674,0.080,0.063,5.407,5.664,0.9884,0.00912,269.71,54.68,0.57359348,0.7284637196,2.33,1.59612e-08,1.083874e-08,1.9756e-08,1.35186e-08,80.56,82.52,7611.55,7796.52,38.15,39.27
3.00188,2,0.1674,0.080,0.063,5.407,5.664,0.9884,0.00912,269.71,54.68,0.57359248,0.7284624496,2.33,1.597311e-08,1.084891e-08,1.982426e-08,1.357088e-08,80.61,82.62,7616.10,7806.67,38.18,39.34
3.00212,2,0.1674,0.080,0.063,5.407,5.664,0.9884,0.00912,269.71,54.68,0.5735915199999999,0.7284612303999999,2.33,1.600477e-08,1.085993e-08,1.988377e-08,1.361648e-08,80.36,82.72,7593.26,7815.52,38.04,39.39
3.00237,2,0.1674,0.080,0.063,5.407,5.664,0.9884,0.00912,269.71,54.68,0.57359052,0.7284599604,2.33,1.600617e-08,1.085751e-08,1.995919e-08,1.36632e-08,80.29,82.62,7585.93,7806.59,37.99,39.33
3.00263,2,0.1675,0.079,0.063,5.407,5.664,0.9884,0.00912,269.71,54.68,0.57358948,0.7284586396,2.33,1.601575e-08,1.087679e-08,2.001245e-08,1.372756e-08,80.63,83.21,7618.09,7861.70,38.19,39.67
3.00287,2,0.1675,0.079,0.063,5.407,5.664,0.9884,0.00912,269.71,54.68,0.5735885199999999,0.7284574203999999,2.33,1.604062e-08,1.088522e-08,2.008005e-08,1.377108e-08,80.43,83.15,7599.68,7856.52,38.08,39.64
3.00312,2,0.1675,0.079,0.063,5.407,5.664,0.9884,0.00912,269.71,54.68,0.5735875199999999,0.7284561503999999,2.33,1.606544e-08,1.088928e-08,2.016809e-08,1.381982e-08,80.14,82.93,7572.03,7835.52,37.91,39.51
3.00338,2,0.1676,0.079,0.063,5.407,5.664,0.9884,0.00912,269.71,54.68,0.57358648,0.7284548296000001,2.33,1.6087e-08,1.090844e-08,2.021961e-08,1.387497e-08,80.29,83.36,7586.36,7875.98,38.00,39.76
3.00362,2,0.1676,0.079,0.063,5.407,5.664,0.9884,0.00912,269.71,54.68,0.57358552,0.7284536104,2.33,1.610975e-08,1.092145e-08,2.031268e-08,1.393671e-08,80.24,83.32,7581.15,7872.16,37.97,39.73
3.00387,2,0.1676,0.079,0.063,5.407,5.664,0.9884,0.00912,269.71,54.68,0.5735845199999999,0.7284523404,2.33,1.613692e-08,1.093832e-08,2.036765e-08,1.398222e-08,80.20,83.46,7577.82,7886.16,37.95,39.82
3.00413,2,0.1676,0.079,0.063,5.407,5.664,0.9884,0.00912,269.71,54.68,0.5735834799999999,0.7284510195999999,2.33,1.615714e-08,1.09557e-08,2.044638e-08,1.404187e-08,80.28,83.57,7585.71,7896.21,37.99,39.88
3.00438,2,0.1677,0.079,0.063,5.407,5.664,0.9884,0.00912,269.71,54.68,0.57358248,0.7284497496,2.33,1.618683e-08,1.096717e-08,2.051541e-08,1.410128e-08,80.14,83.85,7571.66,7922.45,37.91,40.04
3.00462,2,0.1677,0.079,0.063,5.407,5.664,0.9884,0.00912,269.71,54.68,0.57358152,0.7284485303999999,2.33,1.620815e-08,1.098475e-08,2.061332e-08,1.414894e-08,80.21,83.48,7578.37,7887.43,37.95,39.82
3.00488,2,0.1677,0.079,0.063,5.407,5.664,0.9884,0.00912,269.71,54.68,0.57358048,0.7284472096,2.33,1.623732e-08,1.099929e-08,2.066914e-08,1.420738e-08,80.09,83.86,7567.20,7923.22,37.88,40.04
3.00513,2,0.1677,0.079,0.063,5.407,5.664,0.9884,0.00912,269.71,54.68,0.5735794799999999,0.7284459395999999,2.33,1.626541e-08,1.101374e-08,2.074509e-08,1.426851e-08,79.99,84.03,7557.46,7939.11,37.82,40.14
3.00537,2,0.1678,0.079,0.063,5.407,5.664,0.9884,0.00912,269.71,54.68,0.57357852,0.7284447204,2.33,1.629883e-08,1.10352e-08,2.083643e-08,1.432233e-08,80.01,83.91,7559.49,7927.87,37.83,40.07
3.00563,2,0.1678,0.079,0.063,5.407,5.664,0.9884,0.00912,269.71,54.68,0.57357748,0.7284433995999999,2.33,1.632211e-08,1.105315e-08,2.090318e-08,1.438277e-08,80.06,84.18,7564.12,7953.63,37.86,40.23
3.00588,2,0.1678,0.079,0.063,5.407,5.664,0.9884,0.00912,269.71,54.68,0.5735764799999999,0.7284421296,2.33,1.635088e-08,1.106253e-08,2.099323e-08,1.44444e-08,79.83,84.17,7542.79,7953.04,37.73,40.22
3.00612,2,0.1678,0.079,0.063,5.407,5.664,0.9884,0.00912,269.71,54.68,0.57357552,0.7284409104,2.33,1.63815e-08,1.107689e-08,2.107379e-08,1.449794e-08,79.69,84.14,7529.43,7949.72,37.65,40.20
3.00637,2,0.1679,0.079,0.063,5.407,5.664,0.9884,0.00912,269.71,54.68,0.57357452,0.7284396404,2.33,1.639795e-08,1.109372e-08,2.114951e-08,1.453264e-08,79.86,83.87,7545.90,7924.07,37.75,40.05
3.00663,2,0.1679,0.079,0.063,5.407,5.664,0.9884,0.00912,269.71,54.68,0.57357348,0.7284383195999999,2.33,1.641818e-08,1.111332e-08,2.121599e-08,1.458921e-08,80.00,84.07,7558.33,7943.01,37.83,40.16
3.00687,2,0.1679,0.079,0.063,5.407,5.664,0.9884,0.00912,269.71,54.68,0.5735725199999999,0.7284371003999999,2.33,1.646088e-08,1.113226e-08,2.129033e-08,1.462396e-08,79.77,83.77,7537.46,7914.65,37.70,39.99
3.00712,2,0.1679,0.079,0.063,5.407,5.664,0.9884,0.00912,269.71,54.68,0.57357152,0.7284358304,2.33,1.647575e-08,1.114583e-08,2.136123e-08,1.468123e-08,79.85,83.92,7544.80,7929.43,37.74,40.08
3.00738,2,0.1680,0.079,0.063,5.407,5.664,0.9884,0.00912,269.71,54.68,0.57357048,0.7284345096,2.33,1.650212e-08,1.115641e-08,2.14364e-08,1.474135e-08,79.74,84.13,7534.14,7948.74,37.68,40.20
3.00762,2,0.1680,0.079,0.063,5.407,5.664,0.9884,0.00912,269.71,54.68,0.5735695199999999,0.7284332903999999,2.33,1.65275e-08,1.116328e-08,2.149166e-08,1.476987e-08,79.51,83.95,7512.77,7932.43,37.55,40.10
3.00787,2,0.1680,0.079,0.063,5.407,5.664,0.9884,0.00912,269.71,54.68,0.5735685199999999,0.7284320203999999,2.33,1.654828e-08,1.117655e-08,2.155735e-08,1.480792e-08,79.50,83.83,7511.18,7920.30,37.54,40.02
3.00813,2,0.1680,0.079,0.063,5.407,5.664,0.9884,0.00912,269.71,54.68,0.5735674799999999,0.7284306995999998,2.33,1.656019e-08,1.118083e-08,2.161501e-08,1.484609e-08,79.41,83.80,7503.40,7917.85,37.49,40.01
3.00838,2,0.1681,0.079,0.063,5.406,5.664,0.9884,0.00912,269.71,54.68,0.57356648,0.7284294296,2.33,1.65787e-08,1.119006e-08,2.167869e-08,1.489852e-08,79.39,84.01,7501.12,7937.35,37.48,40.13
3.00862,2,0.1681,0.079,0.063,5.406,5.664,0.9884,0.00912,269.71,54.68,0.5735655199999999,0.7284282103999999,2.33,1.658264e-08,1.118399e-08,2.174995e-08,1.493485e-08,79.20,83.78,7483.15,7915.92,37.37,40.00
3.00888,2,0.1681,0.079,0.063,5.406,5.664,0.9884,0.00912,269.71,54.68,0.5735644799999999,0.7284268895999999,2.33,1.658415e-08,1.119739e-08,2.180734e-08,1.496033e-08,79.47,83.53,7508.65,7892.47,37.52,39.85
3.00913,2,0.1681,0.079,0.063,5.406,5.664,0.9884,0.00912,269.71,54.68,0.57356348,0.7284256196000001,2.33,1.660618e-08,1.120358e-08,2.186011e-08,1.499148e-08,79.28,83.44,7490.78,7884.01,37.42,39.80
3.00937,2,0.1682,0.079,0.063,5.406,5.664,0.9884,0.00912,269.71,54.68,0.57356252,0.7284244004,2.33,1.661327e-08,1.119499e-08,2.189996e-08,1.502961e-08,79.04,83.68,7467.81,7906.79,37.28,39.94
3.00963,2,0.1682,0.079,0.063,5.406,5.664,0.9884,0.00912,269.71,54.68,0.57356148,0.7284230796,2.33,1.661797e-08,1.120219e-08,2.195275e-08,1.506301e-08,79.12,83.63,7476.06,7902.06,37.33,39.91
3.00988,2,0.1682,0.079,0.063,5.406,5.664,0.9884,0.00912,269.71,54.68,0.5735604799999999,0.7284218095999999,2.33,1.661481e-08,1.120102e-08,2.200478e-08,1.508566e-08,79.15,83.40,7478.03,7880.33,37.34,39.78
3.01012,2,0.1683,0.079,0.063,5.406,5.664,0.9884,0.00912,269.71,54.68,0.57355952,0.7284205904,2.33,1.660512e-08,1.119144e-08,2.204225e-08,1.51213e-08,79.13,83.63,7476.23,7901.55,37.33,39.91
3.01037,2,0.1683,0.079,0.063,5.406,5.664,0.9884,0.00912,269.71,54.68,0.57355852,0.7284193204,2.33,1.660173e-08,1.119049e-08,2.20931e-08,1.515843e-08,79.16,83.67,7478.96,7905.29,37.34,39.93
3.01063,2,0.1683,0.079,0.063,5.406,5.664,0.9884,0.00912,269.71,54.68,0.57355748,0.7284179996,2.33,1.659932e-08,1.11633e-08,2.216035e-08,1.517504e-08,78.60,83.15,7426.78,7856.58,37.03,39.64
3.01087,2,0.1683,0.079,0.063,5.406,5.664,0.9884,0.00912,269.71,54.68,0.5735565199999999,0.7284167803999999,2.33,1.658651e-08,1.115399e-08,2.220503e-08,1.521239e-08,78.59,83.27,7425.37,7867.66,37.02,39.70
3.01112,2,0.1684,0.079,0.063,5.406,5.664,0.9884,0.00912,269.71,54.68,0.57355552,0.7284155104,2.33,1.657621e-08,1.114139e-08,2.226013e-08,1.52539e-08,78.51,83.38,7418.25,7878.50,36.97,39.77
3.01138,2,0.1684,0.079,0.063,5.406,5.664,0.9884,0.00912,269.71,54.68,0.57355448,0.7284141895999999,2.33,1.654036e-08,1.113214e-08,2.229705e-08,1.5276e-08,78.83,83.33,7448.54,7873.26,37.16,39.74
3.01162,2,0.1684,0.079,0.063,5.406,5.664,0.9884,0.00912,269.71,54.68,0.5735535199999999,0.7284129704,2.33,1.653989e-08,1.110165e-08,2.234346e-08,1.53115e-08,78.18,83.39,7387.14,7879.31,36.79,39.77
3.01187,2,0.1684,0.079,0.063,5.406,5.664,0.9884,0.00912,269.71,54.68,0.57355252,0.7284117004,2.33,1.650807e-08,1.109023e-08,2.238969e-08,1.535058e-08,78.40,83.52,7407.32,7891.40,36.91,39.85
3.01213,2,0.1685,0.079,0.063,5.406,5.664,0.9884,0.00912,269.71,54.68,0.57355148,0.7284103796,2.33,1.64979e-08,1.106503e-08,2.244614e-08,1.538924e-08,78.05,83.57,7374.42,7896.01,36.71,39.87
3.01238,2,0.1685,0.079,0.063,5.406,5.664,0.9884,0.00912,269.71,54.68,0.57355048,0.7284091095999999,2.33,1.645189e-08,1.104492e-08,2.249372e-08,1.543483e-08,78.28,83.79,7396.28,7917.17,36.84,40.00
3.01262,2,0.1685,0.079,0.063,5.406,5.664,0.9884,0.00912,269.71,54.68,0.5735495199999999,0.7284078903999999,2.33,1.642506e-08,1.101734e-08,2.257064e-08,1.547134e-08,78.07,83.51,7376.79,7890.73,36.72,39.84
3.01288,2,0.1685,0.079,0.063,5.406,5.664,0.9884,0.00912,269.71,54.68,0.5735484799999999,0.7284065695999999,2.33,1.639562e-08,1.099616e-08,2.26335e-08,1.551783e-08,78.04,83.57,7373.87,7896.23,36.70,39.88
3.01313,2,0.1686,0.079,0.063,5.406,5.664,0.9884,0.00912,269.71,54.68,0.57354748,0.7284052996,2.33,1.634937e-08,1.096925e-08,2.269998e-08,1.557037e-08,78.18,83.74,7386.65,7912.17,36.78,39.97
3.01337,2,0.1686,0.079,0.063,5.406,5.664,0.9884,0.00912,269.71,54.68,0.57354652,0.7284040803999999,2.33,1.631799e-08,1.09309e-08,2.276131e-08,1.562929e-08,77.80,84.03,7351.30,7939.42,36.57,40.14
3.01363,2,0.1686,0.079,0.063,5.406,5.664,0.9884,0.00912,269.71,54.68,0.5735454799999999,0.7284027595999999,2.33,1.626924e-08,1.09028e-08,2.283546e-08,1.568335e-08,77.90,84.08,7360.61,7944.51,36.62,40.17
3.01388,2,0.1686,0.079,0.063,5.406,5.664,0.9884,0.00912,269.71,54.68,0.5735444799999999,0.7284014896,2.33,1.623926e-08,1.087369e-08,2.291551e-08,1.574438e-08,77.71,84.19,7342.15,7954.27,36.51,40.23
3.01412,2,0.1687,0.079,0.063,5.406,5.664,0.9884,0.00912,269.71,54.68,0.57354352,0.7284002704,2.33,1.618756e-08,1.083894e-08,2.299666e-08,1.580901e-08,77.75,84.39,7346.23,7973.29,36.54,40.34
3.01437,2,0.1687,0.079,0.063,5.406,5.664,0.9884,0.00912,269.72,54.68,0.57354252,0.7283990003999999,2.33,1.614706e-08,1.07971e-08,2.309333e-08,1.587493e-08,77.43,84.38,7316.04,7972.43,36.35,40.34
3.01463,2,0.1687,0.079,0.062,5.406,5.664,0.9884,0.00912,269.72,54.68,0.5735414799999999,0.7283976795999999,2.33,1.610823e-08,1.077382e-08,2.318526e-08,1.594442e-08,77.49,84.49,7321.74,7982.72,36.39,40.40
3.01487,2,0.1687,0.079,0.062,5.406,5.664,0.9884,0.00912,269.72,54.68,0.57354052,0.7283964604000001,2.33,1.606226e-08,1.074819e-08,2.327648e-08,1.602391e-08,77.60,84.77,7332.28,8009.54,36.45,40.56
3.01512,2,0.1688,0.079,0.062,5.405,5.664,0.9884,0.00912,269.72,54.68,0.57353952,0.7283951904,2.33,1.601029e-08,1.071043e-08,2.337696e-08,1.611988e-08,77.58,85.28,7330.45,8057.27,36.44,40.85
3.01538,2,0.1688,0.079,0.062,5.405,5.664,0.9884,0.00912,269.72,54.68,0.57353848,0.7283938696,2.33,1.596021e-08,1.068026e-08,2.347941e-08,1.621042e-08,77.66,85.61,7337.37,8089.25,36.48,41.05
3.01562,2,0.1688,0.079,0.062,5.405,5.664,0.9884,0.00912,269.72,54.68,0.5735375199999999,0.7283926503999999,2.33,1.591982e-08,1.064805e-08,2.35899e-08,1.631301e-08,77.54,86.06,7326.59,8131.61,36.42,41.30
3.01587,2,0.1689,0.079,0.062,5.405,5.664,0.9884,0.00912,269.72,54.68,0.57353652,0.7283913804,2.33,1.586955e-08,1.061903e-08,2.371783e-08,1.641014e-08,77.69,86.26,7340.54,8150.37,36.50,41.42
3.01613,2,0.1689,0.079,0.062,5.405,5.664,0.9884,0.00912,269.72,54.68,0.57353548,0.7283900596,2.33,1.583169e-08,1.05851e-08,2.382778e-08,1.651266e-08,77.50,86.71,7322.56,8192.96,36.39,41.68
3.01638,2,0.1689,0.079,0.062,5.405,5.664,0.9884,0.00912,269.72,54.68,0.57353448,0.7283887896,2.33,1.57825e-08,1.054897e-08,2.395842e-08,1.664417e-08,77.43,87.41,7315.78,8259.19,36.35,42.08
3.01662,2,0.1689,0.078,0.062,5.405,5.664,0.9884,0.00912,269.72,54.68,0.5735335199999999,0.7283875703999999,2.33,1.574393e-08,1.051723e-08,2.411912e-08,1.674832e-08,77.29,87.28,7303.11,8246.90,36.27,42.00
3.01688,2,0.1690,0.078,0.062,5.405,5.664,0.9884,0.00912,269.72,54.68,0.57353248,0.7283862496,2.33,1.57031e-08,1.048544e-08,2.426101e-08,1.685881e-08,77.24,87.54,7297.97,8270.98,36.24,42.15
3.01713,2,0.1690,0.078,0.062,5.405,5.664,0.9884,0.00912,269.72,54.68,0.57353148,0.7283849796,2.33,1.565585e-08,1.045288e-08,2.439526e-08,1.698349e-08,77.22,88.07,7295.85,8321.39,36.23,42.46
3.01737,2,0.1690,0.078,0.062,5.405,5.664,0.9884,0.00912,269.72,54.68,0.5735305199999999,0.7283837604,2.33,1.561514e-08,1.042235e-08,2.452981e-08,1.70966e-08,77.14,88.40,7288.80,8352.65,36.19,42.65
3.01762,2,0.1690,0.078,0.062,5.405,5.664,0.9884,0.00912,269.72,54.68,0.5735295199999999,0.7283824903999999,2.33,1.557138e-08,1.039697e-08,2.468446e-08,1.721221e-08,77.23,88.53,7296.88,8365.20,36.24,42.72
3.01788,2,0.1691,0.078,0.062,5.405,5.664,0.9884,0.00912,269.72,54.68,0.57352848,0.7283811696,2.33,1.553856e-08,1.037013e-08,2.481705e-08,1.733807e-08,77.16,89.15,7290.77,8423.76,36.20,43.08
3.01812,2,0.1691,0.078,0.062,5.405,5.664,0.9884,0.00912,269.72,54.68,0.57352752,0.7283799503999999,2.33,1.550081e-08,1.033894e-08,2.496201e-08,1.745279e-08,77.03,89.38,7278.08,8445.35,36.12,43.21
3.01837,2,0.1691,0.078,0.062,5.405,5.664,0.9884,0.00912,269.72,54.68,0.5735265199999999,0.7283786803999999,2.33,1.545728e-08,1.031115e-08,2.509357e-08,1.754233e-08,77.06,89.34,7280.72,8441.44,36.14,43.18
3.01863,2,0.1691,0.078,0.062,5.405,5.664,0.9884,0.00912,269.72,54.68,0.5735254799999999,0.7283773595999999,2.33,1.543273e-08,1.029451e-08,2.523186e-08,1.762618e-08,77.05,89.13,7280.16,8421.08,36.13,43.06
3.01887,2,0.1692,0.078,0.062,5.405,5.664,0.9884,0.00912,269.72,54.68,0.57352452,0.7283761404,2.33,1.540029e-08,1.026939e-08,2.531919e-08,1.770563e-08,77.02,89.49,7277.05,8455.28,36.12,43.27
3.01912,2,0.1692,0.078,0.062,5.405,5.664,0.9884,0.00912,269.72,54.68,0.57352352,0.7283748703999999,2.33,1.536032e-08,1.024522e-08,2.544032e-08,1.776342e-08,77.07,89.04,7282.35,8412.89,36.15,43.01
3.01938,2,0.1692,0.078,0.062,5.405,5.664,0.9884,0.00912,269.72,54.68,0.57352248,0.7283735495999999,2.33,1.533624e-08,1.021482e-08,2.551239e-08,1.781126e-08,76.75,89.00,7251.78,8409.00,35.96,42.99
3.01963,2,0.1692,0.078,0.062,5.405,5.664,0.9884,0.00912,269.72,54.68,0.5735214799999999,0.7283722796,2.33,1.530928e-08,1.019259e-08,2.559225e-08,1.785911e-08,76.65,88.87,7242.69,8396.69,35.91,42.91
3.01987,2,0.1693,0.078,0.062,5.405,5.664,0.9884,0.00912,269.72,54.68,0.57352052,0.7283710604,2.33,1.527874e-08,1.017693e-08,2.562558e-08,1.786771e-08,76.81,88.68,7256.94,8378.91,35.99,42.80
3.02013,2,0.1693,0.078,0.062,5.405,5.664,0.9884,0.00912,269.72,54.68,0.57351948,0.7283697396,2.33,1.524039e-08,1.016092e-08,2.566771e-08,1.787883e-08,77.02,88.38,7277.39,8350.74,36.12,42.63
3.02038,2,0.1693,0.078,0.062,5.405,5.664,0.9884,0.00913,269.72,54.68,0.5735184799999999,0.7283684695999999,2.33,1.521718e-08,1.013249e-08,2.569772e-08,1.785426e-08,76.73,87.65,7249.58,8281.23,35.95,42.21
3.02062,2,0.1693,0.078,0.062,5.405,5.664,0.9884,0.00913,269.72,54.68,0.57351752,0.7283672504,2.33,1.517767e-08,1.010649e-08,2.56713e-08,1.78263e-08,76.73,87.49,7250.24,8266.64,35.95,42.12
3.02088,2,0.1694,0.078,0.062,5.404,5.664,0.9884,0.00913,269.72,54.68,0.57351648,0.7283659296,2.33,1.515018e-08,1.008059e-08,2.565646e-08,1.776099e-08,76.61,86.66,7238.20,8188.54,35.88,41.65
3.02113,2,0.1694,0.078,0.062,5.404,5.664,0.9884,0.00913,269.72,54.68,0.57351548,0.7283646596,2.33,1.513342e-08,1.006113e-08,2.561587e-08,1.772023e-08,76.42,86.46,7220.38,8169.57,35.77,41.53
3.02137,2,0.1694,0.078,0.062,5.404,5.664,0.9884,0.00913,269.72,54.68,0.5735145199999999,0.7283634403999999,2.33,1.511247e-08,1.003567e-08,2.555441e-08,1.763783e-08,76.16,85.83,7195.71,8110.07,35.62,41.17
3.02162,2,0.1694,0.078,0.062,5.404,5.664,0.9884,0.00913,269.72,54.68,0.57351352,0.7283621704000001,2.33,1.507408e-08,1.001268e-08,2.547185e-08,1.754007e-08,76.21,85.20,7201.07,8049.67,35.65,40.80
3.02188,2,0.1695,0.078,0.062,5.404,5.664,0.9884,0.00913,269.72,54.68,0.57351248,0.7283608496,2.33,1.505225e-08,9.991853e-09,2.538464e-08,1.744799e-08,76.12,84.75,7191.76,8007.22,35.60,40.55
3.02212,2,0.1695,0.078,0.062,5.404,5.664,0.9884,0.00913,269.72,54.68,0.5735115199999999,0.7283596304,2.33,1.502494e-08,9.959261e-09,2.527103e-08,1.734864e-08,75.79,84.42,7160.82,7975.95,35.41,40.36
3.02237,2,0.1695,0.078,0.062,5.404,5.664,0.9884,0.00913,269.72,54.68,0.5735105199999999,0.7283583603999999,2.33,1.500358e-08,9.94067e-09,2.516113e-08,1.724576e-08,75.69,83.99,7151.36,7935.69,35.35,40.11
3.02263,2,0.1696,0.078,0.062,5.404,5.664,0.9884,0.00913,269.72,54.68,0.5735094799999999,0.7283570395999999,2.33,1.497022e-08,9.916445e-09,2.502483e-08,1.712847e-08,75.68,83.67,7151.05,7905.35,35.35,39.93
3.02287,2,0.1696,0.078,0.062,5.404,5.664,0.9884,0.00913,269.72,54.68,0.57350852,0.7283558204,2.33,1.494576e-08,9.897255e-09,2.492268e-08,1.701594e-08,75.62,83.01,7144.66,7843.10,35.31,39.55
3.02312,2,0.1696,0.078,0.062,5.404,5.664,0.9884,0.00913,269.72,54.68,0.5735075199999999,0.7283545504,2.33,1.491422e-08,9.870015e-09,2.478751e-08,1.68913e-08,75.47,82.51,7131.07,7796.04,35.23,39.26
3.02338,2,0.1696,0.078,0.062,5.404,5.664,0.9884,0.00913,269.72,54.68,0.5735064799999999,0.7283532295999999,2.33,1.487373e-08,9.838913e-09,2.466651e-08,1.678759e-08,75.38,82.18,7121.85,7765.17,35.17,39.08
3.02363,2,0.1697,0.078,0.062,5.404,5.664,0.9884,0.00913,269.72,54.68,0.57350548,0.7283519596,2.33,1.483608e-08,9.812291e-09,2.453372e-08,1.668812e-08,75.38,82.09,7122.37,7756.51,35.18,39.02
3.02387,2,0.1697,0.078,0.062,5.404,5.664,0.9884,0.00913,269.72,54.68,0.57350452,0.7283507403999999,2.33,1.481508e-08,9.78383e-09,2.440114e-08,1.657823e-08,75.05,81.79,7091.18,7727.79,34.99,38.85
3.02413,2,0.1697,0.078,0.062,5.404,5.664,0.9884,0.00913,269.72,54.68,0.57350348,0.7283494196,2.33,1.47713e-08,9.756401e-09,2.427654e-08,1.648424e-08,75.08,81.64,7094.35,7714.16,35.01,38.77
3.02438,2,0.1697,0.078,0.062,5.404,5.664,0.9884,0.00913,269.72,54.68,0.5735024799999999,0.7283481495999999,2.33,1.473256e-08,9.716365e-09,2.415257e-08,1.639693e-08,74.76,81.60,7063.42,7709.57,34.82,38.74
3.02462,2,0.1698,0.078,0.062,5.404,5.664,0.9884,0.00913,269.72,54.68,0.57350152,0.7283469304,2.33,1.468618e-08,9.693037e-09,2.404433e-08,1.631084e-08,74.97,81.45,7083.16,7695.59,34.94,38.65
3.02488,2,0.1698,0.078,0.062,5.404,5.664,0.9884,0.00913,269.72,54.68,0.57350048,0.7283456095999999,2.33,1.465577e-08,9.66258e-09,2.395117e-08,1.623529e-08,74.73,81.26,7060.84,7677.43,34.80,38.54
3.02513,2,0.1698,0.078,0.062,5.404,5.664,0.9884,0.00913,269.72,54.68,0.57349948,0.7283443396,2.33,1.462091e-08,9.625905e-09,2.383704e-08,1.61603e-08,74.42,81.29,7031.48,7680.93,34.62,38.57
3.02537,2,0.1698,0.078,0.062,5.404,5.664,0.9884,0.00913,269.72,54.68,0.57349852,0.7283431204,2.33,1.456455e-08,9.599496e-09,2.375569e-08,1.609865e-08,74.66,81.19,7054.49,7671.31,34.76,38.51
3.02562,2,0.1699,0.078,0.062,5.404,5.664,0.9884,0.00913,269.72,54.68,0.57349752,0.7283418504,2.33,1.452751e-08,9.571879e-09,2.365362e-08,1.601987e-08,74.63,81.09,7051.72,7661.57,34.75,38.45
3.02588,2,0.1699,0.078,0.062,5.404,5.664,0.9884,0.00913,269.72,54.68,0.57349648,0.7283405296,2.33,1.448243e-08,9.534118e-09,2.358824e-08,1.597844e-08,74.45,81.13,7034.29,7665.81,34.64,38.47
3.02612,2,0.1699,0.078,0.062,5.404,5.664,0.9884,0.00913,269.72,54.68,0.5734955199999999,0.7283393103999999,2.33,1.444069e-08,9.500441e-09,2.350914e-08,1.591633e-08,74.31,81.00,7020.88,7653.09,34.56,38.40
3.02637,2,0.1699,0.078,0.062,5.404,5.664,0.9884,0.00913,269.72,54.68,0.57349452,0.7283380404,2.33,1.439628e-08,9.472869e-09,2.34251e-08,1.585631e-08,74.34,80.95,7024.45,7648.43,34.58,38.37
3.02663,2,0.1700,0.078,0.062,5.404,5.664,0.9884,0.00913,269.72,54.68,0.57349348,0.7283367196,2.33,1.435682e-08,9.437256e-09,2.3357e-08,1.580182e-08,74.17,80.86,7007.63,7640.37,34.48,38.32
3.02687,2,0.1700,0.078,0.062,5.404,5.664,0.9884,0.00913,269.72,54.68,0.57349252,0.7283355004,2.33,1.430677e-08,9.406172e-09,2.328682e-08,1.574396e-08,74.21,80.70,7011.58,7624.83,34.50,38.22
3.02712,2,0.1700,0.078,0.062,5.404,5.664,0.9884,0.00913,269.72,54.68,0.5734915199999999,0.7283342303999999,2.33,1.425511e-08,9.366358e-09,2.322616e-08,1.570282e-08,74.07,80.70,6998.82,7624.64,34.42,38.22
3.02738,2,0.1700,0.078,0.062,5.404,5.664,0.9884,0.00913,269.72,54.68,0.5734904799999999,0.7283329095999999,2.33,1.420685e-08,9.338883e-09,2.314477e-08,1.563691e-08,74.17,80.52,7008.09,7608.29,34.48,38.12
3.02763,2,0.1701,0.078,0.062,5.403,5.664,0.9884,0.00913,269.72,54.68,0.57348948,0.7283316396,2.33,1.415932e-08,9.300615e-09,2.306103e-08,1.557865e-08,74.05,80.54,6996.79,7610.22,34.41,38.14
3.02787,2,0.1701,0.078,0.062,5.403,5.664,0.9884,0.00913,269.72,54.68,0.57348852,0.7283304204,2.33,1.409839e-08,9.257865e-09,2.300855e-08,1.551226e-08,73.99,80.05,6990.78,7563.73,34.38,37.85
3.02813,2,0.1701,0.078,0.062,5.403,5.664,0.9884,0.00913,269.72,54.68,0.5734874799999999,0.7283290995999999,2.33,1.404958e-08,9.225682e-09,2.292503e-08,1.546366e-08,73.99,80.17,6990.49,7575.32,34.37,37.92
3.02838,2,0.1702,0.078,0.062,5.403,5.664,0.9884,0.00913,269.72,54.68,0.5734864799999999,0.7283278295999999,2.33,1.400738e-08,9.190175e-09,2.285017e-08,1.539933e-08,73.85,80.00,6977.36,7558.91,34.29,37.82
3.02862,2,0.1702,0.078,0.062,5.403,5.664,0.9884,0.00913,269.72,54.68,0.57348552,0.7283266104,2.33,1.394861e-08,9.151283e-09,2.276127e-08,1.534272e-08,73.84,80.05,6976.62,7563.90,34.29,37.85
3.02888,2,0.1702,0.078,0.062,5.403,5.664,0.9884,0.00913,269.72,54.68,0.57348448,0.7283252896,2.33,1.389199e-08,9.114342e-09,2.269744e-08,1.527655e-08,73.84,79.68,6977.08,7528.91,34.29,37.64
3.02913,2,0.1702,0.078,0.062,5.403,5.664,0.9884,0.00913,269.72,54.68,0.5734834799999999,0.7283240195999999,2.33,1.383475e-08,9.082084e-09,2.260004e-08,1.520322e-08,73.97,79.56,6988.93,7517.15,34.36,37.57
3.02937,2,0.1703,0.078,0.062,5.403,5.664,0.9884,0.00913,269.72,54.68,0.57348252,0.7283228004,2.33,1.377302e-08,9.040582e-09,2.251456e-08,1.513784e-08,73.99,79.48,6990.83,7509.62,34.38,37.52
3.02962,2,0.1703,0.078,0.062,5.403,5.664,0.9884,0.00913,269.72,54.68,0.57348152,0.7283215303999999,2.33,1.372544e-08,9.008002e-09,2.243861e-08,1.507713e-08,73.96,79.32,6987.79,7494.99,34.36,37.44
3.02988,2,0.1703,0.078,0.062,5.403,5.664,0.9884,0.00913,269.72,54.68,0.57348048,0.7283202096,2.33,1.367946e-08,8.966333e-09,2.234443e-08,1.502682e-08,73.68,79.53,6961.83,7514.76,34.20,37.56
3.03012,2,0.1703,0.078,0.062,5.403,5.664,0.9884,0.00913,269.72,54.68,0.5734795199999999,0.7283189903999999,2.33,1.361623e-08,8.930958e-09,2.226176e-08,1.496837e-08,73.83,79.49,6975.59,7510.39,34.28,37.53
3.03037,2,0.1704,0.078,0.062,5.403,5.664,0.9884,0.00913,269.72,54.68,0.57347852,0.7283177204,2.33,1.35744e-08,8.900635e-09,2.217646e-08,1.489526e-08,73.80,79.28,6973.11,7490.62,34.27,37.41
3.03063,2,0.1704,0.077,0.062,5.403,5.664,0.9884,0.00913,269.72,54.68,0.57347748,0.7283163995999999,2.33,1.351511e-08,8.86339e-09,2.209528e-08,1.484708e-08,73.84,79.38,6976.66,7500.19,34.29,37.47
3.03087,2,0.1704,0.077,0.062,5.403,5.664,0.9884,0.00913,269.72,54.68,0.5734765199999999,0.7283151803999999,2.33,1.346391e-08,8.823889e-09,2.201352e-08,1.478551e-08,73.70,79.27,6963.08,7489.95,34.21,37.40
3.03112,2,0.1704,0.077,0.062,5.403,5.664,0.9884,0.00913,269.72,54.68,0.5734755199999999,0.7283139103999999,2.33,1.341109e-08,8.794804e-09,2.193459e-08,1.473408e-08,73.83,79.30,6975.81,7492.40,34.28,37.42
3.03138,2,0.1705,0.077,0.062,5.403,5.664,0.9884,0.00913,269.72,54.68,0.57347448,0.7283125896,2.33,1.336588e-08,8.756866e-09,2.184784e-08,1.468175e-08,73.67,79.44,6960.76,7506.05,34.19,37.50
3.03163,2,0.1705,0.077,0.062,5.403,5.664,0.9884,0.00913,269.72,54.68,0.57347348,0.7283113196,2.33,1.331824e-08,8.72897e-09,2.179204e-08,1.462948e-08,73.75,79.20,6968.43,7483.01,34.24,37.36
3.03187,2,0.1705,0.077,0.062,5.403,5.664,0.9884,0.00913,269.72,54.68,0.5734725199999999,0.7283101003999999,2.33,1.326603e-08,8.6981e-09,2.172034e-08,1.457311e-08,73.83,79.06,6976.23,7470.17,34.29,37.28
3.03213,2,0.1705,0.077,0.062,5.403,5.664,0.9884,0.00913,269.72,54.68,0.5734714799999999,0.7283087796,2.33,1.32243e-08,8.66824e-09,2.164732e-08,1.452675e-08,73.77,79.11,6970.39,7474.28,34.25,37.31
3.03238,2,0.1706,0.077,0.062,5.403,5.664,0.9884,0.00913,269.72,54.68,0.57347048,0.7283075096,2.33,1.317271e-08,8.630282e-09,2.159817e-08,1.447486e-08,73.71,78.84,6964.78,7449.09,34.22,37.16
3.03262,2,0.1706,0.077,0.062,5.403,5.664,0.9884,0.00913,269.72,54.68,0.57346952,0.7283062904,2.33,1.31255e-08,8.602164e-09,2.151383e-08,1.441861e-08,73.78,78.84,6971.39,7449.51,34.26,37.16
3.03288,2,0.1706,0.077,0.062,5.403,5.664,0.9884,0.00913,269.72,54.68,0.57346848,0.7283049695999999,2.33,1.308106e-08,8.575967e-09,2.143951e-08,1.437152e-08,73.86,78.89,6978.30,7453.79,34.30,37.18
3.03313,2,0.1706,0.077,0.062,5.403,5.664,0.9884,0.00913,269.72,54.68,0.5734674799999999,0.7283036995999999,2.33,1.303884e-08,8.551756e-09,2.138149e-08,1.431172e-08,73.94,78.54,6986.53,7420.91,34.35,36.98
3.03337,2,0.1707,0.077,0.061,5.403,5.664,0.9884,0.00913,269.72,54.68,0.57346652,0.7283024804,2.33,1.300505e-08,8.525647e-09,2.130837e-08,1.427526e-08,73.89,78.80,6981.41,7445.14,34.32,37.13
3.03362,2,0.1707,0.077,0.061,5.403,5.664,0.9884,0.00913,269.72,54.68,0.57346552,0.7283012104,2.33,1.296168e-08,8.493648e-09,2.121801e-08,1.421538e-08,73.80,78.81,6972.91,7446.18,34.27,37.14
3.03388,2,0.1707,0.077,0.061,5.403,5.664,0.9884,0.00913,269.72,54.68,0.5734644799999999,0.7282998895999999,2.33,1.292498e-08,8.469693e-09,2.11573e-08,1.415397e-08,73.80,78.46,6973.13,7413.27,34.27,36.94
3.03412,2,0.1707,0.077,0.061,5.403,5.664,0.9884,0.00913,269.72,54.68,0.57346352,0.7282986704000001,2.33,1.28797e-08,8.444926e-09,2.108558e-08,1.410194e-08,73.93,78.39,6984.90,7406.84,34.34,36.90
3.03437,2,0.1708,0.077,0.061,5.402,5.664,0.9884,0.00913,269.72,54.68,0.57346252,0.7282974004,2.33,1.285001e-08,8.416e-09,2.099352e-08,1.404837e-08,73.73,78.57,6966.25,7423.94,34.23,37.00
3.03463,2,0.1708,0.077,0.061,5.402,5.664,0.9884,0.00913,269.72,54.68,0.57346148,0.7282960796,2.33,1.281303e-08,8.397783e-09,2.090819e-08,1.397891e-08,73.88,78.36,6980.71,7404.15,34.31,36.88
3.03487,2,0.1708,0.077,0.061,5.402,5.664,0.9884,0.00913,269.72,54.68,0.5734605199999999,0.7282948603999999,2.33,1.277554e-08,8.370892e-09,2.082974e-08,1.392704e-08,73.82,78.37,6975.11,7405.09,34.28,36.89
3.03512,2,0.1709,0.077,0.061,5.402,5.664,0.9884,0.00913,269.72,54.68,0.57345952,0.7282935904,2.33,1.275313e-08,8.357786e-09,2.07484e-08,1.385749e-08,73.91,78.16,6983.01,7385.03,34.33,36.77
3.03538,2,0.1709,0.077,0.061,5.402,5.664,0.9884,0.00913,269.72,54.68,0.57345848,0.7282922696,2.33,1.27136e-08,8.336949e-09,2.066672e-08,1.380197e-08,74.04,78.14,6995.35,7383.47,34.40,36.76
3.03563,2,0.1709,0.077,0.061,5.402,5.664,0.9884,0.00913,269.72,54.68,0.57345748,0.7282909996,2.33,1.269013e-08,8.325056e-09,2.058267e-08,1.372994e-08,74.13,77.87,7003.90,7357.82,34.45,36.60
3.03587,2,0.1709,0.077,0.061,5.402,5.664,0.9884,0.00913,269.72,54.68,0.5734565199999999,0.7282897803999999,2.33,1.266829e-08,8.296341e-09,2.048529e-08,1.366934e-08,73.76,77.95,6968.77,7364.88,34.24,36.64
3.03613,2,0.1710,0.077,0.061,5.402,5.664,0.9884,0.00913,269.72,54.68,0.5734554799999999,0.7282884595999999,2.33,1.263661e-08,8.281665e-09,2.039432e-08,1.360851e-08,73.96,77.99,6987.68,7368.98,34.36,36.67
3.03638,2,0.1710,0.077,0.061,5.402,5.664,0.9884,0.00913,269.72,54.68,0.57345448,0.7282871896,2.33,1.261513e-08,8.262434e-09,2.029313e-08,1.354319e-08,73.82,78.03,6975.06,7372.58,34.28,36.69
3.03662,2,0.1710,0.077,0.061,5.402,5.664,0.9884,0.00913,269.72,54.68,0.5734535199999999,0.7282859704,2.33,1.257947e-08,8.242602e-09,2.019357e-08,1.347271e-08,73.91,77.96,6983.71,7365.94,34.33,36.65
3.03688,2,0.1710,0.077,0.061,5.402,5.664,0.9884,0.00913,269.72,54.68,0.5734524799999999,0.7282846496,2.33,1.255179e-08,8.2319e-09,2.012124e-08,1.342012e-08,74.11,77.88,7002.06,7358.80,34.44,36.61
3.03713,2,0.1711,0.077,0.061,5.402,5.664,0.9884,0.00913,269.72,54.68,0.57345148,0.7282833796,2.33,1.253053e-08,8.218799e-09,2.001372e-08,1.334554e-08,74.17,77.88,7008.24,7358.36,34.48,36.60
3.03737,2,0.1711,0.077,0.061,5.402,5.664,0.9884,0.00913,269.72,54.68,0.57345052,0.7282821603999999,2.33,1.251775e-08,8.200337e-09,1.991792e-08,1.328606e-08,73.91,77.96,6983.29,7365.68,34.33,36.65
3.03762,2,0.1711,0.077,0.061,5.402,5.664,0.9884,0.00913,269.72,54.68,0.5734495199999999,0.7282808903999999,2.33,1.249037e-08,8.188038e-09,1.982187e-08,1.322514e-08,74.06,78.01,6997.26,7370.95,34.41,36.68
3.03788,2,0.1711,0.077,0.061,5.402,5.664,0.9884,0.00913,269.72,54.68,0.5734484799999999,0.7282795696,2.33,1.246596e-08,8.171352e-09,1.972768e-08,1.315694e-08,74.04,77.92,6995.56,7361.95,34.40,36.63
3.03812,2,0.1712,0.077,0.061,5.402,5.664,0.9884,0.00913,269.73,54.68,0.57344752,0.7282783504,2.33,1.244879e-08,8.160908e-09,1.964497e-08,1.309979e-08,74.10,77.93,7001.67,7362.89,34.44,36.63
3.03837,2,0.1712,0.077,0.061,5.402,5.664,0.9884,0.00913,269.73,54.68,0.57344652,0.7282770803999999,2.33,1.24275e-08,8.147986e-09,1.954918e-08,1.303221e-08,74.13,77.86,7004.25,7356.62,34.46,36.59
3.03863,2,0.1712,0.077,0.061,5.402,5.664,0.9884,0.00913,269.73,54.68,0.57344548,0.7282757595999999,2.33,1.240348e-08,8.131638e-09,1.944837e-08,1.297264e-08,74.11,78.00,7002.75,7369.62,34.45,36.67
3.03887,2,0.1712,0.077,0.061,5.402,5.664,0.9884,0.00913,269.73,54.68,0.57344452,0.7282745404000001,2.33,1.238696e-08,8.124008e-09,1.935313e-08,1.289811e-08,74.20,77.80,7010.77,7350.79,34.49,36.56
3.03912,2,0.1713,0.077,0.061,5.402,5.664,0.9884,0.00913,269.73,54.68,0.57344352,0.7282732704,2.33,1.235131e-08,8.099554e-09,1.925838e-08,1.283402e-08,74.21,77.83,7012.16,7353.47,34.50,36.57
3.03938,2,0.1713,0.077,0.061,5.402,5.664,0.9884,0.00913,269.73,54.68,0.57344248,0.7282719496,2.33,1.233481e-08,8.089329e-09,1.914288e-08,1.276754e-08,74.23,78.02,7013.66,7371.62,34.51,36.68
3.03963,2,0.1713,0.077,0.061,5.402,5.664,0.9884,0.00913,269.73,54.68,0.57344148,0.7282706795999999,2.33,1.231295e-08,8.074796e-09,1.905266e-08,1.270631e-08,74.23,78.00,7013.16,7369.78,34.51,36.67
3.03987,2,0.1713,0.077,0.061,5.402,5.664,0.9884,0.00913,269.73,54.68,0.57344052,0.7282694604000001,2.33,1.22895e-08,8.058332e-09,1.896528e-08,1.263262e-08,74.20,77.71,7010.42,7342.88,34.49,36.51
3.04013,2,0.1714,0.077,0.061,5.402,5.664,0.9884,0.00913,269.73,54.68,0.57343948,0.7282681396,2.33,1.227012e-08,8.046537e-09,1.887303e-08,1.25697e-08,74.26,77.73,7016.82,7344.59,34.53,36.52
3.04038,2,0.1714,0.077,0.061,5.402,5.664,0.9884,0.00913,269.73,54.68,0.57343848,0.7282668696,2.33,1.224699e-08,8.026459e-09,1.878876e-08,1.250796e-08,74.13,77.63,7004.38,7334.73,34.46,36.46
3.04062,2,0.1714,0.077,0.061,5.402,5.664,0.9884,0.00913,269.73,54.68,0.5734375199999999,0.7282656503999999,2.33,1.222076e-08,8.00688e-09,1.869908e-08,1.243104e-08,74.07,77.31,6998.32,7304.46,34.42,36.28
3.04088,2,0.1715,0.077,0.061,5.401,5.664,0.9884,0.00913,269.73,54.68,0.5734364799999999,0.7282643295999999,2.33,1.220089e-08,7.991273e-09,1.858226e-08,1.237826e-08,74.04,77.82,6995.83,7352.81,34.40,36.57
3.04113,2,0.1715,0.077,0.061,5.401,5.664,0.9884,0.00913,269.73,54.68,0.57343548,0.7282630596,2.33,1.218128e-08,7.970753e-09,1.849707e-08,1.230784e-08,73.84,77.56,6976.36,7328.43,34.28,36.42
3.04137,2,0.1715,0.077,0.061,5.401,5.664,0.9884,0.00913,269.73,54.68,0.57343452,0.7282618404,2.33,1.21673e-08,7.959932e-09,1.841192e-08,1.223891e-08,73.79,77.33,6972.12,7306.54,34.26,36.29
3.04162,2,0.1715,0.077,0.061,5.401,5.664,0.9884,0.00913,269.73,54.68,0.5734335199999999,0.7282605703999999,2.33,1.213534e-08,7.94064e-09,1.832315e-08,1.218339e-08,73.83,77.40,6976.22,7312.78,34.28,36.33
3.04188,2,0.1716,0.077,0.061,5.401,5.664,0.9884,0.00913,269.73,54.68,0.5734324799999999,0.7282592495999999,2.33,1.210991e-08,7.92725e-09,1.822342e-08,1.21154e-08,73.96,77.41,6988.58,7314.02,34.36,36.33
3.04212,2,0.1716,0.077,0.061,5.401,5.664,0.9884,0.00913,269.73,54.68,0.57343152,0.7282580303999999,2.33,1.207538e-08,7.90581e-09,1.813891e-08,1.20574e-08,74.00,77.37,6991.56,7310.74,34.38,36.31
3.04237,2,0.1716,0.077,0.061,5.401,5.664,0.9884,0.00913,269.73,54.68,0.5734305199999999,0.7282567604,2.33,1.205979e-08,7.8847e-09,1.80451e-08,1.199806e-08,73.70,77.43,6963.67,7316.22,34.21,36.35
3.04263,2,0.1716,0.077,0.061,5.401,5.664,0.9884,0.00913,269.73,54.68,0.5734294799999999,0.7282554395999999,2.33,1.203623e-08,7.868199e-09,1.79726e-08,1.193516e-08,73.67,77.15,6960.86,7289.44,34.19,36.18
3.04287,2,0.1717,0.077,0.061,5.401,5.664,0.9884,0.00913,269.73,54.68,0.57342852,0.7282542204,2.33,1.199704e-08,7.849771e-09,1.788659e-08,1.188703e-08,73.91,77.37,6983.39,7310.14,34.33,36.31
3.04312,2,0.1717,0.077,0.061,5.401,5.664,0.9884,0.00913,269.73,54.68,0.57342752,0.7282529503999999,2.33,1.198048e-08,7.825272e-09,1.779381e-08,1.183346e-08,73.54,77.53,6948.30,7325.07,34.11,36.40
3.04338,2,0.1717,0.077,0.061,5.401,5.664,0.9884,0.00913,269.73,54.68,0.57342648,0.7282516296,2.33,1.195103e-08,7.810361e-09,1.771966e-08,1.178018e-08,73.66,77.45,6959.41,7317.71,34.18,36.36
3.04363,2,0.1717,0.077,0.061,5.401,5.664,0.9884,0.00913,269.73,54.68,0.5734254799999999,0.7282503596,2.33,1.191895e-08,7.792649e-09,1.76512e-08,1.17348e-08,73.75,77.45,6967.80,7317.96,34.23,36.36
3.04387,2,0.1718,0.077,0.061,5.401,5.664,0.9884,0.00913,269.73,54.68,0.57342452,0.7282491404,2.33,1.188638e-08,7.767516e-09,1.756261e-08,1.168512e-08,73.68,77.68,6961.92,7339.49,34.20,36.49
3.04413,2,0.1718,0.077,0.061,5.401,5.664,0.9884,0.00913,269.73,54.68,0.57342348,0.7282478196,2.33,1.185076e-08,7.74116e-09,1.748658e-08,1.164056e-08,73.60,77.80,6953.94,7350.86,34.15,36.56
3.04438,2,0.1718,0.077,0.061,5.401,5.664,0.9884,0.00913,269.73,54.68,0.57342248,0.7282465495999999,2.33,1.182909e-08,7.722583e-09,1.741829e-08,1.159131e-08,73.48,77.72,6942.48,7343.68,34.08,36.51
3.04462,2,0.1718,0.077,0.061,5.401,5.664,0.9884,0.00913,269.73,54.68,0.5734215199999999,0.7282453304,2.33,1.179619e-08,7.697706e-09,1.733521e-08,1.15385e-08,73.38,77.77,6933.66,7348.39,34.02,36.54
3.04488,2,0.1719,0.076,0.061,5.401,5.664,0.9884,0.00913,269.73,54.68,0.57342048,0.7282440096,2.33,1.177323e-08,7.679818e-09,1.727342e-08,1.150227e-08,73.34,77.92,6929.97,7361.85,34.00,36.62
3.04513,2,0.1719,0.076,0.061,5.401,5.664,0.9884,0.00913,269.73,54.68,0.57341948,0.7282427396,2.33,1.17445e-08,7.659926e-09,1.720557e-08,1.145486e-08,73.31,77.87,6926.98,7357.57,33.98,36.60
3.04537,2,0.1719,0.076,0.061,5.401,5.664,0.9884,0.00913,269.73,54.68,0.5734185199999999,0.7282415203999999,2.33,1.171293e-08,7.634394e-09,1.71488e-08,1.141389e-08,73.18,77.81,6914.11,7351.45,33.91,36.56
3.04562,2,0.1719,0.076,0.061,5.401,5.664,0.9884,0.00913,269.73,54.68,0.57341752,0.7282402504000001,2.33,1.167728e-08,7.611988e-09,1.707668e-08,1.135824e-08,73.20,77.65,6916.28,7336.68,33.92,36.47
3.04588,2,0.1720,0.076,0.061,5.401,5.664,0.9884,0.00913,269.73,54.68,0.57341648,0.7282389296,2.33,1.165965e-08,7.596731e-09,1.700995e-08,1.132141e-08,73.14,77.85,6910.46,7355.60,33.88,36.59
3.04612,2,0.1720,0.076,0.061,5.401,5.664,0.9884,0.00913,269.73,54.68,0.57341552,0.7282377104,2.33,1.162113e-08,7.573671e-09,1.692461e-08,1.127048e-08,73.19,77.97,6915.80,7367.07,33.92,36.65
3.04637,2,0.1720,0.076,0.061,5.401,5.664,0.9884,0.00913,269.73,54.68,0.5734145199999999,0.7282364403999999,2.33,1.160097e-08,7.558179e-09,1.686094e-08,1.122654e-08,73.13,77.94,6909.62,7364.05,33.88,36.64
3.04663,2,0.1721,0.076,0.061,5.401,5.664,0.9884,0.00913,269.73,54.68,0.5734134799999999,0.7282351195999999,2.33,1.156277e-08,7.538042e-09,1.681203e-08,1.118169e-08,73.30,77.73,6926.16,7344.19,33.98,36.52
3.04688,2,0.1721,0.076,0.061,5.401,5.664,0.9884,0.00913,269.73,54.68,0.57341248,0.7282338496,2.33,1.153616e-08,7.52028e-09,1.675e-08,1.113167e-08,73.29,77.55,6925.07,7326.96,33.97,36.41
3.04712,2,0.1721,0.076,0.061,5.401,5.664,0.9884,0.00913,269.73,54.68,0.57341152,0.7282326304,2.33,1.149898e-08,7.498778e-09,1.667767e-08,1.110161e-08,73.37,77.92,6932.33,7362.57,34.02,36.63
3.04738,2,0.1721,0.076,0.061,5.401,5.664,0.9884,0.00913,269.73,54.68,0.57341048,0.7282313095999999,2.33,1.148567e-08,7.485868e-09,1.661246e-08,1.105949e-08,73.25,77.95,6921.09,7365.13,33.95,36.64
3.04763,2,0.1722,0.076,0.061,5.400,5.664,0.9884,0.00913,269.73,54.68,0.5734094799999999,0.7282300395999999,2.33,1.144584e-08,7.46588e-09,1.656445e-08,1.102023e-08,73.46,77.84,6941.05,7354.84,34.07,36.58
3.04787,2,0.1722,0.076,0.061,5.400,5.664,0.9884,0.00913,269.73,54.68,0.57340852,0.7282288204,2.33,1.14335e-08,7.450219e-09,1.648025e-08,1.098614e-08,73.25,78.31,6920.72,7398.96,33.95,36.85
3.04813,2,0.1722,0.076,0.061,5.400,5.664,0.9884,0.00913,269.73,54.68,0.57340748,0.7282274996,2.33,1.140555e-08,7.43021e-09,1.643228e-08,1.094207e-08,73.20,78.05,6915.92,7374.52,33.92,36.70
3.04838,2,0.1722,0.076,0.061,5.400,5.664,0.9884,0.00913,269.73,54.68,0.5734064799999999,0.7282262295999999,2.33,1.137665e-08,7.421724e-09,1.636897e-08,1.089584e-08,73.49,77.96,6943.68,7366.27,34.08,36.65
3.04862,2,0.1723,0.076,0.061,5.400,5.664,0.9884,0.00913,269.73,54.68,0.57340552,0.7282250104,2.33,1.135392e-08,7.406692e-09,1.629831e-08,1.085615e-08,73.53,78.17,6947.16,7385.49,34.11,36.77
3.04887,2,0.1723,0.076,0.061,5.400,5.664,0.9884,0.00913,269.73,54.68,0.57340452,0.7282237403999999,2.33,1.1328e-08,7.388005e-09,1.624663e-08,1.083084e-08,73.48,78.36,6942.35,7404.15,34.08,36.88
3.04913,2,0.1723,0.076,0.061,5.400,5.664,0.9884,0.00913,269.73,54.68,0.57340348,0.7282224196,2.33,1.130538e-08,7.382279e-09,1.617595e-08,1.079145e-08,73.73,78.53,6966.84,7420.09,34.22,36.98
3.04937,2,0.1723,0.076,0.061,5.400,5.664,0.9884,0.00913,269.73,54.68,0.5734025199999999,0.7282212003999999,2.33,1.128181e-08,7.363777e-09,1.61128e-08,1.075451e-08,73.65,78.65,6958.37,7430.87,34.17,37.04
3.04962,2,0.1724,0.076,0.061,5.400,5.664,0.9884,0.00913,269.73,54.68,0.57340152,0.7282199304,2.33,1.125663e-08,7.350679e-09,1.606139e-08,1.071266e-08,73.78,78.53,6971.52,7419.48,34.25,36.97
3.04988,2,0.1724,0.076,0.061,5.400,5.664,0.9884,0.00913,269.73,54.68,0.57340048,0.7282186096,2.33,1.123353e-08,7.340045e-09,1.599038e-08,1.066682e-08,73.91,78.56,6983.72,7422.66,34.33,36.99
3.05012,2,0.1724,0.076,0.061,5.400,5.664,0.9884,0.00913,269.73,54.68,0.5733995199999999,0.7282173903999999,2.33,1.12134e-08,7.327048e-09,1.592246e-08,1.063049e-08,73.92,78.76,6984.15,7441.54,34.33,37.11
3.05037,2,0.1724,0.076,0.061,5.400,5.664,0.9884,0.00913,269.73,54.68,0.5733985199999999,0.7282161203999999,2.33,1.118504e-08,7.312983e-09,1.585848e-08,1.059096e-08,74.05,78.83,6996.48,7448.28,34.40,37.15
3.05063,2,0.1725,0.076,0.061,5.400,5.664,0.9884,0.00913,269.73,54.68,0.5733974799999999,0.7282147995999999,2.33,1.116591e-08,7.303859e-09,1.578936e-08,1.055151e-08,74.19,79.03,7009.92,7466.90,34.49,37.26
3.05088,2,0.1725,0.076,0.061,5.400,5.664,0.9884,0.00913,269.73,54.68,0.57339648,0.7282135296,2.33,1.114429e-08,7.291479e-09,1.572289e-08,1.050547e-08,74.24,78.99,7014.82,7463.43,34.52,37.24
3.05112,2,0.1725,0.076,0.061,5.400,5.664,0.9884,0.00913,269.73,54.68,0.5733955199999999,0.7282123103999999,2.33,1.111094e-08,7.278445e-09,1.564605e-08,1.046028e-08,74.50,79.13,7039.40,7476.68,34.66,37.32
3.05138,2,0.1725,0.076,0.061,5.400,5.664,0.9884,0.00913,269.73,54.68,0.5733944799999999,0.7282109896,2.33,1.109933e-08,7.265375e-09,1.557011e-08,1.041735e-08,74.34,79.31,7024.08,7493.69,34.57,37.42
3.05163,2,0.1726,0.076,0.061,5.400,5.664,0.9884,0.00913,269.73,54.68,0.57339348,0.7282097196,2.33,1.106859e-08,7.254886e-09,1.550159e-08,1.03744e-08,74.67,79.42,7055.27,7504.36,34.76,37.49
3.05187,2,0.1726,0.076,0.061,5.400,5.664,0.9884,0.00913,269.73,54.68,0.57339252,0.7282085004,2.33,1.104901e-08,7.246804e-09,1.543027e-08,1.03292e-08,74.81,79.48,7068.73,7509.93,34.84,37.52
3.05213,2,0.1726,0.076,0.061,5.400,5.664,0.9884,0.00913,269.73,54.68,0.57339148,0.7282071795999999,2.33,1.103196e-08,7.236046e-09,1.535177e-08,1.027643e-08,74.83,79.48,7069.93,7509.44,34.85,37.52
3.05238,2,0.1727,0.076,0.060,5.400,5.664,0.9884,0.00913,269.73,54.68,0.5733904799999999,0.7282059095999999,2.33,1.100917e-08,7.218028e-09,1.527599e-08,1.022735e-08,74.78,79.56,7065.47,7517.64,34.82,37.57
3.05262,2,0.1727,0.076,0.060,5.400,5.664,0.9884,0.00913,269.73,54.68,0.57338952,0.7282046904,2.33,1.09835e-08,7.208017e-09,1.519391e-08,1.017405e-08,74.98,79.60,7084.94,7521.34,34.94,37.59
3.05287,2,0.1727,0.076,0.060,5.400,5.664,0.9884,0.00913,269.73,54.68,0.57338852,0.7282034204,2.33,1.0959e-08,7.195412e-09,1.512534e-08,1.012489e-08,75.09,79.53,7094.90,7514.05,35.00,37.55
3.05313,2,0.1727,0.076,0.060,5.400,5.664,0.9884,0.00913,269.73,54.68,0.57338748,0.7282020995999999,2.33,1.093068e-08,7.181159e-09,1.504062e-08,1.006508e-08,75.22,79.45,7107.41,7507.06,35.08,37.50
3.05337,2,0.1728,0.076,0.060,5.399,5.664,0.9884,0.00913,269.73,54.68,0.57338652,0.7282008804,2.33,1.091372e-08,7.173554e-09,1.496714e-08,1.001173e-08,75.37,79.40,7121.76,7501.94,35.16,37.47
3.05362,2,0.1728,0.076,0.060,5.400,5.664,0.9884,0.00913,269.73,54.68,0.57338552,0.7281996104,2.33,1.088215e-08,7.162469e-09,1.48732e-08,9.963581e-09,75.67,79.75,7149.92,7535.49,35.34,37.68
3.05388,2,0.1728,0.076,0.060,5.400,5.664,0.9884,0.00914,269.73,54.68,0.57338448,0.7281982896,2.33,1.085902e-08,7.144499e-09,1.477277e-08,9.914146e-09,75.59,80.19,7141.89,7576.80,35.29,37.93
3.05412,2,0.1728,0.076,0.060,5.400,5.664,0.9884,0.00914,269.73,54.68,0.5733835199999999,0.7281970703999999,2.33,1.082836e-08,7.130226e-09,1.470835e-08,9.861935e-09,75.77,79.97,7159.20,7555.89,35.39,37.80
3.05437,2,0.1729,0.076,0.060,5.399,5.664,0.9884,0.00914,269.73,54.68,0.57338252,0.7281958004,2.33,1.081391e-08,7.116532e-09,1.463606e-08,9.80576e-09,75.68,79.83,7151.05,7542.27,35.34,37.72
3.05463,2,0.1729,0.076,0.060,5.399,5.664,0.9884,0.00914,269.73,54.68,0.57338148,0.7281944796,2.33,1.078676e-08,7.102996e-09,1.455903e-08,9.753115e-09,75.82,79.80,7163.82,7539.85,35.42,37.70
3.05488,2,0.1729,0.076,0.060,5.399,5.664,0.9884,0.00914,269.73,54.68,0.57338048,0.7281932096,2.33,1.076447e-08,7.086324e-09,1.447336e-08,9.70496e-09,75.76,80.03,7157.93,7561.64,35.38,37.83
3.05512,2,0.1729,0.076,0.060,5.399,5.664,0.9884,0.00914,269.73,54.68,0.5733795199999999,0.7281919903999999,2.33,1.072743e-08,7.069544e-09,1.437773e-08,9.653401e-09,76.00,80.35,7180.53,7591.64,35.52,38.02
3.05538,2,0.1730,0.076,0.060,5.399,5.664,0.9884,0.00914,269.73,54.68,0.5733784799999999,0.7281906695999999,2.33,1.069753e-08,7.05522e-09,1.431104e-08,9.602807e-09,76.21,80.25,7200.79,7582.05,35.64,37.96
3.05563,2,0.1730,0.076,0.060,5.399,5.664,0.9884,0.00914,269.73,54.68,0.57337748,0.7281893996,2.33,1.067678e-08,7.038086e-09,1.4223e-08,9.552108e-09,76.10,80.46,7190.44,7602.31,35.58,38.08
3.05587,2,0.1730,0.076,0.060,5.399,5.664,0.9884,0.00914,269.73,54.68,0.57337652,0.7281881804,2.33,1.06441e-08,7.017878e-09,1.413882e-08,9.503913e-09,76.14,80.68,7194.45,7622.68,35.61,38.20
3.09413,3,0.1771,0.073,0.058,5.420,5.691,0.9884,0.00915,269.75,54.25,0.57322348,0.7279938196,2.30,1.17362e-08,7.774483e-09,1.038584e-08,7.020763e-09,79.04,84.03,7467.79,7939.50,37.26,40.12
3.09437,3,0.1771,0.073,0.058,5.420,5.691,0.9884,0.00915,269.75,54.25,0.57322252,0.7279926003999999,2.30,1.174091e-08,7.783463e-09,1.036742e-08,7.016745e-09,79.21,84.34,7484.48,7969.06,37.36,40.30
3.09463,3,0.1772,0.073,0.058,5.420,5.691,0.9884,0.00915,269.75,54.25,0.57322148,0.7279912796,2.30,1.171247e-08,7.752521e-09,1.036104e-08,6.999719e-09,78.89,83.92,7454.22,7929.02,37.17,40.05
3.09488,3,0.1772,0.073,0.058,5.420,5.691,0.9884,0.00915,269.75,54.25,0.5732204799999999,0.7279900095999999,2.30,1.168923e-08,7.739173e-09,1.035136e-08,6.993652e-09,78.95,83.94,7460.02,7930.67,37.21,40.06
3.09512,3,0.1772,0.073,0.058,5.420,5.691,0.9884,0.00915,269.75,54.25,0.57321952,0.7279887904,2.30,1.168393e-08,7.729534e-09,1.034187e-08,6.981268e-09,78.77,83.71,7442.55,7909.81,37.10,39.94
3.09538,3,0.1772,0.073,0.058,5.420,5.691,0.9884,0.00915,269.75,54.25,0.57321848,0.7279874695999999,2.30,1.167689e-08,7.716236e-09,1.03359e-08,6.975848e-09,78.51,83.66,7418.01,7904.96,36.95,39.91
3.09563,3,0.1773,0.073,0.058,5.420,5.691,0.9884,0.00915,269.75,54.25,0.57321748,0.7279861996,2.30,1.165095e-08,7.71418e-09,1.031683e-08,6.967625e-09,79.01,83.88,7465.24,7925.69,37.24,40.03
3.09587,3,0.1773,0.073,0.058,5.420,5.691,0.9884,0.00915,269.75,54.25,0.57321652,0.7279849804,2.30,1.164446e-08,7.698216e-09,1.031605e-08,6.972684e-09,78.66,84.09,7431.90,7945.29,37.04,40.15
3.09612,3,0.1773,0.073,0.058,5.420,5.691,0.9884,0.00915,269.75,54.25,0.57321552,0.7279837104,2.30,1.164336e-08,7.686507e-09,1.031792e-08,6.967869e-09,78.33,83.86,7400.70,7923.96,36.85,40.02
3.09638,3,0.1774,0.073,0.058,5.419,5.691,0.9884,0.00915,269.75,54.25,0.57321448,0.7279823896,2.30,1.162808e-08,7.682722e-09,1.031528e-08,6.968186e-09,78.56,83.99,7422.79,7935.79,36.98,40.10
3.09662,3,0.1774,0.073,0.058,5.419,5.691,0.9884,0.00915,269.75,54.25,0.5732135199999999,0.7279811703999999,2.30,1.162364e-08,7.671643e-09,1.031341e-08,6.962753e-09,78.32,83.84,7399.64,7921.17,36.84,40.01
3.09687,3,0.1774,0.073,0.058,5.419,5.691,0.9884,0.00915,269.75,54.25,0.57321252,0.7279799004,2.30,1.16152e-08,7.667113e-09,1.031396e-08,6.970072e-09,78.35,84.09,7402.59,7945.55,36.86,40.15
3.09713,3,0.1774,0.073,0.058,5.419,5.691,0.9884,0.00915,269.75,54.25,0.57321148,0.7279785796,2.30,1.162342e-08,7.666095e-09,1.032477e-08,6.977416e-09,78.15,84.09,7384.33,7945.69,36.75,40.16
3.09737,3,0.1775,0.073,0.058,5.419,5.691,0.9884,0.00915,269.75,54.25,0.57321052,0.7279773603999999,2.30,1.162344e-08,7.66734e-09,1.033687e-08,6.988337e-09,78.23,84.24,7391.98,7959.81,36.80,40.24
3.09762,3,0.1775,0.073,0.058,5.419,5.691,0.9884,0.00915,269.75,54.25,0.5732095199999999,0.7279760903999999,2.30,1.163325e-08,7.669525e-09,1.03381e-08,6.98667e-09,78.11,84.15,7379.86,7951.03,36.72,40.19
3.09788,3,0.1775,0.073,0.058,5.419,5.691,0.9884,0.00915,269.75,54.25,0.5732084799999999,0.7279747695999998,2.30,1.163412e-08,7.670353e-09,1.035195e-08,7.003929e-09,78.11,84.44,7380.58,7978.79,36.73,40.36
3.09813,3,0.1775,0.073,0.058,5.419,5.691,0.9884,0.00915,269.75,54.25,0.57320748,0.7279734996,2.30,1.164353e-08,7.672623e-09,1.036438e-08,7.016064e-09,78.00,84.58,7369.49,7991.91,36.66,40.44
3.09837,3,0.1776,0.073,0.058,5.419,5.691,0.9884,0.00915,269.75,54.25,0.5732065199999999,0.7279722804,2.30,1.166689e-08,7.684215e-09,1.038317e-08,7.027013e-09,77.93,84.57,7362.96,7990.17,36.62,40.42
3.09863,3,0.1776,0.073,0.058,5.419,5.691,0.9884,0.00915,269.75,54.25,0.5732054799999999,0.7279709595999999,2.30,1.167629e-08,7.689595e-09,1.039455e-08,7.035093e-09,77.90,84.58,7360.68,7991.50,36.61,40.43
3.09888,3,0.1776,0.073,0.058,5.419,5.691,0.9884,0.00915,269.75,54.25,0.5732044799999999,0.7279696895999999,2.30,1.170859e-08,7.705922e-09,1.042519e-08,7.053878e-09,77.76,84.51,7346.88,7984.67,36.52,40.39
3.09912,3,0.1776,0.073,0.058,5.419,5.691,0.9884,0.00915,269.75,54.25,0.57320352,0.7279684704,2.30,1.172165e-08,7.715159e-09,1.044431e-08,7.070728e-09,77.78,84.65,7348.66,7998.35,36.53,40.47
3.09938,3,0.1777,0.073,0.058,5.419,5.691,0.9884,0.00915,269.75,54.25,0.57320248,0.7279671496,2.30,1.174784e-08,7.726473e-09,1.04665e-08,7.084102e-09,77.65,84.64,7336.34,7997.09,36.46,40.47
3.09963,3,0.1777,0.073,0.058,5.419,5.691,0.9884,0.00915,269.75,54.25,0.5732014799999999,0.7279658795999999,2.30,1.178185e-08,7.749543e-09,1.049706e-08,7.107559e-09,77.67,84.74,7338.29,8006.76,36.47,40.52
3.09987,3,0.1777,0.073,0.058,5.419,5.691,0.9884,0.00915,269.75,54.25,0.57320052,0.7279646604,2.30,1.180509e-08,7.768679e-09,1.052218e-08,7.125207e-09,77.78,84.76,7348.93,8008.99,36.53,40.54
3.10012,3,0.1778,0.073,0.058,5.419,5.691,0.9884,0.00915,269.75,54.25,0.57319952,0.7279633903999999,2.30,1.184369e-08,7.789884e-09,1.055643e-08,7.146064e-09,77.70,84.73,7341.49,8005.39,36.49,40.52
3.10038,3,0.1778,0.073,0.058,5.419,5.691,0.9884,0.00915,269.75,54.25,0.57319848,0.7279620696,2.30,1.187926e-08,7.807876e-09,1.058838e-08,7.160982e-09,77.54,84.48,7326.68,7982.23,36.40,40.38
3.10062,3,0.1778,0.073,0.058,5.419,5.691,0.9884,0.00915,269.75,54.25,0.5731975199999999,0.7279608503999999,2.30,1.191824e-08,7.832442e-09,1.061478e-08,7.181264e-09,77.51,84.57,7323.80,7990.58,36.38,40.43
3.10087,3,0.1778,0.073,0.058,5.419,5.691,0.9884,0.00915,269.75,54.25,0.57319652,0.7279595804,2.30,1.19487e-08,7.850827e-09,1.065233e-08,7.202808e-09,77.47,84.43,7319.36,7977.36,36.35,40.35
3.10113,3,0.1779,0.073,0.058,5.419,5.691,0.9884,0.00915,269.75,54.25,0.57319548,0.7279582595999999,2.30,1.198334e-08,7.876465e-09,1.067724e-08,7.214031e-09,77.59,84.27,7331.29,7962.69,36.43,40.26
3.10137,3,0.1779,0.073,0.058,5.419,5.691,0.9884,0.00915,269.75,54.25,0.5731945199999999,0.7279570403999999,2.30,1.201998e-08,7.897869e-09,1.070911e-08,7.230759e-09,77.52,84.10,7324.04,7946.41,36.38,40.16
3.10162,3,0.1779,0.073,0.058,5.419,5.691,0.9884,0.00915,269.75,54.25,0.57319352,0.7279557704,2.30,1.205338e-08,7.922528e-09,1.07409e-08,7.250832e-09,77.59,84.05,7331.36,7941.72,36.43,40.13
3.10188,3,0.1779,0.073,0.058,5.419,5.691,0.9884,0.00915,269.75,54.25,0.57319248,0.7279544496,2.30,1.208706e-08,7.946633e-09,1.076702e-08,7.267281e-09,77.65,84.01,7336.66,7937.74,36.46,40.11
3.10213,3,0.1780,0.073,0.058,5.419,5.691,0.9884,0.00915,269.75,54.25,0.57319148,0.7279531795999999,2.30,1.212897e-08,7.968148e-09,1.079515e-08,7.290328e-09,77.52,84.20,7324.58,7955.83,36.39,40.21
3.10237,3,0.1780,0.073,0.058,5.419,5.691,0.9884,0.00915,269.75,54.25,0.5731905199999999,0.7279519603999999,2.30,1.216076e-08,7.982956e-09,1.081769e-08,7.294587e-09,77.35,83.81,7308.36,7919.17,36.29,39.99
3.10263,3,0.1780,0.073,0.058,5.419,5.691,0.9884,0.00915,269.75,54.25,0.5731894799999999,0.7279506396,2.30,1.219825e-08,8.013787e-09,1.083855e-08,7.308967e-09,77.52,83.83,7324.91,7920.22,36.39,40.00
3.10288,3,0.1781,0.073,0.058,5.418,5.691,0.9884,0.00915,269.75,54.25,0.57318848,0.7279493696,2.30,1.222384e-08,8.038099e-09,1.086559e-08,7.321533e-09,77.78,83.67,7349.02,7905.87,36.53,39.91
3.10312,3,0.1781,0.073,0.058,5.418,5.691,0.9884,0.00915,269.75,54.25,0.57318752,0.7279481503999999,2.30,1.22601e-08,8.058678e-09,1.088719e-08,7.330151e-09,77.69,83.47,7340.33,7886.29,36.48,39.79
3.10338,3,0.1781,0.073,0.058,5.418,5.691,0.9884,0.00915,269.75,54.25,0.5731864799999999,0.7279468295999999,2.30,1.227498e-08,8.076145e-09,1.090655e-08,7.338345e-09,77.90,83.30,7360.77,7870.40,36.60,39.70
3.10363,3,0.1781,0.073,0.058,5.418,5.691,0.9884,0.00915,269.75,54.25,0.5731854799999999,0.7279455595999998,2.30,1.23003e-08,8.089786e-09,1.0918e-08,7.344796e-09,77.82,83.25,7352.76,7866.29,36.56,39.67
3.10387,3,0.1782,0.073,0.058,5.418,5.691,0.9884,0.00915,269.75,54.25,0.57318452,0.7279443404,2.30,1.232429e-08,8.108573e-09,1.092656e-08,7.352459e-09,77.95,83.37,7364.87,7876.94,36.63,39.74
3.10412,3,0.1782,0.073,0.058,5.418,5.691,0.9884,0.00915,269.75,54.25,0.57318352,0.7279430704,2.30,1.234162e-08,8.117749e-09,1.092842e-08,7.348413e-09,77.89,83.18,7358.97,7859.62,36.59,39.63
3.10438,3,0.1782,0.073,0.058,5.418,5.691,0.9884,0.00915,269.75,54.25,0.5731824799999999,0.7279417495999999,2.30,1.235123e-08,8.12608e-09,1.094892e-08,7.348022e-09,77.94,82.70,7364.29,7813.61,36.63,39.35
3.10462,3,0.1782,0.073,0.058,5.418,5.691,0.9884,0.00915,269.75,54.25,0.57318152,0.7279405304000001,2.30,1.236177e-08,8.129155e-09,1.09485e-08,7.348147e-09,77.83,82.71,7354.08,7814.92,36.56,39.36
3.10487,3,0.1783,0.072,0.058,5.418,5.691,0.9884,0.00915,269.75,54.25,0.57318052,0.7279392604,2.30,1.235757e-08,8.142913e-09,1.093861e-08,7.345691e-09,78.34,82.90,7401.88,7832.67,36.85,39.47
3.10513,3,0.1783,0.072,0.058,5.418,5.691,0.9884,0.00915,269.75,54.25,0.57317948,0.7279379396,2.30,1.235491e-08,8.139446e-09,1.093673e-08,7.34126e-09,78.29,82.79,7397.32,7822.39,36.83,39.40
3.10537,3,0.1783,0.072,0.058,5.418,5.691,0.9884,0.00915,269.75,54.25,0.5731785199999999,0.7279367203999999,2.30,1.235148e-08,8.142556e-09,1.094074e-08,7.335067e-09,78.44,82.49,7411.64,7793.68,36.91,39.23
3.10562,3,0.1783,0.072,0.058,5.418,5.691,0.9884,0.00915,269.75,54.25,0.57317752,0.7279354504,2.30,1.23466e-08,8.137165e-09,1.092857e-08,7.325843e-09,78.38,82.45,7405.84,7790.24,36.88,39.21
3.10588,3,0.1784,0.072,0.058,5.418,5.691,0.9884,0.00915,269.75,54.25,0.57317648,0.7279341296,2.30,1.231587e-08,8.13078e-09,1.091258e-08,7.313712e-09,78.82,82.45,7447.24,7790.05,37.13,39.21
3.10613,3,0.1784,0.072,0.058,5.418,5.691,0.9884,0.00915,269.75,54.25,0.57317548,0.7279328596,2.30,1.231601e-08,8.1177e-09,1.089915e-08,7.298652e-09,78.44,82.24,7411.85,7770.49,36.91,39.09
3.10637,3,0.1784,0.072,0.058,5.418,5.691,0.9884,0.00915,269.75,54.25,0.5731745199999999,0.7279316403999999,2.30,1.229633e-08,8.106857e-09,1.088316e-08,7.290849e-09,78.51,82.34,7417.56,7779.87,36.95,39.15
3.10663,3,0.1785,0.072,0.058,5.418,5.691,0.9884,0.00915,269.75,54.25,0.57317348,0.7279303196,2.30,1.226665e-08,8.093378e-09,1.085927e-08,7.276572e-09,78.72,82.45,7438.14,7789.83,37.07,39.21
3.10688,3,0.1785,0.072,0.058,5.418,5.691,0.9884,0.00915,269.75,54.25,0.57317248,0.7279290496,2.30,1.223568e-08,8.072262e-09,1.084625e-08,7.265652e-09,78.70,82.37,7436.30,7782.70,37.06,39.16
3.10712,3,0.1785,0.072,0.058,5.418,5.691,0.9884,0.00915,269.75,54.25,0.5731715199999999,0.7279278304,2.30,1.22092e-08,8.056093e-09,1.082137e-08,7.251553e-09,78.74,82.46,7439.83,7791.06,37.08,39.21
3.10738,3,0.1785,0.072,0.058,5.418,5.691,0.9884,0.00915,269.75,54.25,0.5731704799999999,0.7279265095999999,2.30,1.216289e-08,8.031942e-09,1.079244e-08,7.231288e-09,78.93,82.43,7457.31,7788.19,37.19,39.20
3.10763,3,0.1786,0.072,0.058,5.418,5.691,0.9884,0.00915,269.75,54.25,0.57316948,0.7279252396,2.30,1.212145e-08,8.012438e-09,1.077466e-08,7.217037e-09,79.20,82.39,7483.11,7784.91,37.35,39.18
3.10787,3,0.1786,0.072,0.058,5.418,5.691,0.9884,0.00915,269.75,54.25,0.57316852,0.7279240203999999,2.30,1.208338e-08,7.984886e-09,1.074282e-08,7.203262e-09,79.13,82.66,7476.51,7809.71,37.31,39.33
3.10812,3,0.1786,0.072,0.058,5.418,5.691,0.9884,0.00915,269.75,54.25,0.5731675199999999,0.7279227503999999,2.30,1.204262e-08,7.96126e-09,1.072444e-08,7.181954e-09,79.23,82.34,7485.68,7780.17,37.36,39.15
3.10838,3,0.1786,0.072,0.058,5.418,5.691,0.9884,0.00915,269.75,54.25,0.5731664799999999,0.7279214296,2.30,1.199449e-08,7.930842e-09,1.070139e-08,7.169607e-09,79.27,82.45,7489.59,7790.33,37.38,39.21
3.10862,3,0.1787,0.072,0.058,5.418,5.691,0.9884,0.00915,269.75,54.25,0.57316552,0.7279202104,2.30,1.195062e-08,7.905361e-09,1.067402e-08,7.148368e-09,79.42,82.40,7503.66,7785.12,37.47,39.18
3.10887,3,0.1787,0.072,0.058,5.418,5.691,0.9884,0.00915,269.75,54.25,0.57316452,0.7279189403999999,2.30,1.191642e-08,7.874371e-09,1.065259e-08,7.142661e-09,79.17,82.70,7480.18,7813.75,37.33,39.35
3.10913,3,0.1787,0.072,0.058,5.418,5.691,0.9884,0.00915,269.75,54.25,0.57316348,0.7279176195999999,2.30,1.18626e-08,7.850004e-09,1.061692e-08,7.116287e-09,79.50,82.61,7511.77,7805.57,37.52,39.30
3.10938,3,0.1787,0.072,0.058,5.418,5.691,0.9884,0.00915,269.75,54.25,0.5731624799999999,0.7279163496,2.30,1.182808e-08,7.82222e-09,1.060334e-08,7.09798e-09,79.35,82.29,7497.77,7774.99,37.43,39.12
3.10962,3,0.1788,0.072,0.058,5.417,5.691,0.9884,0.00915,269.75,54.25,0.57316152,0.7279151304,2.30,1.17755e-08,7.791988e-09,1.059303e-08,7.082142e-09,79.54,82.02,7514.89,7749.76,37.54,38.96
3.10988,3,0.1788,0.072,0.058,5.417,5.691,0.9884,0.00915,269.76,54.25,0.57316048,0.7279138096,2.30,1.172643e-08,7.761862e-09,1.056661e-08,7.068354e-09,79.61,82.16,7521.61,7762.60,37.58,39.04
3.11013,3,0.1788,0.072,0.058,5.417,5.691,0.9884,0.00915,269.76,54.25,0.5731594799999999,0.7279125395999999,2.30,1.170141e-08,7.738699e-09,1.054296e-08,7.057186e-09,79.41,82.32,7502.67,7778.09,37.46,39.13
3.11037,3,0.1789,0.072,0.058,5.417,5.691,0.9884,0.00915,269.76,54.25,0.57315852,0.7279113204000001,2.30,1.164789e-08,7.703681e-09,1.053385e-08,7.04057e-09,79.46,82.00,7507.95,7747.43,37.50,38.95
3.11063,3,0.1789,0.072,0.058,5.417,5.691,0.9884,0.00915,269.76,54.25,0.57315748,0.7279099996,2.30,1.161787e-08,7.682861e-09,1.05104e-08,7.035307e-09,79.43,82.36,7505.17,7782.16,37.48,39.16
3.11088,3,0.1789,0.072,0.058,5.417,5.691,0.9884,0.00915,269.76,54.25,0.57315648,0.7279087296,2.30,1.157876e-08,7.666466e-09,1.049329e-08,7.021707e-09,79.72,82.29,7532.64,7774.96,37.64,39.11
3.11112,3,0.1789,0.072,0.058,5.417,5.691,0.9884,0.00915,269.76,54.25,0.5731555199999999,0.7279075103999999,2.30,1.155769e-08,7.646121e-09,1.048379e-08,7.010518e-09,79.53,82.12,7514.04,7758.80,37.53,39.02
3.11137,3,0.1790,0.072,0.058,5.417,5.691,0.9884,0.00915,269.76,54.25,0.57315452,0.7279062404,2.30,1.152652e-08,7.619451e-09,1.04812e-08,7.000253e-09,79.38,81.86,7500.64,7734.68,37.45,38.87
3.11163,3,0.1790,0.072,0.058,5.417,5.691,0.9884,0.00915,269.76,54.25,0.57315348,0.7279049196,2.30,1.149964e-08,7.597669e-09,1.046804e-08,7.000815e-09,79.26,82.19,7488.97,7765.91,37.38,39.06
3.11187,3,0.1790,0.072,0.058,5.417,5.691,0.9884,0.00915,269.76,54.25,0.5731525199999999,0.7279037004,2.30,1.147939e-08,7.582121e-09,1.04668e-08,6.995571e-09,79.19,82.04,7482.66,7751.14,37.34,38.97
3.11212,3,0.1790,0.072,0.058,5.417,5.691,0.9884,0.00915,269.76,54.25,0.5731515199999999,0.7279024303999999,2.30,1.146032e-08,7.56853e-09,1.045658e-08,6.991372e-09,79.16,82.13,7479.77,7759.95,37.32,39.02
3.11238,3,0.1791,0.072,0.058,5.417,5.691,0.9884,0.00915,269.76,54.25,0.5731504799999999,0.7279011095999999,2.30,1.144796e-08,7.560499e-09,1.045031e-08,6.988581e-09,79.21,82.22,7484.33,7768.98,37.35,39.08
3.11262,3,0.1791,0.072,0.057,5.417,5.691,0.9884,0.00915,269.76,54.25,0.57314952,0.7278998903999999,2.30,1.14296e-08,7.549564e-09,1.04521e-08,6.985688e-09,79.25,82.08,7487.99,7755.47,37.37,39.00
3.11287,3,0.1791,0.072,0.057,5.417,5.691,0.9884,0.00915,269.76,54.25,0.5731485199999999,0.7278986204,2.30,1.142461e-08,7.535469e-09,1.045729e-08,6.985734e-09,78.92,81.96,7456.51,7744.03,37.18,38.93
3.11313,3,0.1791,0.072,0.057,5.417,5.691,0.9884,0.00915,269.76,54.25,0.5731474799999999,0.7278972995999999,2.30,1.141956e-08,7.531226e-09,1.046022e-08,6.987641e-09,78.89,81.96,7453.86,7743.86,37.17,38.93
3.11338,3,0.1792,0.072,0.057,5.417,5.691,0.9884,0.00915,269.76,54.25,0.57314648,0.7278960296,2.30,1.142068e-08,7.522166e-09,1.046801e-08,6.983886e-09,78.63,81.69,7429.60,7718.36,37.02,38.77
3.11362,3,0.1792,0.072,0.057,5.417,5.691,0.9884,0.00915,269.76,54.25,0.57314552,0.7278948103999999,2.30,1.141875e-08,7.52313e-09,1.047881e-08,6.991997e-09,78.70,81.72,7436.07,7721.36,37.06,38.79
3.11388,3,0.1792,0.072,0.057,5.417,5.691,0.9884,0.00915,269.76,54.25,0.57314448,0.7278934896,2.30,1.14206e-08,7.517256e-09,1.048034e-08,6.997584e-09,78.48,81.88,7415.56,7736.53,36.93,38.88
3.11413,3,0.1793,0.072,0.057,5.417,5.691,0.9884,0.00915,269.76,54.25,0.5731434799999999,0.7278922196,2.30,1.14268e-08,7.52277e-09,1.048945e-08,6.994056e-09,78.57,81.59,7423.83,7708.97,36.98,38.71
3.11437,3,0.1793,0.072,0.057,5.417,5.691,0.9884,0.00915,269.76,54.25,0.57314252,0.7278910004,2.30,1.144283e-08,7.523338e-09,1.04996e-08,7.005589e-09,78.27,81.76,7395.10,7724.74,36.81,38.81
3.11463,3,0.1793,0.072,0.057,5.417,5.691,0.9884,0.00915,269.76,54.25,0.57314148,0.7278896796,2.30,1.144767e-08,7.521835e-09,1.051251e-08,7.013322e-09,78.13,81.73,7381.68,7721.83,36.73,38.79
3.11488,3,0.1793,0.072,0.057,5.417,5.691,0.9884,0.00915,269.76,54.25,0.57314048,0.7278884095999999,2.30,1.146669e-08,7.532384e-09,1.052786e-08,7.022991e-09,78.07,81.71,7376.12,7719.94,36.70,38.78
3.11512,3,0.1794,0.072,0.057,5.417,5.691,0.9884,0.00915,269.76,54.25,0.57313952,0.7278871904,2.30,1.147264e-08,7.538196e-09,1.053757e-08,7.026935e-09,78.17,81.66,7385.67,7715.89,36.75,38.76
3.11537,3,0.1794,0.072,0.057,5.417,5.691,0.9884,0.00915,269.76,54.25,0.57313852,0.7278859204,2.30,1.148996e-08,7.54668e-09,1.055755e-08,7.041045e-09,78.08,81.69,7377.41,7718.47,36.70,38.77
3.11563,3,0.1794,0.072,0.057,5.417,5.691,0.9884,0.00915,269.76,54.25,0.57313748,0.7278845996,2.30,1.151483e-08,7.551156e-09,1.057295e-08,7.044875e-09,77.72,81.47,7343.80,7697.35,36.50,38.64
3.11587,3,0.1794,0.072,0.057,5.417,5.691,0.9884,0.00915,269.76,54.25,0.5731365199999999,0.7278833803999999,2.30,1.15233e-08,7.55968e-09,1.058662e-08,7.051309e-09,77.81,81.37,7352.19,7688.61,36.55,38.59
3.11612,3,0.1795,0.072,0.057,5.416,5.691,0.9884,0.00915,269.76,54.25,0.57313552,0.7278821104000001,2.30,1.155267e-08,7.570209e-09,1.060586e-08,7.062023e-09,77.60,81.35,7331.69,7686.04,36.43,38.57
3.11638,3,0.1795,0.072,0.057,5.416,5.691,0.9884,0.00915,269.76,54.25,0.57313448,0.7278807896,2.30,1.155199e-08,7.578282e-09,1.061935e-08,7.070786e-09,77.85,81.34,7355.67,7685.33,36.57,38.57
3.11662,3,0.1795,0.072,0.057,5.416,5.691,0.9884,0.00915,269.76,54.25,0.57313352,0.7278795704,2.30,1.15817e-08,7.585283e-09,1.063991e-08,7.08318e-09,77.48,81.29,7320.63,7681.13,36.36,38.54
3.11687,3,0.1795,0.072,0.057,5.416,5.691,0.9884,0.00915,269.76,54.25,0.5731325199999999,0.7278783003999999,2.30,1.159864e-08,7.589209e-09,1.066083e-08,7.086484e-09,77.27,80.93,7300.65,7646.84,36.24,38.34
3.11713,3,0.1796,0.072,0.057,5.416,5.691,0.9884,0.00915,269.76,54.25,0.5731314799999999,0.7278769795999999,2.30,1.161844e-08,7.59412e-09,1.066133e-08,7.089722e-09,77.07,81.08,7282.40,7660.46,36.13,38.42
3.11738,3,0.1796,0.072,0.057,5.416,5.691,0.9884,0.00915,269.76,54.25,0.57313048,0.7278757096,2.30,1.163033e-08,7.59598e-09,1.067794e-08,7.097953e-09,76.90,80.98,7266.07,7651.40,36.03,38.36
3.11762,3,0.1796,0.072,0.057,5.416,5.691,0.9884,0.00915,269.76,54.25,0.57312952,0.7278744904,2.30,1.163702e-08,7.599282e-09,1.068938e-08,7.109921e-09,76.87,81.13,7263.13,7665.43,36.01,38.45
3.11788,3,0.1797,0.072,0.057,5.416,5.691,0.9884,0.00915,269.76,54.25,0.5731284799999999,0.7278731695999999,2.30,1.164909e-08,7.605254e-09,1.070588e-08,7.112969e-09,76.86,80.90,7261.91,7644.26,36.00,38.32
3.11813,3,0.1797,0.072,0.057,5.416,5.691,0.9884,0.00915,269.76,54.25,0.5731274799999999,0.7278718995999999,2.30,1.163881e-08,7.607962e-09,1.071148e-08,7.117344e-09,77.13,80.93,7287.91,7646.35,36.16,38.33
3.11837,3,0.1797,0.072,0.057,5.416,5.691,0.9884,0.00915,269.76,54.25,0.57312652,0.7278706804,2.30,1.164905e-08,7.603494e-09,1.071902e-08,7.127201e-09,76.81,81.09,7257.15,7661.88,35.97,38.43
3.11863,3,0.1797,0.072,0.057,5.416,5.691,0.9884,0.00915,269.76,54.25,0.57312548,0.7278693596,2.30,1.164246e-08,7.599508e-09,1.072992e-08,7.129028e-09,76.82,80.91,7258.01,7644.54,35.98,38.32
3.11888,3,0.1798,0.072,0.057,5.416,5.691,0.9884,0.00915,269.76,54.25,0.5731244799999999,0.7278680895999999,2.30,1.163935e-08,7.588832e-09,1.073138e-08,7.127348e-09,76.61,80.86,7238.30,7640.32,35.86,38.30
3.11912,3,0.1798,0.072,0.057,5.416,5.691,0.9884,0.00915,269.76,54.25,0.57312352,0.7278668704,2.30,1.162396e-08,7.58065e-09,1.072457e-08,7.131948e-09,76.66,81.17,7243.39,7669.54,35.89,38.47
3.11937,3,0.1798,0.072,0.057,5.416,5.691,0.9884,0.00915,269.76,54.25,0.57312252,0.7278656003999999,2.30,1.161463e-08,7.572134e-09,1.072206e-08,7.133119e-09,76.59,81.27,7236.71,7678.66,35.85,38.53
3.11963,3,0.1798,0.072,0.057,5.416,5.691,0.9884,0.00915,269.76,54.25,0.57312148,0.7278642796,2.30,1.15832e-08,7.557308e-09,1.072816e-08,7.124847e-09,76.76,80.85,7252.33,7639.17,35.94,38.29
3.11987,3,0.1799,0.072,0.057,5.416,5.691,0.9884,0.00915,269.76,54.25,0.5731205199999999,0.7278630603999999,2.30,1.156109e-08,7.544935e-09,1.072627e-08,7.127329e-09,76.86,81.02,7262.04,7655.37,36.00,38.39
3.12012,3,0.1799,0.072,0.057,5.416,5.691,0.9884,0.00915,269.76,54.25,0.57311952,0.7278617904,2.30,1.15306e-08,7.520994e-09,1.071326e-08,7.118441e-09,76.74,81.01,7250.82,7654.59,35.93,38.38
3.12038,3,0.1799,0.072,0.057,5.416,5.691,0.9884,0.00915,269.76,54.25,0.57311848,0.7278604696,2.30,1.149811e-08,7.493878e-09,1.070653e-08,7.118349e-09,76.57,81.16,7234.38,7668.65,35.83,38.47
3.12062,3,0.1799,0.071,0.057,5.416,5.691,0.9884,0.00915,269.76,54.25,0.5731175199999999,0.7278592503999999,2.30,1.146027e-08,7.475797e-09,1.069036e-08,7.109572e-09,76.76,81.23,7252.54,7674.82,35.94,38.51
3.12087,3,0.1800,0.071,0.057,5.416,5.691,0.9884,0.00915,269.76,54.25,0.5731165199999999,0.7278579803999999,2.30,1.140876e-08,7.448425e-09,1.067855e-08,7.100453e-09,76.99,81.23,7274.06,7675.00,36.07,38.51
3.12113,3,0.1800,0.071,0.057,5.416,5.691,0.9884,0.00916,269.76,54.25,0.57311548,0.7278566596,2.30,1.137151e-08,7.420191e-09,1.065852e-08,7.089771e-09,76.87,81.32,7263.02,7683.53,36.01,38.56
3.12138,3,0.1800,0.071,0.057,5.416,5.691,0.9884,0.00916,269.76,54.25,0.57311448,0.7278553896,2.30,1.131986e-08,7.390359e-09,1.065237e-08,7.077355e-09,76.99,81.04,7273.99,7656.63,36.07,38.39
3.12162,3,0.1801,0.071,0.057,5.416,5.691,0.9884,0.00916,269.76,54.25,0.5731135199999999,0.7278541703999999,2.30,1.126574e-08,7.360733e-09,1.063033e-08,7.06579e-09,77.20,81.19,7294.32,7670.84,36.20,38.48
3.12188,3,0.1801,0.071,0.057,5.416,5.691,0.9884,0.00916,269.76,54.25,0.5731124799999999,0.7278528496,2.30,1.121164e-08,7.32819e-09,1.06107e-08,7.057861e-09,77.29,81.36,7302.38,7687.47,36.25,38.58
3.12213,3,0.1801,0.071,0.057,5.416,5.691,0.9884,0.00916,269.76,54.25,0.57311148,0.7278515796,2.30,1.115087e-08,7.289368e-09,1.058801e-08,7.038478e-09,77.31,81.21,7304.98,7673.50,36.26,38.50
3.12237,3,0.1801,0.071,0.057,5.416,5.691,0.9884,0.00916,269.76,54.25,0.57311052,0.7278503604,2.30,1.109453e-08,7.256968e-09,1.056849e-08,7.02456e-09,77.45,81.18,7317.88,7670.43,36.34,38.48
3.12263,3,0.1802,0.071,0.057,5.415,5.691,0.9884,0.00916,269.76,54.25,0.57310948,0.7278490395999999,2.30,1.106754e-08,7.221017e-09,1.0562e-08,7.009517e-09,76.93,80.86,7268.70,7639.81,36.04,38.29
3.12288,3,0.1802,0.071,0.057,5.415,5.691,0.9884,0.00916,269.76,54.25,0.5731084799999999,0.7278477695999999,2.30,1.145841e-08,7.187065e-09,1.069267e-08,6.998415e-09,68.95,77.63,6514.99,7334.99,31.47,36.44
3.12312,3,0.1802,0.071,0.057,5.415,5.691,0.9884,0.00916,269.76,54.25,0.57310752,0.7278465504,2.30,1.272343e-08,7.174202e-09,1.115426e-08,6.981914e-09,52.98,68.57,5005.73,6479.19,22.31,31.25
3.12337,3,0.1802,0.071,0.057,5.415,5.691,0.9884,0.00916,269.76,54.25,0.57310652,0.7278452804,2.30,1.347563e-08,7.153524e-09,1.16747e-08,6.971651e-09,46.37,60.75,4381.12,5739.61,18.53,26.77
3.12363,3,0.1803,0.071,0.057,5.415,5.691,0.9884,0.00916,269.76,54.25,0.57310548,0.7278439595999999,2.30,1.263801e-08,7.089016e-09,1.110863e-08,6.94822e-09,52.38,68.48,4949.25,6470.01,21.97,31.20
3.12387,3,0.1803,0.071,0.057,5.415,5.691,0.9884,0.00916,269.76,54.25,0.57310452,0.7278427404,2.30,1.123037e-08,7.042474e-09,1.060054e-08,6.942243e-09,68.95,77.81,6514.74,7351.71,31.47,36.54
3.12412,3,0.1803,0.071,0.057,5.415,5.691,0.9884,0.00916,269.76,54.25,0.57310352,0.7278414704,2.30,1.070838e-08,6.999723e-09,1.043681e-08,6.927226e-09,77.39,80.93,7311.92,7646.65,36.30,38.33
3.12438,3,0.1804,0.071,0.057,5.415,5.691,0.9884,0.00916,269.76,54.25,0.57310248,0.7278401496,2.30,1.060825e-08,6.960585e-09,1.040949e-08,6.911723e-09,78.28,81.07,7396.72,7659.56,36.82,38.41
3.12462,3,0.1804,0.071,0.057,5.415,5.691,0.9884,0.00916,269.76,54.25,0.5731015199999999,0.7278389303999999,2.30,1.054773e-08,6.924907e-09,1.037915e-08,6.89761e-09,78.42,81.28,7409.26,7679.54,36.89,38.53
3.12487,3,0.1804,0.071,0.057,5.415,5.691,0.9884,0.00916,269.76,54.25,0.57310052,0.7278376604,2.30,1.048658e-08,6.898694e-09,1.036539e-08,6.891048e-09,78.88,81.37,7453.09,7688.13,37.16,38.58
3.12513,3,0.1804,0.071,0.057,5.415,5.691,0.9884,0.00916,269.76,54.25,0.57309948,0.7278363396,2.30,1.042152e-08,6.858811e-09,1.034658e-08,6.878218e-09,78.98,81.36,7462.37,7687.05,37.22,38.58
3.12538,3,0.1805,0.071,0.057,5.415,5.691,0.9884,0.00916,269.76,54.25,0.57309848,0.7278350696,2.30,1.037846e-08,6.826217e-09,1.033907e-08,6.867591e-09,78.88,81.20,7452.92,7672.53,37.16,38.49
3.12562,3,0.1805,0.071,0.057,5.415,5.691,0.9884,0.00916,269.76,54.25,0.5730975199999999,0.7278338503999999,2.30,1.033438e-08,6.802337e-09,1.032763e-08,6.858579e-09,79.05,81.15,7469.32,7667.83,37.26,38.46
3.12588,3,0.1805,0.071,0.057,5.415,5.691,0.9884,0.00916,269.76,54.25,0.5730964799999999,0.7278325295999999,2.30,1.027913e-08,6.782858e-09,1.030884e-08,6.851324e-09,79.63,81.34,7524.13,7685.27,37.59,38.57
3.12613,3,0.1805,0.071,0.057,5.415,5.691,0.9884,0.00916,269.76,54.25,0.57309548,0.7278312596,2.30,1.02485e-08,6.756639e-09,1.029736e-08,6.84383e-09,79.43,81.34,7504.51,7685.72,37.47,38.57
3.12637,3,0.1806,0.071,0.057,5.415,5.691,0.9884,0.00916,269.76,54.25,0.5730945199999999,0.7278300404,2.30,1.020813e-08,6.734501e-09,1.029291e-08,6.8367e-09,79.62,81.24,7523.35,7676.01,37.58,38.51
3.12663,3,0.1806,0.071,0.057,5.415,5.691,0.9884,0.00916,269.76,54.25,0.5730934799999999,0.7278287196,2.30,1.016859e-08,6.71289e-09,1.028235e-08,6.835731e-09,79.78,81.46,7538.11,7696.28,37.67,38.63
3.12688,3,0.1806,0.071,0.057,5.415,5.691,0.9884,0.00916,269.76,54.25,0.5730924799999999,0.7278274495999999,2.30,1.013472e-08,6.689823e-09,1.028197e-08,6.830799e-09,79.76,81.29,7535.77,7680.58,37.66,38.54
3.12712,3,0.1806,0.071,0.057,5.415,5.691,0.9884,0.00916,269.76,54.25,0.57309152,0.7278262303999999,2.30,1.011554e-08,6.679413e-09,1.027304e-08,6.831546e-09,79.84,81.53,7543.25,7703.02,37.70,38.67
3.12737,3,0.1807,0.071,0.057,5.415,5.691,0.9884,0.00916,269.76,54.25,0.5730905199999999,0.7278249603999999,2.30,1.009097e-08,6.665754e-09,1.027879e-08,6.829024e-09,79.97,81.35,7555.98,7685.97,37.78,38.57
3.12763,3,0.1807,0.071,0.057,5.415,5.691,0.9884,0.00916,269.76,54.25,0.5730894799999999,0.7278236396,2.30,1.007275e-08,6.654791e-09,1.027473e-08,6.838526e-09,80.01,81.78,7559.57,7727.04,37.80,38.82
3.12787,3,0.1807,0.071,0.057,5.415,5.691,0.9884,0.00916,269.76,54.25,0.57308852,0.7278224204,2.30,1.005507e-08,6.64514e-09,1.028169e-08,6.831045e-09,80.08,81.35,7566.38,7686.28,37.85,38.57
3.12812,3,0.1808,0.071,0.057,5.414,5.691,0.9884,0.00916,269.76,54.25,0.57308752,0.7278211504,2.30,1.004517e-08,6.638476e-09,1.028446e-08,6.840337e-09,80.12,81.66,7570.16,7715.58,37.87,38.75
3.12838,3,0.1808,0.071,0.057,5.414,5.691,0.9884,0.00916,269.76,54.25,0.57308648,0.7278198295999999,2.30,1.003379e-08,6.642485e-09,1.028502e-08,6.847786e-09,80.53,81.91,7609.10,7739.46,38.10,38.89
3.12862,3,0.1808,0.071,0.057,5.414,5.691,0.9884,0.00916,269.76,54.25,0.5730855199999999,0.7278186103999998,2.30,1.002998e-08,6.635822e-09,1.029819e-08,6.851169e-09,80.38,81.72,7595.08,7721.30,38.02,38.78
3.12887,3,0.1808,0.071,0.057,5.414,5.691,0.9884,0.00916,269.76,54.25,0.57308452,0.7278173404,2.30,1.002887e-08,6.63668e-09,1.030899e-08,6.858323e-09,80.44,81.72,7600.47,7721.20,38.05,38.78
3.12913,3,0.1809,0.071,0.057,5.414,5.691,0.9884,0.00916,269.76,54.25,0.57308348,0.7278160196,2.30,1.003469e-08,6.636574e-09,1.031616e-08,6.8664e-09,80.34,81.88,7591.29,7736.60,38.00,38.88
3.12938,3,0.1809,0.071,0.057,5.414,5.691,0.9884,0.00916,269.76,54.25,0.57308248,0.7278147495999999,2.30,1.004302e-08,6.644272e-09,1.033269e-08,6.877917e-09,80.42,81.90,7598.68,7738.33,38.04,38.89
3.12962,3,0.1809,0.071,0.057,5.414,5.691,0.9884,0.00916,269.76,54.25,0.57308152,0.7278135304000001,2.30,1.005092e-08,6.651384e-09,1.034751e-08,6.887098e-09,80.49,81.88,7605.05,7736.03,38.08,38.87
3.12988,3,0.1809,0.071,0.057,5.414,5.691,0.9884,0.00916,269.76,54.25,0.57308048,0.7278122096,2.30,1.006324e-08,6.658501e-09,1.036077e-08,6.899154e-09,80.45,81.99,7601.56,7746.88,38.06,38.94
3.13013,3,0.1810,0.071,0.057,5.414,5.691,0.9884,0.00916,269.76,54.25,0.57307948,0.7278109396,2.30,1.007753e-08,6.666134e-09,1.037286e-08,6.910137e-09,80.43,82.14,7599.62,7761.02,38.05,39.02
3.13037,3,0.1810,0.071,0.057,5.414,5.691,0.9884,0.00916,269.76,54.25,0.5730785199999999,0.7278097203999999,2.30,1.00892e-08,6.675433e-09,1.039408e-08,6.920201e-09,80.49,82.00,7604.93,7747.36,38.08,38.94
3.13063,3,0.1810,0.071,0.057,5.414,5.691,0.9884,0.00916,269.76,54.25,0.5730774799999999,0.7278083995999999,2.30,1.010387e-08,6.692248e-09,1.039677e-08,6.93213e-09,80.74,82.36,7628.88,7781.41,38.22,39.15
3.13088,3,0.1810,0.071,0.057,5.414,5.691,0.9884,0.00916,269.76,54.25,0.57307648,0.7278071296,2.30,1.013456e-08,6.701631e-09,1.042749e-08,6.945121e-09,80.35,82.09,7592.16,7756.30,38.00,39.00
3.13112,3,0.1811,0.071,0.057,5.414,5.691,0.9884,0.00916,269.76,54.25,0.57307552,0.7278059104,2.30,1.015327e-08,6.717762e-09,1.044743e-08,6.962549e-09,80.53,82.28,7608.92,7774.45,38.10,39.11
3.13137,3,0.1811,0.071,0.057,5.414,5.691,0.9884,0.00916,269.76,54.25,0.5730745199999999,0.7278046403999999,2.30,1.018636e-08,6.735213e-09,1.045954e-08,6.973308e-09,80.37,82.38,7594.12,7783.45,38.01,39.16
3.13163,3,0.1811,0.071,0.057,5.414,5.691,0.9884,0.00916,269.76,54.25,0.5730734799999999,0.7278033195999999,2.30,1.020511e-08,6.746685e-09,1.047975e-08,6.988782e-09,80.34,82.45,7591.05,7790.14,37.99,39.20
3.13187,3,0.1812,0.071,0.057,5.414,5.691,0.9884,0.00916,269.76,54.25,0.57307252,0.7278021003999999,2.30,1.022848e-08,6.765533e-09,1.050609e-08,7.000991e-09,80.50,82.30,7606.51,7776.58,38.09,39.12
3.13212,3,0.1812,0.071,0.057,5.414,5.691,0.9884,0.00916,269.76,54.25,0.57307152,0.7278008304,2.30,1.026573e-08,6.783108e-09,1.052074e-08,7.014624e-09,80.26,82.44,7583.18,7789.46,37.95,39.20
3.13238,3,0.1812,0.071,0.057,5.414,5.691,0.9884,0.00916,269.76,54.25,0.5730704799999999,0.7277995096,2.30,1.028006e-08,6.797421e-09,1.052944e-08,7.028306e-09,80.43,82.72,7599.15,7815.76,38.04,39.36
3.13262,3,0.1812,0.071,0.057,5.414,5.691,0.9884,0.00916,269.76,54.25,0.57306952,0.7277982904,2.30,1.03154e-08,6.808175e-09,1.054886e-08,7.03734e-09,79.99,82.58,7557.82,7802.66,37.79,39.28
3.13287,3,0.1813,0.071,0.057,5.414,5.691,0.9884,0.00916,269.76,54.25,0.57306852,0.7277970203999999,2.30,1.033887e-08,6.828303e-09,1.056875e-08,7.050705e-09,80.19,82.63,7577.12,7807.28,37.91,39.30
3.13313,3,0.1813,0.071,0.057,5.414,5.691,0.9884,0.00916,269.76,54.25,0.57306748,0.7277956996,2.30,1.036288e-08,6.846307e-09,1.058003e-08,7.053534e-09,80.27,82.46,7584.12,7791.70,37.95,39.21
3.13338,3,0.1813,0.071,0.057,5.414,5.691,0.9884,0.00916,269.76,54.25,0.5730664799999999,0.7277944296,2.30,1.038366e-08,6.851749e-09,1.059125e-08,7.063902e-09,79.98,82.57,7557.19,7801.27,37.79,39.27
3.13362,3,0.1813,0.071,0.056,5.414,5.691,0.9884,0.00916,269.76,54.25,0.57306552,0.7277932104,2.30,1.040644e-08,6.863916e-09,1.06119e-08,7.077898e-09,79.89,82.58,7548.11,7802.19,37.73,39.27
3.13388,3,0.1814,0.071,0.056,5.414,5.691,0.9884,0.00916,269.76,54.25,0.57306448,0.7277918896,2.30,1.04269e-08,6.875882e-09,1.062631e-08,7.085943e-09,79.88,82.57,7547.35,7801.32,37.73,39.27
3.13413,3,0.1814,0.071,0.056,5.414,5.691,0.9884,0.00916,269.77,54.25,0.57306348,0.7277906195999999,2.30,1.045021e-08,6.889274e-09,1.063148e-08,7.096168e-09,79.81,82.80,7540.98,7823.75,37.69,39.41
3.13437,3,0.1814,0.071,0.056,5.414,5.691,0.9884,0.00916,269.77,54.25,0.5730625199999999,0.7277894003999998,2.30,1.046773e-08,6.900292e-09,1.063894e-08,7.097661e-09,79.79,82.68,7539.28,7812.21,37.68,39.33
3.13463,3,0.1814,0.071,0.056,5.414,5.691,0.9884,0.00916,269.77,54.25,0.57306148,0.7277880796,2.30,1.047001e-08,6.903019e-09,1.064827e-08,7.109138e-09,79.83,82.87,7543.20,7829.59,37.70,39.44
3.13488,3,0.1815,0.071,0.056,5.413,5.691,0.9884,0.00916,269.77,54.25,0.57306048,0.7277868096,2.30,1.048129e-08,6.912099e-09,1.065809e-08,7.111982e-09,79.93,82.78,7552.63,7821.62,37.76,39.39
3.13512,3,0.1815,0.071,0.056,5.413,5.691,0.9884,0.00916,269.77,54.25,0.5730595199999999,0.7277855903999999,2.30,1.048372e-08,6.907427e-09,1.06565e-08,7.118218e-09,79.72,83.04,7532.53,7845.79,37.64,39.54
3.13537,3,0.1815,0.071,0.056,5.413,5.691,0.9884,0.00916,269.77,54.25,0.5730585199999999,0.7277843203999999,2.30,1.048959e-08,6.913063e-09,1.066425e-08,7.124076e-09,79.78,83.06,7538.19,7848.05,37.67,39.55
3.13563,3,0.1816,0.071,0.056,5.413,5.691,0.9884,0.00916,269.77,54.25,0.57305748,0.7277829996,2.30,1.048765e-08,6.922903e-09,1.067505e-08,7.126008e-09,80.20,82.92,7578.03,7834.88,37.91,39.47
3.13587,3,0.1816,0.071,0.056,5.413,5.691,0.9884,0.00916,269.77,54.25,0.57305652,0.7277817804,2.30,1.049521e-08,6.911951e-09,1.068108e-08,7.13402e-09,79.66,83.06,7526.96,7848.07,37.60,39.55
3.13612,3,0.1816,0.071,0.056,5.413,5.691,0.9884,0.00916,269.77,54.25,0.5730555199999999,0.7277805103999999,2.30,1.048687e-08,6.916643e-09,1.068507e-08,7.128587e-09,80.01,82.78,7559.56,7821.31,37.80,39.39
3.13638,3,0.1816,0.071,0.056,5.413,5.691,0.9884,0.00916,269.77,54.25,0.5730544799999999,0.7277791895999999,2.30,1.048009e-08,6.909436e-09,1.067841e-08,7.133389e-09,79.92,83.10,7550.78,7851.89,37.75,39.57
3.13662,3,0.1817,0.070,0.056,5.413,5.691,0.9884,0.00916,269.77,54.25,0.57305352,0.7277779704,2.30,1.046777e-08,6.903538e-09,1.068967e-08,7.142093e-09,80.03,83.19,7561.91,7859.94,37.82,39.62
3.13687,3,0.1817,0.070,0.056,5.413,5.691,0.9884,0.00916,269.77,54.25,0.57305252,0.7277767004,2.30,1.045918e-08,6.896756e-09,1.068728e-08,7.139726e-09,79.99,83.16,7558.31,7857.39,37.79,39.61
3.13713,3,0.1817,0.070,0.056,5.413,5.691,0.9884,0.00916,269.77,54.25,0.57305148,0.7277753795999999,2.30,1.044983e-08,6.89084e-09,1.068368e-08,7.138408e-09,80.00,83.20,7559.11,7860.99,37.80,39.63
3.13738,3,0.1817,0.070,0.056,5.413,5.691,0.9884,0.00916,269.77,54.25,0.5730504799999999,0.7277741095999999,2.30,1.042446e-08,6.880697e-09,1.069123e-08,7.143737e-09,80.23,83.21,7580.42,7861.94,37.93,39.64
3.13762,3,0.1818,0.070,0.056,5.413,5.691,0.9884,0.00916,269.77,54.25,0.57304952,0.7277728904,2.30,1.040893e-08,6.872329e-09,1.068872e-08,7.144071e-09,80.34,83.32,7590.71,7872.94,37.99,39.70
3.13788,3,0.1818,0.070,0.056,5.413,5.691,0.9884,0.00916,269.77,54.25,0.57304848,0.7277715696,2.30,1.038869e-08,6.861415e-09,1.068417e-08,7.142547e-09,80.42,83.38,7598.69,7877.99,38.04,39.73
3.13813,3,0.1818,0.070,0.056,5.413,5.691,0.9884,0.00916,269.77,54.25,0.5730474799999999,0.7277702996,2.30,1.036807e-08,6.850325e-09,1.069406e-08,7.150551e-09,80.51,83.43,7606.96,7882.62,38.09,39.76
3.13837,3,0.1818,0.070,0.056,5.413,5.691,0.9884,0.00916,269.77,54.25,0.57304652,0.7277690804,2.30,1.034423e-08,6.839121e-09,1.069531e-08,7.148947e-09,80.67,83.34,7621.90,7874.51,38.18,39.71
3.13863,3,0.1819,0.070,0.056,5.413,5.691,0.9884,0.00916,269.77,54.25,0.57304548,0.7277677596,2.30,1.03258e-08,6.828071e-09,1.070201e-08,7.15002e-09,80.75,83.27,7629.83,7867.53,38.23,39.67
3.13888,3,0.1819,0.070,0.056,5.413,5.691,0.9884,0.00916,269.77,54.25,0.57304448,0.7277664896,2.30,1.029751e-08,6.818255e-09,1.070303e-08,7.159755e-09,81.06,83.59,7659.32,7897.62,38.41,39.85
3.13912,3,0.1819,0.070,0.056,5.413,5.691,0.9884,0.00916,269.77,54.25,0.5730435199999999,0.7277652703999999,2.30,1.028272e-08,6.80831e-09,1.070479e-08,7.156954e-09,81.06,83.45,7658.81,7884.39,38.40,39.77
3.13937,3,0.1820,0.070,0.056,5.413,5.691,0.9884,0.00916,269.77,54.25,0.57304252,0.7277640004,2.30,1.026078e-08,6.793769e-09,1.070712e-08,7.16512e-09,81.10,83.72,7662.97,7910.73,38.43,39.93
3.13963,3,0.1820,0.070,0.056,5.413,5.691,0.9884,0.00916,269.77,54.25,0.57304148,0.7277626796,2.30,1.023135e-08,6.78433e-09,1.072304e-08,7.174286e-09,81.46,83.67,7696.71,7905.78,38.63,39.90
3.13987,3,0.1820,0.070,0.056,5.413,5.691,0.9884,0.00916,269.77,54.25,0.5730405199999999,0.7277614603999999,2.30,1.021421e-08,6.776873e-09,1.072628e-08,7.17699e-09,81.60,83.69,7709.90,7907.56,38.71,39.91
3.14012,3,0.1820,0.070,0.056,5.413,5.691,0.9884,0.00916,269.77,54.25,0.5730395199999999,0.7277601904,2.30,1.019531e-08,6.767335e-09,1.073984e-08,7.184368e-09,81.71,83.63,7720.08,7901.93,38.77,39.88
3.14038,3,0.1821,0.070,0.056,5.413,5.691,0.9884,0.00916,269.77,54.25,0.5730384799999999,0.7277588695999999,2.30,1.018475e-08,6.762348e-09,1.075445e-08,7.19324e-09,81.82,83.65,7731.20,7903.28,38.84,39.89
3.14062,3,0.1821,0.070,0.056,5.413,5.691,0.9884,0.00916,269.77,54.25,0.57303752,0.7277576504,2.30,1.017279e-08,6.759219e-09,1.077026e-08,7.210479e-09,82.00,83.88,7747.61,7925.40,38.94,40.02
3.14087,3,0.1821,0.070,0.056,5.413,5.691,0.9884,0.00916,269.77,54.25,0.5730365199999999,0.7277563803999999,2.30,1.01567e-08,6.74956e-09,1.078553e-08,7.219771e-09,82.04,83.85,7751.14,7922.31,38.96,40.00
3.14113,3,0.1821,0.070,0.056,5.413,5.691,0.9884,0.00916,269.77,54.25,0.5730354799999999,0.7277550596,2.30,1.014257e-08,6.752434e-09,1.080143e-08,7.232675e-09,82.48,83.93,7793.34,7929.80,39.22,40.05
3.14138,3,0.1822,0.070,0.056,5.412,5.691,0.9884,0.00916,269.77,54.25,0.57303448,0.7277537896,2.30,1.013184e-08,6.755212e-09,1.081705e-08,7.245691e-09,82.89,84.06,7832.03,7942.64,39.45,40.12
3.14162,3,0.1822,0.070,0.056,5.412,5.691,0.9884,0.00916,269.77,54.25,0.57303352,0.7277525704,2.30,1.012744e-08,6.756581e-09,1.083754e-08,7.261379e-09,83.05,84.13,7847.02,7949.15,39.54,40.16
3.14188,3,0.1822,0.070,0.056,5.412,5.691,0.9884,0.00916,269.77,54.25,0.57303248,0.7277512495999999,2.30,1.012669e-08,6.760357e-09,1.085621e-08,7.276924e-09,83.21,84.24,7861.97,7959.21,39.63,40.22
3.14213,3,0.1823,0.070,0.056,5.412,5.691,0.9884,0.00916,269.77,54.25,0.5730314799999999,0.7277499795999999,2.30,1.012932e-08,6.763492e-09,1.089079e-08,7.294998e-09,83.31,84.11,7871.11,7946.71,39.69,40.15
3.14237,3,0.1823,0.070,0.056,5.412,5.691,0.9884,0.00916,269.77,54.25,0.57303052,0.7277487604,2.30,1.013183e-08,6.769573e-09,1.089995e-08,7.306045e-09,83.47,84.28,7886.55,7962.92,39.78,40.25
3.14262,3,0.1823,0.070,0.056,5.412,5.691,0.9884,0.00916,269.77,54.25,0.57302952,0.7277474904,2.30,1.013573e-08,6.78058e-09,1.09256e-08,7.327567e-09,83.78,84.43,7916.11,7977.22,39.96,40.33
3.14288,3,0.1823,0.070,0.056,5.412,5.691,0.9884,0.00916,269.77,54.25,0.57302848,0.7277461695999999,2.30,1.014564e-08,6.793119e-09,1.095871e-08,7.346322e-09,84.00,84.31,7936.97,7965.85,40.09,40.26
3.14312,3,0.1824,0.070,0.056,5.412,5.691,0.9884,0.00916,269.77,54.25,0.57302752,0.7277449504,2.30,1.015793e-08,6.804142e-09,1.098469e-08,7.361787e-09,84.15,84.29,7951.20,7963.82,40.18,40.25
3.14337,3,0.1824,0.070,0.056,5.412,5.691,0.9884,0.00916,269.77,54.25,0.57302652,0.7277436804,2.30,1.017267e-08,6.817838e-09,1.100585e-08,7.385431e-09,84.30,84.62,7964.72,7994.88,40.26,40.44
3.14363,3,0.1824,0.070,0.056,5.412,5.691,0.9884,0.00916,269.77,54.25,0.57302548,0.7277423596,2.30,1.01848e-08,6.841183e-09,1.103606e-08,7.4099e-09,84.87,84.76,8018.80,8008.67,40.58,40.52
3.14387,3,0.1824,0.070,0.056,5.412,5.691,0.9884,0.00916,269.77,54.25,0.5730245199999999,0.7277411403999999,2.30,1.021248e-08,6.861534e-09,1.107327e-08,7.430047e-09,84.93,84.59,8025.07,7992.83,40.62,40.43
3.14412,3,0.1825,0.070,0.056,5.412,5.691,0.9884,0.00916,269.77,54.25,0.57302352,0.7277398704,2.30,1.023284e-08,6.880333e-09,1.110565e-08,7.452562e-09,85.17,84.67,8047.72,7999.78,40.76,40.47
3.14438,3,0.1825,0.070,0.056,5.412,5.691,0.9884,0.00916,269.77,54.25,0.57302248,0.7277385496000001,2.30,1.026375e-08,6.90529e-09,1.113224e-08,7.480844e-09,85.33,85.03,8062.59,8033.86,40.85,40.68
3.14463,3,0.1825,0.070,0.056,5.412,5.691,0.9884,0.00916,269.77,54.25,0.57302148,0.7277372796,2.30,1.029547e-08,6.928428e-09,1.117005e-08,7.504801e-09,85.40,84.98,8068.99,8029.13,40.89,40.65
3.14487,3,0.1825,0.070,0.056,5.412,5.691,0.9884,0.00916,269.77,54.25,0.5730205199999999,0.7277360603999999,2.30,1.032551e-08,6.962642e-09,1.119926e-08,7.529475e-09,85.93,85.15,8118.90,8045.57,41.19,40.75
3.14513,3,0.1826,0.070,0.056,5.412,5.691,0.9884,0.00916,269.77,54.25,0.5730194799999999,0.7277347395999999,2.30,1.036591e-08,6.991763e-09,1.123109e-08,7.552495e-09,86.05,85.25,8130.05,8055.25,41.26,40.81
3.14538,3,0.1826,0.070,0.056,5.412,5.691,0.9884,0.00916,269.77,54.25,0.57301848,0.7277334696,2.30,1.039771e-08,7.016736e-09,1.127673e-08,7.575093e-09,86.18,84.98,8142.62,8029.06,41.34,40.65
3.14562,3,0.1826,0.070,0.056,5.412,5.691,0.9884,0.00916,269.77,54.25,0.57301752,0.7277322503999999,2.30,1.043566e-08,7.047738e-09,1.13121e-08,7.600596e-09,86.38,85.04,8161.82,8034.68,41.45,40.68
3.14588,3,0.1827,0.070,0.056,5.412,5.691,0.9884,0.00916,269.77,54.25,0.5730164799999999,0.7277309296,2.30,1.047839e-08,7.078695e-09,1.13385e-08,7.631298e-09,86.51,85.53,8173.75,8080.91,41.52,40.96
3.14613,3,0.1827,0.070,0.056,5.412,5.691,0.9884,0.00916,269.77,54.25,0.5730154799999999,0.7277296595999999,2.30,1.052497e-08,7.113204e-09,1.138144e-08,7.651971e-09,86.62,85.25,8184.54,8054.43,41.59,40.80
3.14637,3,0.1827,0.070,0.056,5.412,5.691,0.9884,0.00916,269.77,54.25,0.57301452,0.7277284404,2.30,1.056235e-08,7.148595e-09,1.142172e-08,7.6775e-09,87.00,85.19,8220.47,8049.46,41.81,40.77
3.14662,3,0.1827,0.070,0.056,5.412,5.691,0.9884,0.00916,269.77,54.25,0.5730135199999999,0.7277271703999999,2.30,1.060827e-08,7.179322e-09,1.146244e-08,7.705013e-09,86.99,85.20,8219.23,8049.91,41.80,40.77
3.14688,3,0.1828,0.070,0.056,5.412,5.691,0.9884,0.00916,269.77,54.25,0.5730124799999999,0.7277258496,2.30,1.065838e-08,7.215821e-09,1.149446e-08,7.735002e-09,87.13,85.53,8232.85,8081.30,41.88,40.96
3.14712,3,0.1828,0.070,0.056,5.412,5.691,0.9884,0.00916,269.77,54.25,0.57301152,0.7277246304,2.30,1.070145e-08,7.25076e-09,1.152356e-08,7.757056e-09,87.35,85.61,8253.22,8089.18,42.01,41.01
3.14737,3,0.1828,0.070,0.056,5.412,5.691,0.9884,0.00916,269.77,54.25,0.57301052,0.7277233604,2.30,1.074989e-08,7.287341e-09,1.15641e-08,7.780621e-09,87.49,85.49,8266.45,8077.35,42.09,40.94
3.14763,3,0.1828,0.070,0.056,5.412,5.691,0.9884,0.00916,269.77,54.25,0.57300948,0.7277220395999999,2.30,1.079621e-08,7.324892e-09,1.159107e-08,7.807865e-09,87.72,85.79,8288.06,8106.22,42.22,41.11
3.14787,3,0.1829,0.070,0.056,5.411,5.691,0.9884,0.00916,269.77,54.25,0.5730085199999999,0.7277208203999999,2.30,1.0844e-08,7.365441e-09,1.162504e-08,7.833211e-09,88.07,85.92,8321.14,8118.47,42.42,41.19
3.14812,3,0.1829,0.070,0.056,5.411,5.691,0.9884,0.00916,269.77,54.25,0.57300752,0.7277195504,2.30,1.089277e-08,7.393544e-09,1.16534e-08,7.854126e-09,87.88,85.98,8303.55,8124.20,42.31,41.22
3.14838,3,0.1829,0.070,0.056,5.411,5.691,0.9884,0.00916,269.77,54.25,0.57300648,0.7277182296,2.30,1.093191e-08,7.433912e-09,1.169276e-08,7.873663e-09,88.39,85.75,8351.82,8102.14,42.60,41.09
3.14863,3,0.1829,0.070,0.056,5.411,5.691,0.9884,0.00916,269.77,54.25,0.57300548,0.7277169595999999,2.30,1.09818e-08,7.467684e-09,1.170352e-08,7.8947e-09,88.39,86.21,8351.28,8145.70,42.60,41.35
3.14887,3,0.1830,0.070,0.056,5.411,5.691,0.9884,0.00916,269.77,54.25,0.5730045199999999,0.7277157403999999,2.30,1.103349e-08,7.498805e-09,1.172547e-08,7.918003e-09,88.29,86.54,8341.84,8177.12,42.54,41.54
3.14913,3,0.1830,0.070,0.056,5.411,5.691,0.9884,0.00916,269.77,54.25,0.57300348,0.7277144196,2.30,1.108329e-08,7.532432e-09,1.175604e-08,7.933576e-09,88.28,86.37,8341.09,8161.05,42.54,41.45
3.14938,3,0.1830,0.070,0.056,5.411,5.691,0.9884,0.00916,269.77,54.25,0.57300248,0.7277131496,2.30,1.113351e-08,7.563754e-09,1.177107e-08,7.950655e-09,88.18,86.61,8331.43,8183.01,42.48,41.58
3.14962,3,0.1831,0.070,0.056,5.411,5.691,0.9884,0.00916,269.77,54.25,0.5730015199999999,0.7277119303999999,2.30,1.117278e-08,7.594062e-09,1.178155e-08,7.96232e-09,88.36,86.81,8348.42,8202.04,42.58,41.69
3.14988,3,0.1831,0.070,0.056,5.411,5.691,0.9884,0.00916,269.77,54.25,0.5730004799999999,0.7277106095999999,2.30,1.121724e-08,7.625725e-09,1.179679e-08,7.975992e-09,88.41,86.92,8353.36,8212.75,42.61,41.76
3.15013,3,0.1831,0.070,0.056,5.411,5.691,0.9884,0.00916,269.77,54.25,0.57299948,0.7277093396000001,2.30,1.126045e-08,7.659147e-09,1.181323e-08,7.993146e-09,88.56,87.12,8367.17,8231.95,42.70,41.88
3.15037,3,0.1831,0.070,0.056,5.411,5.691,0.9884,0.00916,269.77,54.25,0.57299852,0.7277081204,2.30,1.13174e-08,7.67741e-09,1.181631e-08,8.000706e-09,87.82,87.31,8297.98,8249.41,42.28,41.98
3.15062,3,0.1832,0.070,0.056,5.411,5.691,0.9884,0.00916,269.77,54.25,0.5729975199999999,0.7277068503999999,2.30,1.133918e-08,7.717413e-09,1.1826e-08,8.016359e-09,88.77,87.66,8387.76,8283.01,42.82,42.18
3.15088,3,0.1832,0.070,0.056,5.411,5.691,0.9884,0.00916,269.77,54.25,0.5729964799999999,0.7277055295999999,2.30,1.13762e-08,7.737525e-09,1.183801e-08,8.019857e-09,88.59,87.51,8370.54,8268.15,42.72,42.09
3.15112,3,0.1832,0.070,0.056,5.411,5.691,0.9884,0.00916,269.77,54.25,0.57299552,0.7277043103999999,2.30,1.140552e-08,7.762432e-09,1.18391e-08,8.031352e-09,88.77,87.87,8387.32,8302.62,42.82,42.30
3.15137,3,0.1832,0.070,0.056,5.411,5.691,0.9884,0.00916,269.77,54.25,0.57299452,0.7277030404,2.30,1.144913e-08,7.787388e-09,1.184127e-08,8.041215e-09,88.60,88.16,8371.42,8329.65,42.72,42.47
3.15163,3,0.1833,0.070,0.056,5.411,5.691,0.9884,0.00916,269.77,54.25,0.5729934799999999,0.7277017196,2.30,1.148145e-08,7.812151e-09,1.184108e-08,8.040278e-09,88.75,88.18,8385.31,8331.58,42.80,42.48
3.15187,3,0.1833,0.070,0.056,5.411,5.691,0.9884,0.00916,269.77,54.25,0.57299252,0.7277005004,2.30,1.151017e-08,7.834711e-09,1.184375e-08,8.046206e-09,88.85,88.32,8395.43,8344.88,42.87,42.56
3.15212,3,0.1833,0.070,0.056,5.411,5.691,0.9884,0.00916,269.77,54.25,0.57299152,0.7276992304,2.30,1.154487e-08,7.849708e-09,1.184886e-08,8.054683e-09,88.55,88.49,8366.65,8361.09,42.69,42.66
3.15238,3,0.1833,0.070,0.056,5.411,5.691,0.9884,0.00916,269.77,54.25,0.57299048,0.7276979096,2.30,1.157222e-08,7.874936e-09,1.184372e-08,8.052422e-09,88.78,88.53,8388.73,8365.09,42.83,42.68
3.15263,3,0.1834,0.069,0.056,5.411,5.691,0.9884,0.00916,269.77,54.25,0.5729894799999999,0.7276966396,2.30,1.160374e-08,7.898711e-09,1.184386e-08,8.056561e-09,88.91,88.72,8400.84,8382.59,42.90,42.79
3.15287,3,0.1834,0.069,0.056,5.411,5.691,0.9884,0.00916,269.77,54.25,0.57298852,0.7276954204,2.30,1.163107e-08,7.910085e-09,1.185369e-08,8.058097e-09,88.66,88.54,8376.86,8365.87,42.75,42.69
3.15313,3,0.1834,0.069,0.056,5.411,5.691,0.9884,0.00916,269.77,54.25,0.57298748,0.7276940996,2.30,1.165635e-08,7.928623e-09,1.185037e-08,8.066133e-09,88.71,88.90,8381.31,8399.34,42.78,42.89
3.15338,3,0.1835,0.069,0.056,5.411,5.691,0.9884,0.00916,269.77,54.25,0.57298648,0.7276928295999999,2.30,1.168221e-08,7.94715e-09,1.185316e-08,8.070837e-09,88.79,89.04,8388.97,8413.08,42.83,42.97
3.15362,3,0.1835,0.069,0.056,5.411,5.691,0.9884,0.00916,269.77,54.25,0.5729855199999999,0.7276916103999999,2.30,1.17055e-08,7.963615e-09,1.185454e-08,8.07217e-09,88.81,89.05,8391.02,8414.36,42.84,42.98
3.15388,3,0.1835,0.069,0.056,5.411,5.691,0.9884,0.00916,269.77,54.25,0.5729844799999999,0.7276902895999999,2.30,1.173322e-08,7.982493e-09,1.18609e-08,8.080519e-09,88.81,89.19,8391.08,8427.50,42.84,43.06
3.15413,3,0.1835,0.069,0.056,5.411,5.691,0.9884,0.00916,269.77,54.25,0.57298348,0.7276890196,2.30,1.176207e-08,7.997399e-09,1.18669e-08,8.089693e-09,88.64,89.37,8375.61,8444.15,42.75,43.16
3.15437,3,0.1836,0.069,0.056,5.410,5.691,0.9884,0.00916,269.77,54.25,0.5729825199999999,0.7276878003999999,2.30,1.179282e-08,8.016072e-09,1.187291e-08,8.092241e-09,88.62,89.37,8372.88,8443.68,42.73,43.16
3.15462,3,0.1836,0.069,0.056,5.410,5.691,0.9884,0.00916,269.77,54.25,0.5729815199999999,0.7276865303999999,2.30,1.180798e-08,8.028453e-09,1.188569e-08,8.099117e-09,88.69,89.30,8379.65,8437.67,42.77,43.12
3.15488,3,0.1836,0.069,0.056,5.410,5.691,0.9884,0.00917,269.77,54.25,0.57298048,0.7276852096,2.30,1.184275e-08,8.049365e-09,1.189258e-08,8.110416e-09,88.59,89.53,8370.78,8459.29,42.72,43.25
3.15512,3,0.1836,0.069,0.055,5.410,5.691,0.9884,0.00917,269.77,54.25,0.57297952,0.7276839904,2.30,1.186524e-08,8.062182e-09,1.18976e-08,8.121735e-09,88.51,89.81,8362.99,8485.44,42.67,43.41
3.15537,3,0.1837,0.069,0.055,5.410,5.691,0.9884,0.00917,269.77,54.25,0.5729785199999999,0.7276827203999999,2.30,1.188531e-08,8.086369e-09,1.190938e-08,8.126991e-09,88.92,89.76,8401.74,8480.90,42.90,43.38
3.15563,3,0.1837,0.069,0.055,5.410,5.691,0.9884,0.00917,269.77,54.25,0.5729774799999999,0.7276813995999999,2.30,1.191908e-08,8.107897e-09,1.192786e-08,8.142786e-09,88.87,89.87,8397.05,8491.35,42.88,43.45
3.15587,3,0.1837,0.069,0.055,5.410,5.691,0.9884,0.00917,269.77,54.25,0.57297652,0.7276801804,2.30,1.195141e-08,8.128945e-09,1.19408e-08,8.16103e-09,88.84,90.20,8394.00,8522.32,42.86,43.64
3.15612,3,0.1838,0.069,0.055,5.410,5.691,0.9884,0.00917,269.77,54.25,0.57297552,0.7276789104,2.30,1.197775e-08,8.147114e-09,1.195451e-08,8.178424e-09,88.90,90.53,8399.38,8553.47,42.89,43.82
3.15638,3,0.1838,0.069,0.055,5.410,5.691,0.9884,0.00917,269.77,54.25,0.57297448,0.7276775896,2.30,1.201012e-08,8.168009e-09,1.19698e-08,8.192204e-09,88.86,90.64,8395.77,8564.45,42.87,43.89
3.15663,3,0.1838,0.069,0.055,5.410,5.691,0.9884,0.00917,269.77,54.25,0.5729734799999999,0.7276763195999999,2.30,1.205241e-08,8.199674e-09,1.198967e-08,8.207198e-09,88.96,90.69,8405.08,8569.07,42.92,43.92
3.15687,3,0.1838,0.069,0.055,5.410,5.691,0.9884,0.00917,269.77,54.25,0.57297252,0.7276751003999999,2.30,1.209271e-08,8.216333e-09,1.200804e-08,8.223752e-09,88.59,90.83,8370.79,8582.23,42.72,44.00
3.15713,3,0.1839,0.069,0.055,5.410,5.691,0.9884,0.00917,269.77,54.25,0.57297148,0.7276737796,2.30,1.21192e-08,8.240395e-09,1.204286e-08,8.244614e-09,88.85,90.78,8394.61,8577.05,42.86,43.97
3.15738,3,0.1839,0.069,0.055,5.410,5.691,0.9884,0.00917,269.77,54.25,0.57297048,0.7276725096,2.30,1.216222e-08,8.272101e-09,1.206999e-08,8.266857e-09,88.93,90.90,8402.40,8589.14,42.91,44.04
3.15762,3,0.1839,0.069,0.055,5.410,5.691,0.9884,0.00917,269.77,54.25,0.57296952,0.7276712904,2.30,1.219818e-08,8.301144e-09,1.209315e-08,8.291242e-09,89.08,91.20,8416.94,8617.25,43.00,44.21
3.15788,3,0.1839,0.069,0.055,5.410,5.691,0.9884,0.00917,269.77,54.25,0.57296848,0.7276699696,2.30,1.224539e-08,8.32356e-09,1.211679e-08,8.316175e-09,88.76,91.51,8386.31,8646.10,42.81,44.39
3.15813,3,0.1840,0.069,0.055,5.410,5.691,0.9884,0.00917,269.77,54.25,0.57296748,0.7276686996,2.30,1.22885e-08,8.361435e-09,1.21561e-08,8.338571e-09,89.09,91.40,8417.81,8635.67,43.00,44.32
3.15837,3,0.1840,0.069,0.055,5.410,5.691,0.9884,0.00917,269.77,54.25,0.5729665199999999,0.7276674804,2.30,1.234566e-08,8.389766e-09,1.21795e-08,8.366102e-09,88.74,91.80,8384.78,8673.56,42.80,44.55
3.15862,3,0.1840,0.069,0.055,5.410,5.691,0.9884,0.00917,269.78,54.25,0.57296552,0.7276662104,2.30,1.239054e-08,8.422135e-09,1.222248e-08,8.397093e-09,88.80,91.85,8390.60,8678.41,42.84,44.58
3.15888,3,0.1840,0.069,0.055,5.410,5.691,0.9884,0.00917,269.78,54.25,0.57296448,0.7276648896,2.30,1.243567e-08,8.452406e-09,1.226249e-08,8.421997e-09,88.79,91.76,8389.34,8669.91,42.83,44.53
3.15912,3,0.1841,0.069,0.055,5.410,5.691,0.9884,0.00917,269.78,54.25,0.57296352,0.7276636703999999,2.30,1.249225e-08,8.490933e-09,1.229472e-08,8.448811e-09,88.84,91.97,8394.12,8689.99,42.86,44.65
3.15937,3,0.1841,0.069,0.055,5.410,5.691,0.9884,0.00917,269.78,54.25,0.5729625199999999,0.7276624003999999,2.30,1.254216e-08,8.527273e-09,1.233833e-08,8.477568e-09,88.92,91.93,8401.55,8686.02,42.90,44.63
3.15963,3,0.1841,0.069,0.055,5.410,5.691,0.9884,0.00917,269.78,54.25,0.5729614799999999,0.7276610795999999,2.30,1.259312e-08,8.571173e-09,1.23767e-08,8.507302e-09,89.22,92.05,8429.98,8697.03,43.07,44.69
3.15987,3,0.1842,0.069,0.055,5.409,5.691,0.9884,0.00917,269.78,54.25,0.57296052,0.7276598604,2.30,1.262975e-08,8.605611e-09,1.242605e-08,8.534951e-09,89.58,91.88,8463.83,8681.34,43.28,44.60
3.16012,3,0.1842,0.069,0.055,5.409,5.691,0.9884,0.00917,269.78,54.25,0.5729595199999999,0.7276585903999999,2.30,1.270248e-08,8.646958e-09,1.245753e-08,8.5624e-09,89.31,92.08,8438.69,8700.25,43.13,44.71
3.16038,3,0.1842,0.069,0.055,5.409,5.691,0.9884,0.00917,269.78,54.25,0.5729584799999999,0.7276572695999999,2.30,1.275254e-08,8.685747e-09,1.251112e-08,8.598056e-09,89.46,92.04,8453.05,8696.44,43.21,44.69
3.16063,3,0.1842,0.069,0.055,5.409,5.691,0.9884,0.00917,269.78,54.25,0.5729574799999999,0.7276559995999999,2.30,1.280668e-08,8.729913e-09,1.255666e-08,8.628779e-09,89.70,92.02,8475.25,8694.59,43.35,44.68
3.16087,3,0.1843,0.069,0.055,5.409,5.691,0.9884,0.00917,269.78,54.25,0.57295652,0.7276547804,2.30,1.286843e-08,8.772064e-09,1.260304e-08,8.659084e-09,89.75,92.02,8480.02,8694.28,43.38,44.68
3.16113,3,0.1843,0.069,0.055,5.409,5.691,0.9884,0.00917,269.78,54.25,0.57295548,0.7276534595999999,2.30,1.292432e-08,8.815133e-09,1.264997e-08,8.689931e-09,89.91,91.97,8495.07,8689.82,43.47,44.65
3.16138,3,0.1843,0.069,0.055,5.409,5.691,0.9884,0.00917,269.78,54.25,0.5729544799999999,0.7276521895999999,2.30,1.297389e-08,8.856934e-09,1.269785e-08,8.720005e-09,90.17,91.88,8519.24,8680.86,43.61,44.59
3.16162,3,0.1843,0.069,0.055,5.409,5.691,0.9884,0.00917,269.78,54.25,0.57295352,0.7276509704,2.30,1.302186e-08,8.898753e-09,1.274915e-08,8.744867e-09,90.46,91.53,8546.70,8648.13,43.78,44.40
3.16188,3,0.1844,0.069,0.055,5.409,5.691,0.9884,0.00917,269.78,54.25,0.57295248,0.7276496496,2.30,1.307715e-08,8.943249e-09,1.279573e-08,8.778691e-09,90.72,91.64,8571.65,8658.71,43.93,44.46
3.16213,3,0.1844,0.069,0.055,5.409,5.691,0.9884,0.00917,269.78,54.25,0.57295148,0.7276483796,2.30,1.312967e-08,8.980618e-09,1.283223e-08,8.809453e-09,90.77,91.83,8576.04,8676.66,43.96,44.57
3.16237,3,0.1844,0.069,0.055,5.409,5.691,0.9884,0.00917,269.78,54.25,0.5729505199999999,0.7276471603999999,2.30,1.316999e-08,9.029377e-09,1.289214e-08,8.839209e-09,91.44,91.46,8640.17,8641.19,44.35,44.35
3.16262,3,0.1844,0.069,0.055,5.409,5.691,0.9884,0.00917,269.78,54.25,0.57294952,0.7276458904,2.30,1.32286e-08,9.070464e-09,1.293817e-08,8.865278e-09,91.47,91.28,8642.91,8624.20,44.36,44.25
3.16288,3,0.1845,0.069,0.055,5.409,5.691,0.9884,0.00917,269.78,54.25,0.57294848,0.7276445696,2.30,1.327571e-08,9.114556e-09,1.296978e-08,8.896043e-09,91.90,91.62,8683.33,8657.02,44.61,44.45
3.16312,3,0.1845,0.069,0.055,5.409,5.691,0.9884,0.00917,269.78,54.25,0.5729475199999999,0.7276433503999999,2.30,1.333349e-08,9.145035e-09,1.301887e-08,8.918279e-09,91.61,91.25,8655.58,8621.83,44.44,44.24
3.16337,3,0.1845,0.069,0.055,5.409,5.691,0.9884,0.00917,269.78,54.25,0.5729465199999999,0.7276420803999999,2.30,1.337097e-08,9.188506e-09,1.305797e-08,8.951601e-09,92.18,91.46,8709.18,8641.87,44.77,44.36
3.16363,3,0.1846,0.069,0.055,5.409,5.691,0.9884,0.00917,269.78,54.25,0.57294548,0.7276407596,2.30,1.342029e-08,9.229206e-09,1.310369e-08,8.975964e-09,92.44,91.29,8734.50,8625.22,44.92,44.26
3.16387,3,0.1846,0.069,0.055,5.409,5.691,0.9884,0.00917,269.78,54.25,0.57294452,0.7276395404,2.30,1.345462e-08,9.262173e-09,1.31339e-08,8.997643e-09,92.74,91.32,8762.85,8628.22,45.09,44.27
3.16412,3,0.1846,0.069,0.055,5.409,5.691,0.9884,0.00917,269.78,54.25,0.5729435199999999,0.7276382704,2.30,1.348648e-08,9.304358e-09,1.318308e-08,9.031302e-09,93.40,91.32,8824.49,8628.12,45.46,44.27
3.16438,3,0.1846,0.069,0.055,5.409,5.691,0.9884,0.00917,269.78,54.25,0.5729424799999999,0.7276369495999999,2.30,1.352552e-08,9.34071e-09,1.321814e-08,9.046829e-09,93.70,91.05,8853.28,8602.48,45.64,44.12
3.16463,3,0.1847,0.069,0.055,5.409,5.691,0.9884,0.00917,269.78,54.25,0.57294148,0.7276356796,2.30,1.356512e-08,9.371884e-09,1.324311e-08,9.079314e-09,93.87,91.59,8869.78,8653.64,45.74,44.43
3.16487,3,0.1847,0.069,0.055,5.409,5.691,0.9884,0.00917,269.78,54.25,0.57294052,0.7276344603999999,2.30,1.35927e-08,9.40422e-09,1.327648e-08,9.101266e-09,94.31,91.56,8910.49,8650.84,45.99,44.41
3.16513,3,0.1847,0.069,0.055,5.409,5.691,0.9884,0.00917,269.78,54.25,0.57293948,0.7276331396,2.30,1.362262e-08,9.428751e-09,1.331745e-08,9.11494e-09,94.43,91.10,8922.25,8607.56,46.06,44.15
3.16538,3,0.1847,0.069,0.055,5.409,5.691,0.9884,0.00917,269.78,54.25,0.5729384799999999,0.7276318695999999,2.30,1.365584e-08,9.461182e-09,1.334133e-08,9.140221e-09,94.74,91.38,8951.26,8634.31,46.23,44.31
3.16562,3,0.1848,0.069,0.055,5.409,5.691,0.9884,0.00917,269.78,54.25,0.57293752,0.7276306504,2.30,1.36686e-08,9.485718e-09,1.338834e-08,9.165883e-09,95.30,91.23,9004.61,8619.44,46.56,44.22
3.16588,3,0.1848,0.069,0.055,5.409,5.691,0.9884,0.00917,269.78,54.25,0.57293648,0.7276293295999999,2.30,1.369676e-08,9.510247e-09,1.339995e-08,9.185331e-09,95.47,91.59,9020.06,8653.79,46.65,44.43
3.16613,3,0.1848,0.069,0.055,5.409,5.691,0.9884,0.00917,269.78,54.25,0.5729354799999999,0.7276280596,2.30,1.371274e-08,9.527635e-09,1.343559e-08,9.201036e-09,95.67,91.31,9039.59,8627.78,46.77,44.27
3.16637,3,0.1848,0.069,0.055,5.409,5.691,0.9884,0.00917,269.78,54.25,0.57293452,0.7276268404,2.30,1.37324e-08,9.55576e-09,1.345776e-08,9.227491e-09,96.15,91.67,9084.65,8661.35,47.04,44.47
3.16662,3,0.1849,0.069,0.055,5.408,5.691,0.9884,0.00917,269.78,54.25,0.57293352,0.7276255704,2.30,1.374236e-08,9.570548e-09,1.348643e-08,9.247403e-09,96.46,91.73,9114.17,8666.80,47.22,44.51
3.16688,3,0.1849,0.069,0.055,5.408,5.691,0.9884,0.00917,269.78,54.25,0.57293248,0.7276242495999999,2.30,1.376318e-08,9.588682e-09,1.350764e-08,9.260043e-09,96.58,91.67,9125.56,8661.13,47.29,44.47
3.16712,3,0.1849,0.069,0.055,5.408,5.691,0.9884,0.00917,269.78,54.25,0.5729315199999999,0.7276230303999999,2.30,1.376843e-08,9.607732e-09,1.353161e-08,9.282379e-09,97.09,91.85,9174.02,8678.69,47.58,44.58
3.16737,3,0.1850,0.069,0.055,5.408,5.691,0.9884,0.00917,269.78,54.25,0.57293052,0.7276217604,2.30,1.377866e-08,9.616143e-09,1.356083e-08,9.296244e-09,97.19,91.71,9183.00,8665.04,47.64,44.50
3.16763,3,0.1850,0.069,0.055,5.408,5.691,0.9884,0.00917,269.78,54.25,0.57292948,0.7276204396,2.30,1.379379e-08,9.634306e-09,1.357872e-08,9.31941e-09,97.44,92.05,9207.05,8697.39,47.78,44.69
3.16787,3,0.1850,0.069,0.055,5.408,5.691,0.9884,0.00917,269.78,54.25,0.5729285199999999,0.7276192203999999,2.30,1.380319e-08,9.642195e-09,1.359447e-08,9.338874e-09,97.49,92.32,9211.25,8723.16,47.81,44.85
3.16812,3,0.1850,0.069,0.055,5.408,5.691,0.9884,0.00917,269.78,54.25,0.5729275199999999,0.7276179503999999,2.30,1.380584e-08,9.661157e-09,1.361891e-08,9.365348e-09,98.07,92.63,9265.69,8752.07,48.14,45.02
3.16838,3,0.1851,0.069,0.055,5.408,5.691,0.9884,0.00917,269.78,54.25,0.5729264799999999,0.7276166295999998,2.30,1.382882e-08,9.670853e-09,1.364223e-08,9.376451e-09,97.90,92.52,9250.35,8742.07,48.05,44.96
3.16863,3,0.1851,0.069,0.055,5.408,5.691,0.9884,0.00917,269.78,54.25,0.57292548,0.7276153596,2.30,1.382829e-08,9.680899e-09,1.366523e-08,9.395047e-09,98.25,92.61,9283.57,8750.38,48.25,45.01
3.16887,3,0.1851,0.069,0.055,5.408,5.691,0.9884,0.00917,269.78,54.25,0.5729245199999999,0.7276141403999999,2.30,1.383803e-08,9.70144e-09,1.370121e-08,9.422371e-09,98.72,92.69,9327.56,8758.07,48.51,45.06
3.16913,3,0.1851,0.069,0.055,5.408,5.691,0.9884,0.00917,269.78,54.25,0.5729234799999999,0.7276128195999999,2.30,1.384235e-08,9.709857e-09,1.371747e-08,9.443008e-09,98.90,92.99,9344.91,8786.24,48.62,45.23
3.16938,3,0.1852,0.068,0.055,5.408,5.691,0.9884,0.00917,269.78,54.25,0.57292248,0.7276115496000001,2.30,1.386227e-08,9.716658e-09,1.374181e-08,9.461554e-09,98.71,93.10,9326.67,8796.12,48.51,45.29
3.16962,3,0.1852,0.068,0.055,5.408,5.691,0.9884,0.00917,269.78,54.25,0.57292152,0.7276103304,2.30,1.38721e-08,9.7266e-09,1.376224e-08,9.48207e-09,98.81,93.30,9336.47,8815.37,48.57,45.41
3.16988,3,0.1852,0.068,0.055,5.408,5.691,0.9884,0.00917,269.78,54.25,0.57292048,0.7276090096,2.30,1.388221e-08,9.742636e-09,1.379596e-08,9.508146e-09,99.12,93.39,9365.25,8823.86,48.74,45.46
3.17013,3,0.1853,0.068,0.055,5.408,5.691,0.9884,0.00917,269.78,54.25,0.5729194799999999,0.7276077395999999,2.30,1.39084e-08,9.751878e-09,1.381608e-08,9.519573e-09,98.86,93.36,9340.95,8821.35,48.59,45.44
3.17037,3,0.1853,0.068,0.055,5.408,5.691,0.9884,0.00917,269.78,54.25,0.57291852,0.7276065204,2.30,1.391608e-08,9.76002e-09,1.384245e-08,9.539688e-09,98.96,93.42,9349.79,8827.13,48.65,45.48
3.17062,3,0.1853,0.068,0.055,5.408,5.691,0.9884,0.00917,269.78,54.25,0.57291752,0.7276052503999999,2.30,1.393944e-08,9.781127e-09,1.386832e-08,9.57148e-09,99.12,93.86,9364.93,8868.76,48.74,45.73
3.17088,3,0.1853,0.068,0.055,5.408,5.691,0.9884,0.00917,269.78,54.25,0.57291648,0.7276039296,2.30,1.396202e-08,9.787819e-09,1.390779e-08,9.586161e-09,98.81,93.47,9335.67,8831.41,48.56,45.50
3.17112,3,0.1854,0.068,0.055,5.408,5.691,0.9884,0.00917,269.78,54.25,0.57291552,0.7276027104,2.30,1.3978e-08,9.808022e-09,1.394257e-08,9.609955e-09,99.16,93.51,9369.46,8835.65,48.77,45.53
3.17137,3,0.1854,0.068,0.055,5.408,5.691,0.9884,0.00917,269.78,54.25,0.57291452,0.7276014404,2.30,1.400331e-08,9.820067e-09,1.395343e-08,9.628474e-09,98.97,93.86,9351.22,8868.35,48.66,45.73
3.17163,3,0.1854,0.068,0.055,5.408,5.691,0.9884,0.00917,269.78,54.25,0.57291348,0.7276001195999999,2.30,1.404035e-08,9.837533e-09,1.399568e-08,9.660779e-09,98.68,93.96,9324.23,8877.69,48.49,45.78
3.17188,3,0.1854,0.068,0.055,5.408,5.691,0.9884,0.00917,269.78,54.25,0.57291248,0.7275988496,2.30,1.405678e-08,9.858502e-09,1.403787e-08,9.676737e-09,99.00,93.55,9354.20,8838.87,48.67,45.55
3.17212,3,0.1855,0.068,0.055,5.408,5.691,0.9884,0.00917,269.78,54.25,0.57291152,0.7275976304,2.30,1.409586e-08,9.877816e-09,1.406933e-08,9.704956e-09,98.78,93.80,9333.64,8862.84,48.55,45.69
3.17238,3,0.1855,0.068,0.055,5.408,5.691,0.9884,0.00917,269.78,54.25,0.57291048,0.7275963096,2.30,1.413344e-08,9.905003e-09,1.41042e-08,9.727651e-09,98.81,93.76,9336.33,8858.85,48.56,45.67
3.17263,3,0.1855,0.068,0.055,5.408,5.691,0.9884,0.00917,269.78,54.25,0.57290948,0.7275950395999999,2.30,1.416849e-08,9.926478e-09,1.414668e-08,9.758078e-09,98.71,93.79,9326.62,8862.15,48.51,45.69
3.17287,3,0.1855,0.068,0.055,5.408,5.691,0.9884,0.00917,269.78,54.25,0.5729085199999999,0.7275938203999999,2.30,1.420477e-08,9.953872e-09,1.418999e-08,9.789099e-09,98.78,93.83,9332.81,8865.50,48.54,45.71
3.17313,3,0.1856,0.068,0.055,5.407,5.691,0.9884,0.00917,269.78,54.25,0.5729074799999999,0.7275924995999999,2.30,1.425664e-08,9.987396e-09,1.422801e-08,9.819158e-09,98.74,94.00,9329.03,8881.45,48.52,45.81
3.17338,3,0.1856,0.068,0.055,5.407,5.691,0.9884,0.00917,269.78,54.25,0.57290648,0.7275912296,2.30,1.429546e-08,1.001944e-08,1.42842e-08,9.852415e-09,98.90,93.83,9344.13,8865.42,48.61,45.71
3.17362,3,0.1856,0.068,0.055,5.407,5.691,0.9884,0.00917,269.78,54.25,0.57290552,0.7275900103999999,2.30,1.433644e-08,1.004844e-08,1.432519e-08,9.884794e-09,98.90,93.95,9344.99,8877.30,48.62,45.78
3.17387,3,0.1857,0.068,0.055,5.407,5.691,0.9884,0.00917,269.78,54.25,0.5729045199999999,0.7275887403999999,2.30,1.438899e-08,1.006935e-08,1.437483e-08,9.910612e-09,98.44,93.75,9300.86,8857.76,48.35,45.66
3.17413,3,0.1857,0.068,0.055,5.407,5.691,0.9884,0.00917,269.78,54.25,0.5729034799999999,0.7275874195999998,2.30,1.44475e-08,1.011365e-08,1.444244e-08,9.950612e-09,98.55,93.55,9311.15,8838.85,48.41,45.55
3.17437,3,0.1857,0.068,0.055,5.407,5.691,0.9884,0.00917,269.78,54.25,0.57290252,0.7275862004,2.30,1.448139e-08,1.014709e-08,1.447756e-08,9.984482e-09,98.86,93.84,9340.96,8866.47,48.59,45.72
3.17462,3,0.1857,0.068,0.055,5.407,5.691,0.9884,0.00917,269.78,54.25,0.5729015199999999,0.7275849303999999,2.30,1.453112e-08,1.018098e-08,1.451428e-08,1.001972e-08,98.83,94.14,9338.03,8894.83,48.57,45.89
3.17488,3,0.1858,0.068,0.055,5.407,5.691,0.9884,0.00917,269.78,54.25,0.5729004799999999,0.7275836095999999,2.30,1.458297e-08,1.021262e-08,1.458317e-08,1.004956e-08,98.73,93.66,9328.76,8849.23,48.52,45.61
3.17512,3,0.1858,0.068,0.055,5.407,5.691,0.9884,0.00917,269.78,54.25,0.57289952,0.7275823904000001,2.30,1.464148e-08,1.024962e-08,1.464085e-08,1.008775e-08,98.61,93.61,9316.70,8844.84,48.44,45.58
3.17537,3,0.1858,0.068,0.055,5.407,5.691,0.9884,0.00917,269.78,54.25,0.57289852,0.7275811204,2.30,1.469063e-08,1.028817e-08,1.46949e-08,1.013241e-08,98.74,93.83,9329.22,8865.71,48.52,45.71
3.17563,3,0.1858,0.068,0.055,5.407,5.691,0.9884,0.00917,269.78,54.25,0.57289748,0.7275797996,2.30,1.475297e-08,1.03283e-08,1.474271e-08,1.016515e-08,98.63,93.83,9318.60,8865.08,48.46,45.71
3.17588,3,0.1859,0.068,0.055,5.407,5.691,0.9884,0.00917,269.78,54.25,0.5728964799999999,0.7275785295999999,2.30,1.478297e-08,1.036556e-08,1.480211e-08,1.019842e-08,99.20,93.65,9372.63,8848.37,48.78,45.60
3.17612,3,0.1859,0.068,0.055,5.407,5.691,0.9884,0.00917,269.78,54.25,0.57289552,0.7275773104,2.30,1.484593e-08,1.03971e-08,1.486081e-08,1.024064e-08,98.80,93.70,9334.75,8853.31,48.55,45.63
3.17638,3,0.1859,0.068,0.055,5.407,5.691,0.9884,0.00917,269.78,54.25,0.57289448,0.7275759896,2.30,1.488521e-08,1.043653e-08,1.490702e-08,1.027386e-08,99.17,93.74,9370.47,8857.12,48.77,45.66
3.17663,3,0.1859,0.068,0.055,5.407,5.691,0.9884,0.00917,269.78,54.25,0.57289348,0.7275747196,2.30,1.494074e-08,1.046583e-08,1.496638e-08,1.031289e-08,98.87,93.69,9341.70,8851.93,48.60,45.63
3.17687,3,0.1860,0.068,0.055,5.407,5.691,0.9884,0.00917,269.78,54.25,0.5728925199999999,0.7275735003999999,2.30,1.497595e-08,1.05012e-08,1.501211e-08,1.034044e-08,99.26,93.62,9378.64,8845.79,48.82,45.59
3.17713,3,0.1860,0.068,0.055,5.407,5.691,0.9884,0.00917,269.78,54.25,0.57289148,0.7275721796,2.30,1.501958e-08,1.054031e-08,1.506112e-08,1.039106e-08,99.53,94.11,9404.07,8892.16,48.97,45.87
3.17738,3,0.1860,0.068,0.054,5.407,5.691,0.9884,0.00917,269.78,54.25,0.57289048,0.7275709096,2.30,1.506319e-08,1.056829e-08,1.511539e-08,1.041804e-08,99.45,93.81,9396.47,8863.66,48.93,45.70
3.17762,3,0.1861,0.068,0.054,5.407,5.691,0.9884,0.00917,269.78,54.25,0.5728895199999999,0.7275696904,2.30,1.509859e-08,1.059671e-08,1.516125e-08,1.044919e-08,99.62,93.85,9412.19,8867.18,49.02,45.72
3.17787,3,0.1861,0.068,0.054,5.407,5.691,0.9884,0.00917,269.78,54.25,0.57288852,0.7275684204,2.30,1.512742e-08,1.061925e-08,1.520178e-08,1.047969e-08,99.69,93.92,9419.05,8874.17,49.07,45.76
3.17813,3,0.1861,0.068,0.054,5.407,5.691,0.9884,0.00917,269.78,54.25,0.57288748,0.7275670996,2.30,1.514986e-08,1.064147e-08,1.524942e-08,1.050838e-08,99.89,93.80,9438.30,8862.90,49.18,45.69
3.17837,3,0.1861,0.068,0.054,5.407,5.691,0.9884,0.00917,269.78,54.25,0.57288652,0.7275658803999999,2.30,1.518541e-08,1.066591e-08,1.528009e-08,1.053347e-08,99.88,93.92,9436.72,8873.61,49.17,45.76
3.17862,3,0.1862,0.068,0.054,5.407,5.691,0.9884,0.00917,269.78,54.25,0.5728855199999999,0.7275646103999999,2.30,1.521163e-08,1.069599e-08,1.531457e-08,1.05517e-08,100.30,93.81,9476.51,8863.40,49.41,45.70
3.17888,3,0.1862,0.068,0.054,5.407,5.691,0.9884,0.00917,269.78,54.25,0.5728844799999999,0.7275632895999999,2.30,1.523096e-08,1.070596e-08,1.5363e-08,1.058351e-08,100.18,93.76,9465.72,8859.21,49.35,45.67
3.17912,3,0.1862,0.068,0.054,5.407,5.691,0.9884,0.00917,269.78,54.25,0.57288352,0.7275620704,2.30,1.524968e-08,1.071889e-08,1.538807e-08,1.059187e-08,100.18,93.51,9465.04,8835.32,49.34,45.53
3.17937,3,0.1862,0.068,0.054,5.407,5.691,0.9884,0.00917,269.78,54.25,0.57288252,0.7275608003999999,2.30,1.526623e-08,1.073476e-08,1.540926e-08,1.061242e-08,100.31,93.68,9477.63,8851.28,49.42,45.62
3.17963,3,0.1863,0.068,0.054,5.406,5.691,0.9884,0.00917,269.78,54.25,0.5728814799999999,0.7275594795999999,2.30,1.527065e-08,1.074414e-08,1.544107e-08,1.064091e-08,100.56,93.92,9501.41,8873.66,49.56,45.76
3.17988,3,0.1863,0.068,0.054,5.406,5.691,0.9884,0.00917,269.78,54.25,0.5728804799999999,0.7275582096,2.30,1.528168e-08,1.075044e-08,1.54671e-08,1.064521e-08,100.51,93.53,9497.06,8837.24,49.54,45.54
3.18012,3,0.1863,0.068,0.054,5.406,5.691,0.9884,0.00917,269.78,54.25,0.57287952,0.7275569904,2.30,1.528757e-08,1.075778e-08,1.548235e-08,1.066877e-08,100.61,93.90,9506.58,8872.09,49.60,45.75
3.18038,3,0.1863,0.068,0.054,5.406,5.691,0.9884,0.00917,269.78,54.25,0.57287848,0.7275556696,2.30,1.528298e-08,1.076498e-08,1.549684e-08,1.066845e-08,100.94,93.61,9537.77,8844.61,49.78,45.58
3.18063,3,0.1864,0.068,0.054,5.406,5.691,0.9884,0.00917,269.78,54.25,0.5728774799999999,0.7275543995999999,2.30,1.529082e-08,1.076353e-08,1.550283e-08,1.067669e-08,100.78,93.77,9522.02,8860.32,49.69,45.68
3.18087,3,0.1864,0.068,0.054,5.406,5.691,0.9884,0.00917,269.78,54.25,0.57287652,0.7275531804,2.30,1.526304e-08,1.076527e-08,1.551472e-08,1.068522e-08,101.46,93.78,9586.07,8861.23,50.08,45.68
3.18113,3,0.1864,0.068,0.054,5.406,5.691,0.9884,0.00917,269.78,54.25,0.57287548,0.7275518596,2.30,1.526915e-08,1.07591e-08,1.553509e-08,1.068659e-08,101.12,93.43,9554.49,8827.64,49.89,45.48
3.18138,3,0.1865,0.068,0.054,5.406,5.691,0.9884,0.00917,269.78,54.25,0.57287448,0.7275505896,2.30,1.526453e-08,1.07572e-08,1.554071e-08,1.070156e-08,101.22,93.79,9563.69,8861.84,49.94,45.69
3.18162,3,0.1865,0.068,0.054,5.406,5.691,0.9884,0.00917,269.78,54.25,0.5728735199999999,0.7275493703999999,2.30,1.5243e-08,1.074886e-08,1.553133e-08,1.070647e-08,101.44,94.11,9584.32,8892.16,50.07,45.87
3.18187,3,0.1865,0.068,0.054,5.406,5.691,0.9884,0.00917,269.78,54.25,0.57287252,0.7275481004,2.30,1.522304e-08,1.074357e-08,1.555046e-08,1.070278e-08,101.72,93.64,9610.98,8847.25,50.23,45.60
3.18213,3,0.1865,0.068,0.054,5.406,5.691,0.9884,0.00917,269.78,54.25,0.57287148,0.7275467796,2.30,1.521239e-08,1.073269e-08,1.553718e-08,1.070728e-08,101.61,94.02,9600.75,8883.55,50.17,45.82
3.18237,3,0.1866,0.068,0.054,5.406,5.691,0.9884,0.00917,269.78,54.25,0.5728705199999999,0.7275455604,2.30,1.51997e-08,1.073806e-08,1.553822e-08,1.070474e-08,102.13,93.98,9649.61,8879.62,50.46,45.79
3.18262,3,0.1866,0.068,0.054,5.406,5.691,0.9884,0.00917,269.78,54.25,0.5728695199999999,0.7275442903999999,2.30,1.519282e-08,1.072222e-08,1.553457e-08,1.070522e-08,101.77,94.06,9616.06,8887.62,50.26,45.84
3.18288,3,0.1866,0.068,0.054,5.406,5.691,0.9884,0.00917,269.78,54.25,0.57286848,0.7275429696,2.30,1.516822e-08,1.071763e-08,1.554017e-08,1.069739e-08,102.19,93.73,9655.16,8856.49,50.49,45.65
3.18312,3,0.1866,0.068,0.054,5.406,5.691,0.9884,0.00917,269.79,54.25,0.57286752,0.7275417503999999,2.30,1.515116e-08,1.070499e-08,1.553062e-08,1.070693e-08,102.17,94.19,9653.36,8899.47,50.48,45.91
3.18337,3,0.1867,0.068,0.054,5.406,5.691,0.9884,0.00917,269.79,54.25,0.5728665199999999,0.7275404804,2.30,1.513617e-08,1.069597e-08,1.553368e-08,1.070251e-08,102.27,94.05,9663.37,8886.78,50.54,45.84
3.18363,3,0.1867,0.068,0.054,5.406,5.691,0.9884,0.00917,269.79,54.25,0.5728654799999999,0.7275391595999999,2.30,1.512337e-08,1.069595e-08,1.551671e-08,1.070324e-08,102.57,94.41,9691.25,8920.06,50.71,46.04
3.18388,3,0.1867,0.068,0.054,5.406,5.691,0.9884,0.00917,269.79,54.25,0.57286448,0.7275378896,2.30,1.510629e-08,1.069425e-08,1.551855e-08,1.069663e-08,102.91,94.18,9723.48,8898.93,50.91,45.91
3.18412,3,0.1867,0.068,0.054,5.406,5.691,0.9884,0.00917,269.79,54.25,0.57286352,0.7275366703999999,2.30,1.508509e-08,1.06768e-08,1.550078e-08,1.068446e-08,102.83,94.19,9715.88,8899.14,50.86,45.91
3.18438,3,0.1868,0.068,0.054,5.406,5.691,0.9884,0.00917,269.79,54.25,0.57286248,0.7275353496,2.30,1.507446e-08,1.067787e-08,1.549255e-08,1.069242e-08,103.17,94.62,9747.92,8940.60,51.06,46.16
3.18463,3,0.1868,0.068,0.054,5.406,5.691,0.9884,0.00917,269.79,54.25,0.5728614799999999,0.7275340795999999,2.30,1.506922e-08,1.066894e-08,1.549339e-08,1.069815e-08,103.00,94.77,9731.60,8954.51,50.96,46.25
3.18487,3,0.1868,0.068,0.054,5.406,5.691,0.9884,0.00917,269.79,54.25,0.57286052,0.7275328604,2.30,1.505903e-08,1.067019e-08,1.547465e-08,1.0691e-08,103.28,94.94,9758.11,8970.21,51.12,46.34
3.18513,3,0.1869,0.068,0.054,5.406,5.691,0.9884,0.00917,269.79,54.25,0.57285948,0.7275315395999999,2.30,1.504865e-08,1.066973e-08,1.548989e-08,1.068998e-08,103.56,94.66,9785.03,8943.75,51.28,46.18
3.18538,3,0.1869,0.068,0.054,5.406,5.691,0.9884,0.00917,269.79,54.25,0.57285848,0.7275302695999999,2.30,1.505251e-08,1.066573e-08,1.547165e-08,1.067708e-08,103.34,94.65,9763.84,8942.91,51.15,46.18
3.18562,3,0.1869,0.068,0.054,5.406,5.691,0.9884,0.00917,269.79,54.25,0.57285752,0.7275290504,2.30,1.504562e-08,1.066453e-08,1.545047e-08,1.06794e-08,103.46,95.14,9775.42,8988.91,51.22,46.45
3.18587,3,0.1869,0.068,0.054,5.406,5.691,0.9884,0.00917,269.79,54.25,0.57285652,0.7275277804,2.30,1.504705e-08,1.067065e-08,1.545543e-08,1.068416e-08,103.63,95.17,9791.51,8992.54,51.32,46.48
3.18613,3,0.1870,0.067,0.054,5.405,5.691,0.9884,0.00917,269.79,54.25,0.57285548,0.7275264596,2.30,1.505045e-08,1.067221e-08,1.54533e-08,1.068293e-08,103.65,95.23,9793.83,8997.80,51.33,46.51
3.18637,3,0.1870,0.067,0.054,5.405,5.691,0.9884,0.00917,269.79,54.25,0.5728545199999999,0.7275252403999999,2.30,1.504969e-08,1.067328e-08,1.544858e-08,1.068676e-08,103.71,95.44,9798.91,9017.18,51.36,46.63
3.18662,3,0.1870,0.067,0.054,5.405,5.691,0.9884,0.00917,269.79,54.25,0.57285352,0.7275239704,2.30,1.50692e-08,1.068776e-08,1.544583e-08,1.067597e-08,103.73,95.18,9800.94,8992.90,51.38,46.48
3.18688,3,0.1871,0.067,0.054,5.405,5.691,0.9884,0.00917,269.79,54.25,0.57285248,0.7275226496,2.30,1.506887e-08,1.069844e-08,1.544835e-08,1.068371e-08,104.15,95.40,9840.71,9014.09,51.62,46.61
3.18712,3,0.1871,0.067,0.054,5.405,5.691,0.9884,0.00917,269.79,54.25,0.57285152,0.7275214304,2.30,1.509372e-08,1.071444e-08,1.545172e-08,1.069043e-08,104.10,95.53,9835.51,9026.11,51.59,46.68
3.18737,3,0.1871,0.067,0.054,5.405,5.691,0.9884,0.00917,269.79,54.25,0.5728505199999999,0.7275201603999999,2.30,1.51044e-08,1.072952e-08,1.54588e-08,1.069005e-08,104.35,95.38,9859.25,9011.67,51.73,46.59
3.18763,3,0.1871,0.067,0.054,5.405,5.691,0.9884,0.00917,269.79,54.25,0.5728494799999999,0.7275188395999999,2.30,1.512518e-08,1.074064e-08,1.545794e-08,1.06958e-08,104.23,95.56,9847.73,9029.03,51.66,46.70
3.18788,3,0.1872,0.067,0.054,5.405,5.691,0.9884,0.00917,269.79,54.25,0.57284848,0.7275175696,2.30,1.516053e-08,1.077218e-08,1.54633e-08,1.070772e-08,104.50,95.85,9873.34,9056.40,51.82,46.86
3.18812,3,0.1872,0.067,0.054,5.405,5.691,0.9884,0.00917,269.79,54.25,0.5728475199999999,0.7275163504,2.30,1.51714e-08,1.07787e-08,1.54664e-08,1.070718e-08,104.46,95.77,9869.54,9049.01,51.79,46.82
3.18838,3,0.1872,0.067,0.054,5.405,5.691,0.9884,0.00917,269.79,54.25,0.5728464799999999,0.7275150295999999,2.30,1.51971e-08,1.07944e-08,1.546372e-08,1.071864e-08,104.37,96.16,9861.46,9085.69,51.74,47.04
3.18863,3,0.1872,0.067,0.054,5.405,5.691,0.9884,0.00918,269.79,54.25,0.5728454799999999,0.7275137595999999,2.30,1.522584e-08,1.081738e-08,1.548266e-08,1.073385e-08,104.46,96.22,9869.54,9091.44,51.79,47.07
3.18887,3,0.1873,0.067,0.054,5.405,5.691,0.9884,0.00918,269.79,54.25,0.57284452,0.7275125404,2.30,1.525973e-08,1.083657e-08,1.549826e-08,1.07413e-08,104.35,96.17,9859.46,9087.01,51.73,47.05
3.18913,3,0.1873,0.067,0.054,5.405,5.691,0.9884,0.00918,269.79,54.25,0.57284348,0.7275112196,2.30,1.528364e-08,1.086625e-08,1.550474e-08,1.07475e-08,104.77,96.22,9899.37,9091.72,51.97,47.08
3.18938,3,0.1873,0.067,0.054,5.405,5.691,0.9884,0.00918,269.79,54.25,0.5728424799999999,0.7275099495999999,2.30,1.532978e-08,1.088614e-08,1.55247e-08,1.075625e-08,104.34,96.08,9858.91,9077.73,51.73,46.99
3.18962,3,0.1874,0.067,0.054,5.405,5.691,0.9884,0.00918,269.79,54.25,0.57284152,0.7275087304,2.30,1.536658e-08,1.091812e-08,1.553606e-08,1.078174e-08,104.59,96.64,9882.43,9131.16,51.87,47.32
3.18987,3,0.1874,0.067,0.054,5.405,5.691,0.9884,0.00918,269.79,54.25,0.57284052,0.7275074603999999,2.30,1.539976e-08,1.094614e-08,1.555425e-08,1.079277e-08,104.74,96.59,9896.31,9126.76,51.95,47.29
3.19013,3,0.1874,0.067,0.054,5.405,5.691,0.9884,0.00918,269.79,54.25,0.57283948,0.7275061396,2.30,1.544755e-08,1.096556e-08,1.556846e-08,1.081825e-08,104.26,97.05,9851.12,9170.01,51.68,47.55
3.19037,3,0.1874,0.067,0.054,5.405,5.691,0.9884,0.00918,269.79,54.25,0.5728385199999999,0.7275049203999999,2.30,1.548459e-08,1.099107e-08,1.559714e-08,1.083207e-08,104.24,96.87,9848.70,9153.09,51.67,47.45
3.19062,3,0.1875,0.067,0.054,5.405,5.691,0.9884,0.00918,269.79,54.25,0.57283752,0.7275036504,2.30,1.552064e-08,1.1019e-08,1.560523e-08,1.08497e-08,104.37,97.28,9861.17,9191.28,51.74,47.68
3.19088,3,0.1875,0.067,0.054,5.405,5.691,0.9884,0.00918,269.79,54.25,0.57283648,0.7275023295999999,2.30,1.555409e-08,1.105174e-08,1.562606e-08,1.085687e-08,104.66,97.06,9888.91,9171.01,51.91,47.56
3.19112,3,0.1875,0.067,0.054,5.405,5.691,0.9884,0.00918,269.79,54.25,0.5728355199999999,0.7275011103999999,2.30,1.559892e-08,1.107792e-08,1.564981e-08,1.087577e-08,104.48,97.13,9871.45,9177.64,51.80,47.60
3.19137,3,0.1875,0.067,0.054,5.405,5.691,0.9884,0.00918,269.79,54.25,0.57283452,0.7274998404,2.30,1.563099e-08,1.110932e-08,1.567291e-08,1.090709e-08,104.76,97.58,9897.96,9219.95,51.96,47.85
3.19163,3,0.1876,0.067,0.054,5.404,5.691,0.9884,0.00918,269.79,54.25,0.57283348,0.7274985196,2.30,1.568481e-08,1.11314e-08,1.569585e-08,1.091751e-08,104.29,97.47,9853.75,9209.48,51.70,47.79
3.19188,3,0.1876,0.067,0.054,5.404,5.691,0.9884,0.00918,269.79,54.25,0.57283248,0.7274972496,2.30,1.57118e-08,1.115062e-08,1.572015e-08,1.094524e-08,104.29,97.79,9853.95,9239.51,51.70,47.97
3.19212,3,0.1876,0.067,0.054,5.404,5.691,0.9884,0.00918,269.79,54.25,0.5728315199999999,0.7274960303999999,2.30,1.574817e-08,1.11741e-08,1.573292e-08,1.096016e-08,104.22,97.97,9846.87,9256.27,51.65,48.07
3.19238,3,0.1877,0.067,0.054,5.404,5.691,0.9884,0.00918,269.79,54.25,0.5728304799999999,0.7274947096,2.30,1.577967e-08,1.119973e-08,1.574474e-08,1.096985e-08,104.38,98.06,9862.06,9265.25,51.75,48.13
3.19263,3,0.1877,0.067,0.054,5.404,5.691,0.9884,0.00918,269.79,54.25,0.57282948,0.7274934396,2.30,1.580037e-08,1.121723e-08,1.577118e-08,1.099088e-08,104.47,98.14,9870.58,9272.51,51.80,48.17
3.19287,3,0.1877,0.067,0.054,5.404,5.691,0.9884,0.00918,269.79,54.25,0.57282852,0.7274922204,2.30,1.582602e-08,1.124093e-08,1.578358e-08,1.101102e-08,104.64,98.48,9887.22,9304.57,51.90,48.37
3.19313,3,0.1877,0.067,0.054,5.404,5.691,0.9884,0.00918,269.79,54.25,0.5728274799999999,0.7274908995999999,2.30,1.585071e-08,1.125195e-08,1.581368e-08,1.101796e-08,104.43,98.06,9867.50,9265.47,51.78,48.13
3.19338,3,0.1878,0.067,0.054,5.404,5.691,0.9884,0.00918,269.79,54.25,0.5728264799999999,0.7274896295999999,2.30,1.587375e-08,1.127119e-08,1.581855e-08,1.104227e-08,104.58,98.73,9881.47,9328.67,51.86,48.51
3.19362,3,0.1878,0.067,0.054,5.404,5.691,0.9884,0.00918,269.79,54.25,0.57282552,0.7274884104,2.30,1.590579e-08,1.128169e-08,1.583203e-08,1.104249e-08,104.19,98.46,9844.60,9303.03,51.64,48.36
3.19387,3,0.1878,0.067,0.054,5.404,5.691,0.9884,0.00918,269.79,54.25,0.57282452,0.7274871404,2.30,1.591344e-08,1.128959e-08,1.58543e-08,1.105889e-08,104.27,98.49,9852.03,9305.44,51.68,48.37
3.19413,3,0.1878,0.067,0.054,5.404,5.691,0.9884,0.00918,269.79,54.25,0.5728234799999999,0.7274858195999999,2.30,1.592784e-08,1.130103e-08,1.58668e-08,1.108402e-08,104.31,98.97,9855.70,9351.22,51.71,48.65
3.19437,3,0.1879,0.067,0.054,5.404,5.691,0.9884,0.00918,269.79,54.25,0.57282252,0.7274846004,2.30,1.592758e-08,1.129935e-08,1.586277e-08,1.107992e-08,104.32,98.98,9856.46,9352.60,51.71,48.66
3.19462,3,0.1879,0.067,0.054,5.404,5.691,0.9884,0.00918,269.79,54.25,0.57282152,0.7274833304,2.30,1.595407e-08,1.130141e-08,1.586857e-08,1.108612e-08,103.79,99.05,9806.49,9358.61,51.41,48.69
3.19488,3,0.1879,0.067,0.054,5.404,5.691,0.9884,0.00918,269.79,54.25,0.57282048,0.7274820096,2.30,1.594972e-08,1.131347e-08,1.588006e-08,1.11047e-08,104.27,99.36,9851.70,9388.22,51.68,48.87
3.19512,3,0.1880,0.067,0.054,5.404,5.691,0.9884,0.00918,269.79,54.25,0.5728195199999999,0.7274807903999999,2.30,1.595447e-08,1.131409e-08,1.588158e-08,1.110195e-08,104.24,99.30,9848.71,9382.50,51.66,48.84
3.19537,3,0.1880,0.067,0.054,5.404,5.691,0.9884,0.00918,269.79,54.25,0.57281852,0.7274795204,2.30,1.595835e-08,1.130702e-08,1.588507e-08,1.110976e-08,103.93,99.46,9819.39,9397.59,51.49,48.93
3.19563,3,0.1880,0.067,0.054,5.404,5.691,0.9884,0.00918,269.79,54.25,0.57281748,0.7274781996,2.30,1.59525e-08,1.128891e-08,1.588678e-08,1.111724e-08,103.49,99.65,9777.89,9415.29,51.23,49.04
3.19588,3,0.1880,0.067,0.054,5.404,5.691,0.9884,0.00918,269.79,54.25,0.57281648,0.7274769296,2.30,1.594688e-08,1.129043e-08,1.58963e-08,1.110879e-08,103.66,99.20,9794.20,9372.82,51.33,48.78
3.19612,3,0.1881,0.067,0.054,5.404,5.691,0.9884,0.00918,269.79,54.25,0.5728155199999999,0.7274757103999999,2.30,1.593618e-08,1.127952e-08,1.588677e-08,1.111617e-08,103.61,99.67,9789.50,9417.30,51.30,49.05
3.19638,3,0.1881,0.067,0.054,5.404,5.691,0.9884,0.00918,269.79,54.25,0.5728144799999999,0.7274743895999999,2.30,1.592663e-08,1.12712e-08,1.587452e-08,1.111626e-08,103.56,99.93,9784.86,9441.80,51.28,49.20
3.19663,3,0.1881,0.067,0.054,5.404,5.691,0.9884,0.00918,269.79,54.25,0.57281348,0.7274731195999999,2.30,1.590544e-08,1.127941e-08,1.587187e-08,1.111506e-08,104.29,99.95,9854.22,9443.66,51.70,49.21
3.19687,3,0.1881,0.067,0.054,5.404,5.691,0.9884,0.00918,269.79,54.25,0.5728125199999999,0.7274719004,2.30,1.589989e-08,1.125826e-08,1.587942e-08,1.112648e-08,103.75,100.13,9802.68,9461.06,51.38,49.31
3.19713,3,0.1882,0.067,0.054,5.404,5.691,0.9884,0.00918,269.79,54.25,0.5728114799999999,0.7274705796,2.30,1.587354e-08,1.124065e-08,1.587887e-08,1.111934e-08,103.84,99.98,9811.03,9446.91,51.43,49.23
3.19738,3,0.1882,0.067,0.054,5.404,5.691,0.9884,0.00918,269.79,54.25,0.57281048,0.7274693096,2.30,1.587472e-08,1.122823e-08,1.58756e-08,1.111217e-08,103.42,99.84,9771.50,9433.09,51.19,49.14
3.19762,3,0.1882,0.067,0.054,5.404,5.691,0.9884,0.00918,269.79,54.25,0.57280952,0.7274680903999999,2.30,1.585027e-08,1.121593e-08,1.585469e-08,1.111997e-08,103.58,100.51,9786.39,9496.95,51.28,49.53
3.19787,3,0.1883,0.067,0.054,5.403,5.691,0.9884,0.00918,269.79,54.25,0.5728085199999999,0.7274668203999999,2.30,1.582688e-08,1.12137e-08,1.585023e-08,1.111494e-08,104.09,100.51,9834.54,9496.56,51.58,49.53
3.19813,3,0.1883,0.067,0.054,5.403,5.691,0.9884,0.00918,269.79,54.25,0.5728074799999999,0.7274654996,2.30,1.581014e-08,1.1194e-08,1.585759e-08,1.1117e-08,103.84,100.41,9810.97,9487.70,51.43,49.47
3.19837,3,0.1883,0.067,0.054,5.403,5.691,0.9884,0.00918,269.79,54.25,0.57280652,0.7274642804,2.30,1.579295e-08,1.118471e-08,1.583799e-08,1.111124e-08,103.93,100.66,9819.63,9510.55,51.49,49.61
3.19862,3,0.1883,0.067,0.054,5.403,5.691,0.9884,0.00918,269.79,54.25,0.57280552,0.7274630103999999,2.30,1.578169e-08,1.117077e-08,1.583301e-08,1.110273e-08,103.74,100.50,9801.69,9496.17,51.38,49.52
3.19888,3,0.1884,0.067,0.054,5.403,5.691,0.9884,0.00918,269.79,54.25,0.57280448,0.7274616895999999,2.30,1.575063e-08,1.115827e-08,1.582066e-08,1.110194e-08,104.10,100.80,9835.51,9523.81,51.58,49.69
3.19912,3,0.1884,0.067,0.054,5.403,5.691,0.9884,0.00918,269.79,54.25,0.57280352,0.7274604704000001,2.30,1.574035e-08,1.115437e-08,1.581717e-08,1.109461e-08,104.20,100.65,9845.76,9509.78,51.64,49.61
3.19937,3,0.1884,0.067,0.054,5.403,5.691,0.9884,0.00918,269.79,54.25,0.57280252,0.7274592004,2.30,1.572843e-08,1.114287e-08,1.580533e-08,1.109361e-08,104.11,100.87,9836.51,9530.80,51.59,49.73
3.19963,3,0.1885,0.067,0.054,5.403,5.691,0.9884,0.00918,269.79,54.25,0.57280148,0.7274578796,2.30,1.573379e-08,1.11449e-08,1.581379e-08,1.10923e-08,104.11,100.70,9836.37,9515.01,51.59,49.64
3.19988,3,0.1885,0.067,0.053,5.403,5.691,0.9884,0.00918,269.79,54.25,0.57280048,0.7274566095999999,2.30,1.572599e-08,1.113766e-08,1.579831e-08,1.109265e-08,104.05,101.05,9831.41,9547.54,51.56,49.84
3.20012,3,0.1885,0.067,0.053,5.403,5.691,0.9884,0.00918,269.79,54.25,0.57279952,0.7274553904000001,2.30,1.571449e-08,1.11343e-08,1.579568e-08,1.108981e-08,104.21,101.02,9845.92,9544.67,51.65,49.82
3.20038,3,0.1885,0.067,0.053,5.403,5.691,0.9884,0.00918,269.79,54.25,0.57279848,0.7274540696,2.30,1.5705e-08,1.112431e-08,1.57978e-08,1.10867e-08,104.10,100.88,9836.01,9531.40,51.59,49.74
3.20063,3,0.1886,0.067,0.053,5.403,5.691,0.9884,0.00918,269.79,54.25,0.57279748,0.7274527996,2.30,1.570951e-08,1.113074e-08,1.579069e-08,1.10772e-08,104.26,100.79,9851.04,9523.45,51.68,49.69
3.20087,3,0.1886,0.067,0.053,5.403,5.691,0.9884,0.00918,269.79,54.25,0.5727965199999999,0.7274515803999999,2.30,1.570094e-08,1.112629e-08,1.579084e-08,1.107828e-08,104.31,100.82,9855.97,9526.26,51.71,49.71
3.20113,3,0.1886,0.067,0.053,5.403,5.691,0.9884,0.00918,269.79,54.25,0.5727954799999999,0.7274502595999999,2.30,1.571337e-08,1.113146e-08,1.578766e-08,1.108222e-08,104.20,101.01,9844.93,9544.07,51.64,49.81
3.20138,3,0.1886,0.067,0.053,5.403,5.691,0.9884,0.00918,269.79,54.25,0.57279448,0.7274489896,2.30,1.570652e-08,1.114505e-08,1.580127e-08,1.107703e-08,104.79,100.56,9901.12,9501.63,51.98,49.56
3.20162,3,0.1887,0.067,0.053,5.403,5.691,0.9884,0.00918,269.79,54.25,0.57279352,0.7274477704,2.30,1.570801e-08,1.114424e-08,1.579764e-08,1.106992e-08,104.79,100.48,9900.65,9493.58,51.98,49.51
3.20187,3,0.1887,0.067,0.053,5.403,5.691,0.9884,0.00918,269.79,54.25,0.5727925199999999,0.7274465003999999,2.30,1.570928e-08,1.116875e-08,1.58087e-08,1.107794e-08,105.55,100.49,9973.21,9494.35,52.42,49.51
3.20213,3,0.1887,0.067,0.053,5.403,5.691,0.9884,0.00918,269.79,54.25,0.5727914799999999,0.7274451795999999,2.30,1.571348e-08,1.116823e-08,1.580694e-08,1.10777e-08,105.44,100.52,9962.39,9497.19,52.35,49.53
3.20237,3,0.1888,0.067,0.053,5.403,5.691,0.9884,0.00918,269.79,54.25,0.57279052,0.7274439603999999,2.30,1.57248e-08,1.118923e-08,1.582547e-08,1.108531e-08,105.92,100.41,10007.73,9486.85,52.63,49.47
3.20262,3,0.1888,0.067,0.053,5.403,5.691,0.9884,0.00918,269.79,54.25,0.5727895199999999,0.7274426904,2.30,1.573874e-08,1.120608e-08,1.583265e-08,1.108724e-08,106.15,100.31,10029.23,9478.00,52.76,49.41
3.20288,3,0.1888,0.067,0.053,5.403,5.691,0.9884,0.00918,269.79,54.25,0.5727884799999999,0.7274413695999999,2.30,1.574779e-08,1.122743e-08,1.585951e-08,1.109552e-08,106.64,100.00,10075.68,9448.09,53.04,49.23
3.20312,3,0.1888,0.067,0.053,5.403,5.691,0.9884,0.00918,269.79,54.25,0.57278752,0.7274401504,2.30,1.57944e-08,1.124722e-08,1.58606e-08,1.109817e-08,106.20,100.05,10033.91,9453.44,52.78,49.26
3.20337,3,0.1889,0.066,0.053,5.403,5.691,0.9884,0.00918,269.79,54.25,0.57278652,0.7274388803999999,2.30,1.581452e-08,1.127068e-08,1.588017e-08,1.111204e-08,106.55,100.11,10067.32,9458.72,52.99,49.30
3.20363,3,0.1889,0.066,0.053,5.403,5.691,0.9884,0.00918,269.79,54.25,0.57278548,0.7274375596,2.30,1.583386e-08,1.129294e-08,1.590528e-08,1.112701e-08,106.83,100.03,10093.69,9451.37,53.15,49.25
3.20388,3,0.1889,0.066,0.053,5.403,5.691,0.9884,0.00918,269.79,54.25,0.5727844799999999,0.7274362896,2.30,1.586804e-08,1.132202e-08,1.593494e-08,1.113609e-08,106.98,99.68,10108.33,9418.51,53.23,49.05
3.20412,3,0.1889,0.066,0.053,5.403,5.691,0.9884,0.00918,269.79,54.25,0.57278352,0.7274350704,2.30,1.59091e-08,1.135993e-08,1.595921e-08,1.114556e-08,107.27,99.46,10135.15,9397.54,53.40,48.93
3.20438,3,0.1890,0.066,0.053,5.402,5.691,0.9884,0.00918,269.79,54.25,0.57278248,0.7274337496,2.30,1.593764e-08,1.138993e-08,1.59849e-08,1.116606e-08,107.64,99.59,10170.56,9409.66,53.61,49.00
3.20463,3,0.1890,0.066,0.053,5.402,5.691,0.9884,0.00918,269.79,54.25,0.57278148,0.7274324795999999,2.30,1.597848e-08,1.141021e-08,1.600924e-08,1.118349e-08,107.35,99.60,10142.81,9410.86,53.44,49.01
3.20487,3,0.1890,0.066,0.053,5.402,5.691,0.9884,0.00918,269.79,54.25,0.5727805199999999,0.7274312603999998,2.30,1.602311e-08,1.144622e-08,1.604154e-08,1.119538e-08,107.48,99.29,10155.66,9381.19,53.52,48.83
3.20512,3,0.1891,0.066,0.053,5.402,5.691,0.9883,0.00918,269.79,54.25,0.57277952,0.7274299904,2.30,1.605371e-08,1.148001e-08,1.607025e-08,1.121787e-08,107.92,99.40,10197.11,9392.00,53.77,48.89
3.20538,3,0.1891,0.066,0.053,5.402,5.691,0.9883,0.00918,269.79,54.25,0.57277848,0.7274286696,2.30,1.611043e-08,1.151939e-08,1.610551e-08,1.123554e-08,107.88,99.20,10193.44,9372.81,53.75,48.78
3.20562,3,0.1891,0.066,0.053,5.402,5.691,0.9883,0.00918,269.79,54.25,0.5727775199999999,0.7274274503999999,2.30,1.61438e-08,1.155708e-08,1.614094e-08,1.125532e-08,108.34,99.06,10236.42,9359.24,54.01,48.69
3.20587,3,0.1891,0.066,0.053,5.402,5.691,0.9883,0.00918,269.79,54.25,0.57277652,0.7274261804000001,2.30,1.619759e-08,1.158903e-08,1.61644e-08,1.126902e-08,108.12,98.98,10216.08,9351.95,53.89,48.65
3.20613,3,0.1892,0.066,0.053,5.402,5.691,0.9883,0.00918,269.79,54.25,0.57277548,0.7274248596,2.30,1.624378e-08,1.161526e-08,1.620949e-08,1.129869e-08,107.96,98.98,10200.43,9352.07,53.79,48.65
3.20637,3,0.1892,0.066,0.053,5.402,5.691,0.9883,0.00918,269.79,54.25,0.57277452,0.7274236404,2.30,1.627938e-08,1.163964e-08,1.622938e-08,1.130987e-08,107.92,98.90,10197.13,9344.75,53.77,48.60
3.20662,3,0.1892,0.066,0.053,5.402,5.691,0.9883,0.00918,269.79,54.25,0.5727735199999999,0.7274223703999999,2.30,1.632654e-08,1.1688e-08,1.627612e-08,1.133823e-08,108.40,98.78,10242.14,9333.31,54.04,48.54
3.20688,3,0.1892,0.066,0.053,5.402,5.691,0.9883,0.00918,269.79,54.25,0.5727724799999999,0.7274210495999999,2.30,1.637337e-08,1.170875e-08,1.630838e-08,1.135012e-08,107.98,98.48,10202.96,9304.71,53.81,48.36
3.20713,3,0.1893,0.066,0.053,5.402,5.691,0.9883,0.00918,269.79,54.25,0.57277148,0.7274197796,2.30,1.643069e-08,1.175633e-08,1.632806e-08,1.137754e-08,108.26,98.92,10228.48,9346.71,53.96,48.62
3.20737,3,0.1893,0.066,0.053,5.402,5.691,0.9883,0.00918,269.79,54.25,0.57277052,0.7274185604,2.30,1.64624e-08,1.17862e-08,1.636841e-08,1.139986e-08,108.49,98.76,10250.43,9331.06,54.09,48.52
3.20763,3,0.1893,0.066,0.053,5.402,5.691,0.9883,0.00918,269.79,54.25,0.5727694799999999,0.7274172395999999,2.30,1.651253e-08,1.181349e-08,1.640487e-08,1.141529e-08,108.21,98.47,10224.22,9304.31,53.94,48.36
3.20788,3,0.1894,0.066,0.053,5.402,5.691,0.9883,0.00918,269.80,54.25,0.5727684799999999,0.7274159695999999,2.30,1.655721e-08,1.184424e-08,1.643365e-08,1.14224e-08,108.23,98.16,10225.94,9274.74,53.95,48.18
3.20812,3,0.1894,0.066,0.053,5.402,5.691,0.9883,0.00918,269.80,54.25,0.57276752,0.7274147504,2.30,1.659519e-08,1.186561e-08,1.644149e-08,1.143977e-08,108.04,98.50,10208.41,9306.55,53.84,48.37
3.20838,3,0.1894,0.066,0.053,5.402,5.691,0.9883,0.00918,269.80,54.25,0.57276648,0.7274134296,2.30,1.665056e-08,1.190125e-08,1.648807e-08,1.146018e-08,107.92,98.16,10196.54,9274.62,53.77,48.18
3.20863,3,0.1894,0.066,0.053,5.402,5.691,0.9883,0.00918,269.80,54.25,0.5727654799999999,0.7274121595999999,2.30,1.668337e-08,1.192519e-08,1.651759e-08,1.147387e-08,107.93,97.97,10198.00,9256.56,53.78,48.07
3.20887,3,0.1895,0.066,0.053,5.402,5.691,0.9883,0.00918,269.80,54.25,0.57276452,0.7274109404,2.30,1.67145e-08,1.195094e-08,1.653092e-08,1.149719e-08,108.10,98.41,10213.87,9298.69,53.87,48.32
3.20912,3,0.1895,0.066,0.053,5.402,5.691,0.9883,0.00918,269.80,54.25,0.57276352,0.7274096703999999,2.30,1.676139e-08,1.19684e-08,1.655578e-08,1.150341e-08,107.59,98.10,10165.98,9269.39,53.58,48.15
3.20938,3,0.1895,0.066,0.053,5.402,5.691,0.9883,0.00918,269.80,54.25,0.57276248,0.7274083496,2.30,1.678325e-08,1.199305e-08,1.659258e-08,1.15127e-08,107.88,97.65,10192.85,9226.64,53.74,47.89
3.20962,3,0.1896,0.066,0.053,5.402,5.691,0.9883,0.00918,269.80,54.25,0.5727615199999999,0.7274071303999999,2.30,1.680819e-08,1.20109e-08,1.660526e-08,1.152322e-08,107.94,97.75,10198.31,9236.01,53.78,47.94
3.20987,3,0.1896,0.066,0.053,5.402,5.691,0.9883,0.00918,269.80,54.25,0.57276052,0.7274058604,2.30,1.683656e-08,1.202732e-08,1.662332e-08,1.153794e-08,107.81,97.81,10186.88,9241.74,53.71,47.98
3.21013,3,0.1896,0.066,0.053,5.402,5.691,0.9883,0.00918,269.80,54.25,0.57275948,0.7274045396,2.30,1.685829e-08,1.20513e-08,1.663809e-08,1.153831e-08,108.08,97.54,10211.97,9215.94,53.86,47.82
3.21037,3,0.1896,0.066,0.053,5.402,5.691,0.9883,0.00918,269.80,54.25,0.5727585199999999,0.7274033203999999,2.30,1.689438e-08,1.206156e-08,1.665768e-08,1.155297e-08,107.59,97.57,10166.04,9218.74,53.58,47.84
3.21062,3,0.1897,0.066,0.053,5.401,5.691,0.9883,0.00918,269.80,54.25,0.5727575199999999,0.7274020503999999,2.30,1.690475e-08,1.206962e-08,1.666397e-08,1.155141e-08,107.67,97.46,10173.33,9208.19,53.63,47.78
3.21088,3,0.1897,0.066,0.053,5.401,5.691,0.9883,0.00918,269.80,54.25,0.57275648,0.7274007296,2.30,1.692498e-08,1.209072e-08,1.668944e-08,1.156754e-08,107.88,97.41,10192.95,9204.23,53.74,47.75
3.21113,3,0.1897,0.066,0.053,5.401,5.691,0.9883,0.00918,269.80,54.25,0.57275548,0.7273994596,2.30,1.693779e-08,1.209219e-08,1.668969e-08,1.155878e-08,107.64,97.17,10170.33,9181.11,53.61,47.61
3.21137,3,0.1897,0.066,0.053,5.401,5.691,0.9883,0.00918,269.80,54.25,0.5727545199999999,0.7273982403999999,2.30,1.695789e-08,1.209768e-08,1.669318e-08,1.155538e-08,107.36,97.01,10144.36,9166.10,53.45,47.52
3.21163,3,0.1898,0.066,0.053,5.401,5.691,0.9883,0.00918,269.80,54.25,0.5727534799999999,0.7273969196,2.30,1.696044e-08,1.210578e-08,1.670023e-08,1.157114e-08,107.62,97.36,10168.12,9199.04,53.59,47.72
3.21188,3,0.1898,0.066,0.053,5.401,5.691,0.9883,0.00918,269.80,54.25,0.57275248,0.7273956496,2.30,1.698253e-08,1.210706e-08,1.669831e-08,1.156598e-08,107.17,97.25,10125.79,9189.13,53.34,47.66
3.21212,3,0.1898,0.066,0.053,5.401,5.691,0.9883,0.00918,269.80,54.25,0.57275152,0.7273944304,2.30,1.697418e-08,1.210148e-08,1.672042e-08,1.157308e-08,107.18,97.03,10126.87,9167.96,53.34,47.53
3.21238,3,0.1899,0.066,0.053,5.401,5.718,0.9883,0.00918,269.80,54.25,0.57275048,0.7273931095999999,2.30,1.698436e-08,1.211861e-08,1.671606e-08,1.156961e-08,107.54,97.07,10161.04,9171.62,53.52,47.53
3.21263,3,0.1899,0.066,0.053,5.401,5.718,0.9883,0.00918,269.80,54.25,0.5727494799999999,0.7273918395999999,2.30,1.698879e-08,1.211446e-08,1.671431e-08,1.157586e-08,107.32,97.27,10139.68,9190.86,53.39,47.64
3.21287,3,0.1899,0.066,0.053,5.401,5.718,0.9883,0.00918,269.80,54.25,0.57274852,0.7273906204,2.30,1.697707e-08,1.211264e-08,1.670661e-08,1.157098e-08,107.52,97.29,10158.79,9192.03,53.51,47.65
3.21312,3,0.1899,0.066,0.053,5.401,5.718,0.9883,0.00918,269.80,54.25,0.57274752,0.7273893504,2.30,1.697864e-08,1.211562e-08,1.670413e-08,1.155571e-08,107.58,96.92,10164.24,9157.10,53.54,47.44
3.21338,3,0.1900,0.066,0.053,5.401,5.718,0.9883,0.00918,269.80,54.25,0.57274648,0.7273880295999999,2.30,1.698182e-08,1.211014e-08,1.671456e-08,1.155779e-08,107.39,96.83,10146.92,9148.73,53.44,47.39
3.21362,3,0.1900,0.066,0.053,5.401,5.718,0.9883,0.00918,269.80,54.25,0.57274552,0.7273868104,2.30,1.698927e-08,1.21132e-08,1.670814e-08,1.156034e-08,107.32,97.02,10140.35,9166.69,53.40,47.50
3.21387,3,0.1900,0.066,0.053,5.401,5.718,0.9883,0.00918,269.80,54.25,0.57274452,0.7273855404,2.30,1.698676e-08,1.211103e-08,1.671663e-08,1.156055e-08,107.31,96.86,10139.24,9152.14,53.39,47.41
3.21413,3,0.1900,0.066,0.053,5.401,5.718,0.9883,0.00918,269.80,54.25,0.57274348,0.7273842196,2.30,1.699425e-08,1.210409e-08,1.671362e-08,1.155788e-08,106.93,96.85,10103.52,9150.63,53.17,47.40
3.21437,3,0.1901,0.066,0.053,5.401,5.718,0.9883,0.00918,269.80,54.25,0.5727425199999999,0.7273830003999999,2.30,1.699305e-08,1.210191e-08,1.670694e-08,1.154885e-08,106.95,96.78,10104.99,9144.12,53.18,47.36
3.21462,3,0.1901,0.066,0.053,5.401,5.718,0.9883,0.00918,269.80,54.25,0.57274152,0.7273817304,2.30,1.699611e-08,1.209864e-08,1.670436e-08,1.154502e-08,106.78,96.72,10089.21,9138.88,53.09,47.33
3.21488,3,0.1901,0.066,0.053,5.401,5.718,0.9883,0.00918,269.80,54.25,0.57274048,0.7273804096,2.30,1.70007e-08,1.209876e-08,1.670762e-08,1.154799e-08,106.68,96.74,10080.11,9140.71,53.03,47.34
3.21513,3,0.1902,0.066,0.053,5.401,5.718,0.9883,0.00918,269.80,54.25,0.57273948,0.7273791396,2.30,1.699765e-08,1.210422e-08,1.670248e-08,1.154338e-08,106.97,96.76,10107.51,9142.81,53.20,47.35
3.21537,3,0.1902,0.066,0.053,5.401,5.718,0.9883,0.00918,269.80,54.25,0.5727385199999999,0.7273779203999999,2.30,1.700696e-08,1.210209e-08,1.671162e-08,1.153007e-08,106.71,96.23,10082.16,9092.70,53.04,47.05
3.21563,3,0.1902,0.066,0.053,5.401,5.718,0.9883,0.00918,269.80,54.25,0.5727374799999999,0.7273765995999999,2.30,1.701392e-08,1.209065e-08,1.670588e-08,1.153811e-08,106.21,96.56,10034.98,9123.30,52.76,47.23
3.21588,3,0.1902,0.066,0.053,5.401,5.718,0.9883,0.00918,269.80,54.25,0.57273648,0.7273753296,2.30,1.701966e-08,1.209388e-08,1.671722e-08,1.153643e-08,106.18,96.30,10032.55,9099.05,52.74,47.08
3.21612,3,0.1903,0.066,0.053,5.401,5.718,0.9883,0.00918,269.80,54.25,0.5727355199999999,0.7273741103999999,2.30,1.703499e-08,1.21024e-08,1.671486e-08,1.152669e-08,106.17,96.13,10031.02,9083.21,52.73,46.99
3.21638,3,0.1903,0.066,0.053,5.401,5.718,0.9883,0.00918,269.80,54.25,0.5727344799999999,0.7273727896,2.30,1.705561e-08,1.209197e-08,1.671622e-08,1.153298e-08,105.41,96.28,9959.68,9096.81,52.30,47.07
3.21663,3,0.1903,0.066,0.053,5.401,5.718,0.9883,0.00918,269.80,54.25,0.5727334799999999,0.7273715195999999,2.30,1.705715e-08,1.21048e-08,1.670877e-08,1.152928e-08,105.76,96.32,9992.98,9100.47,52.50,47.09
3.21687,3,0.1903,0.066,0.053,5.401,5.718,0.9883,0.00918,269.80,54.25,0.57273252,0.7273703004,2.30,1.707592e-08,1.210632e-08,1.671297e-08,1.153045e-08,105.41,96.27,9959.55,9096.08,52.30,47.07
3.21712,3,0.1904,0.066,0.053,5.400,5.718,0.9883,0.00918,269.80,54.25,0.5727315199999999,0.7273690303999999,2.30,1.708493e-08,1.21136e-08,1.672927e-08,1.152935e-08,105.49,95.99,9967.30,9069.54,52.35,46.91
3.21738,3,0.1904,0.066,0.053,5.400,5.718,0.9883,0.00918,269.80,54.25,0.5727304799999999,0.7273677096,2.30,1.709698e-08,1.213235e-08,1.673244e-08,1.154386e-08,105.80,96.32,9996.20,9100.80,52.52,47.09
3.21762,3,0.1904,0.066,0.053,5.400,5.718,0.9883,0.00918,269.80,54.25,0.57272952,0.7273664904,2.30,1.711367e-08,1.21384e-08,1.673938e-08,1.154593e-08,105.62,96.25,9979.80,9093.89,52.42,47.05
3.21787,3,0.1905,0.066,0.053,5.400,5.718,0.9883,0.00918,269.80,54.25,0.57272852,0.7273652204,2.30,1.714933e-08,1.213697e-08,1.674505e-08,1.154864e-08,104.88,96.27,9909.98,9095.62,52.00,47.06
3.21813,3,0.1905,0.066,0.053,5.400,5.718,0.9883,0.00918,269.80,54.25,0.57272748,0.7273638995999999,2.30,1.717003e-08,1.215183e-08,1.676702e-08,1.154682e-08,104.89,95.81,9910.57,9052.74,52.00,46.80
3.21837,3,0.1905,0.066,0.053,5.400,5.718,0.9883,0.00918,269.80,54.25,0.5727265199999999,0.7273626803999999,2.30,1.720321e-08,1.216722e-08,1.678199e-08,1.156147e-08,104.65,95.93,9888.07,9063.67,51.87,46.87
3.21862,3,0.1905,0.066,0.053,5.400,5.718,0.9883,0.00918,269.80,54.25,0.57272552,0.7273614104,2.30,1.721604e-08,1.218044e-08,1.680356e-08,1.157324e-08,104.77,95.84,9899.58,9055.90,51.94,46.82
3.21888,3,0.1906,0.066,0.053,5.400,5.718,0.9883,0.00918,269.80,54.25,0.57272448,0.7273600896,2.30,1.724329e-08,1.220247e-08,1.68002e-08,1.157233e-08,104.91,95.93,9912.41,9064.18,52.01,46.87
3.21913,3,0.1906,0.066,0.053,5.400,5.718,0.9883,0.00918,269.80,54.25,0.57272348,0.7273588195999999,2.30,1.728431e-08,1.220589e-08,1.683055e-08,1.158634e-08,104.16,95.75,9841.78,9046.88,51.59,46.77
3.21937,3,0.1906,0.066,0.053,5.400,5.718,0.9883,0.00918,269.80,54.25,0.57272252,0.7273576004000001,2.30,1.730761e-08,1.222476e-08,1.684737e-08,1.16017e-08,104.23,95.85,9848.40,9056.35,51.63,46.82
3.21963,3,0.1907,0.066,0.053,5.400,5.718,0.9883,0.00918,269.80,54.25,0.57272148,0.7273562796,2.30,1.733936e-08,1.225567e-08,1.686498e-08,1.16126e-08,104.53,95.87,9876.85,9058.03,51.80,46.83
3.21988,3,0.1907,0.066,0.053,5.400,5.718,0.9883,0.00918,269.80,54.25,0.57272048,0.7273550096,2.30,1.737446e-08,1.226581e-08,1.688033e-08,1.162978e-08,104.11,96.04,9836.72,9074.59,51.55,46.93
3.22012,3,0.1907,0.066,0.053,5.400,5.718,0.9883,0.00918,269.80,54.25,0.5727195199999999,0.7273537903999999,2.30,1.741074e-08,1.228319e-08,1.690218e-08,1.163901e-08,103.87,95.89,9814.35,9060.02,51.42,46.85
3.22038,3,0.1907,0.066,0.053,5.400,5.718,0.9883,0.00918,269.80,54.25,0.5727184799999999,0.7273524695999999,2.30,1.74438e-08,1.230283e-08,1.692848e-08,1.165784e-08,103.77,95.91,9804.39,9061.81,51.36,46.86
3.22063,3,0.1908,0.066,0.053,5.400,5.718,0.9883,0.00918,269.80,54.25,0.57271748,0.7273511996,2.30,1.747403e-08,1.231911e-08,1.694259e-08,1.16644e-08,103.68,95.87,9795.92,9058.69,51.31,46.84
3.22087,3,0.1908,0.065,0.053,5.400,5.718,0.9883,0.00918,269.80,54.25,0.57271652,0.7273499804,2.30,1.749788e-08,1.233911e-08,1.6977e-08,1.167402e-08,103.77,95.50,9804.28,9023.57,51.36,46.62
3.22112,3,0.1908,0.065,0.053,5.400,5.718,0.9883,0.00918,269.80,54.25,0.5727155199999999,0.7273487103999999,2.30,1.756227e-08,1.235381e-08,1.705071e-08,1.169463e-08,102.90,94.72,9722.31,8949.88,50.86,46.18
3.22138,3,0.1908,0.065,0.053,5.400,5.718,0.9883,0.00918,269.80,54.25,0.5727144799999999,0.7273473895999999,2.30,1.756067e-08,1.237225e-08,1.703234e-08,1.170713e-08,103.45,95.37,9774.43,9011.39,51.18,46.55
3.22162,3,0.1909,0.065,0.053,5.400,5.718,0.9883,0.00918,269.80,54.25,0.57271352,0.7273461703999999,2.30,1.759145e-08,1.238865e-08,1.706177e-08,1.171806e-08,103.35,95.18,9765.45,8993.28,51.12,46.44
3.22187,3,0.1909,0.065,0.053,5.400,5.718,0.9883,0.00918,269.80,54.25,0.57271252,0.7273449004,2.30,1.763319e-08,1.240925e-08,1.708101e-08,1.173796e-08,103.11,95.36,9742.11,9009.67,50.98,46.54
3.22213,3,0.1909,0.065,0.053,5.400,5.718,0.9883,0.00918,269.80,54.25,0.5727114799999999,0.7273435796,2.30,1.766586e-08,1.241988e-08,1.711801e-08,1.175762e-08,102.76,95.21,9709.49,8995.57,50.78,46.45
3.22237,3,0.1910,0.065,0.053,5.399,5.718,0.9883,0.00918,269.80,54.25,0.57271052,0.7273423604,2.30,1.768838e-08,1.244067e-08,1.713735e-08,1.177636e-08,102.95,95.40,9727.63,9013.61,50.89,46.56
3.22262,3,0.1910,0.065,0.053,5.399,5.718,0.9883,0.00918,269.80,54.25,0.57270952,0.7273410904,2.30,1.770817e-08,1.245825e-08,1.716506e-08,1.179483e-08,103.06,95.38,9737.27,9012.22,50.95,46.56
3.22288,3,0.1910,0.065,0.053,5.399,5.718,0.9883,0.00919,269.80,54.25,0.57270848,0.7273397696,2.30,1.774282e-08,1.246217e-08,1.720227e-08,1.179806e-08,102.49,94.81,9683.65,8958.00,50.63,46.23
3.22313,3,0.1910,0.065,0.052,5.399,5.718,0.9883,0.00919,269.80,54.25,0.5727074799999999,0.7273384996,2.30,1.776021e-08,1.247062e-08,1.72019e-08,1.181161e-08,102.39,95.16,9674.06,8991.66,50.57,46.43
3.22337,3,0.1911,0.065,0.052,5.399,5.718,0.9883,0.00919,269.80,54.25,0.57270652,0.7273372804,2.30,1.777432e-08,1.249255e-08,1.723753e-08,1.184251e-08,102.77,95.38,9710.50,9011.99,50.79,46.55
3.22363,3,0.1911,0.065,0.052,5.399,5.718,0.9883,0.00919,269.80,54.25,0.57270548,0.7273359596,2.30,1.780292e-08,1.249211e-08,1.72611e-08,1.185467e-08,102.21,95.28,9657.07,9002.21,50.46,46.50
3.22388,3,0.1911,0.065,0.052,5.399,5.718,0.9883,0.00919,269.80,54.25,0.57270448,0.7273346895999999,2.30,1.782509e-08,1.249818e-08,1.727701e-08,1.18654e-08,101.95,95.27,9632.56,9001.73,50.32,46.49
3.22412,3,0.1911,0.065,0.052,5.399,5.718,0.9883,0.00919,269.80,54.25,0.5727035199999999,0.7273334703999998,2.30,1.782944e-08,1.250332e-08,1.731348e-08,1.187988e-08,102.01,95.00,9637.95,8976.24,50.35,46.34
3.22438,3,0.1912,0.065,0.052,5.399,5.718,0.9883,0.00919,269.80,54.25,0.57270248,0.7273321496,2.30,1.784785e-08,1.250722e-08,1.733361e-08,1.189144e-08,101.81,94.99,9619.79,8975.52,50.24,46.33
3.22463,3,0.1912,0.065,0.052,5.399,5.718,0.9883,0.00919,269.80,54.25,0.57270148,0.7273308796,2.30,1.785837e-08,1.250632e-08,1.735825e-08,1.19086e-08,101.59,95.00,9598.57,8976.13,50.11,46.34
3.22487,3,0.1912,0.065,0.052,5.399,5.718,0.9883,0.00919,269.80,54.25,0.5727005199999999,0.7273296603999999,2.30,1.787219e-08,1.249924e-08,1.737184e-08,1.19221e-08,101.14,95.11,9555.82,8986.16,49.85,46.40
3.22512,3,0.1913,0.065,0.052,5.399,5.718,0.9883,0.00919,269.80,54.25,0.5726995199999999,0.7273283903999999,2.30,1.788162e-08,1.249809e-08,1.73931e-08,1.19439e-08,100.98,95.34,9541.15,9008.19,49.76,46.53
3.22538,3,0.1913,0.065,0.052,5.399,5.718,0.9883,0.00919,269.80,54.25,0.57269848,0.7273270696,2.30,1.787415e-08,1.250317e-08,1.741005e-08,1.194569e-08,101.26,95.09,9567.33,8984.55,49.92,46.39
3.22562,3,0.1913,0.065,0.052,5.399,5.718,0.9883,0.00919,269.80,54.25,0.57269752,0.7273258504,2.30,1.788501e-08,1.248569e-08,1.743622e-08,1.196235e-08,100.59,95.06,9503.81,8981.45,49.54,46.37
3.22587,3,0.1913,0.065,0.052,5.399,5.718,0.9883,0.00919,269.80,54.25,0.5726965199999999,0.7273245803999999,2.30,1.788994e-08,1.248815e-08,1.745879e-08,1.198297e-08,100.56,95.19,9501.34,8993.72,49.52,46.44
3.22613,3,0.1914,0.065,0.052,5.399,5.718,0.9883,0.00919,269.80,54.25,0.5726954799999999,0.7273232595999999,2.30,1.788164e-08,1.24818e-08,1.747775e-08,1.198093e-08,100.60,94.86,9504.90,8962.52,49.54,46.25
3.22637,3,0.1914,0.065,0.052,5.399,5.718,0.9883,0.00919,269.80,54.25,0.57269452,0.7273220404,2.30,1.787996e-08,1.2461e-08,1.74878e-08,1.199259e-08,100.07,94.98,9455.58,8973.87,49.24,46.32
3.22662,3,0.1914,0.065,0.052,5.399,5.718,0.9883,0.00919,269.80,54.25,0.57269352,0.7273207704,2.30,1.787173e-08,1.24499e-08,1.751064e-08,1.200114e-08,99.93,94.80,9442.16,8956.98,49.16,46.22
3.22688,3,0.1914,0.065,0.052,5.399,5.718,0.9883,0.00919,269.80,54.25,0.57269248,0.7273194496,2.30,1.786337e-08,1.244395e-08,1.752545e-08,1.20139e-08,99.93,94.86,9441.84,8963.17,49.16,46.26
3.22713,3,0.1915,0.065,0.052,5.399,5.718,0.9883,0.00919,269.80,54.25,0.5726914799999999,0.7273181795999999,2.30,1.787112e-08,1.242533e-08,1.752855e-08,1.203045e-08,99.35,95.28,9386.96,9002.17,48.83,46.49
3.22737,3,0.1915,0.065,0.052,5.399,5.718,0.9883,0.00919,269.80,54.25,0.57269052,0.7273169603999999,2.30,1.786312e-08,1.241645e-08,1.755463e-08,1.203083e-08,99.26,94.84,9378.74,8960.57,48.78,46.24
3.22763,3,0.1915,0.065,0.052,5.399,5.718,0.9883,0.00919,269.80,54.25,0.57268948,0.7273156396,2.30,1.783953e-08,1.239483e-08,1.755451e-08,1.203155e-08,99.12,94.86,9365.79,8962.47,48.70,46.25
3.22788,3,0.1916,0.065,0.052,5.399,5.718,0.9883,0.00919,269.80,54.25,0.5726884799999999,0.7273143696,2.30,1.782479e-08,1.238218e-08,1.757688e-08,1.205157e-08,99.11,95.02,9364.71,8978.25,48.69,46.35
3.22812,3,0.1916,0.065,0.052,5.399,5.718,0.9883,0.00919,269.80,54.25,0.57268752,0.7273131504,2.30,1.781231e-08,1.23652e-08,1.758614e-08,1.206135e-08,98.90,95.11,9344.15,8986.38,48.57,46.40
3.22838,3,0.1916,0.065,0.052,5.399,5.718,0.9883,0.00919,269.80,54.25,0.57268648,0.7273118296,2.30,1.780247e-08,1.234422e-08,1.760093e-08,1.205549e-08,98.53,94.71,9309.25,8948.57,48.35,46.17
3.22863,3,0.1916,0.065,0.052,5.399,5.718,0.9883,0.00919,269.80,54.25,0.57268548,0.7273105596,2.30,1.779917e-08,1.233046e-08,1.760415e-08,1.206775e-08,98.23,94.96,9281.09,8972.29,48.18,46.31
3.22887,3,0.1917,0.065,0.052,5.398,5.718,0.9883,0.00919,269.80,54.25,0.5726845199999999,0.7273093404,2.30,1.777365e-08,1.231404e-08,1.761669e-08,1.207307e-08,98.31,94.93,9289.02,8969.24,48.23,46.29
3.22912,3,0.1917,0.065,0.052,5.398,5.718,0.9883,0.00919,269.80,54.25,0.57268352,0.7273080704,2.30,1.77648e-08,1.230238e-08,1.762913e-08,1.208447e-08,98.17,95.00,9275.45,8976.02,48.15,46.33
3.22938,3,0.1917,0.065,0.052,5.398,5.718,0.9883,0.00919,269.80,54.25,0.57268248,0.7273067496,2.30,1.775562e-08,1.228352e-08,1.765652e-08,1.208216e-08,97.84,94.48,9244.85,8926.49,47.96,46.03
3.22962,3,0.1917,0.065,0.052,5.398,5.718,0.9883,0.00919,269.80,54.25,0.5726815199999999,0.7273055303999999,2.30,1.773627e-08,1.226831e-08,1.767451e-08,1.210519e-08,97.80,94.74,9240.40,8951.60,47.94,46.19
3.22987,3,0.1918,0.065,0.052,5.398,5.718,0.9883,0.00919,269.80,54.25,0.5726805199999999,0.7273042604,2.30,1.771062e-08,1.224432e-08,1.767187e-08,1.210593e-08,97.69,94.85,9229.94,8962.25,47.87,46.25
3.23013,3,0.1918,0.065,0.052,5.398,5.718,0.9883,0.00919,269.80,54.25,0.5726794799999999,0.7273029395999999,2.30,1.770079e-08,1.22324e-08,1.769165e-08,1.211822e-08,97.55,94.82,9217.43,8959.30,47.80,46.23
3.23037,3,0.1918,0.065,0.052,5.398,5.718,0.9883,0.00919,269.80,54.25,0.57267852,0.7273017204,2.30,1.768767e-08,1.222558e-08,1.769987e-08,1.212785e-08,97.61,94.92,9222.91,8968.68,47.83,46.29
3.23062,3,0.1919,0.065,0.052,5.398,5.718,0.9883,0.00919,269.80,54.25,0.5726775199999999,0.7273004503999999,2.30,1.767354e-08,1.221045e-08,1.771368e-08,1.213374e-08,97.52,94.88,9214.62,8964.97,47.78,46.27
3.23088,3,0.1919,0.065,0.052,5.398,5.718,0.9883,0.00919,269.80,54.25,0.5726764799999999,0.7272991295999999,2.30,1.76777e-08,1.219163e-08,1.774644e-08,1.215264e-08,96.97,94.79,9161.87,8956.69,47.46,46.22
3.23113,3,0.1919,0.065,0.052,5.398,5.718,0.9883,0.00919,269.80,54.25,0.57267548,0.7272978596,2.30,1.765785e-08,1.218279e-08,1.774807e-08,1.216068e-08,97.09,94.97,9173.64,8972.90,47.53,46.31
3.23137,3,0.1919,0.065,0.052,5.398,5.718,0.9883,0.00919,269.80,54.25,0.57267452,0.7272966404,2.30,1.765132e-08,1.216034e-08,1.778451e-08,1.21614e-08,96.63,94.37,9130.19,8916.43,47.27,45.97
3.23163,3,0.1920,0.065,0.052,5.398,5.718,0.9883,0.00919,269.80,54.25,0.57267348,0.7272953195999999,2.30,1.76469e-08,1.215599e-08,1.780508e-08,1.217757e-08,96.65,94.47,9131.79,8925.95,47.28,46.03
3.23188,3,0.1920,0.065,0.052,5.398,5.718,0.9883,0.00919,269.80,54.25,0.5726724799999999,0.7272940495999999,2.30,1.763443e-08,1.21467e-08,1.782456e-08,1.219656e-08,96.63,94.61,9130.10,8939.09,47.27,46.11
3.23212,3,0.1920,0.065,0.052,5.398,5.718,0.9883,0.00919,269.80,54.25,0.57267152,0.7272928304,2.30,1.762753e-08,1.214018e-08,1.785642e-08,1.219495e-08,96.58,94.04,9125.83,8885.07,47.24,45.78
3.23238,3,0.1921,0.065,0.052,5.398,5.718,0.9883,0.00919,269.80,54.25,0.57267048,0.7272915096,2.30,1.762376e-08,1.212392e-08,1.786824e-08,1.221355e-08,96.29,94.34,9097.65,8913.93,47.07,45.96
3.23263,3,0.1921,0.065,0.052,5.398,5.718,0.9883,0.00919,269.80,54.25,0.57266948,0.7272902395999999,2.30,1.762525e-08,1.211819e-08,1.788496e-08,1.222912e-08,96.12,94.44,9081.43,8923.48,46.97,46.01
3.23287,3,0.1921,0.065,0.052,5.398,5.718,0.9883,0.00919,269.81,54.25,0.5726685199999999,0.7272890203999999,2.30,1.762312e-08,1.210485e-08,1.792145e-08,1.224313e-08,95.81,94.18,9053.00,8898.33,46.80,45.86
3.23312,3,0.1921,0.065,0.052,5.398,5.718,0.9883,0.00919,269.81,54.25,0.57266752,0.7272877504,2.30,1.762855e-08,1.210204e-08,1.795212e-08,1.226434e-08,95.65,94.18,9037.41,8898.92,46.71,45.87
3.23338,3,0.1922,0.065,0.052,5.398,5.718,0.9883,0.00919,269.81,54.25,0.57266648,0.7272864296,2.30,1.761014e-08,1.210553e-08,1.797276e-08,1.227523e-08,96.11,94.15,9080.70,8896.21,46.97,45.85
3.23362,3,0.1922,0.065,0.052,5.398,5.718,0.9883,0.00919,269.81,54.25,0.5726655199999999,0.7272852103999999,2.30,1.762553e-08,1.20944e-08,1.800024e-08,1.229155e-08,95.56,94.10,9028.85,8890.62,46.65,45.82
3.23387,3,0.1922,0.065,0.052,5.398,5.718,0.9883,0.00919,269.81,54.25,0.57266452,0.7272839404,2.30,1.762051e-08,1.208544e-08,1.803966e-08,1.23082e-08,95.42,93.85,9015.74,8867.30,46.57,45.67
3.23413,3,0.1922,0.065,0.052,5.398,5.718,0.9883,0.00919,269.81,54.25,0.57266348,0.7272826196000001,2.30,1.762013e-08,1.207515e-08,1.805864e-08,1.233412e-08,95.17,94.16,8991.97,8896.75,46.43,45.85
3.23438,3,0.1923,0.065,0.052,5.398,5.718,0.9883,0.00919,269.81,54.25,0.57266248,0.7272813496,2.30,1.762128e-08,1.207063e-08,1.80937e-08,1.233428e-08,95.08,93.64,8984.09,8847.55,46.38,45.55
3.23462,3,0.1923,0.065,0.052,5.398,5.718,0.9883,0.00919,269.81,54.25,0.5726615199999999,0.7272801304,2.30,1.762113e-08,1.20691e-08,1.813038e-08,1.236027e-08,95.05,93.66,8980.72,8849.77,46.36,45.57
3.23488,3,0.1923,0.065,0.052,5.398,5.718,0.9883,0.00919,269.81,54.25,0.5726604799999999,0.7272788095999999,2.30,1.764183e-08,1.206083e-08,1.817422e-08,1.238122e-08,94.49,93.45,8927.98,8829.74,46.04,45.45
3.23513,3,0.1924,0.065,0.052,5.397,5.718,0.9883,0.00919,269.81,54.25,0.57265948,0.7272775396,2.30,1.764311e-08,1.205828e-08,1.81688e-08,1.23915e-08,94.46,93.83,8924.61,8865.69,46.02,45.66
3.23537,3,0.1924,0.065,0.052,5.397,5.718,0.9883,0.00919,269.81,54.25,0.57265852,0.7272763203999999,2.30,1.764491e-08,1.204826e-08,1.821251e-08,1.241065e-08,94.18,93.58,8898.36,8841.80,45.86,45.52
3.23563,3,0.1924,0.065,0.052,5.397,5.718,0.9883,0.00919,269.81,54.25,0.5726574799999999,0.7272749996,2.30,1.765025e-08,1.205039e-08,1.824654e-08,1.243262e-08,94.14,93.55,8894.83,8839.08,45.84,45.50
3.23588,3,0.1924,0.065,0.052,5.397,5.718,0.9883,0.00919,269.81,54.25,0.5726564799999999,0.7272737295999999,2.30,1.764724e-08,1.204406e-08,1.829365e-08,1.244257e-08,94.03,93.03,8884.89,8789.98,45.78,45.20
3.23612,3,0.1925,0.065,0.052,5.397,5.718,0.9883,0.00919,269.81,54.25,0.57265552,0.7272725104,2.30,1.764835e-08,1.204143e-08,1.83301e-08,1.246382e-08,94.00,93.00,8881.64,8786.74,45.76,45.18
3.23637,3,0.1925,0.065,0.052,5.397,5.718,0.9883,0.00919,269.81,54.25,0.57265452,0.7272712403999999,2.30,1.765654e-08,1.202847e-08,1.835951e-08,1.248381e-08,93.55,93.00,8838.74,8786.72,45.50,45.18
3.23663,3,0.1925,0.065,0.052,5.397,5.718,0.9883,0.00919,269.81,54.25,0.5726534799999999,0.7272699196,2.30,1.764363e-08,1.202203e-08,1.83866e-08,1.250787e-08,93.60,93.13,8844.17,8799.12,45.53,45.26
3.23687,3,0.1925,0.065,0.052,5.397,5.718,0.9883,0.00919,269.81,54.25,0.57265252,0.7272687004,2.30,1.764092e-08,1.201162e-08,1.840889e-08,1.251413e-08,93.39,92.92,8824.43,8779.58,45.41,45.14
3.23712,3,0.1926,0.065,0.052,5.397,5.718,0.9883,0.00919,269.81,54.25,0.57265152,0.7272674304,2.30,1.763849e-08,1.201299e-08,1.844395e-08,1.252195e-08,93.52,92.60,8835.98,8749.20,45.48,44.96
3.23738,3,0.1926,0.065,0.052,5.397,5.718,0.9883,0.00919,269.81,54.25,0.57265048,0.7272661095999999,2.30,1.762887e-08,1.199732e-08,1.84823e-08,1.254556e-08,93.29,92.54,8814.97,8743.93,45.36,44.92
3.23762,3,0.1926,0.065,0.052,5.397,5.718,0.9883,0.00919,269.81,54.25,0.5726495199999999,0.7272648903999999,2.30,1.762563e-08,1.199717e-08,1.850095e-08,1.256548e-08,93.35,92.71,8819.70,8759.69,45.38,45.02
3.23787,3,0.1927,0.065,0.052,5.397,5.718,0.9883,0.00919,269.81,54.25,0.57264852,0.7272636204,2.30,1.76102e-08,1.198996e-08,1.853672e-08,1.257374e-08,93.47,92.39,8831.88,8729.54,45.46,44.84
3.23813,3,0.1927,0.065,0.052,5.397,5.718,0.9883,0.00919,269.81,54.25,0.57264748,0.7272622996,2.30,1.761419e-08,1.196727e-08,1.856426e-08,1.258503e-08,92.86,92.22,8773.51,8713.63,45.10,44.74
3.23838,3,0.1927,0.065,0.052,5.397,5.718,0.9883,0.00919,269.81,54.25,0.57264648,0.7272610295999999,2.30,1.758933e-08,1.195265e-08,1.859594e-08,1.259832e-08,92.91,92.04,8778.71,8696.09,45.14,44.63
3.23862,3,0.1927,0.065,0.052,5.397,5.718,0.9883,0.00919,269.81,54.25,0.5726455199999999,0.7272598103999999,2.30,1.758377e-08,1.194181e-08,1.859457e-08,1.262e-08,92.74,92.55,8762.54,8744.66,45.04,44.93
3.23888,3,0.1928,0.064,0.052,5.397,5.718,0.9883,0.00919,269.81,54.25,0.57264448,0.7272584896000001,2.30,1.756914e-08,1.193039e-08,1.861646e-08,1.261706e-08,92.75,92.19,8763.49,8710.75,45.04,44.72
3.23913,3,0.1928,0.064,0.052,5.397,5.718,0.9883,0.00919,269.81,54.25,0.57264348,0.7272572196,2.30,1.75544e-08,1.191624e-08,1.864909e-08,1.263138e-08,92.65,92.02,8754.01,8694.11,44.99,44.62
3.23937,3,0.1928,0.064,0.052,5.397,5.718,0.9883,0.00919,269.81,54.25,0.5726425199999999,0.7272560003999999,2.30,1.753589e-08,1.190436e-08,1.867456e-08,1.264679e-08,92.67,91.97,8755.58,8690.19,44.99,44.60
3.23963,3,0.1928,0.064,0.052,5.397,5.718,0.9883,0.00919,269.81,54.25,0.5726414799999999,0.7272546795999999,2.30,1.751256e-08,1.187756e-08,1.869335e-08,1.26507e-08,92.40,91.78,8730.49,8671.47,44.84,44.48
3.23988,3,0.1929,0.064,0.052,5.397,5.718,0.9883,0.00919,269.81,54.25,0.57264048,0.7272534096000001,2.30,1.748343e-08,1.18622e-08,1.869835e-08,1.264973e-08,92.56,91.73,8745.09,8666.74,44.93,44.46
3.24012,3,0.1929,0.064,0.052,5.397,5.718,0.9883,0.00919,269.81,54.25,0.57263952,0.7272521904,2.30,1.745811e-08,1.184245e-08,1.872555e-08,1.265811e-08,92.49,91.50,8739.19,8645.58,44.90,44.33
3.24037,3,0.1929,0.064,0.052,5.397,5.718,0.9883,0.00919,269.81,54.25,0.5726385199999999,0.7272509204,2.30,1.744349e-08,1.182748e-08,1.87237e-08,1.266129e-08,92.37,91.60,8727.60,8654.92,44.82,44.38
3.24063,3,0.1930,0.064,0.052,5.397,5.718,0.9883,0.00919,269.81,54.25,0.5726374799999999,0.7272495995999999,2.30,1.74164e-08,1.17941e-08,1.873679e-08,1.26732e-08,92.05,91.72,8697.74,8665.87,44.64,44.45
3.24087,3,0.1930,0.064,0.052,5.397,5.718,0.9883,0.00919,269.81,54.25,0.57263652,0.7272483804,2.30,1.738797e-08,1.177687e-08,1.874402e-08,1.2663e-08,92.10,91.38,8702.37,8634.07,44.67,44.26
3.24112,3,0.1930,0.064,0.052,5.397,5.718,0.9883,0.00919,269.81,54.25,0.57263552,0.7272471103999999,2.30,1.736463e-08,1.175616e-08,1.874551e-08,1.26649e-08,91.98,91.40,8691.14,8635.95,44.60,44.27
3.24138,3,0.1930,0.064,0.052,5.397,5.718,0.9883,0.00919,269.81,54.25,0.57263448,0.7272457896,2.30,1.732187e-08,1.173508e-08,1.874582e-08,1.266759e-08,92.18,91.46,8709.22,8641.17,44.71,44.30
3.24162,3,0.1931,0.064,0.052,5.396,5.718,0.9883,0.00919,269.81,54.25,0.57263352,0.7272445704,2.30,1.729147e-08,1.171373e-08,1.875985e-08,1.265615e-08,92.21,91.04,8711.99,8601.79,44.73,44.06
3.24187,3,0.1931,0.064,0.052,5.396,5.718,0.9883,0.00919,269.81,54.25,0.57263252,0.7272433004,2.30,1.726626e-08,1.169792e-08,1.875802e-08,1.266161e-08,92.24,91.19,8714.92,8615.79,44.75,44.15
3.24213,3,0.1931,0.064,0.052,5.396,5.718,0.9883,0.00919,269.81,54.25,0.57263148,0.7272419795999999,2.30,1.723033e-08,1.165914e-08,1.876273e-08,1.265095e-08,91.88,90.88,8681.59,8586.89,44.55,43.97
3.24238,3,0.1932,0.064,0.052,5.396,5.718,0.9883,0.00919,269.81,54.25,0.5726304799999999,0.7272407096,2.30,1.719531e-08,1.16418e-08,1.875933e-08,1.264574e-08,92.09,90.86,8700.77,8585.26,44.66,43.96
3.24262,3,0.1932,0.064,0.052,5.396,5.718,0.9883,0.00919,269.81,54.25,0.57262952,0.7272394904,2.30,1.716972e-08,1.161435e-08,1.873959e-08,1.263431e-08,91.84,90.91,8677.35,8589.17,44.52,43.98
3.24288,3,0.1932,0.064,0.052,5.396,5.718,0.9883,0.00919,269.81,54.25,0.57262848,0.7272381696,2.30,1.71447e-08,1.159405e-08,1.873777e-08,1.262676e-08,91.76,90.77,8669.55,8575.99,44.47,43.90
3.24313,3,0.1932,0.064,0.052,5.396,5.718,0.9883,0.00919,269.81,54.25,0.57262748,0.7272368995999999,2.30,1.710349e-08,1.157052e-08,1.874052e-08,1.262871e-08,91.86,90.77,8679.60,8576.19,44.53,43.91
3.24337,3,0.1933,0.064,0.052,5.396,5.718,0.9883,0.00919,269.81,54.25,0.5726265199999999,0.7272356803999999,2.30,1.70862e-08,1.154385e-08,1.873777e-08,1.261755e-08,91.54,90.61,8649.41,8561.27,44.35,43.82
3.24363,3,0.1933,0.064,0.052,5.396,5.718,0.9883,0.00919,269.81,54.25,0.5726254799999999,0.7272343595999999,2.30,1.705176e-08,1.152834e-08,1.87291e-08,1.260099e-08,91.73,90.37,8667.40,8539.02,44.46,43.68
3.24388,3,0.1933,0.064,0.052,5.396,5.718,0.9883,0.00919,269.81,54.25,0.57262448,0.7272330896,2.30,1.702059e-08,1.149537e-08,1.87093e-08,1.259663e-08,91.44,90.57,8639.79,8557.63,44.29,43.79
3.24412,3,0.1933,0.064,0.052,5.396,5.718,0.9883,0.00919,269.81,54.25,0.5726235199999999,0.7272318703999999,2.30,1.699389e-08,1.147313e-08,1.871375e-08,1.258303e-08,91.34,90.21,8630.04,8523.22,44.23,43.58
3.24437,3,0.1934,0.064,0.052,5.396,5.718,0.9883,0.00919,269.81,54.25,0.5726225199999999,0.7272306003999999,2.30,1.695559e-08,1.145196e-08,1.872267e-08,1.259115e-08,91.50,90.30,8645.40,8532.02,44.33,43.64
3.24463,3,0.1934,0.064,0.052,5.396,5.718,0.9883,0.00919,269.81,54.25,0.5726214799999999,0.7272292796,2.30,1.6947e-08,1.144468e-08,1.869891e-08,1.257492e-08,91.46,90.29,8641.96,8531.50,44.30,43.63
3.24487,3,0.1934,0.064,0.052,5.396,5.718,0.9883,0.00919,269.81,54.25,0.57262052,0.7272280604,2.30,1.691431e-08,1.141652e-08,1.868364e-08,1.256089e-08,91.31,90.21,8627.80,8523.70,44.22,43.59
3.24512,3,0.1935,0.064,0.052,5.396,5.718,0.9883,0.00919,269.81,54.25,0.5726195199999999,0.7272267903999999,2.30,1.689712e-08,1.140241e-08,1.868383e-08,1.255089e-08,91.30,90.04,8626.42,8507.16,44.21,43.49
3.24538,3,0.1935,0.064,0.052,5.396,5.718,0.9883,0.00919,269.81,54.25,0.5726184799999999,0.7272254695999999,2.30,1.687204e-08,1.139275e-08,1.869258e-08,1.255423e-08,91.48,89.98,8643.37,8501.93,44.31,43.46
3.24562,3,0.1935,0.064,0.052,5.396,5.718,0.9883,0.00919,269.81,54.25,0.57261752,0.7272242504,2.30,1.686777e-08,1.137651e-08,1.867138e-08,1.254075e-08,91.15,90.00,8612.24,8503.49,44.12,43.46
3.24587,3,0.1935,0.064,0.052,5.396,5.718,0.9883,0.00919,269.81,54.25,0.57261652,0.7272229804,2.30,1.684396e-08,1.136491e-08,1.866308e-08,1.253577e-08,91.26,90.01,8622.63,8504.72,44.19,43.47
3.24613,3,0.1936,0.064,0.052,5.396,5.718,0.9883,0.00919,269.81,54.25,0.57261548,0.7272216596,2.30,1.681558e-08,1.135336e-08,1.866653e-08,1.253085e-08,91.49,89.90,8644.87,8494.17,44.32,43.41
3.24638,3,0.1936,0.064,0.052,5.396,5.718,0.9883,0.00919,269.81,54.25,0.5726144799999999,0.7272203895999999,2.30,1.681749e-08,1.134096e-08,1.86467e-08,1.252518e-08,91.16,90.07,8612.86,8509.97,44.13,43.50
3.24662,3,0.1936,0.064,0.052,5.396,5.718,0.9883,0.00919,269.81,54.25,0.57261352,0.7272191704,2.30,1.680144e-08,1.133495e-08,1.865771e-08,1.251975e-08,91.27,89.79,8624.11,8483.50,44.20,43.34
3.24688,3,0.1936,0.064,0.052,5.396,5.718,0.9883,0.00919,269.81,54.25,0.57261248,0.7272178496,2.30,1.679698e-08,1.132569e-08,1.86663e-08,1.252267e-08,91.12,89.72,8609.51,8477.64,44.11,43.31
3.24713,3,0.1937,0.064,0.051,5.396,5.718,0.9883,0.00919,269.81,54.25,0.57261148,0.7272165796,2.30,1.678706e-08,1.131439e-08,1.864804e-08,1.252943e-08,91.06,90.19,8603.38,8521.50,44.07,43.57
3.24737,3,0.1937,0.064,0.051,5.396,5.718,0.9883,0.00919,269.81,54.25,0.57261052,0.7272153604,2.30,1.678591e-08,1.13027e-08,1.866155e-08,1.253527e-08,90.79,90.12,8577.97,8514.79,43.92,43.53
3.24763,3,0.1937,0.064,0.051,5.396,5.718,0.9883,0.00919,269.81,54.25,0.57260948,0.7272140396,2.30,1.679996e-08,1.131001e-08,1.866928e-08,1.252819e-08,90.73,89.85,8572.98,8489.46,43.89,43.38
3.24788,3,0.1938,0.064,0.051,5.395,5.718,0.9883,0.00919,269.81,54.25,0.57260848,0.7272127696,2.30,1.680568e-08,1.131137e-08,1.868104e-08,1.252028e-08,90.72,89.55,8571.63,8461.38,43.88,43.21
3.24812,3,0.1938,0.064,0.051,5.395,5.718,0.9883,0.00919,269.81,54.25,0.5726075199999999,0.7272115504,2.30,1.681095e-08,1.130631e-08,1.867384e-08,1.25425e-08,90.51,90.14,8551.72,8517.07,43.76,43.55
3.24837,3,0.1938,0.064,0.051,5.395,5.718,0.9883,0.00919,269.81,54.25,0.57260652,0.7272102804,2.30,1.682065e-08,1.130581e-08,1.868765e-08,1.254699e-08,90.34,90.04,8535.52,8507.19,43.66,43.49
3.24863,3,0.1938,0.064,0.051,5.395,5.718,0.9883,0.00919,269.81,54.25,0.57260548,0.7272089596,2.30,1.682855e-08,1.131576e-08,1.869851e-08,1.25491e-08,90.45,89.92,8546.21,8496.51,43.72,43.42
3.24887,3,0.1939,0.064,0.051,5.395,5.718,0.9883,0.00919,269.81,54.25,0.57260452,0.7272077403999999,2.30,1.684321e-08,1.131304e-08,1.871179e-08,1.25545e-08,90.19,89.89,8521.70,8493.67,43.57,43.40
3.24912,3,0.1939,0.064,0.051,5.395,5.718,0.9883,0.00919,269.81,54.25,0.5726035199999999,0.7272064703999999,2.30,1.684497e-08,1.132572e-08,1.873951e-08,1.255769e-08,90.47,89.56,8548.13,8462.11,43.73,43.21
3.24938,3,0.1939,0.064,0.051,5.395,5.718,0.9883,0.00919,269.81,54.25,0.5726024799999999,0.7272051495999999,2.30,1.685238e-08,1.13332e-08,1.875086e-08,1.256837e-08,90.53,89.63,8553.88,8468.39,43.77,43.25
3.24962,3,0.1939,0.064,0.051,5.395,5.718,0.9883,0.00919,269.81,54.25,0.57260152,0.7272039304,2.30,1.687265e-08,1.134192e-08,1.87584e-08,1.257906e-08,90.41,89.75,8542.59,8479.91,43.70,43.32
3.24987,3,0.1940,0.064,0.051,5.395,5.718,0.9883,0.00919,269.81,54.25,0.57260052,0.7272026603999999,2.30,1.687532e-08,1.135167e-08,1.87747e-08,1.258088e-08,90.65,89.60,8565.31,8465.68,43.84,43.23
3.25013,3,0.1940,0.064,0.051,5.395,5.718,0.9883,0.00919,269.81,54.25,0.5725994799999999,0.7272013395999999,2.30,1.688461e-08,1.13627e-08,1.878858e-08,1.260165e-08,90.77,89.85,8576.33,8489.10,43.91,43.38
3.25038,3,0.1940,0.064,0.051,5.395,5.718,0.9883,0.00919,269.81,54.25,0.5725984799999999,0.7272000695999999,2.30,1.690511e-08,1.137189e-08,1.881605e-08,1.260829e-08,90.66,89.59,8565.72,8465.07,43.84,43.23
3.25062,3,0.1941,0.064,0.051,5.395,5.718,0.9883,0.00919,269.81,54.25,0.57259752,0.7271988504,2.30,1.692622e-08,1.138098e-08,1.882912e-08,1.263122e-08,90.58,89.94,8558.39,8498.33,43.80,43.43
3.25088,3,0.1941,0.064,0.051,5.395,5.718,0.9883,0.00919,269.81,54.25,0.57259648,0.7271975296,2.30,1.694863e-08,1.139927e-08,1.885564e-08,1.263575e-08,90.66,89.66,8565.78,8471.32,43.84,43.27
3.25113,3,0.1941,0.064,0.051,5.395,5.718,0.9883,0.00919,269.81,54.25,0.5725954799999999,0.7271962595999999,2.30,1.696677e-08,1.14101e-08,1.887831e-08,1.264963e-08,90.62,89.63,8562.64,8468.66,43.82,43.25
3.25137,3,0.1941,0.064,0.051,5.395,5.718,0.9883,0.00919,269.81,54.25,0.57259452,0.7271950404,2.30,1.698366e-08,1.142068e-08,1.88904e-08,1.265831e-08,90.61,89.64,8560.86,8469.84,43.81,43.26
3.25163,3,0.1942,0.064,0.051,5.395,5.718,0.9883,0.00919,269.81,54.25,0.57259348,0.7271937196,2.30,1.70151e-08,1.143712e-08,1.891065e-08,1.268472e-08,90.54,89.96,8554.53,8500.28,43.77,43.44
3.25188,3,0.1942,0.064,0.051,5.395,5.718,0.9883,0.00919,269.81,54.25,0.57259248,0.7271924496,2.30,1.703155e-08,1.145015e-08,1.894329e-08,1.269767e-08,90.59,89.77,8559.03,8482.13,43.80,43.33
3.25212,3,0.1942,0.064,0.051,5.395,5.718,0.9883,0.00919,269.81,54.25,0.5725915199999999,0.7271912303999999,2.30,1.706517e-08,1.147113e-08,1.8952e-08,1.2694e-08,90.55,89.57,8555.34,8462.91,43.78,43.22
3.25237,3,0.1943,0.064,0.051,5.395,5.718,0.9883,0.00919,269.81,54.25,0.57259052,0.7271899604,2.30,1.710075e-08,1.14686e-08,1.897634e-08,1.271664e-08,89.96,89.75,8499.95,8480.06,43.44,43.32
3.25263,3,0.1943,0.064,0.051,5.395,5.718,0.9883,0.00919,269.81,54.25,0.57258948,0.7271886396,2.30,1.710963e-08,1.149686e-08,1.90012e-08,1.272383e-08,90.49,89.55,8550.31,8460.97,43.75,43.21
3.25287,3,0.1943,0.064,0.051,5.395,5.718,0.9883,0.00919,269.81,54.25,0.5725885199999999,0.7271874204,2.30,1.713071e-08,1.151242e-08,1.902488e-08,1.275083e-08,90.53,89.79,8553.47,8483.41,43.77,43.34
3.25312,3,0.1943,0.064,0.051,5.395,5.718,0.9883,0.00919,269.81,54.25,0.5725875199999999,0.7271861503999999,2.30,1.716483e-08,1.152096e-08,1.905982e-08,1.275427e-08,90.18,89.36,8521.02,8443.31,43.57,43.10
3.25338,3,0.1944,0.064,0.051,5.394,5.718,0.9883,0.00919,269.81,54.25,0.57258648,0.7271848296,2.30,1.720042e-08,1.153619e-08,1.907218e-08,1.277027e-08,90.02,89.57,8505.99,8463.14,43.48,43.22
3.25362,3,0.1944,0.064,0.051,5.394,5.718,0.9883,0.00919,269.81,54.25,0.57258552,0.7271836104,2.30,1.721252e-08,1.154742e-08,1.909656e-08,1.278401e-08,90.10,89.52,8512.97,8457.96,43.52,43.19
3.25387,3,0.1944,0.064,0.051,5.394,5.718,0.9883,0.00919,269.81,54.25,0.5725845199999999,0.7271823404,2.30,1.723562e-08,1.156106e-08,1.911649e-08,1.27912e-08,90.05,89.39,8508.81,8445.67,43.49,43.11
3.25413,3,0.1944,0.064,0.051,5.394,5.718,0.9883,0.00919,269.81,54.25,0.5725834799999999,0.7271810195999999,2.30,1.725543e-08,1.157736e-08,1.912473e-08,1.280631e-08,90.13,89.59,8515.54,8464.85,43.54,43.23
3.25438,3,0.1945,0.064,0.051,5.394,5.718,0.9883,0.00919,269.81,54.25,0.57258248,0.7271797496,2.30,1.730394e-08,1.158308e-08,1.91577e-08,1.281222e-08,89.54,89.29,8460.37,8436.97,43.20,43.06
3.25462,3,0.1945,0.064,0.051,5.394,5.718,0.9883,0.00919,269.81,54.25,0.57258152,0.7271785303999999,2.30,1.72985e-08,1.159118e-08,1.915731e-08,1.283118e-08,89.82,89.70,8486.37,8475.30,43.36,43.29
3.25488,3,0.1945,0.064,0.051,5.394,5.718,0.9883,0.00919,269.81,54.25,0.57258048,0.7271772096,2.30,1.732751e-08,1.161126e-08,1.918049e-08,1.283195e-08,89.83,89.39,8487.80,8445.89,43.37,43.11
3.25513,3,0.1946,0.064,0.051,5.394,5.718,0.9883,0.00919,269.81,54.25,0.5725794799999999,0.7271759395999999,2.30,1.732406e-08,1.161499e-08,1.917668e-08,1.283815e-08,90.02,89.62,8505.57,8467.67,43.47,43.25
3.25537,3,0.1946,0.064,0.051,5.394,5.718,0.9883,0.00919,269.81,54.25,0.57257852,0.7271747204,2.30,1.735887e-08,1.162549e-08,1.920955e-08,1.285378e-08,89.72,89.48,8477.16,8454.98,43.30,43.17
3.25563,3,0.1946,0.064,0.051,5.394,5.718,0.9883,0.00919,269.81,54.25,0.57257748,0.7271733995999999,2.30,1.736947e-08,1.163085e-08,1.922036e-08,1.286239e-08,89.68,89.51,8473.33,8457.72,43.28,43.18
3.25588,3,0.1946,0.064,0.051,5.394,5.718,0.9883,0.00919,269.81,54.25,0.5725764799999999,0.7271721295999999,2.30,1.738628e-08,1.164302e-08,1.922078e-08,1.285787e-08,89.70,89.41,8475.34,8448.18,43.29,43.13
3.25612,3,0.1947,0.064,0.051,5.394,5.718,0.9883,0.00919,269.81,54.25,0.57257552,0.7271709104,2.30,1.738806e-08,1.164563e-08,1.923496e-08,1.286963e-08,89.78,89.51,8482.82,8457.04,43.34,43.18
3.25637,3,0.1947,0.064,0.051,5.394,5.718,0.9883,0.00919,269.81,54.25,0.57257452,0.7271696404,2.30,1.746915e-08,1.165589e-08,1.923402e-08,1.28708e-08,88.76,89.54,8386.85,8460.61,42.75,43.20
3.25663,3,0.1947,0.064,0.051,5.394,5.718,0.9883,0.00919,269.81,54.25,0.57257348,0.7271683196,2.30,1.743542e-08,1.166011e-08,1.924937e-08,1.287277e-08,89.38,89.37,8445.01,8444.15,43.11,43.10
3.25687,3,0.1947,0.064,0.051,5.394,5.718,0.9883,0.00920,269.81,54.25,0.5725725199999999,0.7271671003999999,2.30,1.743624e-08,1.165368e-08,1.922048e-08,1.287559e-08,89.22,89.84,8429.77,8488.21,43.01,43.37
3.25712,3,0.1948,0.063,0.051,5.394,5.718,0.9883,0.00920,269.81,54.25,0.57257152,0.7271658304,2.30,1.743939e-08,1.165949e-08,1.922691e-08,1.288651e-08,89.35,90.02,8442.00,8505.60,43.09,43.47
3.25738,3,0.1948,0.063,0.051,5.394,5.718,0.9883,0.00920,269.81,54.25,0.57257048,0.7271645096,2.30,1.745321e-08,1.167366e-08,1.923251e-08,1.288755e-08,89.46,89.96,8452.77,8500.17,43.15,43.44
3.25762,3,0.1948,0.063,0.051,5.394,5.718,0.9883,0.00920,269.81,54.25,0.5725695199999999,0.7271632903999999,2.30,1.745376e-08,1.167181e-08,1.923189e-08,1.289041e-08,89.41,90.03,8447.92,8506.72,43.12,43.48
3.25787,3,0.1949,0.063,0.051,5.394,5.718,0.9883,0.00920,269.81,54.25,0.5725685199999999,0.7271620203999999,2.30,1.746124e-08,1.167471e-08,1.922942e-08,1.288832e-08,89.41,90.07,8447.67,8510.22,43.12,43.50
3.25813,3,0.1949,0.063,0.051,5.394,5.718,0.9883,0.00920,269.82,54.25,0.5725674799999999,0.7271606995999998,2.30,1.746194e-08,1.167502e-08,1.923406e-08,1.289137e-08,89.40,90.07,8447.32,8510.10,43.12,43.50
3.25838,3,0.1949,0.063,0.051,5.394,5.718,0.9883,0.00920,269.82,54.25,0.57256648,0.7271594296,2.30,1.758692e-08,1.168152e-08,1.922818e-08,1.289278e-08,87.66,90.18,8282.45,8520.82,42.12,43.57
3.25862,3,0.1949,0.063,0.051,5.394,5.718,0.9883,0.00920,269.82,54.25,0.5725655199999999,0.7271582104,2.30,1.747613e-08,1.168055e-08,1.9207e-08,1.289944e-08,89.31,90.63,8438.70,8562.85,43.07,43.82
3.25888,3,0.1950,0.063,0.051,5.394,5.718,0.9883,0.00920,269.82,54.25,0.5725644799999999,0.7271568895999999,2.30,1.746832e-08,1.167589e-08,1.920773e-08,1.289747e-08,89.37,90.62,8444.25,8562.27,43.10,43.82
3.25913,3,0.1950,0.063,0.051,5.394,5.718,0.9883,0.00920,269.82,54.25,0.57256348,0.7271556196000001,2.30,1.746212e-08,1.1675e-08,1.920384e-08,1.290588e-08,89.45,90.86,8451.35,8584.59,43.14,43.95
3.25937,3,0.1950,0.063,0.051,5.394,5.718,0.9883,0.00920,269.82,54.25,0.57256252,0.7271544004,2.30,1.749448e-08,1.168364e-08,1.920456e-08,1.290682e-08,89.15,90.87,8423.08,8585.51,42.97,43.96
3.25963,3,0.1951,0.063,0.051,5.420,5.718,0.9883,0.00920,269.82,54.25,0.57256148,0.7271530796,2.30,1.745741e-08,1.168344e-08,1.919768e-08,1.291371e-08,89.76,91.16,8481.07,8613.33,43.32,44.13
3.25988,3,0.1951,0.063,0.051,5.420,5.718,0.9883,0.00920,269.82,54.25,0.5725604799999999,0.7271518095999999,2.30,1.745321e-08,1.168092e-08,1.920036e-08,1.29207e-08,89.77,91.27,8481.71,8623.91,43.33,44.19
3.26012,3,0.1951,0.063,0.051,5.420,5.718,0.9883,0.00920,269.82,54.25,0.57255952,0.7271505904,2.30,1.746448e-08,1.1679e-08,1.92165e-08,1.292241e-08,89.55,91.08,8460.98,8605.28,43.20,44.08
3.26037,3,0.1951,0.063,0.051,5.420,5.718,0.9883,0.00920,269.82,54.25,0.57255852,0.7271493203999999,2.30,1.769842e-08,1.168044e-08,1.922037e-08,1.293246e-08,86.10,91.24,8135.10,8620.43,41.23,44.17
3.26063,3,0.1952,0.063,0.051,5.420,5.718,0.9883,0.00920,269.82,54.25,0.57255748,0.7271479996,2.30,1.747552e-08,1.167891e-08,1.920441e-08,1.293636e-08,89.42,91.60,8448.99,8654.79,43.13,44.38
3.26087,3,0.1952,0.063,0.051,5.420,5.718,0.9883,0.00920,269.82,54.25,0.57255652,0.7271467804,2.30,1.74432e-08,1.168134e-08,1.920681e-08,1.293269e-08,89.98,91.49,8501.72,8643.96,43.45,44.31
3.26112,3,0.1952,0.063,0.051,5.420,5.718,0.9883,0.00920,269.82,54.25,0.57255552,0.7271455104,2.30,1.746326e-08,1.166472e-08,1.92226e-08,1.29469e-08,89.28,91.56,8435.92,8651.28,43.05,44.36
3.26138,3,0.1952,0.063,0.051,5.420,5.718,0.9883,0.00920,269.82,54.25,0.57255448,0.7271441895999999,2.30,1.751935e-08,1.168148e-08,1.923074e-08,1.294956e-08,88.81,91.50,8391.13,8645.51,42.78,44.32
3.26162,3,0.1953,0.063,0.051,5.420,5.718,0.9883,0.00920,269.82,54.25,0.5725535199999999,0.7271429703999999,2.30,1.743756e-08,1.1681e-08,1.922974e-08,1.296573e-08,90.11,91.91,8513.66,8684.48,43.52,44.56
3.26187,3,0.1953,0.063,0.051,5.420,5.718,0.9883,0.00920,269.82,54.25,0.57255252,0.7271417004,2.30,1.743894e-08,1.168082e-08,1.925159e-08,1.297724e-08,90.08,91.84,8511.22,8677.86,43.51,44.52
3.26213,3,0.1953,0.063,0.051,5.420,5.718,0.9883,0.00920,269.82,54.25,0.57255148,0.7271403796,2.30,1.746768e-08,1.168227e-08,1.926614e-08,1.29815e-08,89.67,91.72,8472.12,8666.50,43.27,44.45
3.26238,3,0.1954,0.063,0.051,5.420,5.718,0.9883,0.00920,269.82,54.25,0.57255048,0.7271391095999999,2.30,1.788631e-08,1.168219e-08,1.929832e-08,1.299711e-08,83.66,91.64,7904.34,8658.53,39.83,44.40
3.26262,3,0.1954,0.063,0.051,5.420,5.718,0.9883,0.00920,269.82,54.25,0.5725495199999999,0.7271378903999999,2.30,1.745025e-08,1.167747e-08,1.932007e-08,1.301425e-08,89.87,91.69,8491.51,8663.61,43.39,44.43
3.26288,3,0.1954,0.063,0.051,5.420,5.718,0.9883,0.00920,269.82,54.25,0.5725484799999999,0.7271365696,2.30,1.74825e-08,1.168806e-08,1.932305e-08,1.301986e-08,89.62,91.77,8467.44,8670.96,43.24,44.47
3.26313,3,0.1954,0.063,0.051,5.420,5.718,0.9883,0.00920,269.82,54.25,0.57254748,0.7271352996,2.30,1.75105e-08,1.168477e-08,1.932329e-08,1.303415e-08,89.11,92.08,8419.59,8699.87,42.95,44.65
3.26337,3,0.1955,0.063,0.051,5.420,5.718,0.9883,0.00920,269.82,54.25,0.57254652,0.7271340803999999,2.30,1.761388e-08,1.168576e-08,1.935083e-08,1.305637e-08,87.62,92.20,8279.11,8711.79,42.10,44.72
3.26363,3,0.1955,0.063,0.051,5.420,5.718,0.9883,0.00920,269.82,54.25,0.5725454799999999,0.7271327595999999,2.30,1.747958e-08,1.168273e-08,1.937257e-08,1.307318e-08,89.58,92.25,8464.39,8716.18,43.22,44.75
3.26388,3,0.1955,0.063,0.051,5.420,5.718,0.9883,0.00920,269.82,54.25,0.5725444799999999,0.7271314895999998,2.30,1.744318e-08,1.168963e-08,1.941565e-08,1.30885e-08,90.31,91.95,8533.13,8688.11,43.64,44.58
3.26412,3,0.1955,0.063,0.051,5.420,5.718,0.9883,0.00920,269.82,54.25,0.57254352,0.7271302704,2.30,1.748331e-08,1.169242e-08,1.942998e-08,1.309806e-08,89.75,91.95,8480.13,8687.91,43.32,44.58
3.26437,3,0.1956,0.063,0.051,5.419,5.718,0.9883,0.00920,269.82,54.25,0.5725425199999999,0.7271290004,2.30,1.818047e-08,1.169561e-08,1.948935e-08,1.311809e-08,80.21,91.57,7578.58,8651.89,37.85,44.36
3.26463,3,0.1956,0.063,0.051,5.419,5.718,0.9883,0.00920,269.82,54.25,0.5725414799999999,0.7271276795999999,2.30,1.749515e-08,1.169656e-08,1.94768e-08,1.313688e-08,89.71,92.15,8476.20,8707.11,43.29,44.69
3.26487,3,0.1956,0.063,0.051,5.419,5.718,0.9883,0.00920,269.82,54.25,0.57254052,0.7271264604,2.30,1.765182e-08,1.168661e-08,1.951119e-08,1.315731e-08,87.13,92.09,8232.44,8701.49,41.82,44.66
3.26512,3,0.1957,0.063,0.051,5.419,5.718,0.9883,0.00920,269.82,54.25,0.57253952,0.7271251904,2.30,1.769013e-08,1.169116e-08,1.954154e-08,1.318273e-08,86.72,92.25,8193.48,8715.99,41.58,44.75
3.26538,3,0.1957,0.063,0.051,5.419,5.718,0.9883,0.00920,269.82,54.25,0.57253848,0.7271238696,2.30,1.792402e-08,1.169469e-08,1.957542e-08,1.320328e-08,83.54,92.20,7892.87,8711.32,39.76,44.72
3.26562,3,0.1957,0.063,0.051,5.419,5.718,0.9883,0.00920,269.82,54.25,0.5725375199999999,0.7271226503999999,2.30,1.771598e-08,1.171528e-08,1.959918e-08,1.322978e-08,86.87,92.42,8208.02,8732.56,41.67,44.85
3.26587,3,0.1957,0.063,0.051,5.419,5.718,0.9883,0.00920,269.82,54.25,0.57253652,0.7271213804,2.30,1.758141e-08,1.171124e-08,1.961732e-08,1.324164e-08,88.77,92.41,8387.64,8731.78,42.76,44.84
3.26613,3,0.1958,0.063,0.051,5.419,5.718,0.9883,0.00920,269.82,54.25,0.57253548,0.7271200596,2.30,1.755614e-08,1.170996e-08,1.964603e-08,1.326604e-08,89.17,92.57,8425.44,8746.42,42.99,44.93
3.26638,3,0.1958,0.063,0.051,5.419,5.718,0.9883,0.00920,269.82,54.25,0.57253448,0.7271187896,2.30,1.866609e-08,1.171696e-08,1.975163e-08,1.328449e-08,75.06,91.45,7092.41,8640.56,34.91,44.29
3.26662,3,0.1958,0.063,0.051,5.419,5.718,0.9883,0.00920,269.82,54.25,0.5725335199999999,0.7271175703999999,2.30,1.767401e-08,1.172588e-08,1.97161e-08,1.331884e-08,87.76,92.69,8292.29,8757.53,42.18,45.00
3.26688,3,0.1958,0.063,0.051,5.419,5.718,0.9883,0.00920,269.82,54.25,0.57253248,0.7271162496,2.30,1.813923e-08,1.172808e-08,1.976487e-08,1.334992e-08,81.44,92.65,7694.85,8753.76,38.56,44.97
3.26713,3,0.1959,0.063,0.051,5.419,5.718,0.9883,0.00920,269.82,54.25,0.57253148,0.7271149795999999,2.30,1.835346e-08,1.172477e-08,1.97864e-08,1.33704e-08,78.79,92.82,7444.02,8770.23,37.04,45.07
3.26737,3,0.1959,0.063,0.051,5.419,5.718,0.9883,0.00920,269.82,54.25,0.5725305199999999,0.7271137604,2.30,1.916888e-08,1.173973e-08,1.986773e-08,1.33821e-08,70.39,91.91,6650.43,8683.66,32.23,44.55
3.26762,3,0.1959,0.063,0.051,5.419,5.718,0.9883,0.00920,269.82,54.25,0.57252952,0.7271124904,2.30,1.881122e-08,1.17441e-08,1.989217e-08,1.341834e-08,74.02,92.32,6993.72,8723.05,34.31,44.79
3.26788,3,0.1960,0.063,0.051,5.419,5.718,0.9883,0.00920,269.82,54.25,0.57252848,0.7271111696,2.30,1.80809e-08,1.174051e-08,1.990344e-08,1.343174e-08,82.52,92.49,7796.93,8739.09,39.18,44.89
3.26812,3,0.1960,0.063,0.051,5.419,5.718,0.9883,0.00920,269.82,54.25,0.57252752,0.7271099503999999,2.30,1.767163e-08,1.174965e-08,1.991577e-08,1.34587e-08,88.42,92.89,8354.31,8776.48,42.55,45.11
3.26837,3,0.1960,0.063,0.051,5.419,5.718,0.9883,0.00920,269.82,54.25,0.5725265199999999,0.7271086803999999,2.30,1.915562e-08,1.175444e-08,2.00382e-08,1.349595e-08,70.78,91.93,6687.34,8686.18,32.45,44.56
3.26863,3,0.1960,0.063,0.051,5.419,5.718,0.9883,0.00920,269.82,54.25,0.5725254799999999,0.7271073596,2.30,1.816956e-08,1.17659e-08,2.00097e-08,1.35031e-08,81.88,92.48,7736.59,8738.40,38.81,44.88
3.26887,3,0.1961,0.063,0.051,5.419,5.718,0.9883,0.00920,269.82,54.25,0.57252452,0.7271061404,2.30,2.011267e-08,1.175265e-08,2.011306e-08,1.352219e-08,62.68,91.48,5922.46,8643.27,27.82,44.30
3.26912,3,0.1961,0.063,0.051,5.419,5.718,0.9883,0.00920,269.82,54.25,0.57252352,0.7271048703999999,2.30,2.347052e-08,1.177414e-08,2.027677e-08,1.353867e-08,44.88,89.59,4240.84,8464.72,17.63,43.22
3.26938,3,0.1961,0.063,0.051,5.419,5.718,0.9883,0.00920,269.82,54.25,0.57252248,0.7271035495999999,2.30,3.157338e-08,1.178164e-08,2.05563e-08,1.355901e-08,26.54,86.40,2507.82,8163.42,7.13,41.40
3.26963,3,0.1962,0.063,0.051,5.419,5.718,0.9883,0.00920,269.82,54.25,0.5725214799999999,0.7271022796,2.30,3.424221e-08,1.179307e-08,2.075297e-08,1.357924e-08,23.43,84.44,2214.23,7978.58,5.35,40.28
3.26987,3,0.1962,0.063,0.051,5.419,5.718,0.9883,0.00920,269.82,54.25,0.57252052,0.7271010604,2.30,2.96593e-08,1.178585e-08,2.05737e-08,1.359217e-08,29.42,86.85,2779.38,8206.04,8.77,41.65
3.27013,3,0.1962,0.063,0.051,5.419,5.718,0.9883,0.00920,269.82,54.25,0.57251948,0.7270997396,2.30,2.329078e-08,1.178822e-08,2.036247e-08,1.358799e-08,45.72,89.48,4319.66,8454.24,18.11,43.16
3.27038,3,0.1962,0.063,0.051,5.419,5.718,0.9883,0.00920,269.82,54.25,0.5725184799999999,0.7270984695999999,2.30,1.0504e-07,1.182775e-08,2.345539e-08,1.361679e-08,5.66,61.74,534.84,5833.60,-4.83,27.28
3.27062,3,0.1963,0.063,0.051,5.418,5.718,0.9883,0.00920,269.82,54.25,0.57251752,0.7270972504000001,2.30,2.219205e-08,1.17914e-08,2.030523e-08,1.359768e-08,50.60,90.48,4781.03,8549.04,20.90,43.73
3.27088,3,0.1963,0.063,0.051,5.418,5.718,0.9883,0.00920,269.82,54.25,0.57251648,0.7270959296,2.30,2.600082e-08,1.179119e-08,2.04511e-08,1.358455e-08,37.04,88.30,3499.38,8343.02,13.13,42.48
3.27113,3,0.1963,0.063,0.051,5.418,5.718,0.9883,0.00920,269.82,54.25,0.57251548,0.7270946596,2.30,2.685979e-08,1.180417e-08,2.054471e-08,1.35852e-08,34.99,87.12,3306.38,8231.97,11.97,41.81
3.27137,3,0.1963,0.063,0.050,5.418,5.718,0.9883,0.00920,269.82,54.25,0.5725145199999999,0.7270934403999999,2.30,2.433249e-08,1.17956e-08,2.036151e-08,1.357284e-08,41.99,89.24,3967.86,8431.65,15.97,43.02
3.27162,3,0.1964,0.063,0.050,5.418,5.718,0.9883,0.00920,269.82,54.25,0.57251352,0.7270921704,2.30,2.038107e-08,1.179222e-08,2.018932e-08,1.356063e-08,61.31,91.36,5793.06,8631.76,27.03,44.23
3.27188,3,0.1964,0.063,0.050,5.418,5.718,0.9883,0.00920,269.82,54.25,0.57251248,0.7270908496,2.30,1.825256e-08,1.179049e-08,2.006852e-08,1.357111e-08,81.48,93.27,7698.53,8812.97,38.58,45.33
3.27212,3,0.1964,0.063,0.050,5.418,5.718,0.9883,0.00920,269.82,54.25,0.5725115199999999,0.7270896304,2.30,1.766025e-08,1.178619e-08,2.001584e-08,1.356234e-08,89.60,93.85,8466.08,8867.20,43.23,45.66
3.27237,3,0.1965,0.063,0.050,5.418,5.718,0.9883,0.00920,269.82,54.25,0.5725105199999999,0.7270883603999999,2.30,1.790541e-08,1.1781e-08,2.000863e-08,1.355063e-08,85.95,93.75,8120.57,8857.88,41.14,45.60
3.27263,3,0.1965,0.063,0.050,5.418,5.718,0.9883,0.00920,269.82,54.25,0.5725094799999999,0.7270870395999999,2.30,1.754984e-08,1.176654e-08,1.996988e-08,1.35408e-08,90.90,94.10,8588.98,8891.27,43.97,45.81
3.27287,3,0.1965,0.063,0.050,5.418,5.718,0.9883,0.00920,269.82,54.25,0.57250852,0.7270858203999999,2.30,1.761842e-08,1.176854e-08,1.994199e-08,1.352822e-08,89.88,94.24,8492.67,8904.22,43.39,45.88
3.27312,3,0.1965,0.063,0.050,5.418,5.718,0.9883,0.00920,269.82,54.25,0.5725075199999999,0.7270845504,2.30,1.774729e-08,1.176362e-08,1.993326e-08,1.352782e-08,87.84,94.36,8299.31,8915.53,42.22,45.95
3.27338,3,0.1966,0.063,0.050,5.418,5.718,0.9883,0.00920,269.82,54.25,0.5725064799999999,0.7270832295999999,2.30,1.775032e-08,1.174941e-08,1.991484e-08,1.350616e-08,87.52,94.21,8269.67,8901.28,42.04,45.87
3.27363,3,0.1966,0.063,0.050,5.418,5.718,0.9883,0.00920,269.82,54.25,0.57250548,0.7270819596,2.30,1.759252e-08,1.173515e-08,1.988784e-08,1.349377e-08,89.56,94.34,8462.04,8913.44,43.21,45.94
3.27387,3,0.1966,0.063,0.050,5.418,5.718,0.9883,0.00920,269.82,54.25,0.57250452,0.7270807403999999,2.30,1.748734e-08,1.173431e-08,1.985782e-08,1.348648e-08,91.18,94.62,8614.90,8940.40,44.13,46.10
3.27413,3,0.1966,0.063,0.050,5.418,5.718,0.9883,0.00920,269.82,54.25,0.57250348,0.7270794196,2.30,1.739719e-08,1.173493e-08,1.985428e-08,1.3475e-08,92.64,94.42,8753.47,8921.68,44.97,45.99
3.27438,3,0.1967,0.063,0.050,5.418,5.718,0.9883,0.00920,269.82,54.25,0.5725024799999999,0.7270781496,2.30,1.743133e-08,1.171721e-08,1.983858e-08,1.346436e-08,91.71,94.47,8665.33,8926.24,44.44,46.02
3.27462,3,0.1967,0.063,0.050,5.418,5.718,0.9883,0.00920,269.82,54.25,0.57250152,0.7270769304,2.30,1.736046e-08,1.171096e-08,1.981096e-08,1.34561e-08,92.71,94.70,8759.77,8947.95,45.01,46.15
3.27488,3,0.1967,0.063,0.050,5.418,5.718,0.9883,0.00920,269.82,54.25,0.57250048,0.7270756096,2.30,1.737051e-08,1.169656e-08,1.981232e-08,1.343949e-08,92.20,94.32,8711.30,8911.70,44.72,45.93
3.27513,3,0.1968,0.063,0.050,5.418,5.718,0.9883,0.00920,269.82,54.25,0.57249948,0.7270743395999999,2.30,1.735925e-08,1.168059e-08,1.980874e-08,1.343715e-08,92.04,94.37,8696.60,8916.41,44.63,45.96
3.27537,3,0.1968,0.063,0.050,5.418,5.718,0.9883,0.00920,269.82,54.25,0.57249852,0.7270731204,2.30,1.736041e-08,1.167125e-08,1.979724e-08,1.343554e-08,91.80,94.50,8673.61,8929.20,44.49,46.04
3.27562,3,0.1968,0.063,0.050,5.418,5.718,0.9883,0.00920,269.82,54.25,0.57249752,0.7270718504,2.30,1.732621e-08,1.166745e-08,1.978463e-08,1.343171e-08,92.26,94.61,8717.37,8939.00,44.75,46.09
3.27588,3,0.1968,0.062,0.050,5.418,5.718,0.9883,0.00920,269.82,54.25,0.57249648,0.7270705296,2.30,1.730826e-08,1.16585e-08,1.977317e-08,1.342275e-08,92.34,94.58,8724.36,8936.35,44.79,46.08
3.27612,3,0.1969,0.062,0.050,5.418,5.718,0.9883,0.00920,269.82,54.25,0.5724955199999999,0.7270693103999999,2.30,1.728826e-08,1.165137e-08,1.977551e-08,1.343272e-08,92.54,94.81,8743.37,8958.29,44.91,46.21
3.27637,3,0.1969,0.062,0.050,5.418,5.718,0.9883,0.00920,269.82,54.25,0.57249452,0.7270680404000001,2.30,1.730147e-08,1.16463e-08,1.97863e-08,1.343154e-08,92.20,94.62,8711.32,8940.63,44.71,46.10
3.27663,3,0.1969,0.062,0.050,5.418,5.718,0.9883,0.00920,269.82,54.25,0.57249348,0.7270667196,2.30,1.725318e-08,1.162706e-08,1.977234e-08,1.342509e-08,92.52,94.69,8741.83,8946.91,44.90,46.14
3.27687,3,0.1969,0.062,0.050,5.418,5.718,0.9883,0.00920,269.82,54.25,0.57249252,0.7270655004,2.30,1.722239e-08,1.161717e-08,1.978635e-08,1.34264e-08,92.79,94.51,8766.97,8929.92,45.05,46.04
3.27712,3,0.1970,0.062,0.050,5.417,5.718,0.9883,0.00920,269.82,54.25,0.5724915199999999,0.7270642303999999,2.30,1.720367e-08,1.159656e-08,1.981169e-08,1.342238e-08,92.64,94.10,8752.90,8890.73,44.97,45.80
3.27738,3,0.1970,0.062,0.050,5.417,5.718,0.9883,0.00920,269.82,54.25,0.5724904799999999,0.7270629095999999,2.30,1.718719e-08,1.158972e-08,1.981586e-08,1.342893e-08,92.74,94.18,8762.81,8898.39,45.03,45.85
3.27763,3,0.1970,0.062,0.050,5.417,5.718,0.9883,0.00920,269.82,54.25,0.57248948,0.7270616396,2.30,1.715429e-08,1.159254e-08,1.981808e-08,1.3431e-08,93.36,94.19,8821.23,8899.55,45.38,45.85
3.27787,3,0.1971,0.062,0.050,5.417,5.718,0.9883,0.00920,269.82,54.25,0.57248852,0.7270604204,2.30,1.714297e-08,1.15742e-08,1.981701e-08,1.342814e-08,93.14,94.19,8800.64,8899.68,45.26,45.86
3.27813,3,0.1971,0.062,0.050,5.417,5.718,0.9883,0.00920,269.82,54.25,0.5724874799999999,0.7270590995999999,2.30,1.712292e-08,1.156916e-08,1.982997e-08,1.345167e-08,93.35,94.51,8820.58,8930.05,45.38,46.04
3.27838,3,0.1971,0.062,0.050,5.417,5.718,0.9883,0.00920,269.82,54.25,0.5724864799999999,0.7270578295999999,2.30,1.711154e-08,1.156039e-08,1.986253e-08,1.344706e-08,93.33,93.93,8818.04,8875.26,45.36,45.71
3.27862,3,0.1971,0.062,0.050,5.417,5.718,0.9883,0.00920,269.82,54.25,0.57248552,0.7270566104,2.30,1.707745e-08,1.154086e-08,1.987432e-08,1.344551e-08,93.41,93.73,8826.29,8855.83,45.41,45.59
3.27888,3,0.1972,0.062,0.050,5.417,5.718,0.9883,0.00920,269.82,54.25,0.57248448,0.7270552896,2.30,1.705494e-08,1.153712e-08,1.991105e-08,1.347032e-08,93.75,93.77,8857.94,8860.24,45.60,45.62
3.27913,3,0.1972,0.062,0.050,5.417,5.718,0.9883,0.00920,269.82,54.25,0.5724834799999999,0.7270540195999999,2.30,1.703403e-08,1.15217e-08,1.991198e-08,1.346799e-08,93.72,93.71,8854.91,8854.23,45.58,45.58
3.27937,3,0.1972,0.062,0.050,5.417,5.718,0.9883,0.00920,269.82,54.25,0.57248252,0.7270528004,2.30,1.703233e-08,1.151611e-08,1.992129e-08,1.347787e-08,93.61,93.79,8844.37,8861.50,45.52,45.62
3.27962,3,0.1973,0.062,0.050,5.417,5.718,0.9883,0.00920,269.82,54.25,0.57248152,0.7270515303999999,2.30,1.701094e-08,1.150681e-08,1.994844e-08,1.349121e-08,93.78,93.73,8861.13,8855.79,45.62,45.59
3.27988,3,0.1973,0.062,0.050,5.417,5.718,0.9883,0.00920,269.82,54.25,0.57248048,0.7270502096,2.30,1.698247e-08,1.150189e-08,1.99692e-08,1.350033e-08,94.15,93.62,8895.40,8845.83,45.83,45.53
3.28012,3,0.1973,0.062,0.050,5.417,5.718,0.9883,0.00920,269.82,54.25,0.5724795199999999,0.7270489903999999,2.30,1.695054e-08,1.149046e-08,1.9998e-08,1.351157e-08,94.41,93.45,8919.92,8829.23,45.98,45.43
3.28037,3,0.1973,0.062,0.050,5.417,5.718,0.9883,0.00920,269.82,54.25,0.57247852,0.7270477204,2.30,1.694898e-08,1.148104e-08,2.002283e-08,1.352925e-08,94.19,93.47,8899.80,8831.05,45.86,45.44
3.28063,3,0.1974,0.062,0.050,5.417,5.719,0.9883,0.00920,269.82,54.25,0.57247748,0.7270463996,2.30,1.692245e-08,1.14806e-08,2.006775e-08,1.353796e-08,94.69,93.05,8946.66,8792.18,46.14,45.20
3.28087,3,0.1974,0.062,0.050,5.417,5.719,0.9883,0.00920,269.82,54.25,0.5724765199999999,0.7270451803999999,2.30,1.690778e-08,1.146974e-08,2.006179e-08,1.355729e-08,94.67,93.55,8944.46,8838.97,46.12,45.49
3.28112,3,0.1974,0.062,0.050,5.417,5.719,0.9883,0.00920,269.82,54.25,0.5724755199999999,0.7270439103999999,2.30,1.688161e-08,1.146237e-08,2.010048e-08,1.357513e-08,94.93,93.37,8969.72,8822.32,46.28,45.38
3.28138,3,0.1974,0.062,0.050,5.417,5.719,0.9883,0.00920,269.82,54.25,0.57247448,0.7270425896,2.30,1.687626e-08,1.145448e-08,2.012126e-08,1.359525e-08,94.82,93.50,8959.35,8834.51,46.21,45.46
3.28163,3,0.1975,0.062,0.050,5.417,5.719,0.9883,0.00920,269.82,54.25,0.57247348,0.7270413196,2.30,1.684404e-08,1.145048e-08,2.014835e-08,1.361033e-08,95.33,93.48,9007.64,8832.53,46.51,45.45
3.28187,3,0.1975,0.062,0.050,5.417,5.719,0.9883,0.00920,269.82,54.25,0.5724725199999999,0.7270401003999999,2.30,1.682952e-08,1.144303e-08,2.017496e-08,1.362736e-08,95.40,93.46,9013.59,8830.64,46.54,45.43
3.28213,3,0.1975,0.062,0.050,5.417,5.719,0.9883,0.00920,269.82,54.25,0.5724714799999999,0.7270387796,2.30,1.680913e-08,1.143821e-08,2.020263e-08,1.363697e-08,95.63,93.27,9035.91,8812.56,46.68,45.33
3.28238,3,0.1976,0.062,0.050,5.417,5.719,0.9883,0.00920,269.82,54.25,0.57247048,0.7270375096,2.30,1.679039e-08,1.142745e-08,2.022504e-08,1.36465e-08,95.73,93.20,9045.42,8805.91,46.74,45.28
3.28262,3,0.1976,0.062,0.050,5.417,5.719,0.9883,0.00920,269.82,54.25,0.57246952,0.7270362904,2.30,1.677185e-08,1.142187e-08,2.025587e-08,1.366987e-08,95.92,93.25,9062.91,8811.00,46.84,45.32
3.28288,3,0.1976,0.062,0.050,5.417,5.719,0.9883,0.00920,269.82,54.25,0.57246848,0.7270349695999999,2.30,1.675239e-08,1.141636e-08,2.027801e-08,1.368563e-08,96.12,93.27,9082.22,8812.62,46.96,45.33
3.28313,3,0.1976,0.062,0.050,5.417,5.719,0.9883,0.00920,269.82,54.25,0.5724674799999999,0.7270336995999999,2.30,1.673824e-08,1.140083e-08,2.030816e-08,1.370733e-08,95.97,93.30,9067.52,8815.29,46.87,45.34
3.28337,3,0.1977,0.062,0.050,5.416,5.719,0.9883,0.00920,269.83,54.25,0.57246652,0.7270324804,2.30,1.672451e-08,1.140231e-08,2.031619e-08,1.371695e-08,96.30,93.43,9099.21,8828.07,47.06,45.42
3.28362,3,0.1977,0.062,0.050,5.416,5.719,0.9883,0.00920,269.83,54.25,0.57246552,0.7270312104,2.30,1.66956e-08,1.139636e-08,2.03501e-08,1.372679e-08,96.67,93.16,9133.87,8802.30,47.27,45.26
3.28388,3,0.1977,0.062,0.050,5.416,5.719,0.9883,0.00920,269.83,54.25,0.5724644799999999,0.7270298895999999,2.30,1.668653e-08,1.138101e-08,2.036096e-08,1.374869e-08,96.43,93.47,9110.77,8831.06,47.13,45.44
3.28412,3,0.1977,0.062,0.050,5.416,5.719,0.9883,0.00920,269.83,54.25,0.57246352,0.7270286704,2.30,1.668162e-08,1.137795e-08,2.037824e-08,1.375793e-08,96.43,93.41,9111.50,8826.26,47.14,45.41
3.28437,3,0.1978,0.062,0.050,5.416,5.719,0.9883,0.00920,269.83,54.25,0.57246252,0.7270274004,2.30,1.665376e-08,1.137173e-08,2.040217e-08,1.376957e-08,96.82,93.37,9148.45,8821.82,47.36,45.38
3.28463,3,0.1978,0.062,0.050,5.416,5.719,0.9883,0.00920,269.83,54.25,0.57246148,0.7270260796,2.30,1.663861e-08,1.135651e-08,2.04113e-08,1.377192e-08,96.69,93.29,9136.08,8814.32,47.28,45.33
3.28487,3,0.1978,0.062,0.050,5.416,5.719,0.9883,0.00920,269.83,54.25,0.5724605199999999,0.7270248603999999,2.30,1.662768e-08,1.135e-08,2.042374e-08,1.379353e-08,96.72,93.56,9138.49,8840.36,47.30,45.49
3.28512,3,0.1979,0.062,0.050,5.416,5.719,0.9883,0.00920,269.83,54.25,0.57245952,0.7270235904,2.30,1.660758e-08,1.135117e-08,2.044736e-08,1.380901e-08,97.17,93.60,9181.05,8843.89,47.56,45.51
3.28538,3,0.1979,0.062,0.050,5.416,5.719,0.9883,0.00920,269.83,54.25,0.57245848,0.7270222696,2.30,1.659869e-08,1.133353e-08,2.046707e-08,1.381252e-08,96.86,93.40,9151.55,8824.61,47.38,45.40
3.28563,3,0.1979,0.062,0.050,5.416,5.719,0.9883,0.00920,269.83,54.25,0.57245748,0.7270209996,2.30,1.658913e-08,1.133335e-08,2.045111e-08,1.381684e-08,97.03,93.71,9167.74,8854.35,47.48,45.58
3.28587,3,0.1979,0.062,0.050,5.416,5.719,0.9883,0.00920,269.83,54.25,0.5724565199999999,0.7270197803999999,2.30,1.65817e-08,1.132003e-08,2.046863e-08,1.381407e-08,96.81,93.41,9146.71,8825.58,47.35,45.40
3.28613,3,0.1980,0.062,0.050,5.416,5.719,0.9883,0.00920,269.83,54.25,0.5724554799999999,0.7270184595999999,2.30,1.656079e-08,1.131783e-08,2.04631e-08,1.383665e-08,97.18,94.00,9182.21,8881.99,47.56,45.74
3.28638,3,0.1980,0.062,0.050,5.416,5.719,0.9883,0.00920,269.83,54.25,0.57245448,0.7270171896,2.30,1.655643e-08,1.131116e-08,2.04645e-08,1.383285e-08,97.08,93.90,9172.75,8872.59,47.51,45.69
3.28662,3,0.1980,0.062,0.050,5.416,5.719,0.9883,0.00920,269.83,54.25,0.5724535199999999,0.7270159703999999,2.30,1.652948e-08,1.130235e-08,2.048247e-08,1.383919e-08,97.34,93.78,9197.42,8861.12,47.66,45.62
3.28688,3,0.1981,0.062,0.050,5.416,5.719,0.9883,0.00920,269.83,54.25,0.5724524799999999,0.7270146496,2.30,1.651333e-08,1.130664e-08,2.047754e-08,1.383625e-08,97.81,93.84,9241.69,8866.37,47.92,45.65
3.28713,3,0.1981,0.062,0.050,5.416,5.719,0.9883,0.00920,269.83,54.25,0.57245148,0.7270133796,2.30,1.651963e-08,1.129266e-08,2.046822e-08,1.383853e-08,97.31,94.02,9194.45,8883.34,47.64,45.75
3.28737,3,0.1981,0.062,0.050,5.416,5.719,0.9883,0.00920,269.83,54.25,0.57245052,0.7270121603999999,2.30,1.649452e-08,1.128757e-08,2.047668e-08,1.384209e-08,97.64,93.97,9225.65,8879.07,47.83,45.73
3.28762,3,0.1981,0.062,0.050,5.416,5.719,0.9883,0.00920,269.83,54.25,0.5724495199999999,0.7270108903999999,2.30,1.649493e-08,1.127635e-08,2.046987e-08,1.383909e-08,97.33,94.01,9195.94,8882.24,47.65,45.75
3.28788,3,0.1982,0.062,0.050,5.416,5.719,0.9883,0.00920,269.83,54.25,0.5724484799999999,0.7270095696,2.30,1.6477e-08,1.127414e-08,2.046366e-08,1.384215e-08,97.65,94.21,9226.57,8901.13,47.83,45.86
3.28812,3,0.1982,0.062,0.050,5.416,5.719,0.9883,0.00920,269.83,54.25,0.57244752,0.7270083504,2.30,1.646888e-08,1.126244e-08,2.045915e-08,1.382882e-08,97.48,93.99,9210.65,8880.73,47.73,45.74
3.28837,3,0.1982,0.062,0.050,5.416,5.719,0.9883,0.00920,269.83,54.25,0.57244652,0.7270070804,2.30,1.646135e-08,1.125275e-08,2.046717e-08,1.383417e-08,97.36,93.99,9198.91,8880.59,47.66,45.73
3.28863,3,0.1982,0.062,0.050,5.416,5.719,0.9883,0.00920,269.83,54.25,0.57244548,0.7270057595999999,2.30,1.644976e-08,1.125721e-08,2.043191e-08,1.382514e-08,97.70,94.30,9231.00,8910.03,47.86,45.91
3.28887,3,0.1983,0.062,0.050,5.416,5.719,0.9883,0.00920,269.83,54.25,0.57244452,0.7270045404000001,2.30,1.643721e-08,1.124549e-08,2.04088e-08,1.382457e-08,97.66,94.67,9227.52,8944.67,47.84,46.12
3.28912,3,0.1983,0.062,0.050,5.416,5.719,0.9883,0.00920,269.83,54.25,0.57244352,0.7270032704,2.30,1.642476e-08,1.123832e-08,2.040209e-08,1.38209e-08,97.70,94.69,9231.02,8946.43,47.86,46.13
3.28938,3,0.1983,0.062,0.050,5.416,5.719,0.9883,0.00920,269.83,54.25,0.57244248,0.7270019496,2.30,1.643323e-08,1.122309e-08,2.040693e-08,1.381724e-08,97.12,94.54,9176.58,8932.52,47.53,46.05
3.28963,3,0.1984,0.062,0.050,5.415,5.719,0.9883,0.00920,269.83,54.25,0.57244148,0.7270006795999999,2.30,1.641774e-08,1.122485e-08,2.039384e-08,1.381013e-08,97.51,94.62,9213.15,8940.54,47.75,46.10
3.28987,3,0.1984,0.062,0.050,5.415,5.719,0.9883,0.00920,269.83,54.25,0.57244052,0.7269994604000001,2.30,1.640344e-08,1.121653e-08,2.036908e-08,1.381995e-08,97.55,95.19,9216.93,8994.14,47.77,46.42
3.29013,3,0.1984,0.062,0.050,5.415,5.719,0.9883,0.00920,269.83,54.25,0.57243948,0.7269981396,2.30,1.63983e-08,1.120978e-08,2.036669e-08,1.379571e-08,97.46,94.71,9208.53,8948.51,47.72,46.15
3.29038,3,0.1984,0.062,0.050,5.415,5.719,0.9883,0.00920,269.83,54.25,0.57243848,0.7269968696,2.30,1.638158e-08,1.119609e-08,2.033956e-08,1.379727e-08,97.40,95.13,9202.66,8988.77,47.69,46.39
3.29062,3,0.1985,0.062,0.050,5.415,5.719,0.9883,0.00920,269.83,54.25,0.5724375199999999,0.7269956503999999,2.30,1.63878e-08,1.119665e-08,2.033681e-08,1.378899e-08,97.35,95.04,9197.72,8980.31,47.66,46.34
3.29088,3,0.1985,0.062,0.050,5.415,5.719,0.9883,0.00920,269.83,54.25,0.5724364799999999,0.7269943295999999,2.30,1.636748e-08,1.119091e-08,2.032602e-08,1.378643e-08,97.57,95.15,9218.89,8989.94,47.78,46.40
3.29113,3,0.1985,0.062,0.050,5.415,5.719,0.9883,0.00920,269.83,54.25,0.57243548,0.7269930596,2.30,1.637661e-08,1.117385e-08,2.030752e-08,1.378026e-08,96.93,95.28,9158.50,9002.89,47.42,46.47
3.29137,3,0.1985,0.062,0.050,5.415,5.719,0.9883,0.00921,269.83,54.25,0.57243452,0.7269918404,2.30,1.63574e-08,1.116386e-08,2.031013e-08,1.376985e-08,97.02,95.02,9166.56,8978.18,47.47,46.33
3.29162,3,0.1986,0.062,0.050,5.415,5.719,0.9883,0.00921,269.83,54.25,0.5724335199999999,0.7269905703999999,2.30,1.635766e-08,1.115885e-08,2.030274e-08,1.378944e-08,96.92,95.60,9157.77,9032.74,47.41,46.66
3.29188,3,0.1986,0.062,0.050,5.415,5.719,0.9883,0.00921,269.83,54.25,0.5724324799999999,0.7269892495999999,2.30,1.63478e-08,1.115239e-08,2.029545e-08,1.378408e-08,96.93,95.59,9158.46,9031.91,47.42,46.65
3.29212,3,0.1986,0.062,0.050,5.415,5.719,0.9883,0.00921,269.83,54.25,0.57243152,0.7269880303999999,2.30,1.634866e-08,1.113453e-08,2.028891e-08,1.37759e-08,96.43,95.51,9110.96,9024.28,47.13,46.60
3.29237,3,0.1987,0.062,0.050,5.415,5.719,0.9883,0.00921,269.83,54.25,0.5724305199999999,0.7269867604,2.30,1.632231e-08,1.113704e-08,2.02676e-08,1.379091e-08,97.03,96.20,9168.35,9089.34,47.48,47.00
3.29263,3,0.1987,0.062,0.050,5.415,5.719,0.9883,0.00921,269.83,54.25,0.5724294799999999,0.7269854396,2.30,1.633036e-08,1.112293e-08,2.028635e-08,1.378493e-08,96.50,95.79,9117.77,9050.84,47.17,46.76
3.29287,3,0.1987,0.062,0.050,5.415,5.719,0.9883,0.00921,269.83,54.25,0.57242852,0.7269842204,2.30,1.63202e-08,1.110507e-08,2.026502e-08,1.380044e-08,96.20,96.45,9089.69,9112.66,47.00,47.14
3.29312,3,0.1987,0.062,0.050,5.415,5.719,0.9883,0.00921,269.83,54.25,0.57242752,0.7269829503999999,2.30,1.631748e-08,1.110268e-08,2.02669e-08,1.381705e-08,96.19,96.78,9088.31,9144.47,46.99,47.33
3.29338,3,0.1988,0.062,0.050,5.415,5.719,0.9883,0.00921,269.83,54.25,0.57242648,0.7269816296,2.30,1.630278e-08,1.109436e-08,2.028023e-08,1.381561e-08,96.28,96.60,9097.19,9127.21,47.05,47.23
3.29363,3,0.1988,0.062,0.050,5.415,5.719,0.9883,0.00921,269.83,54.25,0.5724254799999999,0.7269803596,2.30,1.629045e-08,1.107986e-08,2.027459e-08,1.381796e-08,96.12,96.74,9081.52,9140.06,46.95,47.30
3.29387,3,0.1988,0.062,0.050,5.415,5.719,0.9883,0.00921,269.83,54.25,0.57242452,0.7269791404,2.30,1.628654e-08,1.107883e-08,2.029713e-08,1.383197e-08,96.16,96.71,9085.70,9137.26,46.98,47.29
3.29413,3,0.1988,0.062,0.050,5.415,5.719,0.9883,0.00921,269.83,54.25,0.57242348,0.7269778196,2.30,1.628345e-08,1.106024e-08,2.031018e-08,1.385648e-08,95.71,97.05,9043.54,9169.70,46.72,47.48
3.29438,3,0.1989,0.062,0.050,5.415,5.719,0.9883,0.00921,269.83,54.25,0.57242248,0.7269765495999999,2.30,1.62787e-08,1.105112e-08,2.030312e-08,1.385693e-08,95.60,97.21,9033.07,9185.30,46.66,47.58
3.29462,3,0.1989,0.062,0.050,5.415,5.719,0.9883,0.00921,269.83,54.25,0.5724215199999999,0.7269753303999998,2.30,1.626262e-08,1.104302e-08,2.03197e-08,1.387585e-08,95.68,97.38,9040.24,9201.18,46.70,47.67
3.29488,3,0.1989,0.061,0.050,5.415,5.719,0.9883,0.00921,269.83,54.25,0.57242048,0.7269740096,2.30,1.625395e-08,1.102294e-08,2.034299e-08,1.389467e-08,95.29,97.44,9003.92,9207.07,46.48,47.71
3.29513,3,0.1990,0.061,0.050,5.414,5.719,0.9883,0.00921,269.83,54.25,0.57241948,0.7269727396,2.30,1.625316e-08,1.102582e-08,2.036182e-08,1.390675e-08,95.43,97.48,9017.13,9210.07,46.56,47.73
3.29537,3,0.1990,0.061,0.050,5.414,5.719,0.9883,0.00921,269.83,54.25,0.5724185199999999,0.7269715203999999,2.30,1.623428e-08,1.100708e-08,2.035947e-08,1.39236e-08,95.27,97.89,9002.04,9248.74,46.47,47.96
3.29562,3,0.1990,0.061,0.050,5.414,5.719,0.9883,0.00921,269.83,54.25,0.57241752,0.7269702504000001,2.30,1.622027e-08,1.100325e-08,2.038801e-08,1.394752e-08,95.43,97.98,9016.47,9257.98,46.56,48.02
3.29588,3,0.1990,0.061,0.050,5.414,5.719,0.9883,0.00921,269.83,54.25,0.57241648,0.7269689296,2.30,1.622153e-08,1.098083e-08,2.040478e-08,1.39687e-08,94.80,98.20,8957.44,9278.39,46.20,48.14
3.29612,3,0.1991,0.061,0.050,5.414,5.719,0.9883,0.00921,269.83,54.25,0.57241552,0.7269677104,2.30,1.620218e-08,1.098108e-08,2.043223e-08,1.398349e-08,95.21,98.16,8995.79,9274.64,46.43,48.12
3.29637,3,0.1991,0.061,0.050,5.414,5.719,0.9883,0.00921,269.83,54.25,0.5724145199999999,0.7269664403999999,2.30,1.619066e-08,1.096954e-08,2.04612e-08,1.400255e-08,95.11,98.14,8986.30,9273.03,46.37,48.11
3.29663,3,0.1991,0.061,0.049,5.414,5.719,0.9883,0.00921,269.83,54.25,0.5724134799999999,0.7269651195999999,2.30,1.619534e-08,1.096388e-08,2.049509e-08,1.402721e-08,94.87,98.18,8964.11,9276.31,46.24,48.13
3.29688,3,0.1992,0.061,0.049,5.414,5.719,0.9883,0.00921,269.83,54.25,0.57241248,0.7269638496,2.30,1.617537e-08,1.095032e-08,2.051571e-08,1.405439e-08,94.92,98.52,8968.51,9308.39,46.27,48.32
3.29712,3,0.1992,0.061,0.049,5.414,5.719,0.9883,0.00921,269.83,54.25,0.57241152,0.7269626304,2.30,1.616523e-08,1.094272e-08,2.053521e-08,1.408108e-08,94.90,98.81,8966.64,9336.46,46.25,48.49
3.29738,3,0.1992,0.061,0.049,5.414,5.719,0.9883,0.00921,269.83,54.25,0.5724104799999999,0.7269613095999999,2.30,1.616126e-08,1.093239e-08,2.057283e-08,1.410193e-08,94.70,98.70,8947.28,9326.05,46.14,48.43
3.29763,3,0.1992,0.061,0.049,5.414,5.719,0.9883,0.00921,269.83,54.25,0.5724094799999999,0.7269600395999999,2.30,1.613467e-08,1.092362e-08,2.060345e-08,1.412971e-08,94.94,98.86,8970.68,9340.32,46.28,48.52
3.29787,3,0.1993,0.061,0.049,5.414,5.719,0.9883,0.00921,269.83,54.25,0.57240852,0.7269588203999999,2.30,1.61288e-08,1.091897e-08,2.064291e-08,1.415795e-08,94.97,98.93,8973.46,9347.49,46.29,48.56
3.29813,3,0.1993,0.061,0.049,5.414,5.719,0.9883,0.00921,269.83,54.25,0.57240748,0.7269574996,2.30,1.612565e-08,1.091344e-08,2.067811e-08,1.417678e-08,94.88,98.81,8964.82,9336.35,46.24,48.49
3.29838,3,0.1993,0.061,0.049,5.414,5.719,0.9883,0.00921,269.83,54.25,0.5724064799999999,0.7269562296,2.30,1.612048e-08,1.090625e-08,2.070019e-08,1.421052e-08,94.78,99.23,8955.44,9375.39,46.19,48.73
3.29862,3,0.1993,0.061,0.049,5.414,5.719,0.9883,0.00921,269.83,54.25,0.57240552,0.7269550104,2.30,1.609394e-08,1.08956e-08,2.073183e-08,1.424301e-08,94.98,99.47,8974.05,9398.05,46.30,48.87
3.29887,3,0.1994,0.061,0.049,5.414,5.719,0.9883,0.00921,269.83,54.25,0.57240452,0.7269537403999999,2.30,1.608676e-08,1.089442e-08,2.077453e-08,1.426752e-08,95.13,99.41,8987.95,9392.62,46.38,48.83
3.29913,3,0.1994,0.061,0.049,5.414,5.719,0.9883,0.00921,269.83,54.25,0.57240348,0.7269524196,2.30,1.609705e-08,1.089521e-08,2.081524e-08,1.429576e-08,94.96,99.41,8972.19,9393.21,46.29,48.84
3.29937,3,0.1994,0.061,0.049,5.414,5.719,0.9883,0.00921,269.83,54.25,0.5724025199999999,0.7269512003999999,2.30,1.607477e-08,1.088193e-08,2.085759e-08,1.433725e-08,95.01,99.69,8976.78,9419.23,46.31,48.99
3.29962,3,0.1995,0.061,0.049,5.414,5.719,0.9883,0.00921,269.83,54.25,0.57240152,0.7269499304,2.30,1.607631e-08,1.088012e-08,2.088408e-08,1.435774e-08,94.98,99.79,8974.00,9428.74,46.30,49.05
3.29988,3,0.1995,0.061,0.049,5.414,5.719,0.9883,0.00921,269.83,54.25,0.57240048,0.7269486096,2.30,1.606317e-08,1.087363e-08,2.092038e-08,1.437825e-08,95.04,99.69,8980.14,9419.42,46.33,49.00
3.30012,3,0.1995,0.061,0.049,5.414,5.719,0.9883,0.00921,269.83,54.25,0.5723995199999999,0.7269473903999999,2.30,1.605717e-08,1.086919e-08,2.095633e-08,1.440131e-08,95.03,99.66,8979.17,9415.97,46.33,48.97
3.30037,3,0.1995,0.061,0.049,5.414,5.719,0.9883,0.00921,269.83,54.25,0.5723985199999999,0.7269461204,2.30,1.606121e-08,1.08644e-08,2.099186e-08,1.443719e-08,94.83,99.91,8959.96,9439.94,46.21,49.12
3.30063,3,0.1996,0.061,0.049,5.414,5.719,0.9883,0.00921,269.83,54.25,0.57239748,0.7269447996,2.30,1.60467e-08,1.08623e-08,2.103108e-08,1.445524e-08,95.09,99.76,8984.17,9426.03,46.36,49.04
3.30088,3,0.1996,0.061,0.049,5.414,5.719,0.9883,0.00921,269.83,54.25,0.57239648,0.7269435296,2.30,1.603432e-08,1.086808e-08,2.103991e-08,1.449021e-08,95.47,100.40,9020.55,9486.55,46.58,49.40
3.30112,3,0.1996,0.061,0.049,5.414,5.719,0.9883,0.00921,269.83,54.25,0.5723955199999999,0.7269423103999999,2.30,1.603514e-08,1.086631e-08,2.107897e-08,1.450844e-08,95.41,100.21,9014.56,9468.37,46.54,49.29
3.30138,3,0.1996,0.061,0.049,5.414,5.719,0.9883,0.00921,269.83,54.25,0.5723944799999999,0.7269409895999999,2.30,1.602998e-08,1.085277e-08,2.10883e-08,1.452606e-08,95.13,100.46,8988.76,9491.84,46.39,49.43
3.30163,3,0.1997,0.061,0.049,5.413,5.719,0.9883,0.00921,269.83,54.25,0.57239348,0.7269397196,2.30,1.602558e-08,1.085554e-08,2.110142e-08,1.454836e-08,95.34,100.80,9008.03,9524.50,46.50,49.63
3.30187,3,0.1997,0.061,0.049,5.413,5.719,0.9883,0.00921,269.83,54.25,0.57239252,0.7269385004,2.30,1.603158e-08,1.086034e-08,2.113731e-08,1.455373e-08,95.36,100.37,9009.92,9483.85,46.51,49.39
3.30213,3,0.1997,0.061,0.049,5.413,5.719,0.9883,0.00921,269.83,54.25,0.57239148,0.7269371795999999,2.30,1.602393e-08,1.085814e-08,2.114276e-08,1.457283e-08,95.44,100.71,9017.60,9516.02,46.56,49.58
3.30238,3,0.1998,0.061,0.049,5.413,5.719,0.9883,0.00921,269.83,54.25,0.5723904799999999,0.7269359095999999,2.30,1.602115e-08,1.086443e-08,2.118474e-08,1.458802e-08,95.71,100.46,9043.22,9492.01,46.72,49.43
3.30262,3,0.1998,0.061,0.049,5.413,5.719,0.9883,0.00921,269.83,54.25,0.57238952,0.7269346904,2.30,1.602384e-08,1.086529e-08,2.119112e-08,1.460003e-08,95.68,100.63,9040.73,9507.94,46.70,49.53
3.30287,3,0.1998,0.061,0.049,5.413,5.719,0.9883,0.00921,269.83,54.25,0.57238852,0.7269334204,2.30,1.602177e-08,1.086329e-08,2.119381e-08,1.460089e-08,95.67,100.61,9039.19,9505.86,46.69,49.52
3.30313,3,0.1998,0.061,0.049,5.413,5.719,0.9883,0.00921,269.83,54.25,0.57238748,0.7269320995999999,2.30,1.602871e-08,1.085875e-08,2.121426e-08,1.461884e-08,95.42,100.69,9015.35,9513.93,46.55,49.57
3.30337,3,0.1999,0.061,0.049,5.413,5.719,0.9883,0.00921,269.83,54.25,0.57238652,0.7269308804,2.30,1.601937e-08,1.086512e-08,2.124041e-08,1.462121e-08,95.81,100.40,9052.66,9486.04,46.77,49.40
3.30362,3,0.1999,0.061,0.049,5.413,5.719,0.9883,0.00921,269.83,54.25,0.57238552,0.7269296104,2.30,1.601862e-08,1.086262e-08,2.124944e-08,1.463285e-08,95.76,100.52,9047.50,9497.33,46.74,49.47
3.30388,3,0.1999,0.061,0.049,5.413,5.719,0.9883,0.00921,269.83,54.25,0.57238448,0.7269282896,2.30,1.603049e-08,1.087484e-08,2.125605e-08,1.464429e-08,95.87,100.67,9058.29,9511.70,46.81,49.55
3.30412,3,0.1999,0.061,0.049,5.413,5.719,0.9883,0.00921,269.83,54.25,0.5723835199999999,0.7269270703999999,2.30,1.602374e-08,1.08788e-08,2.127411e-08,1.464256e-08,96.10,100.36,9080.46,9482.20,46.94,49.37
3.30437,3,0.2000,0.061,0.049,5.413,5.719,0.9883,0.00921,269.83,54.25,0.57238252,0.7269258004,2.30,1.602059e-08,1.088482e-08,2.128876e-08,1.465891e-08,96.38,100.54,9106.25,9499.97,47.10,49.48
3.30463,3,0.2000,0.061,0.049,5.413,5.719,0.9883,0.00921,269.83,54.25,0.57238148,0.7269244796000001,2.30,1.601859e-08,1.088235e-08,2.131272e-08,1.46752e-08,96.35,100.54,9103.36,9499.53,47.08,49.48
3.30488,3,0.2000,0.061,0.049,5.413,5.719,0.9883,0.00921,269.83,54.25,0.57238048,0.7269232096,2.30,1.603988e-08,1.088627e-08,2.132809e-08,1.467307e-08,96.06,100.26,9075.94,9473.18,46.91,49.32
3.30512,3,0.2001,0.061,0.049,5.413,5.719,0.9883,0.00921,269.83,54.25,0.5723795199999999,0.7269219903999999,2.30,1.603853e-08,1.090036e-08,2.134916e-08,1.468312e-08,96.52,100.21,9119.55,9468.73,47.18,49.29
3.30538,3,0.2001,0.061,0.049,5.413,5.719,0.9883,0.00921,269.83,54.25,0.5723784799999999,0.7269206695999999,2.30,1.604465e-08,1.090369e-08,2.136797e-08,1.469329e-08,96.50,100.15,9117.39,9463.02,47.16,49.26
3.30563,3,0.2001,0.061,0.049,5.413,5.719,0.9883,0.00921,269.83,54.25,0.57237748,0.7269193996,2.30,1.604748e-08,1.091049e-08,2.139202e-08,1.470763e-08,96.63,100.11,9130.12,9458.50,47.24,49.23
3.30587,3,0.2001,0.061,0.049,5.413,5.719,0.9883,0.00921,269.83,54.25,0.5723765199999999,0.7269181803999999,2.30,1.605622e-08,1.09237e-08,2.14253e-08,1.472356e-08,96.83,99.95,9149.14,9444.23,47.36,49.14
3.30613,3,0.2002,0.061,0.049,5.413,5.719,0.9883,0.00921,269.83,54.25,0.5723754799999999,0.7269168596,2.30,1.606054e-08,1.092781e-08,2.14575e-08,1.473788e-08,96.91,99.84,9156.78,9432.97,47.40,49.08
3.30638,3,0.2002,0.061,0.049,5.413,5.719,0.9883,0.00921,269.83,54.25,0.5723744799999999,0.7269155895999999,2.30,1.606929e-08,1.093597e-08,2.147838e-08,1.475319e-08,96.97,99.86,9162.56,9434.95,47.44,49.09
3.30662,3,0.2002,0.061,0.049,5.413,5.719,0.9883,0.00921,269.83,54.25,0.57237352,0.7269143704,2.30,1.608746e-08,1.095519e-08,2.150498e-08,1.47685e-08,97.16,99.79,9180.55,9428.91,47.55,49.05
3.30687,3,0.2003,0.061,0.049,5.413,5.719,0.9883,0.00921,269.83,54.25,0.5723725199999999,0.7269131003999999,2.30,1.608967e-08,1.095937e-08,2.155087e-08,1.480379e-08,97.29,99.92,9192.16,9441.30,47.62,49.13
3.30713,3,0.2003,0.061,0.049,5.413,5.719,0.9883,0.00921,269.83,54.25,0.5723714799999999,0.7269117796,2.30,1.609512e-08,1.096815e-08,2.157357e-08,1.482286e-08,97.43,100.00,9205.50,9448.38,47.70,49.17
3.30737,3,0.2003,0.061,0.049,5.413,5.719,0.9883,0.00921,269.83,54.25,0.57237052,0.7269105604,2.30,1.610643e-08,1.097968e-08,2.161251e-08,1.483593e-08,97.53,99.70,9215.58,9420.61,47.76,49.00
3.30762,3,0.2003,0.061,0.049,5.413,5.719,0.9883,0.00921,269.83,54.25,0.57236952,0.7269092904,2.30,1.612349e-08,1.098629e-08,2.168521e-08,1.486044e-08,97.39,99.16,9202.37,9369.55,47.68,48.69
3.30788,3,0.2004,0.061,0.049,5.412,5.719,0.9883,0.00921,269.83,54.25,0.57236848,0.7269079695999999,2.30,1.613141e-08,1.099474e-08,2.172538e-08,1.489097e-08,97.53,99.28,9214.99,9380.23,47.75,48.76
3.30812,3,0.2004,0.061,0.049,5.412,5.719,0.9883,0.00921,269.83,54.25,0.5723675199999999,0.7269067503999999,2.30,1.614744e-08,1.101725e-08,2.176191e-08,1.49238e-08,97.85,99.44,9245.52,9395.83,47.94,48.85
3.30837,3,0.2004,0.061,0.049,5.412,5.719,0.9883,0.00921,269.83,54.25,0.57236652,0.7269054804,2.30,1.615177e-08,1.102165e-08,2.17965e-08,1.494787e-08,97.89,99.45,9249.34,9396.52,47.96,48.85
3.30863,3,0.2004,0.061,0.049,5.412,5.719,0.9883,0.00921,269.83,54.25,0.57236548,0.7269041596,2.30,1.617157e-08,1.103802e-08,2.185696e-08,1.498893e-08,97.97,99.44,9256.89,9395.72,48.01,48.85
3.30888,3,0.2005,0.061,0.049,5.412,5.719,0.9883,0.00921,269.84,54.25,0.57236448,0.7269028895999999,2.30,1.617956e-08,1.104043e-08,2.192198e-08,1.501363e-08,97.94,99.07,9253.47,9360.94,47.99,48.64
3.30912,3,0.2005,0.061,0.049,5.412,5.719,0.9883,0.00921,269.84,54.25,0.5723635199999999,0.7269016703999999,2.30,1.620925e-08,1.105872e-08,2.196242e-08,1.505259e-08,97.88,99.31,9248.28,9383.22,47.96,48.77
3.30938,3,0.2005,0.061,0.049,5.412,5.719,0.9883,0.00921,269.84,54.25,0.57236248,0.7269003496,2.30,1.622814e-08,1.107195e-08,2.202201e-08,1.508372e-08,97.89,99.11,9249.18,9364.06,47.96,48.66
3.30963,3,0.2006,0.061,0.049,5.412,5.719,0.9883,0.00921,269.84,54.25,0.57236148,0.7268990796,2.30,1.62361e-08,1.108404e-08,2.207274e-08,1.511627e-08,98.12,99.11,9271.33,9364.41,48.09,48.66
3.30987,3,0.2006,0.061,0.049,5.412,5.719,0.9883,0.00921,269.84,54.25,0.5723605199999999,0.7268978603999999,2.30,1.625577e-08,1.109145e-08,2.213273e-08,1.516595e-08,97.96,99.29,9255.50,9381.28,48.00,48.76
3.31013,3,0.2006,0.061,0.049,5.412,5.719,0.9883,0.00921,269.84,54.25,0.5723594799999999,0.7268965395999999,2.30,1.627192e-08,1.111526e-08,2.217827e-08,1.519612e-08,98.31,99.27,9289.15,9379.25,48.20,48.75
3.31038,3,0.2006,0.061,0.049,5.412,5.719,0.9883,0.00921,269.84,54.25,0.57235848,0.7268952696000001,2.30,1.630855e-08,1.111945e-08,2.224938e-08,1.523462e-08,97.74,99.06,9234.55,9359.30,47.87,48.63
3.31062,3,0.2007,0.061,0.049,5.412,5.719,0.9883,0.00921,269.84,54.25,0.57235752,0.7268940504,2.30,1.632263e-08,1.113727e-08,2.231453e-08,1.527429e-08,98.01,99.00,9260.64,9354.37,48.03,48.60
3.31087,3,0.2007,0.061,0.049,5.412,5.719,0.9883,0.00921,269.84,54.25,0.5723565199999999,0.7268927803999999,2.30,1.634509e-08,1.114393e-08,2.238155e-08,1.530777e-08,97.77,98.75,9238.03,9330.43,47.89,48.45
3.31113,3,0.2007,0.061,0.049,5.412,5.719,0.9883,0.00921,269.84,54.25,0.5723554799999999,0.7268914595999999,2.30,1.636664e-08,1.115385e-08,2.24554e-08,1.535502e-08,97.64,98.68,9225.62,9324.16,47.82,48.41
3.31137,3,0.2007,0.061,0.049,5.412,5.719,0.9883,0.00921,269.84,54.25,0.57235452,0.7268902403999999,2.30,1.638808e-08,1.117129e-08,2.25093e-08,1.540293e-08,97.72,98.91,9232.96,9345.37,47.86,48.54
3.31162,3,0.2008,0.061,0.049,5.412,5.719,0.9883,0.00921,269.84,54.25,0.57235352,0.7268889704,2.30,1.641918e-08,1.118011e-08,2.257502e-08,1.544265e-08,97.43,98.85,9205.54,9339.97,47.70,48.51
3.31188,3,0.2008,0.061,0.049,5.412,5.719,0.9883,0.00921,269.84,54.25,0.5723524799999999,0.7268876496,2.30,1.643364e-08,1.119832e-08,2.264825e-08,1.548146e-08,97.66,98.62,9227.14,9318.47,47.83,48.38
3.31212,3,0.2008,0.061,0.049,5.412,5.719,0.9883,0.00921,269.84,54.25,0.57235152,0.7268864304,2.30,1.646986e-08,1.121592e-08,2.271225e-08,1.552526e-08,97.46,98.62,9208.89,9318.57,47.72,48.38
3.31237,3,0.2009,0.061,0.049,5.412,5.719,0.9883,0.00921,269.84,54.25,0.57235052,0.7268851604,2.30,1.647848e-08,1.122069e-08,2.277121e-08,1.556235e-08,97.48,98.61,9210.64,9317.13,47.73,48.37
3.31263,3,0.2009,0.061,0.049,5.412,5.719,0.9883,0.00921,269.84,54.25,0.57234948,0.7268838395999999,2.30,1.652124e-08,1.124003e-08,2.285446e-08,1.562403e-08,97.22,98.71,9185.60,9326.15,47.57,48.43
3.31288,3,0.2009,0.061,0.049,5.412,5.719,0.9883,0.00921,269.84,54.25,0.5723484799999999,0.7268825696,2.30,1.653422e-08,1.126203e-08,2.292203e-08,1.565048e-08,97.57,98.31,9219.33,9289.11,47.78,48.20
3.31312,3,0.2009,0.061,0.049,5.412,5.719,0.9883,0.00921,269.84,54.25,0.57234752,0.7268813504,2.30,1.657759e-08,1.127859e-08,2.29935e-08,1.568567e-08,97.22,98.04,9186.17,9263.78,47.58,48.05
3.31338,3,0.2010,0.061,0.049,5.412,5.719,0.9883,0.00921,269.84,54.25,0.57234648,0.7268800296,2.30,1.659527e-08,1.128571e-08,2.306407e-08,1.572222e-08,97.14,97.87,9178.25,9246.94,47.53,47.95
3.31363,3,0.2010,0.061,0.049,5.412,5.719,0.9883,0.00921,269.84,54.25,0.57234548,0.7268787595999999,2.30,1.663552e-08,1.130377e-08,2.314241e-08,1.57764e-08,96.89,97.88,9154.68,9248.37,47.39,47.95
3.31387,3,0.2010,0.061,0.049,5.412,5.719,0.9883,0.00921,269.84,54.25,0.5723445199999999,0.7268775403999999,2.30,1.664977e-08,1.132515e-08,2.32107e-08,1.581461e-08,97.20,97.72,9184.28,9233.07,47.57,47.86
3.31413,3,0.2011,0.061,0.049,5.411,5.719,0.9883,0.00921,269.84,54.25,0.5723434799999999,0.7268762195999999,2.30,1.668739e-08,1.133416e-08,2.327922e-08,1.584828e-08,96.81,97.52,9147.01,9213.91,47.34,47.75
3.31438,3,0.2011,0.060,0.049,5.411,5.719,0.9883,0.00921,269.84,54.25,0.57234248,0.7268749496,2.30,1.671391e-08,1.134921e-08,2.332428e-08,1.588085e-08,96.73,97.55,9139.37,9217.15,47.29,47.76
3.31462,3,0.2011,0.060,0.049,5.411,5.719,0.9883,0.00921,269.84,54.25,0.5723415199999999,0.7268737303999999,2.30,1.676391e-08,1.136271e-08,2.33953e-08,1.590638e-08,96.19,97.11,9088.41,9175.89,46.98,47.51
3.31487,3,0.2011,0.060,0.049,5.411,5.719,0.9883,0.00921,269.84,54.25,0.5723405199999999,0.7268724603999999,2.30,1.678383e-08,1.138375e-08,2.346085e-08,1.593894e-08,96.39,96.89,9107.12,9154.35,47.10,47.38
3.31513,3,0.2012,0.060,0.049,5.411,5.719,0.9883,0.00921,269.84,54.25,0.57233948,0.7268711396,2.30,1.682069e-08,1.139968e-08,2.35179e-08,1.596517e-08,96.20,96.70,9089.17,9136.53,46.99,47.28
3.31537,3,0.2012,0.060,0.049,5.411,5.719,0.9883,0.00921,269.84,54.25,0.57233852,0.7268699204,2.30,1.685325e-08,1.14219e-08,2.358516e-08,1.599041e-08,96.20,96.32,9089.55,9100.35,46.99,47.06
3.31562,3,0.2012,0.060,0.049,5.411,5.719,0.9883,0.00921,269.84,54.25,0.5723375199999999,0.7268686503999999,2.30,1.688163e-08,1.144937e-08,2.362056e-08,1.602551e-08,96.42,96.52,9109.89,9119.96,47.11,47.18
3.31588,3,0.2012,0.060,0.049,5.411,5.719,0.9883,0.00921,269.84,54.25,0.5723364799999999,0.7268673295999999,2.30,1.691193e-08,1.145969e-08,2.368039e-08,1.604064e-08,96.15,96.05,9084.68,9075.16,46.96,46.90
3.31612,3,0.2013,0.060,0.049,5.411,5.719,0.9883,0.00921,269.84,54.25,0.57233552,0.7268661104,2.30,1.695127e-08,1.147666e-08,2.372837e-08,1.606822e-08,95.95,96.01,9065.46,9071.06,46.85,46.88
3.31637,3,0.2013,0.060,0.049,5.411,5.719,0.9883,0.00921,269.84,54.25,0.57233452,0.7268648404,2.30,1.698511e-08,1.150748e-08,2.377778e-08,1.608017e-08,96.15,95.61,9084.80,9033.63,46.96,46.65
3.31663,3,0.2013,0.060,0.049,5.411,5.719,0.9883,0.00921,269.84,54.25,0.57233348,0.7268635196,2.30,1.70224e-08,1.151844e-08,2.382029e-08,1.609682e-08,95.78,95.39,9049.95,9012.71,46.75,46.53
3.31688,3,0.2014,0.060,0.049,5.411,5.719,0.9883,0.00921,269.84,54.25,0.5723324799999999,0.7268622495999999,2.30,1.704895e-08,1.154422e-08,2.384473e-08,1.610762e-08,96.03,95.33,9073.44,9007.33,46.89,46.49
3.31712,3,0.2014,0.060,0.049,5.411,5.719,0.9883,0.00921,269.84,54.25,0.57233152,0.7268610303999999,2.30,1.707908e-08,1.156499e-08,2.389971e-08,1.611568e-08,96.04,94.80,9074.33,8957.51,46.90,46.19
3.31738,3,0.2014,0.060,0.049,5.411,5.719,0.9883,0.00921,269.84,54.25,0.57233048,0.7268597096,2.30,1.71204e-08,1.158926e-08,2.393624e-08,1.613392e-08,95.94,94.69,9065.35,8946.63,46.84,46.13
3.31763,3,0.2014,0.060,0.049,5.411,5.719,0.9883,0.00921,269.84,54.25,0.57232948,0.7268584396,2.30,1.715048e-08,1.161242e-08,2.39761e-08,1.61387e-08,96.02,94.29,9072.11,8909.22,46.89,45.90
3.31787,3,0.2015,0.060,0.049,5.411,5.719,0.9883,0.00921,269.84,54.25,0.57232852,0.7268572204,2.30,1.72032e-08,1.163801e-08,2.401947e-08,1.614926e-08,95.81,94.01,9052.27,8882.29,46.76,45.74
3.31813,3,0.2015,0.060,0.049,5.411,5.719,0.9883,0.00921,269.84,54.25,0.57232748,0.7268558996,2.30,1.72364e-08,1.166474e-08,2.403693e-08,1.615718e-08,95.91,93.94,9062.53,8875.89,46.83,45.70
3.31838,3,0.2015,0.060,0.049,5.411,5.719,0.9883,0.00921,269.84,54.25,0.57232648,0.7268546296,2.30,1.72682e-08,1.168103e-08,2.405558e-08,1.616245e-08,95.78,93.81,9049.99,8863.74,46.75,45.62
3.31862,3,0.2015,0.060,0.049,5.411,5.719,0.9883,0.00921,269.84,54.25,0.5723255199999999,0.7268534104,2.30,1.730703e-08,1.170607e-08,2.40785e-08,1.616081e-08,95.75,93.51,9047.06,8835.34,46.73,45.45
3.31887,3,0.2016,0.060,0.049,5.411,5.719,0.9883,0.00921,269.84,54.25,0.57232452,0.7268521404,2.30,1.733967e-08,1.173541e-08,2.410378e-08,1.617682e-08,95.98,93.54,9068.89,8838.14,46.87,45.47
3.31913,3,0.2016,0.060,0.049,5.411,5.719,0.9883,0.00921,269.84,54.25,0.57232348,0.7268508196,2.30,1.737937e-08,1.17482e-08,2.41186e-08,1.616151e-08,95.63,93.10,9035.39,8796.34,46.66,45.21
3.31937,3,0.2016,0.060,0.049,5.411,5.719,0.9883,0.00921,269.84,54.25,0.57232252,0.7268496003999999,2.30,1.741905e-08,1.178568e-08,2.413826e-08,1.616832e-08,95.90,92.99,9060.68,8785.86,46.82,45.15
3.31962,3,0.2017,0.060,0.049,5.411,5.719,0.9883,0.00921,269.84,54.25,0.5723215199999999,0.7268483303999999,2.30,1.745498e-08,1.17968e-08,2.417046e-08,1.617487e-08,95.61,92.77,9033.94,8765.56,46.65,45.03
3.31988,3,0.2017,0.060,0.049,5.411,5.719,0.9883,0.00921,269.84,54.25,0.5723204799999999,0.7268470095999999,2.30,1.749999e-08,1.183457e-08,2.418207e-08,1.617523e-08,95.80,92.64,9051.28,8753.44,46.76,44.95
3.32012,3,0.2017,0.060,0.049,5.411,5.719,0.9883,0.00921,269.84,54.25,0.57231952,0.7268457904,2.30,1.75475e-08,1.185332e-08,2.418071e-08,1.618467e-08,95.46,92.82,9019.83,8770.38,46.57,45.06
3.32037,3,0.2017,0.060,0.049,5.411,5.719,0.9883,0.00921,269.84,54.25,0.5723185199999999,0.7268445203999999,2.30,1.759193e-08,1.188963e-08,2.41943e-08,1.618857e-08,95.62,92.73,9034.58,8761.88,46.66,45.00
3.32063,3,0.2018,0.060,0.049,5.410,5.719,0.9883,0.00921,269.84,54.25,0.5723174799999999,0.7268431995999999,2.30,1.761084e-08,1.191258e-08,2.421512e-08,1.617923e-08,95.92,92.38,9062.92,8728.28,46.83,44.80
3.32088,3,0.2018,0.060,0.049,5.410,5.719,0.9883,0.00921,269.84,54.25,0.5723164799999999,0.7268419295999999,2.30,1.766023e-08,1.193763e-08,2.422306e-08,1.618723e-08,95.71,92.42,9043.35,8732.66,46.71,44.83
3.32112,3,0.2018,0.060,0.049,5.410,5.719,0.9883,0.00921,269.84,54.25,0.57231552,0.7268407104,2.30,1.770369e-08,1.197316e-08,2.424594e-08,1.618105e-08,95.86,92.06,9057.72,8697.87,46.80,44.62
3.32138,3,0.2019,0.060,0.049,5.410,5.719,0.9883,0.00921,269.84,54.25,0.57231448,0.7268393895999999,2.30,1.774033e-08,1.199471e-08,2.428191e-08,1.619301e-08,95.83,91.90,9054.67,8682.76,46.78,44.53
3.32163,3,0.2019,0.060,0.049,5.410,5.719,0.9883,0.00921,269.84,54.25,0.5723134799999999,0.7268381195999999,2.30,1.779347e-08,1.202655e-08,2.427358e-08,1.620012e-08,95.73,92.11,9045.18,8703.19,46.72,44.65
3.32187,3,0.2019,0.060,0.049,5.410,5.719,0.9883,0.00921,269.84,54.25,0.57231252,0.7268369004,2.30,1.78388e-08,1.204589e-08,2.428846e-08,1.619976e-08,95.46,91.94,9019.08,8686.60,46.56,44.55
3.32213,3,0.2019,0.060,0.049,5.410,5.719,0.9883,0.00921,269.84,54.25,0.57231148,0.7268355796,2.30,1.788692e-08,1.208566e-08,2.429847e-08,1.620897e-08,95.63,91.98,9035.83,8690.68,46.66,44.57
3.32238,3,0.2020,0.060,0.049,5.410,5.719,0.9883,0.00921,269.84,54.25,0.57231048,0.7268343096,2.30,1.792206e-08,1.212332e-08,2.433909e-08,1.621651e-08,96.02,91.69,9072.41,8663.60,46.89,44.41
3.32262,3,0.2020,0.060,0.048,5.410,5.719,0.9883,0.00921,269.84,54.25,0.5723095199999999,0.7268330903999999,2.30,1.797285e-08,1.214868e-08,2.433565e-08,1.6216e-08,95.80,91.73,9051.89,8666.64,46.76,44.43
3.32287,3,0.2020,0.060,0.048,5.410,5.719,0.9883,0.00921,269.84,54.25,0.57230852,0.7268318203999999,2.30,1.801771e-08,1.217311e-08,2.436897e-08,1.622336e-08,95.66,91.47,9038.39,8642.94,46.68,44.28
3.32313,3,0.2020,0.060,0.048,5.410,5.719,0.9883,0.00921,269.84,54.25,0.57230748,0.7268304996,2.30,1.807396e-08,1.221292e-08,2.43776e-08,1.623055e-08,95.70,91.50,9042.51,8645.24,46.70,44.30
3.32337,3,0.2021,0.060,0.048,5.410,5.719,0.9883,0.00921,269.84,54.25,0.5723065199999999,0.7268292803999999,2.30,1.811005e-08,1.224529e-08,2.442198e-08,1.625329e-08,95.94,91.43,9065.21,8638.69,46.84,44.26
3.32362,3,0.2021,0.060,0.048,5.410,5.719,0.9883,0.00921,269.84,54.25,0.57230552,0.7268280104,2.30,1.817197e-08,1.228177e-08,2.444736e-08,1.625147e-08,95.81,91.12,9052.95,8609.06,46.77,44.08
3.32388,3,0.2021,0.060,0.048,5.410,5.719,0.9883,0.00921,269.84,54.25,0.57230448,0.7268266896,2.30,1.823005e-08,1.231891e-08,2.445878e-08,1.628153e-08,95.76,91.49,9048.16,8644.65,46.74,44.29
3.32412,3,0.2022,0.060,0.048,5.410,5.719,0.9883,0.00921,269.84,54.25,0.57230352,0.7268254704,2.30,1.828424e-08,1.234433e-08,2.451911e-08,1.630246e-08,95.54,91.22,9027.38,8618.51,46.61,44.14
3.32437,3,0.2022,0.060,0.048,5.410,5.719,0.9883,0.00921,269.84,54.25,0.5723025199999999,0.7268242004,2.30,1.835079e-08,1.238989e-08,2.453725e-08,1.632044e-08,95.56,91.31,9028.79,8627.85,46.62,44.19
3.32463,3,0.2022,0.060,0.048,5.410,5.719,0.9883,0.00921,269.84,54.25,0.5723014799999999,0.7268228795999999,2.30,1.838728e-08,1.242092e-08,2.457071e-08,1.632201e-08,95.71,90.97,9043.12,8595.32,46.71,44.00
3.32488,3,0.2022,0.060,0.048,5.410,5.719,0.9883,0.00921,269.84,54.25,0.57230048,0.7268216096,2.30,1.845637e-08,1.245972e-08,2.462644e-08,1.635988e-08,95.52,90.98,9025.55,8596.65,46.60,44.00
3.32512,3,0.2023,0.060,0.048,5.410,5.719,0.9883,0.00921,269.84,54.25,0.57229952,0.7268203903999999,2.30,1.850956e-08,1.249674e-08,2.467173e-08,1.638095e-08,95.60,90.88,9032.48,8586.82,46.64,43.94
3.32538,3,0.2023,0.060,0.048,5.410,5.719,0.9883,0.00921,269.84,54.25,0.5722984799999999,0.7268190696,2.30,1.857403e-08,1.254259e-08,2.47215e-08,1.639802e-08,95.65,90.62,9037.64,8562.00,46.67,43.79
3.32563,3,0.2023,0.060,0.048,5.410,5.719,0.9883,0.00922,269.84,54.25,0.5722974799999999,0.7268177995999999,2.30,1.864214e-08,1.257333e-08,2.476597e-08,1.642585e-08,95.30,90.59,9004.00,8559.42,46.47,43.78
3.32587,3,0.2024,0.060,0.048,5.409,5.719,0.9883,0.00922,269.84,54.25,0.57229652,0.7268165804,2.30,1.869718e-08,1.261509e-08,2.482767e-08,1.645003e-08,95.45,90.36,9018.63,8537.85,46.56,43.65
3.32613,3,0.2024,0.060,0.048,5.409,5.719,0.9883,0.00922,269.84,54.25,0.57229548,0.7268152595999999,2.30,1.877662e-08,1.26595e-08,2.488329e-08,1.648331e-08,95.24,90.30,8998.56,8532.37,46.44,43.61
3.32638,3,0.2024,0.060,0.048,5.409,5.719,0.9883,0.00922,269.84,54.25,0.5722944799999999,0.7268139896,2.30,1.883221e-08,1.269301e-08,2.492923e-08,1.651295e-08,95.15,90.29,8989.93,8531.15,46.38,43.61
3.32662,3,0.2024,0.060,0.048,5.409,5.719,0.9883,0.00922,269.84,54.25,0.57229352,0.7268127704,2.30,1.889361e-08,1.273357e-08,2.499442e-08,1.654862e-08,95.13,90.17,8988.14,8519.70,46.37,43.54
3.32687,3,0.2025,0.060,0.048,5.409,5.719,0.9883,0.00922,269.84,54.25,0.57229252,0.7268115004,2.30,1.897883e-08,1.277713e-08,2.503862e-08,1.658029e-08,94.86,90.25,8962.73,8527.57,46.22,43.58
3.32713,3,0.2025,0.060,0.048,5.409,5.719,0.9883,0.00922,269.84,54.25,0.57229148,0.7268101795999999,2.30,1.906184e-08,1.281932e-08,2.509113e-08,1.661683e-08,94.55,90.28,8933.52,8530.26,46.04,43.60
3.32737,3,0.2025,0.060,0.048,5.409,5.719,0.9883,0.00922,269.84,54.25,0.5722905199999999,0.7268089603999999,2.30,1.9103e-08,1.286568e-08,2.51803e-08,1.664193e-08,94.97,89.74,8973.31,8479.04,46.28,43.29
3.32762,3,0.2026,0.060,0.048,5.409,5.719,0.9883,0.00922,269.84,54.25,0.57228952,0.7268076904,2.30,1.919262e-08,1.290648e-08,2.520639e-08,1.668816e-08,94.58,90.25,8936.26,8526.90,46.06,43.58
3.32788,3,0.2026,0.060,0.048,5.409,5.719,0.9883,0.00922,269.84,54.25,0.57228848,0.7268063696,2.30,1.926996e-08,1.294492e-08,2.526538e-08,1.672911e-08,94.28,90.28,8907.75,8529.76,45.89,43.60
3.32812,3,0.2026,0.060,0.048,5.409,5.719,0.9883,0.00922,269.84,54.25,0.5722875199999999,0.7268051503999999,2.30,1.935004e-08,1.299162e-08,2.531269e-08,1.677306e-08,94.12,90.48,8892.96,8548.80,45.80,43.71
3.32837,3,0.2026,0.060,0.048,5.409,5.719,0.9883,0.00922,269.84,54.25,0.5722865199999999,0.7268038803999999,2.30,1.942387e-08,1.302988e-08,2.538941e-08,1.680136e-08,93.87,90.12,8869.53,8514.95,45.65,43.51
3.32863,3,0.2027,0.060,0.048,5.409,5.719,0.9883,0.00922,269.84,54.25,0.57228548,0.7268025596000001,2.30,1.948608e-08,1.307672e-08,2.544436e-08,1.683811e-08,94.03,90.17,8884.45,8519.73,45.75,43.54
3.32888,3,0.2027,0.060,0.048,5.409,5.719,0.9883,0.00922,269.84,54.25,0.57228448,0.7268012896,2.30,1.95812e-08,1.312242e-08,2.549554e-08,1.688315e-08,93.64,90.35,8847.28,8536.43,45.52,43.64
3.32912,3,0.2027,0.060,0.048,5.409,5.719,0.9883,0.00922,269.84,54.25,0.5722835199999999,0.7268000703999999,2.30,1.965055e-08,1.315973e-08,2.5548e-08,1.691325e-08,93.44,90.27,8828.64,8529.50,45.41,43.60
3.32938,3,0.2027,0.060,0.048,5.409,5.719,0.9883,0.00922,269.84,54.25,0.5722824799999999,0.7267987495999999,2.30,1.972409e-08,1.319414e-08,2.559603e-08,1.696137e-08,93.12,90.53,8798.68,8553.86,45.23,43.74
3.32963,3,0.2028,0.060,0.048,5.409,5.719,0.9883,0.00922,269.84,54.25,0.57228148,0.7267974796000001,2.30,1.981031e-08,1.324123e-08,2.569095e-08,1.698574e-08,92.94,89.97,8781.81,8500.92,45.12,43.42
3.32987,3,0.2028,0.060,0.048,5.409,5.719,0.9883,0.00922,269.84,54.25,0.57228052,0.7267962604,2.30,1.989133e-08,1.328225e-08,2.576914e-08,1.703698e-08,92.67,89.96,8755.71,8500.24,44.96,43.42
3.33012,3,0.2028,0.060,0.048,5.409,5.719,0.9883,0.00922,269.84,54.25,0.5722795199999999,0.7267949904,2.30,1.99646e-08,1.332363e-08,2.580861e-08,1.707242e-08,92.51,90.11,8740.81,8514.00,44.87,43.50
3.33038,3,0.2029,0.060,0.048,5.409,5.719,0.9883,0.00922,269.84,54.25,0.5722784799999999,0.7267936695999999,2.30,2.004068e-08,1.337054e-08,2.585967e-08,1.709475e-08,92.48,89.98,8737.53,8501.38,44.85,43.42
3.33062,3,0.2029,0.060,0.048,5.409,5.719,0.9883,0.00922,269.84,54.25,0.57227752,0.7267924504,2.30,2.011453e-08,1.340277e-08,2.595457e-08,1.713101e-08,92.12,89.57,8704.28,8462.79,44.65,43.19
3.33087,3,0.2029,0.060,0.048,5.409,5.719,0.9883,0.00922,269.84,54.25,0.57227652,0.7267911803999999,2.30,2.019622e-08,1.343952e-08,2.59722e-08,1.716281e-08,91.76,89.88,8670.09,8492.14,44.45,43.37
3.33113,3,0.2029,0.060,0.048,5.409,5.719,0.9883,0.00922,269.84,54.25,0.57227548,0.7267898596,2.30,2.02567e-08,1.346694e-08,2.602536e-08,1.71994e-08,91.50,89.90,8645.48,8494.27,44.30,43.38
3.33137,3,0.2030,0.060,0.048,5.409,5.719,0.9883,0.00922,269.84,54.25,0.57227452,0.7267886404,2.30,2.032297e-08,1.350147e-08,2.609705e-08,1.723059e-08,91.35,89.70,8631.57,8474.97,44.21,43.26
3.33162,3,0.2030,0.060,0.048,5.409,5.719,0.9883,0.00922,269.84,54.25,0.57227352,0.7267873704,2.30,2.040695e-08,1.353476e-08,2.613166e-08,1.725106e-08,90.90,89.66,8589.02,8471.53,43.95,43.24
3.33188,3,0.2030,0.060,0.048,5.409,5.719,0.9883,0.00922,269.84,54.25,0.57227248,0.7267860495999999,2.30,2.04816e-08,1.356747e-08,2.619865e-08,1.728282e-08,90.57,89.47,8557.56,8453.59,43.76,43.13
3.33213,3,0.2031,0.060,0.048,5.408,5.719,0.9883,0.00922,269.84,54.25,0.5722714799999999,0.7267847796,2.30,2.054195e-08,1.361118e-08,2.623785e-08,1.731954e-08,90.69,89.68,8568.73,8473.37,43.83,43.25
3.33237,3,0.2031,0.060,0.048,5.408,5.719,0.9883,0.00922,269.84,54.25,0.57227052,0.7267835604,2.30,2.05995e-08,1.363344e-08,2.628765e-08,1.735516e-08,90.38,89.72,8539.27,8477.32,43.65,43.28
3.33263,3,0.2031,0.060,0.048,5.408,5.719,0.9883,0.00922,269.84,54.25,0.57226948,0.7267822396,2.30,2.066843e-08,1.365895e-08,2.632102e-08,1.737521e-08,89.99,89.69,8502.25,8474.47,43.43,43.26
3.33288,3,0.2031,0.060,0.048,5.408,5.719,0.9883,0.00922,269.84,54.25,0.57226848,0.7267809695999999,2.30,2.073937e-08,1.368839e-08,2.635619e-08,1.739761e-08,89.65,89.68,8470.42,8473.30,43.24,43.25
3.33312,3,0.2032,0.060,0.048,5.408,5.719,0.9883,0.00922,269.84,54.25,0.5722675199999999,0.7267797503999999,2.30,2.078344e-08,1.370815e-08,2.641952e-08,1.742393e-08,89.51,89.49,8457.67,8455.37,43.16,43.14
3.33338,3,0.2032,0.060,0.048,5.408,5.719,0.9883,0.00922,269.84,54.25,0.5722664799999999,0.7267784295999999,2.30,2.086237e-08,1.373338e-08,2.644659e-08,1.744682e-08,89.00,89.56,8409.41,8462.54,42.87,43.19
3.33363,3,0.2032,0.060,0.048,5.408,5.719,0.9883,0.00922,269.84,54.25,0.57226548,0.7267771596,2.30,2.091457e-08,1.375835e-08,2.649125e-08,1.747268e-08,88.83,89.51,8392.64,8457.42,42.76,43.16
3.33387,3,0.2032,0.060,0.048,5.408,5.719,0.9883,0.00922,269.84,54.25,0.5722645199999999,0.7267759403999999,2.30,2.09561e-08,1.377693e-08,2.653258e-08,1.749125e-08,88.66,89.38,8377.11,8445.10,42.67,43.08
3.33412,3,0.2033,0.060,0.048,5.408,5.719,0.9883,0.00922,269.84,54.25,0.5722635199999999,0.7267746703999999,2.30,2.100733e-08,1.380573e-08,2.654888e-08,1.751678e-08,88.61,89.65,8372.59,8470.23,42.64,43.23
3.33438,3,0.2033,0.059,0.048,5.408,5.719,0.9883,0.00922,269.85,54.25,0.5722624799999999,0.7267733495999998,2.30,2.104905e-08,1.383433e-08,2.659994e-08,1.753202e-08,88.63,89.37,8374.50,8443.93,42.65,43.07
3.33462,3,0.2033,0.059,0.048,5.408,5.719,0.9883,0.00922,269.85,54.25,0.57226152,0.7267721304,2.30,2.109871e-08,1.384018e-08,2.662957e-08,1.754733e-08,88.14,89.30,8327.47,8437.98,42.37,43.04
3.33487,3,0.2034,0.059,0.048,5.408,5.719,0.9883,0.00922,269.85,54.25,0.5722605199999999,0.7267708603999999,2.30,2.113218e-08,1.385135e-08,2.665981e-08,1.75788e-08,87.98,89.52,8312.75,8458.41,42.28,43.16
3.33513,3,0.2034,0.059,0.048,5.408,5.719,0.9883,0.00922,269.85,54.25,0.5722594799999999,0.7267695395999999,2.30,2.116469e-08,1.386458e-08,2.669635e-08,1.760679e-08,87.83,89.58,8298.72,8463.91,42.20,43.20
3.33537,3,0.2034,0.059,0.048,5.408,5.719,0.9883,0.00922,269.85,54.25,0.57225852,0.7267683204000001,2.30,2.120852e-08,1.388621e-08,2.673973e-08,1.762383e-08,87.70,89.41,8286.47,8447.62,42.12,43.10
3.33562,3,0.2034,0.059,0.048,5.408,5.719,0.9883,0.00922,269.85,54.25,0.57225752,0.7267670504,2.30,2.12337e-08,1.389381e-08,2.677915e-08,1.764039e-08,87.54,89.27,8271.14,8434.41,42.03,43.02
3.33588,3,0.2035,0.059,0.048,5.408,5.719,0.9883,0.00922,269.85,54.25,0.57225648,0.7267657296,2.30,2.129411e-08,1.390424e-08,2.681083e-08,1.766254e-08,87.06,89.33,8225.41,8440.35,41.75,43.05
3.33613,3,0.2035,0.059,0.048,5.408,5.719,0.9883,0.00922,269.85,54.25,0.5722554799999999,0.7267644595999999,2.30,2.131201e-08,1.392272e-08,2.685437e-08,1.769748e-08,87.18,89.42,8236.99,8449.10,41.82,43.11
3.33637,3,0.2035,0.059,0.048,5.408,5.719,0.9883,0.00922,269.85,54.25,0.57225452,0.7267632404,2.30,2.132965e-08,1.392765e-08,2.687472e-08,1.771854e-08,87.06,89.54,8225.76,8459.81,41.75,43.17
3.33663,3,0.2036,0.059,0.048,5.408,5.719,0.9883,0.00922,269.85,54.25,0.57225348,0.7267619196,2.30,2.136436e-08,1.394e-08,2.691626e-08,1.774293e-08,86.92,89.54,8212.29,8459.77,41.67,43.17
3.33688,3,0.2036,0.059,0.048,5.408,5.719,0.9883,0.00922,269.85,54.25,0.57225248,0.7267606496,2.30,2.138294e-08,1.393942e-08,2.693213e-08,1.77689e-08,86.69,89.77,8190.81,8481.50,41.54,43.30
3.33712,3,0.2036,0.059,0.048,5.408,5.719,0.9883,0.00922,269.85,54.25,0.57225152,0.7267594304,2.30,2.139e-08,1.394487e-08,2.699545e-08,1.780308e-08,86.70,89.65,8192.24,8470.87,41.55,43.24
3.33738,3,0.2036,0.059,0.048,5.408,5.719,0.9883,0.00922,269.85,54.25,0.57225048,0.7267581096,2.30,2.142766e-08,1.396339e-08,2.70387e-08,1.783434e-08,86.60,89.69,8182.09,8474.69,41.49,43.26
3.33763,3,0.2037,0.059,0.048,5.408,5.719,0.9883,0.00922,269.85,54.25,0.57224948,0.7267568395999999,2.30,2.14626e-08,1.396803e-08,2.708734e-08,1.786244e-08,86.32,89.68,8155.72,8473.30,41.33,43.25
3.33787,3,0.2037,0.059,0.048,5.408,5.719,0.9883,0.00922,269.85,54.25,0.5722485199999999,0.7267556204,2.30,2.147516e-08,1.397345e-08,2.712151e-08,1.789224e-08,86.27,89.79,8151.12,8483.42,41.30,43.31
3.33812,3,0.2037,0.059,0.048,5.408,5.719,0.9883,0.00922,269.85,54.25,0.57224752,0.7267543504,2.30,2.148731e-08,1.396988e-08,2.715895e-08,1.793938e-08,86.07,90.12,8131.99,8514.72,41.18,43.50
3.33838,3,0.2037,0.059,0.048,5.408,5.719,0.9883,0.00922,269.85,54.25,0.57224648,0.7267530296,2.30,2.151408e-08,1.396817e-08,2.720731e-08,1.797781e-08,85.73,90.21,8100.31,8523.78,40.99,43.56
3.33862,3,0.2038,0.059,0.048,5.407,5.719,0.9883,0.00922,269.85,54.25,0.57224552,0.7267518103999999,2.30,2.151804e-08,1.397678e-08,2.728686e-08,1.800285e-08,85.88,89.85,8114.28,8489.70,41.08,43.35
3.33887,3,0.2038,0.059,0.048,5.407,5.719,0.9883,0.00922,269.85,54.25,0.5722445199999999,0.7267505403999999,2.30,2.154364e-08,1.39911e-08,2.73098e-08,1.803548e-08,85.84,90.11,8110.46,8513.98,41.05,43.50
3.33913,3,0.2038,0.059,0.048,5.407,5.719,0.9883,0.00922,269.85,54.25,0.5722434799999999,0.7267492195999999,2.30,2.155808e-08,1.39895e-08,2.736629e-08,1.807355e-08,85.65,90.12,8092.35,8515.04,40.94,43.50
3.33937,3,0.2039,0.059,0.048,5.407,5.719,0.9883,0.00922,269.85,54.25,0.57224252,0.7267480004,2.30,2.157491e-08,1.399495e-08,2.742049e-08,1.811367e-08,85.59,90.23,8087.31,8525.21,40.91,43.57
3.33962,3,0.2039,0.059,0.048,5.407,5.719,0.9883,0.00922,269.85,54.25,0.57224152,0.7267467303999999,2.30,2.159485e-08,1.399656e-08,2.745274e-08,1.815421e-08,85.40,90.51,8068.73,8551.90,40.80,43.73
3.33988,3,0.2039,0.059,0.048,5.407,5.719,0.9883,0.00922,269.85,54.25,0.5722404799999999,0.7267454095999999,2.30,2.160557e-08,1.398284e-08,2.75161e-08,1.81789e-08,85.04,90.26,8034.98,8528.07,40.60,43.58
3.34013,3,0.2039,0.059,0.048,5.407,5.719,0.9883,0.00922,269.85,54.25,0.5722394799999999,0.7267441396,2.30,2.159391e-08,1.400718e-08,2.756015e-08,1.821616e-08,85.59,90.38,8087.16,8539.34,40.91,43.65
3.34037,3,0.2040,0.059,0.048,5.407,5.719,0.9883,0.00922,269.85,54.25,0.57223852,0.7267429204,2.30,2.1606e-08,1.400244e-08,2.759775e-08,1.823778e-08,85.42,90.37,8070.48,8539.06,40.81,43.65
3.34063,3,0.2040,0.059,0.048,5.407,5.719,0.9883,0.00922,269.85,54.25,0.57223748,0.7267415996,2.30,2.161705e-08,1.400489e-08,2.765257e-08,1.826482e-08,85.33,90.24,8062.77,8526.42,40.76,43.57
3.34088,3,0.2040,0.059,0.048,5.407,5.719,0.9883,0.00922,269.85,54.25,0.5722364799999999,0.7267403295999999,2.30,2.162783e-08,1.400891e-08,2.769483e-08,1.831268e-08,85.28,90.53,8057.93,8553.86,40.73,43.74
3.34112,3,0.2041,0.059,0.048,5.407,5.719,0.9883,0.00922,269.85,54.25,0.57223552,0.7267391104,2.30,2.163446e-08,1.402158e-08,2.77533e-08,1.832774e-08,85.47,90.23,8075.57,8525.64,40.84,43.57
3.34138,3,0.2041,0.059,0.048,5.407,5.719,0.9883,0.00922,269.85,54.25,0.57223448,0.7267377896,2.30,2.166138e-08,1.402613e-08,2.779889e-08,1.834853e-08,85.25,90.10,8054.53,8512.92,40.71,43.49
3.34163,3,0.2041,0.059,0.048,5.407,5.719,0.9883,0.00922,269.85,54.25,0.57223348,0.7267365196,2.30,2.168079e-08,1.402914e-08,2.78145e-08,1.83697e-08,85.08,90.26,8038.99,8527.76,40.62,43.58
3.34187,3,0.2041,0.059,0.048,5.407,5.719,0.9883,0.00922,269.85,54.25,0.5722325199999999,0.7267353003999999,2.30,2.168276e-08,1.404177e-08,2.785324e-08,1.838894e-08,85.28,90.16,8057.45,8519.10,40.73,43.53
3.34212,3,0.2042,0.059,0.048,5.407,5.719,0.9883,0.00922,269.85,54.25,0.57223152,0.7267340304,2.30,2.171235e-08,1.404891e-08,2.792175e-08,1.842117e-08,85.11,90.02,8041.87,8505.61,40.64,43.45
3.34238,3,0.2042,0.059,0.048,5.407,5.719,0.9883,0.00922,269.85,54.25,0.57223048,0.7267327096,2.30,2.174872e-08,1.405223e-08,2.794014e-08,1.841508e-08,84.77,89.76,8009.23,8480.94,40.44,43.30
3.34262,3,0.2042,0.059,0.048,5.407,5.719,0.9883,0.00922,269.85,54.25,0.5722295199999999,0.7267314904,2.30,2.175367e-08,1.407103e-08,2.799038e-08,1.84388e-08,85.03,89.63,8034.40,8468.29,40.59,43.22
3.34287,3,0.2042,0.059,0.048,5.407,5.719,0.9883,0.00922,269.85,54.25,0.5722285199999999,0.7267302203999999,2.30,2.175908e-08,1.407316e-08,2.799459e-08,1.843752e-08,85.01,89.57,8032.19,8462.84,40.58,43.19
3.34313,3,0.2043,0.059,0.048,5.407,5.719,0.9883,0.00922,269.85,54.25,0.57222748,0.7267288996,2.30,2.177284e-08,1.409107e-08,2.804759e-08,1.844399e-08,85.21,89.21,8050.70,8428.91,40.69,42.98
3.34337,3,0.2043,0.059,0.048,5.407,5.719,0.9883,0.00922,269.85,54.25,0.57222652,0.7267276803999999,2.30,2.180782e-08,1.40861e-08,2.806895e-08,1.844427e-08,84.74,89.01,8006.22,8410.58,40.42,42.87
3.34362,3,0.2043,0.059,0.048,5.407,5.719,0.9883,0.00922,269.85,54.25,0.5722255199999999,0.7267264104,2.30,2.184317e-08,1.410866e-08,2.810062e-08,1.846046e-08,84.73,88.95,8005.78,8404.44,40.42,42.83
3.34388,3,0.2044,0.059,0.048,5.407,5.719,0.9883,0.00922,269.85,54.25,0.5722244799999999,0.7267250895999999,2.30,2.187762e-08,1.412037e-08,2.812368e-08,1.844809e-08,84.59,88.61,7992.85,8372.15,40.34,42.64
3.34413,3,0.2044,0.059,0.048,5.407,5.719,0.9883,0.00922,269.85,54.25,0.57222348,0.7267238196,2.30,2.191031e-08,1.412049e-08,2.816215e-08,1.845349e-08,84.24,88.33,7959.50,8346.08,40.14,42.48
3.34437,3,0.2044,0.059,0.048,5.407,5.719,0.9883,0.00922,269.85,54.25,0.57222252,0.7267226003999999,2.30,2.197304e-08,1.414033e-08,2.819588e-08,1.844833e-08,83.90,87.96,7927.03,8310.45,39.94,42.26
3.34463,3,0.2044,0.059,0.048,5.407,5.719,0.9883,0.00922,269.85,54.25,0.57222148,0.7267212796,2.30,2.23714e-08,1.415221e-08,2.830677e-08,1.844403e-08,80.02,86.91,7560.64,8211.48,37.72,41.66
3.34488,3,0.2045,0.059,0.048,5.406,5.719,0.9883,0.00922,269.85,54.25,0.5722204799999999,0.7267200095999999,2.30,2.554862e-08,1.420643e-08,2.906587e-08,1.843941e-08,58.24,80.68,5502.55,7623.14,25.26,38.10
3.34512,3,0.2045,0.059,0.048,5.406,5.719,0.9883,0.00922,269.85,54.25,0.57221952,0.7267187904,2.30,3.978191e-08,1.445682e-08,3.305879e-08,1.84565e-08,26.54,58.77,2507.83,5552.70,7.12,25.56
3.34538,3,0.2045,0.059,0.048,5.406,5.719,0.9883,0.00922,269.85,54.25,0.57221848,0.7267174695999999,2.30,6.452042e-08,1.478239e-08,4.198852e-08,1.849751e-08,13.82,36.61,1305.66,3459.29,-0.16,12.88
3.34563,3,0.2046,0.059,0.048,5.406,5.719,0.9883,0.00922,269.85,54.25,0.57221748,0.7267161995999999,2.30,4.503513e-08,1.455584e-08,3.416567e-08,1.846371e-08,22.22,54.70,2099.04,5168.36,4.65,23.23
3.34587,3,0.2046,0.059,0.048,5.406,5.719,0.9883,0.00922,269.85,54.25,0.57221652,0.7267149804,2.30,2.853417e-08,1.429552e-08,2.976262e-08,1.842486e-08,46.70,75.60,4412.85,7142.74,18.66,35.19
3.34612,3,0.2046,0.059,0.048,5.406,5.719,0.9883,0.00922,269.85,54.25,0.57221552,0.7267137104,2.30,2.330992e-08,1.424406e-08,2.852889e-08,1.840933e-08,73.09,84.63,6905.78,7995.84,33.76,40.36
3.34638,3,0.2046,0.059,0.048,5.406,5.719,0.9883,0.00922,269.85,54.25,0.57221448,0.7267123896,2.30,2.238137e-08,1.425247e-08,2.834075e-08,1.841081e-08,81.56,86.25,7706.30,8149.18,38.60,41.29
3.34662,3,0.2047,0.059,0.048,5.406,5.719,0.9883,0.00922,269.85,54.25,0.5722135199999999,0.7267111703999999,2.30,2.222889e-08,1.42633e-08,2.834969e-08,1.840048e-08,83.34,86.08,7874.12,8132.81,39.62,41.19
3.34687,3,0.2047,0.059,0.048,5.406,5.719,0.9883,0.00922,269.85,54.25,0.57221252,0.7267099004,2.30,2.222098e-08,1.428789e-08,2.83454e-08,1.837666e-08,83.82,85.80,7920.01,8106.37,39.90,41.03
3.34713,3,0.2047,0.059,0.048,5.406,5.719,0.9883,0.00922,269.85,54.25,0.57221148,0.7267085796,2.30,2.225362e-08,1.430121e-08,2.836524e-08,1.838447e-08,83.70,85.73,7908.13,8100.04,39.83,40.99
3.34737,3,0.2048,0.059,0.048,5.406,5.719,0.9883,0.00922,269.85,54.25,0.57221052,0.7267073604,2.30,2.226348e-08,1.431593e-08,2.837707e-08,1.836113e-08,83.88,85.36,7924.98,8065.29,39.93,40.78
3.34762,3,0.2048,0.059,0.048,5.406,5.719,0.9883,0.00922,269.85,54.25,0.5722095199999999,0.7267060903999999,2.30,2.228012e-08,1.432695e-08,2.837168e-08,1.835405e-08,83.88,85.31,7925.48,8060.82,39.93,40.75
3.34788,3,0.2048,0.059,0.048,5.406,5.719,0.9883,0.00922,269.85,54.25,0.5722084799999999,0.7267047695999999,2.30,2.232564e-08,1.434533e-08,2.837498e-08,1.833717e-08,83.70,85.06,7908.66,8037.21,39.83,40.61
3.34813,3,0.2048,0.059,0.048,5.406,5.719,0.9883,0.00922,269.85,54.25,0.57220748,0.7267034996,2.30,2.231708e-08,1.43518e-08,2.84022e-08,1.832221e-08,83.90,84.64,7927.16,7997.05,39.94,40.36
3.34837,3,0.2049,0.059,0.048,5.406,5.719,0.9883,0.00922,269.85,54.25,0.5722065199999999,0.7267022804,2.30,2.23723e-08,1.436944e-08,2.83869e-08,1.829755e-08,83.65,84.49,7903.49,7982.77,39.80,40.28
3.34863,3,0.2049,0.059,0.048,5.406,5.719,0.9883,0.00922,269.85,54.25,0.5722054799999999,0.7267009595999999,2.30,2.239052e-08,1.438987e-08,2.839183e-08,1.829968e-08,83.79,84.47,7916.91,7981.49,39.88,40.27
3.34888,3,0.2049,0.059,0.048,5.406,5.719,0.9883,0.00922,269.85,54.25,0.5722044799999999,0.7266996895999999,2.30,2.241613e-08,1.439817e-08,2.838546e-08,1.827592e-08,83.66,84.22,7904.37,7957.41,39.80,40.12
3.34912,3,0.2049,0.059,0.047,5.406,5.719,0.9883,0.00922,269.85,54.25,0.57220352,0.7266984704,2.30,2.242647e-08,1.440693e-08,2.840646e-08,1.827154e-08,83.69,83.99,7907.79,7935.75,39.82,39.99
3.34938,3,0.2050,0.059,0.047,5.406,5.719,0.9883,0.00922,269.85,54.25,0.57220248,0.7266971496,2.30,2.245859e-08,1.442111e-08,2.840251e-08,1.825581e-08,83.63,83.86,7901.76,7923.58,39.79,39.92
3.34963,3,0.2050,0.059,0.047,5.406,5.719,0.9883,0.00922,269.85,54.25,0.5722014799999999,0.7266958795999999,2.30,2.24831e-08,1.442806e-08,2.840236e-08,1.824339e-08,83.49,83.70,7888.34,7908.63,39.71,39.83
3.34987,3,0.2050,0.059,0.047,5.406,5.719,0.9883,0.00922,269.85,54.25,0.57220052,0.7266946604,2.30,2.249263e-08,1.444601e-08,2.84158e-08,1.821762e-08,83.68,83.26,7906.41,7867.09,39.82,39.58
3.35012,3,0.2051,0.059,0.047,5.406,5.719,0.9883,0.00922,269.85,54.25,0.57219952,0.7266933903999999,2.30,2.25305e-08,1.445355e-08,2.839235e-08,1.821217e-08,83.45,83.43,7884.68,7882.49,39.68,39.67
3.35038,3,0.2051,0.059,0.047,5.406,5.719,0.9883,0.00922,269.85,54.25,0.57219848,0.7266920696,2.30,2.266705e-08,1.455432e-08,2.848375e-08,1.831641e-08,83.66,84.01,7904.64,7937.61,39.80,40.00
3.35062,3,0.2051,0.059,0.047,5.406,5.719,0.9883,0.00922,269.85,54.25,0.5721975199999999,0.7266908503999999,2.30,2.256836e-08,1.447249e-08,2.836893e-08,1.818347e-08,83.36,83.25,7876.56,7865.98,39.63,39.57
3.35087,3,0.2051,0.059,0.047,5.406,5.719,0.9883,0.00922,269.85,54.25,0.57219652,0.7266895804,2.30,2.257084e-08,1.44584e-08,2.837176e-08,1.815425e-08,83.11,82.86,7852.82,7828.71,39.49,39.34
3.35113,3,0.2052,0.059,0.047,5.405,5.719,0.9883,0.00922,269.85,54.25,0.57219548,0.7266882595999999,2.30,2.258665e-08,1.447898e-08,2.834993e-08,1.814328e-08,83.32,82.94,7872.46,7836.12,39.61,39.39
3.35137,3,0.2052,0.059,0.047,5.405,5.719,0.9883,0.00922,269.85,54.25,0.5721945199999999,0.7266870403999999,2.30,2.262519e-08,1.448345e-08,2.829958e-08,1.811656e-08,83.00,83.01,7841.94,7842.74,39.42,39.43
3.35162,3,0.2052,0.059,0.047,5.405,5.719,0.9883,0.00922,269.85,54.25,0.57219352,0.7266857704,2.30,2.261716e-08,1.447702e-08,2.829199e-08,1.810666e-08,82.98,82.94,7840.00,7836.67,39.41,39.39
3.35188,3,0.2053,0.059,0.047,5.405,5.719,0.9883,0.00922,269.85,54.25,0.57219248,0.7266844496,2.30,2.263577e-08,1.446374e-08,2.82608e-08,1.807709e-08,82.62,82.86,7806.04,7828.93,39.21,39.35
3.35213,3,0.2053,0.059,0.047,5.405,5.719,0.9883,0.00922,269.85,54.25,0.57219148,0.7266831796,2.30,2.263568e-08,1.446975e-08,2.82463e-08,1.805362e-08,82.71,82.68,7815.12,7811.89,39.26,39.24
3.35237,3,0.2053,0.059,0.047,5.405,5.719,0.9883,0.00922,269.85,54.25,0.5721905199999999,0.7266819603999999,2.30,2.265808e-08,1.446187e-08,2.820425e-08,1.802165e-08,82.36,82.61,7782.00,7805.77,39.06,39.20
3.35263,3,0.2053,0.059,0.047,5.405,5.719,0.9883,0.00922,269.85,54.25,0.5721894799999999,0.7266806396,2.30,2.266162e-08,1.445253e-08,2.815053e-08,1.800442e-08,82.18,82.83,7764.78,7826.36,38.96,39.33
3.35288,3,0.2054,0.059,0.047,5.405,5.719,0.9883,0.00922,269.85,54.25,0.57218848,0.7266793696,2.30,2.267147e-08,1.445033e-08,2.810446e-08,1.797083e-08,82.09,82.82,7755.99,7825.19,38.90,39.32
3.35312,3,0.2054,0.059,0.047,5.405,5.719,0.9883,0.00922,269.85,54.25,0.57218752,0.7266781504,2.30,2.266702e-08,1.44353e-08,2.803079e-08,1.794574e-08,81.90,83.10,7737.97,7851.90,38.79,39.48
3.35338,3,0.2054,0.059,0.047,5.405,5.719,0.9883,0.00922,269.85,54.25,0.5721864799999999,0.7266768295999999,2.30,2.267351e-08,1.443521e-08,2.795652e-08,1.789942e-08,81.83,83.12,7731.74,7853.40,38.76,39.49
3.35363,3,0.2054,0.059,0.047,5.405,5.719,0.9883,0.00922,269.85,54.25,0.5721854799999999,0.7266755595999999,2.30,2.269351e-08,1.44294e-08,2.790248e-08,1.786318e-08,81.54,83.10,7704.49,7851.40,38.59,39.48
3.35387,3,0.2055,0.059,0.047,5.405,5.719,0.9883,0.00922,269.85,54.25,0.57218452,0.7266743404,2.30,2.267843e-08,1.440625e-08,2.785338e-08,1.782918e-08,81.37,83.10,7688.36,7852.08,38.49,39.48
3.35412,3,0.2055,0.059,0.047,5.405,5.719,0.9883,0.00922,269.85,54.25,0.57218352,0.7266730704,2.30,2.266898e-08,1.440364e-08,2.778074e-08,1.778632e-08,81.42,83.15,7693.33,7856.54,38.52,39.51
3.35438,3,0.2055,0.059,0.047,5.405,5.719,0.9883,0.00922,269.85,54.25,0.5721824799999999,0.7266717495999999,2.30,2.265911e-08,1.439778e-08,2.769862e-08,1.774196e-08,81.43,83.26,7693.93,7866.67,38.53,39.57
3.35462,3,0.2056,0.058,0.047,5.405,5.719,0.9883,0.00922,269.85,54.25,0.57218152,0.7266705304,2.30,2.265796e-08,1.437475e-08,2.762314e-08,1.770866e-08,81.12,83.49,7664.90,7888.97,38.35,39.71
3.35487,3,0.2056,0.058,0.047,5.405,5.719,0.9883,0.00922,269.85,54.25,0.57218052,0.7266692604,2.30,2.266806e-08,1.435863e-08,2.755018e-08,1.76509e-08,80.78,83.35,7632.14,7875.32,38.15,39.63
3.35513,3,0.2056,0.058,0.047,5.405,5.719,0.9883,0.00922,269.85,54.25,0.57217948,0.7266679396,2.30,2.266285e-08,1.43649e-08,2.746266e-08,1.760599e-08,80.92,83.50,7646.04,7889.24,38.24,39.71
3.35537,3,0.2056,0.058,0.047,5.405,5.719,0.9883,0.00922,269.85,54.25,0.5721785199999999,0.7266667203999999,2.30,2.263655e-08,1.434319e-08,2.739118e-08,1.756142e-08,80.85,83.51,7638.71,7890.81,38.19,39.72
3.35562,3,0.2057,0.058,0.047,5.405,5.719,0.9883,0.00922,269.85,54.25,0.57217752,0.7266654504,2.30,2.264775e-08,1.433542e-08,2.732318e-08,1.750636e-08,80.66,83.40,7620.85,7880.27,38.08,39.65
3.35588,3,0.2057,0.058,0.047,5.405,5.719,0.9883,0.00922,269.85,54.25,0.57217648,0.7266641296,2.30,2.265353e-08,1.43261e-08,2.723357e-08,1.745427e-08,80.46,83.47,7602.09,7886.96,37.97,39.70
3.35613,3,0.2057,0.058,0.047,5.405,5.719,0.9883,0.00922,269.85,54.25,0.57217548,0.7266628596,2.30,2.26277e-08,1.431642e-08,2.714289e-08,1.741868e-08,80.56,83.77,7611.71,7915.47,38.03,39.87
3.35637,3,0.2058,0.058,0.047,5.404,5.719,0.9883,0.00922,269.85,54.25,0.5721745199999999,0.7266616403999999,2.30,2.262292e-08,1.430861e-08,2.709685e-08,1.735673e-08,80.53,83.38,7608.49,7878.26,38.01,39.64
3.35663,3,0.2058,0.058,0.047,5.404,5.719,0.9883,0.00922,269.85,54.25,0.57217348,0.7266603196,2.30,2.261215e-08,1.428953e-08,2.703326e-08,1.731368e-08,80.34,83.35,7590.75,7875.33,37.90,39.62
3.35688,3,0.2058,0.058,0.047,5.404,5.719,0.9883,0.00922,269.85,54.25,0.57217248,0.7266590495999999,2.30,2.259742e-08,1.427278e-08,2.698264e-08,1.726883e-08,80.22,83.18,7580.02,7859.60,37.84,39.53
3.35712,3,0.2058,0.058,0.047,5.404,5.719,0.9883,0.00922,269.85,54.25,0.5721715199999999,0.7266578303999999,2.30,2.25968e-08,1.427393e-08,2.690399e-08,1.723629e-08,80.25,83.42,7582.24,7882.20,37.85,39.67
3.35738,3,0.2059,0.058,0.047,5.404,5.719,0.9883,0.00922,269.85,54.25,0.5721704799999999,0.7266565096,2.30,2.257468e-08,1.427169e-08,2.684481e-08,1.718803e-08,80.47,83.32,7602.89,7872.84,37.97,39.61
3.35763,3,0.2059,0.058,0.047,5.404,5.719,0.9883,0.00922,269.85,54.25,0.57216948,0.7266552396,2.30,2.256857e-08,1.425549e-08,2.682173e-08,1.714239e-08,80.28,82.91,7585.04,7833.64,37.87,39.37
3.35787,3,0.2059,0.058,0.047,5.404,5.719,0.9883,0.00922,269.85,54.25,0.57216852,0.7266540203999999,2.30,2.256847e-08,1.424708e-08,2.677264e-08,1.710074e-08,80.15,82.77,7573.00,7820.62,37.79,39.29
3.35812,3,0.2059,0.058,0.047,5.404,5.719,0.9883,0.00922,269.85,54.25,0.5721675199999999,0.7266527503999999,2.30,2.255224e-08,1.425365e-08,2.673115e-08,1.707612e-08,80.41,82.80,7597.31,7823.00,37.94,39.31
3.35838,3,0.2060,0.058,0.047,5.404,5.719,0.9883,0.00922,269.85,54.25,0.5721664799999999,0.7266514296,2.30,2.254417e-08,1.423384e-08,2.671733e-08,1.703392e-08,80.22,82.39,7579.71,7784.58,37.83,39.07
3.35862,3,0.2060,0.058,0.047,5.404,5.719,0.9883,0.00922,269.85,54.25,0.57216552,0.7266502104,2.30,2.253642e-08,1.422779e-08,2.666212e-08,1.700051e-08,80.20,82.41,7578.04,7786.84,37.82,39.09
3.35887,3,0.2060,0.058,0.047,5.404,5.719,0.9883,0.00922,269.85,54.25,0.57216452,0.7266489403999999,2.30,2.252955e-08,1.423198e-08,2.662746e-08,1.697288e-08,80.33,82.34,7590.37,7779.84,37.90,39.05
3.35913,3,0.2061,0.058,0.047,5.404,5.719,0.9883,0.00922,269.85,54.25,0.57216348,0.7266476195999999,2.30,2.251946e-08,1.422704e-08,2.660051e-08,1.695127e-08,80.40,82.32,7596.14,7778.01,37.93,39.03
3.35938,3,0.2061,0.058,0.047,5.404,5.719,0.9883,0.00922,269.85,54.25,0.5721624799999999,0.7266463495999999,2.30,2.251803e-08,1.423433e-08,2.658822e-08,1.690917e-08,80.52,81.86,7608.03,7734.80,38.01,38.77
3.35962,3,0.2061,0.058,0.047,5.404,5.719,0.9883,0.00922,269.85,54.25,0.57216152,0.7266451304,2.30,2.250603e-08,1.421998e-08,2.656475e-08,1.688807e-08,80.42,81.78,7598.20,7727.04,37.95,38.73
3.35988,3,0.2061,0.058,0.047,5.404,5.719,0.9883,0.00922,269.85,54.25,0.57216048,0.7266438096,2.30,2.248458e-08,1.423186e-08,2.653872e-08,1.684902e-08,80.81,81.48,7635.26,7698.81,38.17,38.55
3.36013,3,0.2062,0.058,0.047,5.404,5.719,0.9883,0.00922,269.85,54.25,0.5721594799999999,0.7266425395999999,2.30,2.251081e-08,1.422661e-08,2.651111e-08,1.683567e-08,80.51,81.58,7607.13,7707.79,38.00,38.61
3.36037,3,0.2062,0.058,0.047,5.404,5.719,0.9883,0.00923,269.86,54.25,0.57215852,0.7266413204000001,2.30,2.248064e-08,1.422098e-08,2.648897e-08,1.68077e-08,80.72,81.39,7626.71,7690.35,38.12,38.50
3.36063,3,0.2062,0.058,0.047,5.404,5.719,0.9883,0.00923,269.86,54.25,0.57215748,0.7266399996,2.30,2.247172e-08,1.421655e-08,2.645548e-08,1.677323e-08,80.74,81.22,7628.48,7673.80,38.13,38.40
3.36088,3,0.2063,0.058,0.047,5.404,5.719,0.9883,0.00923,269.86,54.25,0.57215648,0.7266387296,2.30,2.247449e-08,1.423527e-08,2.641603e-08,1.673953e-08,81.04,81.14,7657.03,7666.65,38.30,38.36
3.36112,3,0.2063,0.058,0.047,5.404,5.719,0.9883,0.00923,269.86,54.25,0.5721555199999999,0.7266375103999999,2.30,2.248065e-08,1.423488e-08,2.637934e-08,1.671085e-08,80.97,81.07,7650.74,7659.85,38.26,38.32
3.36137,3,0.2063,0.058,0.047,5.404,5.719,0.9883,0.00923,269.86,54.25,0.57215452,0.7266362404,2.30,2.248645e-08,1.422959e-08,2.633358e-08,1.667696e-08,80.83,81.00,7637.62,7653.72,38.18,38.28
3.36163,3,0.2063,0.058,0.047,5.404,5.719,0.9883,0.00923,269.86,54.25,0.57215348,0.7266349196,2.30,2.247382e-08,1.423326e-08,2.626246e-08,1.663656e-08,81.01,81.07,7654.70,7659.54,38.29,38.32
3.36187,3,0.2064,0.058,0.047,5.404,5.719,0.9883,0.00923,269.86,54.25,0.5721525199999999,0.7266337004,2.30,2.246888e-08,1.423266e-08,2.622786e-08,1.658819e-08,81.09,80.75,7662.12,7630.06,38.33,38.14
3.36212,3,0.2064,0.058,0.047,5.404,5.719,0.9883,0.00923,269.86,54.25,0.5721515199999999,0.7266324303999999,2.30,2.248665e-08,1.423741e-08,2.617514e-08,1.655553e-08,80.99,80.76,7652.58,7630.92,38.27,38.14
3.36238,3,0.2064,0.058,0.047,5.404,5.719,0.9883,0.00923,269.86,54.25,0.5721504799999999,0.7266311095999999,2.30,2.248426e-08,1.425502e-08,2.608058e-08,1.650591e-08,81.29,80.90,7680.67,7643.75,38.44,38.22
3.36262,3,0.2065,0.058,0.047,5.403,5.719,0.9883,0.00923,269.86,54.25,0.57214952,0.7266298903999999,2.30,2.249011e-08,1.424886e-08,2.602159e-08,1.646567e-08,81.18,80.90,7669.88,7643.78,38.38,38.22
3.36287,3,0.2065,0.058,0.047,5.403,5.719,0.9883,0.00923,269.86,54.25,0.5721485199999999,0.7266286204,2.30,2.248442e-08,1.425995e-08,2.591905e-08,1.640726e-08,81.40,80.99,7691.51,7652.00,38.51,38.27
3.36313,3,0.2065,0.058,0.047,5.403,5.719,0.9883,0.00923,269.86,54.25,0.5721474799999999,0.7266272995999999,2.30,2.249249e-08,1.426234e-08,2.586713e-08,1.636176e-08,81.36,80.82,7687.49,7635.94,38.49,38.17
3.36338,3,0.2065,0.058,0.047,5.403,5.719,0.9883,0.00923,269.86,54.25,0.57214648,0.7266260296,2.30,2.250242e-08,1.426488e-08,2.576981e-08,1.630379e-08,81.30,80.86,7681.96,7640.51,38.45,38.20
3.36362,3,0.2066,0.058,0.047,5.403,5.719,0.9883,0.00923,269.86,54.25,0.57214552,0.7266248103999999,2.30,2.249745e-08,1.426688e-08,2.56898e-08,1.624062e-08,81.42,80.73,7693.26,7628.16,38.52,38.13
3.36388,3,0.2066,0.058,0.047,5.403,5.719,0.9883,0.00923,269.86,54.25,0.57214448,0.7266234896,2.30,2.248433e-08,1.426701e-08,2.55821e-08,1.618542e-08,81.56,80.91,7705.74,7644.71,38.60,38.23
3.36413,3,0.2066,0.058,0.047,5.403,5.719,0.9883,0.00923,269.86,54.25,0.5721434799999999,0.7266222196,2.30,2.251018e-08,1.427457e-08,2.550406e-08,1.61272e-08,81.42,80.79,7692.70,7633.31,38.52,38.16
3.36437,3,0.2066,0.058,0.047,5.403,5.719,0.9883,0.00923,269.86,54.25,0.57214252,0.7266210004,2.30,2.251382e-08,1.427974e-08,2.54023e-08,1.606843e-08,81.46,80.86,7696.92,7640.53,38.54,38.20
3.36463,3,0.2067,0.058,0.047,5.403,5.719,0.9883,0.00923,269.86,54.25,0.57214148,0.7266196796,2.30,2.253131e-08,1.427579e-08,2.533459e-08,1.602141e-08,81.27,80.85,7678.52,7638.79,38.43,38.19
3.36488,3,0.2067,0.058,0.047,5.403,5.719,0.9883,0.00923,269.86,54.25,0.57214048,0.7266184095999999,2.30,2.25653e-08,1.428344e-08,2.524003e-08,1.595726e-08,81.05,80.79,7658.20,7633.12,38.31,38.16
3.36512,3,0.2067,0.058,0.047,5.403,5.719,0.9883,0.00923,269.86,54.25,0.57213952,0.7266171904000001,2.30,2.253795e-08,1.428388e-08,2.516675e-08,1.590405e-08,81.33,80.69,7684.22,7624.16,38.46,38.10
3.36537,3,0.2068,0.058,0.047,5.403,5.719,0.9883,0.00923,269.86,54.25,0.57213852,0.7266159204,2.30,2.254606e-08,1.428253e-08,2.50741e-08,1.585093e-08,81.27,80.81,7678.41,7634.95,38.43,38.17
3.36563,3,0.2068,0.058,0.047,5.403,5.719,0.9883,0.00923,269.86,54.25,0.57213748,0.7266145996,2.30,2.254886e-08,1.428768e-08,2.499773e-08,1.577877e-08,81.32,80.47,7683.36,7603.66,38.46,37.98
3.36587,3,0.2068,0.058,0.047,5.403,5.719,0.9883,0.00923,269.86,54.25,0.5721365199999999,0.7266133803999999,2.30,2.253405e-08,1.428587e-08,2.490763e-08,1.574224e-08,81.44,80.76,7694.50,7630.40,38.53,38.14
3.36612,3,0.2068,0.058,0.047,5.403,5.719,0.9883,0.00923,269.86,54.25,0.57213552,0.7266121104000001,2.30,2.252206e-08,1.42979e-08,2.481919e-08,1.569924e-08,81.74,80.94,7723.47,7647.47,38.70,38.24
3.36638,3,0.2069,0.058,0.047,5.403,5.719,0.9883,0.00923,269.86,54.25,0.57213448,0.7266107896,2.30,2.253117e-08,1.430414e-08,2.47637e-08,1.566273e-08,81.79,80.96,7727.88,7649.29,38.73,38.25
3.36662,3,0.2069,0.058,0.047,5.403,5.719,0.9883,0.00923,269.86,54.25,0.57213352,0.7266095704,2.30,2.25449e-08,1.429826e-08,2.469783e-08,1.560502e-08,81.56,80.73,7706.33,7627.95,38.60,38.12
3.36687,3,0.2069,0.058,0.047,5.403,5.719,0.9883,0.00923,269.86,54.25,0.5721325199999999,0.7266083003999999,2.30,2.255374e-08,1.428726e-08,2.462955e-08,1.557188e-08,81.30,80.87,7681.92,7641.28,38.45,38.20
3.36713,3,0.2070,0.058,0.047,5.403,5.719,0.9883,0.00923,269.86,54.25,0.5721314799999999,0.7266069795999999,2.30,2.255747e-08,1.429752e-08,2.459417e-08,1.555568e-08,81.47,81.00,7697.23,7653.22,38.54,38.28
3.36738,3,0.2070,0.058,0.047,5.403,5.719,0.9883,0.00923,269.86,54.25,0.57213048,0.7266057096,2.30,2.254598e-08,1.428861e-08,2.453911e-08,1.55232e-08,81.44,81.03,7694.84,7656.37,38.53,38.30
3.36762,3,0.2070,0.058,0.047,5.403,5.719,0.9883,0.00923,269.86,54.25,0.57212952,0.7266044904,2.30,2.254737e-08,1.429563e-08,2.446724e-08,1.549763e-08,81.54,81.32,7703.87,7683.22,38.58,38.46
3.36788,3,0.2070,0.058,0.047,5.403,5.719,0.9883,0.00923,269.86,54.25,0.5721284799999999,0.7266031695999999,2.30,2.255761e-08,1.429569e-08,2.443003e-08,1.546112e-08,81.44,81.13,7694.41,7665.71,38.53,38.35
3.36813,3,0.2071,0.058,0.047,5.403,5.719,0.9883,0.00923,269.86,54.25,0.5721274799999999,0.7266018995999999,2.30,2.255324e-08,1.428915e-08,2.437628e-08,1.544455e-08,81.42,81.42,7692.59,7693.09,38.51,38.52
3.36837,3,0.2071,0.058,0.047,5.403,5.719,0.9883,0.00923,269.86,54.25,0.57212652,0.7266006803999999,2.30,2.254557e-08,1.428732e-08,2.434281e-08,1.543887e-08,81.46,81.65,7697.04,7714.26,38.54,38.65
3.36863,3,0.2071,0.058,0.047,5.403,5.719,0.9883,0.00923,269.86,54.25,0.57212548,0.7265993596,2.30,2.256147e-08,1.428781e-08,2.428765e-08,1.541863e-08,81.31,81.86,7682.97,7734.48,38.46,38.77
3.36888,3,0.2071,0.058,0.047,5.403,5.719,0.9883,0.00923,269.86,54.25,0.5721244799999999,0.7265980895999999,2.30,2.255283e-08,1.42848e-08,2.429521e-08,1.540226e-08,81.35,81.55,7686.58,7705.48,38.48,38.59
3.36912,3,0.2072,0.058,0.047,5.402,5.719,0.9883,0.00923,269.86,54.25,0.57212352,0.7265968704,2.30,2.255987e-08,1.427884e-08,2.425382e-08,1.539132e-08,81.23,81.81,7675.02,7730.19,38.41,38.74
3.36937,3,0.2072,0.058,0.047,5.402,5.719,0.9883,0.00923,269.86,54.25,0.57212252,0.7265956003999999,2.30,2.256603e-08,1.427367e-08,2.420855e-08,1.536763e-08,81.09,81.89,7661.75,7737.13,38.33,38.78
3.36963,3,0.2072,0.058,0.047,5.402,5.719,0.9883,0.00923,269.86,54.25,0.57212148,0.7265942796,2.30,2.256305e-08,1.427307e-08,2.422151e-08,1.536721e-08,81.11,81.76,7663.63,7725.23,38.34,38.71
3.36987,3,0.2073,0.058,0.047,5.402,5.719,0.9883,0.00923,269.86,54.25,0.5721205199999999,0.7265930603999999,2.30,2.257334e-08,1.42688e-08,2.41752e-08,1.535185e-08,80.98,82.01,7651.60,7748.32,38.27,38.85
3.37012,3,0.2073,0.058,0.047,5.402,5.719,0.9883,0.00923,269.86,54.25,0.57211952,0.7265917904,2.30,2.257234e-08,1.427402e-08,2.415703e-08,1.535119e-08,81.07,82.17,7660.13,7763.39,38.32,38.94
3.37038,3,0.2073,0.058,0.047,5.402,5.719,0.9883,0.00923,269.86,54.25,0.57211848,0.7265904696,2.30,2.2558e-08,1.425986e-08,2.414389e-08,1.532283e-08,80.99,81.87,7652.70,7735.68,38.27,38.77
3.37062,3,0.2073,0.058,0.047,5.402,5.719,0.9883,0.00923,269.86,54.25,0.5721175199999999,0.7265892503999999,2.30,2.254782e-08,1.425057e-08,2.410857e-08,1.531098e-08,80.95,82.03,7648.53,7750.32,38.25,38.86
3.37087,3,0.2074,0.058,0.047,5.402,5.719,0.9883,0.00923,269.86,54.25,0.5721165199999999,0.7265879803999999,2.30,2.255858e-08,1.424382e-08,2.409203e-08,1.530556e-08,80.78,82.14,7632.49,7761.12,38.15,38.93
3.37113,3,0.2074,0.058,0.047,5.402,5.719,0.9883,0.00923,269.86,54.25,0.57211548,0.7265866596,2.30,2.253057e-08,1.425482e-08,2.406998e-08,1.529011e-08,81.22,82.12,7674.39,7759.11,38.40,38.92
3.37138,3,0.2074,0.058,0.047,5.402,5.719,0.9883,0.00923,269.86,54.25,0.57211448,0.7265853896,2.30,2.25463e-08,1.423516e-08,2.408493e-08,1.5274e-08,80.77,81.74,7631.17,7723.61,38.14,38.70
3.37162,3,0.2075,0.058,0.047,5.402,5.719,0.9883,0.00923,269.86,54.25,0.5721135199999999,0.7265841703999999,2.30,2.253296e-08,1.422655e-08,2.402732e-08,1.525563e-08,80.80,82.05,7634.58,7752.57,38.16,38.88
3.37188,3,0.2075,0.058,0.047,5.402,5.719,0.9883,0.00923,269.86,54.25,0.5721124799999999,0.7265828495999999,2.30,2.253804e-08,1.422938e-08,2.401594e-08,1.524106e-08,80.80,81.94,7634.03,7742.35,38.16,38.81
3.37213,3,0.2075,0.058,0.047,5.402,5.719,0.9883,0.00923,269.86,54.25,0.57211148,0.7265815796,2.30,2.252357e-08,1.421767e-08,2.399787e-08,1.52176e-08,80.76,81.77,7630.28,7725.69,38.14,38.71
3.37237,3,0.2075,0.058,0.047,5.402,5.719,0.9883,0.00923,269.86,54.25,0.57211052,0.7265803604,2.30,2.252285e-08,1.420652e-08,2.398889e-08,1.52196e-08,80.59,81.88,7614.74,7736.38,38.04,38.78
3.37263,3,0.2076,0.058,0.047,5.402,5.719,0.9883,0.00923,269.86,54.25,0.57210948,0.7265790395999999,2.30,2.251852e-08,1.420293e-08,2.395919e-08,1.520663e-08,80.62,82.01,7617.16,7748.29,38.06,38.85
3.37288,3,0.2076,0.058,0.047,5.402,5.719,0.9883,0.00923,269.86,54.25,0.5721084799999999,0.7265777695999999,2.30,2.250595e-08,1.419581e-08,2.392883e-08,1.51733e-08,80.63,81.80,7618.33,7728.69,38.06,38.73
3.37312,3,0.2076,0.058,0.047,5.402,5.719,0.9883,0.00923,269.86,54.25,0.57210752,0.7265765504,2.30,2.250234e-08,1.418449e-08,2.390524e-08,1.515003e-08,80.49,81.68,7605.20,7717.12,37.98,38.66
3.37337,3,0.2076,0.058,0.047,5.402,5.719,0.9883,0.00923,269.86,54.25,0.57210652,0.7265752804,2.30,2.25028e-08,1.416847e-08,2.388982e-08,1.513201e-08,80.24,81.55,7581.59,7705.65,37.84,38.59
3.37363,3,0.2077,0.058,0.047,5.402,5.719,0.9883,0.00923,269.86,54.25,0.5721054799999999,0.7265739595999999,2.30,2.248638e-08,1.417122e-08,2.386255e-08,1.510907e-08,80.48,81.51,7604.20,7701.48,37.98,38.57
3.37387,3,0.2077,0.058,0.047,5.402,5.719,0.9883,0.00923,269.86,54.25,0.57210452,0.7265727404,2.30,2.249093e-08,1.416859e-08,2.383737e-08,1.5091e-08,80.40,81.48,7596.23,7698.52,37.93,38.55
3.37412,3,0.2077,0.058,0.047,5.402,5.719,0.9883,0.00923,269.86,54.25,0.57210352,0.7265714704,2.30,2.247929e-08,1.414012e-08,2.380734e-08,1.506705e-08,80.07,81.41,7565.67,7691.65,37.74,38.51
3.37438,3,0.2078,0.058,0.047,5.402,5.719,0.9883,0.00923,269.86,54.25,0.57210248,0.7265701496,2.30,2.245278e-08,1.41425e-08,2.376721e-08,1.504479e-08,80.40,81.49,7596.91,7699.73,37.93,38.56
3.37462,3,0.2078,0.058,0.047,5.402,5.719,0.9883,0.00923,269.86,54.25,0.5721015199999999,0.7265689303999999,2.30,2.244978e-08,1.413423e-08,2.374158e-08,1.501566e-08,80.31,81.30,7587.65,7681.74,37.88,38.45
3.37487,3,0.2078,0.058,0.047,5.402,5.719,0.9883,0.00923,269.86,54.25,0.57210052,0.7265676604,2.30,2.243786e-08,1.411404e-08,2.369095e-08,1.499021e-08,80.11,81.40,7569.28,7690.91,37.77,38.50
3.37513,3,0.2078,0.058,0.047,5.402,5.719,0.9883,0.00923,269.86,54.25,0.57209948,0.7265663396,2.30,2.244137e-08,1.410949e-08,2.365327e-08,1.497123e-08,80.01,81.47,7559.52,7697.72,37.71,38.54
3.37538,3,0.2079,0.057,0.047,5.401,5.719,0.9883,0.00923,269.86,54.25,0.57209848,0.7265650696,2.30,2.240367e-08,1.410406e-08,2.363701e-08,1.491749e-08,80.32,80.87,7589.49,7640.63,37.89,38.20
3.37562,3,0.2079,0.057,0.047,5.401,5.719,0.9883,0.00923,269.86,54.25,0.5720975199999999,0.7265638503999999,2.30,2.238701e-08,1.408919e-08,2.356806e-08,1.489954e-08,80.26,81.24,7583.12,7676.33,37.85,38.41
3.37588,3,0.2079,0.057,0.047,5.401,5.719,0.9883,0.00923,269.86,54.25,0.5720964799999999,0.7265625295999999,2.30,2.23843e-08,1.408499e-08,2.351054e-08,1.486073e-08,80.22,81.21,7579.50,7672.90,37.83,38.39
3.37613,3,0.2080,0.057,0.047,5.401,5.719,0.9883,0.00923,269.86,54.25,0.57209548,0.7265612596,2.30,2.237109e-08,1.406751e-08,2.349259e-08,1.483738e-08,80.12,81.07,7569.84,7659.74,37.77,38.31
3.37637,3,0.2080,0.057,0.047,5.401,5.719,0.9883,0.00923,269.86,54.25,0.5720945199999999,0.7265600403999999,2.30,2.23366e-08,1.406114e-08,2.34425e-08,1.481247e-08,80.35,81.17,7592.12,7669.20,37.90,38.37
3.37663,3,0.2080,0.057,0.046,5.401,5.719,0.9883,0.00923,269.86,54.25,0.5720934799999999,0.7265587196,2.30,2.232842e-08,1.404466e-08,2.336944e-08,1.476601e-08,80.18,81.17,7575.78,7668.94,37.81,38.37
3.37688,3,0.2080,0.057,0.046,5.401,5.719,0.9883,0.00923,269.86,54.25,0.57209248,0.7265574496,2.30,2.230647e-08,1.403112e-08,2.332473e-08,1.473084e-08,80.18,81.06,7576.17,7659.17,37.81,38.31
3.37712,3,0.2081,0.057,0.046,5.401,5.719,0.9883,0.00923,269.86,54.25,0.57209152,0.7265562304,2.30,2.225968e-08,1.402261e-08,2.326712e-08,1.468637e-08,80.55,80.98,7610.42,7651.42,38.01,38.26
3.37737,3,0.2081,0.057,0.046,5.401,5.719,0.9883,0.00923,269.86,54.25,0.5720905199999999,0.7265549603999999,2.30,2.225284e-08,1.399583e-08,2.321015e-08,1.464452e-08,80.20,80.89,7577.54,7643.08,37.82,38.21
3.37763,3,0.2081,0.057,0.046,5.401,5.719,0.9883,0.00923,269.86,54.25,0.5720894799999999,0.7265536396,2.30,2.222932e-08,1.39868e-08,2.315501e-08,1.460077e-08,80.29,80.76,7585.97,7630.39,37.87,38.14
3.37787,3,0.2082,0.057,0.046,5.401,5.719,0.9883,0.00923,269.86,54.25,0.57208852,0.7265524204,2.30,2.220575e-08,1.397568e-08,2.30763e-08,1.453866e-08,80.38,80.61,7595.05,7616.36,37.92,38.05
3.37812,3,0.2082,0.057,0.046,5.401,5.719,0.9883,0.00923,269.86,54.25,0.57208752,0.7265511504,2.30,2.216406e-08,1.396801e-08,2.302925e-08,1.451227e-08,80.67,80.66,7622.39,7620.98,38.09,38.08
3.37838,3,0.2082,0.057,0.046,5.401,5.719,0.9883,0.00923,269.86,54.25,0.57208648,0.7265498295999999,2.30,2.213809e-08,1.39491e-08,2.294682e-08,1.447063e-08,80.63,80.81,7618.63,7635.68,38.06,38.17
3.37862,3,0.2082,0.057,0.046,5.401,5.719,0.9883,0.00923,269.86,54.25,0.5720855199999999,0.7265486103999999,2.30,2.210611e-08,1.392547e-08,2.287527e-08,1.441849e-08,80.58,80.71,7613.49,7625.63,38.03,38.11
3.37887,3,0.2083,0.057,0.046,5.401,5.719,0.9883,0.00923,269.86,54.25,0.57208452,0.7265473404,2.30,2.208985e-08,1.391134e-08,2.282073e-08,1.437751e-08,80.56,80.65,7611.40,7619.83,38.02,38.07
3.37913,3,0.2083,0.057,0.046,5.401,5.719,0.9883,0.00923,269.86,54.25,0.57208348,0.7265460196,2.30,2.204019e-08,1.389805e-08,2.274183e-08,1.432923e-08,80.84,80.67,7638.09,7621.88,38.18,38.08
3.37938,3,0.2083,0.057,0.046,5.401,5.719,0.9883,0.00923,269.86,54.25,0.57208248,0.7265447495999999,2.30,2.200593e-08,1.389053e-08,2.267335e-08,1.427604e-08,81.06,80.51,7659.11,7607.42,38.31,38.00
3.37962,3,0.2083,0.057,0.046,5.401,5.719,0.9883,0.00923,269.86,54.25,0.57208152,0.7265435304,2.30,2.197229e-08,1.385693e-08,2.259855e-08,1.422626e-08,80.87,80.47,7640.63,7603.55,38.20,37.97
3.37988,3,0.2084,0.057,0.046,5.401,5.719,0.9883,0.00923,269.86,54.25,0.57208048,0.7265422096,2.30,2.19292e-08,1.38394e-08,2.252231e-08,1.419401e-08,81.06,80.75,7658.74,7630.04,38.31,38.13
3.38013,3,0.2084,0.057,0.046,5.401,5.719,0.9883,0.00923,269.86,54.25,0.57207948,0.7265409396,2.30,2.190018e-08,1.382133e-08,2.245504e-08,1.414731e-08,81.06,80.69,7659.11,7623.77,38.31,38.09
3.38037,3,0.2084,0.057,0.046,5.401,5.719,0.9883,0.00923,269.86,54.25,0.5720785199999999,0.7265397203999999,2.30,2.185418e-08,1.381582e-08,2.23852e-08,1.410693e-08,81.44,80.74,7694.62,7629.06,38.52,38.13
3.38063,3,0.2085,0.057,0.046,5.401,5.719,0.9883,0.00923,269.86,54.25,0.5720774799999999,0.7265383995999999,2.30,2.181892e-08,1.37904e-08,2.231875e-08,1.405923e-08,81.43,80.69,7693.57,7624.18,38.52,38.10
3.38088,3,0.2085,0.057,0.046,5.401,5.719,0.9883,0.00923,269.86,54.25,0.57207648,0.7265371296,2.30,2.175934e-08,1.375789e-08,2.223613e-08,1.40032e-08,81.51,80.63,7701.40,7618.32,38.56,38.06
3.38112,3,0.2085,0.057,0.046,5.401,5.719,0.9883,0.00923,269.86,54.25,0.57207552,0.7265359104,2.30,2.174274e-08,1.375101e-08,2.217961e-08,1.39621e-08,81.57,80.54,7706.91,7610.21,38.60,38.01
3.38137,3,0.2085,0.057,0.046,5.401,5.719,0.9883,0.00923,269.86,54.25,0.5720745199999999,0.7265346403999999,2.30,2.169629e-08,1.372947e-08,2.210628e-08,1.391177e-08,81.69,80.48,7718.89,7604.06,38.67,37.98
3.38163,3,0.2086,0.057,0.046,5.400,5.719,0.9883,0.00923,269.86,54.25,0.5720734799999999,0.7265333195999999,2.30,2.164485e-08,1.37149e-08,2.204413e-08,1.387301e-08,82.03,80.52,7750.27,7608.23,38.86,38.00
3.38187,3,0.2086,0.057,0.046,5.400,5.719,0.9883,0.00923,269.86,54.25,0.57207252,0.7265321003999999,2.30,2.161189e-08,1.369104e-08,2.198444e-08,1.383092e-08,81.98,80.45,7745.67,7601.52,38.83,37.96
3.38212,3,0.2086,0.057,0.046,5.400,5.719,0.9883,0.00923,269.86,54.25,0.57207152,0.7265308304,2.30,2.156659e-08,1.366455e-08,2.192915e-08,1.379748e-08,82.01,80.47,7749.09,7603.52,38.85,37.97
3.38238,3,0.2087,0.057,0.046,5.400,5.719,0.9883,0.00923,269.86,54.25,0.5720704799999999,0.7265295096,2.30,2.152846e-08,1.36562e-08,2.184939e-08,1.375504e-08,82.31,80.63,7777.38,7618.73,39.02,38.06
3.38262,3,0.2087,0.057,0.046,5.400,5.719,0.9883,0.00923,269.86,54.25,0.57206952,0.7265282904,2.30,2.148494e-08,1.36235e-08,2.18005e-08,1.371826e-08,82.23,80.54,7769.43,7609.74,38.98,38.01
3.38287,3,0.2087,0.057,0.046,5.400,5.719,0.9883,0.00923,269.86,54.25,0.57206852,0.7265270204,2.30,2.143577e-08,1.362648e-08,2.174786e-08,1.368109e-08,82.80,80.47,7823.03,7603.68,39.30,37.97
3.38313,3,0.2087,0.057,0.046,5.400,5.719,0.9883,0.00923,269.86,54.25,0.57206748,0.7265256995999999,2.30,2.140301e-08,1.359862e-08,2.170456e-08,1.36377e-08,82.68,80.22,7811.93,7579.48,39.23,37.83
3.38338,3,0.2088,0.057,0.046,5.400,5.719,0.9883,0.00923,269.86,54.25,0.5720664799999999,0.7265244296,2.30,2.141546e-08,1.356597e-08,2.165907e-08,1.360677e-08,82.05,80.22,7752.11,7579.59,38.87,37.83
3.38362,3,0.2088,0.057,0.046,5.400,5.719,0.9883,0.00923,269.86,54.25,0.57206552,0.7265232104,2.30,2.18786e-08,1.356165e-08,2.175663e-08,1.358057e-08,77.41,78.85,7314.07,7450.49,36.22,37.04
3.38388,3,0.2088,0.057,0.046,5.400,5.719,0.9883,0.00923,269.86,54.25,0.57206448,0.7265218896,2.30,2.594689e-08,1.36871e-08,2.287902e-08,1.356313e-08,53.00,69.12,5007.71,6530.50,22.25,31.47
3.38413,3,0.2088,0.057,0.046,5.400,5.719,0.9883,0.00923,269.86,54.25,0.57206348,0.7265206195999999,2.30,3.610341e-08,1.409845e-08,2.633431e-08,1.355404e-08,30.42,50.35,2873.83,4757.07,9.33,20.74
3.38437,3,0.2089,0.057,0.046,5.400,5.719,0.9883,0.00923,269.86,54.25,0.5720625199999999,0.7265194003999998,2.30,4.362769e-08,1.43305e-08,3.079004e-08,1.354149e-08,23.23,37.29,2195.10,3523.16,5.23,13.27
3.38463,3,0.2089,0.057,0.046,5.400,5.719,0.9883,0.00923,269.86,54.25,0.57206148,0.7265180796,2.30,3.546233e-08,1.398299e-08,2.674067e-08,1.34925e-08,30.92,48.37,2921.44,4570.41,9.62,19.61
3.38488,3,0.2089,0.057,0.046,5.400,5.719,0.9883,0.00923,269.86,54.25,0.57206048,0.7265168096,2.30,2.613207e-08,1.360385e-08,2.303427e-08,1.345775e-08,51.57,66.75,4872.94,6306.43,21.44,30.12
3.38512,3,0.2090,0.057,0.046,5.400,5.719,0.9883,0.00923,269.86,54.25,0.5720595199999999,0.7265155903999999,2.30,2.196684e-08,1.345874e-08,2.15731e-08,1.342486e-08,75.17,78.29,7102.29,7397.28,34.94,36.72
3.38537,3,0.2090,0.057,0.046,5.400,5.719,0.9883,0.00923,269.86,54.25,0.5720585199999999,0.7265143203999999,2.30,2.117074e-08,1.342594e-08,2.131103e-08,1.3406e-08,82.38,80.59,7783.25,7614.16,39.06,38.03
3.38563,3,0.2090,0.057,0.046,5.400,5.719,0.9883,0.00923,269.86,54.25,0.57205748,0.7265129996,2.30,2.099325e-08,1.34126e-08,2.124268e-08,1.338373e-08,84.08,80.92,7943.88,7646.08,40.03,38.23
3.38587,3,0.2090,0.057,0.046,5.400,5.719,0.9883,0.00923,269.86,54.25,0.57205652,0.7265117804,2.30,2.094262e-08,1.338621e-08,2.119075e-08,1.336459e-08,84.18,81.15,7953.69,7667.14,40.09,38.36
3.38612,3,0.2091,0.057,0.046,5.400,5.719,0.9883,0.00923,269.86,54.25,0.5720555199999999,0.7265105103999999,2.30,2.089848e-08,1.337146e-08,2.11531e-08,1.332928e-08,84.46,81.00,7979.76,7652.83,40.25,38.27
3.38638,3,0.2091,0.057,0.046,5.400,5.719,0.9883,0.00923,269.87,54.25,0.5720544799999999,0.7265091895999999,2.30,2.084029e-08,1.334686e-08,2.109985e-08,1.33344e-08,84.68,81.64,8000.78,7713.31,40.38,38.63
3.38662,3,0.2091,0.057,0.046,5.400,5.719,0.9883,0.00923,269.87,54.25,0.57205352,0.7265079704,2.30,2.082009e-08,1.333704e-08,2.106148e-08,1.330583e-08,84.73,81.56,8005.99,7706.51,40.41,38.59
3.38687,3,0.2092,0.057,0.046,5.400,5.719,0.9883,0.00923,269.87,54.25,0.57205252,0.7265067004,2.30,2.077732e-08,1.331537e-08,2.101683e-08,1.329362e-08,84.87,81.87,8019.41,7735.48,40.49,38.77
3.38713,3,0.2092,0.057,0.046,5.400,5.719,0.9883,0.00923,269.87,54.25,0.57205148,0.7265053796,2.30,2.074934e-08,1.331504e-08,2.099638e-08,1.326539e-08,85.19,81.61,8049.04,7711.28,40.67,38.62
3.38738,3,0.2092,0.057,0.046,5.400,5.719,0.9883,0.00923,269.87,54.25,0.5720504799999999,0.7265041095999999,2.30,2.070927e-08,1.327775e-08,2.093761e-08,1.324215e-08,84.98,81.85,8029.50,7733.31,40.55,38.76
3.38762,3,0.2092,0.057,0.046,5.400,5.719,0.9883,0.00923,269.87,54.25,0.57204952,0.7265028903999999,2.30,2.067327e-08,1.326965e-08,2.090732e-08,1.32263e-08,85.25,81.90,8054.84,7738.58,40.70,38.79
3.38788,3,0.2093,0.057,0.046,5.399,5.719,0.9883,0.00923,269.87,54.25,0.57204848,0.7265015696,2.30,2.062505e-08,1.325084e-08,2.086394e-08,1.32072e-08,85.51,82.08,8079.36,7755.61,40.85,38.89
3.38813,3,0.2093,0.057,0.046,5.399,5.719,0.9883,0.00923,269.87,54.25,0.5720474799999999,0.7265002996,2.30,2.059173e-08,1.32387e-08,2.082569e-08,1.316303e-08,85.68,81.75,8095.21,7723.70,40.95,38.70
3.38837,3,0.2093,0.057,0.046,5.399,5.719,0.9883,0.00923,269.87,54.25,0.57204652,0.7264990804,2.30,2.057628e-08,1.322728e-08,2.076862e-08,1.314687e-08,85.65,82.08,8092.66,7755.62,40.93,38.89
3.38863,3,0.2094,0.057,0.046,5.399,5.719,0.9883,0.00923,269.87,54.25,0.57204548,0.7264977596,2.30,2.054711e-08,1.320407e-08,2.074103e-08,1.312903e-08,85.61,82.12,8088.88,7758.73,40.91,38.91
3.38888,3,0.2094,0.057,0.046,5.399,5.719,0.9883,0.00923,269.87,54.25,0.57204448,0.7264964896,2.30,2.050854e-08,1.318777e-08,2.06793e-08,1.308824e-08,85.76,82.09,8103.47,7755.96,41.00,38.89
3.38912,3,0.2094,0.057,0.046,5.399,5.719,0.9883,0.00923,269.87,54.25,0.5720435199999999,0.7264952704,2.30,2.047499e-08,1.318329e-08,2.062792e-08,1.306878e-08,86.08,82.31,8133.01,7777.13,41.17,39.02
3.38937,3,0.2094,0.057,0.046,5.399,5.719,0.9883,0.00923,269.87,54.25,0.57204252,0.7264940004,2.30,2.045426e-08,1.317248e-08,2.057779e-08,1.303935e-08,86.12,82.35,8137.42,7780.92,41.20,39.04
3.38963,3,0.2095,0.057,0.046,5.399,5.719,0.9883,0.00923,269.87,54.25,0.57204148,0.7264926796,2.30,2.042556e-08,1.314556e-08,2.053152e-08,1.300755e-08,86.01,82.35,8126.65,7780.59,41.14,39.04
3.38987,3,0.2095,0.057,0.046,5.399,5.719,0.9883,0.00923,269.87,54.25,0.5720405199999999,0.7264914603999999,2.30,2.040588e-08,1.313301e-08,2.046325e-08,1.297782e-08,86.01,82.58,8126.85,7802.77,41.14,39.18
3.39012,3,0.2095,0.057,0.046,5.399,5.719,0.9883,0.00923,269.87,54.25,0.5720395199999999,0.7264901903999998,2.30,2.037106e-08,1.311682e-08,2.040916e-08,1.293798e-08,86.13,82.49,8137.68,7793.65,41.20,39.12
3.39038,3,0.2096,0.057,0.046,5.399,5.719,0.9883,0.00923,269.87,54.25,0.57203848,0.7264888696,2.30,2.035223e-08,1.310801e-08,2.034514e-08,1.291675e-08,86.23,82.86,8147.35,7829.42,41.26,39.34
3.39062,3,0.2096,0.057,0.046,5.399,5.719,0.9883,0.00923,269.87,54.25,0.57203752,0.7264876504,2.30,2.032478e-08,1.308099e-08,2.027349e-08,1.287711e-08,86.06,82.97,8131.03,7839.17,41.16,39.40
3.39087,3,0.2096,0.057,0.046,5.399,5.719,0.9883,0.00923,269.87,54.25,0.5720365199999999,0.7264863803999999,2.30,2.029097e-08,1.306785e-08,2.020712e-08,1.283726e-08,86.22,83.01,8146.11,7843.03,41.25,39.42
3.39113,3,0.2097,0.057,0.046,5.399,5.719,0.9883,0.00923,269.87,54.25,0.5720354799999999,0.7264850595999999,2.30,2.027918e-08,1.305034e-08,2.01365e-08,1.27806e-08,86.07,82.84,8132.64,7826.97,41.17,39.32
3.39138,3,0.2097,0.057,0.046,5.399,5.719,0.9883,0.00923,269.87,54.25,0.57203448,0.7264837896,2.30,2.024538e-08,1.302252e-08,2.008588e-08,1.274015e-08,85.96,82.69,8122.02,7813.00,41.11,39.24
3.39162,3,0.2097,0.057,0.046,5.399,5.719,0.9883,0.00923,269.87,54.25,0.57203352,0.7264825704,2.30,2.021797e-08,1.300669e-08,2.001292e-08,1.270604e-08,85.99,82.91,8125.17,7833.51,41.13,39.36
3.39188,3,0.2097,0.057,0.046,5.399,5.719,0.9883,0.00923,269.87,54.25,0.57203248,0.7264812495999999,2.30,2.018054e-08,1.29943e-08,1.992902e-08,1.264717e-08,86.21,82.81,8145.72,7824.02,41.25,39.30
3.39213,3,0.2098,0.057,0.046,5.399,5.719,0.9883,0.00923,269.87,54.25,0.5720314799999999,0.7264799795999999,2.30,2.013644e-08,1.297054e-08,1.986849e-08,1.260666e-08,86.34,82.81,8157.79,7824.18,41.32,39.30
3.39237,3,0.2098,0.057,0.046,5.399,5.719,0.9883,0.00923,269.87,54.25,0.57203052,0.7264787604,2.30,2.013195e-08,1.29482e-08,1.977454e-08,1.255814e-08,85.98,83.01,8123.50,7843.14,41.12,39.42
3.39262,3,0.2098,0.057,0.046,5.399,5.719,0.9883,0.00923,269.87,54.25,0.57202952,0.7264774904,2.30,2.009078e-08,1.292854e-08,1.968364e-08,1.250738e-08,86.10,83.14,8135.53,7855.13,41.19,39.49
3.39288,3,0.2099,0.057,0.046,5.398,5.719,0.9883,0.00923,269.87,54.25,0.57202848,0.7264761695999999,2.30,2.006631e-08,1.290236e-08,1.960682e-08,1.244342e-08,85.95,82.90,8120.98,7832.72,41.10,39.36
3.39312,3,0.2099,0.057,0.046,5.398,5.719,0.9883,0.00923,269.87,54.25,0.57202752,0.7264749504,2.30,2.003253e-08,1.288368e-08,1.951682e-08,1.239933e-08,86.01,83.14,8126.36,7855.31,41.13,39.49
3.39337,3,0.2099,0.057,0.046,5.398,5.719,0.9883,0.00923,269.87,54.25,0.57202652,0.7264736804,2.30,1.999268e-08,1.284202e-08,1.944513e-08,1.234427e-08,85.71,82.96,8098.03,7838.74,40.96,39.39
3.39363,3,0.2099,0.057,0.046,5.398,5.719,0.9883,0.00923,269.87,54.25,0.57202548,0.7264723596,2.30,1.994552e-08,1.283209e-08,1.935235e-08,1.229645e-08,86.09,83.17,8134.12,7858.13,41.18,39.51
3.39387,3,0.2100,0.057,0.046,5.398,5.719,0.9883,0.00923,269.87,54.25,0.5720245199999999,0.7264711403999999,2.30,1.992838e-08,1.280813e-08,1.926695e-08,1.224359e-08,85.89,83.23,8115.02,7864.35,41.06,39.55
3.39412,3,0.2100,0.057,0.046,5.398,5.719,0.9883,0.00923,269.87,54.25,0.57202352,0.7264698704,2.30,1.988805e-08,1.27838e-08,1.918335e-08,1.21822e-08,85.92,83.08,8117.84,7849.74,41.08,39.46
3.39438,3,0.2100,0.057,0.046,5.398,5.719,0.9883,0.00923,269.87,54.25,0.57202248,0.7264685496,2.30,1.985519e-08,1.275298e-08,1.90863e-08,1.213297e-08,85.73,83.31,8100.60,7871.78,40.98,39.59
3.39463,3,0.2101,0.057,0.046,5.398,5.719,0.9883,0.00923,269.87,54.25,0.57202148,0.7264672796,2.30,1.979191e-08,1.273127e-08,1.902211e-08,1.208163e-08,86.13,83.15,8138.29,7856.73,41.21,39.50
3.39487,3,0.2101,0.057,0.046,5.398,5.719,0.9883,0.00924,269.87,54.25,0.5720205199999999,0.7264660604,2.30,1.97711e-08,1.269519e-08,1.892007e-08,1.20281e-08,85.70,83.37,8097.71,7876.97,40.96,39.62
3.39513,3,0.2101,0.057,0.046,5.398,5.719,0.9883,0.00924,269.87,54.25,0.5720194799999999,0.7264647395999999,2.30,1.971871e-08,1.265986e-08,1.883195e-08,1.196586e-08,85.67,83.25,8094.70,7865.75,40.94,39.55
3.39538,3,0.2101,0.057,0.046,5.398,5.719,0.9883,0.00924,269.87,54.25,0.57201848,0.7264634696,2.30,1.96714e-08,1.263229e-08,1.876838e-08,1.19303e-08,85.72,83.34,8099.72,7874.50,40.97,39.61
3.39562,3,0.2102,0.057,0.046,5.398,5.719,0.9883,0.00924,269.87,54.25,0.57201752,0.7264622503999999,2.30,1.962317e-08,1.260793e-08,1.869341e-08,1.187384e-08,85.89,83.21,8115.47,7862.24,41.07,39.53
3.39588,3,0.2102,0.057,0.046,5.398,5.719,0.9883,0.00924,269.87,54.25,0.5720164799999999,0.7264609296,2.30,1.957633e-08,1.257597e-08,1.861676e-08,1.181655e-08,85.86,83.05,8112.10,7846.58,41.05,39.44
3.39613,3,0.2102,0.057,0.046,5.398,5.719,0.9883,0.00924,269.87,54.25,0.5720154799999999,0.7264596595999999,2.30,1.952424e-08,1.254007e-08,1.853998e-08,1.177289e-08,85.81,83.14,8107.69,7855.85,41.02,39.49
3.39637,3,0.2103,0.057,0.046,5.398,5.719,0.9883,0.00924,269.87,54.25,0.57201452,0.7264584404,2.30,1.948308e-08,1.250426e-08,1.846144e-08,1.173174e-08,85.67,83.35,8094.59,7875.63,40.94,39.61
3.39662,3,0.2103,0.056,0.046,5.398,5.719,0.9883,0.00924,269.87,54.25,0.5720135199999999,0.7264571703999999,2.30,1.943395e-08,1.247714e-08,1.840125e-08,1.169108e-08,85.75,83.30,8102.42,7871.01,40.99,39.59
3.39688,3,0.2103,0.056,0.046,5.398,5.719,0.9883,0.00924,269.87,54.25,0.5720124799999999,0.7264558496,2.30,1.936976e-08,1.242932e-08,1.833046e-08,1.164689e-08,85.63,83.32,8090.40,7872.47,40.91,39.59
3.39712,3,0.2103,0.056,0.046,5.398,5.719,0.9883,0.00924,269.87,54.25,0.57201152,0.7264546304,2.30,1.930585e-08,1.239398e-08,1.826888e-08,1.161206e-08,85.74,83.40,8100.74,7880.47,40.98,39.64
3.39737,3,0.2104,0.056,0.046,5.398,5.719,0.9883,0.00924,269.87,54.25,0.57201052,0.7264533604,2.30,1.924439e-08,1.234885e-08,1.821394e-08,1.157996e-08,85.67,83.50,8094.21,7889.49,40.94,39.70
3.39763,3,0.2104,0.056,0.046,5.398,5.719,0.9883,0.00924,269.87,54.25,0.57200948,0.7264520395999999,2.30,1.918971e-08,1.231914e-08,1.814693e-08,1.154859e-08,85.77,83.72,8104.08,7910.62,41.00,39.83
3.39787,3,0.2104,0.056,0.046,5.398,5.719,0.9883,0.00924,269.87,54.25,0.5720085199999999,0.7264508203999999,2.30,1.913405e-08,1.228214e-08,1.810851e-08,1.151775e-08,85.75,83.60,8101.74,7898.56,40.98,39.75
3.39812,3,0.2105,0.056,0.046,5.398,5.719,0.9883,0.00924,269.87,54.25,0.57200752,0.7264495504,2.30,1.907816e-08,1.223954e-08,1.805783e-08,1.148442e-08,85.66,83.61,8093.18,7900.25,40.93,39.76
3.39838,3,0.2105,0.056,0.046,5.398,5.719,0.9883,0.00924,269.87,54.25,0.57200648,0.7264482296,2.30,1.90192e-08,1.220752e-08,1.800068e-08,1.145904e-08,85.77,83.83,8103.93,7921.07,41.00,39.89
3.39863,3,0.2105,0.056,0.046,5.398,5.719,0.9883,0.00924,269.87,54.25,0.57200548,0.7264469595999999,2.30,1.896395e-08,1.216008e-08,1.796305e-08,1.142527e-08,85.53,83.64,8081.70,7902.39,40.86,39.78
3.39887,3,0.2105,0.056,0.046,5.398,5.719,0.9883,0.00924,269.87,54.25,0.5720045199999999,0.7264457403999999,2.30,1.889575e-08,1.212752e-08,1.792993e-08,1.14035e-08,85.75,83.62,8102.50,7901.05,40.99,39.77
3.39913,3,0.2106,0.056,0.046,5.397,5.719,0.9883,0.00924,269.87,54.25,0.57200348,0.7264444196000001,2.30,1.884463e-08,1.208024e-08,1.788381e-08,1.138915e-08,85.51,83.97,8079.33,7933.48,40.85,39.96
3.39938,3,0.2106,0.056,0.046,5.397,5.719,0.9883,0.00924,269.87,54.25,0.57200248,0.7264431496,2.30,1.877517e-08,1.20498e-08,1.786208e-08,1.136327e-08,85.79,83.72,8105.73,7910.39,41.01,39.82
3.39962,3,0.2106,0.056,0.046,5.397,5.719,0.9883,0.00924,269.87,54.25,0.5720015199999999,0.7264419303999999,2.30,1.872048e-08,1.201475e-08,1.783707e-08,1.135383e-08,85.79,83.85,8105.83,7922.80,41.01,39.90
3.39988,3,0.2107,0.056,0.046,5.397,5.719,0.9883,0.00924,269.87,54.25,0.5720004799999999,0.7264406095999999,2.30,1.866043e-08,1.196776e-08,1.779647e-08,1.134012e-08,85.66,84.14,8093.72,7949.97,40.93,40.06
3.40013,3,0.2107,0.056,0.046,5.397,5.719,0.9883,0.00924,269.87,54.25,0.57199948,0.7264393396000001,2.30,1.859233e-08,1.194485e-08,1.778305e-08,1.132496e-08,86.08,84.00,8133.14,7937.20,41.17,39.99
3.40037,3,0.2107,0.056,0.046,5.397,5.719,0.9883,0.00924,269.87,54.25,0.57199852,0.7264381204,2.30,1.854234e-08,1.190146e-08,1.774837e-08,1.130562e-08,85.85,84.06,8111.65,7942.51,41.04,40.02
3.40062,3,0.2107,0.056,0.046,5.397,5.719,0.9883,0.00924,269.87,54.25,0.5719975199999999,0.7264368504,2.30,1.849085e-08,1.186246e-08,1.773434e-08,1.130287e-08,85.73,84.19,8100.31,7954.51,40.97,40.09
3.40088,3,0.2108,0.056,0.046,5.397,5.719,0.9883,0.00924,269.87,54.25,0.5719964799999999,0.7264355295999999,2.30,1.843504e-08,1.183123e-08,1.772189e-08,1.129349e-08,85.86,84.20,8112.90,7955.47,41.05,40.10
3.40112,3,0.2108,0.056,0.046,5.397,5.719,0.9883,0.00924,269.87,54.25,0.57199552,0.7264343104,2.30,1.837473e-08,1.179568e-08,1.770813e-08,1.128509e-08,85.93,84.21,8118.96,7956.19,41.09,40.10
3.40137,3,0.2108,0.056,0.046,5.397,5.719,0.9883,0.00924,269.87,54.25,0.57199452,0.7264330403999999,2.30,1.832772e-08,1.175842e-08,1.767052e-08,1.128249e-08,85.78,84.65,8105.33,7997.95,41.00,40.35
3.40163,3,0.2109,0.056,0.046,5.397,5.719,0.9883,0.00924,269.87,54.25,0.5719934799999999,0.7264317196,2.30,1.826959e-08,1.173319e-08,1.767771e-08,1.127512e-08,86.07,84.44,8132.50,7978.33,41.17,40.23
3.40187,3,0.2109,0.056,0.046,5.397,5.719,0.9883,0.00924,269.87,54.25,0.57199252,0.7264305004,2.30,1.82333e-08,1.169492e-08,1.765916e-08,1.127697e-08,85.77,84.72,8103.52,8005.15,40.99,40.40
3.40212,3,0.2109,0.056,0.046,5.397,5.719,0.9883,0.00924,269.87,54.25,0.57199152,0.7264292304,2.30,1.817318e-08,1.16714e-08,1.764452e-08,1.126176e-08,86.07,84.60,8132.75,7993.64,41.17,40.33
3.40238,3,0.2109,0.056,0.046,5.397,5.719,0.9883,0.00924,269.87,54.25,0.57199048,0.7264279095999999,2.30,1.813917e-08,1.164098e-08,1.764364e-08,1.126662e-08,85.90,84.71,8116.03,8004.28,41.07,40.39
3.40263,3,0.2110,0.056,0.046,5.397,5.719,0.9883,0.00924,269.87,54.25,0.5719894799999999,0.7264266396,2.30,1.808804e-08,1.161458e-08,1.761808e-08,1.125768e-08,86.07,84.91,8132.42,8022.63,41.17,40.50
3.40287,3,0.2110,0.056,0.046,5.397,5.719,0.9883,0.00924,269.87,54.25,0.57198852,0.7264254204,2.30,1.804919e-08,1.159515e-08,1.762232e-08,1.125708e-08,86.19,84.84,8143.24,8016.11,41.23,40.46
3.40313,3,0.2110,0.056,0.046,5.397,5.719,0.9883,0.00924,269.87,54.25,0.57198748,0.7264240996,2.30,1.800955e-08,1.156875e-08,1.761662e-08,1.124818e-08,86.17,84.73,8141.40,8005.74,41.22,40.40
3.40338,3,0.2111,0.056,0.046,5.397,5.719,0.9883,0.00924,269.87,54.25,0.57198648,0.7264228295999999,2.30,1.797207e-08,1.154334e-08,1.760681e-08,1.124027e-08,86.18,84.74,8142.63,8006.29,41.23,40.40
3.40362,3,0.2111,0.056,0.046,5.397,5.719,0.9883,0.00924,269.87,54.25,0.5719855199999999,0.7264216103999999,2.30,1.793475e-08,1.152523e-08,1.760502e-08,1.123577e-08,86.30,84.67,8154.22,7999.68,41.30,40.36
3.40388,3,0.2111,0.056,0.046,5.397,5.719,0.9883,0.00924,269.87,54.25,0.5719844799999999,0.7264202895999999,2.30,1.789398e-08,1.150729e-08,1.758327e-08,1.123214e-08,86.48,84.88,8170.63,8019.91,41.40,40.49
3.40413,3,0.2111,0.056,0.046,5.397,5.719,0.9883,0.00924,269.87,54.25,0.57198348,0.7264190196,2.30,1.784957e-08,1.148914e-08,1.758283e-08,1.121869e-08,86.70,84.61,8191.42,7993.94,41.52,40.33
3.40437,3,0.2112,0.056,0.046,5.397,5.719,0.9883,0.00924,269.87,54.25,0.5719825199999999,0.7264178003999999,2.30,1.782288e-08,1.145404e-08,1.756604e-08,1.121713e-08,86.36,84.84,8159.48,8015.79,41.33,40.46
3.40462,3,0.2112,0.056,0.046,5.397,5.719,0.9883,0.00924,269.87,54.25,0.5719815199999999,0.7264165303999999,2.30,1.778555e-08,1.144171e-08,1.75515e-08,1.120483e-08,86.60,84.77,8182.81,8009.83,41.47,40.42
3.40488,3,0.2112,0.056,0.045,5.397,5.719,0.9883,0.00924,269.87,54.25,0.57198048,0.7264152096000001,2.30,1.775313e-08,1.142849e-08,1.754782e-08,1.118885e-08,86.77,84.49,8198.34,7983.10,41.57,40.26
3.40512,3,0.2113,0.056,0.045,5.396,5.719,0.9883,0.00924,269.87,54.25,0.57197952,0.7264139904,2.30,1.772763e-08,1.140704e-08,1.751471e-08,1.11795e-08,86.70,84.78,8192.07,8010.13,41.53,40.43
3.40537,3,0.2113,0.056,0.045,5.396,5.719,0.9883,0.00924,269.87,54.25,0.5719785199999999,0.7264127203999999,2.30,1.770252e-08,1.138733e-08,1.748647e-08,1.11714e-08,86.63,84.99,8184.91,8029.86,41.48,40.55
3.40563,3,0.2113,0.056,0.045,5.396,5.719,0.9883,0.00924,269.87,54.25,0.5719774799999999,0.7264113995999999,2.30,1.766232e-08,1.137024e-08,1.74743e-08,1.114527e-08,86.81,84.60,8202.64,7993.41,41.59,40.33
3.40587,3,0.2113,0.056,0.045,5.396,5.719,0.9883,0.00924,269.87,54.25,0.57197652,0.7264101804,2.30,1.763717e-08,1.135744e-08,1.744305e-08,1.112541e-08,86.89,84.60,8209.52,7993.55,41.63,40.33
3.40612,3,0.2114,0.056,0.045,5.396,5.719,0.9883,0.00924,269.87,54.25,0.57197552,0.7264089104,2.30,1.759662e-08,1.134206e-08,1.741864e-08,1.111413e-08,87.16,84.73,8235.29,8005.86,41.79,40.40
3.40638,3,0.2114,0.056,0.045,5.396,5.719,0.9883,0.00924,269.87,54.25,0.57197448,0.7264075896,2.30,1.756935e-08,1.131338e-08,1.739237e-08,1.108917e-08,86.92,84.56,8212.62,7989.54,41.65,40.30
3.40663,3,0.2114,0.056,0.045,5.396,5.719,0.9883,0.00924,269.87,54.25,0.5719734799999999,0.7264063195999999,2.30,1.752711e-08,1.129654e-08,1.735196e-08,1.10756e-08,87.14,84.82,8233.82,8013.89,41.78,40.45
3.40687,3,0.2115,0.056,0.045,5.396,5.719,0.9883,0.00924,269.87,54.25,0.57197252,0.7264051004,2.30,1.750644e-08,1.128018e-08,1.732396e-08,1.105023e-08,87.12,84.70,8231.48,8002.67,41.77,40.38
3.40713,3,0.2115,0.056,0.045,5.396,5.719,0.9883,0.00924,269.87,54.25,0.57197148,0.7264037796,2.30,1.748203e-08,1.125129e-08,1.728878e-08,1.103175e-08,86.83,84.78,8204.50,8010.61,41.60,40.43
3.40738,3,0.2115,0.056,0.045,5.396,5.719,0.9883,0.00924,269.87,54.25,0.57197048,0.7264025096,2.30,1.745363e-08,1.12414e-08,1.724366e-08,1.100885e-08,87.02,84.91,8221.71,8022.47,41.71,40.50
3.40762,3,0.2115,0.056,0.045,5.396,5.719,0.9883,0.00924,269.87,54.25,0.57196952,0.7264012904,2.30,1.743573e-08,1.122025e-08,1.720488e-08,1.09765e-08,86.81,84.75,8201.95,8007.15,41.59,40.41
3.40788,3,0.2116,0.056,0.045,5.396,5.719,0.9883,0.00924,269.87,54.25,0.57196848,0.7263999696,2.30,1.738846e-08,1.120196e-08,1.716893e-08,1.095469e-08,87.11,84.81,8230.83,8013.21,41.76,40.44
3.40813,3,0.2116,0.056,0.045,5.396,5.719,0.9883,0.00924,269.87,54.25,0.57196748,0.7263986996,2.30,1.735671e-08,1.118729e-08,1.712519e-08,1.092951e-08,87.24,84.87,8242.81,8018.74,41.83,40.48
3.40837,3,0.2116,0.056,0.045,5.396,5.719,0.9883,0.00924,269.87,54.25,0.5719665199999999,0.7263974804,2.30,1.731906e-08,1.115219e-08,1.707962e-08,1.090693e-08,87.00,85.01,8220.34,8031.98,41.70,40.56
3.40862,3,0.2117,0.056,0.045,5.396,5.719,0.9883,0.00924,269.87,54.25,0.57196552,0.7263962104,2.30,1.728784e-08,1.112898e-08,1.70396e-08,1.087913e-08,86.97,85.00,8217.78,8031.19,41.68,40.55
3.40888,3,0.2117,0.056,0.045,5.396,5.719,0.9883,0.00924,269.87,54.25,0.57196448,0.7263948896,2.30,1.726245e-08,1.111541e-08,1.699572e-08,1.084502e-08,87.04,84.87,8223.54,8018.73,41.72,40.48
3.40912,3,0.2117,0.056,0.045,5.396,5.719,0.9883,0.00924,269.87,54.25,0.57196352,0.7263936703999999,2.30,1.722252e-08,1.108967e-08,1.694545e-08,1.083055e-08,87.03,85.25,8223.48,8054.91,41.72,40.70
3.40937,3,0.2117,0.056,0.045,5.396,5.719,0.9883,0.00924,269.87,54.25,0.5719625199999999,0.7263924003999999,2.30,1.717285e-08,1.106541e-08,1.691246e-08,1.078692e-08,87.21,84.76,8239.63,8008.53,41.81,40.42
3.40963,3,0.2118,0.056,0.045,5.396,5.719,0.9883,0.00924,269.87,54.25,0.5719614799999999,0.7263910795999999,2.30,1.713071e-08,1.104623e-08,1.68511e-08,1.077747e-08,87.42,85.45,8260.29,8073.71,41.94,40.81
3.40987,3,0.2118,0.056,0.045,5.396,5.719,0.9883,0.00924,269.87,54.25,0.57196052,0.7263898604,2.30,1.711363e-08,1.10097e-08,1.680452e-08,1.074567e-08,86.86,85.41,8206.74,8069.52,41.62,40.78
3.41012,3,0.2118,0.056,0.045,5.396,5.719,0.9883,0.00924,269.87,54.25,0.5719595199999999,0.7263885903999999,2.30,1.70686e-08,1.098143e-08,1.677811e-08,1.072584e-08,86.87,85.34,8208.20,8063.39,41.62,40.75
3.41038,3,0.2119,0.056,0.045,5.396,5.719,0.9883,0.00924,269.87,54.25,0.5719584799999999,0.7263872695999999,2.30,1.703928e-08,1.096077e-08,1.674018e-08,1.069648e-08,86.87,85.27,8208.31,8056.52,41.62,40.71
3.41063,3,0.2119,0.056,0.045,5.396,5.719,0.9883,0.00924,269.87,54.25,0.5719574799999999,0.7263859995999999,2.30,1.697268e-08,1.092937e-08,1.669997e-08,1.067318e-08,87.13,85.32,8232.46,8061.53,41.77,40.74
3.41087,3,0.2119,0.056,0.045,5.396,5.719,0.9883,0.00924,269.87,54.25,0.57195652,0.7263847804,2.30,1.69258e-08,1.089967e-08,1.66484e-08,1.065422e-08,87.14,85.63,8233.50,8090.99,41.78,40.91
3.41113,3,0.2119,0.056,0.045,5.396,5.719,0.9883,0.00924,269.87,54.25,0.57195548,0.7263834596,2.30,1.688092e-08,1.086811e-08,1.66195e-08,1.063255e-08,87.08,85.56,8227.85,8084.28,41.74,40.87
3.41138,3,0.2120,0.056,0.045,5.395,5.719,0.9883,0.00924,269.87,54.25,0.5719544799999999,0.7263821895999999,2.30,1.684842e-08,1.0831e-08,1.658566e-08,1.060652e-08,86.76,85.50,8197.34,8078.83,41.56,40.84
3.41162,3,0.2120,0.056,0.045,5.395,5.719,0.9883,0.00924,269.87,54.25,0.57195352,0.7263809704,2.30,1.679653e-08,1.080814e-08,1.654272e-08,1.058729e-08,86.99,85.69,8219.69,8096.29,41.69,40.95
3.41188,3,0.2120,0.056,0.045,5.395,5.719,0.9883,0.00924,269.87,54.25,0.57195248,0.7263796496,2.30,1.674683e-08,1.076829e-08,1.651056e-08,1.056752e-08,86.82,85.71,8202.87,8098.02,41.59,40.96
3.41213,3,0.2121,0.056,0.045,5.395,5.719,0.9883,0.00924,269.87,54.25,0.57195148,0.7263783796,2.30,1.669758e-08,1.073653e-08,1.64884e-08,1.055412e-08,86.86,85.77,8206.55,8103.51,41.61,40.99
3.41237,3,0.2121,0.056,0.045,5.395,5.719,0.9883,0.00924,269.88,54.25,0.5719505199999999,0.7263771603999999,2.30,1.66484e-08,1.07036e-08,1.645594e-08,1.053963e-08,86.83,85.91,8203.74,8116.97,41.60,41.07
3.41262,3,0.2121,0.056,0.045,5.395,5.719,0.9883,0.00924,269.88,54.25,0.57194952,0.7263758904,2.30,1.660196e-08,1.066924e-08,1.643886e-08,1.052149e-08,86.72,85.74,8194.06,8101.54,41.54,40.98
3.41288,3,0.2121,0.056,0.045,5.395,5.719,0.9883,0.00924,269.88,54.25,0.57194848,0.7263745696,2.30,1.657073e-08,1.063504e-08,1.640664e-08,1.051292e-08,86.40,86.02,8163.70,8127.43,41.35,41.13
3.41312,3,0.2122,0.056,0.045,5.395,5.719,0.9883,0.00924,269.88,54.25,0.5719475199999999,0.7263733504,2.30,1.650202e-08,1.059848e-08,1.639781e-08,1.049479e-08,86.61,85.77,8183.80,8104.45,41.48,40.99
3.41337,3,0.2122,0.056,0.045,5.395,5.719,0.9883,0.00924,269.88,54.25,0.57194652,0.7263720804,2.30,1.645808e-08,1.056222e-08,1.638264e-08,1.048283e-08,86.43,85.72,8166.42,8099.62,41.37,40.97
3.41363,3,0.2122,0.056,0.045,5.395,5.719,0.9883,0.00924,269.88,54.25,0.57194548,0.7263707596,2.30,1.63999e-08,1.053546e-08,1.635041e-08,1.047169e-08,86.67,85.94,8189.38,8120.04,41.51,41.09
3.41387,3,0.2123,0.056,0.045,5.395,5.719,0.9883,0.00924,269.88,54.25,0.57194452,0.7263695403999999,2.30,1.634296e-08,1.049591e-08,1.633126e-08,1.046818e-08,86.65,86.18,8186.75,8142.80,41.49,41.23
3.41412,3,0.2123,0.056,0.045,5.395,5.719,0.9883,0.00924,269.88,54.25,0.5719435199999999,0.7263682704,2.30,1.632342e-08,1.045658e-08,1.6327e-08,1.046258e-08,86.03,86.12,8128.57,8136.59,41.14,41.19
3.41438,3,0.2123,0.056,0.045,5.395,5.719,0.9883,0.00924,269.88,54.25,0.5719424799999999,0.7263669495999999,2.30,1.628202e-08,1.04279e-08,1.631973e-08,1.045349e-08,85.98,86.01,8123.88,8126.99,41.11,41.13
3.41463,3,0.2123,0.056,0.045,5.395,5.719,0.9883,0.00924,269.88,54.25,0.57194148,0.7263656796,2.30,1.6229e-08,1.039581e-08,1.630374e-08,1.044458e-08,86.02,86.04,8127.94,8129.88,41.14,41.15
3.41487,3,0.2124,0.056,0.045,5.395,5.719,0.9883,0.00924,269.88,54.25,0.57194052,0.7263644603999999,2.30,1.616693e-08,1.035629e-08,1.630822e-08,1.044465e-08,86.07,86.02,8132.30,8127.64,41.16,41.13
3.41513,3,0.2124,0.056,0.045,5.395,5.719,0.9883,0.00924,269.88,54.25,0.57193948,0.7263631396,2.30,1.611353e-08,1.032538e-08,1.628833e-08,1.044119e-08,86.15,86.23,8139.53,8147.78,41.21,41.26
3.41538,3,0.2124,0.056,0.045,5.395,5.719,0.9883,0.00924,269.88,54.25,0.5719384799999999,0.7263618695999999,2.30,1.606947e-08,1.030303e-08,1.628029e-08,1.043308e-08,86.28,86.17,8152.49,8141.36,41.28,41.22
3.41562,3,0.2125,0.056,0.045,5.395,5.719,0.9883,0.00924,269.88,54.25,0.57193752,0.7263606504,2.30,1.601813e-08,1.026393e-08,1.628304e-08,1.043515e-08,86.18,86.21,8142.66,8145.86,41.23,41.24
3.41588,3,0.2125,0.056,0.045,5.395,5.719,0.9883,0.00924,269.88,54.25,0.57193648,0.7263593295999999,2.30,1.598039e-08,1.023677e-08,1.628466e-08,1.04281e-08,86.11,86.03,8136.07,8128.30,41.19,41.14
3.41613,3,0.2125,0.056,0.045,5.395,5.719,0.9883,0.00924,269.88,54.25,0.5719354799999999,0.7263580595999999,2.30,1.597507e-08,1.021806e-08,1.629347e-08,1.044153e-08,85.75,86.21,8102.31,8145.20,40.98,41.24
3.41637,3,0.2125,0.056,0.045,5.395,5.719,0.9883,0.00924,269.88,54.25,0.57193452,0.7263568404,2.30,1.591703e-08,1.018639e-08,1.628444e-08,1.044255e-08,85.88,86.36,8114.36,8160.01,41.05,41.33
3.41662,3,0.2126,0.056,0.045,5.395,5.719,0.9883,0.00924,269.88,54.25,0.57193352,0.7263555704,2.30,1.584903e-08,1.015542e-08,1.628513e-08,1.043419e-08,86.22,86.20,8146.14,8144.69,41.25,41.24
3.41688,3,0.2126,0.056,0.045,5.395,5.719,0.9883,0.00924,269.88,54.25,0.57193248,0.7263542496,2.30,1.581095e-08,1.013948e-08,1.627606e-08,1.043523e-08,86.42,86.36,8165.10,8159.60,41.36,41.33
3.41712,3,0.2126,0.056,0.045,5.395,5.719,0.9883,0.00924,269.88,54.25,0.5719315199999999,0.7263530303999999,2.30,1.577986e-08,1.011015e-08,1.629405e-08,1.043994e-08,86.19,86.20,8144.01,8144.77,41.23,41.24
3.41737,3,0.2127,0.056,0.045,5.394,5.719,0.9883,0.00924,269.88,54.25,0.57193052,0.7263517604,2.30,1.574096e-08,1.00867e-08,1.628106e-08,1.044092e-08,86.27,86.46,8151.15,8168.86,41.28,41.38
3.41763,3,0.2127,0.056,0.045,5.394,5.719,0.9883,0.00924,269.88,54.25,0.57192948,0.7263504396,2.30,1.572093e-08,1.006928e-08,1.629142e-08,1.043796e-08,86.16,86.24,8140.83,8147.96,41.21,41.26
3.41787,3,0.2127,0.056,0.045,5.394,5.719,0.9883,0.00924,269.88,54.25,0.5719285199999999,0.7263492203999999,2.30,1.568728e-08,1.005525e-08,1.62927e-08,1.044029e-08,86.34,86.27,8157.81,8151.24,41.32,41.28
3.41812,3,0.2127,0.056,0.045,5.394,5.719,0.9883,0.00924,269.88,54.25,0.5719275199999999,0.7263479503999999,2.30,1.567008e-08,1.003181e-08,1.631017e-08,1.0442e-08,86.04,86.05,8129.79,8130.68,41.15,41.15
3.41838,3,0.2128,0.055,0.045,5.394,5.719,0.9883,0.00924,269.88,54.25,0.5719264799999999,0.7263466295999998,2.30,1.563986e-08,1.002627e-08,1.630381e-08,1.044448e-08,86.41,86.24,8164.69,8148.54,41.36,41.26
3.41863,3,0.2128,0.055,0.045,5.394,5.719,0.9883,0.00924,269.88,54.25,0.57192548,0.7263453596,2.30,1.562429e-08,1.001024e-08,1.632933e-08,1.045252e-08,86.27,86.05,8150.97,8130.56,41.27,41.15
3.41887,3,0.2128,0.055,0.045,5.394,5.719,0.9883,0.00924,269.88,54.25,0.5719245199999999,0.7263441404,2.30,1.560995e-08,9.990343e-09,1.633054e-08,1.044925e-08,86.01,85.96,8126.72,8121.82,41.13,41.10
3.41913,3,0.2129,0.055,0.045,5.394,5.719,0.9883,0.00924,269.88,54.25,0.5719234799999999,0.7263428195999999,2.30,1.558627e-08,9.984961e-09,1.632949e-08,1.044717e-08,86.29,85.97,8152.71,8122.60,41.28,41.10
3.41938,3,0.2129,0.055,0.045,5.394,5.719,0.9883,0.00924,269.88,54.25,0.57192248,0.7263415496,2.30,1.557166e-08,9.970941e-09,1.633716e-08,1.044595e-08,86.17,85.83,8142.12,8109.39,41.22,41.02
3.41962,3,0.2129,0.055,0.045,5.394,5.719,0.9883,0.00924,269.88,54.25,0.57192152,0.7263403304,2.30,1.556326e-08,9.97848e-09,1.633527e-08,1.044987e-08,86.48,85.94,8171.53,8120.44,41.40,41.09
3.41988,3,0.2129,0.055,0.045,5.394,5.719,0.9883,0.00924,269.88,54.25,0.57192048,0.7263390096,2.30,1.555262e-08,9.96778e-09,1.63551e-08,1.045321e-08,86.39,85.73,8162.68,8100.34,41.34,40.97
3.42013,3,0.2130,0.055,0.045,5.394,5.719,0.9883,0.00924,269.88,54.25,0.5719194799999999,0.7263377395999999,2.30,1.56016e-08,9.978288e-09,1.644154e-08,1.046112e-08,85.93,84.71,8119.19,8003.78,41.08,40.38
3.42037,3,0.2130,0.055,0.045,5.394,5.719,0.9883,0.00924,269.88,54.25,0.57191852,0.7263365204,2.30,1.575972e-08,1.000952e-08,1.675999e-08,1.050221e-08,84.30,81.27,7964.88,7679.08,40.15,38.42
3.42062,3,0.2130,0.055,0.045,5.394,5.719,0.9883,0.00924,269.88,54.25,0.57191752,0.7263352503999999,2.30,1.555346e-08,9.972289e-09,1.638485e-08,1.045607e-08,86.53,85.41,8175.58,8069.60,41.42,40.78
3.42088,3,0.2131,0.055,0.045,5.394,5.719,0.9883,0.00924,269.88,54.25,0.57191648,0.7263339296,2.30,1.553591e-08,9.967459e-09,1.635055e-08,1.044446e-08,86.72,85.68,8194.13,8095.40,41.53,40.94
3.42112,3,0.2131,0.055,0.045,5.394,5.719,0.9883,0.00924,269.88,54.25,0.57191552,0.7263327104,2.30,1.552187e-08,9.96761e-09,1.633875e-08,1.045012e-08,86.95,85.98,8215.19,8123.81,41.66,41.11
3.42137,3,0.2131,0.055,0.045,5.394,5.719,0.9883,0.00924,269.88,54.25,0.57191452,0.7263314404,2.30,1.552721e-08,9.974031e-09,1.634791e-08,1.044818e-08,87.02,85.80,8222.08,8107.02,41.70,41.01
3.42163,3,0.2131,0.055,0.045,5.394,5.719,0.9883,0.00924,269.88,54.25,0.57191348,0.7263301195999999,2.30,1.554073e-08,9.980158e-09,1.635152e-08,1.044587e-08,86.96,85.70,8216.19,8097.10,41.67,40.95
3.42188,3,0.2132,0.055,0.045,5.394,5.719,0.9883,0.00924,269.88,54.25,0.57191248,0.7263288496,2.30,1.555154e-08,9.980881e-09,1.636814e-08,1.043565e-08,86.85,85.27,8205.76,8056.36,41.60,40.70
3.42212,3,0.2132,0.055,0.045,5.394,5.719,0.9883,0.00924,269.88,54.25,0.57191152,0.7263276304,2.30,1.554743e-08,9.988999e-09,1.634237e-08,1.042889e-08,87.11,85.48,8230.50,8077.02,41.75,40.83
3.42238,3,0.2132,0.055,0.045,5.394,5.719,0.9883,0.00924,269.88,54.25,0.57191048,0.7263263096,2.30,1.555233e-08,9.99706e-09,1.63533e-08,1.043398e-08,87.23,85.44,8241.83,8072.99,41.82,40.80
3.42263,3,0.2133,0.055,0.045,5.393,5.719,0.9883,0.00924,269.88,54.25,0.57190948,0.7263250395999999,2.30,1.555471e-08,1.001192e-08,1.633673e-08,1.043733e-08,87.60,85.80,8276.54,8106.65,42.03,41.00
3.42287,3,0.2133,0.055,0.045,5.393,5.719,0.9883,0.00924,269.88,54.25,0.5719085199999999,0.7263238203999999,2.30,1.554793e-08,1.001466e-08,1.631929e-08,1.043364e-08,87.77,85.97,8293.05,8122.72,42.13,41.10
3.42313,3,0.2133,0.055,0.045,5.393,5.719,0.9883,0.00924,269.88,54.25,0.5719074799999999,0.7263224996,2.30,1.555942e-08,1.003011e-08,1.63159e-08,1.043554e-08,87.97,86.06,8311.79,8131.50,42.25,41.16
3.42338,3,0.2133,0.055,0.045,5.393,5.719,0.9883,0.00924,269.88,54.25,0.57190648,0.7263212296,2.30,1.556925e-08,1.002777e-08,1.629283e-08,1.043218e-08,87.76,86.32,8291.60,8156.23,42.12,41.30
3.42362,3,0.2134,0.055,0.045,5.393,5.719,0.9883,0.00924,269.88,54.25,0.57190552,0.7263200103999999,2.30,1.557023e-08,1.004207e-08,1.628106e-08,1.043132e-08,88.13,86.52,8327.34,8174.59,42.34,41.42
3.42387,3,0.2134,0.055,0.045,5.393,5.719,0.9883,0.00924,269.88,54.25,0.5719045199999999,0.7263187403999999,2.30,1.558156e-08,1.005393e-08,1.628168e-08,1.043477e-08,88.25,86.59,8337.97,8181.25,42.40,41.46
3.42413,3,0.2134,0.055,0.045,5.393,5.719,0.9883,0.00924,269.88,54.25,0.5719034799999999,0.7263174195999998,2.30,1.559609e-08,1.005998e-08,1.627263e-08,1.043004e-08,88.16,86.61,8330.21,8183.59,42.36,41.47
3.42437,3,0.2135,0.055,0.045,5.393,5.719,0.9883,0.00924,269.88,54.25,0.57190252,0.7263162004,2.30,1.560008e-08,1.00726e-08,1.628162e-08,1.043572e-08,88.45,86.65,8357.59,8187.25,42.52,41.49
3.42462,3,0.2135,0.055,0.045,5.393,5.719,0.9883,0.00924,269.88,54.25,0.5719015199999999,0.7263149304,2.30,1.56147e-08,1.008012e-08,1.627452e-08,1.043911e-08,88.41,86.84,8353.10,8204.63,42.50,41.60
3.42488,3,0.2135,0.055,0.045,5.393,5.719,0.9883,0.00924,269.88,54.25,0.5719004799999999,0.7263136095999999,2.30,1.561462e-08,1.009008e-08,1.628378e-08,1.044303e-08,88.65,86.79,8376.55,8200.21,42.64,41.57
3.42512,3,0.2135,0.055,0.045,5.393,5.719,0.9883,0.00924,269.88,54.25,0.57189952,0.7263123904,2.30,1.563174e-08,1.010004e-08,1.628434e-08,1.043464e-08,88.63,86.59,8373.97,8181.08,42.62,41.45
3.42537,3,0.2136,0.055,0.045,5.393,5.719,0.9883,0.00924,269.88,54.25,0.57189852,0.7263111204,2.30,1.564519e-08,1.011321e-08,1.627536e-08,1.044679e-08,88.78,87.04,8388.39,8224.15,42.71,41.72
3.42563,3,0.2136,0.055,0.045,5.393,5.719,0.9883,0.00924,269.88,54.25,0.57189748,0.7263097996,2.30,1.564644e-08,1.01199e-08,1.627504e-08,1.043362e-08,88.93,86.74,8402.20,8195.71,42.79,41.54
3.42588,3,0.2136,0.055,0.045,5.393,5.719,0.9883,0.00924,269.88,54.25,0.5718964799999999,0.7263085295999999,2.30,1.565271e-08,1.013152e-08,1.628205e-08,1.044816e-08,89.11,86.97,8420.00,8217.73,42.90,41.68
3.42612,3,0.2137,0.055,0.045,5.393,5.719,0.9883,0.00924,269.88,54.25,0.57189552,0.7263073104,2.30,1.566529e-08,1.013566e-08,1.629438e-08,1.045584e-08,89.06,87.01,8414.52,8221.07,42.87,41.70
3.42638,3,0.2137,0.055,0.045,5.393,5.719,0.9883,0.00924,269.88,54.25,0.57189448,0.7263059896,2.30,1.56758e-08,1.014448e-08,1.629134e-08,1.046192e-08,89.11,87.20,8419.27,8238.71,42.90,41.80
3.42663,3,0.2137,0.055,0.045,5.393,5.719,0.9883,0.00924,269.88,54.25,0.57189348,0.7263047196,2.30,1.56729e-08,1.015669e-08,1.629e-08,1.046854e-08,89.46,87.37,8452.49,8255.20,43.10,41.90
3.42687,3,0.2137,0.055,0.045,5.393,5.719,0.9883,0.00924,269.88,54.25,0.57189252,0.7263035004,2.30,1.568862e-08,1.015911e-08,1.631463e-08,1.048123e-08,89.26,87.30,8434.17,8248.29,42.99,41.86
3.42713,3,0.2138,0.055,0.045,5.393,5.719,0.9883,0.00924,269.88,54.25,0.57189148,0.7263021796,2.30,1.569234e-08,1.016727e-08,1.632174e-08,1.048882e-08,89.45,87.41,8451.68,8258.80,43.09,41.92
3.42738,3,0.2138,0.055,0.045,5.393,5.719,0.9883,0.00924,269.88,54.25,0.57189048,0.7263009095999999,2.30,1.570708e-08,1.017425e-08,1.634519e-08,1.049114e-08,89.39,87.11,8445.62,8230.81,43.05,41.75
3.42762,3,0.2138,0.055,0.045,5.393,5.719,0.9883,0.00924,269.88,54.25,0.5718895199999999,0.7262996904,2.30,1.57106e-08,1.0188e-08,1.635614e-08,1.050591e-08,89.67,87.29,8472.70,8247.78,43.22,41.86
3.42787,3,0.2139,0.055,0.045,5.393,5.719,0.9883,0.00924,269.88,54.25,0.57188852,0.7262984204,2.30,1.572392e-08,1.018719e-08,1.638027e-08,1.051651e-08,89.48,87.22,8454.36,8240.91,43.11,41.82
3.42813,3,0.2139,0.055,0.045,5.393,5.719,0.9883,0.00924,269.88,54.25,0.57188748,0.7262970996,2.30,1.573763e-08,1.019435e-08,1.63939e-08,1.053239e-08,89.44,87.38,8450.30,8256.52,43.08,41.91
3.42837,3,0.2139,0.055,0.045,5.393,5.719,0.9883,0.00924,269.88,54.25,0.57188652,0.7262958803999999,2.30,1.572631e-08,1.020726e-08,1.641604e-08,1.055205e-08,89.94,87.51,8498.15,8268.43,43.37,41.98
3.42862,3,0.2139,0.055,0.045,5.393,5.719,0.9883,0.00924,269.88,54.25,0.5718855199999999,0.7262946103999999,2.30,1.57493e-08,1.020187e-08,1.645057e-08,1.055933e-08,89.43,87.17,8450.21,8235.87,43.08,41.78
3.42888,3,0.2140,0.055,0.045,5.392,5.719,0.9883,0.00924,269.88,54.25,0.5718844799999999,0.7262932896,2.30,1.575295e-08,1.021831e-08,1.646909e-08,1.057942e-08,89.83,87.40,8487.35,8257.59,43.31,41.92
3.42912,3,0.2140,0.055,0.045,5.392,5.719,0.9883,0.00924,269.88,54.25,0.57188352,0.7262920704,2.30,1.576572e-08,1.022045e-08,1.65099e-08,1.060127e-08,89.67,87.30,8472.86,8248.09,43.22,41.86
3.42937,3,0.2140,0.055,0.045,5.392,5.719,0.9883,0.00924,269.88,54.25,0.57188252,0.7262908003999999,2.30,1.577451e-08,1.022628e-08,1.653721e-08,1.062235e-08,89.68,87.38,8473.17,8255.79,43.22,41.91
3.42963,3,0.2141,0.055,0.045,5.392,5.719,0.9883,0.00925,269.88,54.25,0.5718814799999999,0.7262894795999999,2.30,1.578701e-08,1.023311e-08,1.656937e-08,1.063924e-08,89.69,87.33,8474.13,8251.48,43.23,41.88
3.42988,3,0.2141,0.055,0.045,5.392,5.719,0.9883,0.00925,269.88,54.25,0.5718804799999999,0.7262882095999998,2.30,1.580553e-08,1.025094e-08,1.660293e-08,1.066132e-08,89.83,87.34,8487.84,8252.63,43.31,41.89
3.43012,3,0.2141,0.055,0.045,5.392,5.719,0.9883,0.00925,269.88,54.25,0.57187952,0.7262869904,2.30,1.582798e-08,1.024945e-08,1.664218e-08,1.068283e-08,89.43,87.26,8450.18,8244.66,43.08,41.84
3.43038,3,0.2142,0.055,0.045,5.392,5.719,0.9883,0.00925,269.88,54.25,0.57187848,0.7262856696,2.30,1.584231e-08,1.02677e-08,1.667133e-08,1.071053e-08,89.70,87.50,8475.14,8267.89,43.23,41.98
3.43063,3,0.2142,0.055,0.045,5.392,5.719,0.9883,0.00925,269.88,54.25,0.5718774799999999,0.7262843995999999,2.30,1.586403e-08,1.027791e-08,1.670255e-08,1.07301e-08,89.60,87.49,8466.09,8266.84,43.18,41.97
3.43087,3,0.2142,0.055,0.045,5.392,5.719,0.9883,0.00925,269.88,54.25,0.57187652,0.7262831804000001,2.30,1.588299e-08,1.028056e-08,1.674228e-08,1.075574e-08,89.36,87.50,8443.62,8267.09,43.04,41.97
3.43113,3,0.2142,0.055,0.045,5.392,5.719,0.9883,0.00925,269.88,54.25,0.57187548,0.7262818596,2.30,1.589487e-08,1.029518e-08,1.67993e-08,1.07877e-08,89.54,87.39,8459.76,8257.09,43.14,41.91
3.43138,3,0.2143,0.055,0.045,5.392,5.719,0.9883,0.00925,269.88,54.25,0.57187448,0.7262805896,2.30,1.591565e-08,1.030624e-08,1.683311e-08,1.081704e-08,89.52,87.60,8458.12,8277.26,43.13,42.03
3.43162,3,0.2143,0.055,0.045,5.392,5.719,0.9883,0.00925,269.88,54.25,0.5718735199999999,0.7262793703999999,2.30,1.594276e-08,1.031837e-08,1.687923e-08,1.08386e-08,89.38,87.42,8445.52,8260.03,43.05,41.93
3.43187,3,0.2143,0.055,0.045,5.392,5.719,0.9883,0.00925,269.88,54.25,0.57187252,0.7262781004,2.30,1.595902e-08,1.032984e-08,1.691663e-08,1.087702e-08,89.41,87.75,8447.72,8290.71,43.07,42.12
3.43213,3,0.2144,0.055,0.045,5.392,5.719,0.9883,0.00925,269.88,54.25,0.57187148,0.7262767796,2.30,1.599796e-08,1.035051e-08,1.696148e-08,1.088293e-08,89.34,87.27,8441.17,8245.92,43.03,41.84
3.43237,3,0.2144,0.055,0.045,5.392,5.719,0.9883,0.00925,269.88,54.25,0.5718705199999999,0.7262755604,2.30,1.600888e-08,1.0356e-08,1.701373e-08,1.093044e-08,89.30,87.58,8437.54,8275.47,43.00,42.02
3.43262,3,0.2144,0.055,0.045,5.392,5.719,0.9883,0.00925,269.88,54.25,0.5718695199999999,0.7262742903999999,2.30,1.604419e-08,1.037716e-08,1.704062e-08,1.095029e-08,89.26,87.64,8433.67,8280.91,42.98,42.06
3.43288,3,0.2144,0.055,0.045,5.392,5.719,0.9883,0.00925,269.88,54.25,0.57186848,0.7262729696,2.30,1.60698e-08,1.039639e-08,1.709842e-08,1.097853e-08,89.32,87.44,8439.79,8262.17,43.02,41.94
3.43312,3,0.2145,0.055,0.045,5.392,5.719,0.9883,0.00925,269.88,54.25,0.57186752,0.7262717503999999,2.30,1.609767e-08,1.041414e-08,1.7131e-08,1.100854e-08,89.36,87.69,8443.08,8285.14,43.04,42.08
3.43337,3,0.2145,0.055,0.045,5.392,5.719,0.9883,0.00925,269.88,54.25,0.5718665199999999,0.7262704804,2.30,1.613238e-08,1.043005e-08,1.717025e-08,1.102687e-08,89.20,87.53,8428.10,8270.67,42.95,41.99
3.43363,3,0.2145,0.055,0.045,5.392,5.719,0.9883,0.00925,269.88,54.25,0.5718654799999999,0.7262691595999999,2.30,1.615175e-08,1.04465e-08,1.720766e-08,1.104924e-08,89.30,87.50,8437.08,8267.21,43.00,41.97
3.43388,3,0.2146,0.055,0.045,5.392,5.719,0.9883,0.00925,269.88,54.25,0.57186448,0.7262678896,2.30,1.618551e-08,1.047376e-08,1.723757e-08,1.107883e-08,89.47,87.77,8453.40,8292.78,43.10,42.13
3.43412,3,0.2146,0.055,0.044,5.392,5.719,0.9883,0.00925,269.88,54.25,0.57186352,0.7262666703999999,2.30,1.622695e-08,1.048536e-08,1.72824e-08,1.110527e-08,89.10,87.72,8418.96,8288.00,42.89,42.10
3.43438,3,0.2146,0.055,0.044,5.392,5.719,0.9883,0.00925,269.88,54.25,0.57186248,0.7262653496,2.30,1.625296e-08,1.051558e-08,1.730872e-08,1.113388e-08,89.43,87.98,8449.42,8312.43,43.08,42.25
3.43463,3,0.2146,0.055,0.044,5.392,5.719,0.9883,0.00925,269.88,54.25,0.5718614799999999,0.7262640796,2.30,1.631215e-08,1.054209e-08,1.734594e-08,1.1149e-08,89.14,87.78,8422.74,8294.03,42.91,42.14
3.43487,3,0.2147,0.055,0.044,5.391,5.719,0.9883,0.00925,269.88,54.25,0.57186052,0.7262628604,2.30,1.634065e-08,1.056512e-08,1.739017e-08,1.116987e-08,89.30,87.66,8437.08,8282.21,43.00,42.06
3.43513,3,0.2147,0.055,0.044,5.391,5.719,0.9883,0.00925,269.88,54.25,0.57185948,0.7262615396,2.30,1.638754e-08,1.059816e-08,1.740364e-08,1.119742e-08,89.36,88.07,8443.21,8321.47,43.04,42.30
3.43538,3,0.2147,0.055,0.044,5.391,5.719,0.9883,0.00925,269.88,54.25,0.57185848,0.7262602695999999,2.30,1.640891e-08,1.061831e-08,1.745377e-08,1.122702e-08,89.51,88.01,8457.49,8315.96,43.12,42.27
3.43562,3,0.2148,0.055,0.044,5.391,5.719,0.9883,0.00925,269.88,54.25,0.57185752,0.7262590504,2.30,1.645365e-08,1.064713e-08,1.747988e-08,1.123414e-08,89.55,87.84,8461.13,8299.80,43.15,42.17
3.43587,3,0.2148,0.055,0.044,5.391,5.719,0.9883,0.00925,269.88,54.25,0.57185652,0.7262577804,2.30,1.649046e-08,1.066585e-08,1.750367e-08,1.126854e-08,89.43,88.26,8449.68,8339.38,43.08,42.41
3.43613,3,0.2148,0.055,0.044,5.391,5.719,0.9883,0.00925,269.88,54.25,0.57185548,0.7262564596,2.30,1.654044e-08,1.069693e-08,1.753062e-08,1.127442e-08,89.40,88.01,8446.89,8315.63,43.06,42.27
3.43637,3,0.2148,0.055,0.044,5.391,5.719,0.9883,0.00925,269.88,54.25,0.5718545199999999,0.7262552403999999,2.30,1.657705e-08,1.072255e-08,1.756633e-08,1.129935e-08,89.45,88.05,8451.23,8319.68,43.09,42.29
3.43662,3,0.2149,0.055,0.044,5.391,5.719,0.9883,0.00925,269.88,54.25,0.57185352,0.7262539704000001,2.30,1.662066e-08,1.075256e-08,1.76077e-08,1.132609e-08,89.53,88.10,8459.18,8323.82,43.13,42.32
3.43688,3,0.2149,0.055,0.044,5.391,5.719,0.9883,0.00925,269.88,54.25,0.57185248,0.7262526496,2.30,1.665676e-08,1.077063e-08,1.764048e-08,1.133009e-08,89.41,87.73,8447.44,8288.78,43.06,42.10
3.43712,3,0.2149,0.055,0.044,5.391,5.719,0.9883,0.00925,269.88,54.25,0.57185152,0.7262514304,2.30,1.668698e-08,1.081333e-08,1.765913e-08,1.135762e-08,89.95,88.06,8498.95,8320.63,43.38,42.30
3.43737,3,0.2150,0.055,0.044,5.391,5.719,0.9883,0.00925,269.88,54.25,0.5718505199999999,0.7262501603999999,2.30,1.674527e-08,1.083945e-08,1.769461e-08,1.137571e-08,89.72,88.00,8477.01,8314.82,43.24,42.26
3.43763,3,0.2150,0.055,0.044,5.391,5.719,0.9883,0.00925,269.88,54.25,0.5718494799999999,0.7262488395999999,2.30,1.677482e-08,1.085648e-08,1.772431e-08,1.139588e-08,89.67,88.02,8472.37,8317.02,43.21,42.27
3.43788,3,0.2150,0.055,0.044,5.391,5.719,0.9883,0.00925,269.88,54.25,0.57184848,0.7262475696,2.30,1.681923e-08,1.089593e-08,1.77681e-08,1.141368e-08,89.92,87.80,8496.03,8295.94,43.36,42.15
3.43812,3,0.2150,0.055,0.044,5.391,5.719,0.9883,0.00925,269.88,54.25,0.5718475199999999,0.7262463504,2.30,1.685813e-08,1.091324e-08,1.778904e-08,1.143735e-08,89.74,88.02,8478.63,8316.71,43.25,42.27
3.43838,3,0.2151,0.055,0.044,5.391,5.719,0.9883,0.00925,269.88,54.25,0.5718464799999999,0.7262450295999999,2.30,1.689938e-08,1.093608e-08,1.783427e-08,1.14555e-08,89.69,87.83,8474.08,8298.41,43.22,42.16
3.43863,3,0.2151,0.055,0.044,5.391,5.719,0.9883,0.00925,269.88,54.25,0.5718454799999999,0.7262437595999999,2.30,1.694532e-08,1.096261e-08,1.786572e-08,1.14751e-08,89.61,87.81,8467.08,8297.19,43.18,42.15
3.43887,3,0.2151,0.055,0.044,5.391,5.719,0.9883,0.00925,269.89,54.25,0.57184452,0.7262425403999999,2.30,1.697645e-08,1.098611e-08,1.791425e-08,1.148717e-08,89.69,87.41,8474.42,8258.80,43.23,41.92
3.43913,3,0.2152,0.055,0.044,5.391,5.719,0.9883,0.00925,269.89,54.25,0.57184348,0.7262412196,2.30,1.701439e-08,1.10118e-08,1.793744e-08,1.151292e-08,89.76,87.68,8480.84,8284.46,43.26,42.08
3.43938,3,0.2152,0.055,0.044,5.391,5.719,0.9883,0.00925,269.89,54.25,0.5718424799999999,0.7262399495999999,2.30,1.705095e-08,1.103484e-08,1.797266e-08,1.153152e-08,89.74,87.60,8479.49,8276.43,43.26,42.03
3.43962,3,0.2152,0.055,0.044,5.391,5.719,0.9883,0.00925,269.89,54.25,0.57184152,0.7262387304,2.30,1.708813e-08,1.106632e-08,1.801418e-08,1.155155e-08,89.92,87.46,8495.63,8263.24,43.35,41.95
3.43987,3,0.2152,0.055,0.044,5.391,5.719,0.9883,0.00925,269.89,54.25,0.57184052,0.7262374603999999,2.30,1.711409e-08,1.108314e-08,1.804315e-08,1.157295e-08,89.92,87.52,8495.65,8268.86,43.35,41.98
3.44013,3,0.2153,0.055,0.044,5.391,5.719,0.9883,0.00925,269.89,54.25,0.57183948,0.7262361396,2.30,1.714018e-08,1.110432e-08,1.808389e-08,1.159312e-08,90.06,87.43,8508.91,8260.86,43.43,41.93
3.44037,3,0.2153,0.055,0.044,5.391,5.719,0.9883,0.00925,269.89,54.25,0.5718385199999999,0.7262349203999999,2.30,1.71737e-08,1.112483e-08,1.812269e-08,1.161677e-08,90.03,87.40,8506.29,8258.44,43.42,41.92
3.44062,3,0.2153,0.054,0.044,5.391,5.719,0.9883,0.00925,269.89,54.25,0.57183752,0.7262336504,2.30,1.721111e-08,1.114789e-08,1.817346e-08,1.163828e-08,90.00,87.17,8503.58,8236.52,43.40,41.79
3.44088,3,0.2154,0.054,0.044,5.390,5.719,0.9883,0.00925,269.89,54.25,0.57183648,0.7262323296,2.30,1.724374e-08,1.117508e-08,1.820779e-08,1.166202e-08,90.18,87.25,8520.63,8243.79,43.51,41.83
3.44112,3,0.2154,0.054,0.044,5.390,5.719,0.9883,0.00925,269.89,54.25,0.5718355199999999,0.7262311103999999,2.30,1.727087e-08,1.11852e-08,1.823758e-08,1.166956e-08,90.01,87.01,8504.51,8221.18,43.41,41.69
3.44137,3,0.2154,0.054,0.044,5.390,5.719,0.9883,0.00925,269.89,54.25,0.57183452,0.7262298404,2.30,1.730563e-08,1.120696e-08,1.82826e-08,1.171061e-08,89.99,87.26,8502.89,8245.11,43.40,41.84
3.44163,3,0.2154,0.054,0.044,5.390,5.719,0.9883,0.00925,269.89,54.25,0.57183348,0.7262285196,2.30,1.732528e-08,1.122664e-08,1.833252e-08,1.173118e-08,90.15,87.03,8517.86,8222.87,43.49,41.70
3.44188,3,0.2155,0.054,0.044,5.390,5.719,0.9883,0.00925,269.89,54.25,0.57183248,0.7262272496,2.30,1.73504e-08,1.12372e-08,1.836788e-08,1.174968e-08,90.06,86.98,8509.52,8218.67,43.44,41.68
3.44212,3,0.2155,0.054,0.044,5.390,5.719,0.9883,0.00925,269.89,54.25,0.5718315199999999,0.7262260303999999,2.30,1.739503e-08,1.125618e-08,1.842032e-08,1.178054e-08,89.84,86.93,8488.27,8213.47,43.31,41.65
3.44238,3,0.2155,0.054,0.044,5.390,5.719,0.9883,0.00925,269.89,54.25,0.5718304799999999,0.7262247096,2.30,1.740267e-08,1.126895e-08,1.846999e-08,1.18097e-08,90.01,86.88,8505.01,8208.45,43.41,41.62
3.44263,3,0.2156,0.054,0.044,5.390,5.719,0.9883,0.00925,269.89,54.25,0.57182948,0.7262234396,2.30,1.742618e-08,1.129363e-08,1.849589e-08,1.183398e-08,90.27,87.07,8529.22,8227.14,43.56,41.73
3.44287,3,0.2156,0.054,0.044,5.390,5.719,0.9883,0.00925,269.89,54.25,0.57182852,0.7262222204,2.30,1.746169e-08,1.13181e-08,1.853543e-08,1.18674e-08,90.30,87.24,8532.34,8242.80,43.58,41.82
3.44313,3,0.2156,0.054,0.044,5.390,5.719,0.9883,0.00925,269.89,54.25,0.5718274799999999,0.7262208995999999,2.30,1.748132e-08,1.132813e-08,1.857448e-08,1.189879e-08,90.24,87.37,8526.58,8255.12,43.54,41.90
3.44338,3,0.2156,0.054,0.044,5.390,5.719,0.9883,0.00925,269.89,54.25,0.5718264799999999,0.7262196295999999,2.30,1.751243e-08,1.134968e-08,1.864022e-08,1.192655e-08,90.27,87.08,8529.55,8227.57,43.56,41.73
3.44362,3,0.2157,0.054,0.044,5.390,5.719,0.9883,0.00925,269.89,54.25,0.57182552,0.7262184104,2.30,1.753422e-08,1.136657e-08,1.869288e-08,1.195107e-08,90.38,86.93,8539.41,8213.88,43.62,41.65
3.44387,3,0.2157,0.054,0.044,5.390,5.719,0.9883,0.00925,269.89,54.25,0.57182452,0.7262171404,2.30,1.756391e-08,1.138393e-08,1.874023e-08,1.199737e-08,90.34,87.26,8535.39,8244.42,43.59,41.83
3.44413,3,0.2157,0.054,0.044,5.390,5.719,0.9883,0.00925,269.89,54.25,0.5718234799999999,0.7262158195999999,2.30,1.758878e-08,1.139961e-08,1.878976e-08,1.203109e-08,90.33,87.30,8534.46,8248.25,43.59,41.86
3.44437,3,0.2158,0.054,0.044,5.390,5.719,0.9883,0.00925,269.89,54.25,0.57182252,0.7262146004,2.30,1.761975e-08,1.142864e-08,1.883894e-08,1.206365e-08,90.57,87.36,8557.47,8254.11,43.73,41.89
3.44462,3,0.2158,0.054,0.044,5.390,5.719,0.9883,0.00925,269.89,54.25,0.57182152,0.7262133304,2.30,1.765497e-08,1.144028e-08,1.889075e-08,1.209683e-08,90.32,87.36,8533.69,8254.12,43.58,41.89
3.44488,3,0.2158,0.054,0.044,5.390,5.719,0.9883,0.00925,269.89,54.25,0.57182048,0.7262120096,2.30,1.768741e-08,1.14602e-08,1.895237e-08,1.214413e-08,90.29,87.52,8531.36,8268.96,43.57,41.98
3.44512,3,0.2158,0.054,0.044,5.390,5.719,0.9883,0.00925,269.89,54.25,0.5718195199999999,0.7262107903999999,2.30,1.771956e-08,1.147526e-08,1.902022e-08,1.218773e-08,90.16,87.52,8519.19,8269.20,43.49,41.98
3.44537,3,0.2159,0.054,0.044,5.390,5.719,0.9883,0.00925,269.89,54.25,0.57181852,0.7262095204,2.30,1.773748e-08,1.148826e-08,1.908011e-08,1.22243e-08,90.24,87.52,8526.07,8269.63,43.54,41.98
3.44563,3,0.2159,0.054,0.044,5.390,5.719,0.9883,0.00925,269.89,54.25,0.57181748,0.7262081996,2.30,1.776808e-08,1.1518e-08,1.915582e-08,1.227565e-08,90.46,87.58,8546.97,8274.96,43.66,42.02
3.44588,3,0.2159,0.054,0.044,5.390,5.719,0.9883,0.00925,269.89,54.25,0.57181648,0.7262069296,2.30,1.780734e-08,1.154755e-08,1.920304e-08,1.231252e-08,90.55,87.71,8555.60,8287.35,43.71,42.09
3.44612,3,0.2160,0.054,0.044,5.390,5.719,0.9883,0.00925,269.89,54.25,0.5718155199999999,0.7262057103999999,2.30,1.784153e-08,1.155995e-08,1.928482e-08,1.236526e-08,90.37,87.76,8539.03,8291.76,43.61,42.12
3.44638,3,0.2160,0.054,0.044,5.390,5.719,0.9883,0.00925,269.89,54.25,0.57181448,0.7262043896,2.30,1.787235e-08,1.158131e-08,1.935342e-08,1.240705e-08,90.41,87.71,8541.95,8287.67,43.63,42.09
3.44663,3,0.2160,0.054,0.044,5.390,5.719,0.9883,0.00925,269.89,54.25,0.57181348,0.7262031196,2.30,1.792314e-08,1.160107e-08,1.943467e-08,1.246033e-08,90.12,87.74,8514.53,8289.88,43.47,42.11
3.44687,3,0.2160,0.054,0.044,5.390,5.719,0.9883,0.00925,269.89,54.25,0.5718125199999999,0.7262019003999999,2.30,1.79433e-08,1.162797e-08,1.95161e-08,1.249848e-08,90.42,87.46,8543.38,8263.98,43.64,41.95
3.44713,3,0.2161,0.054,0.044,5.389,5.719,0.9883,0.00925,269.89,54.25,0.5718114799999999,0.7262005796,2.30,1.799322e-08,1.165906e-08,1.958959e-08,1.253933e-08,90.43,87.38,8544.71,8256.42,43.65,41.90
3.44738,3,0.2161,0.054,0.044,5.389,5.719,0.9883,0.00925,269.89,54.25,0.57181048,0.7261993096,2.30,1.80482e-08,1.168103e-08,1.967157e-08,1.259571e-08,90.14,87.46,8516.43,8263.54,43.48,41.95
3.44762,3,0.2161,0.054,0.044,5.389,5.719,0.9883,0.00925,269.89,54.25,0.57180952,0.7261980903999999,2.30,1.807805e-08,1.170312e-08,1.97483e-08,1.264291e-08,90.20,87.42,8522.14,8260.03,43.51,41.93
3.44787,3,0.2162,0.054,0.044,5.389,5.719,0.9883,0.00925,269.89,54.25,0.5718085199999999,0.7261968203999999,2.30,1.812478e-08,1.173061e-08,1.983358e-08,1.269504e-08,90.18,87.41,8520.40,8259.39,43.50,41.92
3.44813,3,0.2162,0.054,0.044,5.389,5.719,0.9883,0.00925,269.89,54.25,0.5718074799999999,0.7261954996,2.30,1.816647e-08,1.176653e-08,1.989865e-08,1.273221e-08,90.37,87.33,8538.78,8251.33,43.61,41.87
3.44837,3,0.2162,0.054,0.044,5.389,5.719,0.9883,0.00925,269.89,54.25,0.57180652,0.7261942804,2.30,1.819704e-08,1.178647e-08,1.999105e-08,1.278492e-08,90.37,87.21,8539.07,8239.85,43.61,41.80
3.44862,3,0.2162,0.054,0.044,5.389,5.719,0.9883,0.00925,269.89,54.25,0.57180552,0.7261930104,2.30,1.82499e-08,1.181481e-08,2.005676e-08,1.283201e-08,90.25,87.30,8526.99,8248.89,43.54,41.86
3.44888,3,0.2163,0.054,0.044,5.389,5.719,0.9883,0.00925,269.89,54.25,0.57180448,0.7261916895999999,2.30,1.831628e-08,1.183466e-08,2.013414e-08,1.287705e-08,89.79,87.26,8483.92,8244.76,43.28,41.83
3.44912,3,0.2163,0.054,0.044,5.389,5.719,0.9883,0.00925,269.89,54.25,0.57180352,0.7261904704000001,2.30,1.835885e-08,1.187027e-08,2.02003e-08,1.291519e-08,89.96,87.18,8500.32,8237.38,43.38,41.79
3.44937,3,0.2163,0.054,0.044,5.389,5.719,0.9883,0.00925,269.89,54.25,0.57180252,0.7261892004,2.30,1.840654e-08,1.190625e-08,2.027902e-08,1.296152e-08,90.07,87.11,8510.73,8230.34,43.44,41.75
3.44963,3,0.2164,0.054,0.044,5.389,5.719,0.9883,0.00925,269.89,54.25,0.57180148,0.7261878796,2.30,1.8459e-08,1.191823e-08,2.03358e-08,1.301783e-08,89.65,87.52,8470.48,8269.38,43.20,41.98
3.44988,3,0.2164,0.054,0.044,5.389,5.719,0.9883,0.00925,269.89,54.25,0.5718004799999999,0.7261866095999999,2.30,1.850632e-08,1.195128e-08,2.039755e-08,1.304771e-08,89.70,87.34,8475.48,8252.42,43.23,41.88
3.45012,3,0.2164,0.054,0.044,5.389,5.719,0.9883,0.00925,269.89,54.25,0.57179952,0.7261853904,2.30,1.856046e-08,1.197646e-08,2.047496e-08,1.309826e-08,89.50,87.36,8455.97,8254.23,43.11,41.89
3.45038,3,0.2164,0.054,0.044,5.389,5.719,0.9883,0.00925,269.89,54.25,0.57179848,0.7261840696,2.30,1.861052e-08,1.200958e-08,2.054579e-08,1.313218e-08,89.51,87.15,8457.60,8234.40,43.12,41.77
3.45063,3,0.2165,0.054,0.044,5.389,5.719,0.9883,0.00925,269.89,54.25,0.57179748,0.7261827996,2.30,1.865443e-08,1.203282e-08,2.060625e-08,1.316546e-08,89.45,87.09,8451.42,8228.92,43.08,41.74
3.45087,3,0.2165,0.054,0.044,5.389,5.719,0.9883,0.00925,269.89,54.25,0.5717965199999999,0.7261815803999999,2.30,1.870847e-08,1.206054e-08,2.065822e-08,1.320172e-08,89.30,87.15,8437.35,8234.19,43.00,41.77
3.45113,3,0.2165,0.054,0.044,5.389,5.719,0.9883,0.00925,269.89,54.25,0.5717954799999999,0.7261802595999999,2.30,1.877163e-08,1.208894e-08,2.072333e-08,1.323679e-08,89.04,87.03,8413.23,8222.94,42.85,41.70
3.45138,3,0.2166,0.054,0.044,5.389,5.719,0.9883,0.00925,269.89,54.25,0.57179448,0.7261789896,2.30,1.879702e-08,1.211435e-08,2.077616e-08,1.326141e-08,89.27,86.90,8434.83,8211.10,42.98,41.63
3.45162,3,0.2166,0.054,0.044,5.389,5.719,0.9883,0.00925,269.89,54.25,0.5717935199999999,0.7261777704,2.30,1.884947e-08,1.212878e-08,2.081902e-08,1.331394e-08,88.87,87.36,8397.10,8254.25,42.75,41.89
3.45187,3,0.2166,0.054,0.044,5.389,5.719,0.9883,0.00925,269.89,54.25,0.5717925199999999,0.7261765003999999,2.30,1.890206e-08,1.216365e-08,2.086613e-08,1.333061e-08,88.89,87.12,8399.10,8231.20,42.77,41.75
3.45213,3,0.2166,0.054,0.044,5.389,5.719,0.9883,0.00925,269.89,54.25,0.5717914799999999,0.7261751795999999,2.30,1.894193e-08,1.218254e-08,2.092244e-08,1.337094e-08,88.76,87.20,8386.03,8238.63,42.69,41.79
3.45237,3,0.2167,0.054,0.044,5.388,5.719,0.9883,0.00925,269.89,54.25,0.57179052,0.7261739603999999,2.30,1.898102e-08,1.220433e-08,2.095474e-08,1.339921e-08,88.73,87.37,8383.45,8255.45,42.67,41.90
3.45262,3,0.2167,0.054,0.044,5.388,5.719,0.9883,0.00925,269.89,54.25,0.5717895199999999,0.7261726904,2.30,1.903123e-08,1.222545e-08,2.102768e-08,1.342498e-08,88.50,87.00,8362.06,8220.01,42.54,41.68
3.45288,3,0.2167,0.054,0.044,5.388,5.719,0.9883,0.00925,269.89,54.25,0.5717884799999999,0.7261713696,2.30,1.906615e-08,1.224648e-08,2.104393e-08,1.345081e-08,88.47,87.28,8359.39,8246.22,42.52,41.84
3.45312,3,0.2168,0.054,0.044,5.388,5.719,0.9883,0.00925,269.89,54.25,0.57178752,0.7261701504,2.30,1.912349e-08,1.226311e-08,2.110942e-08,1.347643e-08,88.11,87.03,8324.91,8222.56,42.32,41.70
3.45337,3,0.2168,0.054,0.044,5.388,5.719,0.9883,0.00925,269.89,54.25,0.57178652,0.7261688803999999,2.30,1.914257e-08,1.228246e-08,2.113836e-08,1.348986e-08,88.25,86.94,8338.37,8214.06,42.40,41.65
3.45363,3,0.2168,0.054,0.044,5.388,5.719,0.9883,0.00925,269.89,54.25,0.57178548,0.7261675595999999,2.30,1.919036e-08,1.229073e-08,2.117107e-08,1.351858e-08,87.80,87.07,8296.19,8227.26,42.14,41.73
3.45388,3,0.2168,0.054,0.044,5.388,5.719,0.9883,0.00925,269.89,54.25,0.5717844799999999,0.7261662896,2.30,1.920492e-08,1.230636e-08,2.121073e-08,1.353641e-08,87.93,86.94,8308.03,8214.68,42.21,41.65
3.45412,3,0.2169,0.054,0.044,5.388,5.719,0.9883,0.00925,269.89,54.25,0.57178352,0.7261650704,2.30,1.922811e-08,1.231499e-08,2.125176e-08,1.355369e-08,87.85,86.82,8300.17,8203.57,42.17,41.58
3.45438,3,0.2169,0.054,0.044,5.388,5.719,0.9883,0.00925,269.89,54.25,0.57178248,0.7261637496,2.30,1.925535e-08,1.231289e-08,2.127291e-08,1.358333e-08,87.46,87.11,8263.68,8230.59,41.95,41.74
3.45463,3,0.2169,0.054,0.044,5.388,5.719,0.9883,0.00925,269.89,54.25,0.57178148,0.7261624795999999,2.30,1.927078e-08,1.232842e-08,2.132029e-08,1.359534e-08,87.57,86.79,8274.23,8200.14,42.01,41.56
3.45487,3,0.2170,0.054,0.044,5.388,5.719,0.9883,0.00925,269.89,54.25,0.5717805199999999,0.7261612603999998,2.30,1.929189e-08,1.233642e-08,2.134364e-08,1.36186e-08,87.50,86.98,8267.80,8217.86,41.97,41.67
3.45512,3,0.2170,0.054,0.044,5.388,5.719,0.9883,0.00925,269.89,54.25,0.57177952,0.7261599904,2.30,1.930564e-08,1.233485e-08,2.138468e-08,1.365085e-08,87.30,87.08,8248.58,8227.96,41.85,41.73
3.45538,3,0.2170,0.054,0.044,5.388,5.719,0.9883,0.00925,269.89,54.25,0.57177848,0.7261586696,2.30,1.933148e-08,1.2332e-08,2.140262e-08,1.366498e-08,86.92,87.13,8212.87,8232.42,41.64,41.76
3.45562,3,0.2170,0.054,0.044,5.388,5.719,0.9883,0.00925,269.89,54.25,0.5717775199999999,0.7261574503999999,2.30,1.933535e-08,1.233967e-08,2.143831e-08,1.368034e-08,87.02,87.00,8222.44,8220.08,41.70,41.68
3.45587,3,0.2171,0.054,0.044,5.388,5.719,0.9883,0.00925,269.89,54.25,0.57177652,0.7261561804000001,2.30,1.935293e-08,1.234001e-08,2.147478e-08,1.369427e-08,86.85,86.88,8206.23,8208.39,41.60,41.61
3.45613,3,0.2171,0.054,0.044,5.388,5.719,0.9883,0.00925,269.89,54.25,0.57177548,0.7261548596,2.30,1.935222e-08,1.233712e-08,2.151456e-08,1.37189e-08,86.80,86.86,8201.76,8207.18,41.57,41.60
3.45637,3,0.2171,0.054,0.044,5.388,5.719,0.9883,0.00925,269.89,54.25,0.57177452,0.7261536404,2.30,1.934681e-08,1.233377e-08,2.155122e-08,1.373964e-08,86.81,86.82,8201.94,8202.83,41.57,41.58
3.45662,3,0.2172,0.054,0.044,5.388,5.719,0.9883,0.00925,269.89,54.25,0.5717735199999999,0.7261523703999999,2.30,1.936399e-08,1.233819e-08,2.158765e-08,1.374935e-08,86.72,86.62,8193.75,8184.41,41.52,41.46
3.45688,3,0.2172,0.054,0.044,5.388,5.719,0.9883,0.00925,269.89,54.25,0.5717724799999999,0.7261510495999999,2.30,1.935049e-08,1.232817e-08,2.161239e-08,1.37823e-08,86.69,86.92,8191.16,8212.63,41.51,41.64
3.45713,3,0.2172,0.054,0.044,5.388,5.719,0.9883,0.00925,269.89,54.25,0.57177148,0.7261497796,2.30,1.934726e-08,1.232494e-08,2.164469e-08,1.380341e-08,86.67,86.93,8189.01,8213.47,41.49,41.64
3.45737,3,0.2172,0.054,0.044,5.388,5.719,0.9883,0.00925,269.89,54.25,0.57177052,0.7261485604,2.30,1.934122e-08,1.231917e-08,2.17024e-08,1.382492e-08,86.63,86.66,8185.49,8188.47,41.47,41.49
3.45763,3,0.2173,0.054,0.044,5.388,5.719,0.9883,0.00925,269.89,54.25,0.5717694799999999,0.7261472395999999,2.30,1.933477e-08,1.231144e-08,2.173668e-08,1.385566e-08,86.60,86.86,8182.63,8206.76,41.45,41.60
3.45788,3,0.2173,0.054,0.044,5.388,5.719,0.9883,0.00925,269.89,54.25,0.5717684799999999,0.7261459695999999,2.30,1.932816e-08,1.230453e-08,2.178474e-08,1.388234e-08,86.55,86.79,8177.69,8200.32,41.42,41.56
3.45812,3,0.2173,0.054,0.044,5.388,5.719,0.9883,0.00925,269.89,54.25,0.57176752,0.7261447503999999,2.30,1.931597e-08,1.229254e-08,2.184271e-08,1.390776e-08,86.47,86.59,8169.95,8181.64,41.38,41.45
3.45838,3,0.2174,0.054,0.044,5.387,5.719,0.9883,0.00925,269.89,54.25,0.57176648,0.7261434296,2.30,1.930903e-08,1.229195e-08,2.187913e-08,1.392733e-08,86.58,86.57,8180.72,8179.55,41.44,41.43
3.45863,3,0.2174,0.054,0.044,5.387,5.719,0.9883,0.00925,269.89,54.25,0.5717654799999999,0.7261421596,2.30,1.928607e-08,1.228134e-08,2.194411e-08,1.395534e-08,86.66,86.34,8188.06,8158.07,41.49,41.30
3.45887,3,0.2174,0.054,0.044,5.387,5.719,0.9883,0.00925,269.89,54.25,0.57176452,0.7261409404,2.30,1.9279e-08,1.227243e-08,2.199444e-08,1.400559e-08,86.57,86.65,8179.98,8187.36,41.44,41.48
3.45912,3,0.2174,0.054,0.044,5.387,5.719,0.9883,0.00925,269.89,54.25,0.57176352,0.7261396703999999,2.30,1.925681e-08,1.225652e-08,2.202926e-08,1.402891e-08,86.54,86.67,8176.70,8189.21,41.42,41.49
3.45938,3,0.2175,0.054,0.044,5.387,5.719,0.9883,0.00925,269.89,54.25,0.57176248,0.7261383496,2.30,1.925318e-08,1.224263e-08,2.208604e-08,1.405463e-08,86.35,86.53,8159.23,8176.25,41.31,41.41
3.45962,3,0.2175,0.054,0.044,5.387,5.719,0.9883,0.00925,269.89,54.25,0.5717615199999999,0.7261371303999999,2.30,1.926265e-08,1.224816e-08,2.215014e-08,1.40946e-08,86.35,86.52,8158.33,8174.94,41.31,41.41
3.45987,3,0.2175,0.054,0.044,5.387,5.719,0.9883,0.00925,269.89,54.25,0.57176052,0.7261358604,2.30,1.922578e-08,1.223204e-08,2.221151e-08,1.412652e-08,86.49,86.40,8171.77,8163.61,41.39,41.34
3.46013,3,0.2176,0.054,0.044,5.387,5.719,0.9883,0.00925,269.89,54.25,0.57175948,0.7261345396,2.30,1.921404e-08,1.222865e-08,2.227459e-08,1.416401e-08,86.61,86.40,8183.03,8163.20,41.46,41.34
3.46037,3,0.2176,0.054,0.044,5.387,5.719,0.9883,0.00925,269.89,54.25,0.5717585199999999,0.7261333203999999,2.30,1.92127e-08,1.221428e-08,2.231601e-08,1.420307e-08,86.34,86.61,8158.19,8183.33,41.30,41.46
3.46062,3,0.2176,0.054,0.044,5.387,5.719,0.9883,0.00925,269.89,54.25,0.5717575199999999,0.7261320503999998,2.30,1.919439e-08,1.221176e-08,2.241236e-08,1.424302e-08,86.52,86.25,8174.96,8149.69,41.41,41.25
3.46088,3,0.2176,0.054,0.044,5.387,5.719,0.9883,0.00925,269.89,54.25,0.57175648,0.7261307296,2.30,1.918146e-08,1.220801e-08,2.246508e-08,1.42812e-08,86.61,86.33,8183.20,8157.02,41.46,41.30
3.46113,3,0.2177,0.054,0.044,5.387,5.719,0.9883,0.00925,269.89,54.25,0.57175548,0.7261294596,2.30,1.917591e-08,1.220212e-08,2.253833e-08,1.433168e-08,86.60,86.44,8182.61,8166.89,41.45,41.36
3.46137,3,0.2177,0.054,0.044,5.387,5.719,0.9883,0.00925,269.89,54.25,0.5717545199999999,0.7261282403999999,2.30,1.916824e-08,1.21946e-08,2.260632e-08,1.436157e-08,86.55,86.22,8177.75,8146.11,41.42,41.23
3.46163,3,0.2177,0.054,0.044,5.387,5.719,0.9883,0.00925,269.89,54.25,0.5717534799999999,0.7261269195999999,2.30,1.91623e-08,1.219171e-08,2.267513e-08,1.440934e-08,86.57,86.28,8179.39,8152.40,41.43,41.27
3.46188,3,0.2178,0.054,0.044,5.387,5.719,0.9883,0.00925,269.89,54.25,0.57175248,0.7261256496,2.30,1.915814e-08,1.218357e-08,2.27416e-08,1.445906e-08,86.50,86.44,8173.01,8167.73,41.39,41.36
3.46212,3,0.2178,0.054,0.044,5.387,5.719,0.9883,0.00925,269.89,54.25,0.57175152,0.7261244304,2.30,1.915087e-08,1.218279e-08,2.282847e-08,1.449164e-08,86.58,86.08,8180.10,8132.83,41.44,41.15
3.46238,3,0.2178,0.054,0.044,5.387,5.719,0.9883,0.00925,269.89,54.25,0.57175048,0.7261231095999999,2.30,1.915271e-08,1.218322e-08,2.291e-08,1.452429e-08,86.56,85.77,8178.74,8103.64,41.43,40.97
3.46263,3,0.2178,0.054,0.044,5.387,5.719,0.9883,0.00925,269.89,54.25,0.5717494799999999,0.7261218395999999,2.30,1.915052e-08,1.219013e-08,2.295942e-08,1.457857e-08,86.72,86.14,8194.07,8138.64,41.52,41.19
3.46287,3,0.2179,0.054,0.044,5.387,5.719,0.9883,0.00925,269.89,54.25,0.57174852,0.7261206204,2.30,1.915141e-08,1.21762e-08,2.301981e-08,1.462594e-08,86.48,86.32,8171.07,8156.16,41.38,41.29
3.46312,3,0.2179,0.054,0.044,5.387,5.719,0.9883,0.00925,269.89,54.25,0.57174752,0.7261193504,2.30,1.912327e-08,1.218309e-08,2.312322e-08,1.466302e-08,86.97,85.86,8216.96,8112.73,41.66,41.03
3.46338,3,0.2179,0.053,0.044,5.387,5.719,0.9883,0.00925,269.89,54.25,0.57174648,0.7261180295999999,2.30,1.913751e-08,1.217683e-08,2.317852e-08,1.470208e-08,86.66,85.92,8188.38,8118.60,41.49,41.06
3.46362,3,0.2180,0.053,0.044,5.387,5.719,0.9883,0.00925,269.89,54.25,0.57174552,0.7261168104,2.30,1.91434e-08,1.218281e-08,2.324096e-08,1.475393e-08,86.75,86.16,8196.27,8140.80,41.53,41.20
3.46387,3,0.2180,0.053,0.044,5.387,5.719,0.9883,0.00925,269.89,54.25,0.57174452,0.7261155404,2.30,1.916405e-08,1.218611e-08,2.331401e-08,1.480047e-08,86.55,86.16,8178.11,8141.05,41.42,41.20
3.46413,3,0.2180,0.053,0.043,5.387,5.719,0.9883,0.00925,269.89,54.25,0.57174348,0.7261142196,2.30,1.91542e-08,1.218616e-08,2.33813e-08,1.483386e-08,86.68,86.02,8189.92,8127.21,41.50,41.12
3.46437,3,0.2180,0.053,0.043,5.387,5.719,0.9883,0.00925,269.89,54.25,0.5717425199999999,0.7261130003999999,2.30,1.917549e-08,1.218148e-08,2.344419e-08,1.486741e-08,86.32,85.92,8156.38,8117.73,41.29,41.06
3.46462,3,0.2181,0.053,0.043,5.386,5.719,0.9883,0.00926,269.89,54.25,0.57174152,0.7261117304,2.30,1.917124e-08,1.218844e-08,2.350545e-08,1.491867e-08,86.55,86.15,8177.89,8139.96,41.42,41.19
3.46488,3,0.2181,0.053,0.043,5.386,5.719,0.9883,0.00926,269.89,54.25,0.57174048,0.7261104096,2.30,1.918824e-08,1.219297e-08,2.356334e-08,1.493824e-08,86.43,85.88,8166.35,8114.43,41.35,41.04
3.46513,3,0.2181,0.053,0.043,5.386,5.719,0.9883,0.00926,269.89,54.25,0.57173948,0.7261091396,2.30,1.919255e-08,1.220572e-08,2.363115e-08,1.497437e-08,86.62,85.77,8184.76,8104.29,41.46,40.98
3.46537,3,0.2182,0.053,0.043,5.386,5.719,0.9883,0.00926,269.90,54.25,0.5717385199999999,0.7261079203999999,2.30,1.920475e-08,1.220805e-08,2.367726e-08,1.502115e-08,86.56,86.09,8178.52,8133.96,41.43,41.16
3.46563,3,0.2182,0.053,0.043,5.386,5.719,0.9883,0.00926,269.90,54.25,0.5717374799999999,0.7261065995999999,2.30,1.920313e-08,1.22119e-08,2.372145e-08,1.505173e-08,86.65,86.13,8187.50,8137.73,41.48,41.18
3.46588,3,0.2182,0.053,0.043,5.386,5.719,0.9883,0.00926,269.90,54.25,0.57173648,0.7261053296,2.30,1.921212e-08,1.221811e-08,2.37991e-08,1.508111e-08,86.66,85.82,8188.41,8108.47,41.49,41.00
3.46612,3,0.2182,0.053,0.043,5.386,5.719,0.9883,0.00926,269.90,54.25,0.5717355199999999,0.7261041103999999,2.30,1.922166e-08,1.222519e-08,2.383952e-08,1.511021e-08,86.68,85.87,8190.27,8113.58,41.50,41.03
3.46638,3,0.2183,0.053,0.043,5.386,5.719,0.9883,0.00926,269.90,54.25,0.5717344799999999,0.7261027896,2.30,1.924563e-08,1.22312e-08,2.387951e-08,1.513997e-08,86.54,85.98,8177.06,8123.76,41.42,41.10
3.46663,3,0.2183,0.053,0.043,5.386,5.719,0.9883,0.00926,269.90,54.25,0.57173348,0.7261015196,2.30,1.924883e-08,1.22262e-08,2.393417e-08,1.515493e-08,86.41,85.68,8164.18,8095.02,41.34,40.92
3.46687,3,0.2183,0.053,0.043,5.386,5.719,0.9883,0.00926,269.90,54.25,0.57173252,0.7261003004,2.30,1.926437e-08,1.224374e-08,2.395977e-08,1.519993e-08,86.56,86.12,8178.22,8137.03,41.42,41.18
3.46712,3,0.2184,0.053,0.043,5.386,5.719,0.9883,0.00926,269.90,54.25,0.5717315199999999,0.7260990303999999,2.30,1.927188e-08,1.224293e-08,2.399722e-08,1.520794e-08,86.49,85.92,8171.74,8117.77,41.39,41.06
3.46738,3,0.2184,0.053,0.043,5.386,5.719,0.9883,0.00926,269.90,54.25,0.5717304799999999,0.7260977096,2.30,1.927246e-08,1.224203e-08,2.404418e-08,1.523274e-08,86.46,85.84,8169.42,8110.56,41.37,41.02
3.46762,3,0.2184,0.053,0.043,5.386,5.719,0.9883,0.00926,269.90,54.25,0.57172952,0.7260964904,2.30,1.929169e-08,1.224211e-08,2.405744e-08,1.525365e-08,86.23,86.03,8147.28,8128.75,41.24,41.13
3.46787,3,0.2184,0.053,0.043,5.386,5.719,0.9883,0.00926,269.90,54.25,0.57172852,0.7260952204,2.30,1.927186e-08,1.22437e-08,2.410256e-08,1.5285e-08,86.50,86.07,8173.17,8132.74,41.39,41.15
3.46813,3,0.2185,0.053,0.043,5.386,5.719,0.9883,0.00926,269.90,54.25,0.57172748,0.7260938995999999,2.30,1.928308e-08,1.224302e-08,2.412822e-08,1.529702e-08,86.39,86.05,8162.64,8130.28,41.33,41.13
3.46837,3,0.2185,0.053,0.043,5.386,5.719,0.9883,0.00926,269.90,54.25,0.5717265199999999,0.7260926803999999,2.30,1.931091e-08,1.223604e-08,2.414549e-08,1.531675e-08,85.92,86.18,8117.85,8143.03,41.06,41.21
3.46862,3,0.2185,0.053,0.043,5.386,5.719,0.9883,0.00926,269.90,54.25,0.57172552,0.7260914104,2.30,1.928868e-08,1.224443e-08,2.416514e-08,1.533642e-08,86.35,86.29,8158.72,8153.51,41.31,41.27
3.46888,3,0.2186,0.053,0.043,5.386,5.719,0.9883,0.00926,269.90,54.25,0.57172448,0.7260900896,2.30,1.929151e-08,1.22435e-08,2.419564e-08,1.53371e-08,86.34,86.05,8157.48,8130.14,41.30,41.13
3.46913,3,0.2186,0.053,0.043,5.386,5.719,0.9883,0.00926,269.90,54.25,0.57172348,0.7260888195999999,2.30,1.929774e-08,1.223778e-08,2.423e-08,1.535778e-08,86.15,86.03,8139.87,8128.55,41.19,41.12
3.46937,3,0.2186,0.053,0.043,5.386,5.719,0.9883,0.00926,269.90,54.25,0.57172252,0.7260876004,2.30,1.92891e-08,1.223855e-08,2.422346e-08,1.537214e-08,86.27,86.31,8151.25,8155.36,41.26,41.29
3.46963,3,0.2187,0.053,0.043,5.386,5.719,0.9883,0.00926,269.90,54.25,0.57172148,0.7260862796,2.30,1.928311e-08,1.222853e-08,2.424399e-08,1.537533e-08,86.19,86.20,8143.64,8144.83,41.21,41.22
3.46988,3,0.2187,0.053,0.043,5.386,5.719,0.9883,0.00926,269.90,54.25,0.57172048,0.7260850096,2.30,1.927049e-08,1.2218e-08,2.426263e-08,1.538775e-08,86.14,86.21,8139.04,8145.70,41.19,41.23
3.47012,3,0.2187,0.053,0.043,5.386,5.719,0.9883,0.00926,269.90,54.25,0.5717195199999999,0.7260837903999999,2.30,1.926437e-08,1.220666e-08,2.427135e-08,1.539577e-08,86.00,86.25,8125.47,8149.30,41.10,41.25
3.47038,3,0.2187,0.053,0.043,5.386,5.719,0.9883,0.00926,269.90,54.25,0.5717184799999999,0.7260824695999999,2.30,1.924403e-08,1.220027e-08,2.42998e-08,1.539554e-08,86.12,85.97,8137.30,8122.93,41.18,41.09
3.47063,3,0.2188,0.053,0.043,5.385,5.719,0.9883,0.00926,269.90,54.25,0.57171748,0.7260811996000001,2.30,1.924071e-08,1.219254e-08,2.430379e-08,1.541389e-08,86.05,86.25,8130.78,8149.47,41.14,41.25
3.47087,3,0.2188,0.053,0.043,5.385,5.719,0.9883,0.00926,269.90,54.25,0.57171652,0.7260799804,2.30,1.924346e-08,1.217798e-08,2.43142e-08,1.542775e-08,85.74,86.36,8101.17,8159.97,40.96,41.31
3.47112,3,0.2188,0.053,0.043,5.385,5.719,0.9883,0.00926,269.90,54.25,0.5717155199999999,0.7260787103999999,2.30,1.922335e-08,1.215962e-08,2.432258e-08,1.543309e-08,85.63,86.36,8090.96,8160.00,40.90,41.31
3.47138,3,0.2189,0.053,0.043,5.385,5.719,0.9883,0.00926,269.90,54.25,0.5717144799999999,0.7260773895999999,2.30,1.920401e-08,1.214436e-08,2.434018e-08,1.542954e-08,85.61,86.18,8089.17,8142.48,40.88,41.21
3.47162,3,0.2189,0.053,0.043,5.385,5.719,0.9883,0.00926,269.90,54.25,0.57171352,0.7260761703999999,2.30,1.918919e-08,1.21337e-08,2.435201e-08,1.543828e-08,85.59,86.20,8086.84,8144.27,40.87,41.22
3.47187,3,0.2189,0.053,0.043,5.385,5.719,0.9883,0.00926,269.90,54.25,0.57171252,0.7260749003999999,2.30,1.917785e-08,1.213036e-08,2.438513e-08,1.544762e-08,85.66,86.02,8093.79,8127.51,40.91,41.12
3.47213,3,0.2189,0.053,0.043,5.385,5.719,0.9883,0.00926,269.90,54.25,0.5717114799999999,0.7260735796,2.30,1.913549e-08,1.210505e-08,2.439766e-08,1.546149e-08,85.69,86.11,8096.49,8136.03,40.93,41.17
3.47237,3,0.2190,0.053,0.043,5.385,5.719,0.9883,0.00926,269.90,54.25,0.57171052,0.7260723604,2.30,1.913198e-08,1.208661e-08,2.44113e-08,1.544637e-08,85.42,85.79,8070.71,8105.70,40.77,40.98
3.47262,3,0.2190,0.053,0.043,5.385,5.719,0.9883,0.00926,269.90,54.25,0.57170952,0.7260710904,2.30,1.909841e-08,1.206821e-08,2.442362e-08,1.545634e-08,85.47,85.82,8075.81,8108.80,40.80,41.00
3.47288,3,0.2190,0.053,0.043,5.385,5.719,0.9883,0.00926,269.90,54.25,0.57170848,0.7260697695999999,2.30,1.908217e-08,1.205116e-08,2.44274e-08,1.545564e-08,85.34,85.77,8063.47,8104.39,40.73,40.98
3.47313,3,0.2191,0.053,0.043,5.385,5.719,0.9883,0.00926,269.90,54.25,0.5717074799999999,0.7260684996,2.30,1.905483e-08,1.204139e-08,2.446118e-08,1.546517e-08,85.52,85.63,8080.80,8091.22,40.83,40.90
3.47337,3,0.2191,0.053,0.043,5.385,5.719,0.9883,0.00926,269.90,54.25,0.57170652,0.7260672804,2.30,1.903489e-08,1.201389e-08,2.446111e-08,1.548616e-08,85.24,85.95,8053.67,8121.21,40.67,41.08
3.47363,3,0.2191,0.053,0.043,5.385,5.719,0.9883,0.00926,269.90,54.25,0.57170548,0.7260659596,2.30,1.900404e-08,1.199573e-08,2.450299e-08,1.549539e-08,85.26,85.69,8056.06,8096.60,40.68,40.93
3.47388,3,0.2191,0.053,0.043,5.385,5.719,0.9883,0.00926,269.90,54.25,0.57170448,0.7260646895999999,2.30,1.897731e-08,1.198031e-08,2.44932e-08,1.549278e-08,85.29,85.75,8058.70,8101.69,40.70,40.96
3.47412,3,0.2192,0.053,0.043,5.385,5.719,0.9883,0.00926,269.90,54.25,0.5717035199999999,0.7260634703999999,2.30,1.895091e-08,1.196925e-08,2.450599e-08,1.550676e-08,85.44,85.87,8072.64,8113.77,40.78,41.03
3.47438,3,0.2192,0.053,0.043,5.385,5.719,0.9883,0.00926,269.90,54.25,0.57170248,0.7260621496,2.30,1.892202e-08,1.19429e-08,2.453749e-08,1.551202e-08,85.28,85.65,8057.80,8092.93,40.69,40.91
3.47463,3,0.2192,0.053,0.043,5.385,5.719,0.9883,0.00926,269.90,54.25,0.57170148,0.7260608796,2.30,1.889831e-08,1.192682e-08,2.456273e-08,1.551847e-08,85.26,85.51,8055.76,8079.47,40.68,40.82
3.47487,3,0.2193,0.053,0.043,5.385,5.719,0.9883,0.00926,269.90,54.25,0.5717005199999999,0.7260596603999999,2.30,1.887375e-08,1.190098e-08,2.456969e-08,1.552462e-08,85.10,85.58,8040.49,8085.64,40.59,40.86
3.47512,3,0.2193,0.053,0.043,5.385,5.719,0.9883,0.00926,269.90,54.25,0.5716995199999999,0.7260583903999999,2.30,1.883805e-08,1.188994e-08,2.45756e-08,1.554039e-08,85.32,85.76,8061.54,8102.68,40.72,40.96
3.47538,3,0.2193,0.053,0.043,5.385,5.719,0.9883,0.00926,269.90,54.25,0.57169848,0.7260570696,2.30,1.882433e-08,1.187008e-08,2.458133e-08,1.555333e-08,85.10,85.90,8040.97,8115.91,40.59,41.04
3.47562,3,0.2193,0.053,0.043,5.385,5.719,0.9883,0.00926,269.90,54.25,0.57169752,0.7260558504,2.30,1.879047e-08,1.185227e-08,2.461106e-08,1.555371e-08,85.17,85.62,8047.48,8089.81,40.63,40.89
3.47587,3,0.2194,0.053,0.043,5.385,5.719,0.9883,0.00926,269.90,54.25,0.5716965199999999,0.7260545803999999,2.30,1.875273e-08,1.183776e-08,2.465823e-08,1.556518e-08,85.39,85.39,8068.31,8067.66,40.76,40.75
3.47613,3,0.2194,0.053,0.043,5.385,5.719,0.9883,0.00926,269.90,54.25,0.5716954799999999,0.7260532595999999,2.30,1.873176e-08,1.181756e-08,2.466664e-08,1.558677e-08,85.26,85.63,8055.44,8090.58,40.68,40.89
3.47637,3,0.2194,0.053,0.043,5.385,5.719,0.9883,0.00926,269.90,54.25,0.57169452,0.7260520404,2.30,1.87137e-08,1.180466e-08,2.46797e-08,1.559263e-08,85.23,85.59,8052.65,8087.21,40.66,40.87
3.47662,3,0.2195,0.053,0.043,5.384,5.719,0.9883,0.00926,269.90,54.25,0.57169352,0.7260507704,2.30,1.868964e-08,1.178964e-08,2.471233e-08,1.560242e-08,85.27,85.47,8056.61,8075.68,40.69,40.80
3.47688,3,0.2195,0.053,0.043,5.384,5.719,0.9883,0.00926,269.90,54.25,0.57169248,0.7260494496,2.30,1.865106e-08,1.176248e-08,2.474327e-08,1.561884e-08,85.21,85.42,8051.38,8071.31,40.65,40.77
3.47713,3,0.2195,0.053,0.043,5.384,5.719,0.9883,0.00926,269.90,54.25,0.5716914799999999,0.7260481795999999,2.30,1.86323e-08,1.175429e-08,2.475734e-08,1.562187e-08,85.28,85.34,8058.14,8063.12,40.69,40.72
3.47737,3,0.2195,0.053,0.043,5.384,5.719,0.9883,0.00926,269.90,54.25,0.57169052,0.7260469603999999,2.30,1.861656e-08,1.173969e-08,2.4784e-08,1.562368e-08,85.19,85.12,8049.46,8042.18,40.64,40.60
3.47763,3,0.2196,0.053,0.043,5.384,5.719,0.9883,0.00926,269.90,54.25,0.57168948,0.7260456396,2.30,1.858423e-08,1.171754e-08,2.479691e-08,1.563269e-08,85.20,85.17,8049.85,8047.06,40.64,40.63
3.47788,3,0.2196,0.053,0.043,5.384,5.719,0.9883,0.00926,269.90,54.25,0.5716884799999999,0.7260443696,2.30,1.85537e-08,1.169932e-08,2.48147e-08,1.564405e-08,85.22,85.17,8051.77,8047.26,40.66,40.63
3.47812,3,0.2196,0.053,0.043,5.384,5.719,0.9883,0.00926,269.90,54.25,0.57168752,0.7260431504,2.30,1.850536e-08,1.16849e-08,2.481874e-08,1.564716e-08,85.54,85.18,8081.84,8048.04,40.84,40.63
3.47838,3,0.2197,0.053,0.043,5.384,5.719,0.9883,0.00926,269.90,54.25,0.57168648,0.7260418296,2.30,1.848401e-08,1.16727e-08,2.482042e-08,1.564692e-08,85.60,85.20,8087.93,8049.90,40.87,40.64
3.47863,3,0.2197,0.053,0.043,5.384,5.719,0.9883,0.00926,269.90,54.25,0.57168548,0.7260405596,2.30,1.845179e-08,1.164393e-08,2.48251e-08,1.564149e-08,85.43,85.07,8072.08,8038.24,40.78,40.57
3.47887,3,0.2197,0.053,0.043,5.384,5.719,0.9882,0.00926,269.90,54.25,0.5716845199999999,0.7260393404,2.30,1.840833e-08,1.161605e-08,2.480957e-08,1.563695e-08,85.41,85.14,8070.41,8044.73,40.77,40.61
3.47912,3,0.2197,0.053,0.043,5.384,5.719,0.9882,0.00926,269.90,54.25,0.57168352,0.7260380704,2.30,1.835519e-08,1.158114e-08,2.479103e-08,1.562193e-08,85.39,85.09,8067.81,8040.08,40.75,40.58
3.47938,3,0.2198,0.053,0.043,5.384,5.719,0.9882,0.00926,269.90,54.25,0.57168248,0.7260367496,2.30,1.831915e-08,1.155565e-08,2.477631e-08,1.559833e-08,85.37,84.92,8066.28,8023.82,40.74,40.49
3.47962,3,0.2198,0.053,0.043,5.384,5.719,0.9882,0.00926,269.90,54.25,0.5716815199999999,0.7260355303999999,2.30,1.82705e-08,1.152207e-08,2.474535e-08,1.557357e-08,85.31,84.84,8060.80,8016.50,40.71,40.44
3.47987,3,0.2198,0.053,0.043,5.384,5.719,0.9882,0.00926,269.90,54.25,0.5716805199999999,0.7260342603999999,2.30,1.821755e-08,1.149631e-08,2.470883e-08,1.554444e-08,85.47,84.75,8075.31,8007.96,40.80,40.39
3.48013,3,0.2199,0.053,0.043,5.384,5.719,0.9882,0.00926,269.90,54.25,0.5716794799999999,0.7260329395999999,2.30,1.815784e-08,1.145605e-08,2.46565e-08,1.552432e-08,85.45,84.98,8074.06,8029.45,40.79,40.52
3.48037,3,0.2199,0.053,0.043,5.384,5.719,0.9882,0.00926,269.90,54.25,0.57167852,0.7260317204,2.30,1.810157e-08,1.14272e-08,2.459345e-08,1.546435e-08,85.59,84.68,8086.81,8001.13,40.87,40.35
3.48062,3,0.2199,0.053,0.043,5.384,5.719,0.9882,0.00926,269.90,54.25,0.5716775199999999,0.7260304503999999,2.30,1.804436e-08,1.139363e-08,2.452472e-08,1.541918e-08,85.64,84.65,8091.71,7998.40,40.90,40.33
3.48088,3,0.2199,0.053,0.043,5.384,5.719,0.9882,0.00926,269.90,54.25,0.5716764799999999,0.7260291295999999,2.30,1.799966e-08,1.135943e-08,2.446752e-08,1.537716e-08,85.52,84.56,8080.18,7989.93,40.83,40.28
3.48113,3,0.2200,0.053,0.043,5.384,5.719,0.9882,0.00926,269.90,54.25,0.57167548,0.7260278596,2.30,1.796107e-08,1.134285e-08,2.439917e-08,1.533452e-08,85.72,84.61,8098.90,7994.00,40.94,40.31
3.48137,3,0.2200,0.053,0.043,5.384,5.719,0.9882,0.00926,269.90,54.25,0.57167452,0.7260266404,2.30,1.793284e-08,1.13273e-08,2.43286e-08,1.528485e-08,85.76,84.53,8103.32,7986.52,40.97,40.26
3.48163,3,0.2200,0.053,0.043,5.384,5.719,0.9882,0.00926,269.90,54.25,0.57167348,0.7260253195999999,2.30,1.794147e-08,1.132725e-08,2.426035e-08,1.525676e-08,85.65,84.75,8092.65,8007.40,40.90,40.39
3.48188,3,0.2201,0.053,0.043,5.383,5.719,0.9882,0.00926,269.90,54.25,0.5716724799999999,0.7260240495999999,2.30,1.793565e-08,1.133842e-08,2.425149e-08,1.524099e-08,85.99,84.63,8125.19,7996.62,41.10,40.32
3.48212,3,0.2201,0.053,0.043,5.383,5.719,0.9882,0.00926,269.90,54.25,0.57167152,0.7260228304,2.30,1.7974e-08,1.136581e-08,2.425729e-08,1.524187e-08,86.06,84.59,8131.31,7992.72,41.14,40.30
3.48238,3,0.2201,0.053,0.043,5.383,5.719,0.9882,0.00926,269.90,54.25,0.57167048,0.7260215096,2.30,1.801285e-08,1.13793e-08,2.428948e-08,1.525911e-08,85.83,84.55,8109.83,7988.52,41.01,40.27
3.48263,3,0.2201,0.053,0.043,5.383,5.719,0.9882,0.00926,269.90,54.25,0.57166948,0.7260202396,2.30,1.804677e-08,1.141393e-08,2.433901e-08,1.52956e-08,86.10,84.63,8135.38,7996.07,41.16,40.32
3.48287,3,0.2202,0.053,0.043,5.383,5.719,0.9882,0.00926,269.90,54.25,0.57166852,0.7260190204,2.30,1.810288e-08,1.145103e-08,2.440315e-08,1.535015e-08,86.17,84.88,8142.20,8019.73,41.20,40.46
3.48312,3,0.2202,0.053,0.043,5.383,5.719,0.9882,0.00926,269.90,54.25,0.57166752,0.7260177503999999,2.30,1.815218e-08,1.147092e-08,2.448262e-08,1.537859e-08,85.94,84.56,8120.44,7989.55,41.07,40.28
3.48338,3,0.2202,0.053,0.043,5.383,5.719,0.9882,0.00926,269.90,54.25,0.57166648,0.7260164296,2.30,1.817633e-08,1.149877e-08,2.454222e-08,1.542837e-08,86.20,84.74,8144.66,8006.78,41.22,40.38
3.48362,3,0.2203,0.053,0.043,5.383,5.719,0.9882,0.00926,269.90,54.25,0.5716655199999999,0.7260152103999999,2.30,1.820395e-08,1.151927e-08,2.463176e-08,1.548595e-08,86.30,84.80,8154.20,8012.21,41.27,40.41
3.48387,3,0.2203,0.053,0.043,5.383,5.719,0.9882,0.00926,269.90,54.25,0.57166452,0.7260139404,2.30,1.823016e-08,1.154462e-08,2.470757e-08,1.552044e-08,86.48,84.61,8171.09,7993.94,41.38,40.30
3.48413,3,0.2203,0.053,0.043,5.383,5.719,0.9882,0.00926,269.90,54.25,0.57166348,0.7260126196,2.30,1.825565e-08,1.155558e-08,2.477113e-08,1.555766e-08,86.37,84.57,8161.11,7990.20,41.32,40.28
3.48438,3,0.2203,0.053,0.043,5.383,5.719,0.9882,0.00926,269.90,54.25,0.57166248,0.7260113496,2.30,1.827506e-08,1.156301e-08,2.482436e-08,1.558572e-08,86.28,84.49,8151.78,7982.81,41.26,40.24
3.48462,3,0.2204,0.053,0.043,5.383,5.719,0.9882,0.00926,269.90,54.25,0.5716615199999999,0.7260101304,2.30,1.828682e-08,1.156948e-08,2.485347e-08,1.562024e-08,86.30,84.76,8153.62,8008.81,41.27,40.39
3.48488,3,0.2204,0.053,0.043,5.383,5.719,0.9882,0.00926,269.90,54.25,0.5716604799999999,0.7260088095999999,2.30,1.827715e-08,1.158486e-08,2.489182e-08,1.564037e-08,86.73,84.70,8195.02,8003.34,41.52,40.36
3.48513,3,0.2204,0.053,0.043,5.383,5.719,0.9882,0.00926,269.90,54.25,0.57165948,0.7260075396,2.30,1.828004e-08,1.158579e-08,2.492203e-08,1.564046e-08,86.72,84.43,8193.28,7977.41,41.51,40.20
3.48537,3,0.2205,0.053,0.043,5.383,5.719,0.9882,0.00926,269.90,54.25,0.57165852,0.7260063203999999,2.30,1.827796e-08,1.158168e-08,2.492686e-08,1.565643e-08,86.70,84.66,8191.60,7998.78,41.50,40.33
3.48563,3,0.2205,0.053,0.043,5.383,5.719,0.9882,0.00926,269.90,54.25,0.5716574799999999,0.7260049996,2.30,1.825242e-08,1.158059e-08,2.493019e-08,1.565041e-08,87.01,84.54,8220.85,7987.65,41.68,40.27
3.48588,3,0.2205,0.053,0.043,5.383,5.719,0.9882,0.00926,269.90,54.25,0.5716564799999999,0.7260037295999999,2.30,1.824753e-08,1.157847e-08,2.494245e-08,1.567137e-08,87.03,84.73,8222.75,8005.85,41.69,40.38
3.48612,3,0.2205,0.053,0.043,5.383,5.719,0.9882,0.00926,269.90,54.25,0.57165552,0.7260025104,2.30,1.823189e-08,1.156547e-08,2.494165e-08,1.565147e-08,86.96,84.45,8216.78,7979.24,41.65,40.21
3.48637,3,0.2206,0.053,0.043,5.383,5.719,0.9882,0.00926,269.90,54.25,0.5716545199999999,0.7260012403999999,2.30,1.822185e-08,1.154846e-08,2.492252e-08,1.564767e-08,86.78,84.61,8199.84,7994.12,41.55,40.30
3.48663,3,0.2206,0.052,0.043,5.383,5.719,0.9882,0.00926,269.90,54.25,0.5716534799999999,0.7259999195999999,2.30,1.821097e-08,1.153999e-08,2.492871e-08,1.56375e-08,86.75,84.40,8196.62,7974.69,41.53,40.19
3.48687,3,0.2206,0.052,0.043,5.383,5.719,0.9882,0.00926,269.90,54.25,0.57165252,0.7259987004,2.30,1.817139e-08,1.15337e-08,2.488494e-08,1.562879e-08,87.14,84.67,8233.24,8000.44,41.75,40.34
3.48712,3,0.2207,0.052,0.043,5.383,5.719,0.9882,0.00926,269.90,54.25,0.57165152,0.7259974304,2.30,1.814136e-08,1.150674e-08,2.487938e-08,1.56051e-08,87.01,84.42,8221.52,7976.31,41.68,40.20
3.48738,3,0.2207,0.052,0.043,5.383,5.719,0.9882,0.00926,269.90,54.25,0.57165048,0.7259961095999999,2.30,1.812744e-08,1.149552e-08,2.484806e-08,1.559088e-08,86.96,84.50,8216.85,7983.76,41.65,40.24
3.48762,3,0.2207,0.052,0.043,5.383,5.719,0.9882,0.00926,269.90,54.25,0.5716495199999999,0.7259948903999999,2.30,1.809182e-08,1.148055e-08,2.480442e-08,1.557672e-08,87.12,84.69,8231.78,8002.00,41.74,40.35
3.48787,3,0.2207,0.052,0.043,5.383,5.719,0.9882,0.00926,269.90,54.25,0.57164852,0.7259936204,2.30,1.804829e-08,1.145056e-08,2.47996e-08,1.555743e-08,87.07,84.45,8227.12,7979.57,41.71,40.22
3.48813,3,0.2208,0.052,0.043,5.382,5.719,0.9882,0.00926,269.90,54.25,0.57164748,0.7259922996,2.30,1.802589e-08,1.143236e-08,2.476815e-08,1.552171e-08,87.03,84.26,8223.00,7961.18,41.69,40.10
3.48838,3,0.2208,0.052,0.043,5.382,5.719,0.9882,0.00926,269.90,54.25,0.57164648,0.7259910296,2.30,1.799218e-08,1.140591e-08,2.473327e-08,1.550323e-08,86.92,84.31,8213.02,7965.83,41.63,40.13
3.48862,3,0.2208,0.052,0.043,5.382,5.719,0.9882,0.00926,269.90,54.25,0.5716455199999999,0.7259898103999999,2.30,1.796706e-08,1.14028e-08,2.470796e-08,1.549875e-08,87.19,84.47,8238.31,7981.54,41.78,40.23
3.48888,3,0.2209,0.052,0.043,5.382,5.719,0.9882,0.00926,269.90,54.25,0.57164448,0.7259884896000001,2.30,1.793616e-08,1.137259e-08,2.468446e-08,1.547511e-08,87.01,84.38,8221.07,7972.86,41.68,40.17
3.48913,3,0.2209,0.052,0.043,5.382,5.719,0.9882,0.00926,269.90,54.25,0.57164348,0.7259872196,2.30,1.788372e-08,1.1344e-08,2.461779e-08,1.545247e-08,87.11,84.66,8230.31,7999.44,41.73,40.34
3.48937,3,0.2209,0.052,0.043,5.382,5.719,0.9882,0.00926,269.90,54.25,0.5716425199999999,0.7259860003999999,2.30,1.785298e-08,1.131427e-08,2.459632e-08,1.54212e-08,86.89,84.40,8210.01,7974.72,41.61,40.19
3.48963,3,0.2209,0.052,0.043,5.382,5.719,0.9882,0.00926,269.90,54.25,0.5716414799999999,0.7259846795999999,2.30,1.781724e-08,1.128836e-08,2.456082e-08,1.539675e-08,86.82,84.37,8203.54,7971.68,41.57,40.17
3.48988,3,0.2210,0.052,0.043,5.382,5.719,0.9882,0.00926,269.90,54.25,0.57164048,0.7259834096000001,2.30,1.778394e-08,1.127232e-08,2.45211e-08,1.537861e-08,86.97,84.51,8217.31,7984.69,41.65,40.25
3.49012,3,0.2210,0.052,0.043,5.382,5.719,0.9882,0.00926,269.90,54.25,0.57163952,0.7259821904,2.30,1.77498e-08,1.124726e-08,2.450228e-08,1.535669e-08,86.90,84.36,8210.49,7970.61,41.61,40.16
3.49037,3,0.2210,0.052,0.043,5.382,5.719,0.9882,0.00926,269.90,54.25,0.5716385199999999,0.7259809204,2.30,1.770723e-08,1.120814e-08,2.445842e-08,1.533392e-08,86.64,84.43,8186.28,7977.19,41.47,40.20
3.49063,3,0.2211,0.052,0.043,5.382,5.719,0.9882,0.00926,269.90,54.25,0.5716374799999999,0.7259795995999999,2.30,1.766362e-08,1.118123e-08,2.442028e-08,1.530855e-08,86.69,84.44,8191.37,7978.76,41.50,40.21
3.49087,3,0.2211,0.052,0.043,5.382,5.719,0.9882,0.00926,269.90,54.25,0.57163652,0.7259783804,2.30,1.763516e-08,1.116068e-08,2.43901e-08,1.527545e-08,86.64,84.24,8186.30,7958.96,41.47,40.09
3.49112,3,0.2211,0.052,0.043,5.382,5.719,0.9882,0.00926,269.90,54.25,0.57163552,0.7259771103999999,2.30,1.758399e-08,1.112726e-08,2.435591e-08,1.526355e-08,86.62,84.38,8184.23,7972.25,41.45,40.17
3.49138,3,0.2211,0.052,0.043,5.382,5.719,0.9882,0.00926,269.90,54.25,0.57163448,0.7259757896,2.30,1.754677e-08,1.110712e-08,2.433165e-08,1.522414e-08,86.69,84.02,8191.08,7938.44,41.49,39.97
3.49162,3,0.2212,0.052,0.043,5.382,5.719,0.9882,0.00926,269.90,54.25,0.57163352,0.7259745704,2.30,1.755834e-08,1.107511e-08,2.439968e-08,1.521998e-08,85.90,83.37,8116.24,7877.42,41.04,39.60
3.49187,3,0.2212,0.052,0.043,5.382,5.719,0.9882,0.00926,269.90,54.25,0.57163252,0.7259733004,2.30,1.747219e-08,1.105548e-08,2.427658e-08,1.518582e-08,86.64,84.00,8185.85,7936.64,41.46,39.95
3.49213,3,0.2212,0.052,0.043,5.382,5.719,0.9882,0.00926,269.91,54.25,0.57163148,0.7259719795999999,2.30,1.745768e-08,1.103155e-08,2.423867e-08,1.51656e-08,86.32,84.05,8156.15,7941.52,41.28,39.98
3.49238,3,0.2213,0.052,0.043,5.382,5.719,0.9882,0.00926,269.91,54.25,0.5716304799999999,0.7259707096,2.30,1.741172e-08,1.100122e-08,2.41907e-08,1.512877e-08,86.33,83.99,8157.25,7935.56,41.29,39.95
3.49262,3,0.2213,0.052,0.043,5.382,5.719,0.9882,0.00926,269.91,54.25,0.57162952,0.7259694904,2.30,1.736423e-08,1.097236e-08,2.412377e-08,1.50996e-08,86.36,84.18,8159.56,7953.40,41.30,40.06
3.49288,3,0.2213,0.052,0.043,5.382,5.719,0.9882,0.00926,269.91,54.25,0.57162848,0.7259681696,2.30,1.734504e-08,1.095816e-08,2.410217e-08,1.508439e-08,86.31,84.15,8155.37,7951.02,41.28,40.04
3.49313,3,0.2213,0.052,0.043,5.382,5.719,0.9882,0.00926,269.91,54.25,0.57162748,0.7259668995999999,2.30,1.730359e-08,1.092664e-08,2.405654e-08,1.506014e-08,86.20,84.22,8144.57,7957.10,41.21,40.08
3.49337,3,0.2214,0.052,0.043,5.382,5.719,0.9882,0.00926,269.91,54.25,0.5716265199999999,0.7259656803999999,2.30,1.727519e-08,1.090274e-08,2.400316e-08,1.501521e-08,86.11,84.08,8136.17,7944.41,41.16,40.00
3.49363,3,0.2214,0.052,0.043,5.382,5.719,0.9882,0.00926,269.91,54.25,0.5716254799999999,0.7259643595999999,2.30,1.725049e-08,1.08772e-08,2.405246e-08,1.499795e-08,85.90,83.37,8116.04,7876.94,41.04,39.59
3.49388,3,0.2214,0.052,0.043,5.382,5.719,0.9882,0.00926,269.91,54.25,0.57162448,0.7259630896,2.30,1.722931e-08,1.084823e-08,2.39807e-08,1.496626e-08,85.56,83.56,8084.54,7895.24,40.85,39.70
3.49412,3,0.2215,0.052,0.043,5.381,5.719,0.9882,0.00926,269.91,54.25,0.5716235199999999,0.7259618703999999,2.30,1.717362e-08,1.082412e-08,2.387316e-08,1.493901e-08,85.84,84.20,8110.36,7955.28,41.00,40.07
3.49437,3,0.2215,0.052,0.043,5.381,5.719,0.9882,0.00926,269.91,54.25,0.5716225199999999,0.7259606003999999,2.30,1.714062e-08,1.080843e-08,2.380978e-08,1.489181e-08,85.95,84.08,8120.74,7944.53,41.07,40.00
3.49463,3,0.2215,0.052,0.043,5.381,5.719,0.9882,0.00926,269.91,54.25,0.5716214799999999,0.7259592795999998,2.30,1.715862e-08,1.079619e-08,2.399674e-08,1.488301e-08,85.44,82.23,8072.99,7769.29,40.78,38.94
3.49487,3,0.2215,0.052,0.043,5.381,5.719,0.9882,0.00926,269.91,54.25,0.57162052,0.7259580604,2.30,1.708178e-08,1.076623e-08,2.373757e-08,1.483712e-08,85.84,83.94,8110.35,7930.94,41.00,39.92
3.49512,3,0.2216,0.052,0.042,5.381,5.719,0.9882,0.00926,269.91,54.25,0.5716195199999999,0.7259567903999999,2.30,1.705209e-08,1.073386e-08,2.367637e-08,1.477886e-08,85.58,83.68,8086.34,7906.13,40.86,39.77
3.49538,3,0.2216,0.052,0.042,5.381,5.719,0.9882,0.00926,269.91,54.25,0.5716184799999999,0.7259554695999999,2.30,1.702732e-08,1.072058e-08,2.363274e-08,1.474432e-08,85.63,83.57,8091.05,7895.72,40.89,39.71
3.49562,3,0.2216,0.052,0.042,5.381,5.719,0.9882,0.00926,269.91,54.25,0.57161752,0.7259542504,2.30,1.700082e-08,1.069776e-08,2.355992e-08,1.470829e-08,85.50,83.71,8078.54,7909.16,40.81,39.79
3.49587,3,0.2217,0.052,0.042,5.381,5.719,0.9882,0.00926,269.91,54.25,0.57161652,0.7259529804,2.30,1.696919e-08,1.067938e-08,2.349697e-08,1.465965e-08,85.57,83.60,8085.30,7899.33,40.85,39.73
3.49613,3,0.2217,0.052,0.042,5.381,5.719,0.9882,0.00926,269.91,54.25,0.57161548,0.7259516596,2.30,1.693728e-08,1.066042e-08,2.345647e-08,1.461892e-08,85.60,83.37,8087.59,7877.18,40.87,39.59
3.49638,3,0.2217,0.052,0.042,5.381,5.746,0.9882,0.00926,269.91,54.25,0.5716144799999999,0.7259503895999999,2.30,1.689968e-08,1.063643e-08,2.334423e-08,1.45696e-08,85.59,83.68,8086.93,7906.90,40.84,39.75
3.49662,3,0.2217,0.052,0.042,5.381,5.746,0.9882,0.00926,269.91,54.25,0.57161352,0.7259491704,2.30,1.687418e-08,1.061647e-08,2.325446e-08,1.451662e-08,85.50,83.73,8078.90,7911.32,40.79,39.77
3.49688,3,0.2218,0.052,0.042,5.381,5.746,0.9882,0.00926,269.91,54.25,0.57161248,0.7259478496,2.30,1.682265e-08,1.058747e-08,2.314782e-08,1.446252e-08,85.62,83.96,8089.59,7933.09,40.85,39.91
3.49713,3,0.2218,0.052,0.042,5.381,5.746,0.9882,0.00926,269.91,54.25,0.57161148,0.7259465796,2.30,1.681187e-08,1.05627e-08,2.311572e-08,1.440527e-08,85.23,83.39,8052.59,7878.87,40.63,39.58
3.49737,3,0.2218,0.052,0.042,5.381,5.746,0.9882,0.00926,269.91,54.25,0.57161052,0.7259453604,2.30,1.676609e-08,1.055115e-08,2.306079e-08,1.434962e-08,85.60,83.06,8088.09,7847.79,40.84,39.39
3.49763,3,0.2219,0.052,0.042,5.381,5.746,0.9882,0.00926,269.91,54.25,0.57160948,0.7259440396,2.30,1.673693e-08,1.052986e-08,2.306449e-08,1.431668e-08,85.58,82.56,8085.65,7800.49,40.83,39.10
3.49788,3,0.2219,0.052,0.042,5.381,5.746,0.9882,0.00926,269.91,54.25,0.57160848,0.7259427695999999,2.30,1.671679e-08,1.051492e-08,2.297883e-08,1.426386e-08,85.53,82.56,8080.95,7801.00,40.80,39.11
3.49812,3,0.2219,0.052,0.042,5.381,5.746,0.9882,0.00926,269.91,54.25,0.5716075199999999,0.7259415504,2.30,1.667101e-08,1.048875e-08,2.290865e-08,1.420404e-08,85.58,82.31,8086.40,7777.53,40.83,38.96
3.49837,3,0.2219,0.052,0.042,5.381,5.746,0.9882,0.00926,269.91,54.25,0.57160652,0.7259402804,2.30,1.664362e-08,1.04605e-08,2.277394e-08,1.413962e-08,85.34,82.61,8063.50,7805.28,40.69,39.13
3.49863,3,0.2220,0.052,0.042,5.381,5.746,0.9882,0.00926,269.91,54.25,0.57160548,0.7259389596,2.30,1.660326e-08,1.043197e-08,2.266096e-08,1.406241e-08,85.31,82.54,8060.56,7798.46,40.68,39.09
3.49887,3,0.2220,0.052,0.042,5.381,5.746,0.9882,0.00926,269.91,54.25,0.57160452,0.7259377403999999,2.30,1.655827e-08,1.040223e-08,2.252432e-08,1.400579e-08,85.28,82.98,8057.49,7840.03,40.66,39.34
3.49912,3,0.2220,0.052,0.042,5.381,5.746,0.9882,0.00926,269.91,54.25,0.5716035199999999,0.7259364703999999,2.30,1.654154e-08,1.038639e-08,2.243447e-08,1.393937e-08,85.16,82.81,8046.38,7824.37,40.59,39.25
3.49938,3,0.2221,0.052,0.042,5.381,5.746,0.9882,0.00926,269.91,54.25,0.5716024799999999,0.7259351495999999,2.30,1.650175e-08,1.035979e-08,2.236455e-08,1.389371e-08,85.16,82.81,8046.63,7824.60,40.59,39.25
3.49962,3,0.2221,0.052,0.042,5.381,5.746,0.9882,0.00927,269.91,54.25,0.57160152,0.7259339304,2.30,1.645194e-08,1.032967e-08,2.217262e-08,1.38141e-08,85.19,83.45,8049.04,7884.30,40.61,39.61
3.49987,3,0.2221,0.052,0.042,5.381,5.746,0.9882,0.00927,269.91,54.25,0.57160052,0.7259326603999999,2.30,1.641812e-08,1.031187e-08,2.209433e-08,1.375524e-08,85.26,83.28,8056.25,7869.00,40.65,39.52
3.50013,3,0.2221,0.052,0.042,5.381,5.746,0.9882,0.00927,269.91,54.25,0.5715994799999999,0.7259313395999999,2.30,1.637817e-08,1.028252e-08,2.199408e-08,1.369761e-08,85.17,83.36,8047.29,7876.29,40.60,39.56
3.50038,3,0.2222,0.052,0.042,5.380,5.746,0.9882,0.00927,269.91,54.25,0.5715984799999999,0.7259300696,2.30,1.634173e-08,1.026306e-08,2.2005e-08,1.36365e-08,85.28,82.31,8058.12,7777.16,40.66,38.96
3.50062,3,0.2222,0.052,0.042,5.380,5.746,0.9882,0.00927,269.91,54.25,0.57159752,0.7259288504,2.30,1.631155e-08,1.024046e-08,2.201082e-08,1.357127e-08,85.20,81.23,8050.42,7674.80,40.61,38.34
3.50088,3,0.2222,0.052,0.042,5.380,5.746,0.9882,0.00927,269.91,54.25,0.57159648,0.7259275296,2.30,1.624872e-08,1.018725e-08,2.17199e-08,1.349514e-08,84.89,82.88,8021.30,7831.05,40.44,39.29
3.50113,3,0.2223,0.052,0.042,5.380,5.746,0.9882,0.00927,269.91,54.25,0.5715954799999999,0.7259262595999999,2.30,1.621475e-08,1.016191e-08,2.15784e-08,1.343778e-08,84.84,83.42,8016.36,7881.90,40.41,39.59
3.50137,3,0.2223,0.052,0.042,5.380,5.746,0.9882,0.00927,269.91,54.25,0.57159452,0.7259250404,2.30,1.617571e-08,1.01361e-08,2.149071e-08,1.338437e-08,84.81,83.44,8013.51,7883.77,40.39,39.61
3.50163,3,0.2223,0.052,0.042,5.380,5.746,0.9882,0.00927,269.91,54.25,0.57159348,0.7259237196,2.30,1.613858e-08,1.010947e-08,2.139496e-08,1.331301e-08,84.74,83.25,8006.38,7865.40,40.35,39.49
3.50188,3,0.2223,0.052,0.042,5.380,5.746,0.9882,0.00927,269.91,54.25,0.57159248,0.7259224496,2.30,1.608693e-08,1.007249e-08,2.129432e-08,1.324481e-08,84.63,83.15,7996.55,7856.65,40.29,39.44
3.50212,3,0.2224,0.052,0.042,5.380,5.746,0.9882,0.00927,269.91,54.25,0.5715915199999999,0.7259212303999999,2.30,1.60509e-08,1.004878e-08,2.123326e-08,1.319519e-08,84.65,83.00,7997.70,7841.88,40.29,39.35
3.50237,3,0.2224,0.052,0.042,5.380,5.746,0.9882,0.00927,269.91,54.25,0.57159052,0.7259199604,2.30,1.599734e-08,1.001757e-08,2.113495e-08,1.314848e-08,84.70,83.24,8002.66,7864.61,40.32,39.49
3.50263,3,0.2224,0.052,0.042,5.380,5.746,0.9882,0.00927,269.91,54.25,0.57158948,0.7259186396,2.30,1.593667e-08,9.992571e-09,2.101876e-08,1.307093e-08,84.99,83.15,8030.59,7856.23,40.49,39.44
3.50287,3,0.2225,0.052,0.042,5.380,5.746,0.9882,0.00927,269.91,54.25,0.5715885199999999,0.7259174204,2.30,1.589753e-08,9.957213e-09,2.094285e-08,1.301032e-08,84.78,82.96,8010.87,7838.40,40.37,39.33
3.50312,3,0.2225,0.052,0.042,5.380,5.746,0.9882,0.00927,269.91,54.25,0.57158752,0.7259161504,2.30,1.58561e-08,9.934015e-09,2.088817e-08,1.296369e-08,84.85,82.75,8016.81,7818.25,40.41,39.21
3.50338,3,0.2225,0.052,0.042,5.380,5.746,0.9882,0.00927,269.91,54.25,0.57158648,0.7259148296,2.30,1.58159e-08,9.889122e-09,2.076118e-08,1.290942e-08,84.40,83.16,7974.26,7857.62,40.15,39.45
3.50362,3,0.2225,0.052,0.042,5.380,5.746,0.9882,0.00927,269.91,54.25,0.57158552,0.7259136103999999,2.30,1.577621e-08,9.869881e-09,2.06608e-08,1.286779e-08,84.52,83.52,7986.30,7891.33,40.23,39.65
3.50387,3,0.2226,0.052,0.042,5.380,5.746,0.9882,0.00927,269.91,54.25,0.5715845199999999,0.7259123404,2.30,1.57219e-08,9.841807e-09,2.062067e-08,1.280237e-08,84.70,82.86,8002.71,7829.33,40.32,39.28
3.50413,3,0.2226,0.052,0.042,5.380,5.746,0.9882,0.00927,269.91,54.25,0.5715834799999999,0.7259110195999999,2.30,1.56868e-08,9.812732e-09,2.053945e-08,1.275417e-08,84.53,82.90,7987.25,7832.93,40.23,39.30
3.50438,3,0.2226,0.052,0.042,5.380,5.746,0.9882,0.00927,269.91,54.25,0.57158248,0.7259097496,2.30,1.564409e-08,9.782049e-09,2.043628e-08,1.269787e-08,84.44,83.04,7978.62,7845.59,40.18,39.37
3.50462,3,0.2227,0.052,0.042,5.380,5.746,0.9882,0.00927,269.91,54.25,0.57158152,0.7259085303999999,2.30,1.560486e-08,9.753473e-09,2.032559e-08,1.26568e-08,84.39,83.56,7973.37,7894.75,40.15,39.67
3.50488,3,0.2227,0.052,0.042,5.380,5.746,0.9882,0.00927,269.91,54.25,0.57158048,0.7259072096,2.30,1.555986e-08,9.720432e-09,2.024781e-08,1.260251e-08,84.27,83.45,7962.64,7885.04,40.08,39.61
3.50513,3,0.2227,0.052,0.042,5.380,5.746,0.9882,0.00927,269.91,54.25,0.5715794799999999,0.7259059395999999,2.30,1.551725e-08,9.692597e-09,2.016051e-08,1.256152e-08,84.25,83.69,7959.97,7907.29,40.07,39.75
3.50537,3,0.2227,0.052,0.042,5.380,5.746,0.9882,0.00927,269.91,54.25,0.57157852,0.7259047204,2.30,1.546571e-08,9.664794e-09,2.00926e-08,1.250637e-08,84.35,83.46,7969.62,7885.82,40.12,39.62
3.50563,3,0.2228,0.052,0.042,5.380,5.746,0.9882,0.00927,269.91,54.25,0.57157748,0.7259033995999999,2.30,1.543744e-08,9.637842e-09,2.001446e-08,1.245569e-08,84.17,83.46,7952.77,7885.93,40.02,39.62
3.50588,3,0.2228,0.052,0.042,5.380,5.746,0.9882,0.00927,269.91,54.25,0.5715764799999999,0.7259021295999999,2.30,1.539452e-08,9.600996e-09,1.99381e-08,1.241047e-08,83.94,83.50,7930.67,7889.81,39.89,39.64
3.50612,3,0.2228,0.052,0.042,5.380,5.746,0.9882,0.00927,269.91,54.25,0.57157552,0.7259009104,2.30,1.534552e-08,9.585212e-09,1.986219e-08,1.237224e-08,84.28,83.66,7963.29,7905.07,40.08,39.73
3.50637,3,0.2229,0.052,0.042,5.379,5.746,0.9882,0.00927,269.91,54.25,0.57157452,0.7258996404,2.30,1.53198e-08,9.558186e-09,1.978871e-08,1.231852e-08,84.06,83.56,7942.60,7895.11,39.96,39.67
3.50663,3,0.2229,0.052,0.042,5.379,5.746,0.9882,0.00927,269.91,54.25,0.57157348,0.7258983196,2.30,1.526508e-08,9.536907e-09,1.973245e-08,1.227993e-08,84.36,83.50,7971.18,7889.04,40.13,39.64
3.50687,3,0.2229,0.052,0.042,5.379,5.746,0.9882,0.00927,269.91,54.25,0.5715725199999999,0.7258971003999999,2.30,1.524119e-08,9.510307e-09,1.965411e-08,1.22354e-08,84.09,83.57,7945.19,7896.25,39.98,39.68
3.50712,3,0.2229,0.052,0.042,5.379,5.746,0.9882,0.00927,269.91,54.25,0.57157152,0.7258958304,2.30,1.520692e-08,9.496195e-09,1.958817e-08,1.219415e-08,84.26,83.57,7961.40,7895.91,40.07,39.68
3.50738,3,0.2230,0.052,0.042,5.379,5.746,0.9882,0.00927,269.91,54.25,0.57157048,0.7258945096,2.30,1.517509e-08,9.459407e-09,1.949866e-08,1.214932e-08,83.90,83.80,7927.24,7918.26,39.87,39.81
3.50762,3,0.2230,0.052,0.042,5.379,5.746,0.9882,0.00927,269.91,54.25,0.5715695199999999,0.7258932904,2.30,1.512122e-08,9.435722e-09,1.942752e-08,1.209092e-08,84.13,83.55,7949.37,7893.88,40.00,39.66
3.50787,3,0.2230,0.052,0.042,5.379,5.746,0.9882,0.00927,269.91,54.25,0.5715685199999999,0.7258920203999999,2.30,1.508902e-08,9.416203e-09,1.933919e-08,1.205378e-08,84.15,83.87,7950.66,7924.93,40.01,39.85
3.50813,3,0.2231,0.052,0.042,5.379,5.746,0.9882,0.00927,269.91,54.25,0.5715674799999999,0.7258906995999999,2.30,1.507347e-08,9.3977e-09,1.928548e-08,1.200346e-08,83.98,83.60,7934.46,7899.06,39.91,39.70
3.50838,3,0.2231,0.052,0.042,5.379,5.746,0.9882,0.00927,269.91,54.25,0.57156648,0.7258894296,2.30,1.503198e-08,9.372637e-09,1.921386e-08,1.196309e-08,84.00,83.68,7936.27,7906.42,39.92,39.74
3.50862,3,0.2231,0.052,0.042,5.379,5.746,0.9882,0.00927,269.91,54.25,0.5715655199999999,0.7258882104,2.30,1.500466e-08,9.345705e-09,1.913217e-08,1.191286e-08,83.76,83.69,7914.01,7907.53,39.79,39.75
3.50888,3,0.2231,0.052,0.042,5.379,5.746,0.9882,0.00927,269.91,54.25,0.5715644799999999,0.7258868895999999,2.30,1.49678e-08,9.323309e-09,1.905404e-08,1.186487e-08,83.77,83.70,7915.28,7908.70,39.79,39.75
3.50913,3,0.2232,0.052,0.042,5.379,5.746,0.9882,0.00927,269.91,54.25,0.57156348,0.7258856196,2.30,1.494245e-08,9.300747e-09,1.897234e-08,1.182384e-08,83.65,83.93,7903.56,7929.74,39.72,39.88
3.50937,3,0.2232,0.052,0.042,5.379,5.746,0.9882,0.00927,269.91,54.25,0.57156252,0.7258844004,2.30,1.490623e-08,9.281849e-09,1.893149e-08,1.177759e-08,83.74,83.53,7911.80,7892.76,39.77,39.66
3.50963,3,0.2232,0.052,0.042,5.379,5.746,0.9882,0.00927,269.91,54.25,0.57156148,0.7258830796,2.30,1.488331e-08,9.252394e-09,1.883089e-08,1.171765e-08,83.37,83.58,7877.54,7897.48,39.57,39.69
3.50988,3,0.2233,0.052,0.042,5.379,5.746,0.9882,0.00927,269.91,54.25,0.5715604799999999,0.7258818095999999,2.30,1.486087e-08,9.249192e-09,1.87566e-08,1.167248e-08,83.67,83.64,7905.35,7902.91,39.73,39.72
3.51012,3,0.2233,0.052,0.042,5.379,5.746,0.9882,0.00927,269.91,54.25,0.57155952,0.7258805904,2.30,1.48155e-08,9.214337e-09,1.868348e-08,1.16242e-08,83.51,83.59,7890.34,7897.92,39.64,39.69
3.51037,3,0.2233,0.052,0.042,5.379,5.746,0.9882,0.00927,269.91,54.25,0.57155852,0.7258793203999999,2.30,1.477404e-08,9.194996e-09,1.85811e-08,1.157159e-08,83.66,83.80,7904.99,7917.99,39.73,39.81
3.51063,3,0.2234,0.051,0.042,5.379,5.746,0.9882,0.00927,269.91,54.25,0.57155748,0.7258779996,2.30,1.474586e-08,9.159315e-09,1.850619e-08,1.151727e-08,83.26,83.69,7867.11,7907.43,39.50,39.75
3.51087,3,0.2234,0.051,0.042,5.379,5.746,0.9882,0.00927,269.91,54.25,0.57155652,0.7258767804,2.30,1.470784e-08,9.14969e-09,1.842441e-08,1.14652e-08,83.60,83.67,7898.99,7905.28,39.69,39.73
3.51112,3,0.2234,0.051,0.042,5.379,5.746,0.9882,0.00927,269.91,54.25,0.57155552,0.7258755104,2.30,1.466389e-08,9.123234e-09,1.835913e-08,1.140707e-08,83.62,83.33,7901.02,7873.29,39.71,39.54
3.51138,3,0.2234,0.051,0.042,5.379,5.746,0.9882,0.00927,269.91,54.25,0.57155448,0.7258741895999999,2.30,1.464285e-08,9.09959e-09,1.825495e-08,1.136348e-08,83.37,83.74,7876.84,7912.16,39.56,39.77
3.51162,3,0.2235,0.051,0.042,5.378,5.746,0.9882,0.00927,269.91,54.25,0.5715535199999999,0.7258729703999999,2.30,1.460608e-08,9.069701e-09,1.817576e-08,1.130112e-08,83.23,83.52,7864.25,7891.54,39.48,39.65
3.51187,3,0.2235,0.051,0.042,5.378,5.746,0.9882,0.00927,269.91,54.25,0.57155252,0.7258717004,2.30,1.45776e-08,9.044249e-09,1.80899e-08,1.125797e-08,83.04,83.72,7846.47,7910.55,39.38,39.76
3.51213,3,0.2235,0.051,0.042,5.378,5.746,0.9882,0.00927,269.91,54.25,0.57155148,0.7258703796,2.30,1.455644e-08,9.030862e-09,1.800259e-08,1.12019e-08,83.04,83.69,7845.88,7907.31,39.37,39.74
3.51238,3,0.2236,0.051,0.042,5.378,5.746,0.9882,0.00927,269.91,54.25,0.57155048,0.7258691096,2.30,1.451895e-08,9.010928e-09,1.792028e-08,1.114581e-08,83.16,83.63,7857.02,7901.70,39.44,39.71
3.51262,3,0.2236,0.051,0.042,5.378,5.746,0.9882,0.00927,269.91,54.25,0.5715495199999999,0.7258678903999999,2.30,1.44697e-08,8.975709e-09,1.784517e-08,1.107545e-08,83.04,83.16,7846.30,7857.33,39.38,39.44
3.51288,3,0.2236,0.051,0.042,5.378,5.746,0.9882,0.00927,269.91,54.25,0.5715484799999999,0.7258665696,2.30,1.444897e-08,8.953303e-09,1.775264e-08,1.103352e-08,82.81,83.47,7824.33,7886.53,39.24,39.62
3.51313,3,0.2236,0.051,0.042,5.378,5.746,0.9882,0.00927,269.91,54.25,0.57154748,0.7258652996,2.30,1.441268e-08,8.929774e-09,1.76512e-08,1.0976e-08,82.78,83.58,7821.93,7897.04,39.23,39.68
3.51337,3,0.2237,0.051,0.042,5.378,5.746,0.9882,0.00927,269.91,54.25,0.57154652,0.7258640804,2.30,1.436138e-08,8.903283e-09,1.755954e-08,1.091156e-08,82.95,83.47,7837.68,7886.34,39.32,39.62
3.51363,3,0.2237,0.051,0.042,5.378,5.746,0.9882,0.00927,269.91,54.25,0.5715454799999999,0.7258627595999999,2.30,1.43254e-08,8.874445e-09,1.747005e-08,1.085085e-08,82.79,83.36,7822.53,7876.56,39.23,39.56
3.51388,3,0.2237,0.051,0.042,5.378,5.746,0.9882,0.00927,269.91,54.25,0.5715444799999999,0.7258614895999999,2.30,1.429337e-08,8.850662e-09,1.738384e-08,1.079542e-08,82.69,83.32,7813.38,7872.94,39.18,39.54
3.51412,3,0.2238,0.051,0.042,5.378,5.746,0.9882,0.00927,269.91,54.25,0.57154352,0.7258602704,2.30,1.423713e-08,8.814289e-09,1.726806e-08,1.073641e-08,82.69,83.63,7813.27,7901.48,39.17,39.71
3.51437,3,0.2238,0.051,0.042,5.378,5.746,0.9882,0.00927,269.91,54.25,0.5715425199999999,0.7258590004,2.30,1.422195e-08,8.791591e-09,1.719561e-08,1.067982e-08,82.37,83.39,7782.36,7878.97,38.99,39.57
3.51463,3,0.2238,0.051,0.042,5.378,5.746,0.9882,0.00927,269.91,54.25,0.5715414799999999,0.7258576795999999,2.30,1.415676e-08,8.758798e-09,1.709256e-08,1.061603e-08,82.55,83.39,7799.87,7879.38,39.09,39.57
3.51487,3,0.2238,0.051,0.042,5.378,5.746,0.9882,0.00927,269.91,54.25,0.57154052,0.7258564604,2.30,1.415289e-08,8.733403e-09,1.7006e-08,1.05642e-08,81.99,83.43,7746.36,7883.19,38.77,39.60
3.51512,3,0.2239,0.051,0.042,5.378,5.746,0.9882,0.00927,269.91,54.25,0.57153952,0.7258551904,2.30,1.407026e-08,8.69979e-09,1.68936e-08,1.050096e-08,82.45,83.61,7790.46,7899.78,39.04,39.70
3.51538,3,0.2239,0.051,0.042,5.378,5.746,0.9882,0.00927,269.91,54.25,0.57153848,0.7258538696,2.30,1.402204e-08,8.666054e-09,1.680841e-08,1.04374e-08,82.35,83.38,7781.23,7878.63,38.98,39.57
3.51562,3,0.2239,0.051,0.042,5.378,5.746,0.9882,0.00927,269.91,54.25,0.5715375199999999,0.7258526503999999,2.30,1.398165e-08,8.637429e-09,1.671788e-08,1.038024e-08,82.26,83.36,7772.60,7876.74,38.93,39.56
3.51587,3,0.2240,0.051,0.042,5.378,5.746,0.9882,0.00927,269.91,54.25,0.57153652,0.7258513804,2.30,1.39116e-08,8.599676e-09,1.663198e-08,1.032811e-08,82.44,83.43,7789.16,7882.68,39.03,39.59
3.51613,3,0.2240,0.051,0.042,5.378,5.746,0.9882,0.00927,269.91,54.25,0.57153548,0.7258500596,2.30,1.387167e-08,8.563113e-09,1.653718e-08,1.026842e-08,82.14,83.41,7760.96,7881.02,38.86,39.58
3.51638,3,0.2240,0.051,0.042,5.378,5.746,0.9882,0.00927,269.91,54.25,0.57153448,0.7258487896,2.30,1.384068e-08,8.530166e-09,1.646351e-08,1.021313e-08,81.79,83.21,7728.25,7861.63,38.66,39.47
3.51662,3,0.2240,0.051,0.042,5.378,5.746,0.9882,0.00927,269.91,54.25,0.5715335199999999,0.7258475703999999,2.30,1.377784e-08,8.494441e-09,1.63494e-08,1.014949e-08,81.87,83.36,7735.38,7876.24,38.70,39.55
3.51688,3,0.2241,0.051,0.042,5.378,5.746,0.9882,0.00927,269.91,54.25,0.57153248,0.7258462496,2.30,1.372389e-08,8.463291e-09,1.627633e-08,1.009923e-08,81.96,83.29,7743.87,7869.69,38.75,39.52
3.51713,3,0.2241,0.051,0.042,5.378,5.746,0.9882,0.00927,269.91,54.25,0.57153148,0.7258449795999999,2.30,1.366829e-08,8.429741e-09,1.619569e-08,1.004418e-08,81.98,83.18,7745.64,7859.35,38.76,39.45
3.51737,3,0.2241,0.051,0.042,5.378,5.746,0.9882,0.00927,269.91,54.25,0.5715305199999999,0.7258437603999999,2.30,1.361703e-08,8.390016e-09,1.609671e-08,9.986965e-09,81.77,83.27,7726.15,7868.00,38.65,39.50
3.51762,3,0.2242,0.051,0.042,5.377,5.746,0.9882,0.00927,269.91,54.25,0.57152952,0.7258424904,2.30,1.356638e-08,8.352025e-09,1.602862e-08,9.937025e-09,81.63,83.14,7713.28,7855.49,38.57,39.43
3.51788,3,0.2242,0.051,0.042,5.377,5.746,0.9882,0.00927,269.91,54.25,0.57152848,0.7258411696,2.30,1.352853e-08,8.323041e-09,1.59449e-08,9.88576e-09,81.49,83.15,7699.60,7856.82,38.49,39.44
3.51812,3,0.2242,0.051,0.042,5.377,5.746,0.9882,0.00927,269.91,54.25,0.57152752,0.7258399503999999,2.30,1.349395e-08,8.293187e-09,1.587199e-08,9.839686e-09,81.27,83.13,7678.96,7854.99,38.36,39.43
3.51837,3,0.2242,0.051,0.042,5.377,5.746,0.9882,0.00927,269.91,54.25,0.5715265199999999,0.7258386803999999,2.30,1.341909e-08,8.252581e-09,1.579147e-08,9.797087e-09,81.41,83.30,7692.02,7870.46,38.44,39.52
3.51863,3,0.2243,0.051,0.042,5.377,5.746,0.9882,0.00927,269.91,54.25,0.5715254799999999,0.7258373596,2.30,1.335009e-08,8.214954e-09,1.571283e-08,9.746869e-09,81.57,83.30,7707.17,7870.93,38.53,39.52
3.51887,3,0.2243,0.051,0.042,5.377,5.746,0.9882,0.00927,269.91,54.25,0.57152452,0.7258361404,2.30,1.330834e-08,8.177116e-09,1.566191e-08,9.703842e-09,81.26,83.05,7677.52,7846.57,38.35,39.37
3.51912,3,0.2243,0.051,0.042,5.377,5.746,0.9882,0.00927,269.92,54.25,0.57152352,0.7258348703999999,2.30,1.325519e-08,8.134761e-09,1.558855e-08,9.662542e-09,81.01,83.14,7653.85,7855.44,38.21,39.43
3.51938,3,0.2244,0.051,0.042,5.377,5.746,0.9882,0.00927,269.92,54.25,0.5715224799999999,0.7258335495999999,2.30,1.31994e-08,8.100415e-09,1.552561e-08,9.617412e-09,81.04,83.04,7657.00,7845.82,38.23,39.37
3.51963,3,0.2244,0.051,0.042,5.377,5.746,0.9882,0.00927,269.92,54.25,0.5715214799999999,0.7258322795999999,2.30,1.314351e-08,8.067005e-09,1.546746e-08,9.578896e-09,81.06,82.98,7659.18,7840.45,38.24,39.34
3.51987,3,0.2244,0.051,0.042,5.377,5.746,0.9882,0.00927,269.92,54.25,0.57152052,0.7258310604,2.30,1.308778e-08,8.030312e-09,1.540664e-08,9.540069e-09,81.00,82.95,7653.05,7837.95,38.20,39.32
3.52013,3,0.2244,0.051,0.042,5.377,5.746,0.9882,0.00927,269.92,54.25,0.57151948,0.7258297396,2.30,1.302381e-08,8.000257e-09,1.534551e-08,9.499412e-09,81.24,82.89,7675.88,7831.87,38.34,39.29
3.52038,3,0.2245,0.051,0.042,5.377,5.746,0.9882,0.00927,269.92,54.25,0.5715184799999999,0.7258284695999999,2.30,1.298535e-08,7.961438e-09,1.529005e-08,9.473355e-09,80.88,83.12,7641.49,7853.37,38.13,39.42
3.52062,3,0.2245,0.051,0.042,5.377,5.746,0.9882,0.00927,269.92,54.25,0.57151752,0.7258272504,2.30,1.293378e-08,7.925077e-09,1.523812e-08,9.434599e-09,80.75,82.97,7629.69,7838.99,38.06,39.33
3.52088,3,0.2245,0.051,0.042,5.377,5.746,0.9882,0.00927,269.92,54.25,0.57151648,0.7258259296,2.30,1.288059e-08,7.89395e-09,1.519131e-08,9.3962e-09,80.79,82.75,7633.34,7818.42,38.08,39.20
3.52113,3,0.2246,0.051,0.042,5.377,5.746,0.9882,0.00927,269.92,54.25,0.57151548,0.7258246596,2.30,1.283406e-08,7.85538e-09,1.514623e-08,9.369126e-09,80.56,82.80,7611.58,7823.67,37.95,39.24
3.52137,3,0.2246,0.051,0.042,5.377,5.746,0.9882,0.00927,269.92,54.25,0.5715145199999999,0.7258234403999999,2.30,1.277373e-08,7.828372e-09,1.509215e-08,9.33453e-09,80.82,82.78,7636.52,7821.16,38.10,39.22
3.52162,3,0.2246,0.051,0.042,5.377,5.746,0.9882,0.00927,269.92,54.25,0.57151352,0.7258221704,2.30,1.273515e-08,7.789447e-09,1.504971e-08,9.310019e-09,80.42,82.82,7598.02,7824.99,37.87,39.24
3.52188,3,0.2246,0.051,0.042,5.377,5.746,0.9882,0.00927,269.92,54.25,0.57151248,0.7258208496,2.30,1.26781e-08,7.761249e-09,1.500348e-08,9.286564e-09,80.59,82.94,7614.94,7836.37,37.97,39.31
3.52212,3,0.2247,0.051,0.042,5.377,5.746,0.9882,0.00927,269.92,54.25,0.5715115199999999,0.7258196304,2.30,1.263557e-08,7.732354e-09,1.496911e-08,9.260124e-09,80.55,82.85,7611.07,7828.40,37.95,39.26
3.52237,3,0.2247,0.051,0.042,5.377,5.746,0.9882,0.00927,269.92,54.25,0.5715105199999999,0.7258183603999999,2.30,1.25797e-08,7.700215e-09,1.491253e-08,9.230635e-09,80.61,82.98,7616.30,7840.68,37.98,39.34
3.52263,3,0.2247,0.051,0.042,5.377,5.746,0.9882,0.00927,269.92,54.25,0.57150948,0.7258170396,2.30,1.254338e-08,7.675374e-09,1.488128e-08,9.200782e-09,80.54,82.74,7609.63,7817.24,37.94,39.20
3.52287,3,0.2248,0.051,0.042,5.377,5.746,0.9882,0.00927,269.92,54.25,0.57150852,0.7258158203999999,2.30,1.249223e-08,7.629871e-09,1.484083e-08,9.181216e-09,80.19,82.90,7576.67,7832.88,37.74,39.29
3.52312,3,0.2248,0.051,0.042,5.377,5.746,0.9882,0.00927,269.92,54.25,0.5715075199999999,0.7258145504,2.30,1.244573e-08,7.605958e-09,1.47977e-08,9.15314e-09,80.31,82.87,7588.18,7829.76,37.81,39.27
3.52338,3,0.2248,0.051,0.042,5.377,5.746,0.9882,0.00927,269.92,54.25,0.5715064799999999,0.7258132295999999,2.30,1.239395e-08,7.574931e-09,1.477233e-08,9.133545e-09,80.33,82.78,7589.77,7821.00,37.82,39.22
3.52363,3,0.2249,0.051,0.042,5.376,5.746,0.9882,0.00927,269.92,54.25,0.57150548,0.7258119596,2.30,1.235612e-08,7.548752e-09,1.473503e-08,9.10667e-09,80.28,82.72,7585.24,7815.90,37.79,39.19
3.52387,3,0.2249,0.051,0.042,5.376,5.746,0.9882,0.00927,269.92,54.25,0.57150452,0.7258107403999999,2.30,1.231866e-08,7.521654e-09,1.467696e-08,9.08645e-09,80.16,83.10,7574.34,7851.35,37.73,39.40
3.52413,3,0.2249,0.051,0.042,5.376,5.746,0.9882,0.00927,269.92,54.25,0.57150348,0.7258094196,2.30,1.227631e-08,7.494617e-09,1.465175e-08,9.064531e-09,80.13,82.94,7571.28,7837.02,37.71,39.32
3.52438,3,0.2249,0.051,0.042,5.376,5.746,0.9882,0.00927,269.92,54.25,0.5715024799999999,0.7258081496,2.30,1.222463e-08,7.465757e-09,1.461241e-08,9.039796e-09,80.21,82.94,7578.29,7836.12,37.75,39.31
3.52462,3,0.2250,0.051,0.042,5.376,5.746,0.9882,0.00927,269.92,54.25,0.57150152,0.7258069304,2.30,1.218684e-08,7.444481e-09,1.457383e-08,9.013933e-09,80.29,82.92,7586.38,7835.06,37.80,39.30
3.52488,3,0.2250,0.051,0.042,5.376,5.746,0.9882,0.00927,269.92,54.25,0.57150048,0.7258056096,2.30,1.21552e-08,7.422358e-09,1.454167e-08,8.990137e-09,80.21,82.83,7579.04,7826.14,37.75,39.25
3.52513,3,0.2250,0.051,0.042,5.376,5.746,0.9882,0.00927,269.92,54.25,0.57149948,0.7258043395999999,2.30,1.211297e-08,7.398941e-09,1.45103e-08,8.962789e-09,80.28,82.64,7585.28,7807.99,37.79,39.14
3.52537,3,0.2251,0.051,0.042,5.376,5.746,0.9882,0.00927,269.92,54.25,0.57149852,0.7258031204000001,2.30,1.206362e-08,7.36885e-09,1.447381e-08,8.935777e-09,80.32,82.57,7588.80,7801.25,37.81,39.10
3.52562,3,0.2251,0.051,0.042,5.376,5.746,0.9882,0.00927,269.92,54.25,0.57149752,0.7258018504,2.30,1.202572e-08,7.341393e-09,1.442275e-08,8.918137e-09,80.20,82.90,7577.37,7833.12,37.74,39.29
3.52588,3,0.2251,0.051,0.042,5.376,5.746,0.9882,0.00927,269.92,54.25,0.57149648,0.7258005296,2.30,1.199539e-08,7.319141e-09,1.438522e-08,8.889188e-09,80.09,82.76,7567.46,7819.88,37.68,39.21
3.52612,3,0.2251,0.051,0.042,5.376,5.746,0.9882,0.00927,269.92,54.25,0.5714955199999999,0.7257993103999999,2.30,1.195772e-08,7.302248e-09,1.434885e-08,8.86172e-09,80.26,82.64,7583.69,7808.37,37.78,39.14
3.52637,3,0.2252,0.051,0.042,5.376,5.746,0.9882,0.00927,269.92,54.25,0.57149452,0.7257980404000001,2.30,1.192612e-08,7.279295e-09,1.43118e-08,8.838909e-09,80.20,82.68,7577.28,7812.00,37.74,39.16
3.52663,3,0.2252,0.051,0.042,5.376,5.746,0.9882,0.00927,269.92,54.25,0.57149348,0.7257967196,2.30,1.189516e-08,7.254886e-09,1.425847e-08,8.813627e-09,80.04,82.87,7562.53,7829.78,37.65,39.27
3.52687,3,0.2252,0.051,0.042,5.376,5.746,0.9882,0.00927,269.92,54.25,0.57149252,0.7257955004,2.30,1.185508e-08,7.235855e-09,1.421901e-08,8.784185e-09,80.19,82.74,7577.07,7818.01,37.74,39.20
3.52712,3,0.2253,0.051,0.041,5.376,5.746,0.9882,0.00927,269.92,54.25,0.5714915199999999,0.7257942303999999,2.30,1.181805e-08,7.213104e-09,1.418589e-08,8.757352e-09,80.23,82.62,7580.17,7806.77,37.76,39.13
3.52738,3,0.2253,0.051,0.041,5.376,5.746,0.9882,0.00927,269.92,54.25,0.5714904799999999,0.7257929095999999,2.30,1.179159e-08,7.194981e-09,1.413919e-08,8.727347e-09,80.17,82.60,7574.84,7804.02,37.73,39.12
3.52763,3,0.2253,0.051,0.041,5.376,5.746,0.9882,0.00927,269.92,54.25,0.57148948,0.7257916396,2.30,1.176076e-08,7.171426e-09,1.409007e-08,8.699319e-09,80.03,82.65,7562.01,7809.40,37.65,39.15
3.52787,3,0.2253,0.051,0.041,5.376,5.746,0.9882,0.00927,269.92,54.25,0.5714885199999999,0.7257904204,2.30,1.172311e-08,7.149316e-09,1.404789e-08,8.666459e-09,80.06,82.48,7564.31,7793.37,37.67,39.05
3.52813,3,0.2254,0.051,0.041,5.376,5.746,0.9882,0.00927,269.92,54.25,0.5714874799999999,0.7257890995999999,2.30,1.1693e-08,7.130577e-09,1.399667e-08,8.628499e-09,80.08,82.36,7566.64,7781.86,37.68,38.98
3.52838,3,0.2254,0.051,0.041,5.376,5.746,0.9882,0.00927,269.92,54.25,0.5714864799999999,0.7257878295999999,2.30,1.166583e-08,7.10892e-09,1.394488e-08,8.605971e-09,79.94,82.60,7552.79,7804.08,37.60,39.12
3.52862,3,0.2254,0.051,0.041,5.376,5.746,0.9882,0.00927,269.92,54.25,0.57148552,0.7257866103999999,2.30,1.16344e-08,7.091244e-09,1.389e-08,8.569031e-09,79.98,82.52,7556.82,7796.78,37.62,39.07
3.52888,3,0.2255,0.051,0.041,5.376,5.746,0.9882,0.00927,269.92,54.25,0.57148448,0.7257852896,2.30,1.159723e-08,7.069229e-09,1.384303e-08,8.53808e-09,80.03,82.51,7561.92,7795.53,37.65,39.06
3.52913,3,0.2255,0.051,0.041,5.376,5.746,0.9882,0.00927,269.92,54.25,0.5714834799999999,0.7257840195999999,2.30,1.15725e-08,7.051427e-09,1.379266e-08,8.508156e-09,79.95,82.53,7554.44,7798.27,37.61,39.08
3.52937,3,0.2255,0.051,0.041,5.376,5.746,0.9882,0.00927,269.92,54.25,0.57148252,0.7257828004,2.30,1.154305e-08,7.030395e-09,1.37258e-08,8.468166e-09,79.86,82.57,7545.96,7801.28,37.55,39.10
3.52962,3,0.2255,0.051,0.041,5.376,5.746,0.9882,0.00927,269.92,54.25,0.57148152,0.7257815303999999,2.30,1.151628e-08,7.013178e-09,1.367414e-08,8.427902e-09,79.84,82.35,7543.45,7781.05,37.54,38.98
3.52988,3,0.2256,0.051,0.041,5.375,5.746,0.9882,0.00927,269.92,54.25,0.57148048,0.7257802096,2.30,1.147965e-08,6.992388e-09,1.362955e-08,8.39386e-09,79.92,82.22,7550.98,7768.68,37.58,38.90
3.53012,3,0.2256,0.051,0.041,5.375,5.746,0.9882,0.00927,269.92,54.25,0.5714795199999999,0.7257789903999999,2.30,1.146374e-08,6.972659e-09,1.356965e-08,8.355981e-09,79.62,82.20,7523.27,7766.29,37.42,38.89
3.53037,3,0.2256,0.051,0.041,5.375,5.746,0.9882,0.00927,269.92,54.25,0.57147852,0.7257777204,2.30,1.142698e-08,6.957293e-09,1.351716e-08,8.316369e-09,79.83,82.01,7542.63,7748.61,37.53,38.78
3.53063,3,0.2257,0.051,0.041,5.375,5.746,0.9882,0.00927,269.92,54.25,0.57147748,0.7257763996,2.30,1.140936e-08,6.940657e-09,1.345612e-08,8.28758e-09,79.69,82.27,7529.58,7773.41,37.45,38.93
3.53087,3,0.2257,0.051,0.041,5.375,5.746,0.9882,0.00927,269.92,54.25,0.5714765199999999,0.7257751803999999,2.30,1.137157e-08,6.924499e-09,1.339962e-08,8.249309e-09,79.89,82.18,7548.59,7764.90,37.57,38.88
3.53112,3,0.2257,0.051,0.041,5.375,5.746,0.9882,0.00927,269.92,54.25,0.5714755199999999,0.7257739103999998,2.30,1.135252e-08,6.899881e-09,1.334467e-08,8.213034e-09,79.51,82.12,7512.35,7758.89,37.35,38.84
3.53138,3,0.2257,0.051,0.041,5.375,5.746,0.9882,0.00927,269.92,54.25,0.57147448,0.7257725896,2.30,1.132081e-08,6.884721e-09,1.328346e-08,8.175251e-09,79.63,82.11,7523.81,7758.61,37.42,38.84
3.53163,3,0.2258,0.051,0.041,5.375,5.746,0.9882,0.00927,269.92,54.25,0.57147348,0.7257713196,2.30,1.12996e-08,6.87107e-09,1.323796e-08,8.142796e-09,79.64,82.03,7525.04,7751.03,37.43,38.79
3.53187,3,0.2258,0.051,0.041,5.375,5.746,0.9882,0.00927,269.92,54.25,0.5714725199999999,0.7257701003999999,2.30,1.126627e-08,6.847423e-09,1.318048e-08,8.105872e-09,79.54,81.99,7515.58,7747.14,37.37,38.77
3.53213,3,0.2258,0.051,0.041,5.375,5.746,0.9882,0.00927,269.92,54.25,0.5714714799999999,0.7257687795999999,2.30,1.124311e-08,6.831025e-09,1.312791e-08,8.067608e-09,79.47,81.84,7509.07,7732.37,37.33,38.68
3.53238,3,0.2259,0.051,0.041,5.375,5.746,0.9882,0.00927,269.92,54.25,0.57147048,0.7257675096,2.30,1.122159e-08,6.813688e-09,1.306969e-08,8.033202e-09,79.38,81.91,7500.44,7739.22,37.28,38.72
3.53262,3,0.2259,0.051,0.041,5.375,5.746,0.9882,0.00927,269.92,54.25,0.57146952,0.7257662904,2.30,1.119687e-08,6.795687e-09,1.301633e-08,7.994262e-09,79.29,81.75,7492.04,7723.82,37.23,38.63
3.53288,3,0.2259,0.051,0.041,5.375,5.746,0.9882,0.00927,269.92,54.25,0.57146848,0.7257649695999999,2.30,1.117332e-08,6.779456e-09,1.29639e-08,7.969209e-09,79.24,81.94,7486.60,7741.82,37.19,38.74
3.53313,3,0.2260,0.051,0.041,5.375,5.746,0.9882,0.00927,269.92,54.25,0.5714674799999999,0.7257636995999999,2.30,1.115239e-08,6.764979e-09,1.291827e-08,7.933071e-09,79.22,81.76,7484.91,7724.80,37.18,38.63
3.53337,3,0.2260,0.051,0.041,5.375,5.746,0.9882,0.00927,269.92,54.25,0.57146652,0.7257624804,2.30,1.112657e-08,6.74894e-09,1.285564e-08,7.899014e-09,79.21,81.88,7483.85,7735.98,37.18,38.70
3.53362,3,0.2260,0.051,0.041,5.375,5.746,0.9882,0.00927,269.92,54.25,0.57146552,0.7257612104,2.30,1.110702e-08,6.737134e-09,1.281427e-08,7.872933e-09,79.21,81.86,7484.00,7734.29,37.18,38.69
3.53388,3,0.2260,0.051,0.041,5.375,5.746,0.9882,0.00927,269.92,54.25,0.5714644799999999,0.7257598895999999,2.30,1.108595e-08,6.721262e-09,1.276284e-08,7.839466e-09,79.12,81.81,7475.26,7729.51,37.12,38.66
3.53412,3,0.2261,0.051,0.041,5.375,5.746,0.9882,0.00927,269.92,54.25,0.57146352,0.7257586704,2.30,1.10678e-08,6.709064e-09,1.271953e-08,7.81442e-09,79.12,81.89,7475.19,7736.93,37.12,38.71
3.53437,3,0.2261,0.051,0.041,5.375,5.746,0.9882,0.00927,269.92,54.25,0.57146252,0.7257574004,2.30,1.104525e-08,6.695775e-09,1.267577e-08,7.783997e-09,79.13,81.79,7476.26,7727.82,37.13,38.65
3.53463,3,0.2261,0.051,0.041,5.375,5.746,0.9882,0.00927,269.92,54.25,0.57146148,0.7257560796,2.30,1.102281e-08,6.67807e-09,1.263611e-08,7.754163e-09,79.00,81.64,7464.62,7713.70,37.06,38.57
3.53487,3,0.2262,0.051,0.041,5.375,5.746,0.9882,0.00928,269.92,54.25,0.5714605199999999,0.7257548603999999,2.30,1.100301e-08,6.67016e-09,1.259275e-08,7.728503e-09,79.16,81.70,7479.55,7719.56,37.15,38.60
3.53512,3,0.2262,0.050,0.041,5.375,5.746,0.9882,0.00928,269.92,54.25,0.57145952,0.7257535904,2.30,1.098267e-08,6.653988e-09,1.25595e-08,7.709931e-09,79.04,81.75,7468.45,7724.16,37.08,38.63
3.53538,3,0.2262,0.050,0.041,5.375,5.746,0.9882,0.00928,269.92,54.25,0.57145848,0.7257522695999999,2.30,1.097942e-08,6.645659e-09,1.25286e-08,7.68525e-09,78.85,81.59,7450.36,7709.32,36.97,38.54
3.53563,3,0.2262,0.050,0.041,5.375,5.746,0.9882,0.00928,269.92,54.25,0.57145748,0.7257509996,2.30,1.09651e-08,6.635671e-09,1.249558e-08,7.66446e-09,78.81,81.58,7446.61,7707.93,36.95,38.53
3.53587,3,0.2263,0.050,0.041,5.374,5.746,0.9882,0.00928,269.92,54.25,0.5714565199999999,0.7257497803999999,2.30,1.094561e-08,6.62075e-09,1.245697e-08,7.641268e-09,78.75,81.63,7441.00,7712.62,36.92,38.56
3.53613,3,0.2263,0.050,0.041,5.374,5.746,0.9882,0.00928,269.92,54.25,0.57145548,0.7257484596,2.30,1.093044e-08,6.6132e-09,1.241869e-08,7.622034e-09,78.80,81.75,7445.63,7723.75,36.94,38.63
3.53638,3,0.2263,0.050,0.041,5.374,5.746,0.9882,0.00928,269.92,54.25,0.57145448,0.7257471896,2.30,1.091846e-08,6.606693e-09,1.239193e-08,7.603456e-09,78.82,81.69,7447.75,7718.09,36.96,38.59
3.53662,3,0.2264,0.050,0.041,5.374,5.746,0.9882,0.00928,269.92,54.25,0.5714535199999999,0.7257459703999999,2.30,1.090743e-08,6.597499e-09,1.23691e-08,7.591283e-09,78.78,81.77,7443.84,7726.34,36.93,38.64
3.53688,3,0.2264,0.050,0.041,5.374,5.746,0.9882,0.00928,269.92,54.25,0.5714524799999999,0.7257446496,2.30,1.089823e-08,6.591045e-09,1.234201e-08,7.572767e-09,78.76,81.72,7441.30,7721.35,36.92,38.61
3.53713,3,0.2264,0.050,0.041,5.374,5.746,0.9882,0.00928,269.92,54.25,0.57145148,0.7257433796,2.30,1.088852e-08,6.584121e-09,1.231285e-08,7.555115e-09,78.72,81.73,7438.29,7721.98,36.90,38.62
3.53737,3,0.2264,0.050,0.041,5.374,5.746,0.9882,0.00928,269.92,54.25,0.57145052,0.7257421604,2.30,1.088391e-08,6.580545e-09,1.229303e-08,7.542527e-09,78.70,81.72,7436.04,7720.85,36.89,38.61
3.53762,3,0.2265,0.050,0.041,5.374,5.746,0.9882,0.00928,269.92,54.25,0.5714495199999999,0.7257408903999999,2.30,1.087732e-08,6.576624e-09,1.227418e-08,7.527225e-09,78.74,81.65,7439.50,7714.35,36.91,38.57
3.53788,3,0.2265,0.050,0.041,5.374,5.746,0.9882,0.00928,269.92,54.25,0.5714484799999999,0.7257395696,2.30,1.087273e-08,6.578364e-09,1.226453e-08,7.513898e-09,78.87,81.44,7452.44,7694.73,36.99,38.45
3.53812,3,0.2265,0.050,0.041,5.374,5.746,0.9882,0.00928,269.92,54.25,0.57144752,0.7257383504,2.30,1.086287e-08,6.574438e-09,1.22333e-08,7.503479e-09,78.94,81.68,7458.30,7717.87,37.02,38.59
3.53837,3,0.2266,0.050,0.041,5.374,5.746,0.9882,0.00928,269.92,54.25,0.57144652,0.7257370804,2.30,1.086575e-08,6.573428e-09,1.222353e-08,7.494057e-09,78.89,81.62,7453.68,7712.15,36.99,38.56
3.53863,3,0.2266,0.050,0.041,5.374,5.746,0.9882,0.00928,269.92,54.25,0.57144548,0.7257357595999999,2.30,1.085811e-08,6.571448e-09,1.219649e-08,7.478977e-09,78.97,81.67,7461.28,7716.15,37.04,38.58
3.53887,3,0.2266,0.050,0.041,5.374,5.746,0.9882,0.00928,269.92,54.25,0.57144452,0.7257345404000001,2.30,1.08586e-08,6.572642e-09,1.218928e-08,7.468834e-09,79.00,81.50,7463.86,7700.89,37.05,38.49
3.53912,3,0.2266,0.050,0.041,5.374,5.746,0.9882,0.00928,269.92,54.25,0.57144352,0.7257332704,2.30,1.08525e-08,6.574983e-09,1.217413e-08,7.45821e-09,79.18,81.47,7481.25,7697.32,37.16,38.47
3.53938,3,0.2267,0.050,0.041,5.374,5.746,0.9882,0.00928,269.92,54.25,0.57144248,0.7257319496,2.30,1.085983e-08,6.573654e-09,1.216406e-08,7.451068e-09,79.04,81.47,7467.92,7698.12,37.08,38.47
3.53963,3,0.2267,0.050,0.041,5.374,5.746,0.9882,0.00928,269.92,54.25,0.57144148,0.7257306795999999,2.30,1.086201e-08,6.577074e-09,1.213838e-08,7.44405e-09,79.10,81.72,7473.97,7721.45,37.12,38.61
3.53987,3,0.2267,0.050,0.041,5.374,5.746,0.9882,0.00928,269.92,54.25,0.57144052,0.7257294604,2.30,1.08593e-08,6.577396e-09,1.213101e-08,7.432894e-09,79.16,81.53,7479.63,7703.66,37.15,38.50
3.54013,3,0.2268,0.050,0.041,5.374,5.746,0.9882,0.00928,269.92,54.25,0.57143948,0.7257281396,2.30,1.085867e-08,6.578218e-09,1.212259e-08,7.427906e-09,79.23,81.57,7486.40,7707.52,37.19,38.53
3.54038,3,0.2268,0.050,0.041,5.374,5.746,0.9882,0.00928,269.92,54.25,0.57143848,0.7257268696,2.30,1.08705e-08,6.588045e-09,1.211771e-08,7.414923e-09,79.31,81.29,7494.08,7680.79,37.24,38.37
3.54062,3,0.2268,0.050,0.041,5.374,5.746,0.9882,0.00928,269.92,54.25,0.5714375199999999,0.7257256503999999,2.30,1.087173e-08,6.590803e-09,1.210818e-08,7.410929e-09,79.38,81.34,7499.89,7685.70,37.27,38.40
3.54088,3,0.2269,0.050,0.041,5.373,5.746,0.9882,0.00928,269.92,54.25,0.5714364799999999,0.7257243295999999,2.30,1.088151e-08,6.595e-09,1.20923e-08,7.403944e-09,79.36,81.46,7498.20,7696.41,37.26,38.46
3.54113,3,0.2269,0.050,0.041,5.373,5.746,0.9882,0.00928,269.92,54.25,0.57143548,0.7257230596,2.30,1.088488e-08,6.602043e-09,1.20727e-08,7.395726e-09,79.51,81.56,7512.64,7706.58,37.35,38.52
3.54137,3,0.2269,0.050,0.041,5.374,5.746,0.9882,0.00928,269.92,54.25,0.57143452,0.7257218404,2.30,1.088577e-08,6.610749e-09,1.206756e-08,7.391798e-09,79.76,81.54,7536.30,7704.48,37.49,38.51
3.54162,3,0.2269,0.050,0.041,5.374,5.746,0.9882,0.00928,269.92,54.25,0.5714335199999999,0.7257205703999999,2.30,1.089108e-08,6.611493e-09,1.204669e-08,7.385526e-09,79.69,81.73,7529.11,7722.05,37.45,38.62
3.54188,3,0.2270,0.050,0.041,5.373,5.746,0.9882,0.00928,269.92,54.25,0.5714324799999999,0.7257192495999999,2.30,1.091276e-08,6.619935e-09,1.204874e-08,7.381555e-09,79.58,81.61,7518.79,7711.34,37.39,38.55
3.54212,3,0.2270,0.050,0.041,5.373,5.746,0.9882,0.00928,269.92,54.25,0.57143152,0.7257180303999999,2.30,1.091307e-08,6.624684e-09,1.203714e-08,7.376659e-09,79.72,81.68,7531.97,7717.31,37.47,38.59
3.54237,3,0.2270,0.050,0.041,5.373,5.746,0.9882,0.00928,269.92,54.25,0.5714305199999999,0.7257167603999999,2.30,1.092391e-08,6.628774e-09,1.203503e-08,7.36989e-09,79.64,81.52,7524.77,7702.53,37.42,38.50
3.54263,3,0.2271,0.050,0.041,5.373,5.746,0.9882,0.00928,269.92,54.25,0.5714294799999999,0.7257154396,2.30,1.092449e-08,6.629731e-09,1.202043e-08,7.356334e-09,79.69,81.43,7529.84,7693.47,37.45,38.44
3.54287,3,0.2271,0.050,0.041,5.373,5.746,0.9882,0.00928,269.92,54.25,0.57142852,0.7257142204,2.30,1.092636e-08,6.641027e-09,1.201674e-08,7.35565e-09,80.00,81.47,7559.26,7697.72,37.63,38.47
3.54312,3,0.2271,0.050,0.041,5.373,5.746,0.9882,0.00928,269.92,54.25,0.57142752,0.7257129504,2.30,1.094038e-08,6.65194e-09,1.20019e-08,7.351673e-09,80.08,81.62,7566.19,7711.53,37.67,38.55
3.54338,3,0.2271,0.050,0.041,5.373,5.746,0.9882,0.00928,269.92,54.25,0.57142648,0.7257116295999999,2.30,1.094411e-08,6.648852e-09,1.198688e-08,7.349819e-09,79.91,81.83,7550.68,7731.47,37.58,38.67
3.54363,3,0.2272,0.050,0.041,5.373,5.746,0.9882,0.00928,269.92,54.25,0.5714254799999999,0.7257103596,2.30,1.095805e-08,6.663479e-09,1.197745e-08,7.340559e-09,80.14,81.76,7571.83,7725.41,37.71,38.63
3.54387,3,0.2272,0.050,0.041,5.373,5.746,0.9882,0.00928,269.92,54.25,0.57142452,0.7257091404,2.30,1.096565e-08,6.661921e-09,1.197016e-08,7.339621e-09,79.95,81.87,7553.95,7735.02,37.60,38.69
3.54413,3,0.2272,0.050,0.041,5.373,5.746,0.9882,0.00928,269.92,54.25,0.57142348,0.7257078196,2.30,1.096371e-08,6.667543e-09,1.194912e-08,7.335122e-09,80.16,82.11,7573.63,7758.00,37.72,38.83
3.54438,3,0.2273,0.050,0.041,5.373,5.746,0.9882,0.00928,269.92,54.25,0.57142248,0.7257065495999999,2.30,1.096828e-08,6.671201e-09,1.195264e-08,7.330585e-09,80.22,81.95,7579.51,7743.09,37.75,38.74
3.54462,3,0.2273,0.050,0.041,5.373,5.746,0.9882,0.00928,269.92,54.25,0.5714215199999999,0.7257053303999998,2.30,1.096767e-08,6.671338e-09,1.193893e-08,7.320954e-09,80.23,81.92,7580.99,7739.74,37.76,38.72
3.54488,3,0.2273,0.050,0.041,5.373,5.746,0.9882,0.00928,269.92,54.25,0.57142048,0.7257040096,2.30,1.097856e-08,6.677475e-09,1.19304e-08,7.315044e-09,80.22,81.90,7579.58,7737.89,37.75,38.71
3.54513,3,0.2273,0.050,0.041,5.373,5.746,0.9882,0.00928,269.92,54.25,0.57141948,0.7257027396,2.30,1.098322e-08,6.679158e-09,1.191927e-08,7.315237e-09,80.18,82.10,7576.24,7757.12,37.73,38.83
3.54537,3,0.2274,0.050,0.041,5.400,5.746,0.9882,0.00928,269.92,54.25,0.5714185199999999,0.7257015203999999,2.30,1.098674e-08,6.678148e-09,1.19089e-08,7.308769e-09,80.12,82.13,7570.46,7760.25,37.70,38.84
3.54562,3,0.2274,0.050,0.041,5.400,5.746,0.9882,0.00928,269.92,54.25,0.57141752,0.7257002504000001,2.30,1.098845e-08,6.686718e-09,1.189736e-08,7.303055e-09,80.35,82.17,7592.26,7764.02,37.83,38.87
3.54588,3,0.2274,0.050,0.041,5.400,5.746,0.9882,0.00928,269.92,54.25,0.57141648,0.7256989296,2.30,1.099152e-08,6.690054e-09,1.188864e-08,7.300662e-09,80.40,82.26,7596.52,7772.17,37.85,38.92
3.54612,3,0.2275,0.050,0.041,5.399,5.746,0.9882,0.00928,269.93,54.25,0.57141552,0.7256977104,2.30,1.099153e-08,6.688371e-09,1.18818e-08,7.29117e-09,80.38,82.14,7594.96,7761.00,37.84,38.85
3.54637,3,0.2275,0.050,0.041,5.399,5.746,0.9882,0.00928,269.93,54.25,0.5714145199999999,0.7256964403999999,2.30,1.099049e-08,6.691494e-09,1.188052e-08,7.284787e-09,80.50,81.98,7605.86,7745.59,37.91,38.76
3.54663,3,0.2275,0.050,0.041,5.399,5.746,0.9882,0.00928,269.93,54.25,0.5714134799999999,0.7256951195999999,2.30,1.099608e-08,6.694175e-09,1.186026e-08,7.287535e-09,80.48,82.42,7603.77,7787.50,37.90,39.01
3.54688,3,0.2275,0.050,0.041,5.399,5.746,0.9882,0.00928,269.93,54.25,0.57141248,0.7256938496,2.30,1.09977e-08,6.690457e-09,1.185775e-08,7.280118e-09,80.33,82.25,7590.13,7771.24,37.82,38.91
3.54712,3,0.2276,0.050,0.041,5.399,5.746,0.9882,0.00928,269.93,54.25,0.57141152,0.7256926304,2.30,1.100237e-08,6.688039e-09,1.185556e-08,7.279577e-09,80.21,82.31,7578.25,7776.87,37.74,38.94
3.54738,3,0.2276,0.050,0.041,5.399,5.746,0.9882,0.00928,269.93,54.25,0.5714104799999999,0.7256913096,2.30,1.100751e-08,6.689385e-09,1.183864e-08,7.272777e-09,80.15,82.41,7573.11,7786.83,37.71,39.00
3.54763,3,0.2276,0.050,0.041,5.399,5.746,0.9882,0.00928,269.93,54.25,0.5714094799999999,0.7256900395999999,2.30,1.100359e-08,6.693422e-09,1.183743e-08,7.27451e-09,80.35,82.49,7591.67,7793.71,37.82,39.05
3.54787,3,0.2277,0.050,0.041,5.399,5.746,0.9882,0.00928,269.93,54.25,0.57140852,0.7256888203999999,2.30,1.099547e-08,6.687617e-09,1.183491e-08,7.272017e-09,80.36,82.49,7592.50,7794.51,37.83,39.05
3.54813,3,0.2277,0.050,0.041,5.399,5.746,0.9882,0.00928,269.93,54.25,0.57140748,0.7256874996,2.30,1.099698e-08,6.688728e-09,1.182488e-08,7.262738e-09,80.36,82.40,7593.05,7785.84,37.83,39.00
3.54838,3,0.2277,0.050,0.041,5.399,5.746,0.9882,0.00928,269.93,54.25,0.5714064799999999,0.7256862296,2.30,1.099804e-08,6.686881e-09,1.18196e-08,7.267779e-09,80.29,82.65,7585.84,7808.91,37.79,39.14
3.54862,3,0.2277,0.050,0.041,5.399,5.746,0.9882,0.00928,269.93,54.25,0.57140552,0.7256850104,2.30,1.098994e-08,6.690787e-09,1.181611e-08,7.261728e-09,80.56,82.53,7611.47,7798.03,37.94,39.07
3.54887,3,0.2278,0.050,0.041,5.399,5.746,0.9882,0.00928,269.93,54.25,0.57140452,0.7256837403999999,2.30,1.100042e-08,6.684077e-09,1.18115e-08,7.261293e-09,80.19,82.64,7576.88,7808.14,37.73,39.13
3.54913,3,0.2278,0.050,0.041,5.399,5.746,0.9882,0.00928,269.93,54.25,0.57140348,0.7256824196,2.30,1.099715e-08,6.681952e-09,1.181638e-08,7.259701e-09,80.19,82.50,7576.48,7795.34,37.73,39.06
3.54937,3,0.2278,0.050,0.041,5.399,5.746,0.9882,0.00928,269.93,54.25,0.5714025199999999,0.7256812004,2.30,1.099298e-08,6.680336e-09,1.181704e-08,7.260299e-09,80.22,82.51,7579.13,7795.88,37.75,39.06
3.54962,3,0.2279,0.050,0.041,5.399,5.746,0.9882,0.00928,269.93,54.25,0.57140152,0.7256799304,2.30,1.099715e-08,6.6895e-09,1.180656e-08,7.264651e-09,80.45,82.86,7601.66,7829.46,37.88,39.26
3.54988,3,0.2279,0.050,0.041,5.399,5.746,0.9882,0.00928,269.93,54.25,0.57140048,0.7256786096,2.30,1.099444e-08,6.675593e-09,1.180934e-08,7.263083e-09,80.08,82.77,7566.19,7820.28,37.67,39.21
3.55012,3,0.2279,0.050,0.041,5.399,5.746,0.9882,0.00928,269.93,54.25,0.5713995199999999,0.7256773903999999,2.30,1.09951e-08,6.677674e-09,1.181532e-08,7.259377e-09,80.13,82.55,7571.04,7799.67,37.70,39.08
3.55037,3,0.2280,0.050,0.041,5.399,5.746,0.9882,0.00928,269.93,54.25,0.5713985199999999,0.7256761203999998,2.30,1.099762e-08,6.680402e-09,1.181479e-08,7.260166e-09,80.20,82.62,7577.82,7806.20,37.74,39.12
3.55063,3,0.2280,0.050,0.041,5.399,5.746,0.9882,0.00928,269.93,54.25,0.57139748,0.7256747996,2.30,1.100793e-08,6.680784e-09,1.180993e-08,7.260319e-09,80.02,82.71,7560.87,7814.97,37.64,39.17
3.55088,3,0.2280,0.050,0.041,5.399,5.746,0.9882,0.00928,269.93,54.25,0.57139648,0.7256735296,2.30,1.099726e-08,6.680646e-09,1.180753e-08,7.265204e-09,80.22,82.90,7579.16,7832.77,37.75,39.28
3.55112,3,0.2280,0.050,0.041,5.399,5.746,0.9882,0.00928,269.93,54.25,0.5713955199999999,0.7256723103999999,2.30,1.10038e-08,6.678564e-09,1.181924e-08,7.265283e-09,80.03,82.69,7561.69,7812.85,37.64,39.16
3.55138,3,0.2281,0.050,0.041,5.398,5.746,0.9882,0.00928,269.93,54.25,0.5713944799999999,0.7256709895999999,2.30,1.100167e-08,6.675163e-09,1.182616e-08,7.270392e-09,80.00,82.75,7558.94,7818.66,37.63,39.20
3.55163,3,0.2281,0.050,0.041,5.398,5.746,0.9882,0.00928,269.93,54.25,0.57139348,0.7256697196,2.30,1.100775e-08,6.679552e-09,1.182584e-08,7.270301e-09,80.02,82.75,7560.95,7818.96,37.64,39.20
3.55187,3,0.2281,0.050,0.041,5.398,5.746,0.9882,0.00928,269.93,54.25,0.57139252,0.7256685004,2.30,1.101132e-08,6.68103e-09,1.182448e-08,7.268436e-09,80.00,82.72,7558.97,7816.09,37.63,39.18
3.55213,3,0.2282,0.050,0.041,5.398,5.746,0.9882,0.00928,269.93,54.25,0.57139148,0.7256671795999999,2.30,1.101846e-08,6.677407e-09,1.183153e-08,7.268652e-09,79.80,82.64,7539.44,7808.03,37.51,39.13
3.55238,3,0.2282,0.050,0.041,5.398,5.746,0.9882,0.00928,269.93,54.25,0.5713904799999999,0.7256659095999999,2.30,1.102558e-08,6.679247e-09,1.183388e-08,7.268944e-09,79.72,82.60,7532.36,7804.83,37.46,39.11
3.55262,3,0.2282,0.050,0.041,5.398,5.746,0.9882,0.00928,269.93,54.25,0.57138952,0.7256646904,2.30,1.102656e-08,6.678786e-09,1.183835e-08,7.275757e-09,79.69,82.72,7529.34,7816.15,37.45,39.18
3.55287,3,0.2282,0.050,0.041,5.398,5.746,0.9882,0.00928,269.93,54.25,0.57138852,0.7256634204,2.30,1.103841e-08,6.681468e-09,1.1834e-08,7.273989e-09,79.55,82.75,7516.52,7818.68,37.37,39.20
3.55313,3,0.2283,0.050,0.041,5.398,5.746,0.9882,0.00928,269.93,54.25,0.57138748,0.7256620995999999,2.30,1.104373e-08,6.686412e-09,1.183939e-08,7.272288e-09,79.64,82.64,7524.73,7808.13,37.42,39.13
3.55337,3,0.2283,0.050,0.041,5.398,5.746,0.9882,0.00928,269.93,54.25,0.57138652,0.7256608804,2.30,1.105352e-08,6.687153e-09,1.185255e-08,7.278488e-09,79.48,82.58,7509.96,7802.90,37.33,39.10
3.55362,3,0.2283,0.050,0.041,5.398,5.746,0.9882,0.00928,269.93,54.25,0.57138552,0.7256596103999999,2.30,1.105654e-08,6.689973e-09,1.185207e-08,7.272042e-09,79.51,82.40,7512.79,7785.83,37.35,39.00
3.55388,3,0.2284,0.050,0.041,5.398,5.746,0.9882,0.00928,269.93,54.25,0.57138448,0.7256582896,2.30,1.105384e-08,6.689444e-09,1.185626e-08,7.272605e-09,79.58,82.38,7519.22,7783.68,37.38,38.98
3.55412,3,0.2284,0.050,0.041,5.398,5.746,0.9882,0.00928,269.93,54.25,0.5713835199999999,0.7256570703999999,2.30,1.106883e-08,6.686732e-09,1.185766e-08,7.280651e-09,79.23,82.59,7485.81,7803.61,37.18,39.10
3.55437,3,0.2284,0.050,0.041,5.398,5.746,0.9882,0.00928,269.93,54.25,0.57138252,0.7256558004,2.30,1.108206e-08,6.696637e-09,1.186201e-08,7.280724e-09,79.28,82.51,7491.21,7796.40,37.21,39.06
3.55463,3,0.2284,0.050,0.041,5.398,5.746,0.9882,0.00928,269.93,54.25,0.57138148,0.7256544796,2.30,1.109004e-08,6.701444e-09,1.186173e-08,7.278934e-09,79.28,82.47,7491.17,7791.91,37.21,39.03
3.55488,3,0.2285,0.050,0.041,5.398,5.746,0.9882,0.00928,269.93,54.25,0.57138048,0.7256532096,2.30,1.110758e-08,6.698774e-09,1.186469e-08,7.274007e-09,78.92,82.31,7457.12,7776.67,37.01,38.94
3.55512,3,0.2285,0.050,0.041,5.398,5.746,0.9882,0.00928,269.93,54.25,0.5713795199999999,0.7256519904,2.30,1.110469e-08,6.698525e-09,1.185483e-08,7.2782e-09,78.97,82.61,7461.32,7805.04,37.03,39.11
3.55538,3,0.2285,0.050,0.041,5.398,5.746,0.9882,0.00928,269.93,54.25,0.5713784799999999,0.7256506695999999,2.30,1.111578e-08,6.694436e-09,1.185858e-08,7.274565e-09,78.65,82.43,7431.16,7788.58,36.85,39.01
3.55563,3,0.2286,0.050,0.041,5.398,5.746,0.9882,0.00928,269.93,54.25,0.57137748,0.7256493996,2.30,1.112277e-08,6.700449e-09,1.186704e-08,7.274137e-09,78.74,82.30,7439.45,7776.45,36.90,38.94
3.55587,3,0.2286,0.050,0.041,5.398,5.746,0.9882,0.00928,269.93,54.25,0.5713765199999999,0.7256481803999999,2.30,1.112913e-08,6.705984e-09,1.184873e-08,7.273463e-09,78.79,82.61,7444.20,7805.70,36.93,39.12
3.55613,3,0.2286,0.050,0.041,5.398,5.746,0.9882,0.00928,269.93,54.25,0.5713754799999999,0.7256468596,2.30,1.11396e-08,6.703302e-09,1.185649e-08,7.266858e-09,78.52,82.28,7419.17,7774.20,36.78,38.93
3.55638,3,0.2286,0.050,0.041,5.398,5.746,0.9882,0.00928,269.93,54.25,0.5713744799999999,0.7256455895999999,2.30,1.114036e-08,6.700204e-09,1.184413e-08,7.266686e-09,78.42,82.50,7409.29,7794.72,36.72,39.05
3.55662,3,0.2287,0.050,0.041,5.398,5.746,0.9882,0.00928,269.93,54.25,0.57137352,0.7256443704,2.30,1.114373e-08,6.703017e-09,1.183861e-08,7.260459e-09,78.48,82.45,7414.72,7790.24,36.75,39.02
3.55687,3,0.2287,0.050,0.041,5.398,5.746,0.9882,0.00928,269.93,54.25,0.5713725199999999,0.7256431003999999,2.30,1.115419e-08,6.704762e-09,1.184184e-08,7.257228e-09,78.34,82.30,7402.12,7775.80,36.68,38.94
3.55713,3,0.2287,0.050,0.041,5.398,5.746,0.9882,0.00928,269.93,54.25,0.5713714799999999,0.7256417795999999,2.30,1.114997e-08,6.705178e-09,1.182455e-08,7.253303e-09,78.43,82.49,7410.30,7794.32,36.72,39.05
3.55737,3,0.2288,0.050,0.041,5.397,5.746,0.9882,0.00928,269.93,54.25,0.57137052,0.7256405604,2.30,1.115725e-08,6.700731e-09,1.182616e-08,7.246091e-09,78.20,82.29,7389.13,7774.97,36.60,38.93
3.55762,3,0.2288,0.050,0.041,5.397,5.746,0.9882,0.00928,269.93,54.25,0.57136952,0.7256392904,2.30,1.115877e-08,6.707113e-09,1.179814e-08,7.231926e-09,78.36,82.38,7404.24,7783.31,36.69,38.98
3.55788,3,0.2288,0.050,0.041,5.397,5.746,0.9882,0.00928,269.93,54.25,0.57136848,0.7256379695999999,2.30,1.115258e-08,6.696511e-09,1.18037e-08,7.229158e-09,78.16,82.19,7385.22,7766.17,36.57,38.88
3.55812,3,0.2288,0.050,0.041,5.397,5.746,0.9882,0.00928,269.93,54.25,0.5713675199999999,0.7256367503999999,2.30,1.114656e-08,6.694346e-09,1.178786e-08,7.221247e-09,78.21,82.25,7389.22,7771.14,36.60,38.91
3.55837,3,0.2289,0.050,0.041,5.397,5.746,0.9882,0.00928,269.93,54.25,0.57136652,0.7256354804,2.30,1.115167e-08,6.696833e-09,1.176079e-08,7.211904e-09,78.22,82.50,7390.85,7794.73,36.61,39.05
3.55863,3,0.2289,0.050,0.041,5.397,5.746,0.9882,0.00928,269.93,54.25,0.57136548,0.7256341596,2.30,1.114827e-08,6.692228e-09,1.175905e-08,7.199262e-09,78.15,82.16,7383.77,7762.47,36.56,38.85
3.55888,3,0.2289,0.050,0.041,5.397,5.746,0.9882,0.00928,269.93,54.25,0.57136448,0.7256328895999999,2.30,1.115065e-08,6.689945e-09,1.175216e-08,7.199645e-09,78.04,82.29,7373.53,7775.28,36.50,38.93
3.55912,3,0.2290,0.050,0.041,5.397,5.746,0.9882,0.00928,269.93,54.25,0.57136352,0.7256316704,2.30,1.114811e-08,6.691917e-09,1.173063e-08,7.188511e-09,78.18,82.39,7386.40,7784.43,36.58,38.99
3.55938,3,0.2290,0.050,0.041,5.397,5.746,0.9882,0.00928,269.93,54.25,0.57136248,0.7256303496000001,2.30,1.1139e-08,6.690505e-09,1.171647e-08,7.180165e-09,78.29,82.40,7397.62,7785.35,36.65,38.99
3.55963,3,0.2290,0.050,0.041,5.397,5.746,0.9882,0.00928,269.93,54.25,0.57136148,0.7256290796,2.30,1.112878e-08,6.679006e-09,1.169807e-08,7.166629e-09,78.14,82.33,7382.78,7779.02,36.56,38.95
3.55987,3,0.2291,0.050,0.041,5.397,5.746,0.9882,0.00928,269.93,54.25,0.5713605199999999,0.7256278603999999,2.30,1.112088e-08,6.677677e-09,1.168674e-08,7.157077e-09,78.27,82.29,7395.46,7775.09,36.63,38.93
3.56013,3,0.2291,0.050,0.040,5.397,5.746,0.9882,0.00928,269.93,54.25,0.5713594799999999,0.7256265395999999,2.30,1.110923e-08,6.671072e-09,1.166841e-08,7.149296e-09,78.28,82.39,7396.68,7784.92,36.64,38.99
3.56038,3,0.2291,0.049,0.040,5.397,5.746,0.9882,0.00928,269.93,54.25,0.57135848,0.7256252696000001,2.30,1.110012e-08,6.658202e-09,1.165244e-08,7.136375e-09,78.07,82.30,7376.02,7775.94,36.52,38.94
3.56062,3,0.2291,0.049,0.040,5.397,5.746,0.9882,0.00928,269.93,54.25,0.57135752,0.7256240504,2.30,1.108923e-08,6.656674e-09,1.163684e-08,7.122654e-09,78.21,82.17,7389.90,7764.22,36.60,38.86
3.56087,3,0.2292,0.049,0.040,5.397,5.746,0.9882,0.00928,269.93,54.25,0.5713565199999999,0.7256227804,2.30,1.10728e-08,6.649144e-09,1.162981e-08,7.110447e-09,78.32,81.98,7399.62,7745.42,36.66,38.75
3.56113,3,0.2292,0.049,0.040,5.397,5.746,0.9882,0.00928,269.93,54.25,0.5713554799999999,0.7256214595999999,2.30,1.105715e-08,6.639962e-09,1.160537e-08,7.097078e-09,78.32,82.02,7400.22,7749.84,36.66,38.78
3.56137,3,0.2292,0.049,0.040,5.397,5.746,0.9882,0.00928,269.93,54.25,0.57135452,0.7256202404,2.30,1.104373e-08,6.630074e-09,1.159869e-08,7.092836e-09,78.27,82.02,7395.12,7749.40,36.63,38.77
3.56162,3,0.2293,0.049,0.040,5.397,5.746,0.9882,0.00928,269.93,54.25,0.57135352,0.7256189703999999,2.30,1.102303e-08,6.626311e-09,1.157775e-08,7.078537e-09,78.56,82.01,7422.63,7748.57,36.80,38.77
3.56188,3,0.2293,0.049,0.040,5.397,5.746,0.9882,0.00928,269.93,54.25,0.5713524799999999,0.7256176496,2.30,1.101194e-08,6.614098e-09,1.156806e-08,7.064746e-09,78.39,81.77,7407.06,7726.43,36.70,38.64
3.56212,3,0.2293,0.049,0.040,5.397,5.746,0.9882,0.00928,269.93,54.25,0.57135152,0.7256164304,2.30,1.09995e-08,6.6023e-09,1.155911e-08,7.051818e-09,78.27,81.55,7394.92,7705.49,36.63,38.51
3.56237,3,0.2293,0.049,0.040,5.397,5.746,0.9882,0.00928,269.93,54.25,0.57135052,0.7256151604,2.30,1.097915e-08,6.597165e-09,1.154868e-08,7.04758e-09,78.48,81.62,7414.83,7711.45,36.75,38.55
3.56263,3,0.2294,0.049,0.040,5.397,5.746,0.9882,0.00928,269.93,54.25,0.57134948,0.7256138395999999,2.30,1.096749e-08,6.588672e-09,1.152341e-08,7.041588e-09,78.47,81.93,7413.87,7741.41,36.75,38.73
3.56288,3,0.2294,0.049,0.040,5.397,5.746,0.9882,0.00928,269.93,54.25,0.5713484799999999,0.7256125696,2.30,1.094759e-08,6.574487e-09,1.151532e-08,7.034244e-09,78.40,81.86,7407.58,7734.62,36.71,38.69
3.56312,3,0.2294,0.049,0.040,5.397,5.746,0.9882,0.00928,269.93,54.25,0.57134752,0.7256113504,2.30,1.092054e-08,6.570398e-09,1.151139e-08,7.023191e-09,78.76,81.60,7442.04,7710.21,36.92,38.54
3.56338,3,0.2295,0.049,0.040,5.396,5.746,0.9882,0.00928,269.93,54.25,0.57134648,0.7256100296,2.30,1.090911e-08,6.556611e-09,1.148918e-08,7.014951e-09,78.59,81.80,7425.64,7728.58,36.82,38.65
3.56363,3,0.2295,0.049,0.040,5.396,5.746,0.9882,0.00928,269.93,54.25,0.57134548,0.7256087595999999,2.30,1.088752e-08,6.548391e-09,1.148676e-08,7.006907e-09,78.73,81.60,7439.18,7710.02,36.90,38.54
3.56387,3,0.2295,0.049,0.040,5.396,5.746,0.9882,0.00928,269.93,54.25,0.5713445199999999,0.7256075403999999,2.30,1.087612e-08,6.538804e-09,1.147888e-08,6.995523e-09,78.65,81.40,7431.40,7691.48,36.85,38.42
3.56413,3,0.2295,0.049,0.040,5.396,5.746,0.9882,0.00928,269.93,54.25,0.5713434799999999,0.7256062195999999,2.30,1.086038e-08,6.524503e-09,1.148407e-08,6.995884e-09,78.51,81.32,7417.60,7683.60,36.77,38.38
3.56438,3,0.2296,0.049,0.040,5.396,5.746,0.9882,0.00928,269.93,54.25,0.57134248,0.7256049496,2.30,1.084377e-08,6.515762e-09,1.146579e-08,6.987088e-09,78.58,81.43,7424.37,7693.54,36.81,38.44
3.56462,3,0.2296,0.049,0.040,5.396,5.746,0.9882,0.00928,269.93,54.25,0.5713415199999999,0.7256037303999999,2.30,1.082198e-08,6.511523e-09,1.145289e-08,6.983302e-09,78.85,81.55,7449.75,7705.05,36.96,38.51
3.56487,3,0.2296,0.049,0.040,5.396,5.746,0.9882,0.00928,269.93,54.25,0.5713405199999999,0.7256024603999999,2.30,1.080733e-08,6.49651e-09,1.145092e-08,6.975842e-09,78.66,81.36,7431.95,7687.38,36.85,38.40
3.56513,3,0.2297,0.049,0.040,5.396,5.746,0.9882,0.00928,269.93,54.25,0.57133948,0.7256011396000001,2.30,1.079555e-08,6.492212e-09,1.144094e-08,6.974898e-09,78.78,81.55,7443.18,7705.25,36.92,38.51
3.56537,3,0.2297,0.049,0.040,5.396,5.746,0.9882,0.00928,269.93,54.25,0.57133852,0.7255999204,2.30,1.078645e-08,6.477621e-09,1.143773e-08,6.969056e-09,78.50,81.43,7416.99,7694.26,36.76,38.44
3.56562,3,0.2297,0.049,0.040,5.396,5.746,0.9882,0.00928,269.93,54.25,0.5713375199999999,0.7255986503999999,2.30,1.077268e-08,6.468608e-09,1.14331e-08,6.964098e-09,78.48,81.37,7414.86,7688.22,36.75,38.40
3.56588,3,0.2297,0.049,0.040,5.396,5.746,0.9882,0.00928,269.93,54.25,0.5713364799999999,0.7255973295999999,2.30,1.075451e-08,6.458785e-09,1.142894e-08,6.96062e-09,78.51,81.34,7417.98,7685.55,36.77,38.39
3.56612,3,0.2298,0.049,0.040,5.396,5.746,0.9882,0.00928,269.93,54.25,0.57133552,0.7255961103999999,2.30,1.073986e-08,6.44899e-09,1.14268e-08,6.960907e-09,78.51,81.42,7418.34,7693.39,36.77,38.43
3.56637,3,0.2298,0.049,0.040,5.396,5.746,0.9882,0.00928,269.93,54.25,0.57133452,0.7255948404,2.30,1.073098e-08,6.443137e-09,1.141914e-08,6.952785e-09,78.50,81.32,7416.84,7683.62,36.76,38.38
3.56663,3,0.2298,0.049,0.040,5.396,5.746,0.9882,0.00928,269.93,54.25,0.57133348,0.7255935196,2.30,1.071491e-08,6.43072e-09,1.142242e-08,6.957691e-09,78.41,81.41,7408.86,7691.84,36.71,38.43
3.56688,3,0.2299,0.049,0.040,5.396,5.746,0.9882,0.00928,269.93,54.25,0.5713324799999999,0.7255922495999999,2.30,1.070575e-08,6.422926e-09,1.142157e-08,6.954381e-09,78.38,81.36,7405.46,7687.29,36.69,38.40
3.56712,3,0.2299,0.049,0.040,5.396,5.746,0.9882,0.00928,269.93,54.25,0.57133152,0.7255910304,2.30,1.070309e-08,6.414807e-09,1.141354e-08,6.952951e-09,78.18,81.46,7386.68,7697.08,36.58,38.46
3.56738,3,0.2299,0.049,0.040,5.396,5.746,0.9882,0.00928,269.93,54.25,0.57133048,0.7255897096,2.30,1.068491e-08,6.410855e-09,1.141132e-08,6.95499e-09,78.39,81.57,7406.71,7706.70,36.70,38.51
3.56763,3,0.2300,0.049,0.040,5.396,5.746,0.9882,0.00928,269.93,54.25,0.57132948,0.7255884396,2.30,1.067753e-08,6.401766e-09,1.14211e-08,6.94908e-09,78.28,81.25,7396.47,7676.47,36.64,38.33
3.56787,3,0.2300,0.049,0.040,5.396,5.746,0.9882,0.00928,269.93,54.25,0.57132852,0.7255872204,2.30,1.067383e-08,6.388214e-09,1.141027e-08,6.947815e-09,77.94,81.40,7363.84,7691.53,36.44,38.42
3.56813,3,0.2300,0.049,0.040,5.396,5.746,0.9882,0.00928,269.93,54.25,0.57132748,0.7255858996,2.30,1.066493e-08,6.385498e-09,1.141012e-08,6.946866e-09,78.02,81.38,7371.35,7689.10,36.49,38.41
3.56838,3,0.2300,0.049,0.040,5.396,5.746,0.9882,0.00928,269.93,54.25,0.57132648,0.7255846295999999,2.30,1.066046e-08,6.382251e-09,1.141423e-08,6.942002e-09,78.00,81.16,7369.70,7668.30,36.48,38.28
3.56862,3,0.2301,0.049,0.040,5.396,5.746,0.9882,0.00928,269.93,54.25,0.5713255199999999,0.7255834104,2.30,1.064342e-08,6.376079e-09,1.141188e-08,6.947835e-09,78.16,81.41,7384.54,7692.15,36.57,38.43
3.56887,3,0.2301,0.049,0.040,5.396,5.746,0.9882,0.00928,269.93,54.25,0.57132452,0.7255821404,2.30,1.064593e-08,6.365914e-09,1.141062e-08,6.941375e-09,77.80,81.24,7350.93,7676.06,36.36,38.33
3.56913,3,0.2301,0.049,0.040,5.396,5.746,0.9882,0.00928,269.93,54.25,0.57132348,0.7255808196,2.30,1.063285e-08,6.36249e-09,1.139964e-08,6.940231e-09,77.93,81.41,7363.59,7691.72,36.44,38.42
3.56937,3,0.2302,0.049,0.040,5.395,5.746,0.9882,0.00928,269.93,54.25,0.57132252,0.7255796003999999,2.30,1.06349e-08,6.36277e-09,1.13966e-08,6.945851e-09,77.94,81.67,7364.06,7716.28,36.44,38.57
3.56962,3,0.2302,0.049,0.040,5.395,5.746,0.9882,0.00928,269.93,54.25,0.5713215199999999,0.7255783303999999,2.30,1.061313e-08,6.352285e-09,1.139431e-08,6.937879e-09,78.02,81.47,7371.40,7697.60,36.49,38.46
3.56988,3,0.2302,0.049,0.040,5.395,5.746,0.9882,0.00928,269.93,54.25,0.5713204799999999,0.7255770095999999,2.30,1.061287e-08,6.349125e-09,1.140524e-08,6.934467e-09,77.92,81.17,7362.72,7669.13,36.43,38.29
3.57012,3,0.2302,0.049,0.040,5.395,5.746,0.9882,0.00929,269.93,54.25,0.57131952,0.7255757904,2.30,1.060379e-08,6.344525e-09,1.13916e-08,6.931961e-09,77.95,81.34,7365.12,7685.50,36.45,38.39
3.57037,3,0.2303,0.049,0.040,5.395,5.746,0.9882,0.00929,269.93,54.25,0.5713185199999999,0.7255745203999999,2.30,1.059154e-08,6.33505e-09,1.139188e-08,6.933603e-09,77.92,81.42,7362.11,7693.01,36.43,38.43
3.57063,3,0.2303,0.049,0.040,5.395,5.746,0.9882,0.00929,269.93,54.25,0.5713174799999999,0.7255731995999999,2.30,1.059477e-08,6.333054e-09,1.138718e-08,6.925379e-09,77.80,81.26,7350.77,7677.81,36.36,38.34
3.57088,3,0.2303,0.049,0.040,5.395,5.746,0.9882,0.00929,269.93,54.25,0.5713164799999999,0.7255719295999999,2.30,1.05779e-08,6.327846e-09,1.13826e-08,6.925048e-09,77.95,81.33,7364.88,7684.76,36.45,38.38
3.57112,3,0.2304,0.049,0.040,5.395,5.746,0.9882,0.00929,269.93,54.25,0.57131552,0.7255707104,2.30,1.057783e-08,6.326103e-09,1.136523e-08,6.915626e-09,77.93,81.40,7363.15,7691.35,36.44,38.42
3.57138,3,0.2304,0.049,0.040,5.395,5.746,0.9882,0.00929,269.93,54.25,0.57131448,0.7255693896,2.30,1.056608e-08,6.314547e-09,1.136495e-08,6.908885e-09,77.79,81.21,7350.03,7672.72,36.36,38.31
3.57163,3,0.2304,0.049,0.040,5.395,5.746,0.9882,0.00929,269.93,54.25,0.5713134799999999,0.7255681195999999,2.30,1.055811e-08,6.310887e-09,1.135495e-08,6.905325e-09,77.82,81.28,7353.23,7679.86,36.38,38.35
3.57187,3,0.2304,0.049,0.040,5.395,5.746,0.9882,0.00929,269.93,54.25,0.57131252,0.7255669004,2.30,1.055183e-08,6.303701e-09,1.13358e-08,6.8965e-09,77.72,81.37,7343.29,7687.89,36.32,38.40
3.57213,3,0.2305,0.049,0.040,5.395,5.746,0.9882,0.00929,269.93,54.25,0.57131148,0.7255655796,2.30,1.053566e-08,6.29882e-09,1.132918e-08,6.889706e-09,77.90,81.32,7360.35,7683.34,36.42,38.37
3.57238,3,0.2305,0.049,0.040,5.395,5.746,0.9882,0.00929,269.93,54.25,0.57131048,0.7255643096,2.30,1.052104e-08,6.289e-09,1.131569e-08,6.87983e-09,77.87,81.27,7357.21,7678.58,36.40,38.34
3.57262,3,0.2305,0.049,0.040,5.395,5.746,0.9882,0.00929,269.93,54.25,0.57130952,0.7255630904,2.30,1.050903e-08,6.282878e-09,1.129492e-08,6.867752e-09,77.90,81.28,7360.28,7680.15,36.42,38.35
3.57287,3,0.2306,0.049,0.040,5.395,5.746,0.9882,0.00929,269.93,54.25,0.57130852,0.7255618204,2.30,1.049936e-08,6.270766e-09,1.128601e-08,6.857505e-09,77.74,81.17,7345.04,7669.70,36.33,38.29
3.57313,3,0.2306,0.049,0.040,5.395,5.746,0.9882,0.00929,269.93,54.25,0.57130748,0.7255604996,2.30,1.049044e-08,6.26461e-09,1.125994e-08,6.850772e-09,77.71,81.45,7342.63,7695.77,36.31,38.45
3.57337,3,0.2306,0.049,0.040,5.395,5.746,0.9882,0.00929,269.93,54.25,0.5713065199999999,0.7255592804,2.30,1.045701e-08,6.255256e-09,1.124447e-08,6.837972e-09,78.04,81.35,7373.67,7686.05,36.50,38.39
3.57362,3,0.2306,0.049,0.040,5.395,5.746,0.9882,0.00929,269.94,54.25,0.57130552,0.7255580104,2.30,1.045413e-08,6.244612e-09,1.121988e-08,6.824068e-09,77.76,81.38,7347.55,7689.07,36.34,38.41
3.57388,3,0.2307,0.049,0.040,5.395,5.746,0.9882,0.00929,269.94,54.25,0.57130448,0.7255566896,2.30,1.043458e-08,6.235123e-09,1.12009e-08,6.808563e-09,77.87,81.29,7357.15,7681.00,36.40,38.36
3.57412,3,0.2307,0.049,0.040,5.395,5.746,0.9882,0.00929,269.94,54.25,0.57130352,0.7255554703999999,2.30,1.041077e-08,6.222147e-09,1.117092e-08,6.797949e-09,77.90,81.53,7360.83,7702.98,36.42,38.49
3.57437,3,0.2307,0.049,0.040,5.395,5.746,0.9882,0.00929,269.94,54.25,0.5713025199999999,0.7255542004,2.30,1.038343e-08,6.207113e-09,1.114635e-08,6.781181e-09,77.95,81.47,7364.68,7697.72,36.44,38.46
3.57463,3,0.2308,0.049,0.040,5.395,5.746,0.9882,0.00929,269.94,54.25,0.5713014799999999,0.7255528795999999,2.30,1.036482e-08,6.192129e-09,1.111758e-08,6.768687e-09,77.86,81.66,7356.47,7715.63,36.39,38.57
3.57488,3,0.2308,0.049,0.040,5.395,5.746,0.9882,0.00929,269.94,54.25,0.57130048,0.7255516096,2.30,1.035279e-08,6.183921e-09,1.1105e-08,6.749381e-09,77.83,81.30,7353.46,7681.75,36.38,38.36
3.57512,3,0.2308,0.049,0.040,5.395,5.746,0.9882,0.00929,269.94,54.25,0.57129952,0.7255503903999999,2.30,1.032562e-08,6.164182e-09,1.107506e-08,6.741419e-09,77.72,81.62,7343.07,7711.60,36.31,38.54
3.57538,3,0.2309,0.049,0.040,5.394,5.746,0.9882,0.00929,269.94,54.25,0.5712984799999999,0.7255490696,2.30,1.029977e-08,6.144343e-09,1.105117e-08,6.727603e-09,77.61,81.68,7333.20,7717.06,36.25,38.57
3.57563,3,0.2309,0.049,0.040,5.394,5.746,0.9882,0.00929,269.94,54.25,0.5712974799999999,0.7255477995999999,2.30,1.027894e-08,6.130208e-09,1.102779e-08,6.714968e-09,77.56,81.72,7328.14,7721.76,36.22,38.60
3.57587,3,0.2309,0.049,0.040,5.394,5.746,0.9882,0.00929,269.94,54.25,0.57129652,0.7255465804,2.30,1.024142e-08,6.115301e-09,1.099996e-08,6.69438e-09,77.79,81.61,7350.38,7711.03,36.36,38.54
3.57613,3,0.2309,0.049,0.040,5.394,5.746,0.9882,0.00929,269.94,54.25,0.57129548,0.7255452595999999,2.30,1.022043e-08,6.096781e-09,1.098316e-08,6.686339e-09,77.61,81.68,7332.51,7717.47,36.25,38.58
3.57638,3,0.2310,0.049,0.040,5.394,5.746,0.9882,0.00929,269.94,54.25,0.5712944799999999,0.7255439895999999,2.30,1.018145e-08,6.078943e-09,1.09589e-08,6.668301e-09,77.81,81.61,7351.92,7711.15,36.37,38.54
3.57662,3,0.2310,0.049,0.040,5.394,5.746,0.9882,0.00929,269.94,54.25,0.57129352,0.7255427704,2.30,1.015202e-08,6.056379e-09,1.094048e-08,6.652328e-09,77.65,81.46,7336.91,7697.07,36.28,38.45
3.57687,3,0.2310,0.049,0.040,5.394,5.746,0.9882,0.00929,269.94,54.25,0.57129252,0.7255415004,2.30,1.011425e-08,6.03519e-09,1.090991e-08,6.640729e-09,77.69,81.68,7340.96,7717.79,36.30,38.58
3.57713,3,0.2311,0.049,0.040,5.394,5.746,0.9882,0.00929,269.94,54.25,0.57129148,0.7255401796,2.30,1.009258e-08,6.01681e-09,1.087844e-08,6.624337e-09,77.55,81.81,7327.68,7729.37,36.22,38.65
3.57737,3,0.2311,0.049,0.040,5.394,5.746,0.9882,0.00929,269.94,54.25,0.5712905199999999,0.7255389603999999,2.30,1.005196e-08,5.997907e-09,1.086367e-08,6.614993e-09,77.72,81.79,7343.79,7728.33,36.32,38.64
3.57762,3,0.2311,0.049,0.040,5.394,5.746,0.9882,0.00929,269.94,54.25,0.57128952,0.7255376904,2.30,1.002176e-08,5.977902e-09,1.083604e-08,6.598147e-09,77.66,81.79,7337.75,7728.26,36.28,38.64
3.57788,3,0.2311,0.049,0.040,5.394,5.746,0.9882,0.00929,269.94,54.25,0.57128848,0.7255363696,2.30,9.982088e-09,5.959088e-09,1.081711e-08,6.587888e-09,77.82,81.83,7352.58,7732.07,36.37,38.66
3.57812,3,0.2312,0.049,0.040,5.394,5.746,0.9882,0.00929,269.94,54.25,0.5712875199999999,0.7255351503999999,2.30,9.95553e-09,5.935205e-09,1.080186e-08,6.574745e-09,77.59,81.75,7331.15,7723.83,36.24,38.61
3.57837,3,0.2312,0.049,0.040,5.394,5.746,0.9882,0.00929,269.94,54.25,0.5712865199999999,0.7255338803999999,2.30,9.916812e-09,5.917495e-09,1.077923e-08,6.564786e-09,77.77,81.87,7347.67,7735.32,36.34,38.68
3.57863,3,0.2312,0.049,0.040,5.394,5.747,0.9882,0.00929,269.94,54.25,0.57128548,0.7255325596000001,2.30,9.88036e-09,5.893736e-09,1.076404e-08,6.549658e-09,77.70,81.68,7341.47,7717.60,36.30,38.58
3.57888,3,0.2313,0.049,0.040,5.394,5.747,0.9882,0.00929,269.94,54.25,0.57128448,0.7255312896,2.30,9.848253e-09,5.874013e-09,1.074334e-08,6.538464e-09,77.71,81.76,7342.88,7725.17,36.31,38.62
3.57912,3,0.2313,0.049,0.040,5.394,5.747,0.9882,0.00929,269.94,54.25,0.5712835199999999,0.7255300704,2.30,9.802312e-09,5.851351e-09,1.071987e-08,6.52927e-09,77.87,81.92,7357.65,7740.59,36.40,38.71
3.57938,3,0.2313,0.049,0.040,5.394,5.747,0.9882,0.00929,269.94,54.25,0.5712824799999999,0.7255287495999999,2.30,9.772493e-09,5.838479e-09,1.070661e-08,6.519969e-09,78.03,81.88,7373.09,7736.87,36.49,38.69
3.57963,3,0.2313,0.049,0.040,5.394,5.747,0.9882,0.00929,269.94,54.25,0.57128148,0.7255274796,2.30,9.741482e-09,5.817096e-09,1.069214e-08,6.504408e-09,77.94,81.67,7364.11,7716.39,36.44,38.57
3.57987,3,0.2314,0.049,0.040,5.394,5.747,0.9882,0.00929,269.94,54.25,0.57128052,0.7255262604,2.30,9.702027e-09,5.80258e-09,1.067335e-08,6.502022e-09,78.28,81.99,7395.91,7747.25,36.63,38.75
3.58012,3,0.2314,0.049,0.040,5.394,5.747,0.9882,0.00929,269.94,54.25,0.5712795199999999,0.7255249904,2.30,9.670374e-09,5.781283e-09,1.065633e-08,6.484839e-09,78.20,81.77,7388.38,7726.47,36.58,38.63
3.58038,3,0.2314,0.049,0.040,5.394,5.747,0.9882,0.00929,269.94,54.25,0.5712784799999999,0.7255236695999999,2.30,9.633976e-09,5.761721e-09,1.06388e-08,6.478565e-09,78.27,81.92,7395.40,7739.88,36.63,38.71
3.58062,3,0.2315,0.049,0.040,5.394,5.747,0.9882,0.00929,269.94,54.25,0.57127752,0.7255224504,2.30,9.605289e-09,5.743372e-09,1.062378e-08,6.46816e-09,78.26,81.91,7394.77,7739.37,36.62,38.71
3.58087,3,0.2315,0.049,0.040,5.394,5.747,0.9882,0.00929,269.94,54.25,0.57127652,0.7255211803999999,2.30,9.565286e-09,5.729426e-09,1.06052e-08,6.462343e-09,78.60,82.09,7426.93,7756.23,36.82,38.81
3.58113,3,0.2315,0.049,0.040,5.394,5.747,0.9882,0.00929,269.94,54.25,0.57127548,0.7255198596,2.30,9.53896e-09,5.71394e-09,1.059345e-08,6.451943e-09,78.61,81.98,7427.84,7746.28,36.82,38.75
3.58137,3,0.2315,0.049,0.040,5.394,5.747,0.9882,0.00929,269.94,54.25,0.57127452,0.7255186404,2.30,9.50275e-09,5.695803e-09,1.059234e-08,6.450539e-09,78.74,81.96,7439.42,7744.04,36.89,38.73
3.58162,3,0.2316,0.049,0.040,5.393,5.747,0.9882,0.00929,269.94,54.25,0.57127352,0.7255173704,2.30,9.480366e-09,5.683559e-09,1.059114e-08,6.445275e-09,78.81,81.85,7446.47,7733.47,36.94,38.67
3.58188,3,0.2316,0.049,0.040,5.393,5.747,0.9882,0.00929,269.94,54.25,0.57127248,0.7255160495999999,2.30,9.454182e-09,5.66838e-09,1.057199e-08,6.439202e-09,78.83,82.03,7448.17,7750.63,36.95,38.77
3.58213,3,0.2316,0.049,0.040,5.393,5.747,0.9882,0.00929,269.94,54.25,0.5712714799999999,0.7255147796,2.30,9.431226e-09,5.65883e-09,1.056335e-08,6.433807e-09,78.98,82.03,7462.04,7750.23,37.03,38.77
3.58237,3,0.2317,0.049,0.040,5.393,5.747,0.9882,0.00929,269.94,54.25,0.57127052,0.7255135604,2.30,9.404583e-09,5.642366e-09,1.05559e-08,6.428927e-09,78.99,82.05,7463.68,7752.52,37.04,38.79
3.58263,3,0.2317,0.049,0.040,5.393,5.747,0.9882,0.00929,269.94,54.25,0.57126948,0.7255122396,2.30,9.379247e-09,5.630999e-09,1.054955e-08,6.422918e-09,79.13,81.98,7476.41,7745.91,37.12,38.75
3.58288,3,0.2317,0.049,0.040,5.393,5.747,0.9882,0.00929,269.94,54.25,0.57126848,0.7255109695999999,2.30,9.349357e-09,5.6199e-09,1.053888e-08,6.413037e-09,79.37,81.87,7499.27,7735.47,37.25,38.68
3.58312,3,0.2318,0.049,0.040,5.393,5.747,0.9882,0.00929,269.94,54.25,0.5712675199999999,0.7255097503999999,2.30,9.329308e-09,5.60719e-09,1.052676e-08,6.408731e-09,79.38,82.01,7500.29,7748.29,37.26,38.76
3.58338,3,0.2318,0.049,0.040,5.393,5.747,0.9882,0.00929,269.94,54.25,0.5712664799999999,0.7255084296,2.30,9.302691e-09,5.596105e-09,1.051788e-08,6.407735e-09,79.56,82.15,7516.83,7761.95,37.36,38.84
3.58363,3,0.2318,0.049,0.040,5.393,5.747,0.9882,0.00929,269.94,54.25,0.57126548,0.7255071596,2.30,9.28965e-09,5.588242e-09,1.051129e-08,6.40303e-09,79.56,82.13,7516.77,7759.80,37.36,38.83
3.58387,3,0.2318,0.049,0.040,5.393,5.747,0.9882,0.00929,269.94,54.25,0.5712645199999999,0.7255059403999999,2.30,9.270869e-09,5.581648e-09,1.050847e-08,6.390994e-09,79.72,81.79,7532.70,7727.88,37.46,38.64
3.58412,3,0.2319,0.049,0.040,5.393,5.747,0.9882,0.00929,269.94,54.25,0.5712635199999999,0.7255046703999999,2.30,9.249115e-09,5.569873e-09,1.049625e-08,6.390137e-09,79.81,82.04,7540.45,7751.57,37.50,38.78
3.58438,3,0.2319,0.049,0.040,5.393,5.747,0.9882,0.00929,269.94,54.25,0.5712624799999999,0.7255033495999998,2.30,9.238526e-09,5.561041e-09,1.049314e-08,6.387423e-09,79.72,82.01,7532.09,7749.03,37.45,38.76
3.58462,3,0.2319,0.049,0.040,5.393,5.747,0.9882,0.00929,269.94,54.25,0.57126152,0.7255021304,2.30,9.220498e-09,5.551772e-09,1.048221e-08,6.382696e-09,79.77,82.08,7537.49,7755.01,37.49,38.80
3.58487,3,0.2320,0.049,0.040,5.393,5.747,0.9882,0.00929,269.94,54.25,0.5712605199999999,0.7255008604,2.30,9.20691e-09,5.547012e-09,1.047559e-08,6.381716e-09,79.93,82.21,7552.45,7767.85,37.58,38.88
3.58513,3,0.2320,0.049,0.040,5.393,5.747,0.9882,0.00929,269.94,54.25,0.5712594799999999,0.7254995395999999,2.30,9.189973e-09,5.542529e-09,1.047021e-08,6.374491e-09,80.14,82.08,7572.11,7755.56,37.69,38.80
3.58537,3,0.2320,0.049,0.040,5.393,5.747,0.9882,0.00929,269.94,54.25,0.57125852,0.7254983204,2.30,9.180644e-09,5.538884e-09,1.045723e-08,6.369409e-09,80.21,82.18,7578.94,7764.35,37.74,38.86
3.58562,3,0.2320,0.049,0.040,5.393,5.747,0.9882,0.00929,269.94,54.25,0.57125752,0.7254970504,2.30,9.159808e-09,5.524902e-09,1.043784e-08,6.361313e-09,80.16,82.30,7574.07,7775.96,37.71,38.93
3.58588,3,0.2321,0.049,0.040,5.393,5.747,0.9882,0.00929,269.94,54.25,0.57125648,0.7254957296,2.30,9.152187e-09,5.527966e-09,1.04299e-08,6.352151e-09,80.48,82.19,7603.88,7765.78,37.89,38.86
3.58613,3,0.2321,0.049,0.040,5.393,5.747,0.9882,0.00929,269.94,54.25,0.5712554799999999,0.7254944595999999,2.30,9.144213e-09,5.518833e-09,1.041281e-08,6.348613e-09,80.32,82.42,7588.89,7787.34,37.80,39.00
3.58637,3,0.2321,0.048,0.040,5.393,5.747,0.9882,0.00929,269.94,54.25,0.57125452,0.7254932404,2.30,9.132568e-09,5.511789e-09,1.03985e-08,6.345331e-09,80.32,82.60,7588.70,7804.34,37.79,39.10
3.58663,3,0.2322,0.048,0.040,5.392,5.747,0.9882,0.00929,269.94,54.25,0.57125348,0.7254919196,2.30,9.12303e-09,5.511466e-09,1.038757e-08,6.338112e-09,80.55,82.62,7610.89,7805.97,37.93,39.11
3.58688,3,0.2322,0.048,0.040,5.392,5.747,0.9882,0.00929,269.94,54.25,0.57125248,0.7254906496,2.30,9.102713e-09,5.503523e-09,1.038859e-08,6.326874e-09,80.71,82.22,7626.05,7768.61,38.02,38.88
3.58712,3,0.2322,0.048,0.040,5.392,5.747,0.9882,0.00929,269.94,54.25,0.57125152,0.7254894304,2.30,9.104846e-09,5.503158e-09,1.037346e-08,6.321607e-09,80.65,82.35,7620.25,7781.04,37.98,38.96
3.58738,3,0.2323,0.048,0.040,5.392,5.747,0.9882,0.00929,269.94,54.25,0.57125048,0.7254881096,2.30,9.088214e-09,5.498543e-09,1.035705e-08,6.316871e-09,80.89,82.56,7642.64,7801.03,38.12,39.08
3.58763,3,0.2323,0.048,0.040,5.392,5.747,0.9882,0.00929,269.94,54.25,0.57124948,0.7254868395999999,2.30,9.084664e-09,5.490753e-09,1.03399e-08,6.303349e-09,80.68,82.46,7622.81,7791.33,38.00,39.02
3.58787,3,0.2323,0.048,0.040,5.392,5.747,0.9882,0.00929,269.94,54.25,0.5712485199999999,0.7254856203999999,2.30,9.071101e-09,5.490508e-09,1.031859e-08,6.297283e-09,80.97,82.69,7650.82,7813.34,38.17,39.15
3.58812,3,0.2323,0.048,0.040,5.392,5.747,0.9882,0.00929,269.94,54.25,0.57124752,0.7254843504,2.30,9.059478e-09,5.484905e-09,1.030235e-08,6.290532e-09,81.03,82.80,7655.89,7823.42,38.20,39.21
3.58838,3,0.2324,0.048,0.040,5.392,5.747,0.9882,0.00929,269.94,54.25,0.57124648,0.7254830296,2.30,9.048015e-09,5.481552e-09,1.028406e-08,6.278893e-09,81.20,82.82,7671.91,7825.28,38.30,39.22
3.58862,3,0.2324,0.048,0.040,5.392,5.747,0.9882,0.00929,269.94,54.25,0.57124552,0.7254818103999999,2.30,9.045081e-09,5.477013e-09,1.026517e-08,6.272751e-09,81.09,83.00,7662.10,7842.59,38.24,39.33
3.58887,3,0.2324,0.048,0.040,5.392,5.747,0.9882,0.00929,269.94,54.25,0.5712445199999999,0.7254805403999999,2.30,9.033196e-09,5.475648e-09,1.023969e-08,6.252972e-09,81.31,82.86,7682.85,7829.04,38.36,39.25
3.58913,3,0.2325,0.048,0.040,5.392,5.747,0.9882,0.00929,269.94,54.25,0.5712434799999999,0.7254792196,2.30,9.024327e-09,5.471303e-09,1.021182e-08,6.245291e-09,81.39,83.22,7689.83,7862.60,38.40,39.45
3.58937,3,0.2325,0.048,0.040,5.392,5.747,0.9882,0.00929,269.94,54.25,0.57124252,0.7254780004,2.30,9.012207e-09,5.460992e-09,1.019054e-08,6.236439e-09,81.27,83.36,7679.25,7876.14,38.34,39.53
3.58962,3,0.2325,0.048,0.040,5.392,5.747,0.9882,0.00929,269.94,54.25,0.57124152,0.7254767303999999,2.30,9.007833e-09,5.456698e-09,1.016352e-08,6.220364e-09,81.21,83.37,7673.38,7877.64,38.31,39.54
3.58988,3,0.2326,0.048,0.040,5.392,5.747,0.9882,0.00929,269.94,54.25,0.5712404799999999,0.7254754095999999,2.30,8.990054e-09,5.449734e-09,1.014277e-08,6.209786e-09,81.39,83.48,7690.31,7887.97,38.41,39.60
3.59013,3,0.2326,0.048,0.040,5.392,5.747,0.9882,0.00929,269.94,54.25,0.5712394799999999,0.7254741395999998,2.30,8.971256e-09,5.443165e-09,1.012194e-08,6.196579e-09,81.58,83.47,7707.66,7886.48,38.51,39.59
3.59037,3,0.2326,0.048,0.040,5.392,5.747,0.9882,0.00929,269.94,54.25,0.57123852,0.7254729204,2.30,8.992449e-09,5.431536e-09,1.009251e-08,6.178921e-09,80.65,83.48,7620.30,7887.66,37.98,39.60
3.59063,3,0.2326,0.048,0.040,5.392,5.747,0.9882,0.00929,269.94,54.25,0.57123748,0.7254715996,2.30,8.937853e-09,5.423835e-09,1.006206e-08,6.166645e-09,81.61,83.70,7711.05,7908.72,38.53,39.73
3.59088,3,0.2327,0.048,0.040,5.392,5.747,0.9882,0.00929,269.94,54.25,0.5712364799999999,0.7254703295999999,2.30,8.923579e-09,5.414349e-09,1.00349e-08,6.14904e-09,81.61,83.71,7711.38,7908.93,38.53,39.73
3.59112,3,0.2327,0.048,0.040,5.392,5.747,0.9882,0.00929,269.94,54.25,0.57123552,0.7254691104000001,2.30,8.918247e-09,5.408406e-09,1.000547e-08,6.135941e-09,81.51,83.88,7701.57,7925.39,38.48,39.83
3.59138,3,0.2327,0.048,0.040,5.392,5.747,0.9882,0.00929,269.94,54.25,0.57123448,0.7254677896,2.30,8.896285e-09,5.394914e-09,9.982018e-09,6.121691e-09,81.50,83.88,7700.94,7925.83,38.47,39.83
3.59163,3,0.2328,0.048,0.040,5.392,5.747,0.9882,0.00929,269.94,54.25,0.57123348,0.7254665196,2.30,8.870849e-09,5.387646e-09,9.958923e-09,6.103175e-09,81.85,83.77,7734.01,7914.64,38.67,39.76
3.59187,3,0.2328,0.048,0.040,5.392,5.747,0.9882,0.00929,269.94,54.25,0.5712325199999999,0.7254653003999999,2.30,8.85583e-09,5.374499e-09,9.928542e-09,6.092005e-09,81.70,84.03,7719.28,7939.72,38.58,39.91
3.59212,3,0.2328,0.048,0.040,5.392,5.747,0.9882,0.00929,269.94,54.25,0.57123152,0.7254640304,2.30,8.8373e-09,5.365457e-09,9.905336e-09,6.074298e-09,81.78,83.91,7727.35,7928.00,38.63,39.84
3.59238,3,0.2329,0.048,0.040,5.391,5.747,0.9882,0.00929,269.94,54.25,0.57123048,0.7254627096,2.30,8.822625e-09,5.356843e-09,9.881852e-09,6.064447e-09,81.83,84.11,7731.76,7946.82,38.66,39.96
3.59262,3,0.2329,0.048,0.040,5.391,5.747,0.9882,0.00929,269.94,54.25,0.5712295199999999,0.7254614904,2.30,8.79924e-09,5.343263e-09,9.859859e-09,6.044693e-09,81.85,83.88,7734.04,7925.59,38.67,39.83
3.59287,3,0.2329,0.048,0.040,5.391,5.747,0.9882,0.00929,269.94,54.25,0.5712285199999999,0.7254602203999999,2.30,8.786367e-09,5.328694e-09,9.831397e-09,6.035814e-09,81.59,84.19,7709.17,7954.78,38.52,40.01
3.59313,3,0.2329,0.048,0.040,5.391,5.747,0.9882,0.00929,269.94,54.25,0.57122748,0.7254588996,2.30,8.769079e-09,5.319108e-09,9.809971e-09,6.019654e-09,81.63,84.08,7712.48,7944.50,38.54,39.94
3.59337,3,0.2330,0.048,0.040,5.391,5.747,0.9882,0.00929,269.94,54.25,0.57122652,0.7254576803999999,2.30,8.755069e-09,5.307545e-09,9.780075e-09,6.003645e-09,81.54,84.20,7704.48,7955.92,38.49,40.01
3.59362,3,0.2330,0.048,0.040,5.391,5.747,0.9882,0.00929,269.94,54.25,0.5712255199999999,0.7254564104,2.30,8.735064e-09,5.292534e-09,9.761541e-09,5.988917e-09,81.43,84.08,7693.84,7944.41,38.43,39.94
3.59388,3,0.2330,0.048,0.040,5.391,5.747,0.9882,0.00929,269.94,54.25,0.5712244799999999,0.7254550895999999,2.30,8.713898e-09,5.280603e-09,9.740575e-09,5.979971e-09,81.46,84.22,7697.14,7957.90,38.45,40.02
3.59413,3,0.2331,0.048,0.040,5.391,5.747,0.9882,0.00929,269.94,54.25,0.57122348,0.7254538196,2.30,8.701922e-09,5.267392e-09,9.716024e-09,5.966191e-09,81.27,84.31,7678.42,7965.79,38.33,40.07
3.59437,3,0.2331,0.048,0.039,5.391,5.747,0.9882,0.00929,269.94,54.25,0.57122252,0.7254526003999999,2.30,8.685418e-09,5.256234e-09,9.691923e-09,5.952752e-09,81.22,84.36,7674.24,7970.66,38.31,40.10
3.59463,3,0.2331,0.048,0.039,5.391,5.747,0.9882,0.00929,269.94,54.25,0.57122148,0.7254512796,2.30,8.6705e-09,5.251137e-09,9.6751e-09,5.93698e-09,81.38,84.16,7688.82,7951.77,38.40,39.99
3.59488,3,0.2332,0.048,0.039,5.391,5.747,0.9882,0.00929,269.94,54.25,0.5712204799999999,0.7254500096,2.30,8.649616e-09,5.237842e-09,9.653738e-09,5.925512e-09,81.39,84.26,7689.71,7960.89,38.40,40.04
3.59512,3,0.2332,0.048,0.039,5.391,5.747,0.9882,0.00929,269.94,54.25,0.57121952,0.7254487904,2.30,8.63857e-09,5.226941e-09,9.643665e-09,5.917039e-09,81.22,84.17,7674.03,7952.92,38.31,39.99
3.59538,3,0.2332,0.048,0.039,5.391,5.747,0.9882,0.00929,269.94,54.25,0.57121848,0.7254474696,2.30,8.624193e-09,5.209859e-09,9.624022e-09,5.910388e-09,80.89,84.37,7642.89,7971.77,38.12,40.11
3.59563,3,0.2332,0.048,0.039,5.391,5.747,0.9882,0.00929,269.94,54.25,0.5712174799999999,0.7254461995999999,2.30,8.605698e-09,5.201425e-09,9.603293e-09,5.892923e-09,81.00,84.20,7653.07,7955.21,38.18,40.01
3.59587,3,0.2333,0.048,0.039,5.391,5.747,0.9882,0.00929,269.94,54.25,0.57121652,0.7254449804,2.30,8.593281e-09,5.195643e-09,9.591768e-09,5.890175e-09,81.10,84.39,7662.78,7973.77,38.24,40.12
3.59612,3,0.2333,0.048,0.039,5.391,5.747,0.9882,0.00929,269.94,54.25,0.57121552,0.7254437104,2.30,8.581132e-09,5.186205e-09,9.578176e-09,5.878358e-09,81.02,84.26,7654.97,7961.59,38.19,40.05
3.59638,3,0.2333,0.048,0.039,5.391,5.747,0.9882,0.00929,269.94,54.25,0.57121448,0.7254423896,2.30,8.574579e-09,5.179055e-09,9.558926e-09,5.863151e-09,80.89,84.14,7643.07,7949.68,38.12,39.97
3.59662,3,0.2334,0.048,0.039,5.391,5.747,0.9882,0.00929,269.94,54.25,0.5712135199999999,0.7254411703999999,2.30,8.564863e-09,5.168471e-09,9.529655e-09,5.857193e-09,80.74,84.62,7628.77,7995.44,38.03,40.25
3.59687,3,0.2334,0.048,0.039,5.391,5.747,0.9882,0.00929,269.94,54.25,0.57121252,0.7254399004000001,2.30,8.555695e-09,5.164555e-09,9.524258e-09,5.845809e-09,80.80,84.32,7634.79,7966.91,38.07,40.08
3.59713,3,0.2334,0.048,0.039,5.391,5.747,0.9882,0.00929,269.94,54.25,0.57121148,0.7254385796,2.30,8.544331e-09,5.157478e-09,9.507452e-09,5.839146e-09,80.80,84.46,7633.98,7979.83,38.07,40.16
3.59737,3,0.2334,0.048,0.039,5.391,5.747,0.9882,0.00929,269.94,54.25,0.5712105199999999,0.7254373604,2.30,8.535102e-09,5.152699e-09,9.491399e-09,5.829369e-09,80.83,84.46,7636.94,7980.13,38.08,40.16
3.59762,3,0.2335,0.048,0.039,5.391,5.747,0.9882,0.00929,269.94,54.25,0.5712095199999999,0.7254360903999999,2.30,8.534674e-09,5.151043e-09,9.48492e-09,5.824127e-09,80.81,84.45,7634.99,7979.06,38.07,40.15
3.59788,3,0.2335,0.048,0.039,5.391,5.747,0.9882,0.00929,269.94,54.25,0.5712084799999999,0.7254347695999999,2.30,8.523594e-09,5.145455e-09,9.460337e-09,5.817935e-09,80.85,84.78,7639.10,8010.82,38.10,40.34
3.59813,3,0.2335,0.048,0.039,5.391,5.747,0.9882,0.00929,269.94,54.25,0.57120748,0.7254334996,2.30,8.516904e-09,5.140221e-09,9.451618e-09,5.805318e-09,80.80,84.51,7634.62,7984.90,38.07,40.19
3.59837,3,0.2336,0.048,0.039,5.390,5.747,0.9882,0.00929,269.94,54.25,0.5712065199999999,0.7254322804,2.30,8.521434e-09,5.144604e-09,9.436e-09,5.80233e-09,80.90,84.80,7644.07,8011.96,38.13,40.35
3.59863,3,0.2336,0.048,0.039,5.390,5.747,0.9882,0.00929,269.94,54.25,0.5712054799999999,0.7254309595999999,2.30,8.521149e-09,5.143301e-09,9.424531e-09,5.792064e-09,80.86,84.67,7639.83,8000.44,38.10,40.28
3.59888,3,0.2336,0.048,0.039,5.390,5.747,0.9882,0.00929,269.94,54.25,0.57120448,0.7254296896,2.30,8.516388e-09,5.14338e-09,9.402987e-09,5.782638e-09,80.97,84.82,7650.91,8014.15,38.17,40.36
3.59912,3,0.2337,0.048,0.039,5.390,5.747,0.9882,0.00929,269.94,54.25,0.57120352,0.7254284703999999,2.30,8.506766e-09,5.139827e-09,9.397882e-09,5.77363e-09,81.10,84.63,7662.69,7996.47,38.24,40.26
3.59938,3,0.2337,0.048,0.039,5.390,5.747,0.9882,0.00929,269.94,54.25,0.57120248,0.7254271496,2.30,8.510562e-09,5.144561e-09,9.384205e-09,5.769079e-09,81.20,84.78,7671.88,8010.34,38.29,40.34
3.59963,3,0.2337,0.048,0.039,5.390,5.747,0.9882,0.00929,269.94,54.25,0.5712014799999999,0.7254258795999999,2.30,8.523107e-09,5.14482e-09,9.375634e-09,5.758612e-09,80.91,84.58,7644.37,7991.61,38.13,40.23
3.59987,3,0.2337,0.048,0.039,5.390,5.747,0.9882,0.00929,269.94,54.25,0.57120052,0.7254246604,2.30,8.521623e-09,5.147479e-09,9.359893e-09,5.755084e-09,81.05,84.82,7657.71,8013.78,38.21,40.36
3.60012,3,0.2338,0.048,0.039,5.390,5.747,0.9882,0.00929,269.94,54.25,0.57119952,0.7254233903999999,2.30,8.520081e-09,5.153542e-09,9.344395e-09,5.743047e-09,81.36,84.76,7687.33,8008.13,38.39,40.33
3.60038,3,0.2338,0.048,0.039,5.390,5.747,0.9882,0.00929,269.94,54.25,0.57119848,0.7254220696,2.30,8.521207e-09,5.156683e-09,9.333935e-09,5.730934e-09,81.46,84.54,7696.63,7987.57,38.44,40.20
3.60062,3,0.2338,0.048,0.039,5.390,5.747,0.9882,0.00929,269.94,54.25,0.5711975199999999,0.7254208503999999,2.30,8.535844e-09,5.159686e-09,9.313582e-09,5.727756e-09,81.23,84.90,7674.57,8021.38,38.31,40.41
3.60087,3,0.2339,0.048,0.039,5.390,5.747,0.9882,0.00929,269.94,54.25,0.57119652,0.7254195804,2.30,8.542526e-09,5.17079e-09,9.303494e-09,5.722381e-09,81.54,84.96,7704.47,8027.83,38.49,40.45
3.60113,3,0.2339,0.048,0.039,5.390,5.747,0.9882,0.00929,269.95,54.25,0.57119548,0.7254182596,2.30,8.53584e-09,5.171537e-09,9.282465e-09,5.709931e-09,81.73,84.98,7722.61,8029.60,38.60,40.46
3.60137,3,0.2339,0.048,0.039,5.390,5.747,0.9882,0.00929,269.95,54.25,0.5711945199999999,0.7254170403999999,2.30,8.545926e-09,5.178701e-09,9.270542e-09,5.704142e-09,81.78,85.04,7726.59,8035.25,38.62,40.49
3.60162,3,0.2340,0.048,0.039,5.390,5.747,0.9882,0.00929,269.95,54.25,0.57119352,0.7254157704,2.30,8.554894e-09,5.184344e-09,9.244105e-09,5.683709e-09,81.82,84.92,7730.68,8023.40,38.65,40.42
3.60188,3,0.2340,0.048,0.039,5.390,5.747,0.9882,0.00929,269.95,54.25,0.57119248,0.7254144496,2.30,8.566507e-09,5.186124e-09,9.22554e-09,5.677904e-09,81.61,85.14,7710.84,8044.03,38.53,40.54
3.60213,3,0.2340,0.048,0.039,5.390,5.747,0.9882,0.00929,269.95,54.25,0.57119148,0.7254131796,2.30,8.571417e-09,5.194801e-09,9.211028e-09,5.669679e-09,81.84,85.16,7732.36,8046.64,38.66,40.56
3.60237,3,0.2340,0.048,0.039,5.390,5.747,0.9882,0.00929,269.95,54.25,0.5711905199999999,0.7254119603999999,2.30,8.58021e-09,5.206786e-09,9.192142e-09,5.656773e-09,82.10,85.11,7757.53,8041.90,38.81,40.53
3.60263,3,0.2341,0.048,0.039,5.390,5.747,0.9882,0.00929,269.95,54.25,0.5711894799999999,0.7254106395999999,2.30,8.584524e-09,5.210114e-09,9.168142e-09,5.640202e-09,82.17,85.08,7763.54,8038.66,38.85,40.51
3.60288,3,0.2341,0.048,0.039,5.390,5.747,0.9882,0.00929,269.95,54.25,0.57118848,0.7254093696,2.30,8.592268e-09,5.219911e-09,9.151485e-09,5.63303e-09,82.37,85.20,7782.87,8050.09,38.96,40.58
3.60312,3,0.2341,0.048,0.039,5.390,5.747,0.9882,0.00929,269.95,54.25,0.57118752,0.7254081504,2.30,8.602465e-09,5.226241e-09,9.121281e-09,5.619506e-09,82.38,85.40,7783.39,8069.01,38.97,40.69
3.60338,3,0.2342,0.048,0.039,5.390,5.747,0.9882,0.00929,269.95,54.25,0.5711864799999999,0.7254068295999999,2.30,8.608468e-09,5.227015e-09,9.108683e-09,5.604405e-09,82.30,85.15,7775.82,8045.01,38.92,40.55
3.60363,3,0.2342,0.048,0.039,5.390,5.747,0.9882,0.00929,269.95,54.25,0.5711854799999999,0.7254055595999999,2.30,8.615588e-09,5.229964e-09,9.083989e-09,5.593395e-09,82.24,85.31,7770.62,8060.69,38.89,40.64
3.60387,3,0.2342,0.048,0.039,5.390,5.747,0.9882,0.00929,269.95,54.25,0.57118452,0.7254043404,2.30,8.625572e-09,5.239813e-09,9.054886e-09,5.582002e-09,82.39,85.57,7784.95,8085.29,38.98,40.79
3.60412,3,0.2343,0.048,0.039,5.389,5.747,0.9882,0.00929,269.95,54.25,0.57118352,0.7254030704,2.30,8.636398e-09,5.247724e-09,9.037065e-09,5.563833e-09,82.48,85.32,7793.32,8061.61,39.03,40.65
3.60438,3,0.2343,0.048,0.039,5.389,5.747,0.9882,0.00929,269.95,54.25,0.5711824799999999,0.7254017495999999,2.30,8.649624e-09,5.258836e-09,9.0241e-09,5.563006e-09,82.61,85.61,7804.95,8088.67,39.10,40.81
3.60462,3,0.2343,0.048,0.039,5.389,5.747,0.9882,0.00929,269.95,54.25,0.57118152,0.7254005304,2.30,8.651091e-09,5.262947e-09,9.024787e-09,5.553738e-09,82.73,85.22,7817.15,8052.04,39.17,40.59
3.60487,3,0.2343,0.048,0.039,5.389,5.747,0.9882,0.00929,269.95,54.25,0.57118052,0.7253992604,2.30,8.674216e-09,5.281556e-09,9.078954e-09,5.55722e-09,82.92,84.05,7834.35,7941.13,39.27,39.92
3.60513,3,0.2344,0.048,0.039,5.389,5.747,0.9882,0.00929,269.95,54.25,0.57117948,0.7253979396,2.30,8.685894e-09,5.296896e-09,9.124416e-09,5.553752e-09,83.28,82.88,7868.95,7830.76,39.48,39.25
3.60537,3,0.2344,0.048,0.039,5.389,5.747,0.9882,0.00929,269.95,54.25,0.5711785199999999,0.7253967203999999,2.30,8.702359e-09,5.312374e-09,9.160311e-09,5.55572e-09,83.50,82.13,7889.64,7759.81,39.61,38.82
3.60562,3,0.2344,0.048,0.039,5.389,5.747,0.9882,0.00930,269.95,54.25,0.57117752,0.7253954504,2.30,8.701534e-09,5.311226e-09,9.101304e-09,5.531017e-09,83.48,82.55,7887.19,7799.53,39.59,39.06
3.60588,3,0.2345,0.048,0.039,5.389,5.747,0.9882,0.00930,269.95,54.25,0.57117648,0.7253941296,2.30,8.703313e-09,5.309886e-09,8.995615e-09,5.5139e-09,83.41,84.42,7881.31,7976.59,39.56,40.13
3.64412,4,0.2390,0.046,0.038,5.382,5.773,0.9882,0.00931,269.96,53.80,0.57102352,0.7251998704,2.28,1.030124e-08,6.171208e-09,9.83851e-09,5.94716e-09,81.18,83.03,7670.33,7845.25,38.26,39.32
3.64438,4,0.2390,0.046,0.038,5.382,5.773,0.9882,0.00931,269.96,53.80,0.57102248,0.7251985496,2.28,1.029489e-08,6.189236e-09,9.841946e-09,5.941693e-09,81.90,82.77,7738.42,7820.15,38.68,39.17
3.64463,4,0.2391,0.046,0.038,5.382,5.773,0.9882,0.00931,269.96,53.80,0.57102148,0.7251972796,2.28,1.023543e-08,6.139999e-09,9.842003e-09,5.933262e-09,81.49,82.50,7699.24,7795.35,38.44,39.02
3.64487,4,0.2391,0.046,0.038,5.382,5.773,0.9882,0.00931,269.96,53.80,0.5710205199999999,0.7251960604,2.28,1.021053e-08,6.12287e-09,9.835167e-09,5.924611e-09,81.41,82.35,7692.36,7780.37,38.40,38.93
3.64513,4,0.2391,0.046,0.038,5.382,5.774,0.9882,0.00931,269.96,53.80,0.5710194799999999,0.7251947395999999,2.28,1.017971e-08,6.101109e-09,9.831136e-09,5.922637e-09,81.30,82.36,7682.04,7781.87,38.33,38.94
3.64538,4,0.2392,0.046,0.038,5.382,5.774,0.9882,0.00931,269.96,53.80,0.57101848,0.7251934696,2.28,1.015812e-08,6.084807e-09,9.833667e-09,5.922741e-09,81.23,82.35,7674.67,7780.43,38.29,38.93
3.64562,4,0.2392,0.046,0.038,5.382,5.774,0.9882,0.00931,269.96,53.80,0.57101752,0.7251922503999999,2.28,1.013067e-08,6.065322e-09,9.836884e-09,5.927494e-09,81.12,82.44,7665.08,7789.74,38.23,38.99
3.64588,4,0.2392,0.046,0.038,5.382,5.774,0.9882,0.00931,269.96,53.80,0.5710164799999999,0.7251909296,2.28,1.009975e-08,6.053899e-09,9.841034e-09,5.920055e-09,81.36,82.10,7687.51,7756.97,38.37,38.79
3.64613,4,0.2393,0.046,0.038,5.382,5.774,0.9882,0.00931,269.96,53.80,0.5710154799999999,0.7251896595999999,2.28,1.007501e-08,6.030003e-09,9.838631e-09,5.908217e-09,81.09,81.77,7661.97,7726.10,38.21,38.60
3.64637,4,0.2393,0.046,0.038,5.382,5.774,0.9882,0.00931,269.96,53.80,0.57101452,0.7251884404,2.28,1.005219e-08,6.017405e-09,9.850868e-09,5.916632e-09,81.13,81.81,7665.33,7729.59,38.23,38.62
3.64662,4,0.2393,0.046,0.038,5.382,5.774,0.9882,0.00931,269.96,53.80,0.5710135199999999,0.7251871703999999,2.28,1.003156e-08,6.004982e-09,9.859936e-09,5.913866e-09,81.13,81.52,7665.10,7702.80,38.23,38.46
3.64688,4,0.2393,0.046,0.038,5.382,5.774,0.9882,0.00931,269.96,53.80,0.5710124799999999,0.7251858495999999,2.28,1.001581e-08,5.990457e-09,9.866356e-09,5.917343e-09,80.95,81.51,7648.88,7701.59,38.13,38.45
3.64712,4,0.2394,0.046,0.038,5.382,5.774,0.9882,0.00931,269.96,53.80,0.57101152,0.7251846304,2.28,1.000306e-08,5.981917e-09,9.887963e-09,5.929405e-09,80.96,81.51,7649.17,7701.90,38.14,38.45
3.64737,4,0.2394,0.046,0.038,5.382,5.774,0.9882,0.00931,269.96,53.80,0.57101052,0.7251833604,2.28,9.985873e-09,5.971798e-09,9.902472e-09,5.930605e-09,80.96,81.26,7649.68,7677.64,38.14,38.31
3.64763,4,0.2394,0.046,0.038,5.382,5.774,0.9882,0.00931,269.96,53.80,0.57100948,0.7251820395999999,2.28,9.986631e-09,5.969735e-09,9.920739e-09,5.938628e-09,80.88,81.16,7641.67,7668.25,38.09,38.25
3.64787,4,0.2395,0.046,0.038,5.382,5.774,0.9882,0.00931,269.96,53.80,0.5710085199999999,0.7251808203999999,2.28,9.973467e-09,5.961306e-09,9.949829e-09,5.950356e-09,80.89,81.00,7643.07,7653.24,38.10,38.16
3.64812,4,0.2395,0.046,0.038,5.382,5.774,0.9882,0.00931,269.96,53.80,0.57100752,0.7251795504,2.28,9.973355e-09,5.959997e-09,9.970711e-09,5.959783e-09,80.85,80.90,7639.11,7643.47,38.07,38.10
3.64838,4,0.2395,0.046,0.038,5.382,5.774,0.9882,0.00931,269.96,53.80,0.57100648,0.7251782296,2.28,9.978315e-09,5.956648e-09,9.997214e-09,5.978011e-09,80.64,80.98,7619.05,7651.06,37.95,38.15
3.64863,4,0.2396,0.046,0.038,5.382,5.774,0.9882,0.00931,269.96,53.80,0.57100548,0.7251769596,2.28,9.986008e-09,5.961293e-09,1.003473e-08,5.993489e-09,80.67,80.78,7622.40,7632.22,37.97,38.03
3.64887,4,0.2396,0.046,0.038,5.382,5.774,0.9882,0.00931,269.96,53.80,0.57100452,0.7251757404,2.28,9.990147e-09,5.964009e-09,1.006044e-08,6.013841e-09,80.68,80.94,7623.17,7648.00,37.98,38.13
3.64913,4,0.2396,0.046,0.038,5.382,5.774,0.9882,0.00931,269.96,53.80,0.57100348,0.7251744196000001,2.28,1.000006e-08,5.963282e-09,1.010004e-08,6.032755e-09,80.46,80.79,7602.15,7633.03,37.85,38.04
3.64938,4,0.2396,0.046,0.038,5.382,5.774,0.9882,0.00931,269.96,53.80,0.57100248,0.7251731496,2.28,1.00148e-08,5.968143e-09,1.013523e-08,6.050091e-09,80.33,80.66,7589.78,7621.51,37.78,37.97
3.64962,4,0.2397,0.046,0.038,5.381,5.774,0.9882,0.00931,269.96,53.80,0.5710015199999999,0.7251719303999999,2.28,1.00282e-08,5.980556e-09,1.017497e-08,6.071954e-09,80.51,80.64,7606.88,7618.91,37.88,37.95
3.64988,4,0.2397,0.046,0.038,5.381,5.774,0.9882,0.00931,269.96,53.80,0.5710004799999999,0.7251706095999999,2.28,1.005011e-08,5.991585e-09,1.020974e-08,6.092336e-09,80.44,80.62,7600.48,7617.77,37.84,37.94
3.65013,4,0.2397,0.046,0.038,5.381,5.774,0.9882,0.00931,269.96,53.80,0.57099948,0.7251693396,2.28,1.007056e-08,6.001156e-09,1.025421e-08,6.111006e-09,80.35,80.37,7592.27,7593.53,37.79,37.80
3.65037,4,0.2398,0.046,0.038,5.381,5.774,0.9882,0.00931,269.96,53.80,0.57099852,0.7251681204,2.28,1.009722e-08,6.015072e-09,1.029411e-08,6.137331e-09,80.32,80.48,7589.28,7604.51,37.77,37.86
3.65062,4,0.2398,0.046,0.038,5.381,5.774,0.9882,0.00931,269.96,53.80,0.5709975199999999,0.7251668504,2.28,1.012328e-08,6.030013e-09,1.034024e-08,6.160913e-09,80.30,80.36,7587.46,7592.54,37.76,37.79
3.65088,4,0.2398,0.046,0.038,5.381,5.774,0.9882,0.00931,269.96,53.80,0.5709964799999999,0.7251655295999999,2.28,1.014575e-08,6.043482e-09,1.038978e-08,6.177412e-09,80.31,79.94,7587.73,7553.16,37.76,37.55
3.65112,4,0.2398,0.046,0.038,5.381,5.774,0.9882,0.00931,269.96,53.80,0.57099552,0.7251643104,2.28,1.018412e-08,6.061777e-09,1.042129e-08,6.207689e-09,80.16,80.31,7573.63,7587.96,37.68,37.76
3.65137,4,0.2399,0.046,0.038,5.381,5.774,0.9882,0.00931,269.96,53.80,0.57099452,0.7251630403999999,2.28,1.020687e-08,6.074838e-09,1.046781e-08,6.227207e-09,80.17,80.08,7575.31,7566.50,37.69,37.63
3.65163,4,0.2399,0.046,0.038,5.381,5.774,0.9882,0.00931,269.96,53.80,0.5709934799999999,0.7251617196,2.28,1.023919e-08,6.093828e-09,1.050714e-08,6.25132e-09,80.17,80.10,7574.56,7568.64,37.68,37.65
3.65187,4,0.2399,0.046,0.038,5.381,5.774,0.9882,0.00931,269.96,53.80,0.57099252,0.7251605004,2.28,1.027249e-08,6.110604e-09,1.055386e-08,6.273417e-09,80.07,79.92,7565.25,7551.70,37.63,37.54
3.65212,4,0.2400,0.046,0.038,5.381,5.774,0.9882,0.00931,269.96,53.80,0.57099152,0.7251592304,2.28,1.030811e-08,6.128245e-09,1.058899e-08,6.301175e-09,79.99,80.17,7557.61,7575.23,37.58,37.69
3.65238,4,0.2400,0.046,0.038,5.381,5.774,0.9882,0.00931,269.96,53.80,0.57099048,0.7251579095999999,2.28,1.033258e-08,6.148464e-09,1.062897e-08,6.310516e-09,80.17,79.72,7574.84,7532.64,37.68,37.43
3.65263,4,0.2400,0.046,0.038,5.381,5.774,0.9882,0.00931,269.96,53.80,0.5709894799999999,0.7251566396,2.28,1.037319e-08,6.169027e-09,1.066216e-08,6.33029e-09,80.05,79.73,7563.93,7532.84,37.62,37.43
3.65287,4,0.2401,0.046,0.038,5.381,5.774,0.9882,0.00931,269.96,53.80,0.57098852,0.7251554204,2.28,1.039913e-08,6.184635e-09,1.069894e-08,6.344625e-09,80.09,79.53,7567.63,7514.11,37.64,37.32
3.65313,4,0.2401,0.046,0.038,5.408,5.774,0.9882,0.00931,269.96,53.80,0.57098748,0.7251540996,2.28,1.042677e-08,6.197645e-09,1.072942e-08,6.364905e-09,79.98,79.59,7557.32,7520.51,37.58,37.36
3.65338,4,0.2401,0.046,0.038,5.408,5.774,0.9882,0.00931,269.96,53.80,0.57098648,0.7251528295999999,2.28,1.045605e-08,6.212586e-09,1.07624e-08,6.37309e-09,79.91,79.25,7549.94,7487.64,37.53,37.16
3.65362,4,0.2401,0.046,0.038,5.408,5.774,0.9882,0.00931,269.96,53.80,0.5709855199999999,0.7251516103999999,2.28,1.047996e-08,6.228491e-09,1.078196e-08,6.386407e-09,79.96,79.30,7555.01,7492.63,37.56,37.19
3.65388,4,0.2402,0.046,0.038,5.407,5.774,0.9882,0.00931,269.96,53.80,0.5709844799999999,0.7251502895999999,2.28,1.050608e-08,6.240772e-09,1.080877e-08,6.402198e-09,79.89,79.33,7548.49,7495.50,37.52,37.20
3.65413,4,0.2402,0.046,0.038,5.407,5.774,0.9882,0.00931,269.96,53.80,0.57098348,0.7251490196,2.28,1.051245e-08,6.251172e-09,1.082516e-08,6.405608e-09,80.10,79.14,7568.22,7477.46,37.64,37.10
3.65437,4,0.2402,0.046,0.038,5.407,5.774,0.9882,0.00931,269.96,53.80,0.5709825199999999,0.7251478003999999,2.28,1.054304e-08,6.259111e-09,1.084178e-08,6.407976e-09,79.78,78.91,7537.76,7456.18,37.46,36.97
3.65462,4,0.2403,0.046,0.038,5.407,5.774,0.9882,0.00931,269.96,53.80,0.5709815199999999,0.7251465303999999,2.28,1.055684e-08,6.267713e-09,1.085391e-08,6.418708e-09,79.82,79.05,7542.11,7469.42,37.49,37.05
3.65488,4,0.2403,0.046,0.038,5.407,5.774,0.9882,0.00931,269.96,53.80,0.57098048,0.7251452096000001,2.28,1.056395e-08,6.277257e-09,1.085548e-08,6.41402e-09,79.99,78.89,7557.89,7453.45,37.58,36.95
3.65512,4,0.2403,0.046,0.038,5.407,5.774,0.9882,0.00931,269.96,53.80,0.57097952,0.7251439904,2.28,1.057991e-08,6.278355e-09,1.086828e-08,6.420628e-09,79.73,78.86,7533.09,7450.74,37.43,36.93
3.65537,4,0.2403,0.046,0.038,5.407,5.774,0.9882,0.00931,269.96,53.80,0.5709785199999999,0.7251427203999999,2.28,1.058935e-08,6.286562e-09,1.087108e-08,6.42173e-09,79.81,78.84,7540.78,7449.18,37.48,36.92
3.65563,4,0.2404,0.046,0.038,5.407,5.774,0.9882,0.00931,269.96,53.80,0.5709774799999999,0.7251413995999999,2.28,1.059458e-08,6.28399e-09,1.086511e-08,6.420586e-09,79.67,78.94,7527.18,7459.04,37.40,36.98
3.65587,4,0.2404,0.046,0.038,5.407,5.774,0.9882,0.00931,269.96,53.80,0.57097652,0.7251401804,2.28,1.058983e-08,6.285148e-09,1.086314e-08,6.412285e-09,79.79,78.73,7538.90,7438.80,37.47,36.86
3.65612,4,0.2404,0.046,0.038,5.407,5.774,0.9882,0.00931,269.96,53.80,0.57097552,0.7251389104,2.28,1.058932e-08,6.277801e-09,1.086007e-08,6.406422e-09,79.57,78.61,7518.15,7427.34,37.34,36.79
3.65638,4,0.2405,0.046,0.038,5.407,5.774,0.9882,0.00931,269.96,53.80,0.57097448,0.7251375896,2.28,1.057663e-08,6.272288e-09,1.084966e-08,6.39922e-09,79.67,78.61,7527.20,7427.43,37.39,36.79
3.65663,4,0.2405,0.046,0.038,5.407,5.774,0.9882,0.00931,269.97,53.80,0.5709734799999999,0.7251363195999999,2.28,1.057186e-08,6.269081e-09,1.083981e-08,6.390762e-09,79.65,78.53,7526.08,7419.93,37.39,36.75
3.65687,4,0.2405,0.046,0.038,5.407,5.774,0.9882,0.00931,269.97,53.80,0.57097252,0.7251351004,2.28,1.056028e-08,6.257013e-09,1.081921e-08,6.379062e-09,79.49,78.54,7510.74,7421.19,37.30,36.75
3.65713,4,0.2406,0.046,0.038,5.407,5.774,0.9882,0.00931,269.97,53.80,0.57097148,0.7251337796,2.28,1.054677e-08,6.245961e-09,1.081505e-08,6.368848e-09,79.43,78.34,7504.88,7402.30,37.26,36.64
3.65738,4,0.2406,0.046,0.038,5.407,5.774,0.9882,0.00931,269.97,53.80,0.57097048,0.7251325096,2.28,1.053247e-08,6.240335e-09,1.078916e-08,6.355474e-09,79.52,78.40,7513.27,7407.60,37.31,36.67
3.65762,4,0.2406,0.046,0.038,5.407,5.774,0.9882,0.00931,269.97,53.80,0.57096952,0.7251312904,2.28,1.051388e-08,6.225597e-09,1.07676e-08,6.346129e-09,79.40,78.50,7502.26,7417.15,37.24,36.73
3.65788,4,0.2406,0.046,0.038,5.407,5.774,0.9882,0.00931,269.97,53.80,0.57096848,0.7251299696,2.28,1.050173e-08,6.217149e-09,1.075562e-08,6.339593e-09,79.36,78.52,7498.56,7418.64,37.22,36.74
3.65813,4,0.2407,0.046,0.038,5.407,5.774,0.9882,0.00931,269.97,53.80,0.57096748,0.7251286995999999,2.28,1.047538e-08,6.201128e-09,1.073083e-08,6.318745e-09,79.38,78.36,7500.42,7403.93,37.23,36.65
3.65837,4,0.2407,0.046,0.038,5.407,5.774,0.9882,0.00931,269.97,53.80,0.5709665199999999,0.7251274803999999,2.28,1.044794e-08,6.188505e-09,1.070869e-08,6.299063e-09,79.50,78.16,7511.19,7384.98,37.30,36.53
3.65862,4,0.2407,0.046,0.038,5.407,5.774,0.9882,0.00931,269.97,53.80,0.57096552,0.7251262104,2.28,1.042188e-08,6.174744e-09,1.068421e-08,6.288558e-09,79.55,78.28,7516.19,7396.10,37.33,36.60
3.65888,4,0.2408,0.046,0.038,5.407,5.774,0.9882,0.00931,269.97,53.80,0.57096448,0.7251248896,2.28,1.039898e-08,6.151966e-09,1.06642e-08,6.278702e-09,79.29,78.37,7491.79,7404.68,37.18,36.65
3.65912,4,0.2408,0.046,0.038,5.407,5.774,0.9882,0.00931,269.97,53.80,0.57096352,0.7251236703999999,2.28,1.038034e-08,6.141551e-09,1.064268e-08,6.256942e-09,79.31,78.09,7493.62,7378.62,37.19,36.50
3.65937,4,0.2408,0.046,0.038,5.407,5.774,0.9882,0.00931,269.97,53.80,0.5709625199999999,0.7251224003999999,2.28,1.035333e-08,6.123238e-09,1.062252e-08,6.245582e-09,79.24,78.11,7486.64,7380.03,37.15,36.50
3.65963,4,0.2408,0.046,0.038,5.407,5.774,0.9882,0.00931,269.97,53.80,0.5709614799999999,0.7251210795999999,2.28,1.034122e-08,6.110284e-09,1.059757e-08,6.22867e-09,79.05,78.04,7469.31,7373.59,37.04,36.47
3.65987,4,0.2409,0.046,0.038,5.406,5.774,0.9882,0.00931,269.97,53.80,0.57096052,0.7251198604,2.28,1.031246e-08,6.096493e-09,1.058023e-08,6.218538e-09,79.19,78.07,7482.02,7376.82,37.12,36.49
3.66012,4,0.2409,0.046,0.038,5.406,5.774,0.9882,0.00931,269.97,53.80,0.5709595199999999,0.7251185903999999,2.28,1.028672e-08,6.079262e-09,1.056409e-08,6.208084e-09,79.12,78.04,7475.96,7374.03,37.08,36.47
3.66038,4,0.2409,0.046,0.038,5.406,5.774,0.9882,0.00931,269.97,53.80,0.5709584799999999,0.7251172695999999,2.28,1.027548e-08,6.064039e-09,1.054377e-08,6.19146e-09,78.85,77.90,7450.19,7360.53,36.93,36.39
3.66063,4,0.2410,0.046,0.038,5.406,5.774,0.9882,0.00931,269.97,53.80,0.5709574799999999,0.7251159995999998,2.28,1.025296e-08,6.058904e-09,1.053799e-08,6.18267e-09,79.14,77.77,7477.83,7348.05,37.10,36.31
3.66087,4,0.2410,0.046,0.038,5.406,5.774,0.9882,0.00931,269.97,53.80,0.57095652,0.7251147804,2.28,1.024149e-08,6.039489e-09,1.052875e-08,6.176452e-09,78.74,77.75,7439.78,7345.76,36.87,36.30
3.66113,4,0.2410,0.046,0.038,5.406,5.774,0.9882,0.00931,269.97,53.80,0.57095548,0.7251134596,2.28,1.022701e-08,6.033781e-09,1.051487e-08,6.169028e-09,78.83,77.77,7448.30,7347.83,36.92,36.31
3.66138,4,0.2411,0.046,0.038,5.406,5.774,0.9882,0.00931,269.97,53.80,0.5709544799999999,0.7251121895999999,2.28,1.021939e-08,6.027295e-09,1.051882e-08,6.158017e-09,78.80,77.39,7445.39,7312.58,36.90,36.10
3.66162,4,0.2411,0.046,0.038,5.406,5.774,0.9882,0.00931,269.97,53.80,0.57095352,0.7251109704,2.28,1.02052e-08,6.023614e-09,1.05123e-08,6.155808e-09,78.95,77.44,7459.54,7317.19,36.98,36.12
3.66188,4,0.2411,0.046,0.038,5.406,5.774,0.9882,0.00931,269.97,53.80,0.57095248,0.7251096496,2.28,1.019668e-08,6.017949e-09,1.051021e-08,6.150781e-09,78.93,77.33,7457.62,7306.29,36.97,36.06
3.66213,4,0.2411,0.046,0.038,5.406,5.774,0.9882,0.00931,269.97,53.80,0.57095148,0.7251083796,2.28,1.019873e-08,6.010276e-09,1.051257e-08,6.155184e-09,78.65,77.42,7430.82,7314.95,36.81,36.11
3.66237,4,0.2412,0.046,0.038,5.406,5.774,0.9882,0.00931,269.97,53.80,0.5709505199999999,0.7251071603999999,2.28,1.020055e-08,6.010254e-09,1.05141e-08,6.154102e-09,78.64,77.39,7430.61,7312.31,36.81,36.09
3.66262,4,0.2412,0.046,0.038,5.406,5.774,0.9882,0.00931,269.97,53.80,0.57094952,0.7251058904,2.28,1.020527e-08,6.015717e-09,1.053048e-08,6.150529e-09,78.73,76.99,7438.68,7274.77,36.86,35.87
3.66288,4,0.2412,0.046,0.038,5.406,5.774,0.9882,0.00931,269.97,53.80,0.57094848,0.7251045696,2.28,1.02029e-08,6.018168e-09,1.053332e-08,6.158232e-09,78.85,77.18,7450.28,7291.98,36.93,35.97
3.66312,4,0.2413,0.046,0.038,5.406,5.774,0.9882,0.00931,269.97,53.80,0.5709475199999999,0.7251033504,2.28,1.021449e-08,6.019246e-09,1.054101e-08,6.160719e-09,78.70,77.15,7436.03,7289.28,36.84,35.96
3.66337,4,0.2413,0.046,0.038,5.406,5.774,0.9882,0.00931,269.97,53.80,0.57094652,0.7251020804,2.28,1.023642e-08,6.026771e-09,1.055963e-08,6.164854e-09,78.53,76.94,7419.85,7270.13,36.74,35.84
3.66363,4,0.2413,0.046,0.038,5.406,5.774,0.9882,0.00931,269.97,53.80,0.57094548,0.7251007596,2.28,1.024387e-08,6.032772e-09,1.057688e-08,6.17405e-09,78.58,76.92,7424.68,7267.66,36.77,35.82
3.66387,4,0.2413,0.046,0.038,5.406,5.774,0.9882,0.00931,269.97,53.80,0.57094452,0.7250995403999999,2.28,1.026022e-08,6.04e-09,1.059994e-08,6.187907e-09,78.50,76.93,7417.51,7268.78,36.73,35.83
3.66412,4,0.2414,0.046,0.038,5.406,5.774,0.9882,0.00931,269.97,53.80,0.5709435199999999,0.7250982704,2.28,1.027934e-08,6.051287e-09,1.061963e-08,6.190371e-09,78.54,76.69,7420.68,7246.39,36.75,35.70
3.66438,4,0.2414,0.046,0.038,5.406,5.774,0.9882,0.00931,269.97,53.80,0.5709424799999999,0.7250969495999999,2.28,1.029747e-08,6.061259e-09,1.06392e-08,6.20276e-09,78.52,76.72,7418.59,7249.14,36.74,35.71
3.66463,4,0.2414,0.046,0.038,5.406,5.774,0.9882,0.00931,269.97,53.80,0.57094148,0.7250956796,2.28,1.032578e-08,6.073972e-09,1.065751e-08,6.218006e-09,78.39,76.86,7406.88,7261.94,36.67,35.79
3.66487,4,0.2415,0.046,0.038,5.406,5.774,0.9882,0.00931,269.97,53.80,0.57094052,0.7250944603999999,2.28,1.03395e-08,6.085783e-09,1.069192e-08,6.231257e-09,78.54,76.69,7421.02,7245.90,36.75,35.69
3.66513,4,0.2415,0.046,0.038,5.406,5.774,0.9882,0.00931,269.97,53.80,0.5709394799999999,0.7250931396,2.28,1.036823e-08,6.10251e-09,1.07129e-08,6.245021e-09,78.54,76.73,7420.48,7250.17,36.75,35.72
3.66538,4,0.2415,0.046,0.038,5.406,5.774,0.9882,0.00931,269.97,53.80,0.5709384799999999,0.7250918695999999,2.28,1.039666e-08,6.114111e-09,1.074737e-08,6.255637e-09,78.38,76.46,7405.37,7223.93,36.66,35.56
3.66562,4,0.2416,0.046,0.038,5.405,5.774,0.9882,0.00931,269.97,53.80,0.57093752,0.7250906504,2.28,1.043519e-08,6.134472e-09,1.077373e-08,6.282492e-09,78.34,76.82,7401.71,7258.75,36.63,35.77
3.66588,4,0.2416,0.046,0.038,5.405,5.774,0.9882,0.00931,269.97,53.80,0.57093648,0.7250893295999999,2.28,1.045323e-08,6.148337e-09,1.079679e-08,6.289387e-09,78.44,76.63,7411.24,7240.65,36.69,35.66
3.66613,4,0.2416,0.046,0.038,5.405,5.774,0.9882,0.00931,269.97,53.80,0.5709354799999999,0.7250880595999999,2.28,1.049318e-08,6.165994e-09,1.082971e-08,6.309937e-09,78.26,76.67,7394.24,7244.43,36.59,35.68
3.66637,4,0.2416,0.046,0.038,5.405,5.774,0.9882,0.00931,269.97,53.80,0.57093452,0.7250868404,2.28,1.051792e-08,6.181845e-09,1.085625e-08,6.323535e-09,78.30,76.62,7398.05,7239.31,36.61,35.65
3.66662,4,0.2417,0.046,0.038,5.405,5.774,0.9882,0.00931,269.97,53.80,0.57093352,0.7250855704,2.28,1.054572e-08,6.198106e-09,1.088948e-08,6.338293e-09,78.33,76.52,7400.88,7229.75,36.63,35.59
3.66688,4,0.2417,0.046,0.037,5.405,5.774,0.9882,0.00931,269.97,53.80,0.57093248,0.7250842496,2.28,1.057501e-08,6.214301e-09,1.091406e-08,6.358003e-09,78.30,76.67,7398.07,7244.61,36.61,35.69
3.66712,4,0.2417,0.046,0.037,5.405,5.774,0.9882,0.00931,269.97,53.80,0.5709315199999999,0.7250830303999999,2.28,1.060338e-08,6.22568e-09,1.093415e-08,6.367158e-09,78.14,76.60,7382.85,7237.67,36.52,35.64
3.66737,4,0.2418,0.046,0.037,5.405,5.774,0.9882,0.00931,269.97,53.80,0.57093052,0.7250817604,2.28,1.06396e-08,6.241635e-09,1.095853e-08,6.377294e-09,78.01,76.52,7370.71,7229.64,36.45,35.59
3.66763,4,0.2418,0.046,0.037,5.405,5.774,0.9882,0.00931,269.97,53.80,0.57092948,0.7250804396,2.28,1.06529e-08,6.257239e-09,1.098494e-08,6.393653e-09,78.25,76.54,7393.01,7232.32,36.58,35.61
3.66787,4,0.2418,0.046,0.037,5.405,5.774,0.9882,0.00931,269.97,53.80,0.5709285199999999,0.7250792204,2.28,1.067086e-08,6.267015e-09,1.099569e-08,6.40722e-09,78.22,76.75,7390.80,7252.12,36.57,35.73
3.66812,4,0.2418,0.045,0.037,5.405,5.774,0.9882,0.00931,269.97,53.80,0.5709275199999999,0.7250779503999999,2.28,1.07e-08,6.275831e-09,1.102143e-08,6.416409e-09,77.97,76.59,7367.07,7236.28,36.42,35.63
3.66838,4,0.2419,0.045,0.037,5.405,5.774,0.9882,0.00931,269.97,53.80,0.57092648,0.7250766296000001,2.28,1.071621e-08,6.290145e-09,1.103182e-08,6.42182e-09,78.15,76.60,7383.76,7237.55,36.53,35.64
3.66863,4,0.2419,0.045,0.037,5.405,5.774,0.9882,0.00931,269.97,53.80,0.57092548,0.7250753596,2.28,1.072337e-08,6.29329e-09,1.104621e-08,6.432969e-09,78.12,76.68,7380.75,7245.03,36.51,35.69
3.66887,4,0.2419,0.045,0.037,5.405,5.774,0.9882,0.00931,269.97,53.80,0.5709245199999999,0.7250741404,2.28,1.073583e-08,6.296838e-09,1.106014e-08,6.44157e-09,78.00,76.69,7370.09,7246.34,36.44,35.69
3.66913,4,0.2420,0.045,0.037,5.405,5.774,0.9882,0.00931,269.97,53.80,0.5709234799999999,0.7250728195999999,2.28,1.074241e-08,6.301224e-09,1.107037e-08,6.442729e-09,78.05,76.59,7374.63,7236.43,36.47,35.63
3.66938,4,0.2420,0.045,0.037,5.405,5.774,0.9882,0.00931,269.97,53.80,0.57092248,0.7250715496,2.28,1.075805e-08,6.298649e-09,1.106935e-08,6.449492e-09,77.70,76.80,7341.50,7256.23,36.27,35.75
3.66962,4,0.2420,0.045,0.037,5.405,5.774,0.9882,0.00931,269.97,53.80,0.57092152,0.7250703303999999,2.28,1.074431e-08,6.304484e-09,1.107905e-08,6.45526e-09,78.12,76.80,7380.70,7256.54,36.51,35.76
3.66988,4,0.2421,0.045,0.037,5.405,5.774,0.9882,0.00931,269.97,53.80,0.57092048,0.7250690096,2.28,1.074311e-08,6.298113e-09,1.107503e-08,6.452309e-09,77.98,76.82,7367.71,7257.90,36.43,35.76
3.67013,4,0.2421,0.045,0.037,5.405,5.774,0.9882,0.00931,269.97,53.80,0.5709194799999999,0.7250677395999999,2.28,1.073808e-08,6.290272e-09,1.107321e-08,6.452866e-09,77.83,76.86,7353.89,7262.26,36.34,35.79
3.67037,4,0.2421,0.045,0.037,5.405,5.774,0.9882,0.00931,269.97,53.80,0.57091852,0.7250665204,2.28,1.073325e-08,6.286723e-09,1.107232e-08,6.450405e-09,77.81,76.81,7351.85,7257.02,36.33,35.76
3.67062,4,0.2421,0.045,0.037,5.405,5.774,0.9882,0.00931,269.97,53.80,0.57091752,0.7250652503999999,2.28,1.07209e-08,6.276026e-09,1.105968e-08,6.447417e-09,77.71,76.93,7342.07,7268.84,36.27,35.83
3.67088,4,0.2422,0.045,0.037,5.405,5.774,0.9882,0.00931,269.97,53.80,0.57091648,0.7250639296,2.28,1.070372e-08,6.261615e-09,1.104432e-08,6.442709e-09,77.61,77.08,7332.81,7283.35,36.22,35.92
3.67112,4,0.2422,0.045,0.037,5.405,5.774,0.9882,0.00931,269.97,53.80,0.57091552,0.7250627104,2.28,1.068552e-08,6.253211e-09,1.104293e-08,6.439213e-09,77.68,77.01,7339.15,7276.07,36.26,35.87
3.67137,4,0.2422,0.045,0.037,5.405,5.774,0.9882,0.00931,269.97,53.80,0.57091452,0.7250614404,2.28,1.066225e-08,6.239957e-09,1.102195e-08,6.431197e-09,77.69,77.13,7340.18,7287.54,36.26,35.94
3.67163,4,0.2423,0.045,0.037,5.404,5.774,0.9882,0.00931,269.97,53.80,0.57091348,0.7250601195999999,2.28,1.064508e-08,6.224322e-09,1.100223e-08,6.417565e-09,77.55,77.10,7327.36,7284.75,36.18,35.93
3.67188,4,0.2423,0.045,0.037,5.404,5.774,0.9882,0.00931,269.97,53.80,0.5709124799999999,0.7250588495999999,2.28,1.061928e-08,6.204341e-09,1.098576e-08,6.405862e-09,77.40,77.04,7313.46,7279.04,36.10,35.89
3.67212,4,0.2423,0.045,0.037,5.404,5.774,0.9882,0.00931,269.97,53.80,0.57091152,0.7250576304,2.28,1.058797e-08,6.185462e-09,1.096094e-08,6.397123e-09,77.39,77.21,7311.80,7294.72,36.09,35.99
3.67238,4,0.2423,0.045,0.037,5.404,5.774,0.9882,0.00931,269.97,53.80,0.57091048,0.7250563096,2.28,1.05471e-08,6.166669e-09,1.093664e-08,6.382816e-09,77.54,77.20,7326.32,7294.38,36.18,35.98
3.67263,4,0.2424,0.045,0.037,5.404,5.774,0.9882,0.00931,269.97,53.80,0.57090948,0.7250550396,2.28,1.052218e-08,6.142187e-09,1.091316e-08,6.372065e-09,77.27,77.32,7300.97,7305.51,36.02,36.05
3.67287,4,0.2424,0.045,0.037,5.404,5.774,0.9882,0.00931,269.97,53.80,0.5709085199999999,0.7250538203999999,2.28,1.048331e-08,6.118806e-09,1.08866e-08,6.359949e-09,77.25,77.42,7298.99,7314.89,36.01,36.11
3.67313,4,0.2424,0.045,0.037,5.404,5.774,0.9882,0.00931,269.97,53.80,0.5709074799999999,0.7250524995999998,2.28,1.045484e-08,6.103534e-09,1.086735e-08,6.345223e-09,77.29,77.32,7302.86,7305.25,36.04,36.05
3.67338,4,0.2425,0.045,0.037,5.404,5.774,0.9882,0.00931,269.97,53.80,0.57090648,0.7250512296,2.28,1.041917e-08,6.075214e-09,1.084694e-08,6.336097e-09,77.09,77.43,7284.28,7316.01,35.92,36.11
3.67362,4,0.2425,0.045,0.037,5.404,5.774,0.9882,0.00931,269.97,53.80,0.5709055199999999,0.7250500104,2.28,1.038379e-08,6.055444e-09,1.08168e-08,6.315875e-09,77.12,77.35,7286.76,7308.73,35.94,36.07
3.67387,4,0.2425,0.045,0.037,5.404,5.774,0.9882,0.00931,269.97,53.80,0.5709045199999999,0.7250487403999999,2.28,1.034609e-08,6.032446e-09,1.078867e-08,6.303003e-09,77.09,77.46,7283.82,7318.65,35.92,36.13
3.67413,4,0.2426,0.045,0.037,5.404,5.774,0.9882,0.00931,269.97,53.80,0.5709034799999999,0.7250474195999999,2.28,1.030888e-08,6.018292e-09,1.076644e-08,6.290902e-09,77.35,77.52,7308.80,7324.15,36.07,36.16
3.67437,4,0.2426,0.045,0.037,5.404,5.774,0.9882,0.00931,269.97,53.80,0.57090252,0.7250462004,2.28,1.028904e-08,5.990175e-09,1.074548e-08,6.275836e-09,76.84,77.43,7260.64,7316.24,35.78,36.12
3.67462,4,0.2426,0.045,0.037,5.404,5.774,0.9882,0.00931,269.97,53.80,0.5709015199999999,0.7250449304,2.28,1.024697e-08,5.970182e-09,1.072531e-08,6.260266e-09,76.98,77.32,7273.76,7305.61,35.86,36.05
3.67488,4,0.2426,0.045,0.037,5.404,5.774,0.9882,0.00931,269.97,53.80,0.5709004799999999,0.7250436095999999,2.28,1.021582e-08,5.950754e-09,1.069926e-08,6.246484e-09,76.94,77.36,7270.02,7309.61,35.84,36.08
3.67512,4,0.2427,0.045,0.037,5.404,5.774,0.9882,0.00931,269.97,53.80,0.57089952,0.7250423904,2.28,1.018993e-08,5.934925e-09,1.067978e-08,6.236076e-09,76.95,77.42,7270.82,7315.34,35.84,36.11
3.67537,4,0.2427,0.045,0.037,5.404,5.774,0.9882,0.00931,269.97,53.80,0.57089852,0.7250411204,2.28,1.016705e-08,5.916532e-09,1.065875e-08,6.224714e-09,76.79,77.45,7255.94,7317.93,35.75,36.13
3.67563,4,0.2427,0.045,0.037,5.404,5.774,0.9882,0.00931,269.97,53.80,0.57089748,0.7250397996,2.28,1.013815e-08,5.897629e-09,1.064931e-08,6.216264e-09,76.73,77.36,7249.81,7309.63,35.71,36.08
3.67588,4,0.2428,0.045,0.037,5.404,5.774,0.9882,0.00931,269.97,53.80,0.5708964799999999,0.7250385295999999,2.28,1.011932e-08,5.885634e-09,1.062999e-08,6.205803e-09,76.73,77.42,7249.73,7314.96,35.71,36.11
3.67612,4,0.2428,0.045,0.037,5.404,5.774,0.9882,0.00931,269.97,53.80,0.57089552,0.7250373104,2.28,1.009131e-08,5.87647e-09,1.061815e-08,6.202285e-09,76.95,77.52,7270.81,7324.59,35.84,36.17
3.67638,4,0.2428,0.045,0.037,5.404,5.774,0.9882,0.00931,269.97,53.80,0.57089448,0.7250359896,2.28,1.008085e-08,5.859205e-09,1.061842e-08,6.193253e-09,76.60,77.25,7237.76,7298.55,35.64,36.01
3.67663,4,0.2428,0.045,0.037,5.404,5.774,0.9882,0.00932,269.97,53.80,0.57089348,0.7250347196,2.28,1.00607e-08,5.847726e-09,1.060509e-08,6.190866e-09,76.61,77.41,7238.45,7313.82,35.64,36.10
3.67687,4,0.2429,0.045,0.037,5.404,5.774,0.9882,0.00932,269.97,53.80,0.5708925199999999,0.7250335003999999,2.28,1.005392e-08,5.848752e-09,1.060755e-08,6.183731e-09,76.80,77.18,7256.14,7292.55,35.75,35.97
3.67713,4,0.2429,0.045,0.037,5.404,5.774,0.9882,0.00932,269.97,53.80,0.57089148,0.7250321796,2.28,1.00472e-08,5.838961e-09,1.059826e-08,6.182956e-09,76.61,77.32,7238.71,7305.70,35.65,36.05
3.67738,4,0.2429,0.045,0.037,5.404,5.774,0.9882,0.00932,269.97,53.80,0.57089048,0.7250309095999999,2.28,1.003681e-08,5.836438e-09,1.060169e-08,6.178189e-09,76.72,77.12,7249.13,7286.54,35.71,35.94
3.67762,4,0.2430,0.045,0.037,5.403,5.774,0.9882,0.00932,269.97,53.80,0.5708895199999999,0.7250296903999999,2.28,1.003144e-08,5.835322e-09,1.061051e-08,6.184937e-09,76.82,77.20,7258.08,7294.08,35.76,35.98
3.67787,4,0.2430,0.045,0.037,5.403,5.774,0.9882,0.00932,269.97,53.80,0.57088852,0.7250284204,2.28,1.003438e-08,5.835493e-09,1.061227e-08,6.179236e-09,76.77,77.00,7253.51,7275.09,35.74,35.87
3.67813,4,0.2430,0.045,0.037,5.403,5.774,0.9882,0.00932,269.97,53.80,0.57088748,0.7250270996,2.28,1.004533e-08,5.835042e-09,1.06327e-08,6.187495e-09,76.56,76.89,7233.31,7264.87,35.61,35.80
3.67837,4,0.2431,0.045,0.037,5.403,5.774,0.9882,0.00932,269.97,53.80,0.57088652,0.7250258803999999,2.28,1.0046e-08,5.835047e-09,1.062916e-08,6.189509e-09,76.57,77.04,7235.15,7279.32,35.62,35.89
3.67862,4,0.2431,0.045,0.037,5.403,5.774,0.9882,0.00932,269.97,53.80,0.5708855199999999,0.7250246103999999,2.28,1.005407e-08,5.842292e-09,1.06507e-08,6.203016e-09,76.65,77.07,7242.71,7282.03,35.67,35.91
3.67888,4,0.2431,0.045,0.037,5.403,5.774,0.9882,0.00932,269.97,53.80,0.5708844799999999,0.7250232896,2.28,1.006807e-08,5.85032e-09,1.065974e-08,6.204239e-09,76.65,76.95,7242.39,7270.69,35.67,35.84
3.67912,4,0.2431,0.045,0.037,5.403,5.774,0.9882,0.00932,269.97,53.80,0.57088352,0.7250220704,2.28,1.008678e-08,5.861266e-09,1.067068e-08,6.210943e-09,76.65,76.96,7242.61,7271.63,35.67,35.84
3.67937,4,0.2432,0.045,0.037,5.403,5.774,0.9882,0.00932,269.97,53.80,0.57088252,0.7250208003999999,2.28,1.009758e-08,5.86714e-09,1.069072e-08,6.226489e-09,76.67,77.11,7244.41,7285.49,35.68,35.93
3.67963,4,0.2432,0.045,0.037,5.403,5.774,0.9882,0.00932,269.97,53.80,0.5708814799999999,0.7250194795999999,2.28,1.011338e-08,5.879202e-09,1.070944e-08,6.232782e-09,76.76,76.97,7252.89,7272.60,35.73,35.85
3.67988,4,0.2432,0.045,0.037,5.403,5.774,0.9882,0.00932,269.97,53.80,0.5708804799999999,0.7250182095999999,2.28,1.014257e-08,5.888501e-09,1.072763e-08,6.244302e-09,76.52,77.00,7230.40,7275.21,35.60,35.87
3.68012,4,0.2433,0.045,0.037,5.403,5.774,0.9882,0.00932,269.97,53.80,0.57087952,0.7250169904,2.28,1.016151e-08,5.904042e-09,1.073745e-08,6.257951e-09,76.70,77.26,7246.67,7300.34,35.69,36.02
3.68038,4,0.2433,0.045,0.037,5.403,5.774,0.9882,0.00932,269.97,53.80,0.57087848,0.7250156696,2.28,1.018933e-08,5.919135e-09,1.075001e-08,6.268485e-09,76.66,77.36,7243.54,7309.32,35.67,36.07
3.68063,4,0.2433,0.045,0.037,5.403,5.774,0.9882,0.00932,269.97,53.80,0.5708774799999999,0.7250143995999999,2.28,1.021409e-08,5.934393e-09,1.07746e-08,6.279318e-09,76.69,77.26,7246.09,7299.55,35.69,36.01
3.68087,4,0.2433,0.045,0.037,5.403,5.774,0.9882,0.00932,269.97,53.80,0.57087652,0.7250131804,2.28,1.023435e-08,5.950052e-09,1.080552e-08,6.293091e-09,76.81,77.13,7257.41,7287.76,35.76,35.94
3.68113,4,0.2434,0.045,0.037,5.403,5.774,0.9882,0.00932,269.97,53.80,0.57087548,0.7250118596,2.28,1.02707e-08,5.971206e-09,1.081477e-08,6.302813e-09,76.84,77.29,7260.45,7302.78,35.78,36.03
3.68138,4,0.2434,0.045,0.037,5.403,5.774,0.9882,0.00932,269.97,53.80,0.57087448,0.7250105896,2.28,1.029721e-08,5.986096e-09,1.082616e-08,6.311369e-09,76.83,77.35,7258.94,7308.11,35.77,36.06
3.68162,4,0.2434,0.045,0.037,5.403,5.774,0.9882,0.00932,269.97,53.80,0.5708735199999999,0.7250093703999999,2.28,1.032353e-08,6.000434e-09,1.085358e-08,6.323746e-09,76.80,77.24,7256.16,7298.12,35.75,36.00
3.68187,4,0.2435,0.045,0.037,5.403,5.774,0.9882,0.00932,269.97,53.80,0.57087252,0.7250081004,2.28,1.034808e-08,6.020571e-09,1.08604e-08,6.338306e-09,77.01,77.58,7276.07,7330.45,35.87,36.20
3.68213,4,0.2435,0.045,0.037,5.403,5.774,0.9882,0.00932,269.97,53.80,0.57087148,0.7250067796,2.28,1.037332e-08,6.035079e-09,1.087603e-08,6.34348e-09,77.00,77.47,7275.56,7319.51,35.87,36.13
3.68237,4,0.2435,0.045,0.037,5.403,5.774,0.9882,0.00932,269.97,53.80,0.5708705199999999,0.7250055604,2.28,1.039294e-08,6.055071e-09,1.089705e-08,6.360529e-09,77.26,77.61,7300.29,7332.76,36.02,36.21
3.68262,4,0.2435,0.045,0.037,5.403,5.774,0.9882,0.00932,269.97,53.80,0.5708695199999999,0.7250042903999999,2.28,1.042608e-08,6.068297e-09,1.090818e-08,6.369881e-09,77.08,77.69,7282.80,7340.67,35.91,36.26
3.68288,4,0.2436,0.045,0.037,5.403,5.774,0.9882,0.00932,269.97,53.80,0.57086848,0.7250029696,2.28,1.044372e-08,6.082141e-09,1.091138e-08,6.374449e-09,77.22,77.80,7296.06,7351.16,35.99,36.32
3.68312,4,0.2436,0.045,0.037,5.403,5.774,0.9882,0.00932,269.97,53.80,0.57086752,0.7250017503999999,2.28,1.047199e-08,6.096522e-09,1.093543e-08,6.385994e-09,77.16,77.73,7290.10,7344.23,35.95,36.28
3.68337,4,0.2436,0.045,0.037,5.403,5.774,0.9882,0.00932,269.97,53.80,0.5708665199999999,0.7250004804,2.28,1.049032e-08,6.108519e-09,1.093504e-08,6.391311e-09,77.20,77.89,7293.88,7359.58,35.98,36.37
3.68363,4,0.2437,0.045,0.037,5.402,5.774,0.9882,0.00932,269.97,53.80,0.5708654799999999,0.7249991595999999,2.28,1.05077e-08,6.127216e-09,1.094235e-08,6.399009e-09,77.49,78.02,7321.41,7372.10,36.14,36.45
3.68388,4,0.2437,0.045,0.037,5.402,5.774,0.9882,0.00932,269.97,53.80,0.57086448,0.7249978896,2.28,1.052911e-08,6.136632e-09,1.09433e-08,6.404318e-09,77.39,78.16,7312.64,7385.30,36.09,36.53
3.68412,4,0.2437,0.045,0.037,5.402,5.774,0.9882,0.00932,269.97,53.80,0.57086352,0.7249966703999999,2.28,1.053239e-08,6.147375e-09,1.095621e-08,6.40504e-09,77.66,77.96,7337.91,7366.35,36.24,36.42
3.68438,4,0.2438,0.045,0.037,5.402,5.774,0.9882,0.00932,269.97,53.80,0.57086248,0.7249953495999999,2.28,1.054946e-08,6.152391e-09,1.095443e-08,6.408771e-09,77.54,78.14,7326.77,7382.61,36.18,36.51
3.68463,4,0.2438,0.045,0.037,5.402,5.774,0.9882,0.00932,269.97,53.80,0.5708614799999999,0.7249940796,2.28,1.05506e-08,6.158638e-09,1.094883e-08,6.40759e-09,77.71,78.20,7342.74,7388.43,36.27,36.55
3.68487,4,0.2438,0.045,0.037,5.402,5.774,0.9882,0.00932,269.98,53.80,0.57086052,0.7249928604,2.28,1.055156e-08,6.164484e-09,1.093958e-08,6.41502e-09,77.87,78.58,7357.89,7424.27,36.36,36.77
3.68513,4,0.2438,0.045,0.037,5.402,5.774,0.9882,0.00932,269.98,53.80,0.57085948,0.7249915396,2.28,1.055227e-08,6.172325e-09,1.094417e-08,6.414218e-09,78.10,78.47,7379.25,7414.50,36.49,36.71
3.68538,4,0.2439,0.045,0.037,5.402,5.774,0.9882,0.00932,269.98,53.80,0.57085848,0.7249902695999999,2.28,1.055847e-08,6.169453e-09,1.093354e-08,6.409659e-09,77.93,78.55,7363.59,7422.22,36.40,36.75
3.68562,4,0.2439,0.045,0.037,5.402,5.774,0.9882,0.00932,269.98,53.80,0.57085752,0.7249890504000001,2.28,1.054633e-08,6.164478e-09,1.091154e-08,6.410224e-09,78.00,78.96,7369.68,7460.08,36.43,36.98
3.68587,4,0.2439,0.045,0.037,5.402,5.774,0.9882,0.00932,269.98,53.80,0.57085652,0.7249877804,2.28,1.053459e-08,6.165435e-09,1.090833e-08,6.409451e-09,78.24,78.99,7392.24,7463.23,36.57,37.00
3.68613,4,0.2440,0.045,0.037,5.402,5.774,0.9882,0.00932,269.98,53.80,0.57085548,0.7249864596,2.28,1.052507e-08,6.162058e-09,1.08972e-08,6.400714e-09,78.34,78.96,7401.63,7460.08,36.63,36.98
3.68637,4,0.2440,0.045,0.037,5.402,5.774,0.9882,0.00932,269.98,53.80,0.5708545199999999,0.7249852403999999,2.28,1.051485e-08,6.154755e-09,1.08823e-08,6.396044e-09,78.30,79.08,7397.80,7471.63,36.60,37.05
3.68662,4,0.2440,0.045,0.037,5.402,5.774,0.9882,0.00932,269.98,53.80,0.57085352,0.7249839704000001,2.28,1.050221e-08,6.152799e-09,1.087375e-08,6.393236e-09,78.46,79.14,7413.62,7477.92,36.70,37.09
3.68688,4,0.2440,0.045,0.037,5.402,5.774,0.9882,0.00932,269.98,53.80,0.57085248,0.7249826496,2.28,1.0478e-08,6.138383e-09,1.085129e-08,6.382045e-09,78.46,79.20,7412.94,7483.65,36.70,37.12
3.68712,4,0.2441,0.045,0.037,5.402,5.774,0.9882,0.00932,269.98,53.80,0.57085152,0.7249814304,2.28,1.046571e-08,6.130517e-09,1.083369e-08,6.369663e-09,78.47,79.18,7414.03,7480.93,36.70,37.11
3.68737,4,0.2441,0.045,0.037,5.402,5.774,0.9882,0.00932,269.98,53.80,0.5708505199999999,0.7249801603999999,2.28,1.044312e-08,6.118211e-09,1.081179e-08,6.362202e-09,78.50,79.34,7416.75,7496.41,36.72,37.20
3.68763,4,0.2441,0.045,0.037,5.402,5.774,0.9882,0.00932,269.98,53.80,0.5708494799999999,0.7249788395999999,2.28,1.041204e-08,6.106647e-09,1.079407e-08,6.355352e-09,78.70,79.45,7436.28,7506.68,36.84,37.26
3.68788,4,0.2442,0.045,0.037,5.402,5.774,0.9882,0.00932,269.98,53.80,0.57084848,0.7249775696,2.28,1.038635e-08,6.096232e-09,1.077201e-08,6.33981e-09,78.88,79.40,7453.08,7502.41,36.94,37.24
3.68812,4,0.2442,0.045,0.037,5.402,5.774,0.9882,0.00932,269.98,53.80,0.5708475199999999,0.7249763504,2.28,1.036295e-08,6.085994e-09,1.075375e-08,6.328825e-09,78.99,79.40,7463.47,7501.72,37.00,37.23
3.68838,4,0.2442,0.045,0.037,5.402,5.774,0.9882,0.00932,269.98,53.80,0.5708464799999999,0.7249750295999999,2.28,1.033778e-08,6.069141e-09,1.073946e-08,6.320644e-09,78.93,79.40,7457.30,7502.38,36.96,37.24
3.68863,4,0.2443,0.045,0.037,5.401,5.774,0.9882,0.00932,269.98,53.80,0.57084548,0.7249737596,2.28,1.031248e-08,6.058003e-09,1.071481e-08,6.311191e-09,79.08,79.59,7471.45,7520.09,37.05,37.34
3.68887,4,0.2443,0.045,0.037,5.401,5.774,0.9882,0.00932,269.98,53.80,0.57084452,0.7249725403999999,2.28,1.029006e-08,6.041497e-09,1.070625e-08,6.301444e-09,78.97,79.45,7461.46,7506.45,36.99,37.26
3.68913,4,0.2443,0.045,0.037,5.401,5.774,0.9882,0.00932,269.98,53.80,0.57084348,0.7249712196,2.28,1.025867e-08,6.029605e-09,1.06821e-08,6.291637e-09,79.18,79.58,7481.11,7519.26,37.11,37.34
3.68938,4,0.2443,0.045,0.037,5.401,5.774,0.9882,0.00932,269.98,53.80,0.5708424799999999,0.7249699495999999,2.28,1.023315e-08,6.016662e-09,1.067104e-08,6.2795e-09,79.24,79.41,7487.32,7502.91,37.14,37.24
3.68962,4,0.2444,0.045,0.037,5.401,5.774,0.9882,0.00932,269.98,53.80,0.57084152,0.7249687304,2.28,1.021186e-08,6.003288e-09,1.064987e-08,6.267044e-09,79.25,79.44,7487.79,7505.99,37.15,37.26
3.68987,4,0.2444,0.045,0.037,5.401,5.774,0.9882,0.00932,269.98,53.80,0.57084052,0.7249674603999999,2.28,1.019701e-08,5.989405e-09,1.063743e-08,6.261566e-09,79.08,79.50,7472.19,7511.36,37.05,37.29
3.69013,4,0.2444,0.045,0.037,5.401,5.774,0.9882,0.00932,269.98,53.80,0.57083948,0.7249661396,2.28,1.017284e-08,5.983578e-09,1.063083e-08,6.260296e-09,79.35,79.58,7497.61,7518.99,37.21,37.34
3.69037,4,0.2445,0.045,0.037,5.401,5.774,0.9882,0.00932,269.98,53.80,0.5708385199999999,0.7249649203999999,2.28,1.017839e-08,5.970686e-09,1.062584e-08,6.255798e-09,78.87,79.56,7451.71,7517.51,36.93,37.33
3.69062,4,0.2445,0.045,0.037,5.401,5.774,0.9882,0.00932,269.98,53.80,0.57083752,0.7249636504,2.28,1.016723e-08,5.961732e-09,1.061556e-08,6.255877e-09,78.79,79.75,7444.44,7535.47,36.89,37.44
3.69088,4,0.2445,0.045,0.037,5.401,5.774,0.9882,0.00932,269.98,53.80,0.57083648,0.7249623296,2.28,1.015398e-08,5.955636e-09,1.061542e-08,6.260299e-09,78.84,79.89,7449.50,7548.69,36.92,37.51
3.69112,4,0.2445,0.045,0.037,5.401,5.774,0.9882,0.00932,269.98,53.80,0.5708355199999999,0.7249611103999999,2.28,1.013992e-08,5.950299e-09,1.061875e-08,6.259337e-09,78.94,79.80,7458.32,7540.10,36.97,37.46
3.69137,4,0.2446,0.045,0.037,5.401,5.774,0.9882,0.00932,269.98,53.80,0.57083452,0.7249598404,2.28,1.012454e-08,5.937331e-09,1.062535e-08,6.262506e-09,78.84,79.81,7449.40,7541.07,36.91,37.47
3.69163,4,0.2446,0.045,0.037,5.401,5.774,0.9882,0.00932,269.98,53.80,0.57083348,0.7249585196,2.28,1.011071e-08,5.937962e-09,1.062304e-08,6.259099e-09,79.12,79.75,7476.01,7535.07,37.08,37.43
3.69188,4,0.2446,0.045,0.037,5.401,5.774,0.9882,0.00932,269.98,53.80,0.57083248,0.7249572496,2.28,1.008297e-08,5.926779e-09,1.063107e-08,6.258626e-09,79.29,79.59,7491.65,7519.85,37.17,37.34
3.69212,4,0.2447,0.045,0.037,5.401,5.774,0.9882,0.00932,269.98,53.80,0.5708315199999999,0.7249560303999999,2.28,1.006236e-08,5.926151e-09,1.064555e-08,6.261629e-09,79.70,79.45,7530.13,7506.83,37.40,37.26
3.69238,4,0.2447,0.045,0.037,5.401,5.774,0.9882,0.00932,269.98,53.80,0.5708304799999999,0.7249547095999999,2.28,1.005104e-08,5.923734e-09,1.065735e-08,6.272096e-09,79.84,79.56,7543.29,7517.09,37.48,37.32
3.69263,4,0.2447,0.045,0.037,5.401,5.774,0.9882,0.00932,269.98,53.80,0.57082948,0.7249534396,2.28,1.004959e-08,5.919277e-09,1.066662e-08,6.274107e-09,79.72,79.45,7532.13,7507.08,37.41,37.26
3.69287,4,0.2448,0.045,0.037,5.401,5.774,0.9882,0.00932,269.98,53.80,0.57082852,0.7249522204,2.28,1.005042e-08,5.921607e-09,1.06947e-08,6.289543e-09,79.81,79.45,7540.91,7507.01,37.47,37.26
3.69313,4,0.2448,0.045,0.037,5.401,5.774,0.9882,0.00932,269.98,53.80,0.5708274799999999,0.7249508995999999,2.28,1.004318e-08,5.926028e-09,1.071039e-08,6.301035e-09,80.10,79.52,7567.91,7513.57,37.63,37.30
3.69338,4,0.2448,0.045,0.037,5.401,5.774,0.9882,0.00932,269.98,53.80,0.5708264799999999,0.7249496295999999,2.28,1.004876e-08,5.931941e-09,1.073539e-08,6.318523e-09,80.18,79.61,7576.08,7521.61,37.68,37.35
3.69362,4,0.2448,0.045,0.037,5.401,5.774,0.9882,0.00932,269.98,53.80,0.57082552,0.7249484104,2.28,1.007231e-08,5.939254e-09,1.076466e-08,6.33604e-09,79.97,79.62,7555.62,7522.44,37.56,37.36
3.69387,4,0.2449,0.045,0.037,5.401,5.774,0.9882,0.00932,269.98,53.80,0.57082452,0.7249471404,2.28,1.007971e-08,5.95139e-09,1.080242e-08,6.351813e-09,80.25,79.45,7582.84,7506.98,37.72,37.26
3.69413,4,0.2449,0.045,0.037,5.401,5.774,0.9882,0.00932,269.98,53.80,0.5708234799999999,0.7249458195999999,2.28,1.009879e-08,5.963472e-09,1.082881e-08,6.376185e-09,80.28,79.72,7585.37,7532.37,37.74,37.42
3.69437,4,0.2449,0.045,0.037,5.401,5.774,0.9882,0.00932,269.98,53.80,0.57082252,0.7249446004,2.28,1.011481e-08,5.969906e-09,1.085198e-08,6.397977e-09,80.18,79.97,7576.00,7555.77,37.68,37.56
3.69462,4,0.2450,0.045,0.037,5.400,5.774,0.9882,0.00932,269.98,53.80,0.57082152,0.7249433303999999,2.28,1.013423e-08,5.987362e-09,1.089164e-08,6.418961e-09,80.41,79.93,7597.65,7551.98,37.81,37.53
3.69488,4,0.2450,0.045,0.037,5.400,5.774,0.9882,0.00932,269.98,53.80,0.57082048,0.7249420096,2.28,1.016259e-08,6.001661e-09,1.091818e-08,6.433289e-09,80.33,79.89,7590.06,7548.23,37.76,37.51
3.69512,4,0.2450,0.045,0.037,5.400,5.774,0.9882,0.00932,269.98,53.80,0.5708195199999999,0.7249407903999999,2.28,1.018056e-08,6.015716e-09,1.09484e-08,6.454552e-09,80.44,79.99,7600.68,7558.08,37.83,37.57
3.69537,4,0.2450,0.045,0.037,5.400,5.774,0.9882,0.00932,269.98,53.80,0.57081852,0.7249395204,2.28,1.019894e-08,6.033119e-09,1.098334e-08,6.477247e-09,80.66,80.06,7620.88,7564.05,37.95,37.61
3.69563,4,0.2451,0.045,0.037,5.400,5.774,0.9882,0.00932,269.98,53.80,0.57081748,0.7249381995999999,2.28,1.023476e-08,6.052332e-09,1.101633e-08,6.496666e-09,80.63,80.09,7617.90,7567.03,37.93,37.62
3.69588,4,0.2451,0.045,0.037,5.400,5.774,0.9882,0.00932,269.98,53.80,0.57081648,0.7249369296,2.28,1.026408e-08,6.067997e-09,1.104351e-08,6.510458e-09,80.57,80.02,7612.77,7560.70,37.90,37.59
3.69612,4,0.2451,0.045,0.037,5.400,5.774,0.9882,0.00932,269.98,53.80,0.5708155199999999,0.7249357103999999,2.28,1.029892e-08,6.088378e-09,1.10812e-08,6.535414e-09,80.56,80.10,7612.11,7568.42,37.90,37.63
3.69638,4,0.2452,0.045,0.037,5.400,5.774,0.9882,0.00932,269.98,53.80,0.57081448,0.7249343896,2.28,1.0326e-08,6.110785e-09,1.111134e-08,6.553846e-09,80.80,80.15,7634.76,7573.36,38.03,37.66
3.69663,4,0.2452,0.045,0.037,5.400,5.774,0.9882,0.00932,269.98,53.80,0.57081348,0.7249331196,2.28,1.035981e-08,6.1268e-09,1.112728e-08,6.574183e-09,80.68,80.48,7622.59,7604.19,37.96,37.85
3.69687,4,0.2452,0.045,0.037,5.400,5.774,0.9882,0.00932,269.98,53.80,0.5708125199999999,0.7249319003999999,2.28,1.039311e-08,6.157489e-09,1.11678e-08,6.596653e-09,81.03,80.44,7656.05,7600.06,38.16,37.82
3.69713,4,0.2453,0.044,0.037,5.400,5.774,0.9882,0.00932,269.98,53.80,0.5708114799999999,0.7249305796,2.28,1.043174e-08,6.174383e-09,1.118835e-08,6.610391e-09,80.87,80.52,7640.84,7607.52,38.07,37.87
3.69738,4,0.2453,0.044,0.037,5.400,5.774,0.9882,0.00932,269.98,53.80,0.57081048,0.7249293096,2.28,1.045584e-08,6.192432e-09,1.122422e-08,6.621259e-09,80.99,80.21,7652.30,7578.63,38.14,37.69
3.69762,4,0.2453,0.044,0.037,5.400,5.774,0.9882,0.00932,269.98,53.80,0.57080952,0.7249280904,2.28,1.049146e-08,6.218554e-09,1.124275e-08,6.643969e-09,81.15,80.56,7667.50,7611.54,38.23,37.89
3.69787,4,0.2453,0.044,0.037,5.400,5.774,0.9882,0.00932,269.98,53.80,0.5708085199999999,0.7249268203999999,2.28,1.052274e-08,6.230255e-09,1.12739e-08,6.651855e-09,80.93,80.25,7646.89,7582.22,38.11,37.72
3.69813,4,0.2454,0.044,0.037,5.400,5.774,0.9882,0.00932,269.98,53.80,0.5708074799999999,0.7249254996,2.28,1.054499e-08,6.256298e-09,1.129294e-08,6.670619e-09,81.38,80.50,7688.78,7606.25,38.36,37.86
3.69837,4,0.2454,0.044,0.037,5.400,5.774,0.9882,0.00932,269.98,53.80,0.57080652,0.7249242804,2.28,1.058287e-08,6.27204e-09,1.131825e-08,6.681812e-09,81.16,80.39,7668.54,7595.82,38.24,37.80
3.69862,4,0.2454,0.044,0.037,5.400,5.774,0.9882,0.00932,269.98,53.80,0.57080552,0.7249230104,2.28,1.060395e-08,6.291487e-09,1.132576e-08,6.695692e-09,81.38,80.67,7689.40,7622.07,38.36,37.96
3.69888,4,0.2455,0.044,0.037,5.400,5.774,0.9882,0.00932,269.98,53.80,0.57080448,0.7249216895999999,2.28,1.062662e-08,6.308807e-09,1.134436e-08,6.704794e-09,81.54,80.65,7704.15,7619.91,38.45,37.94
3.69912,4,0.2455,0.044,0.037,5.400,5.774,0.9882,0.00932,269.98,53.80,0.57080352,0.7249204704000001,2.28,1.065161e-08,6.326935e-09,1.135379e-08,6.711865e-09,81.64,80.69,7714.03,7624.07,38.51,37.97
3.69937,4,0.2455,0.044,0.037,5.400,5.774,0.9882,0.00932,269.98,53.80,0.57080252,0.7249192004,2.28,1.067952e-08,6.348913e-09,1.137803e-08,6.719809e-09,81.81,80.50,7730.22,7606.39,38.61,37.86
3.69963,4,0.2455,0.044,0.037,5.400,5.774,0.9882,0.00932,269.98,53.80,0.57080148,0.7249178796,2.28,1.069684e-08,6.35981e-09,1.139219e-08,6.72824e-09,81.83,80.51,7732.02,7606.57,38.62,37.86
3.69988,4,0.2456,0.044,0.037,5.400,5.774,0.9882,0.00932,269.98,53.80,0.5708004799999999,0.7249166095999999,2.28,1.070824e-08,6.37463e-09,1.140229e-08,6.740026e-09,82.12,80.71,7759.32,7625.76,38.78,37.98
3.70012,4,0.2456,0.044,0.037,5.400,5.774,0.9882,0.00932,269.98,53.80,0.57079952,0.7249153904,2.28,1.073064e-08,6.390105e-09,1.140861e-08,6.744791e-09,82.19,80.74,7765.74,7628.61,38.82,37.99
3.70038,4,0.2456,0.044,0.037,5.400,5.774,0.9882,0.00932,269.98,53.80,0.57079848,0.7249140696,2.28,1.074894e-08,6.401791e-09,1.141085e-08,6.753214e-09,82.22,80.95,7768.11,7648.27,38.84,38.11
3.70063,4,0.2457,0.044,0.037,5.399,5.774,0.9882,0.00932,269.98,53.80,0.57079748,0.7249127996,2.28,1.076732e-08,6.462684e-09,1.145649e-08,6.7909e-09,83.85,81.29,7922.67,7680.97,39.77,38.31
3.70087,4,0.2457,0.044,0.037,5.399,5.774,0.9882,0.00932,269.98,53.80,0.5707965199999999,0.7249115803999999,2.28,1.081784e-08,6.761903e-09,1.158111e-08,7.031144e-09,93.11,86.31,8797.78,8154.79,45.06,41.17
3.70113,4,0.2457,0.044,0.037,5.399,5.774,0.9882,0.00932,269.98,53.80,0.5707954799999999,0.7249102595999999,2.28,1.078352e-08,6.433829e-09,1.145171e-08,6.777319e-09,82.61,80.98,7805.60,7651.17,39.06,38.13
3.70138,4,0.2458,0.044,0.037,5.399,5.774,0.9882,0.00932,269.98,53.80,0.57079448,0.7249089896,2.28,1.078804e-08,6.435795e-09,1.143765e-08,6.772944e-09,82.62,81.13,7806.58,7665.23,39.07,38.22
3.70162,4,0.2458,0.044,0.037,5.399,5.774,0.9882,0.00932,269.98,53.80,0.5707935199999999,0.7249077704,2.28,1.078595e-08,6.445561e-09,1.145176e-08,6.777637e-09,82.97,81.02,7839.78,7655.08,39.27,38.15
3.70187,4,0.2458,0.044,0.037,5.399,5.774,0.9882,0.00932,269.98,53.80,0.5707925199999999,0.7249065003999999,2.28,1.078053e-08,6.448766e-09,1.14338e-08,6.774354e-09,83.18,81.23,7859.30,7675.48,39.39,38.28
3.70213,4,0.2458,0.044,0.037,5.399,5.774,0.9882,0.00932,269.98,53.80,0.5707914799999999,0.7249051795999999,2.28,1.079052e-08,6.448268e-09,1.143584e-08,6.777974e-09,82.97,81.31,7839.71,7682.18,39.27,38.32
3.70237,4,0.2459,0.044,0.037,5.399,5.774,0.9882,0.00932,269.98,53.80,0.57079052,0.7249039603999999,2.28,1.077495e-08,6.453128e-09,1.142692e-08,6.78122e-09,83.46,81.59,7885.91,7709.13,39.55,38.48
3.70262,4,0.2459,0.044,0.037,5.399,5.774,0.9882,0.00932,269.98,53.80,0.5707895199999999,0.7249026903999999,2.28,1.078526e-08,6.456927e-09,1.142653e-08,6.779609e-09,83.39,81.55,7878.68,7705.27,39.50,38.46
3.70288,4,0.2459,0.044,0.037,5.399,5.774,0.9882,0.00932,269.98,53.80,0.5707884799999999,0.7249013696,2.28,1.07764e-08,6.456323e-09,1.142398e-08,6.784402e-09,83.54,81.74,7893.00,7722.92,39.59,38.56
3.70312,4,0.2460,0.044,0.037,5.399,5.774,0.9882,0.00932,269.98,53.80,0.57078752,0.7249001504,2.28,1.078428e-08,6.462083e-09,1.143275e-08,6.78735e-09,83.60,81.70,7899.38,7719.73,39.63,38.54
3.70337,4,0.2460,0.044,0.037,5.399,5.774,0.9882,0.00932,269.98,53.80,0.57078652,0.7248988804,2.28,1.077687e-08,6.465126e-09,1.143798e-08,6.789217e-09,83.85,81.67,7922.26,7716.27,39.77,38.52
3.70363,4,0.2460,0.044,0.037,5.399,5.774,0.9882,0.00932,269.98,53.80,0.57078548,0.7248975595999999,2.28,1.078291e-08,6.462539e-09,1.143931e-08,6.798707e-09,83.65,81.92,7903.28,7740.64,39.65,38.67
3.70388,4,0.2460,0.044,0.037,5.399,5.774,0.9882,0.00932,269.98,53.80,0.5707844799999999,0.7248962896,2.28,1.077119e-08,6.464408e-09,1.144199e-08,6.80217e-09,83.93,81.98,7930.51,7745.89,39.82,38.70
3.70412,4,0.2461,0.044,0.037,5.399,5.774,0.9882,0.00932,269.98,53.80,0.57078352,0.7248950704,2.28,1.076833e-08,6.46493e-09,1.144261e-08,6.799154e-09,84.04,81.91,7940.61,7739.54,39.88,38.66
3.70438,4,0.2461,0.044,0.037,5.399,5.774,0.9882,0.00932,269.98,53.80,0.57078248,0.7248937496,2.28,1.076338e-08,6.467294e-09,1.143779e-08,6.79745e-09,84.21,81.95,7957.03,7742.79,39.98,38.68
3.70463,4,0.2461,0.044,0.037,5.399,5.774,0.9882,0.00932,269.98,53.80,0.57078148,0.7248924795999999,2.28,1.075456e-08,6.474152e-09,1.143517e-08,6.799218e-09,84.61,82.05,7994.65,7752.14,40.20,38.74
3.70487,4,0.2462,0.044,0.036,5.399,5.774,0.9882,0.00932,269.98,53.80,0.57078052,0.7248912604000001,2.28,1.075893e-08,6.475915e-09,1.145081e-08,6.807443e-09,84.62,82.05,7995.35,7752.41,40.21,38.74
3.70512,4,0.2462,0.044,0.036,5.399,5.774,0.9882,0.00932,269.98,53.80,0.57077952,0.7248899904,2.28,1.075179e-08,6.481006e-09,1.145363e-08,6.809405e-09,84.93,82.06,8024.55,7753.21,40.39,38.75
3.70538,4,0.2462,0.044,0.036,5.399,5.774,0.9882,0.00932,269.98,53.80,0.57077848,0.7248886696,2.28,1.075117e-08,6.485326e-09,1.145906e-08,6.814157e-09,85.08,82.10,8039.19,7757.49,40.47,38.77
3.70562,4,0.2463,0.044,0.036,5.399,5.774,0.9882,0.00932,269.98,53.80,0.5707775199999999,0.7248874503999999,2.28,1.075703e-08,6.499628e-09,1.147397e-08,6.822617e-09,85.48,82.12,8076.18,7759.50,40.70,38.78
3.70587,4,0.2463,0.044,0.036,5.399,5.774,0.9882,0.00932,269.98,53.80,0.57077652,0.7248861804,2.28,1.077419e-08,6.529358e-09,1.148214e-08,6.825209e-09,86.12,82.06,8137.14,7753.15,41.07,38.75
3.70613,4,0.2463,0.044,0.036,5.399,5.774,0.9882,0.00932,269.98,53.80,0.57077548,0.7248848596,2.28,1.075885e-08,6.520852e-09,1.147443e-08,6.822374e-09,86.15,82.11,8139.65,7758.05,41.08,38.78
3.70637,4,0.2463,0.044,0.036,5.399,5.774,0.9882,0.00932,269.98,53.80,0.57077452,0.7248836404,2.28,1.076882e-08,6.584556e-09,1.153073e-08,6.90294e-09,88.11,83.51,8324.72,7890.83,42.20,39.58
3.70662,4,0.2464,0.044,0.036,5.398,5.774,0.9882,0.00932,269.98,53.80,0.5707735199999999,0.7248823703999999,2.28,1.079229e-08,6.696111e-09,1.162972e-08,7.002906e-09,91.56,84.78,8651.31,8010.04,44.17,40.30
3.70688,4,0.2464,0.044,0.036,5.398,5.774,0.9882,0.00932,269.98,53.80,0.5707724799999999,0.7248810495999999,2.28,1.077658e-08,6.518477e-09,1.151817e-08,6.858069e-09,85.74,82.43,8101.55,7788.34,40.85,38.96
3.70713,4,0.2464,0.044,0.036,5.398,5.774,0.9882,0.00932,269.98,53.80,0.57077148,0.7248797796,2.28,1.078885e-08,6.529599e-09,1.153407e-08,6.86867e-09,85.87,82.46,8113.19,7791.52,40.92,38.98
3.70737,4,0.2465,0.044,0.036,5.398,5.774,0.9882,0.00932,269.98,53.80,0.57077052,0.7248785604,2.28,1.079687e-08,6.538183e-09,1.157445e-08,6.885148e-09,86.03,82.27,8128.23,7773.55,41.01,38.87
3.70763,4,0.2465,0.044,0.036,5.398,5.774,0.9882,0.00932,269.98,53.80,0.5707694799999999,0.7248772396,2.28,1.08093e-08,6.557598e-09,1.158811e-08,6.893637e-09,86.42,82.28,8165.76,7774.56,41.24,38.87
3.70788,4,0.2465,0.044,0.036,5.398,5.774,0.9882,0.00932,269.98,53.80,0.5707684799999999,0.7248759695999999,2.28,1.083232e-08,6.573726e-09,1.16116e-08,6.915827e-09,86.50,82.53,8172.59,7797.43,41.28,39.01
3.70812,4,0.2465,0.044,0.036,5.398,5.774,0.9882,0.00932,269.98,53.80,0.57076752,0.7248747503999999,2.28,1.084531e-08,6.589295e-09,1.166499e-08,6.936149e-09,86.75,82.19,8196.91,7765.66,41.43,38.82
3.70838,4,0.2466,0.044,0.036,5.398,5.774,0.9882,0.00932,269.98,53.80,0.57076648,0.7248734296,2.28,1.087269e-08,6.612499e-09,1.169174e-08,6.955085e-09,87.01,82.31,8221.05,7777.16,41.57,38.89
3.70863,4,0.2466,0.044,0.036,5.398,5.774,0.9882,0.00932,269.98,53.80,0.5707654799999999,0.7248721596,2.28,1.08937e-08,6.624698e-09,1.170292e-08,6.973718e-09,86.99,82.66,8219.21,7810.29,41.56,39.09
3.70887,4,0.2466,0.044,0.036,5.398,5.774,0.9882,0.00932,269.98,53.80,0.57076452,0.7248709404,2.28,1.091694e-08,6.645685e-09,1.173336e-08,6.995749e-09,87.22,82.78,8240.90,7821.06,41.69,39.16
3.70912,4,0.2467,0.044,0.036,5.398,5.774,0.9882,0.00932,269.98,53.80,0.57076352,0.7248696703999999,2.28,1.094706e-08,6.665223e-09,1.176591e-08,7.021193e-09,87.29,82.99,8248.05,7840.92,41.73,39.28
3.70938,4,0.2467,0.044,0.036,5.398,5.774,0.9882,0.00932,269.98,53.80,0.57076248,0.7248683495999999,2.28,1.097955e-08,6.68981e-09,1.180006e-08,7.040053e-09,87.46,82.94,8263.22,7836.73,41.83,39.25
3.70962,4,0.2467,0.044,0.036,5.398,5.774,0.9882,0.00932,269.98,53.80,0.5707615199999999,0.7248671304,2.28,1.100818e-08,6.709595e-09,1.182711e-08,7.060466e-09,87.53,83.07,8270.61,7848.51,41.87,39.32
3.70987,4,0.2468,0.044,0.036,5.398,5.774,0.9882,0.00932,269.98,53.80,0.57076052,0.7248658604,2.28,1.103696e-08,6.734064e-09,1.184905e-08,7.086192e-09,87.80,83.47,8295.81,7886.57,42.02,39.55
3.71013,4,0.2468,0.044,0.036,5.398,5.774,0.9882,0.00932,269.98,53.80,0.57075948,0.7248645396,2.28,1.106239e-08,6.753419e-09,1.188968e-08,7.118564e-09,87.93,83.71,8307.93,7908.88,42.10,39.69
3.71037,4,0.2468,0.044,0.036,5.398,5.774,0.9882,0.00932,269.98,53.80,0.5707585199999999,0.7248633203999999,2.28,1.109698e-08,6.780776e-09,1.192603e-08,7.131255e-09,88.14,83.44,8327.60,7883.89,42.21,39.53
3.71062,4,0.2468,0.044,0.036,5.398,5.774,0.9882,0.00932,269.98,53.80,0.5707575199999999,0.7248620503999998,2.28,1.113946e-08,6.798499e-09,1.1955e-08,7.15289e-09,87.86,83.57,8301.75,7895.73,42.06,39.61
3.71088,4,0.2469,0.044,0.036,5.398,5.774,0.9882,0.00932,269.98,53.80,0.57075648,0.7248607296,2.28,1.117363e-08,6.830586e-09,1.200116e-08,7.187159e-09,88.27,83.79,8340.31,7917.16,42.29,39.74
3.71113,4,0.2469,0.044,0.036,5.398,5.774,0.9882,0.00932,269.98,53.80,0.57075548,0.7248594596,2.28,1.119883e-08,6.856087e-09,1.202837e-08,7.209318e-09,88.61,83.96,8372.03,7933.25,42.48,39.83
3.71137,4,0.2469,0.044,0.036,5.398,5.774,0.9882,0.00932,269.98,53.80,0.5707545199999999,0.7248582403999999,2.28,1.124678e-08,6.882166e-09,1.207767e-08,7.23918e-09,88.50,83.97,8361.76,7934.11,42.42,39.84
3.71163,4,0.2470,0.044,0.036,5.398,5.774,0.9882,0.00932,269.98,53.80,0.5707534799999999,0.7248569195999999,2.28,1.127919e-08,6.9099e-09,1.211827e-08,7.26638e-09,88.80,84.09,8389.87,7945.14,42.59,39.90
3.71188,4,0.2470,0.044,0.036,5.398,5.774,0.9882,0.00932,269.98,53.80,0.57075248,0.7248556496,2.28,1.131593e-08,6.935683e-09,1.215371e-08,7.293455e-09,88.90,84.26,8400.11,7961.02,42.65,40.00
3.71212,4,0.2470,0.044,0.036,5.398,5.774,0.9882,0.00932,269.98,53.80,0.57075152,0.7248544304,2.28,1.135487e-08,6.963647e-09,1.217972e-08,7.312483e-09,89.04,84.36,8412.90,7970.34,42.73,40.06
3.71238,4,0.2470,0.044,0.036,5.398,5.774,0.9882,0.00933,269.98,53.80,0.57075048,0.7248531095999999,2.28,1.13986e-08,6.986908e-09,1.221868e-08,7.330835e-09,88.92,84.21,8401.84,7956.65,42.66,39.97
3.71263,4,0.2471,0.044,0.036,5.397,5.774,0.9882,0.00933,269.98,53.80,0.5707494799999999,0.7248518395999999,2.28,1.143487e-08,7.015498e-09,1.224956e-08,7.353736e-09,89.17,84.37,8424.96,7971.73,42.80,40.06
3.71287,4,0.2471,0.044,0.036,5.397,5.774,0.9882,0.00933,269.98,53.80,0.57074852,0.7248506204,2.28,1.147406e-08,7.040452e-09,1.227332e-08,7.376459e-09,89.20,84.61,8427.78,7994.67,42.82,40.20
3.71312,4,0.2471,0.044,0.036,5.397,5.774,0.9882,0.00933,269.99,53.80,0.57074752,0.7248493504,2.28,1.151021e-08,7.05962e-09,1.230637e-08,7.387245e-09,89.10,84.35,8418.48,7970.12,42.76,40.05
3.71338,4,0.2472,0.044,0.036,5.397,5.774,0.9882,0.00933,269.99,53.80,0.57074648,0.7248480295999999,2.28,1.153969e-08,7.080249e-09,1.23348e-08,7.405755e-09,89.22,84.43,8429.74,7977.24,42.83,40.10
3.71362,4,0.2472,0.044,0.036,5.397,5.774,0.9882,0.00933,269.99,53.80,0.57074552,0.7248468104,2.28,1.157316e-08,7.099008e-09,1.235277e-08,7.414423e-09,89.16,84.37,8424.28,7971.53,42.80,40.06
3.71387,4,0.2472,0.044,0.036,5.397,5.774,0.9882,0.00933,269.99,53.80,0.57074452,0.7248455403999999,2.28,1.160344e-08,7.118959e-09,1.236321e-08,7.420125e-09,89.20,84.35,8428.50,7970.01,42.82,40.05
3.71413,4,0.2473,0.044,0.036,5.397,5.774,0.9882,0.00933,269.99,53.80,0.57074348,0.7248442196,2.28,1.163488e-08,7.141582e-09,1.238857e-08,7.427837e-09,89.35,84.17,8442.10,7953.13,42.91,39.95
3.71437,4,0.2473,0.044,0.036,5.397,5.774,0.9882,0.00933,269.99,53.80,0.5707425199999999,0.7248430003999999,2.28,1.165502e-08,7.160565e-09,1.239731e-08,7.437782e-09,89.56,84.31,8462.36,7965.71,43.03,40.03
3.71462,4,0.2473,0.044,0.036,5.397,5.774,0.9882,0.00933,269.99,53.80,0.57074152,0.7248417304,2.28,1.168509e-08,7.18393e-09,1.241846e-08,7.448629e-09,89.72,84.25,8477.33,7960.79,43.12,40.00
3.71488,4,0.2473,0.044,0.036,5.397,5.774,0.9882,0.00933,269.99,53.80,0.57074048,0.7248404096,2.28,1.171369e-08,7.19826e-09,1.242527e-08,7.454662e-09,89.62,84.31,8467.40,7965.99,43.06,40.03
3.71513,4,0.2474,0.044,0.036,5.397,5.774,0.9882,0.00933,269.99,53.80,0.57073948,0.7248391396,2.28,1.173645e-08,7.20996e-09,1.242428e-08,7.460667e-09,89.58,84.53,8463.86,7986.87,43.04,40.15
3.71537,4,0.2474,0.044,0.036,5.397,5.774,0.9882,0.00933,269.99,53.80,0.5707385199999999,0.7248379204,2.28,1.174442e-08,7.228716e-09,1.242622e-08,7.475505e-09,90.03,84.92,8506.14,8023.61,43.29,40.38
3.71563,4,0.2474,0.044,0.036,5.397,5.774,0.9882,0.00933,269.99,53.80,0.5707374799999999,0.7248365995999999,2.28,1.177297e-08,7.23858e-09,1.243723e-08,7.471006e-09,89.78,84.60,8482.65,7993.74,43.15,40.20
3.71588,4,0.2475,0.044,0.036,5.397,5.774,0.9882,0.00933,269.99,53.80,0.57073648,0.7248353296,2.28,1.179212e-08,7.243334e-09,1.243775e-08,7.475021e-09,89.59,84.74,8464.78,8006.90,43.04,40.28
3.71612,4,0.2475,0.044,0.036,5.397,5.774,0.9882,0.00933,269.99,53.80,0.5707355199999999,0.7248341103999999,2.28,1.180579e-08,7.256094e-09,1.243523e-08,7.473274e-09,89.73,84.74,8477.99,8006.28,43.12,40.27
3.71638,4,0.2475,0.044,0.036,5.397,5.774,0.9882,0.00933,269.99,53.80,0.5707344799999999,0.7248327896,2.28,1.182128e-08,7.267135e-09,1.240535e-08,7.464797e-09,89.78,85.01,8482.60,8031.84,43.15,40.43
3.71663,4,0.2475,0.044,0.036,5.397,5.774,0.9882,0.00933,269.99,53.80,0.5707334799999999,0.7248315195999999,2.28,1.183451e-08,7.273478e-09,1.239572e-08,7.466699e-09,89.72,85.23,8477.18,8052.68,43.12,40.55
3.71687,4,0.2476,0.044,0.036,5.397,5.774,0.9882,0.00933,269.99,53.80,0.57073252,0.7248303004,2.28,1.184045e-08,7.284938e-09,1.238106e-08,7.457795e-09,90.01,85.26,8504.26,8055.73,43.28,40.57
3.71712,4,0.2476,0.044,0.036,5.397,5.774,0.9882,0.00933,269.99,53.80,0.5707315199999999,0.7248290303999999,2.28,1.18508e-08,7.297121e-09,1.238365e-08,7.466244e-09,90.19,85.46,8521.91,8074.47,43.39,40.68
3.71738,4,0.2476,0.044,0.036,5.397,5.774,0.9882,0.00933,269.99,53.80,0.5707304799999999,0.7248277095999999,2.28,1.186239e-08,7.306178e-09,1.236998e-08,7.471221e-09,90.26,85.84,8527.75,8110.61,43.42,40.90
3.71762,4,0.2477,0.044,0.036,5.396,5.774,0.9882,0.00933,269.99,53.80,0.57072952,0.7248264904,2.28,1.18845e-08,7.309258e-09,1.236958e-08,7.466674e-09,89.95,85.75,8499.29,8102.09,43.25,40.85
3.71787,4,0.2477,0.044,0.036,5.396,5.774,0.9882,0.00933,269.99,53.80,0.57072852,0.7248252204,2.28,1.189168e-08,7.315404e-09,1.237272e-08,7.467939e-09,90.01,85.73,8504.51,8100.36,43.28,40.84
3.71813,4,0.2477,0.044,0.036,5.396,5.774,0.9882,0.00933,269.99,53.80,0.57072748,0.7248238995999999,2.28,1.190244e-08,7.324085e-09,1.236627e-08,7.468571e-09,90.08,85.86,8510.74,8112.76,43.32,40.91
3.71837,4,0.2478,0.044,0.036,5.396,5.774,0.9882,0.00933,269.99,53.80,0.57072652,0.7248226804,2.28,1.190567e-08,7.329781e-09,1.234992e-08,7.467349e-09,90.23,86.15,8525.39,8139.85,43.41,41.08
3.71862,4,0.2478,0.044,0.036,5.396,5.774,0.9882,0.00933,269.99,53.80,0.57072552,0.7248214104,2.28,1.191353e-08,7.334151e-09,1.235876e-08,7.464506e-09,90.22,85.91,8523.97,8117.33,43.40,40.94
3.71888,4,0.2478,0.044,0.036,5.396,5.774,0.9882,0.00933,269.99,53.80,0.57072448,0.7248200896,2.28,1.192456e-08,7.339824e-09,1.234787e-08,7.466418e-09,90.18,86.16,8520.59,8140.70,43.38,41.08
3.71913,4,0.2479,0.044,0.036,5.396,5.774,0.9882,0.00933,269.99,53.80,0.57072348,0.7248188195999999,2.28,1.194413e-08,7.356399e-09,1.234823e-08,7.463628e-09,90.36,86.11,8537.70,8135.69,43.48,41.05
3.71937,4,0.2479,0.044,0.036,5.396,5.774,0.9882,0.00933,269.99,53.80,0.57072252,0.7248176004,2.28,1.195236e-08,7.359394e-09,1.233884e-08,7.472764e-09,90.29,86.54,8531.44,8176.66,43.44,41.30
3.71963,4,0.2479,0.044,0.036,5.396,5.774,0.9882,0.00933,269.99,53.80,0.57072148,0.7248162796000001,2.28,1.196652e-08,7.376301e-09,1.234376e-08,7.466541e-09,90.56,86.27,8556.16,8151.19,43.59,41.15
3.71988,4,0.2479,0.044,0.036,5.396,5.774,0.9882,0.00933,269.99,53.80,0.57072048,0.7248150096,2.28,1.197613e-08,7.380744e-09,1.234697e-08,7.49053e-09,90.51,86.92,8551.69,8212.37,43.57,41.52
3.72012,4,0.2480,0.044,0.036,5.396,5.774,0.9882,0.00933,269.99,53.80,0.5707195199999999,0.7248137903999999,2.28,1.199503e-08,7.402551e-09,1.234169e-08,7.496932e-09,90.87,87.24,8585.85,8242.53,43.77,41.70
3.72038,4,0.2480,0.044,0.036,5.396,5.774,0.9882,0.00933,269.99,53.80,0.5707184799999999,0.7248124695999999,2.28,1.201086e-08,7.410531e-09,1.235712e-08,7.497069e-09,90.81,86.96,8580.43,8216.74,43.74,41.54
3.72063,4,0.2480,0.044,0.036,5.396,5.774,0.9882,0.00933,269.99,53.80,0.57071748,0.7248111996,2.28,1.203203e-08,7.432496e-09,1.23717e-08,7.507768e-09,91.10,87.02,8607.36,8221.90,43.90,41.57
3.72087,4,0.2481,0.044,0.036,5.396,5.774,0.9882,0.00933,269.99,53.80,0.57071652,0.7248099804,2.28,1.20523e-08,7.444413e-09,1.238514e-08,7.525903e-09,91.11,87.35,8609.00,8253.05,43.91,41.76
3.72112,4,0.2481,0.044,0.036,5.396,5.774,0.9882,0.00933,269.99,53.80,0.5707155199999999,0.7248087104,2.28,1.208196e-08,7.461055e-09,1.239762e-08,7.541142e-09,91.06,87.57,8603.94,8274.46,43.88,41.89
3.72138,4,0.2481,0.044,0.036,5.396,5.774,0.9882,0.00933,269.99,53.80,0.5707144799999999,0.7248073895999999,2.28,1.211416e-08,7.477572e-09,1.240452e-08,7.551569e-09,90.95,87.76,8593.82,8291.92,43.82,42.00
3.72162,4,0.2482,0.044,0.036,5.396,5.774,0.9882,0.00933,269.99,53.80,0.57071352,0.7248061704,2.28,1.214153e-08,7.499114e-09,1.242349e-08,7.570789e-09,91.14,88.02,8611.22,8316.81,43.92,42.15
3.72187,4,0.2482,0.044,0.036,5.396,5.774,0.9882,0.00933,269.99,53.80,0.57071252,0.7248049003999999,2.28,1.217981e-08,7.518759e-09,1.245268e-08,7.586958e-09,91.01,87.97,8599.26,8312.26,43.85,42.12
3.72213,4,0.2482,0.044,0.036,5.396,5.774,0.9882,0.00933,269.99,53.80,0.5707114799999999,0.7248035796,2.28,1.220902e-08,7.541268e-09,1.246227e-08,7.603786e-09,91.15,88.30,8612.62,8343.11,43.93,42.30
3.72237,4,0.2482,0.044,0.036,5.396,5.774,0.9882,0.00933,269.99,53.80,0.57071052,0.7248023604,2.28,1.223762e-08,7.577202e-09,1.24868e-08,7.624357e-09,91.73,88.47,8667.28,8358.87,44.26,42.40
3.72262,4,0.2483,0.044,0.036,5.396,5.774,0.9882,0.00933,269.99,53.80,0.57070952,0.7248010904,2.28,1.228226e-08,7.598286e-09,1.250899e-08,7.643116e-09,91.56,88.66,8651.17,8376.90,44.16,42.51
3.72288,4,0.2483,0.044,0.036,5.396,5.774,0.9882,0.00933,269.99,53.80,0.57070848,0.7247997695999999,2.28,1.232342e-08,7.652606e-09,1.25437e-08,7.671809e-09,92.48,88.88,8737.57,8397.96,44.69,42.64
3.72313,4,0.2483,0.044,0.036,5.396,5.774,0.9882,0.00933,269.99,53.80,0.5707074799999999,0.7247984996,2.28,1.237395e-08,7.695049e-09,1.258385e-08,7.706894e-09,92.83,89.20,8770.84,8427.61,44.89,42.81
3.72337,4,0.2484,0.044,0.036,5.395,5.774,0.9882,0.00933,269.99,53.80,0.57070652,0.7247972804,2.28,1.241697e-08,7.733808e-09,1.262336e-08,7.733969e-09,93.25,89.32,8810.55,8439.10,45.13,42.88
3.72363,4,0.2484,0.044,0.036,5.395,5.774,0.9882,0.00933,269.99,53.80,0.57070548,0.7247959596,2.28,1.247248e-08,7.781262e-09,1.26605e-08,7.758826e-09,93.66,89.38,8849.39,8445.01,45.36,42.92
3.72388,4,0.2484,0.044,0.036,5.395,5.774,0.9882,0.00933,269.99,53.80,0.57070448,0.7247946895999999,2.28,1.251832e-08,7.825554e-09,1.269897e-08,7.794452e-09,94.16,89.74,8896.82,8478.87,45.65,43.12
3.72412,4,0.2485,0.044,0.036,5.395,5.774,0.9882,0.00933,269.99,53.80,0.5707035199999999,0.7247934703999999,2.28,1.256645e-08,7.857467e-09,1.273613e-08,7.814561e-09,94.26,89.69,8905.92,8474.70,45.70,43.10
3.72438,4,0.2485,0.044,0.036,5.395,5.774,0.9882,0.00933,269.99,53.80,0.57070248,0.7247921496,2.28,1.262243e-08,7.888742e-09,1.277583e-08,7.839616e-09,94.14,89.71,8894.71,8476.65,45.64,43.11
3.72463,4,0.2485,0.044,0.036,5.395,5.774,0.9882,0.00933,269.99,53.80,0.57070148,0.7247908796,2.28,1.266179e-08,7.936253e-09,1.281031e-08,7.870807e-09,94.87,90.01,8963.71,8504.71,46.05,43.28
3.72487,4,0.2485,0.044,0.036,5.395,5.774,0.9882,0.00933,269.99,53.80,0.5707005199999999,0.7247896603999999,2.28,1.272551e-08,7.980562e-09,1.284747e-08,7.901359e-09,95.01,90.24,8976.88,8526.32,46.13,43.41
3.72512,4,0.2486,0.044,0.036,5.395,5.774,0.9882,0.00933,269.99,53.80,0.57069952,0.7247883904,2.28,1.277148e-08,8.023209e-09,1.28917e-08,7.936693e-09,95.49,90.52,9022.17,8552.51,46.40,43.57
3.72538,4,0.2486,0.044,0.036,5.395,5.774,0.9882,0.00933,269.99,53.80,0.57069848,0.7247870696000001,2.28,1.285076e-08,8.069018e-09,1.293612e-08,7.959028e-09,95.36,90.37,9010.16,8538.52,46.33,43.48
3.72562,4,0.2486,0.044,0.036,5.395,5.774,0.9882,0.00933,269.99,53.80,0.57069752,0.7247858504,2.28,1.290616e-08,8.109068e-09,1.295961e-08,7.987046e-09,95.53,90.77,9025.91,8576.38,46.43,43.71
3.72587,4,0.2487,0.044,0.036,5.395,5.774,0.9882,0.00933,269.99,53.80,0.5706965199999999,0.7247845803999999,2.28,1.294517e-08,8.147187e-09,1.301514e-08,8.011922e-09,96.00,90.53,9070.30,8553.82,46.70,43.58
3.72613,4,0.2487,0.044,0.036,5.395,5.774,0.9882,0.00933,269.99,53.80,0.5706954799999999,0.7247832595999999,2.28,1.301128e-08,8.184864e-09,1.302986e-08,8.037539e-09,95.87,91.02,9058.57,8599.90,46.62,43.85
3.72637,4,0.2487,0.044,0.036,5.395,5.774,0.9882,0.00933,269.99,53.80,0.57069452,0.7247820403999999,2.28,1.306379e-08,8.22302e-09,1.306091e-08,8.055907e-09,96.03,91.00,9073.81,8597.71,46.72,43.84
3.72662,4,0.2488,0.043,0.036,5.395,5.774,0.9882,0.00933,269.99,53.80,0.57069352,0.7247807704,2.28,1.312958e-08,8.268694e-09,1.308382e-08,8.076883e-09,96.21,91.23,9089.94,8620.08,46.81,43.98
3.72688,4,0.2488,0.043,0.036,5.395,5.774,0.9882,0.00933,269.99,53.80,0.57069248,0.7247794496,2.28,1.318769e-08,8.308667e-09,1.31183e-08,8.099671e-09,96.31,91.28,9099.93,8624.26,46.87,44.00
3.72713,4,0.2488,0.043,0.036,5.395,5.774,0.9882,0.00933,269.99,53.80,0.5706914799999999,0.7247781795999999,2.28,1.323771e-08,8.352667e-09,1.313624e-08,8.118419e-09,96.70,91.50,9136.85,8645.62,47.10,44.13
3.72737,4,0.2488,0.043,0.036,5.395,5.774,0.9882,0.00933,269.99,53.80,0.57069052,0.7247769604,2.28,1.328427e-08,8.404039e-09,1.315833e-08,8.161421e-09,97.39,92.37,9202.11,8727.78,47.49,44.63
3.72763,4,0.2489,0.043,0.036,5.395,5.774,0.9882,0.00933,269.99,53.80,0.57068948,0.7247756396,2.28,1.333079e-08,8.425756e-09,1.3181e-08,8.160088e-09,97.19,91.95,9182.93,8688.13,47.37,44.39
3.72788,4,0.2489,0.043,0.036,5.395,5.774,0.9882,0.00933,269.99,53.80,0.5706884799999999,0.7247743696,2.28,1.339081e-08,8.46208e-09,1.319405e-08,8.18395e-09,97.14,92.42,9178.17,8732.34,47.35,44.65
3.72812,4,0.2489,0.043,0.036,5.395,5.774,0.9882,0.00933,269.99,53.80,0.57068752,0.7247731504,2.28,1.342993e-08,8.492284e-09,1.320528e-08,8.184645e-09,97.31,92.23,9194.30,8714.76,47.44,44.55
3.72838,4,0.2490,0.043,0.036,5.395,5.774,0.9882,0.00933,269.99,53.80,0.57068648,0.7247718296,2.28,1.347538e-08,8.531805e-09,1.320733e-08,8.199919e-09,97.68,92.69,9229.72,8757.60,47.66,44.81
3.72863,4,0.2490,0.043,0.036,5.395,5.774,0.9882,0.00933,269.99,53.80,0.57068548,0.7247705595999999,2.28,1.351759e-08,8.554053e-09,1.321075e-08,8.209168e-09,97.55,92.90,9216.57,8777.69,47.58,44.93
3.72887,4,0.2490,0.043,0.036,5.395,5.774,0.9882,0.00933,269.99,53.80,0.5706845199999999,0.7247693403999999,2.28,1.356303e-08,8.600407e-09,1.322704e-08,8.250502e-09,98.09,93.84,9268.22,8866.28,47.89,45.46
3.72912,4,0.2491,0.043,0.036,5.394,5.774,0.9882,0.00933,269.99,53.80,0.57068352,0.7247680704,2.28,1.359609e-08,8.630065e-09,1.322129e-08,8.250793e-09,98.40,93.99,9297.54,8880.94,48.07,45.55
3.72938,4,0.2491,0.043,0.036,5.394,5.774,0.9882,0.00933,269.99,53.80,0.57068248,0.7247667496,2.28,1.361274e-08,8.626116e-09,1.322605e-08,8.220843e-09,97.95,93.00,9254.90,8787.34,47.81,44.98
3.72962,4,0.2491,0.043,0.036,5.394,5.774,0.9882,0.00933,269.99,53.80,0.5706815199999999,0.7247655303999999,2.28,1.363526e-08,8.650578e-09,1.321691e-08,8.224962e-09,98.27,93.30,9284.76,8815.09,47.99,45.15
3.72987,4,0.2491,0.043,0.036,5.394,5.774,0.9882,0.00933,269.99,53.80,0.5706805199999999,0.7247642603999999,2.28,1.36664e-08,8.669429e-09,1.322973e-08,8.226951e-09,98.24,93.12,9282.11,8798.13,47.97,45.05
3.73013,4,0.2492,0.043,0.036,5.394,5.774,0.9882,0.00933,269.99,53.80,0.5706794799999999,0.7247629395999999,2.28,1.368381e-08,8.689542e-09,1.322069e-08,8.222981e-09,98.56,93.20,9312.41,8806.34,48.16,45.10
3.73037,4,0.2492,0.043,0.036,5.394,5.774,0.9882,0.00933,269.99,53.80,0.57067852,0.7247617204,2.28,1.370754e-08,8.696615e-09,1.322057e-08,8.23388e-09,98.31,93.53,9289.01,8837.50,48.01,45.29
3.73062,4,0.2492,0.043,0.036,5.394,5.774,0.9882,0.00933,269.99,53.80,0.5706775199999999,0.7247604503999999,2.28,1.372482e-08,8.718018e-09,1.320409e-08,8.261436e-09,98.64,94.68,9319.54,8946.08,48.20,45.94
3.73088,4,0.2493,0.043,0.036,5.394,5.774,0.9882,0.00933,269.99,53.80,0.5706764799999999,0.7247591295999999,2.28,1.373759e-08,8.730986e-09,1.320176e-08,8.259107e-09,98.83,94.69,9337.52,8947.14,48.31,45.95
3.73113,4,0.2493,0.043,0.036,5.394,5.774,0.9882,0.00933,269.99,53.80,0.57067548,0.7247578596,2.28,1.373963e-08,8.739305e-09,1.318272e-08,8.21824e-09,99.04,93.81,9358.15,8863.73,48.43,45.45
3.73137,4,0.2493,0.043,0.036,5.394,5.774,0.9882,0.00933,269.99,53.80,0.57067452,0.7247566404,2.28,1.37619e-08,8.747564e-09,1.316696e-08,8.219184e-09,98.86,94.14,9340.82,8894.68,48.33,45.63
3.73163,4,0.2494,0.043,0.036,5.394,5.774,0.9882,0.00933,269.99,53.80,0.57067348,0.7247553196,2.28,1.37543e-08,8.747961e-09,1.315467e-08,8.209759e-09,99.06,94.12,9359.92,8893.19,48.44,45.62
3.73188,4,0.2494,0.043,0.036,5.394,5.774,0.9882,0.00933,269.99,53.80,0.5706724799999999,0.7247540495999999,2.28,1.376604e-08,8.769773e-09,1.315612e-08,8.238808e-09,99.51,94.99,9402.18,8974.75,48.70,46.12
3.73212,4,0.2494,0.043,0.036,5.394,5.774,0.9882,0.00933,269.99,53.80,0.57067152,0.7247528304,2.28,1.375375e-08,8.773066e-09,1.313566e-08,8.235831e-09,99.86,95.29,9435.13,9003.52,48.90,46.29
3.73238,4,0.2494,0.043,0.036,5.394,5.774,0.9882,0.00933,269.99,53.80,0.57067048,0.7247515096,2.28,1.374739e-08,8.762948e-09,1.311007e-08,8.195924e-09,99.67,94.55,9417.15,8933.79,48.79,45.87
3.73263,4,0.2495,0.043,0.036,5.394,5.774,0.9882,0.00933,269.99,53.80,0.57066948,0.7247502396,2.28,1.375356e-08,8.767965e-09,1.311437e-08,8.187003e-09,99.74,94.23,9424.14,8903.68,48.83,45.69
3.73287,4,0.2495,0.043,0.036,5.394,5.774,0.9882,0.00933,269.99,53.80,0.57066852,0.7247490204,2.28,1.374329e-08,8.769305e-09,1.308632e-08,8.174517e-09,99.99,94.39,9447.58,8918.28,48.97,45.77
3.73312,4,0.2495,0.043,0.036,5.394,5.774,0.9882,0.00933,269.99,53.80,0.57066752,0.7247477504,2.28,1.374008e-08,8.779971e-09,1.307134e-08,8.211829e-09,100.39,95.84,9485.53,9055.39,49.20,46.60
3.73338,4,0.2496,0.043,0.036,5.394,5.774,0.9882,0.00933,269.99,53.80,0.57066648,0.7247464296,2.28,1.373762e-08,8.769658e-09,1.305389e-08,8.198731e-09,100.16,95.81,9463.20,9052.67,49.07,46.59
3.73362,4,0.2496,0.043,0.036,5.394,5.774,0.9882,0.00933,269.99,53.80,0.5706655199999999,0.7247452104,2.28,1.371654e-08,8.768822e-09,1.30246e-08,8.146368e-09,100.56,94.75,9501.02,8952.31,49.29,45.98
3.73387,4,0.2496,0.043,0.036,5.394,5.774,0.9882,0.00933,269.99,53.80,0.57066452,0.7247439404,2.28,1.370297e-08,8.759334e-09,1.30021e-08,8.139711e-09,100.53,94.98,9498.57,8974.14,49.28,46.11
3.73413,4,0.2497,0.043,0.036,5.394,5.774,0.9882,0.00933,269.99,53.80,0.57066348,0.7247426196,2.28,1.370026e-08,8.768814e-09,1.298961e-08,8.130277e-09,100.93,94.97,9536.18,8972.97,49.51,46.10
3.73438,4,0.2497,0.043,0.036,5.394,5.774,0.9882,0.00933,269.99,53.80,0.57066248,0.7247413496,2.28,1.370696e-08,8.767883e-09,1.296557e-08,8.113473e-09,100.76,94.91,9520.43,8967.78,49.41,46.07
3.73462,4,0.2497,0.043,0.036,5.394,5.774,0.9882,0.00933,269.99,53.80,0.5706615199999999,0.7247401304,2.28,1.369807e-08,8.766959e-09,1.295837e-08,8.110166e-09,100.91,94.95,9534.81,8971.32,49.50,46.09
3.73488,4,0.2498,0.043,0.036,5.393,5.774,0.9882,0.00933,269.99,53.80,0.5706604799999999,0.7247388095999999,2.28,1.368664e-08,8.766273e-09,1.295162e-08,8.103379e-09,101.17,94.91,9558.70,8967.34,49.64,46.07
3.73513,4,0.2498,0.043,0.036,5.393,5.774,0.9882,0.00933,269.99,53.80,0.57065948,0.7247375396,2.28,1.367811e-08,8.766974e-09,1.293945e-08,8.100208e-09,101.36,95.05,9577.44,8980.50,49.75,46.15
3.73537,4,0.2498,0.043,0.036,5.393,5.774,0.9882,0.00933,269.99,53.80,0.57065852,0.7247363203999999,2.28,1.366452e-08,8.764664e-09,1.291416e-08,8.130924e-09,101.57,96.52,9596.96,9120.10,49.87,46.99
3.73563,4,0.2498,0.043,0.036,5.393,5.774,0.9882,0.00933,269.99,53.80,0.5706574799999999,0.7247349996,2.28,1.367406e-08,8.77791e-09,1.290304e-08,8.149088e-09,101.80,97.34,9618.73,9196.78,50.00,47.46
3.73588,4,0.2499,0.043,0.036,5.393,5.774,0.9882,0.00933,269.99,53.80,0.5706564799999999,0.7247337295999999,2.28,1.366388e-08,8.779788e-09,1.289534e-08,8.113108e-09,102.12,96.37,9648.40,9105.67,50.18,46.91
3.73612,4,0.2499,0.043,0.036,5.393,5.774,0.9882,0.00933,269.99,53.80,0.57065552,0.7247325104,2.28,1.365909e-08,8.776953e-09,1.288014e-08,8.091478e-09,102.12,95.99,9649.15,9069.20,50.19,46.68
3.73637,4,0.2499,0.043,0.036,5.393,5.774,0.9882,0.00933,269.99,53.80,0.5706545199999999,0.7247312403999999,2.28,1.367761e-08,8.782616e-09,1.286616e-08,8.093021e-09,101.92,96.32,9630.02,9100.43,50.07,46.87
3.73663,4,0.2500,0.043,0.036,5.393,5.774,0.9882,0.00933,269.99,53.80,0.5706534799999999,0.7247299195999999,2.28,1.36816e-08,8.796778e-09,1.287365e-08,8.087648e-09,102.34,96.03,9669.50,9073.57,50.31,46.71
3.73687,4,0.2500,0.043,0.036,5.393,5.774,0.9882,0.00933,269.99,53.80,0.57065252,0.7247287004,2.28,1.368695e-08,8.805977e-09,1.287764e-08,8.09405e-09,102.53,96.16,9687.24,9085.34,50.42,46.78
3.73712,4,0.2500,0.043,0.036,5.393,5.774,0.9882,0.00933,269.99,53.80,0.57065152,0.7247274304,2.28,1.368596e-08,8.814314e-09,1.287495e-08,8.095065e-09,102.82,96.24,9714.98,9093.52,50.58,46.83
3.73738,4,0.2501,0.043,0.036,5.393,5.774,0.9882,0.00933,269.99,53.80,0.57065048,0.7247261096,2.28,1.37056e-08,8.822199e-09,1.288375e-08,8.134786e-09,102.71,97.38,9704.14,9201.32,50.52,47.48
3.73762,4,0.2501,0.043,0.036,5.393,5.774,0.9882,0.00933,269.99,53.80,0.5706495199999999,0.7247248903999999,2.28,1.371112e-08,8.822735e-09,1.287864e-08,8.145872e-09,102.61,97.85,9694.84,9245.39,50.46,47.75
3.73787,4,0.2501,0.043,0.036,5.393,5.774,0.9882,0.00933,269.99,53.80,0.57064852,0.7247236204,2.28,1.371557e-08,8.824777e-09,1.288295e-08,8.149653e-09,102.58,97.88,9692.31,9248.64,50.45,47.77
3.73813,4,0.2501,0.043,0.036,5.393,5.774,0.9882,0.00933,269.99,53.80,0.57064748,0.7247222996,2.28,1.372172e-08,8.829244e-09,1.287997e-08,8.121677e-09,102.60,97.04,9693.88,9168.48,50.46,47.28
3.73838,4,0.2502,0.043,0.036,5.393,5.774,0.9882,0.00933,269.99,53.80,0.57064648,0.7247210296,2.28,1.373592e-08,8.825572e-09,1.286718e-08,8.124686e-09,102.22,97.43,9658.44,9206.11,50.24,47.51
3.73862,4,0.2502,0.043,0.036,5.393,5.774,0.9882,0.00933,269.99,53.80,0.5706455199999999,0.7247198103999999,2.28,1.375081e-08,8.831386e-09,1.286754e-08,8.123804e-09,102.10,97.40,9646.97,9202.70,50.17,47.49
3.73888,4,0.2502,0.043,0.036,5.393,5.774,0.9882,0.00933,269.99,53.80,0.57064448,0.7247184896000001,2.28,1.376682e-08,8.829334e-09,1.288642e-08,8.126926e-09,101.70,97.11,9609.45,9175.76,49.95,47.33
3.73913,4,0.2503,0.043,0.036,5.393,5.774,0.9882,0.00933,269.99,53.80,0.57064348,0.7247172196,2.28,1.379153e-08,8.829192e-09,1.290932e-08,8.144533e-09,101.23,97.25,9564.99,9189.09,49.68,47.41
3.73937,4,0.2503,0.043,0.036,5.393,5.774,0.9882,0.00933,269.99,53.80,0.5706425199999999,0.7247160004,2.28,1.382618e-08,8.829537e-09,1.292756e-08,8.155133e-09,100.54,97.23,9499.69,9186.32,49.28,47.39
3.73963,4,0.2503,0.043,0.036,5.393,5.774,0.9882,0.00933,269.99,53.80,0.5706414799999999,0.7247146795999999,2.28,1.385172e-08,8.832717e-09,1.295004e-08,8.159478e-09,100.13,96.91,9460.77,9156.42,49.05,47.21
3.73988,4,0.2504,0.043,0.036,5.393,5.774,0.9882,0.00933,269.99,53.80,0.57064048,0.7247134096,2.28,1.38692e-08,8.828621e-09,1.297055e-08,8.173592e-09,99.69,96.99,9419.67,9163.69,48.80,47.25
3.74012,4,0.2504,0.043,0.036,5.393,5.774,0.9882,0.00933,269.99,53.80,0.57063952,0.7247121903999999,2.28,1.389377e-08,8.84234e-09,1.297848e-08,8.190336e-09,99.64,97.36,9414.04,9199.36,48.77,47.47
3.74037,4,0.2504,0.043,0.036,5.393,5.774,0.9882,0.00933,269.99,53.80,0.5706385199999999,0.7247109204,2.28,1.391312e-08,8.854419e-09,1.299675e-08,8.209442e-09,99.63,97.61,9413.35,9222.43,48.76,47.61
3.74063,4,0.2504,0.043,0.036,5.393,5.774,0.9882,0.00933,269.99,53.80,0.5706374799999999,0.7247095995999999,2.28,1.393302e-08,8.871731e-09,1.300873e-08,8.214092e-09,99.77,97.51,9426.94,9213.55,48.84,47.55
3.74087,4,0.2505,0.043,0.036,5.392,5.774,0.9882,0.00933,269.99,53.80,0.57063652,0.7247083804,2.28,1.39673e-08,8.891203e-09,1.30268e-08,8.228858e-09,99.74,97.66,9423.83,9227.44,48.82,47.64
3.74112,4,0.2505,0.043,0.036,5.392,5.774,0.9882,0.00933,269.99,53.80,0.57063552,0.7247071103999999,2.28,1.398093e-08,8.903454e-09,1.305071e-08,8.250452e-09,99.85,97.87,9434.25,9247.19,48.89,47.76
3.74138,4,0.2505,0.043,0.036,5.392,5.774,0.9882,0.00933,269.99,53.80,0.5706344799999999,0.7247057896,2.28,1.400629e-08,8.918413e-09,1.308613e-08,8.269168e-09,99.81,97.75,9430.78,9236.03,48.87,47.69
3.74162,4,0.2506,0.043,0.036,5.392,5.774,0.9882,0.00933,270.00,53.80,0.57063352,0.7247045704,2.28,1.402889e-08,8.932914e-09,1.309317e-08,8.275117e-09,99.86,97.84,9434.87,9244.27,48.89,47.74
3.74187,4,0.2506,0.043,0.036,5.392,5.774,0.9882,0.00933,270.00,53.80,0.57063252,0.7247033004,2.28,1.405755e-08,8.942789e-09,1.311437e-08,8.294887e-09,99.60,98.04,9410.61,9263.60,48.74,47.86
3.74213,4,0.2506,0.043,0.036,5.392,5.774,0.9882,0.00933,270.00,53.80,0.57063148,0.7247019795999999,2.28,1.406638e-08,8.956221e-09,1.312407e-08,8.30371e-09,99.84,98.13,9433.23,9271.77,48.88,47.91
3.74238,4,0.2507,0.043,0.036,5.392,5.774,0.9882,0.00933,270.00,53.80,0.5706304799999999,0.7247007095999999,2.28,1.407856e-08,8.972984e-09,1.315299e-08,8.323999e-09,100.15,98.23,9463.14,9281.51,49.06,47.96
3.74262,4,0.2507,0.043,0.036,5.392,5.774,0.9882,0.00933,270.00,53.80,0.57062952,0.7246994904,2.28,1.411606e-08,8.994802e-09,1.318229e-08,8.339929e-09,100.09,98.15,9457.10,9273.60,49.02,47.92
3.74288,4,0.2507,0.043,0.036,5.392,5.774,0.9882,0.00933,270.00,53.80,0.57062848,0.7246981696,2.28,1.412262e-08,9.02093e-09,1.320943e-08,8.348436e-09,100.77,97.87,9520.95,9247.48,49.41,47.76
3.74313,4,0.2507,0.043,0.036,5.392,5.774,0.9882,0.00933,270.00,53.80,0.57062748,0.7246968995999999,2.28,1.411945e-08,9.052624e-09,1.325706e-08,8.370826e-09,101.82,97.63,9620.15,9224.38,50.01,47.62
3.74337,4,0.2508,0.043,0.036,5.392,5.774,0.9882,0.00933,270.00,53.80,0.5706265199999999,0.7246956803999999,2.28,1.412501e-08,9.065296e-09,1.328962e-08,8.390187e-09,102.14,97.63,9651.00,9224.49,50.20,47.62
3.74363,4,0.2508,0.043,0.036,5.392,5.774,0.9882,0.00933,270.00,53.80,0.5706254799999999,0.7246943595999998,2.28,1.415337e-08,9.09416e-09,1.33533e-08,8.396406e-09,102.48,96.57,9682.70,9124.31,50.39,47.01
3.74388,4,0.2508,0.043,0.036,5.392,5.774,0.9882,0.00933,270.00,53.80,0.57062448,0.7246930896,2.28,1.414398e-08,9.10668e-09,1.33824e-08,8.406682e-09,103.07,96.32,9738.20,9100.92,50.72,46.87
3.74412,4,0.2509,0.043,0.036,5.392,5.774,0.9882,0.00933,270.00,53.80,0.5706235199999999,0.7246918703999999,2.28,1.416287e-08,9.123717e-09,1.340417e-08,8.408188e-09,103.26,95.99,9756.72,9069.24,50.83,46.68
3.74437,4,0.2509,0.043,0.036,5.392,5.774,0.9882,0.00933,270.00,53.80,0.5706225199999999,0.7246906003999999,2.28,1.414236e-08,9.130022e-09,1.341546e-08,8.418739e-09,103.89,96.09,9815.69,9079.28,51.19,46.74
3.74463,4,0.2509,0.043,0.035,5.392,5.774,0.9882,0.00933,270.00,53.80,0.57062148,0.7246892796000001,2.28,1.412016e-08,9.143936e-09,1.342419e-08,8.423126e-09,104.80,96.06,9902.17,9076.28,51.71,46.73
3.74487,4,0.2510,0.043,0.035,5.392,5.774,0.9882,0.00933,270.00,53.80,0.57062052,0.7246880604,2.28,1.411473e-08,9.134725e-09,1.342507e-08,8.421698e-09,104.66,96.04,9888.62,9074.17,51.63,46.71
3.74512,4,0.2510,0.043,0.035,5.392,5.774,0.9882,0.00933,270.00,53.80,0.5706195199999999,0.7246867904,2.28,1.40881e-08,9.104362e-09,1.341427e-08,8.413065e-09,104.23,95.98,9848.37,9068.80,51.39,46.68
3.74538,4,0.2510,0.043,0.035,5.392,5.774,0.9882,0.00933,270.00,53.80,0.5706184799999999,0.7246854695999999,2.28,1.406002e-08,9.097098e-09,1.341049e-08,8.411481e-09,104.59,96.01,9881.79,9071.07,51.59,46.69
3.74562,4,0.2510,0.043,0.035,5.392,5.774,0.9882,0.00933,270.00,53.80,0.57061752,0.7246842504,2.28,1.40396e-08,9.075437e-09,1.340584e-08,8.410934e-09,104.31,96.08,9855.80,9077.94,51.43,46.73
3.74587,4,0.2511,0.043,0.035,5.391,5.774,0.9882,0.00933,270.00,53.80,0.57061652,0.7246829804,2.28,1.401152e-08,9.051951e-09,1.338869e-08,8.401386e-09,104.18,96.15,9843.32,9085.07,51.36,46.78
3.74613,4,0.2511,0.043,0.035,5.391,5.774,0.9882,0.00933,270.00,53.80,0.57061548,0.7246816596,2.28,1.399566e-08,9.061779e-09,1.339203e-08,8.398869e-09,104.83,96.01,9905.31,9071.69,51.73,46.70
3.74638,4,0.2511,0.043,0.035,5.392,5.774,0.9882,0.00933,270.00,53.80,0.5706144799999999,0.7246803895999999,2.28,1.396319e-08,9.030823e-09,1.338354e-08,8.396288e-09,104.51,96.10,9874.50,9079.65,51.55,46.74
3.74662,4,0.2512,0.043,0.035,5.391,5.774,0.9882,0.00933,270.00,53.80,0.57061352,0.7246791704,2.28,1.393335e-08,9.006447e-09,1.336987e-08,8.391183e-09,104.38,96.24,9862.69,9093.36,51.47,46.83
3.74688,4,0.2512,0.043,0.035,5.391,5.774,0.9882,0.00933,270.00,53.80,0.57061248,0.7246778496,2.28,1.390595e-08,8.998962e-09,1.335611e-08,8.391622e-09,104.72,96.52,9894.49,9119.85,51.67,46.99
3.74713,4,0.2512,0.043,0.035,5.391,5.774,0.9882,0.00933,270.00,53.80,0.57061148,0.7246765796,2.28,1.386362e-08,8.95826e-09,1.332846e-08,8.369947e-09,104.28,96.39,9853.01,9107.25,51.42,46.91
3.74737,4,0.2513,0.043,0.035,5.391,5.774,0.9882,0.00933,270.00,53.80,0.57061052,0.7246753604,2.28,1.383368e-08,8.952031e-09,1.333487e-08,8.375726e-09,104.76,96.48,9897.92,9116.01,51.69,46.96
3.74763,4,0.2513,0.043,0.035,5.391,5.774,0.9882,0.00933,270.00,53.80,0.57060948,0.7246740396,2.28,1.378668e-08,8.922522e-09,1.333625e-08,8.360134e-09,104.79,95.97,9900.77,9068.00,51.70,46.67
3.74788,4,0.2513,0.043,0.035,5.391,5.774,0.9882,0.00933,270.00,53.80,0.57060848,0.7246727695999999,2.28,1.374092e-08,8.902306e-09,1.333613e-08,8.350871e-09,105.10,95.69,9930.48,9041.34,51.88,46.51
3.74812,4,0.2513,0.043,0.035,5.391,5.774,0.9882,0.00933,270.00,53.80,0.5706075199999999,0.7246715503999999,2.28,1.371784e-08,8.870935e-09,1.330994e-08,8.337542e-09,104.55,95.79,9878.56,9050.26,51.57,46.57
3.74837,4,0.2514,0.043,0.035,5.391,5.774,0.9882,0.00934,270.00,53.80,0.57060652,0.7246702804,2.28,1.367548e-08,8.857512e-09,1.330544e-08,8.32566e-09,105.06,95.54,9926.80,9027.55,51.86,46.43
3.74863,4,0.2514,0.043,0.035,5.391,5.774,0.9882,0.00934,270.00,53.80,0.57060548,0.7246689596,2.28,1.363346e-08,8.828139e-09,1.327582e-08,8.318347e-09,104.99,95.89,9919.92,9060.21,51.82,46.63
3.74887,4,0.2514,0.043,0.035,5.391,5.774,0.9882,0.00934,270.00,53.80,0.57060452,0.7246677403999999,2.28,1.35862e-08,8.799186e-09,1.324091e-08,8.30896e-09,105.05,96.28,9925.20,9096.82,51.85,46.85
3.74912,4,0.2515,0.043,0.035,5.391,5.774,0.9882,0.00934,270.00,53.80,0.5706035199999999,0.7246664703999999,2.28,1.355559e-08,8.762719e-09,1.322976e-08,8.292409e-09,104.52,96.02,9875.92,9072.38,51.55,46.70
3.74938,4,0.2515,0.043,0.035,5.391,5.774,0.9882,0.00934,270.00,53.80,0.5706024799999999,0.7246651496,2.28,1.352251e-08,8.753849e-09,1.322873e-08,8.28757e-09,104.95,95.89,9916.01,9060.09,51.79,46.63
3.74962,4,0.2515,0.043,0.035,5.391,5.774,0.9882,0.00934,270.00,53.80,0.57060152,0.7246639304,2.28,1.347632e-08,8.738776e-09,1.32328e-08,8.271746e-09,105.46,95.32,9963.95,9006.53,52.08,46.30
3.74987,4,0.2516,0.043,0.035,5.391,5.774,0.9882,0.00934,270.00,53.80,0.5706005199999999,0.7246626603999999,2.28,1.345117e-08,8.703821e-09,1.321861e-08,8.25976e-09,104.86,95.26,9907.54,9001.05,51.74,46.27
3.75013,4,0.2516,0.043,0.035,5.391,5.774,0.9882,0.00934,270.00,53.80,0.5705994799999999,0.7246613395999999,2.28,1.338793e-08,8.686158e-09,1.320148e-08,8.251972e-09,105.66,95.35,9983.28,9009.54,52.20,46.32
3.75038,4,0.2516,0.043,0.035,5.391,5.774,0.9882,0.00934,270.00,53.80,0.5705984799999999,0.7246600695999998,2.28,1.335607e-08,8.65976e-09,1.318153e-08,8.240255e-09,105.46,95.38,9964.51,9011.74,52.09,46.33
3.75062,4,0.2516,0.043,0.035,5.391,5.774,0.9882,0.00934,270.00,53.80,0.57059752,0.7246588504,2.28,1.331562e-08,8.645089e-09,1.315874e-08,8.236166e-09,105.86,95.69,10002.54,9041.49,52.32,46.51
3.75088,4,0.2517,0.043,0.035,5.391,5.774,0.9882,0.00934,270.00,53.80,0.57059648,0.7246575296,2.28,1.329206e-08,8.639965e-09,1.314089e-08,8.238251e-09,106.26,96.14,10040.21,9084.16,52.54,46.77
3.75113,4,0.2517,0.043,0.035,5.391,5.774,0.9882,0.00934,270.00,53.80,0.5705954799999999,0.7246562595999999,2.28,1.325078e-08,8.613488e-09,1.312594e-08,8.226919e-09,106.28,96.08,10041.40,9078.36,52.55,46.74
3.75137,4,0.2517,0.043,0.035,5.391,5.774,0.9882,0.00934,270.00,53.80,0.57059452,0.7246550404,2.28,1.321885e-08,8.591182e-09,1.312288e-08,8.229645e-09,106.22,96.23,10036.22,9092.11,52.52,46.82
3.75163,4,0.2518,0.043,0.035,5.390,5.774,0.9882,0.00934,270.00,53.80,0.57059348,0.7246537196,2.28,1.320572e-08,8.579192e-09,1.313367e-08,8.226841e-09,106.14,95.97,10028.67,9067.43,52.47,46.67
3.75188,4,0.2518,0.043,0.035,5.390,5.774,0.9882,0.00934,270.00,53.80,0.57059248,0.7246524496,2.28,1.31833e-08,8.560887e-09,1.312266e-08,8.222098e-09,106.01,96.03,10016.18,9073.79,52.40,46.71
3.75212,4,0.2518,0.043,0.035,5.390,5.774,0.9882,0.00934,270.00,53.80,0.5705915199999999,0.7246512303999999,2.28,1.314726e-08,8.552724e-09,1.313389e-08,8.224605e-09,106.55,95.89,10067.34,9060.43,52.71,46.63
3.75237,4,0.2519,0.043,0.035,5.390,5.774,0.9882,0.00934,270.00,53.80,0.57059052,0.7246499604,2.28,1.312594e-08,8.540249e-09,1.314897e-08,8.226942e-09,106.64,95.71,10076.05,9043.13,52.76,46.52
3.75263,4,0.2519,0.043,0.035,5.390,5.774,0.9882,0.00934,270.00,53.80,0.57058948,0.7246486396,2.28,1.310315e-08,8.537221e-09,1.312342e-08,8.223075e-09,107.07,96.09,10116.07,9078.87,53.00,46.74
3.75287,4,0.2519,0.043,0.035,5.390,5.774,0.9882,0.00934,270.00,53.80,0.5705885199999999,0.7246474204,2.28,1.30858e-08,8.528117e-09,1.308819e-08,8.223314e-09,107.14,96.79,10123.56,9145.33,53.05,47.14
3.75312,4,0.2520,0.043,0.035,5.390,5.774,0.9882,0.00934,270.00,53.80,0.5705875199999999,0.7246461503999999,2.28,1.305749e-08,8.519204e-09,1.302241e-08,8.227758e-09,107.53,98.30,10160.24,9287.98,53.27,48.00
3.75338,4,0.2520,0.043,0.035,5.390,5.774,0.9882,0.00934,270.00,53.80,0.57058648,0.7246448296,2.28,1.303119e-08,8.513703e-09,1.300922e-08,8.221996e-09,107.96,98.38,10200.43,9295.87,53.51,48.05
3.75362,4,0.2520,0.043,0.035,5.390,5.774,0.9882,0.00934,270.00,53.80,0.57058552,0.7246436103999999,2.28,1.301871e-08,8.494663e-09,1.296242e-08,8.223662e-09,107.56,99.41,10162.86,9392.85,53.28,48.63
3.75387,4,0.2520,0.043,0.035,5.390,5.774,0.9882,0.00934,270.00,53.80,0.5705845199999999,0.7246423404,2.28,1.299724e-08,8.504697e-09,1.295513e-08,8.230695e-09,108.44,99.80,10246.21,9429.39,53.79,48.85
3.75413,4,0.2521,0.043,0.035,5.390,5.774,0.9882,0.00934,270.00,53.80,0.5705834799999999,0.7246410195999999,2.28,1.298582e-08,8.482602e-09,1.293008e-08,8.220374e-09,107.95,100.02,10199.41,9450.76,53.50,48.98
3.75438,4,0.2521,0.043,0.035,5.390,5.774,0.9882,0.00934,270.00,53.80,0.57058248,0.7246397496,2.28,1.298817e-08,8.476076e-09,1.295876e-08,8.225466e-09,107.65,99.59,10171.52,9409.49,53.34,48.73
3.75462,4,0.2521,0.043,0.035,5.390,5.774,0.9882,0.00934,270.00,53.80,0.57058152,0.7246385303999999,2.28,1.297039e-08,8.491975e-09,1.297012e-08,8.236086e-09,108.67,99.70,10267.23,9420.17,53.91,48.80
3.75488,4,0.2522,0.043,0.035,5.390,5.774,0.9882,0.00934,270.00,53.80,0.57058048,0.7246372095999999,2.28,1.297534e-08,8.489093e-09,1.296657e-08,8.231185e-09,108.48,99.65,10249.89,9415.61,53.81,48.77
3.75513,4,0.2522,0.043,0.035,5.390,5.774,0.9882,0.00934,270.00,53.80,0.5705794799999999,0.7246359396,2.28,1.295764e-08,8.490447e-09,1.298388e-08,8.238705e-09,108.96,99.54,10295.25,9404.77,54.08,48.70
3.75537,4,0.2522,0.043,0.035,5.390,5.774,0.9882,0.00934,270.00,53.80,0.57057852,0.7246347204,2.28,1.295694e-08,8.498405e-09,1.296777e-08,8.242393e-09,109.28,100.00,10324.92,9448.40,54.26,48.97
3.75563,4,0.2523,0.043,0.035,5.390,5.774,0.9882,0.00934,270.00,53.80,0.57057748,0.7246333996,2.28,1.29521e-08,8.488208e-09,1.295322e-08,8.243714e-09,109.06,100.39,10304.23,9485.52,54.14,49.19
3.75588,4,0.2523,0.043,0.035,5.390,5.774,0.9882,0.00934,270.00,53.80,0.5705764799999999,0.7246321295999999,2.28,1.295411e-08,8.481885e-09,1.298542e-08,8.245197e-09,108.77,99.76,10277.37,9425.74,53.97,48.83
3.75612,4,0.2523,0.043,0.035,5.390,5.774,0.9882,0.00934,270.00,53.80,0.57057552,0.7246309104,2.28,1.294646e-08,8.47572e-09,1.298883e-08,8.246162e-09,108.73,99.72,10273.31,9421.99,53.95,48.81
3.75637,4,0.2523,0.043,0.035,5.390,5.774,0.9882,0.00934,270.00,53.80,0.57057452,0.7246296404,2.28,1.294534e-08,8.472155e-09,1.299455e-08,8.251534e-09,108.62,99.78,10263.38,9427.43,53.89,48.84
3.75663,4,0.2524,0.043,0.035,5.390,5.774,0.9882,0.00934,270.00,53.80,0.57057348,0.7246283196,2.28,1.294205e-08,8.460509e-09,1.301176e-08,8.242318e-09,108.32,99.15,10234.22,9368.44,53.71,48.48
3.75687,4,0.2524,0.043,0.035,5.390,5.774,0.9882,0.00934,270.00,53.80,0.5705725199999999,0.7246271003999999,2.28,1.294535e-08,8.469143e-09,1.299069e-08,8.234071e-09,108.56,99.32,10256.87,9384.30,53.85,48.58
3.75712,4,0.2524,0.043,0.035,5.390,5.774,0.9882,0.00934,270.00,53.80,0.57057152,0.7246258304000001,2.28,1.294004e-08,8.453065e-09,1.298592e-08,8.235806e-09,108.09,99.48,10212.83,9399.13,53.58,48.67
3.75738,4,0.2525,0.042,0.035,5.389,5.774,0.9882,0.00934,270.00,53.80,0.57057048,0.7246245096,2.28,1.293145e-08,8.443275e-09,1.302042e-08,8.231248e-09,107.98,98.65,10202.13,9320.84,53.52,48.20
3.75762,4,0.2525,0.042,0.035,5.389,5.774,0.9882,0.00934,270.00,53.80,0.5705695199999999,0.7246232904,2.28,1.292643e-08,8.438862e-09,1.298862e-08,8.22457e-09,107.93,99.09,10198.18,9362.39,53.50,48.45
3.75787,4,0.2525,0.042,0.035,5.389,5.774,0.9882,0.00934,270.00,53.80,0.5705685199999999,0.7246220203999999,2.28,1.294471e-08,8.435273e-09,1.300232e-08,8.234897e-09,107.37,99.14,10144.41,9367.51,53.17,48.48
3.75813,4,0.2526,0.042,0.035,5.389,5.774,0.9882,0.00934,270.00,53.80,0.57056748,0.7246206996000001,2.28,1.295062e-08,8.433959e-09,1.300236e-08,8.233476e-09,107.22,99.13,10130.62,9366.74,53.09,48.47
3.75838,4,0.2526,0.042,0.035,5.389,5.774,0.9882,0.00934,270.00,53.80,0.57056648,0.7246194296,2.28,1.290963e-08,8.427752e-09,1.297872e-08,8.217664e-09,107.97,99.11,10201.72,9364.12,53.52,48.46
3.75862,4,0.2526,0.042,0.035,5.389,5.774,0.9882,0.00934,270.00,53.80,0.5705655199999999,0.7246182104,2.28,1.289474e-08,8.631106e-09,1.297508e-08,8.225288e-09,116.24,99.43,10982.68,9395.03,58.23,48.64
3.75888,4,0.2526,0.042,0.035,5.389,5.774,0.9882,0.00934,270.00,53.80,0.5705644799999999,0.7246168895999999,2.28,1.288687e-08,9.132145e-09,1.299378e-08,8.255218e-09,139.65,100.03,13195.22,9451.57,71.59,48.99
3.75913,4,0.2527,0.042,0.035,5.389,5.774,0.9882,0.00934,270.00,53.80,0.57056348,0.7246156196,2.28,1.288002e-08,8.41982e-09,1.299759e-08,8.209911e-09,108.44,98.50,10245.71,9306.94,53.78,48.11
3.75937,4,0.2527,0.042,0.035,5.389,5.774,0.9882,0.00934,270.00,53.80,0.57056252,0.7246144003999999,2.28,1.286115e-08,8.410415e-09,1.301e-08,8.210811e-09,108.55,98.28,10256.03,9285.64,53.84,47.98
3.75963,4,0.2527,0.042,0.035,5.389,5.774,0.9882,0.00934,270.00,53.80,0.57056148,0.7246130796,2.28,1.284725e-08,8.40796e-09,1.30116e-08,8.202441e-09,108.79,97.97,10279.47,9256.95,53.99,47.81
3.75988,4,0.2528,0.042,0.035,5.389,5.774,0.9882,0.00934,270.00,53.80,0.5705604799999999,0.7246118095999999,2.28,1.282414e-08,8.393981e-09,1.300063e-08,8.204315e-09,108.88,98.30,10287.60,9287.53,54.03,47.99
3.76012,4,0.2528,0.042,0.035,5.389,5.774,0.9882,0.00934,270.00,53.80,0.57055952,0.7246105904,2.28,1.282454e-08,8.391664e-09,1.298882e-08,8.198443e-09,108.78,98.35,10278.46,9292.39,53.98,48.02
3.76037,4,0.2528,0.042,0.035,5.389,5.774,0.9881,0.00934,270.00,53.80,0.57055852,0.7246093203999999,2.28,1.279722e-08,8.386573e-09,1.299372e-08,8.20337e-09,109.25,98.40,10322.95,9297.08,54.25,48.05
3.76063,4,0.2529,0.042,0.035,5.389,5.774,0.9881,0.00934,270.00,53.80,0.57055748,0.7246079996,2.28,1.277804e-08,8.375878e-09,1.298763e-08,8.191893e-09,109.37,98.19,10333.74,9277.31,54.31,47.93
3.76087,4,0.2529,0.042,0.035,5.389,5.774,0.9881,0.00934,270.00,53.80,0.57055652,0.7246067804,2.28,1.274324e-08,8.367246e-09,1.297077e-08,8.180818e-09,109.91,98.17,10384.82,9275.96,54.62,47.92
3.76112,4,0.2529,0.042,0.035,5.389,5.774,0.9881,0.00934,270.00,53.80,0.57055552,0.7246055104,2.28,1.273099e-08,8.351739e-09,1.297274e-08,8.170671e-09,109.62,97.80,10357.87,9241.08,54.46,47.71
3.76138,4,0.2529,0.042,0.035,5.389,5.774,0.9881,0.00934,270.00,53.80,0.57055448,0.7246041896,2.28,1.271211e-08,8.340589e-09,1.294644e-08,8.16609e-09,109.67,98.19,10362.33,9277.86,54.48,47.94
3.76162,4,0.2530,0.042,0.035,5.389,5.774,0.9881,0.00934,270.00,53.80,0.5705535199999999,0.7246029703999999,2.28,1.268701e-08,8.327389e-09,1.292657e-08,8.154843e-09,109.84,98.27,10378.27,9285.49,54.58,47.98
3.76187,4,0.2530,0.042,0.035,5.389,5.774,0.9881,0.00934,270.00,53.80,0.57055252,0.7246017004,2.28,1.264815e-08,8.316756e-09,1.290778e-08,8.148437e-09,110.42,98.45,10432.57,9302.34,54.91,48.08
3.76213,4,0.2530,0.042,0.035,5.389,5.774,0.9881,0.00934,270.00,53.80,0.57055148,0.7246003796,2.28,1.263132e-08,8.302885e-09,1.287667e-08,8.143126e-09,110.31,98.93,10422.29,9346.95,54.85,48.35
3.76238,4,0.2531,0.042,0.035,5.389,5.774,0.9881,0.00934,270.00,53.80,0.57055048,0.7245991096,2.28,1.260496e-08,8.299589e-09,1.286061e-08,8.135434e-09,110.90,99.05,10478.10,9358.35,55.18,48.42
3.76262,4,0.2531,0.042,0.035,5.389,5.774,0.9881,0.00934,270.00,53.80,0.5705495199999999,0.7245978903999999,2.28,1.259999e-08,8.309621e-09,1.288061e-08,8.133761e-09,111.42,98.57,10527.45,9313.71,55.48,48.15
3.76288,4,0.2531,0.042,0.035,5.389,5.774,0.9881,0.00934,270.00,53.80,0.5705484799999999,0.7245965695999999,2.28,1.256811e-08,8.307978e-09,1.287927e-08,8.121674e-09,112.19,98.20,10600.07,9278.86,55.92,47.94
3.76313,4,0.2532,0.042,0.035,5.388,5.774,0.9881,0.00934,270.00,53.80,0.57054748,0.7245952996,2.28,1.254371e-08,8.328056e-09,1.288624e-08,8.136121e-09,113.69,98.57,10742.04,9313.67,56.78,48.15
3.76337,4,0.2532,0.042,0.035,5.388,5.774,0.9881,0.00934,270.00,53.80,0.57054652,0.7245940804,2.28,1.251058e-08,8.342715e-09,1.288305e-08,8.133769e-09,115.20,98.56,10884.33,9312.62,57.64,48.15
3.76363,4,0.2532,0.042,0.035,5.388,5.774,0.9881,0.00934,270.00,53.80,0.5705454799999999,0.7245927595999999,2.28,1.251257e-08,8.391534e-09,1.288528e-08,8.152822e-09,117.19,99.14,11072.43,9367.62,58.77,48.48
3.76388,4,0.2532,0.042,0.035,5.388,5.774,0.9881,0.00934,270.00,53.80,0.5705444799999999,0.7245914895999999,2.28,1.248606e-08,8.419684e-09,1.288968e-08,8.159757e-09,119.16,99.28,11258.91,9380.61,59.90,48.56
3.76412,4,0.2533,0.042,0.035,5.388,5.774,0.9881,0.00934,270.00,53.80,0.57054352,0.7245902704,2.28,1.247015e-08,8.463408e-09,1.288058e-08,8.174393e-09,121.61,100.00,11490.36,9448.57,61.30,48.97
3.76437,4,0.2533,0.042,0.035,5.388,5.774,0.9881,0.00934,270.00,53.80,0.5705425199999999,0.7245890004,2.28,1.242918e-08,8.496203e-09,1.285949e-08,8.169837e-09,124.37,100.30,11751.22,9476.59,62.87,49.13
3.76463,4,0.2533,0.042,0.035,5.388,5.774,0.9881,0.00934,270.00,53.80,0.5705414799999999,0.7245876795999999,2.28,1.240705e-08,8.526262e-09,1.285784e-08,8.180013e-09,126.49,100.68,11951.39,9512.39,64.08,49.35
3.76487,4,0.2534,0.042,0.035,5.388,5.774,0.9881,0.00934,270.00,53.80,0.57054052,0.7245864604,2.28,1.239521e-08,8.570472e-09,1.283357e-08,8.186849e-09,129.06,101.47,12194.22,9587.85,65.54,49.81
3.76512,4,0.2534,0.042,0.035,5.388,5.774,0.9881,0.00934,270.00,53.80,0.57053952,0.7245851904,2.28,1.234663e-08,8.625788e-09,1.282055e-08,8.202185e-09,133.52,102.29,12615.62,9664.79,68.09,50.27
3.76538,4,0.2534,0.042,0.035,5.388,5.774,0.9881,0.00934,270.00,53.80,0.57053848,0.7245838696,2.28,1.232951e-08,8.691049e-09,1.282484e-08,8.22134e-09,137.58,102.86,12998.87,9718.64,70.40,50.60
3.76562,4,0.2535,0.042,0.035,5.388,5.774,0.9881,0.00934,270.00,53.80,0.5705375199999999,0.7245826503999999,2.28,1.23124e-08,8.748883e-09,1.281978e-08,8.240272e-09,141.46,103.68,13365.84,9795.92,72.62,51.06
3.76587,4,0.2535,0.042,0.035,5.388,5.774,0.9881,0.00934,270.00,53.80,0.57053652,0.7245813804,2.28,1.230819e-08,8.811344e-09,1.282278e-08,8.25055e-09,145.19,103.97,13717.91,9823.75,74.74,51.23
3.76613,4,0.2535,0.042,0.035,5.388,5.774,0.9881,0.00934,270.00,53.80,0.57053548,0.7245800595999999,2.28,1.229103e-08,8.866826e-09,1.281728e-08,8.266298e-09,149.20,104.66,14097.14,9888.45,77.03,51.62
3.76638,4,0.2536,0.042,0.035,5.388,5.774,0.9881,0.00934,270.00,53.80,0.57053448,0.7245787896,2.28,1.229282e-08,8.928176e-09,1.281571e-08,8.288635e-09,152.95,105.53,14451.64,9971.46,79.18,52.12
3.76662,4,0.2536,0.042,0.035,5.388,5.774,0.9881,0.00934,270.00,53.80,0.5705335199999999,0.7245775703999999,2.28,1.227063e-08,8.975916e-09,1.281403e-08,8.300668e-09,157.03,106.01,14837.29,10016.28,81.50,52.39
3.76688,4,0.2536,0.042,0.035,5.388,5.774,0.9881,0.00934,270.00,53.80,0.57053248,0.7245762496,2.28,1.226587e-08,9.066203e-09,1.283289e-08,8.328291e-09,163.32,106.57,15431.72,10069.16,85.09,52.71
3.76713,4,0.2536,0.042,0.035,5.388,5.774,0.9881,0.00934,270.00,53.80,0.57053148,0.7245749796,2.28,1.227013e-08,9.130855e-09,1.283505e-08,8.348096e-09,167.65,107.24,15840.75,10132.80,87.56,53.10
3.76737,4,0.2537,0.042,0.035,5.388,5.774,0.9881,0.00934,270.00,53.80,0.5705305199999999,0.7245737603999999,2.28,1.2287e-08,9.195431e-09,1.283805e-08,8.371168e-09,171.51,108.06,16205.33,10210.48,89.76,53.57
3.76762,4,0.2537,0.042,0.035,5.388,5.774,0.9881,0.00934,270.00,53.80,0.57052952,0.7245724904,2.28,1.227868e-08,9.237864e-09,1.283793e-08,8.393571e-09,175.18,108.90,16551.84,10289.69,91.86,54.04
3.76788,4,0.2537,0.042,0.035,5.388,5.774,0.9881,0.00934,270.00,53.80,0.57052848,0.7245711696,2.28,1.227778e-08,9.262364e-09,1.284445e-08,8.405176e-09,177.12,109.18,16735.53,10315.72,92.97,54.20
3.76812,4,0.2538,0.042,0.035,5.388,5.774,0.9881,0.00934,270.00,53.80,0.57052752,0.7245699503999999,2.28,1.22717e-08,9.260744e-09,1.283427e-08,8.410634e-09,177.42,109.68,16763.99,10362.99,93.14,54.49
3.76837,4,0.2538,0.042,0.035,5.388,5.774,0.9881,0.00934,270.00,53.80,0.5705265199999999,0.7245686803999999,2.28,1.226435e-08,9.251281e-09,1.284326e-08,8.421894e-09,177.12,109.88,16735.12,10382.20,92.96,54.60
3.76863,4,0.2538,0.042,0.035,5.388,5.774,0.9881,0.00934,270.00,53.80,0.5705254799999999,0.7245673596,2.28,1.225508e-08,9.254994e-09,1.285714e-08,8.431274e-09,177.96,109.89,16814.28,10383.19,93.44,54.61
3.76887,4,0.2539,0.042,0.035,5.387,5.774,0.9881,0.00934,270.00,53.80,0.57052452,0.7245661404,2.28,1.227235e-08,9.28348e-09,1.2849e-08,8.44109e-09,179.25,110.51,16936.00,10441.74,94.17,54.96
3.76912,4,0.2539,0.042,0.035,5.387,5.774,0.9881,0.00934,270.00,53.80,0.57052352,0.7245648704,2.28,1.2288e-08,9.306213e-09,1.28531e-08,8.459907e-09,180.11,111.13,17017.80,10500.07,94.67,55.31
3.76938,4,0.2539,0.042,0.035,5.387,5.774,0.9881,0.00934,270.00,53.80,0.5705224799999999,0.7245635495999999,2.28,1.228158e-08,9.289299e-09,1.284841e-08,8.457996e-09,179.15,111.17,16927.29,10504.35,94.12,55.34
3.76963,4,0.2539,0.042,0.035,5.387,5.774,0.9881,0.00934,270.00,53.80,0.5705214799999999,0.7245622795999999,2.28,1.231366e-08,9.428016e-09,1.288845e-08,8.487856e-09,188.55,111.31,17814.95,10517.04,99.48,55.42
3.76987,4,0.2540,0.042,0.035,5.387,5.774,0.9881,0.00934,270.00,53.80,0.57052052,0.7245610604,2.28,1.23247e-08,9.37353e-09,1.289847e-08,8.495761e-09,183.37,111.40,17325.55,10525.93,96.53,55.47
3.77013,4,0.2540,0.042,0.035,5.387,5.774,0.9881,0.00934,270.00,53.80,0.57051948,0.7245597396,2.28,1.23251e-08,9.326649e-09,1.289016e-08,8.499864e-09,179.57,111.77,16967.06,10560.78,94.36,55.68
3.77038,4,0.2540,0.042,0.035,5.387,5.774,0.9881,0.00934,270.01,53.80,0.5705184799999999,0.7245584695999999,2.28,1.230651e-08,9.314666e-09,1.285366e-08,8.504278e-09,179.74,112.88,16982.68,10665.66,94.46,56.31
3.77062,4,0.2541,0.042,0.035,5.387,5.774,0.9881,0.00934,270.01,53.80,0.57051752,0.7245572504,2.28,1.231355e-08,9.31766e-09,1.284515e-08,8.516038e-09,179.63,113.61,16971.88,10734.64,94.39,56.73
3.77088,4,0.2541,0.042,0.035,5.387,5.774,0.9881,0.00934,270.01,53.80,0.57051648,0.7245559296,2.28,1.232137e-08,9.305245e-09,1.287385e-08,8.533449e-09,178.18,113.55,16835.55,10728.61,93.57,56.69
3.77113,4,0.2541,0.042,0.035,5.387,5.774,0.9881,0.00934,270.01,53.80,0.57051548,0.7245546596,2.28,1.234702e-08,9.340001e-09,1.286089e-08,8.558522e-09,179.39,114.89,16949.61,10855.26,94.26,57.46
3.77137,4,0.2542,0.042,0.035,5.387,5.774,0.9881,0.00934,270.01,53.80,0.5705145199999999,0.7245534403999999,2.28,1.237194e-08,9.453285e-09,1.289329e-08,8.578716e-09,187.14,114.88,17681.53,10854.36,98.67,57.45
3.77162,4,0.2542,0.042,0.035,5.387,5.774,0.9881,0.00934,270.01,53.80,0.57051352,0.7245521704,2.28,1.23873e-08,9.345176e-09,1.290322e-08,8.585985e-09,177.49,114.91,16769.89,10856.86,93.17,57.47
3.77188,4,0.2542,0.042,0.035,5.387,5.774,0.9881,0.00934,270.01,53.80,0.57051248,0.7245508496,2.28,1.238959e-08,9.360674e-09,1.292207e-08,8.595847e-09,178.56,114.80,16870.95,10846.75,93.78,57.41
3.77212,4,0.2542,0.042,0.035,5.387,5.774,0.9881,0.00934,270.01,53.80,0.5705115199999999,0.7245496304,2.28,1.242501e-08,9.381323e-09,1.296523e-08,8.607313e-09,178.08,114.12,16826.12,10782.23,93.51,57.02
3.77237,4,0.2543,0.042,0.035,5.387,5.774,0.9881,0.00934,270.01,53.80,0.5705105199999999,0.7245483603999999,2.28,1.244041e-08,9.381851e-09,1.297914e-08,8.620275e-09,177.30,114.31,16751.83,10800.36,93.06,57.12
3.77263,4,0.2543,0.042,0.035,5.387,5.774,0.9881,0.00934,270.01,53.80,0.57050948,0.7245470396,2.28,1.243947e-08,9.385614e-09,1.298417e-08,8.638145e-09,177.64,114.88,16784.36,10854.73,93.26,57.45
3.77287,4,0.2543,0.042,0.035,5.387,5.774,0.9881,0.00934,270.01,53.80,0.57050852,0.7245458203999999,2.28,1.244224e-08,9.377497e-09,1.298372e-08,8.660919e-09,176.86,115.80,16710.27,10941.81,92.81,57.98
3.77312,4,0.2544,0.042,0.035,5.387,5.774,0.9881,0.00934,270.01,53.80,0.5705075199999999,0.7245445503999999,2.28,1.244965e-08,9.372783e-09,1.297397e-08,8.66662e-09,176.14,116.34,16642.60,10992.61,92.40,58.29
3.77338,4,0.2544,0.042,0.035,5.387,5.774,0.9881,0.00934,270.01,53.80,0.5705064799999999,0.7245432296,2.28,1.246936e-08,9.391756e-09,1.298021e-08,8.689734e-09,176.45,117.11,16672.29,11065.28,92.58,58.72
3.77363,4,0.2544,0.042,0.035,5.387,5.774,0.9881,0.00934,270.01,53.80,0.57050548,0.7245419596,2.28,1.250586e-08,9.581563e-09,1.299711e-08,8.707427e-09,189.46,117.37,17900.95,11089.86,100.00,58.87
3.77387,4,0.2545,0.042,0.035,5.387,5.774,0.9881,0.00934,270.01,53.80,0.57050452,0.7245407403999999,2.28,1.24843e-08,9.507121e-09,1.297247e-08,8.712173e-09,184.72,118.29,17453.24,11176.83,97.29,59.40
3.77413,4,0.2545,0.042,0.035,5.387,5.774,0.9881,0.00934,270.01,53.80,0.57050348,0.7245394195999999,2.28,1.249976e-08,9.537431e-09,1.296035e-08,8.715523e-09,186.24,118.77,17596.65,11221.87,98.16,59.67
3.77438,4,0.2545,0.042,0.035,5.387,5.774,0.9881,0.00934,270.01,53.80,0.5705024799999999,0.7245381496,2.28,1.249519e-08,9.47901e-09,1.296297e-08,8.73167e-09,181.79,119.37,17176.62,11278.61,95.62,60.01
3.77462,4,0.2545,0.042,0.035,5.387,5.774,0.9881,0.00934,270.01,53.80,0.57050152,0.7245369304,2.28,1.249118e-08,9.421532e-09,1.296512e-08,8.751527e-09,177.54,120.14,16775.09,11351.76,93.20,60.45
3.77488,4,0.2546,0.042,0.035,5.386,5.774,0.9881,0.00934,270.01,53.80,0.57050048,0.7245356096,2.28,1.249889e-08,9.384592e-09,1.295679e-08,8.745933e-09,174.38,120.19,16476.23,11356.33,91.39,60.48
3.77513,4,0.2546,0.042,0.035,5.386,5.774,0.9881,0.00934,270.01,53.80,0.57049948,0.7245343395999999,2.28,1.250322e-08,9.376786e-09,1.294914e-08,8.754488e-09,173.56,120.77,16398.62,11411.36,90.93,60.81
3.77537,4,0.2546,0.042,0.035,5.386,5.774,0.9881,0.00934,270.01,53.80,0.57049852,0.7245331204000001,2.28,1.250479e-08,9.384055e-09,1.294485e-08,8.763772e-09,174.01,121.29,16441.30,11460.55,91.18,61.11
3.77562,4,0.2547,0.042,0.035,5.386,5.774,0.9881,0.00934,270.01,53.80,0.57049752,0.7245318504,2.28,1.249871e-08,9.382872e-09,1.293416e-08,8.776311e-09,174.33,122.20,16471.53,11545.60,91.37,61.62
3.77588,4,0.2547,0.042,0.035,5.386,5.774,0.9881,0.00934,270.01,53.80,0.57049648,0.7245305296,2.28,1.249287e-08,9.351059e-09,1.291569e-08,8.767033e-09,172.30,122.34,16279.98,11558.94,90.21,61.70
3.77612,4,0.2547,0.042,0.035,5.386,5.774,0.9881,0.00934,270.01,53.80,0.5704955199999999,0.7245293103999999,2.28,1.248547e-08,9.343468e-09,1.289563e-08,8.775044e-09,172.15,123.28,16265.77,11648.32,90.12,62.24
3.77637,4,0.2548,0.042,0.035,5.386,5.774,0.9881,0.00934,270.01,53.80,0.57049452,0.7245280404,2.28,1.24899e-08,9.338899e-09,1.288724e-08,8.778946e-09,171.64,123.75,16217.75,11692.96,89.83,62.51
3.77663,4,0.2548,0.042,0.035,5.386,5.774,0.9881,0.00934,270.01,53.80,0.57049348,0.7245267196,2.28,1.25055e-08,9.34769e-09,1.292006e-08,8.808465e-09,171.43,124.07,16198.02,11722.86,89.71,62.69
3.77687,4,0.2548,0.042,0.035,5.386,5.774,0.9881,0.00934,270.01,53.80,0.57049252,0.7245255004,2.28,1.251449e-08,9.323935e-09,1.297061e-08,8.810978e-09,169.24,122.67,15991.03,11590.78,88.46,61.90
3.77712,4,0.2548,0.042,0.035,5.386,5.774,0.9881,0.00934,270.01,53.80,0.5704915199999999,0.7245242303999999,2.28,1.25063e-08,9.323573e-09,1.29387e-08,8.811619e-09,169.65,123.65,16029.74,11683.05,88.70,62.45
3.77738,4,0.2549,0.042,0.035,5.386,5.774,0.9881,0.00934,270.01,53.80,0.5704904799999999,0.7245229095999999,2.28,1.249622e-08,9.30703e-09,1.295015e-08,8.798538e-09,169.08,122.78,15975.14,11601.33,88.37,61.96
3.77763,4,0.2549,0.042,0.035,5.386,5.774,0.9881,0.00934,270.01,53.80,0.57048948,0.7245216396,2.28,1.250653e-08,9.30106e-09,1.292841e-08,8.812002e-09,168.11,124.02,15883.81,11718.45,87.82,62.67
3.77787,4,0.2549,0.042,0.035,5.386,5.774,0.9881,0.00934,270.01,53.80,0.5704885199999999,0.7245204204,2.28,1.251137e-08,9.290576e-09,1.296121e-08,8.816896e-09,167.12,123.26,15790.42,11646.01,87.25,62.23
3.77813,4,0.2550,0.042,0.035,5.386,5.774,0.9881,0.00934,270.01,53.80,0.5704874799999999,0.7245190995999999,2.28,1.252354e-08,9.511034e-09,1.294924e-08,8.834783e-09,182.99,124.45,17289.56,11758.92,96.30,62.91
3.77838,4,0.2550,0.042,0.035,5.386,5.774,0.9881,0.00934,270.01,53.80,0.5704864799999999,0.7245178295999999,2.28,1.25072e-08,9.399573e-09,1.2955e-08,8.829e-09,175.31,124.02,16563.93,11718.35,91.92,62.66
3.77862,4,0.2550,0.042,0.035,5.386,5.774,0.9881,0.00934,270.01,53.80,0.57048552,0.7245166103999999,2.28,1.248241e-08,9.37451e-09,1.292697e-08,8.822495e-09,174.82,124.58,16518.32,11771.13,91.65,62.98
3.77888,4,0.2551,0.042,0.035,5.386,5.774,0.9881,0.00934,270.01,53.80,0.57048448,0.7245152896,2.28,1.248553e-08,9.411246e-09,1.293332e-08,8.823205e-09,177.50,124.47,16770.95,11760.53,93.17,62.92
3.77913,4,0.2551,0.042,0.035,5.386,5.774,0.9881,0.00934,270.01,53.80,0.5704834799999999,0.7245140196,2.28,1.246837e-08,9.242593e-09,1.291034e-08,8.819897e-09,166.13,125.02,15696.90,11812.66,86.69,63.23
3.77937,4,0.2551,0.042,0.035,5.386,5.774,0.9881,0.00934,270.01,53.80,0.57048252,0.7245128004,2.28,1.247927e-08,9.19801e-09,1.292271e-08,8.82658e-09,162.53,124.94,15357.05,11805.20,84.63,63.19
3.77962,4,0.2551,0.042,0.035,5.386,5.774,0.9881,0.00934,270.01,53.80,0.57048152,0.7245115303999999,2.28,1.247875e-08,9.162815e-09,1.292078e-08,8.829557e-09,160.22,125.13,15138.31,11823.34,83.31,63.30
3.77988,4,0.2552,0.042,0.035,5.385,5.774,0.9881,0.00934,270.01,53.80,0.57048048,0.7245102096,2.28,1.248825e-08,9.177763e-09,1.295874e-08,8.850099e-09,160.81,124.94,15193.91,11805.23,83.65,63.19
3.78012,4,0.2552,0.042,0.035,5.385,5.774,0.9881,0.00934,270.01,53.80,0.5704795199999999,0.7245089903999999,2.28,1.250176e-08,9.174699e-09,1.294607e-08,8.856571e-09,159.95,125.62,15113.18,11869.17,83.16,63.57
3.78037,4,0.2552,0.042,0.035,5.385,5.774,0.9881,0.00934,270.01,53.80,0.57047852,0.7245077204,2.28,1.250332e-08,9.166809e-09,1.297296e-08,8.873168e-09,159.36,125.54,15057.41,11861.55,82.82,63.53
3.78063,4,0.2553,0.042,0.035,5.385,5.774,0.9881,0.00934,270.01,53.80,0.57047748,0.7245063996,2.28,1.249817e-08,9.120948e-09,1.297357e-08,8.850685e-09,156.72,124.57,14807.28,11769.84,81.31,62.97
3.78087,4,0.2553,0.042,0.035,5.385,5.774,0.9881,0.00934,270.01,53.80,0.5704765199999999,0.7245051803999999,2.28,1.250371e-08,9.097884e-09,1.297948e-08,8.85529e-09,155.01,124.59,14645.79,11772.24,80.34,62.99
3.78112,4,0.2553,0.042,0.035,5.385,5.774,0.9881,0.00934,270.01,53.80,0.57047552,0.7245039104000001,2.28,1.252357e-08,9.108347e-09,1.300465e-08,8.874425e-09,154.76,124.68,14622.29,11780.43,80.20,63.04
3.78138,4,0.2554,0.042,0.035,5.385,5.774,0.9881,0.00934,270.01,53.80,0.57047448,0.7245025896,2.28,1.253316e-08,9.117616e-09,1.300627e-08,8.886594e-09,154.96,125.22,14641.52,11831.43,80.31,63.35
3.78163,4,0.2554,0.042,0.035,5.385,5.774,0.9881,0.00934,270.01,53.80,0.57047348,0.7245013196,2.28,1.254521e-08,9.106391e-09,1.298747e-08,8.888875e-09,153.72,125.90,14524.52,11895.33,79.61,63.73
3.78187,4,0.2554,0.042,0.035,5.385,5.774,0.9881,0.00934,270.01,53.80,0.5704725199999999,0.7245001003999999,2.28,1.258384e-08,9.238664e-09,1.301053e-08,8.906047e-09,160.32,125.96,15147.99,11901.22,83.37,63.77
3.78213,4,0.2555,0.042,0.035,5.385,5.774,0.9881,0.00934,270.01,53.80,0.5704714799999999,0.7244987795999999,2.28,1.257968e-08,9.079367e-09,1.302414e-08,8.900058e-09,150.63,125.32,14232.58,11841.33,77.84,63.41
3.78238,4,0.2555,0.042,0.035,5.385,5.774,0.9881,0.00934,270.01,53.80,0.57047048,0.7244975096,2.28,1.258943e-08,9.093292e-09,1.304505e-08,8.928895e-09,151.04,125.97,14271.43,11902.57,78.08,63.77
3.78262,4,0.2555,0.042,0.035,5.385,5.774,0.9881,0.00934,270.01,53.80,0.57046952,0.7244962904,2.28,1.261473e-08,9.101508e-09,1.307541e-08,8.942082e-09,150.45,125.64,14214.86,11870.63,77.74,63.58
3.78288,4,0.2555,0.042,0.035,5.385,5.774,0.9881,0.00934,270.01,53.80,0.57046848,0.7244949695999999,2.28,1.264275e-08,9.1406e-09,1.310159e-08,8.976925e-09,151.57,126.39,14321.05,11941.91,78.38,64.01
3.78313,4,0.2556,0.042,0.035,5.385,5.774,0.9881,0.00934,270.01,53.80,0.5704674799999999,0.7244936995999999,2.28,1.266503e-08,9.114666e-09,1.314354e-08,8.970058e-09,149.15,124.86,14092.00,11797.81,76.99,63.14
3.78337,4,0.2556,0.042,0.035,5.385,5.774,0.9881,0.00934,270.01,53.80,0.57046652,0.7244924804,2.28,1.269536e-08,9.103323e-09,1.316967e-08,8.975151e-09,147.23,124.31,13911.18,11745.31,75.90,62.82
3.78362,4,0.2556,0.042,0.035,5.385,5.774,0.9881,0.00934,270.01,53.80,0.57046552,0.7244912104,2.28,1.274001e-08,9.216024e-09,1.321517e-08,8.998212e-09,151.93,123.96,14355.36,11712.83,78.58,62.63
3.78388,4,0.2557,0.042,0.035,5.385,5.774,0.9881,0.00934,270.01,53.80,0.5704644799999999,0.7244898895999999,2.28,1.275277e-08,9.073529e-09,1.324045e-08,9.008337e-09,143.33,123.71,13542.31,11688.59,73.67,62.48
3.78412,4,0.2557,0.042,0.035,5.385,5.774,0.9881,0.00934,270.01,53.80,0.57046352,0.7244886704,2.28,1.277881e-08,9.157829e-09,1.327178e-08,9.036478e-09,146.99,124.00,13888.04,11716.27,75.76,62.65
3.78437,4,0.2557,0.042,0.035,5.385,5.774,0.9881,0.00935,270.01,53.80,0.57046252,0.7244874003999999,2.28,1.282778e-08,9.216891e-09,1.332373e-08,9.068176e-09,148.35,123.84,14016.67,11701.42,76.54,62.56
3.78463,4,0.2558,0.042,0.035,5.385,5.774,0.9881,0.00935,270.01,53.80,0.57046148,0.7244860796,2.28,1.284046e-08,9.156763e-09,1.335061e-08,9.08045e-09,144.52,123.64,13655.34,11681.74,74.36,62.44
3.78487,4,0.2558,0.042,0.035,5.385,5.774,0.9881,0.00935,270.01,53.80,0.5704605199999999,0.7244848603999999,2.28,1.287084e-08,9.108218e-09,1.339359e-08,9.083294e-09,140.74,122.52,13298.03,11576.59,72.20,61.81
3.78512,4,0.2558,0.042,0.035,5.385,5.774,0.9881,0.00935,270.01,53.80,0.57045952,0.7244835904,2.28,1.289812e-08,9.107066e-09,1.34189e-08,9.099461e-09,139.67,122.48,13196.63,11572.65,71.59,61.78
3.78538,4,0.2558,0.042,0.035,5.385,5.774,0.9881,0.00935,270.01,53.80,0.57045848,0.7244822696,2.28,1.292273e-08,9.111792e-09,1.346541e-08,9.111601e-09,139.01,121.68,13134.58,11496.61,71.21,61.32
3.78563,4,0.2559,0.042,0.035,5.384,5.774,0.9881,0.00935,270.01,53.80,0.57045748,0.7244809996,2.28,1.296557e-08,9.126261e-09,1.34979e-08,9.137105e-09,138.26,121.87,13063.33,11514.82,70.78,61.43
3.78587,4,0.2559,0.042,0.034,5.384,5.774,0.9881,0.00935,270.01,53.80,0.5704565199999999,0.7244797803999999,2.28,1.300151e-08,9.136881e-09,1.354064e-08,9.170098e-09,137.51,122.04,12993.07,11530.82,70.36,61.53
3.78613,4,0.2559,0.042,0.034,5.384,5.774,0.9881,0.00935,270.01,53.80,0.5704554799999999,0.7244784595999999,2.28,1.303609e-08,9.132101e-09,1.356779e-08,9.179527e-09,136.06,121.67,12855.35,11496.07,69.53,61.32
3.78638,4,0.2560,0.042,0.034,5.384,5.774,0.9881,0.00935,270.01,53.80,0.57045448,0.7244771896,2.28,1.30875e-08,9.271631e-09,1.359658e-08,9.215356e-09,141.38,122.39,13358.39,11564.00,72.56,61.73
3.78662,4,0.2560,0.042,0.034,5.384,5.774,0.9881,0.00935,270.01,53.80,0.5704535199999999,0.7244759703999999,2.28,1.31248e-08,9.289493e-09,1.363652e-08,9.236928e-09,140.94,122.16,13316.29,11542.67,72.31,61.60
3.78688,4,0.2560,0.042,0.034,5.384,5.774,0.9881,0.00935,270.01,53.80,0.5704524799999999,0.7244746496,2.28,1.313257e-08,9.161544e-09,1.36613e-08,9.25403e-09,134.24,122.18,12684.03,11543.90,68.49,61.61
3.78713,4,0.2561,0.042,0.034,5.384,5.774,0.9881,0.00935,270.01,53.80,0.57045148,0.7244733796,2.28,1.316403e-08,9.176718e-09,1.369647e-08,9.276064e-09,133.97,122.15,12658.09,11541.51,68.33,61.59
3.78737,4,0.2561,0.042,0.034,5.384,5.774,0.9881,0.00935,270.01,53.80,0.57045052,0.7244721604,2.28,1.319099e-08,9.181144e-09,1.373262e-08,9.295134e-09,133.28,121.93,12593.02,11520.72,67.94,61.47
3.78762,4,0.2561,0.042,0.034,5.384,5.774,0.9881,0.00935,270.01,53.80,0.5704495199999999,0.7244708903999999,2.28,1.322936e-08,9.182168e-09,1.375346e-08,9.300706e-09,132.07,121.59,12478.21,11488.10,67.25,61.27
3.78788,4,0.2562,0.042,0.034,5.384,5.774,0.9881,0.00935,270.01,53.80,0.5704484799999999,0.7244695695999999,2.28,1.325578e-08,9.165573e-09,1.377592e-08,9.306679e-09,130.49,121.26,12329.48,11457.54,66.35,61.09
3.78812,4,0.2562,0.042,0.034,5.384,5.774,0.9881,0.00935,270.01,53.80,0.57044752,0.7244683504,2.28,1.328394e-08,9.183789e-09,1.380863e-08,9.332439e-09,130.43,121.41,12324.02,11471.41,66.32,61.17
3.78837,4,0.2562,0.042,0.034,5.384,5.774,0.9881,0.00935,270.01,53.80,0.57044652,0.7244670804,2.28,1.331443e-08,9.218962e-09,1.383279e-08,9.354699e-09,131.08,121.65,12385.37,11493.90,66.69,61.31
3.78863,4,0.2562,0.042,0.034,5.384,5.774,0.9881,0.00935,270.01,53.80,0.57044548,0.7244657595999999,2.28,1.332534e-08,9.194207e-09,1.385746e-08,9.344846e-09,129.60,120.59,12245.47,11393.95,65.84,60.70
3.78887,4,0.2563,0.041,0.034,5.384,5.774,0.9881,0.00935,270.01,53.80,0.57044452,0.7244645404000001,2.28,1.336016e-08,9.201051e-09,1.38867e-08,9.361829e-09,128.87,120.53,12176.70,11387.99,65.43,60.67
3.78912,4,0.2563,0.041,0.034,5.384,5.774,0.9881,0.00935,270.01,53.80,0.57044352,0.7244632704,2.28,1.338804e-08,9.197558e-09,1.391062e-08,9.36866e-09,127.86,120.16,12080.95,11353.42,64.85,60.46
3.78938,4,0.2563,0.041,0.034,5.384,5.774,0.9881,0.00935,270.01,53.80,0.57044248,0.7244619496,2.28,1.3407e-08,9.199446e-09,1.394113e-08,9.377268e-09,127.37,119.69,12034.40,11309.31,64.57,60.19
3.78963,4,0.2564,0.041,0.034,5.384,5.774,0.9881,0.00935,270.01,53.80,0.57044148,0.7244606795999999,2.28,1.342134e-08,9.210908e-09,1.397269e-08,9.386061e-09,127.49,119.26,12045.85,11268.12,64.64,59.94
3.78987,4,0.2564,0.041,0.034,5.384,5.774,0.9881,0.00935,270.01,53.80,0.57044052,0.7244594604,2.28,1.345553e-08,9.212365e-09,1.399322e-08,9.388797e-09,126.53,118.83,11954.82,11227.85,64.09,59.70
3.79013,4,0.2564,0.041,0.034,5.384,5.774,0.9881,0.00935,270.01,53.80,0.57043948,0.7244581396,2.28,1.346483e-08,9.217411e-09,1.40199e-08,9.391892e-09,126.47,118.27,11949.39,11174.31,64.05,59.38
3.79038,4,0.2565,0.041,0.034,5.384,5.774,0.9881,0.00935,270.01,53.80,0.57043848,0.7244568696,2.28,1.349317e-08,9.209728e-09,1.403058e-08,9.391045e-09,125.35,118.01,11843.64,11149.89,63.42,59.23
3.79062,4,0.2565,0.041,0.034,5.384,5.774,0.9881,0.00935,270.01,53.80,0.5704375199999999,0.7244556503999999,2.28,1.350449e-08,9.200749e-09,1.404678e-08,9.392702e-09,124.64,117.66,11776.28,11117.01,63.01,59.03
3.79088,4,0.2565,0.041,0.034,5.384,5.774,0.9881,0.00935,270.01,53.80,0.5704364799999999,0.7244543295999999,2.28,1.35293e-08,9.237057e-09,1.40669e-08,9.438764e-09,125.46,118.90,11854.42,11234.15,63.48,59.74
3.79113,4,0.2566,0.041,0.034,5.383,5.774,0.9881,0.00935,270.01,53.80,0.57043548,0.7244530596,2.28,1.354787e-08,9.229258e-09,1.409296e-08,9.435086e-09,124.64,118.14,11776.68,11162.42,63.01,59.30
3.79137,4,0.2566,0.041,0.034,5.383,5.774,0.9881,0.00935,270.01,53.80,0.57043452,0.7244518404,2.28,1.355987e-08,9.244489e-09,1.411555e-08,9.434541e-09,124.94,117.55,11804.95,11106.61,63.18,58.97
3.79162,4,0.2566,0.041,0.034,5.383,5.774,0.9881,0.00935,270.01,53.80,0.5704335199999999,0.7244505703999999,2.28,1.356208e-08,9.231628e-09,1.4133e-08,9.412729e-09,124.33,116.30,11747.50,10988.77,62.84,58.25
3.79188,4,0.2566,0.041,0.034,5.383,5.774,0.9881,0.00935,270.01,53.80,0.5704324799999999,0.7244492495999999,2.28,1.358379e-08,9.231732e-09,1.413438e-08,9.406539e-09,123.72,116.04,11689.31,10963.96,62.48,58.10
3.79212,4,0.2567,0.041,0.034,5.383,5.774,0.9881,0.00935,270.01,53.80,0.57043152,0.7244480303999999,2.28,1.358832e-08,9.22658e-09,1.416007e-08,9.400273e-09,123.42,115.23,11661.40,10887.34,62.32,57.64
3.79237,4,0.2567,0.041,0.034,5.383,5.774,0.9881,0.00935,270.01,53.80,0.5704305199999999,0.7244467603999999,2.28,1.361467e-08,9.269645e-09,1.419263e-08,9.427276e-09,124.47,115.42,11760.90,10905.88,62.92,57.75
3.79263,4,0.2567,0.041,0.034,5.383,5.774,0.9881,0.00935,270.01,53.80,0.5704294799999999,0.7244454396,2.28,1.36172e-08,9.233185e-09,1.420476e-08,9.408832e-09,122.88,114.46,11610.45,10815.15,62.01,57.21
3.79287,4,0.2568,0.041,0.034,5.383,5.774,0.9881,0.00935,270.01,53.80,0.57042852,0.7244442204,2.28,1.363812e-08,9.237823e-09,1.42197e-08,9.407438e-09,122.54,114.10,11577.81,10781.04,61.81,57.00
3.79312,4,0.2568,0.041,0.034,5.383,5.774,0.9881,0.00935,270.01,53.80,0.57042752,0.7244429504,2.28,1.365025e-08,9.204954e-09,1.423351e-08,9.38784e-09,120.86,113.08,11419.83,10684.41,60.86,56.42
3.79338,4,0.2568,0.041,0.034,5.383,5.774,0.9881,0.00935,270.01,53.80,0.57042648,0.7244416295999999,2.28,1.365238e-08,9.203977e-09,1.424473e-08,9.378927e-09,120.77,112.51,11410.64,10630.10,60.80,56.09
3.79363,4,0.2569,0.041,0.034,5.383,5.774,0.9881,0.00935,270.01,53.80,0.5704254799999999,0.7244403596,2.28,1.368448e-08,9.209183e-09,1.427142e-08,9.381218e-09,120.16,112.02,11352.91,10583.77,60.45,55.81
3.79387,4,0.2569,0.041,0.034,5.383,5.774,0.9881,0.00935,270.01,53.80,0.57042452,0.7244391404,2.28,1.368833e-08,9.208269e-09,1.429326e-08,9.371935e-09,120.02,111.20,11339.71,10506.43,60.37,55.34
3.79413,4,0.2569,0.041,0.034,5.383,5.774,0.9881,0.00935,270.01,53.80,0.57042348,0.7244378196,2.28,1.369561e-08,9.217094e-09,1.431068e-08,9.359455e-09,120.17,110.38,11354.49,10429.07,60.46,54.87
3.79438,4,0.2569,0.041,0.034,5.383,5.774,0.9881,0.00935,270.01,53.80,0.57042248,0.7244365495999999,2.28,1.371749e-08,9.201249e-09,1.432964e-08,9.342686e-09,118.96,109.39,11240.29,10335.80,59.77,54.31
3.79462,4,0.2570,0.041,0.034,5.383,5.774,0.9881,0.00935,270.01,53.80,0.57042152,0.7244353304000001,2.28,1.371425e-08,9.198588e-09,1.4349e-08,9.327422e-09,118.99,108.50,11242.85,10251.75,59.79,53.80
3.79488,4,0.2570,0.041,0.034,5.383,5.774,0.9881,0.00935,270.01,53.80,0.57042048,0.7244340096,2.28,1.373765e-08,9.194603e-09,1.438776e-08,9.315016e-09,118.22,107.26,11170.24,10134.85,59.35,53.10
3.79513,4,0.2570,0.041,0.034,5.383,5.774,0.9881,0.00935,270.01,53.80,0.57041948,0.7244327396,2.28,1.375789e-08,9.194399e-09,1.440537e-08,9.299974e-09,117.69,106.41,11119.95,10053.77,59.04,52.61
3.79537,4,0.2571,0.041,0.034,5.383,5.774,0.9881,0.00935,270.01,53.80,0.5704185199999999,0.7244315203999999,2.28,1.3773e-08,9.201282e-09,1.443888e-08,9.308257e-09,117.61,106.02,11112.57,10017.15,59.00,52.39
3.79562,4,0.2571,0.041,0.034,5.383,5.774,0.9881,0.00935,270.01,53.80,0.57041752,0.7244302504,2.28,1.380338e-08,9.188753e-09,1.445329e-08,9.282945e-09,116.36,104.92,10994.25,9913.16,58.29,51.76
3.79588,4,0.2571,0.041,0.034,5.383,5.774,0.9881,0.00935,270.01,53.80,0.57041648,0.7244289296,2.28,1.379986e-08,9.175212e-09,1.44905e-08,9.247495e-09,115.94,103.07,10954.26,9738.44,58.04,50.70
3.79612,4,0.2572,0.041,0.034,5.383,5.774,0.9881,0.00935,270.01,53.80,0.57041552,0.7244277104,2.28,1.383801e-08,9.211093e-09,1.44968e-08,9.270903e-09,116.38,103.71,10995.98,9798.86,58.30,51.07
3.79637,4,0.2572,0.041,0.034,5.383,5.774,0.9881,0.00935,270.01,53.80,0.5704145199999999,0.7244264403999999,2.28,1.385131e-08,9.193601e-09,1.454044e-08,9.25165e-09,115.39,102.26,10902.54,9662.23,57.73,50.24
3.79663,4,0.2572,0.041,0.034,5.383,5.774,0.9881,0.00935,270.01,53.80,0.5704134799999999,0.7244251195999999,2.28,1.385579e-08,9.183766e-09,1.45564e-08,9.238102e-09,114.91,101.55,10857.51,9594.55,57.46,49.84
3.79688,4,0.2573,0.041,0.034,5.382,5.774,0.9881,0.00935,270.01,53.80,0.57041248,0.7244238496000001,2.28,1.388277e-08,9.205641e-09,1.459935e-08,9.250127e-09,115.11,101.13,10875.72,9555.21,57.57,49.60
3.79712,4,0.2573,0.041,0.034,5.382,5.774,0.9881,0.00935,270.01,53.80,0.57041152,0.7244226304,2.28,1.390939e-08,9.206913e-09,1.46225e-08,9.256636e-09,114.50,100.89,10818.59,9532.28,57.22,49.46
3.79738,4,0.2573,0.041,0.034,5.382,5.774,0.9881,0.00935,270.01,53.80,0.5704104799999999,0.7244213096,2.28,1.392634e-08,9.21175e-09,1.465127e-08,9.256048e-09,114.27,100.33,10796.47,9479.81,57.09,49.14
3.79763,4,0.2573,0.041,0.034,5.382,5.774,0.9881,0.00935,270.01,53.80,0.5704094799999999,0.7244200395999999,2.28,1.395723e-08,9.241461e-09,1.465512e-08,9.26384e-09,114.61,100.49,10828.58,9494.73,57.28,49.23
3.79787,4,0.2574,0.041,0.034,5.382,5.774,0.9881,0.00935,270.01,53.80,0.57040852,0.7244188203999999,2.28,1.396817e-08,9.25345e-09,1.467953e-08,9.298506e-09,114.83,101.10,10849.25,9552.13,57.41,49.58
3.79813,4,0.2574,0.041,0.034,5.382,5.774,0.9881,0.00935,270.01,53.80,0.57040748,0.7244174996,2.28,1.399722e-08,9.265633e-09,1.470901e-08,9.301003e-09,114.57,100.62,10824.81,9507.03,57.26,49.31
3.79838,4,0.2574,0.041,0.034,5.382,5.774,0.9881,0.00935,270.01,53.80,0.5704064799999999,0.7244162296,2.28,1.401219e-08,9.26322e-09,1.473794e-08,9.303119e-09,114.12,100.15,10782.38,9462.27,57.01,49.04
3.79862,4,0.2575,0.041,0.034,5.382,5.774,0.9881,0.00935,270.01,53.80,0.57040552,0.7244150104,2.28,1.404443e-08,9.264604e-09,1.478618e-08,9.309099e-09,113.44,99.48,10718.54,9398.95,56.62,48.65
3.79887,4,0.2575,0.041,0.034,5.382,5.774,0.9881,0.00935,270.01,53.80,0.57040452,0.7244137404,2.28,1.407094e-08,9.305071e-09,1.482935e-08,9.356053e-09,114.27,100.05,10796.88,9452.89,57.09,48.98
3.79913,4,0.2575,0.041,0.034,5.382,5.774,0.9881,0.00935,270.01,53.80,0.57040348,0.7244124195999999,2.28,1.410568e-08,9.316225e-09,1.488057e-08,9.372892e-09,113.84,99.60,10756.59,9410.79,56.85,48.72
3.79937,4,0.2576,0.041,0.034,5.382,5.774,0.9881,0.00935,270.02,53.80,0.5704025199999999,0.7244112004,2.28,1.413126e-08,9.313161e-09,1.493354e-08,9.380266e-09,113.17,98.90,10693.28,9344.49,56.47,48.32
3.79962,4,0.2576,0.041,0.034,5.382,5.774,0.9881,0.00935,270.02,53.80,0.57040152,0.7244099304,2.28,1.416736e-08,9.329399e-09,1.499174e-08,9.404152e-09,112.91,98.54,10667.94,9310.75,56.31,48.12
3.79988,4,0.2576,0.041,0.034,5.382,5.774,0.9881,0.00935,270.02,53.80,0.57040048,0.7244086096,2.28,1.420503e-08,9.410361e-09,1.50449e-08,9.47061e-09,114.91,99.48,10857.68,9398.92,57.46,48.65
3.80012,4,0.2576,0.041,0.034,5.382,5.774,0.9881,0.00935,270.02,53.80,0.5703995199999999,0.7244073903999999,2.28,1.425056e-08,9.398373e-09,1.511338e-08,9.489429e-09,113.41,98.79,10715.30,9334.43,56.60,48.26
3.80037,4,0.2577,0.041,0.034,5.382,5.774,0.9881,0.00935,270.02,53.80,0.5703985199999999,0.7244061203999999,2.28,1.428085e-08,9.371684e-09,1.517703e-08,9.480315e-09,111.82,97.48,10564.96,9209.93,55.69,47.51
3.80063,4,0.2577,0.041,0.034,5.382,5.774,0.9881,0.00935,270.02,53.80,0.57039748,0.7244047996,2.28,1.431423e-08,9.408991e-09,1.524588e-08,9.516924e-09,112.35,97.30,10615.51,9193.46,56.00,47.41
3.80088,4,0.2577,0.041,0.034,5.382,5.774,0.9881,0.00935,270.02,53.80,0.57039648,0.7244035296,2.28,1.434754e-08,9.436077e-09,1.529425e-08,9.551195e-09,112.53,97.41,10632.58,9203.92,56.10,47.48
3.80112,4,0.2578,0.041,0.034,5.382,5.774,0.9881,0.00935,270.02,53.80,0.5703955199999999,0.7244023103999999,2.28,1.438897e-08,9.449868e-09,1.537279e-08,9.577446e-09,112.11,96.84,10592.64,9149.49,55.86,47.15
3.80138,4,0.2578,0.041,0.034,5.382,5.774,0.9881,0.00935,270.02,53.80,0.5703944799999999,0.7244009895999999,2.28,1.441598e-08,9.468057e-09,1.542842e-08,9.59845e-09,112.12,96.47,10594.11,9115.09,55.87,46.94
3.80163,4,0.2578,0.041,0.034,5.382,5.774,0.9881,0.00935,270.02,53.80,0.57039348,0.7243997196,2.28,1.446521e-08,9.486761e-09,1.547745e-08,9.639253e-09,111.66,96.74,10549.95,9140.94,55.60,47.09
3.80187,4,0.2579,0.041,0.034,5.382,5.774,0.9881,0.00935,270.02,53.80,0.57039252,0.7243985004,2.28,1.449559e-08,9.51502e-09,1.552431e-08,9.670683e-09,111.99,96.84,10580.97,9150.12,55.79,47.15
3.80213,4,0.2579,0.041,0.034,5.382,5.774,0.9881,0.00935,270.02,53.80,0.57039148,0.7243971795999999,2.28,1.453965e-08,9.532807e-09,1.559332e-08,9.70095e-09,111.61,96.51,10545.12,9118.41,55.57,46.96
3.80238,4,0.2579,0.041,0.034,5.382,5.774,0.9881,0.00935,270.02,53.80,0.5703904799999999,0.7243959095999999,2.28,1.457483e-08,9.559884e-09,1.563227e-08,9.733061e-09,111.74,96.71,10557.99,9137.99,55.65,47.08
3.80262,4,0.2580,0.041,0.034,5.381,5.774,0.9881,0.00935,270.02,53.80,0.57038952,0.7243946904,2.28,1.462282e-08,9.585911e-09,1.568703e-08,9.7838e-09,111.60,97.19,10544.66,9182.92,55.57,47.35
3.80287,4,0.2580,0.041,0.034,5.381,5.774,0.9881,0.00935,270.02,53.80,0.57038852,0.7243934204,2.28,1.463166e-08,9.622736e-09,1.573299e-08,9.818137e-09,112.66,97.34,10644.30,9197.04,56.17,47.43
3.80313,4,0.2580,0.041,0.034,5.381,5.774,0.9881,0.00935,270.02,53.80,0.57038748,0.7243920996,2.28,1.467125e-08,9.639654e-09,1.579949e-08,9.848996e-09,112.35,97.06,10614.97,9170.69,55.99,47.27
3.80337,4,0.2580,0.041,0.034,5.381,5.774,0.9881,0.00935,270.02,53.80,0.57038652,0.7243908804,2.28,1.471657e-08,9.663228e-09,1.585649e-08,9.881993e-09,112.14,96.99,10595.14,9164.45,55.87,47.24
3.80362,4,0.2581,0.041,0.034,5.381,5.774,0.9881,0.00935,270.02,53.80,0.57038552,0.7243896103999999,2.28,1.474472e-08,9.688198e-09,1.592303e-08,9.923609e-09,112.40,97.04,10619.95,9168.36,56.02,47.26
3.80388,4,0.2581,0.041,0.034,5.381,5.774,0.9881,0.00935,270.02,53.80,0.57038448,0.7243882896,2.28,1.47892e-08,9.704917e-09,1.598492e-08,9.958994e-09,111.98,96.95,10580.19,9160.58,55.78,47.21
3.80412,4,0.2581,0.041,0.034,5.381,5.774,0.9881,0.00935,270.02,53.80,0.5703835199999999,0.7243870703999999,2.28,1.48254e-08,9.730813e-09,1.603781e-08,9.98974e-09,112.05,96.90,10586.97,9155.22,55.82,47.18
3.80437,4,0.2582,0.041,0.034,5.381,5.774,0.9881,0.00935,270.02,53.80,0.57038252,0.7243858004,2.28,1.484815e-08,9.748915e-09,1.609441e-08,1.002004e-08,112.20,96.81,10601.10,9146.77,55.91,47.13
3.80463,4,0.2582,0.041,0.034,5.381,5.774,0.9881,0.00935,270.02,53.80,0.57038148,0.7243844796,2.28,1.489212e-08,9.772463e-09,1.615533e-08,1.005519e-08,112.02,96.74,10584.32,9140.08,55.81,47.09
3.80488,4,0.2582,0.041,0.034,5.381,5.774,0.9881,0.00935,270.02,53.80,0.57038048,0.7243832096,2.28,1.490815e-08,9.77993e-09,1.619929e-08,1.007285e-08,111.92,96.49,10574.72,9116.83,55.75,46.95
3.80512,4,0.2583,0.041,0.034,5.381,5.774,0.9881,0.00935,270.02,53.80,0.5703795199999999,0.7243819904,2.28,1.494127e-08,9.806543e-09,1.624497e-08,1.010547e-08,112.13,96.63,10594.16,9130.43,55.87,47.03
3.80538,4,0.2583,0.041,0.034,5.381,5.774,0.9881,0.00935,270.02,53.80,0.5703784799999999,0.7243806695999999,2.28,1.496237e-08,9.817448e-09,1.628299e-08,1.012986e-08,112.03,96.65,10584.92,9132.19,55.81,47.04
3.80563,4,0.2583,0.041,0.034,5.381,5.774,0.9881,0.00935,270.02,53.80,0.57037748,0.7243793996,2.28,1.497883e-08,9.828296e-09,1.6343e-08,1.016969e-08,112.03,96.72,10585.07,9138.13,55.81,47.08
3.80587,4,0.2583,0.041,0.034,5.381,5.774,0.9881,0.00935,270.02,53.80,0.5703765199999999,0.7243781803999999,2.28,1.500942e-08,9.837704e-09,1.639283e-08,1.020222e-08,111.68,96.75,10551.81,9141.74,55.61,47.10
3.80613,4,0.2584,0.041,0.034,5.381,5.774,0.9881,0.00935,270.02,53.80,0.5703754799999999,0.7243768596,2.28,1.501998e-08,9.841585e-09,1.644697e-08,1.021099e-08,111.62,96.17,10546.44,9086.55,55.58,46.76
3.80638,4,0.2584,0.041,0.034,5.381,5.774,0.9881,0.00935,270.02,53.80,0.5703744799999999,0.7243755895999999,2.28,1.504921e-08,9.855644e-09,1.649131e-08,1.024055e-08,111.45,96.22,10530.65,9091.31,55.48,46.79
3.80662,4,0.2584,0.041,0.034,5.381,5.774,0.9881,0.00935,270.02,53.80,0.57037352,0.7243743704,2.28,1.505737e-08,9.863383e-09,1.654692e-08,1.026028e-08,111.53,95.85,10538.07,9056.84,55.53,46.59
3.80687,4,0.2585,0.041,0.034,5.381,5.774,0.9881,0.00935,270.02,53.80,0.5703725199999999,0.7243731003999999,2.28,1.507898e-08,9.886487e-09,1.659807e-08,1.030382e-08,111.87,96.18,10569.88,9087.79,55.72,46.77
3.80713,4,0.2585,0.041,0.034,5.381,5.774,0.9881,0.00935,270.02,53.80,0.5703714799999999,0.7243717795999999,2.28,1.509385e-08,9.895847e-09,1.664244e-08,1.033708e-08,111.86,96.32,10568.67,9101.06,55.71,46.85
3.80737,4,0.2585,0.041,0.034,5.381,5.774,0.9881,0.00935,270.02,53.80,0.57037052,0.7243705604,2.28,1.51138e-08,9.893449e-09,1.667932e-08,1.036457e-08,111.35,96.44,10520.88,9111.69,55.42,46.92
3.80762,4,0.2586,0.041,0.034,5.380,5.774,0.9881,0.00935,270.02,53.80,0.57036952,0.7243692904,2.28,1.512059e-08,9.908375e-09,1.673312e-08,1.038715e-08,111.73,96.21,10557.28,9090.13,55.64,46.79
3.80788,4,0.2586,0.041,0.034,5.380,5.774,0.9881,0.00935,270.02,53.80,0.57036848,0.7243679695999999,2.28,1.514323e-08,9.913743e-09,1.678491e-08,1.041852e-08,111.43,96.19,10528.11,9088.34,55.47,46.77
3.80812,4,0.2586,0.041,0.034,5.380,5.774,0.9881,0.00935,270.02,53.80,0.5703675199999999,0.7243667503999999,2.28,1.514111e-08,9.907145e-09,1.681504e-08,1.04278e-08,111.26,95.96,10512.10,9066.74,55.37,46.64
3.80837,4,0.2587,0.041,0.034,5.380,5.774,0.9881,0.00935,270.02,53.80,0.57036652,0.7243654804,2.28,1.514921e-08,9.921187e-09,1.688716e-08,1.045292e-08,111.58,95.53,10543.04,9025.68,55.56,46.40
3.80863,4,0.2587,0.041,0.034,5.380,5.774,0.9881,0.00935,270.02,53.80,0.57036548,0.7243641596,2.28,1.516241e-08,9.931996e-09,1.692697e-08,1.048477e-08,111.65,95.70,10549.70,9042.00,55.60,46.49
3.80888,4,0.2587,0.041,0.034,5.380,5.774,0.9881,0.00935,270.02,53.80,0.57036448,0.7243628896,2.28,1.517418e-08,9.933723e-09,1.697921e-08,1.051918e-08,111.46,95.75,10531.32,9046.64,55.48,46.52
3.80912,4,0.2587,0.041,0.034,5.380,5.774,0.9881,0.00935,270.02,53.80,0.57036352,0.7243616704,2.28,1.518681e-08,9.934197e-09,1.703548e-08,1.053884e-08,111.21,95.39,10507.44,9012.47,55.34,46.32
3.80938,4,0.2588,0.041,0.034,5.380,5.774,0.9881,0.00935,270.02,53.80,0.57036248,0.7243603496000001,2.28,1.518285e-08,9.940986e-09,1.706678e-08,1.05656e-08,111.55,95.60,10540.26,9032.53,55.54,46.44
3.80963,4,0.2588,0.041,0.034,5.380,5.774,0.9881,0.00935,270.02,53.80,0.57036148,0.7243590796,2.28,1.519778e-08,9.944857e-09,1.710702e-08,1.060628e-08,111.36,95.97,10522.16,9067.92,55.43,46.65
3.80987,4,0.2588,0.041,0.034,5.380,5.774,0.9881,0.00935,270.02,53.80,0.5703605199999999,0.7243578603999999,2.28,1.520542e-08,9.94853e-09,1.715076e-08,1.064772e-08,111.32,96.31,10518.11,9100.13,55.40,46.85
3.81013,4,0.2589,0.041,0.034,5.380,5.774,0.9881,0.00935,270.02,53.80,0.5703594799999999,0.7243565395999999,2.28,1.522411e-08,9.953834e-09,1.720141e-08,1.067189e-08,111.14,96.18,10501.04,9087.31,55.30,46.77
3.81038,4,0.2589,0.041,0.034,5.380,5.774,0.9881,0.00935,270.02,53.80,0.57035848,0.7243552696,2.28,1.522929e-08,9.94542e-09,1.725046e-08,1.06942e-08,110.76,95.99,10465.17,9069.17,55.08,46.66
3.81062,4,0.2589,0.041,0.034,5.380,5.774,0.9881,0.00935,270.02,53.80,0.57035752,0.7243540503999999,2.28,1.524235e-08,9.945877e-09,1.729203e-08,1.072151e-08,110.50,96.02,10440.75,9072.60,54.94,46.68
3.81087,4,0.2590,0.041,0.034,5.380,5.774,0.9881,0.00935,270.02,53.80,0.5703565199999999,0.7243527804,2.28,1.522417e-08,9.950372e-09,1.733746e-08,1.075574e-08,111.07,96.20,10494.43,9089.58,55.26,46.78
3.81113,4,0.2590,0.041,0.034,5.380,5.774,0.9881,0.00935,270.02,53.80,0.5703554799999999,0.7243514595999999,2.28,1.524301e-08,9.948948e-09,1.738011e-08,1.078221e-08,110.63,96.20,10452.76,9089.61,55.01,46.78
3.81137,4,0.2590,0.041,0.034,5.380,5.774,0.9881,0.00935,270.02,53.80,0.57035452,0.7243502404,2.28,1.524965e-08,9.949503e-09,1.743808e-08,1.080125e-08,110.51,95.81,10441.35,9052.25,54.94,46.56
3.81162,4,0.2590,0.041,0.034,5.380,5.774,0.9881,0.00935,270.02,53.80,0.57035352,0.7243489703999999,2.28,1.526269e-08,9.95378e-09,1.750318e-08,1.084639e-08,110.37,95.92,10428.59,9062.82,54.86,46.62
3.81188,4,0.2591,0.041,0.034,5.380,5.774,0.9881,0.00935,270.02,53.80,0.5703524799999999,0.7243476496,2.28,1.52687e-08,9.963975e-09,1.755881e-08,1.087929e-08,110.62,95.92,10451.54,9062.87,55.00,46.62
3.81212,4,0.2591,0.041,0.034,5.380,5.774,0.9881,0.00935,270.02,53.80,0.57035152,0.7243464304,2.28,1.528137e-08,9.947017e-09,1.760955e-08,1.089386e-08,109.81,95.53,10375.80,9026.13,54.54,46.40
3.81237,4,0.2591,0.041,0.034,5.380,5.774,0.9881,0.00935,270.02,53.80,0.57035052,0.7243451604,2.28,1.531169e-08,9.95071e-09,1.766098e-08,1.092971e-08,109.31,95.62,10328.10,9034.88,54.26,46.45
3.81263,4,0.2592,0.041,0.034,5.380,5.774,0.9881,0.00935,270.02,53.80,0.57034948,0.7243438395999999,2.28,1.532155e-08,9.952907e-09,1.772346e-08,1.095816e-08,109.22,95.43,10319.62,9016.31,54.21,46.34
3.81288,4,0.2592,0.041,0.034,5.380,5.774,0.9881,0.00935,270.02,53.80,0.5703484799999999,0.7243425695999999,2.28,1.53372e-08,9.95682e-09,1.777853e-08,1.09966e-08,109.02,95.53,10301.15,9025.75,54.09,46.39
3.81312,4,0.2592,0.041,0.034,5.380,5.774,0.9881,0.00935,270.02,53.80,0.57034752,0.7243413504,2.28,1.535252e-08,9.973516e-09,1.784918e-08,1.103884e-08,109.23,95.49,10321.07,9022.62,54.21,46.38
3.81338,4,0.2593,0.041,0.034,5.379,5.774,0.9881,0.00935,270.02,53.80,0.57034648,0.7243400296,2.28,1.535257e-08,9.979263e-09,1.79131e-08,1.107984e-08,109.46,95.56,10341.95,9029.24,54.34,46.42
3.81363,4,0.2593,0.041,0.034,5.379,5.774,0.9881,0.00935,270.02,53.80,0.57034548,0.7243387595999999,2.28,1.536381e-08,9.985073e-09,1.796787e-08,1.111121e-08,109.41,95.51,10337.53,9023.90,54.31,46.38
3.81387,4,0.2593,0.041,0.034,5.379,5.774,0.9881,0.00935,270.02,53.80,0.5703445199999999,0.7243375403999999,2.28,1.538412e-08,9.994245e-09,1.801582e-08,1.116589e-08,109.28,96.07,10325.64,9077.22,54.24,46.71
3.81413,4,0.2594,0.041,0.034,5.379,5.774,0.9881,0.00935,270.02,53.80,0.57034348,0.7243362196,2.28,1.539289e-08,1.000918e-08,1.808461e-08,1.120306e-08,109.61,95.98,10356.90,9069.09,54.43,46.66
3.81438,4,0.2594,0.041,0.034,5.379,5.774,0.9881,0.00935,270.02,53.80,0.57034248,0.7243349496,2.28,1.54085e-08,9.992374e-09,1.818056e-08,1.125085e-08,108.78,95.72,10277.63,9044.48,53.95,46.51
3.81462,4,0.2594,0.041,0.034,5.379,5.774,0.9881,0.00935,270.02,53.80,0.5703415199999999,0.7243337303999999,2.28,1.541828e-08,1.000984e-08,1.823771e-08,1.130742e-08,109.12,96.20,10310.23,9089.19,54.15,46.78
3.81487,4,0.2594,0.041,0.034,5.379,5.774,0.9881,0.00935,270.02,53.80,0.5703405199999999,0.7243324603999999,2.28,1.543142e-08,1.001069e-08,1.831502e-08,1.135734e-08,108.88,96.24,10287.73,9093.38,54.01,46.80
3.81513,4,0.2595,0.041,0.034,5.379,5.774,0.9881,0.00935,270.02,53.80,0.57033948,0.7243311396000001,2.28,1.543502e-08,1.0012e-08,1.837968e-08,1.13886e-08,108.89,96.08,10288.69,9078.34,54.02,46.71
3.81537,4,0.2595,0.041,0.034,5.379,5.774,0.9881,0.00935,270.02,53.80,0.57033852,0.7243299204,2.28,1.546773e-08,1.002288e-08,1.844185e-08,1.143149e-08,108.57,96.18,10258.58,9087.47,53.84,46.77
3.81562,4,0.2595,0.041,0.034,5.379,5.774,0.9881,0.00935,270.02,53.80,0.5703375199999999,0.7243286503999999,2.28,1.545714e-08,1.001978e-08,1.851627e-08,1.14674e-08,108.69,95.95,10269.53,9066.21,53.90,46.64
3.81588,4,0.2596,0.041,0.034,5.379,5.774,0.9881,0.00935,270.02,53.80,0.5703364799999999,0.7243273295999999,2.28,1.547918e-08,1.002723e-08,1.859024e-08,1.149362e-08,108.52,95.56,10253.61,9029.28,53.81,46.42
3.81612,4,0.2596,0.041,0.034,5.379,5.774,0.9881,0.00935,270.02,53.80,0.57033552,0.7243261104,2.28,1.549494e-08,1.003405e-08,1.866308e-08,1.154123e-08,108.42,95.62,10243.79,9034.56,53.75,46.45
3.81637,4,0.2596,0.041,0.034,5.379,5.774,0.9881,0.00935,270.02,53.80,0.57033452,0.7243248404,2.28,1.552189e-08,1.004736e-08,1.872757e-08,1.158056e-08,108.29,95.61,10231.82,9033.44,53.67,46.44
3.81663,4,0.2597,0.041,0.034,5.379,5.774,0.9881,0.00935,270.02,53.80,0.57033348,0.7243235196,2.28,1.55594e-08,1.005508e-08,1.880657e-08,1.163631e-08,107.83,95.79,10188.19,9050.98,53.41,46.55
3.81688,4,0.2597,0.041,0.034,5.379,5.774,0.9881,0.00935,270.02,53.80,0.5703324799999999,0.7243222495999999,2.28,1.558655e-08,1.005878e-08,1.890468e-08,1.168198e-08,107.41,95.47,10148.70,9020.53,53.17,46.36
3.81712,4,0.2597,0.041,0.034,5.379,5.774,0.9881,0.00935,270.02,53.80,0.57033152,0.7243210304,2.28,1.559267e-08,1.007104e-08,1.895664e-08,1.17307e-08,107.66,95.83,10172.37,9054.09,53.31,46.56
3.81738,4,0.2598,0.041,0.034,5.379,5.774,0.9881,0.00935,270.02,53.80,0.57033048,0.7243197096,2.28,1.56334e-08,1.007082e-08,1.902447e-08,1.175907e-08,106.91,95.57,10101.15,9030.16,52.88,46.42
3.81763,4,0.2598,0.041,0.034,5.379,5.774,0.9881,0.00935,270.02,53.80,0.5703294799999999,0.7243184396,2.28,1.564762e-08,1.008181e-08,1.912053e-08,1.17954e-08,106.96,95.09,10106.30,8984.20,52.92,46.14
3.81787,4,0.2598,0.041,0.034,5.379,5.774,0.9881,0.00935,270.02,53.80,0.57032852,0.7243172204,2.28,1.568226e-08,1.008786e-08,1.917717e-08,1.18334e-08,106.48,95.15,10060.69,8990.27,52.64,46.18
3.81813,4,0.2598,0.041,0.034,5.379,5.774,0.9881,0.00935,270.02,53.80,0.57032748,0.7243158996,2.28,1.570161e-08,1.009801e-08,1.924939e-08,1.187968e-08,106.41,95.19,10054.28,8993.66,52.60,46.20
3.81838,4,0.2599,0.041,0.034,5.379,5.774,0.9881,0.00935,270.02,53.80,0.57032648,0.7243146295999999,2.28,1.570415e-08,1.009754e-08,1.929997e-08,1.191148e-08,106.39,95.23,10052.28,8998.28,52.59,46.23
3.81862,4,0.2599,0.041,0.034,5.379,5.774,0.9881,0.00935,270.02,53.80,0.5703255199999999,0.7243134103999999,2.28,1.572549e-08,1.011114e-08,1.934804e-08,1.194128e-08,106.39,95.24,10051.94,8998.54,52.59,46.23
3.81887,4,0.2599,0.041,0.034,5.379,5.774,0.9881,0.00935,270.02,53.80,0.57032452,0.7243121404,2.28,1.573894e-08,1.011369e-08,1.939972e-08,1.197881e-08,106.21,95.35,10034.99,9009.61,52.48,46.30
3.81913,4,0.2600,0.041,0.034,5.378,5.774,0.9881,0.00935,270.02,53.80,0.57032348,0.7243108196,2.28,1.577514e-08,1.011769e-08,1.947082e-08,1.201365e-08,105.69,95.20,9985.67,8995.33,52.19,46.21
3.81937,4,0.2600,0.041,0.034,5.378,5.774,0.9881,0.00935,270.02,53.80,0.5703225199999999,0.7243096003999999,2.28,1.577994e-08,1.011588e-08,1.952139e-08,1.203543e-08,105.54,95.01,9972.23,8976.99,52.11,46.10
3.81962,4,0.2600,0.041,0.034,5.378,5.774,0.9881,0.00935,270.02,53.80,0.5703215199999999,0.7243083303999999,2.28,1.580136e-08,1.013312e-08,1.959251e-08,1.208063e-08,105.64,95.04,9981.86,8979.61,52.16,46.11
3.81988,4,0.2601,0.041,0.034,5.378,5.774,0.9881,0.00935,270.02,53.80,0.5703204799999999,0.7243070095999999,2.28,1.58255e-08,1.015303e-08,1.965201e-08,1.212842e-08,105.81,95.30,9997.86,9004.56,52.26,46.26
3.82012,4,0.2601,0.041,0.034,5.378,5.774,0.9881,0.00935,270.02,53.80,0.57031952,0.7243057904,2.28,1.585002e-08,1.016544e-08,1.971364e-08,1.216644e-08,105.72,95.30,9988.75,9004.53,52.20,46.26
3.82037,4,0.2601,0.041,0.034,5.378,5.774,0.9881,0.00936,270.02,53.80,0.5703185199999999,0.7243045203999999,2.28,1.587781e-08,1.016431e-08,1.978996e-08,1.220574e-08,105.17,95.14,9937.09,8989.52,51.89,46.17
3.82063,4,0.2601,0.041,0.034,5.378,5.774,0.9881,0.00936,270.02,53.80,0.5703174799999999,0.7243031995999999,2.28,1.588269e-08,1.017361e-08,1.983448e-08,1.224022e-08,105.35,95.28,9953.88,9003.00,51.99,46.25
3.82088,4,0.2602,0.041,0.034,5.378,5.774,0.9881,0.00936,270.02,53.80,0.57031648,0.7243019296000001,2.28,1.590899e-08,1.018768e-08,1.989639e-08,1.226645e-08,105.31,95.08,9950.16,8983.55,51.97,46.14
3.82112,4,0.2602,0.041,0.034,5.378,5.774,0.9881,0.00936,270.02,53.80,0.57031552,0.7243007104,2.28,1.593575e-08,1.017975e-08,1.996848e-08,1.22809e-08,104.59,94.48,9882.50,8926.70,51.56,45.79
3.82138,4,0.2602,0.040,0.034,5.378,5.774,0.9881,0.00936,270.02,53.80,0.57031448,0.7242993896,2.28,1.593619e-08,1.018375e-08,2.002129e-08,1.232238e-08,104.70,94.66,9892.33,8943.52,51.62,45.90
3.82163,4,0.2603,0.040,0.034,5.378,5.774,0.9881,0.00936,270.02,53.80,0.5703134799999999,0.7242981195999999,2.28,1.595546e-08,1.018857e-08,2.005926e-08,1.234509e-08,104.52,94.68,9876.01,8945.71,51.52,45.91
3.82187,4,0.2603,0.040,0.034,5.378,5.774,0.9881,0.00936,270.02,53.80,0.57031252,0.7242969003999999,2.28,1.5975e-08,1.019097e-08,2.011243e-08,1.237323e-08,104.24,94.59,9849.06,8937.10,51.36,45.86
3.82213,4,0.2603,0.040,0.034,5.378,5.774,0.9881,0.00936,270.02,53.80,0.57031148,0.7242955796,2.28,1.59824e-08,1.019127e-08,2.016847e-08,1.240866e-08,104.11,94.61,9837.27,8938.89,51.29,45.87
3.82238,4,0.2604,0.040,0.034,5.378,5.774,0.9881,0.00936,270.02,53.80,0.57031048,0.7242943096,2.28,1.599456e-08,1.022017e-08,2.023416e-08,1.244335e-08,104.75,94.53,9897.57,8931.64,51.65,45.82
3.82262,4,0.2604,0.040,0.034,5.378,5.774,0.9881,0.00936,270.02,53.80,0.5703095199999999,0.7242930903999999,2.28,1.601727e-08,1.024098e-08,2.029364e-08,1.250267e-08,104.93,94.98,9914.46,8974.04,51.76,46.08
3.82287,4,0.2604,0.040,0.034,5.378,5.774,0.9881,0.00936,270.02,53.80,0.57030852,0.7242918204,2.28,1.603462e-08,1.02894e-08,2.03574e-08,1.257776e-08,106.00,95.69,10015.21,9041.08,52.36,46.48
3.82313,4,0.2605,0.040,0.034,5.378,5.774,0.9881,0.00936,270.02,53.80,0.57030748,0.7242904996,2.28,1.604877e-08,1.032237e-08,2.041014e-08,1.266087e-08,106.73,96.73,10084.19,9140.00,52.78,47.08
3.82337,4,0.2605,0.040,0.034,5.378,5.774,0.9881,0.00936,270.02,53.80,0.5703065199999999,0.7242892804,2.28,1.60782e-08,1.03811e-08,2.047163e-08,1.274156e-08,107.89,97.59,10193.72,9221.10,53.44,47.57
3.82362,4,0.2605,0.040,0.034,5.378,5.774,0.9881,0.00936,270.02,53.80,0.57030552,0.7242880104,2.28,1.608418e-08,1.042258e-08,2.052326e-08,1.280565e-08,109.00,98.24,10298.63,9282.44,54.07,47.94
3.82388,4,0.2605,0.040,0.034,5.378,5.774,0.9881,0.00936,270.02,53.80,0.57030448,0.7242866896,2.28,1.609139e-08,1.046899e-08,2.05615e-08,1.289073e-08,110.25,99.50,10416.61,9401.17,54.79,48.66
3.82412,4,0.2606,0.040,0.034,5.378,5.774,0.9881,0.00936,270.02,53.80,0.57030352,0.7242854703999999,2.28,1.610553e-08,1.052028e-08,2.062717e-08,1.296294e-08,111.57,100.18,10541.31,9465.53,55.54,49.05
3.82437,4,0.2606,0.040,0.034,5.378,5.774,0.9881,0.00936,270.02,53.80,0.5703025199999999,0.7242842004,2.28,1.612355e-08,1.056356e-08,2.064977e-08,1.303365e-08,112.53,101.36,10632.77,9577.28,56.09,49.72
3.82463,4,0.2606,0.040,0.034,5.378,5.774,0.9881,0.00936,270.02,53.80,0.5703014799999999,0.7242828795999999,2.28,1.614945e-08,1.062629e-08,2.072988e-08,1.310475e-08,113.96,101.80,10767.23,9618.15,56.90,49.97
3.82488,4,0.2607,0.040,0.034,5.377,5.774,0.9881,0.00936,270.02,53.80,0.57030048,0.7242816096,2.28,1.615226e-08,1.06769e-08,2.076197e-08,1.31882e-08,115.54,103.18,10917.15,9748.77,57.81,50.75
3.82512,4,0.2607,0.040,0.034,5.377,5.774,0.9881,0.00936,270.02,53.80,0.57029952,0.7242803903999999,2.28,1.61388e-08,1.07324e-08,2.079974e-08,1.328417e-08,117.63,104.73,11113.87,9895.76,58.99,51.64
3.82538,4,0.2607,0.040,0.034,5.377,5.774,0.9881,0.00936,270.02,53.80,0.5702984799999999,0.7242790695999999,2.28,1.61605e-08,1.078957e-08,2.08425e-08,1.337762e-08,119.03,106.19,11246.86,10033.04,59.80,52.47
3.82563,4,0.2608,0.040,0.034,5.377,5.774,0.9881,0.00936,270.02,53.80,0.5702974799999999,0.7242777995999999,2.28,1.617569e-08,1.085505e-08,2.08895e-08,1.34552e-08,120.93,107.28,11426.44,10136.62,60.88,53.10
3.82587,4,0.2608,0.040,0.034,5.377,5.774,0.9881,0.00936,270.02,53.80,0.57029652,0.7242765804,2.28,1.616511e-08,1.090321e-08,2.091424e-08,1.352397e-08,122.83,108.47,11605.26,10249.13,61.96,53.77
3.82613,4,0.2608,0.040,0.034,5.377,5.774,0.9881,0.00936,270.02,53.80,0.57029548,0.7242752595999999,2.28,1.617396e-08,1.097812e-08,2.09606e-08,1.362855e-08,125.24,110.18,11833.56,10410.40,63.34,54.75
3.82638,4,0.2609,0.040,0.034,5.377,5.774,0.9881,0.00936,270.02,53.80,0.5702944799999999,0.7242739895999999,2.28,1.619351e-08,1.102924e-08,2.100316e-08,1.368824e-08,126.64,110.96,11965.92,10484.50,64.14,55.19
3.82662,4,0.2609,0.040,0.034,5.377,5.774,0.9881,0.00936,270.02,53.80,0.57029352,0.7242727704,2.28,1.618739e-08,1.10668e-08,2.103905e-08,1.375984e-08,128.16,112.09,12109.09,10591.04,65.00,55.84
3.82687,4,0.2609,0.040,0.034,5.377,5.774,0.9881,0.00936,270.02,53.80,0.57029252,0.7242715004,2.28,1.619903e-08,1.110352e-08,2.108884e-08,1.381882e-08,129.22,112.72,12209.07,10649.89,65.60,56.19
3.82713,4,0.2609,0.040,0.034,5.377,5.774,0.9881,0.00936,270.02,53.80,0.57029148,0.7242701796,2.28,1.619539e-08,1.114764e-08,2.111354e-08,1.392655e-08,130.96,114.91,12373.56,10856.91,66.60,57.44
3.82737,4,0.2610,0.040,0.034,5.377,5.774,0.9881,0.00936,270.02,53.80,0.5702905199999999,0.7242689603999999,2.28,1.621981e-08,1.118791e-08,2.112229e-08,1.40225e-08,131.90,117.16,12462.15,11070.21,67.13,58.73
3.82762,4,0.2610,0.040,0.034,5.377,5.774,0.9881,0.00936,270.02,53.80,0.57028952,0.7242676904,2.28,1.622853e-08,1.121526e-08,2.114769e-08,1.409169e-08,132.71,118.47,12539.04,11193.88,67.59,59.48
3.82788,4,0.2610,0.040,0.034,5.377,5.774,0.9881,0.00936,270.02,53.80,0.57028848,0.7242663696,2.28,1.623164e-08,1.126373e-08,2.118271e-08,1.41757e-08,134.50,120.01,12708.21,11339.34,68.62,60.35
3.82812,4,0.2611,0.040,0.034,5.377,5.774,0.9881,0.00936,270.02,53.80,0.5702875199999999,0.7242651504,2.28,1.623473e-08,1.126774e-08,2.120998e-08,1.418164e-08,134.62,119.74,12719.97,11314.00,68.69,60.20
3.82837,4,0.2611,0.040,0.034,5.377,5.774,0.9881,0.00936,270.03,53.80,0.5702865199999999,0.7242638803999999,2.28,1.624112e-08,1.128745e-08,2.124024e-08,1.420067e-08,135.22,119.71,12776.48,11311.11,69.03,60.18
3.82863,4,0.2611,0.040,0.033,5.377,5.774,0.9881,0.00936,270.03,53.80,0.57028548,0.7242625596000001,2.28,1.626459e-08,1.128971e-08,2.126723e-08,1.425882e-08,134.68,120.74,12724.77,11408.11,68.72,60.77
3.82888,4,0.2612,0.040,0.033,5.377,5.774,0.9881,0.00936,270.03,53.80,0.57028448,0.7242612896,2.28,1.625346e-08,1.127698e-08,2.13081e-08,1.426743e-08,134.53,120.31,12711.20,11367.05,68.63,60.52
3.82912,4,0.2612,0.040,0.033,5.377,5.774,0.9881,0.00936,270.03,53.80,0.5702835199999999,0.7242600704,2.28,1.626021e-08,1.128148e-08,2.133099e-08,1.433603e-08,134.52,121.67,12710.52,11496.34,68.63,61.30
3.82938,4,0.2612,0.040,0.033,5.377,5.774,0.9881,0.00936,270.03,53.80,0.5702824799999999,0.7242587495999999,2.28,1.62631e-08,1.127446e-08,2.137585e-08,1.438322e-08,134.17,122.11,12677.38,11538.03,68.43,61.55
3.82963,4,0.2612,0.040,0.033,5.377,5.774,0.9881,0.00936,270.03,53.80,0.57028148,0.7242574796,2.28,1.627068e-08,1.127513e-08,2.140004e-08,1.442174e-08,134.00,122.69,12660.60,11592.68,68.33,61.88
3.82987,4,0.2613,0.040,0.033,5.377,5.774,0.9881,0.00936,270.03,53.80,0.57028052,0.7242562603999999,2.28,1.626609e-08,1.128373e-08,2.143624e-08,1.447356e-08,134.50,123.46,12708.66,11664.90,68.62,62.32
3.83012,4,0.2613,0.040,0.033,5.377,5.774,0.9881,0.00936,270.03,53.80,0.5702795199999999,0.7242549904,2.28,1.627582e-08,1.125144e-08,2.147689e-08,1.444957e-08,133.00,122.12,12566.31,11538.45,67.76,61.56
3.83038,4,0.2613,0.040,0.033,5.377,5.774,0.9881,0.00936,270.03,53.80,0.5702784799999999,0.7242536695999999,2.28,1.630208e-08,1.122488e-08,2.150932e-08,1.443021e-08,131.30,121.06,12406.22,11438.69,66.79,60.95
3.83062,4,0.2614,0.040,0.033,5.376,5.774,0.9881,0.00936,270.03,53.80,0.57027752,0.7242524504,2.28,1.629073e-08,1.125102e-08,2.157634e-08,1.450268e-08,132.64,121.81,12532.41,11509.39,67.55,61.38
3.83087,4,0.2614,0.040,0.033,5.376,5.774,0.9881,0.00936,270.03,53.80,0.57027652,0.7242511803999999,2.28,1.630183e-08,1.130993e-08,2.161898e-08,1.461751e-08,134.61,124.04,12718.69,11720.13,68.68,62.65
3.83113,4,0.2614,0.040,0.033,5.376,5.774,0.9881,0.00936,270.03,53.80,0.57027548,0.7242498596,2.28,1.630533e-08,1.132105e-08,2.166022e-08,1.46271e-08,134.95,123.57,12750.66,11675.04,68.87,62.38
3.83137,4,0.2615,0.040,0.033,5.376,5.774,0.9881,0.00936,270.03,53.80,0.57027452,0.7242486404,2.28,1.630862e-08,1.131682e-08,2.168878e-08,1.467845e-08,134.75,124.45,12731.56,11758.62,68.76,62.88
3.83162,4,0.2615,0.040,0.033,5.376,5.774,0.9881,0.00936,270.03,53.80,0.57027352,0.7242473704,2.28,1.63055e-08,1.1305e-08,2.172234e-08,1.467735e-08,134.37,123.83,12696.14,11699.89,68.54,62.53
3.83188,4,0.2615,0.040,0.033,5.376,5.774,0.9881,0.00936,270.03,53.80,0.57027248,0.7242460495999999,2.28,1.629928e-08,1.130409e-08,2.176308e-08,1.471594e-08,134.50,124.12,12708.61,11727.07,68.62,62.69
3.83213,4,0.2616,0.040,0.033,5.376,5.774,0.9881,0.00936,270.03,53.80,0.5702714799999999,0.7242447795999999,2.28,1.632174e-08,1.131823e-08,2.17971e-08,1.475314e-08,134.50,124.53,12708.21,11766.52,68.61,62.93
3.83237,4,0.2616,0.040,0.033,5.376,5.774,0.9881,0.00936,270.03,53.80,0.57027052,0.7242435604,2.28,1.630379e-08,1.130091e-08,2.183538e-08,1.479116e-08,134.31,124.85,12690.36,11796.41,68.51,63.11
3.83263,4,0.2616,0.040,0.033,5.376,5.774,0.9881,0.00936,270.03,53.80,0.57026948,0.7242422396,2.28,1.631381e-08,1.128929e-08,2.18713e-08,1.485706e-08,133.59,125.94,12622.71,11899.61,68.10,63.73
3.83288,4,0.2616,0.040,0.033,5.376,5.774,0.9881,0.00936,270.03,53.80,0.57026848,0.7242409696,2.28,1.630766e-08,1.125438e-08,2.192021e-08,1.486144e-08,132.42,125.18,12512.06,11828.03,67.43,63.30
3.83312,4,0.2617,0.040,0.033,5.376,5.774,0.9881,0.00936,270.03,53.80,0.5702675199999999,0.7242397503999999,2.28,1.631708e-08,1.124622e-08,2.195789e-08,1.485621e-08,131.92,124.43,12464.40,11756.91,67.14,62.87
3.83338,4,0.2617,0.040,0.033,5.376,5.774,0.9881,0.00936,270.03,53.80,0.5702664799999999,0.7242384295999998,2.28,1.630667e-08,1.123414e-08,2.197252e-08,1.489138e-08,131.73,125.09,12446.91,11818.93,67.04,63.25
3.83363,4,0.2617,0.040,0.033,5.376,5.774,0.9881,0.00936,270.03,53.80,0.57026548,0.7242371596,2.28,1.631694e-08,1.12175e-08,2.19785e-08,1.489124e-08,130.85,124.98,12362.89,11808.61,66.53,63.18
3.83387,4,0.2618,0.040,0.033,5.376,5.774,0.9881,0.00936,270.03,53.80,0.5702645199999999,0.7242359404,2.28,1.630121e-08,1.125582e-08,2.203e-08,1.496933e-08,132.75,126.16,12542.81,11919.79,67.62,63.85
3.83412,4,0.2618,0.040,0.033,5.376,5.774,0.9881,0.00936,270.03,53.80,0.5702635199999999,0.7242346703999999,2.28,1.630477e-08,1.126563e-08,2.204844e-08,1.499043e-08,133.03,126.38,12569.31,11941.10,67.77,63.98
3.83438,4,0.2618,0.040,0.033,5.376,5.774,0.9881,0.00936,270.03,53.80,0.57026248,0.7242333496000001,2.28,1.630783e-08,1.125769e-08,2.208202e-08,1.495595e-08,132.65,124.89,12533.09,11799.84,67.56,63.13
3.83462,4,0.2619,0.040,0.033,5.376,5.774,0.9881,0.00936,270.03,53.80,0.57026152,0.7242321304,2.28,1.629219e-08,1.126732e-08,2.210665e-08,1.501845e-08,133.48,126.13,12611.71,11917.01,68.03,63.84
3.83487,4,0.2619,0.040,0.033,5.376,5.774,0.9881,0.00936,270.03,53.80,0.5702605199999999,0.7242308604,2.28,1.630143e-08,1.122039e-08,2.212877e-08,1.500363e-08,131.45,125.35,12420.34,11843.53,66.88,63.39
3.83513,4,0.2619,0.040,0.033,5.376,5.774,0.9881,0.00936,270.03,53.80,0.5702594799999999,0.7242295395999999,2.28,1.630347e-08,1.120683e-08,2.214234e-08,1.506072e-08,130.89,126.60,12367.36,11961.66,66.56,64.11
3.83537,4,0.2619,0.040,0.033,5.376,5.774,0.9881,0.00936,270.03,53.80,0.57025852,0.7242283204,2.28,1.628992e-08,1.118258e-08,2.216401e-08,1.505584e-08,130.34,126.08,12314.74,11913.12,66.24,63.81
3.83562,4,0.2620,0.040,0.033,5.376,5.774,0.9881,0.00936,270.03,53.80,0.57025752,0.7242270504,2.28,1.629589e-08,1.116429e-08,2.218654e-08,1.507247e-08,129.56,126.17,12241.15,11920.93,65.79,63.86
3.83588,4,0.2620,0.040,0.033,5.376,5.774,0.9881,0.00936,270.03,53.80,0.57025648,0.7242257296,2.28,1.630137e-08,1.115191e-08,2.2195e-08,1.510849e-08,128.96,126.96,12185.17,11995.89,65.46,64.31
3.83613,4,0.2620,0.040,0.033,5.376,5.774,0.9881,0.00936,270.03,53.80,0.5702554799999999,0.7242244595999999,2.28,1.628815e-08,1.115706e-08,2.220459e-08,1.512231e-08,129.49,127.15,12234.44,12014.04,65.75,64.42
3.83637,4,0.2621,0.040,0.033,5.375,5.774,0.9881,0.00936,270.03,53.80,0.57025452,0.7242232404,2.28,1.628798e-08,1.114815e-08,2.22185e-08,1.513105e-08,129.21,127.18,12208.54,12016.80,65.60,64.44
3.83663,4,0.2621,0.040,0.033,5.375,5.774,0.9881,0.00936,270.03,53.80,0.57025348,0.7242219195999999,2.28,1.630379e-08,1.114733e-08,2.221117e-08,1.515702e-08,128.79,128.00,12168.27,12094.25,65.35,64.91
3.83688,4,0.2621,0.040,0.033,5.375,5.774,0.9881,0.00936,270.03,53.80,0.57025248,0.7242206496,2.28,1.629589e-08,1.112844e-08,2.219704e-08,1.513484e-08,128.29,127.67,12121.82,12062.78,65.07,64.72
3.83712,4,0.2622,0.040,0.033,5.375,5.774,0.9881,0.00936,270.03,53.80,0.57025152,0.7242194304,2.28,1.628456e-08,1.114529e-08,2.219424e-08,1.522434e-08,129.24,130.17,12211.39,12299.49,65.61,66.14
3.83738,4,0.2622,0.040,0.033,5.375,5.774,0.9881,0.00936,270.03,53.80,0.57025048,0.7242181096,2.28,1.62852e-08,1.116201e-08,2.218038e-08,1.541184e-08,129.84,135.70,12268.10,12821.38,65.96,69.29
3.83763,4,0.2622,0.040,0.033,5.375,5.774,0.9881,0.00936,270.03,53.80,0.57024948,0.7242168395999999,2.28,1.629019e-08,1.115582e-08,2.217928e-08,1.543476e-08,129.49,136.38,12234.60,12886.18,65.75,69.69
3.83787,4,0.2623,0.040,0.033,5.375,5.774,0.9881,0.00936,270.03,53.80,0.5702485199999999,0.7242156203999999,2.28,1.628805e-08,1.114261e-08,2.216591e-08,1.546112e-08,129.10,137.48,12198.47,12989.63,65.53,70.31
3.83812,4,0.2623,0.040,0.033,5.375,5.774,0.9881,0.00936,270.03,53.80,0.57024752,0.7242143504,2.28,1.628387e-08,1.111351e-08,2.214813e-08,1.54308e-08,128.15,136.95,12107.97,12939.95,64.99,70.01
3.83838,4,0.2623,0.040,0.033,5.375,5.774,0.9881,0.00936,270.03,53.80,0.57024648,0.7242130296,2.28,1.628403e-08,1.114382e-08,2.214497e-08,1.598692e-08,129.25,154.77,12212.21,14623.88,65.62,80.17
3.83862,4,0.2623,0.040,0.033,5.375,5.774,0.9881,0.00936,270.03,53.80,0.57024552,0.7242118103999999,2.28,1.628219e-08,1.117793e-08,2.213913e-08,1.664754e-08,130.56,180.73,12335.86,17076.26,66.36,94.97
3.83887,4,0.2624,0.040,0.033,5.375,5.774,0.9881,0.00936,270.03,53.80,0.5702445199999999,0.7242105403999999,2.28,1.628863e-08,1.114323e-08,2.215941e-08,1.621501e-08,129.16,162.69,12203.89,15371.48,65.57,84.68
3.83913,4,0.2624,0.040,0.033,5.375,5.774,0.9881,0.00936,270.03,53.80,0.5702434799999999,0.7242092196,2.28,1.627002e-08,1.107798e-08,2.210921e-08,1.559623e-08,127.25,142.82,12023.45,13494.17,64.48,73.35
3.83937,4,0.2624,0.040,0.033,5.375,5.774,0.9881,0.00936,270.03,53.80,0.57024252,0.7242080004,2.28,1.627324e-08,1.108547e-08,2.207788e-08,1.573247e-08,127.44,147.87,12041.48,13971.52,64.59,76.23
3.83962,4,0.2625,0.040,0.033,5.375,5.774,0.9881,0.00936,270.03,53.80,0.57024152,0.7242067303999999,2.28,1.627547e-08,1.132787e-08,2.211634e-08,1.819032e-08,136.60,276.44,12907.01,26119.19,69.81,149.55
3.83988,4,0.2625,0.040,0.033,5.375,5.774,0.9881,0.00936,270.03,53.80,0.5702404799999999,0.7242054095999999,2.28,1.629128e-08,1.114412e-08,2.206269e-08,1.649432e-08,129.18,176.73,12205.34,16698.53,65.58,92.69
3.84013,4,0.2625,0.040,0.033,5.375,5.774,0.9881,0.00936,270.03,53.80,0.5702394799999999,0.7242041395999999,2.28,1.627749e-08,1.109614e-08,2.203605e-08,1.605453e-08,127.77,160.14,12072.60,15130.66,64.77,83.23
3.84037,4,0.2626,0.040,0.033,5.375,5.774,0.9881,0.00936,270.03,53.80,0.57023852,0.7242029204,2.28,1.62672e-08,1.100861e-08,2.200158e-08,1.563251e-08,124.95,146.50,11805.94,13841.72,63.16,75.45
3.84063,4,0.2626,0.040,0.033,5.375,5.774,0.9881,0.00936,270.03,53.80,0.57023748,0.7242015996,2.28,1.628004e-08,1.099335e-08,2.200608e-08,1.558005e-08,124.11,144.71,11726.91,13672.99,62.69,74.43
3.84088,4,0.2626,0.040,0.033,5.375,5.774,0.9881,0.00936,270.03,53.80,0.5702364799999999,0.7242003295999999,2.28,1.627757e-08,1.095236e-08,2.197684e-08,1.537746e-08,122.76,139.08,11598.67,13140.71,61.91,71.22
3.84112,4,0.2626,0.040,0.033,5.375,5.774,0.9881,0.00936,270.03,53.80,0.57023552,0.7241991104,2.28,1.628686e-08,1.093902e-08,2.195337e-08,1.530351e-08,122.09,137.36,11535.52,12978.24,61.53,70.24
3.84138,4,0.2627,0.040,0.033,5.374,5.774,0.9881,0.00936,270.03,53.80,0.57023448,0.7241977896,2.28,1.629947e-08,1.092846e-08,2.193221e-08,1.514849e-08,121.49,133.33,11479.04,12598.07,61.19,67.94
3.84163,4,0.2627,0.040,0.033,5.374,5.774,0.9881,0.00936,270.03,53.80,0.57023348,0.7241965196,2.28,1.629383e-08,1.092682e-08,2.193921e-08,1.501887e-08,121.56,129.58,11485.87,12243.69,61.23,65.81
3.84187,4,0.2627,0.040,0.033,5.374,5.774,0.9881,0.00936,270.03,53.80,0.5702325199999999,0.7241953003999999,2.28,1.630406e-08,1.09456e-08,2.192091e-08,1.51404e-08,121.97,133.33,11523.97,12597.30,61.46,67.94
3.84212,4,0.2628,0.040,0.033,5.374,5.774,0.9881,0.00936,270.03,53.80,0.57023152,0.7241940304,2.28,1.630359e-08,1.088711e-08,2.188887e-08,1.482675e-08,120.06,125.41,11343.92,11848.92,60.38,63.42
3.84238,4,0.2628,0.040,0.033,5.374,5.774,0.9881,0.00936,270.03,53.80,0.57023048,0.7241927096,2.28,1.630112e-08,1.087117e-08,2.190045e-08,1.48139e-08,119.59,124.86,11299.22,11797.84,60.11,63.11
3.84262,4,0.2628,0.040,0.033,5.374,5.774,0.9881,0.00936,270.03,53.80,0.5702295199999999,0.7241914904,2.28,1.632332e-08,1.125238e-08,2.190025e-08,1.486212e-08,132.54,126.13,12523.44,11917.67,67.49,63.84
3.84287,4,0.2629,0.040,0.033,5.374,5.774,0.9881,0.00936,270.03,53.80,0.5702285199999999,0.7241902203999999,2.28,1.634365e-08,1.140097e-08,2.190366e-08,1.488535e-08,137.83,126.74,13023.04,11974.56,70.51,64.18
3.84313,4,0.2629,0.040,0.033,5.374,5.774,0.9881,0.00936,270.03,53.80,0.57022748,0.7241888996,2.28,1.635035e-08,1.102447e-08,2.190926e-08,1.482646e-08,123.69,125.08,11686.90,11818.59,62.44,63.24
3.84337,4,0.2629,0.040,0.033,5.374,5.774,0.9881,0.00936,270.03,53.80,0.57022652,0.7241876803999999,2.28,1.636402e-08,1.105611e-08,2.190921e-08,1.488023e-08,124.47,126.50,11760.12,11952.27,62.89,64.05
3.84362,4,0.2630,0.040,0.033,5.374,5.774,0.9881,0.00936,270.03,53.80,0.5702255199999999,0.7241864103999999,2.28,1.637965e-08,1.107007e-08,2.191138e-08,1.490185e-08,124.63,127.08,11775.75,12007.41,62.98,64.38
3.84388,4,0.2630,0.040,0.033,5.374,5.774,0.9881,0.00936,270.03,53.80,0.5702244799999999,0.7241850895999999,2.28,1.637887e-08,1.101036e-08,2.191214e-08,1.493006e-08,122.60,127.82,11583.66,12077.44,61.82,64.80
3.84413,4,0.2630,0.040,0.033,5.374,5.774,0.9881,0.00936,270.03,53.80,0.57022348,0.7241838196,2.28,1.637581e-08,1.105723e-08,2.189949e-08,1.489652e-08,124.28,127.16,11742.18,12014.36,62.78,64.42
3.84437,4,0.2630,0.040,0.033,5.374,5.774,0.9881,0.00936,270.03,53.80,0.57022252,0.7241826003999999,2.28,1.637638e-08,1.099702e-08,2.190355e-08,1.492864e-08,122.20,127.94,11546.29,12088.71,61.60,64.87
3.84463,4,0.2631,0.040,0.033,5.374,5.774,0.9881,0.00936,270.03,53.80,0.57022148,0.7241812795999999,2.28,1.638776e-08,1.10128e-08,2.19034e-08,1.491922e-08,122.52,127.74,11576.73,12069.63,61.78,64.75
3.84488,4,0.2631,0.040,0.033,5.374,5.774,0.9881,0.00936,270.03,53.80,0.5702204799999999,0.7241800096,2.28,1.63932e-08,1.097279e-08,2.18854e-08,1.488386e-08,121.06,127.12,11437.95,12011.17,60.94,64.40
3.84512,4,0.2631,0.040,0.033,5.374,5.774,0.9881,0.00936,270.03,53.80,0.57021952,0.7241787904,2.28,1.640888e-08,1.111785e-08,2.191152e-08,1.494216e-08,125.66,128.21,11872.55,12113.89,63.56,65.02
3.84538,4,0.2632,0.040,0.033,5.374,5.774,0.9881,0.00936,270.03,53.80,0.57021848,0.7241774696,2.28,1.640681e-08,1.101001e-08,2.190827e-08,1.490779e-08,122.04,127.39,11531.34,12036.88,61.50,64.56
3.84563,4,0.2632,0.040,0.033,5.374,5.774,0.9881,0.00936,270.03,53.80,0.5702174799999999,0.7241761995999999,2.28,1.640921e-08,1.098263e-08,2.192876e-08,1.490538e-08,121.07,126.96,11439.54,11995.69,60.95,64.31
3.84587,4,0.2632,0.040,0.033,5.374,5.774,0.9881,0.00936,270.03,53.80,0.57021652,0.7241749804000001,2.28,1.641636e-08,1.096758e-08,2.193618e-08,1.489952e-08,120.41,126.67,11377.32,11968.34,60.58,64.14
3.84612,4,0.2633,0.040,0.033,5.374,5.774,0.9881,0.00936,270.03,53.80,0.57021552,0.7241737104,2.28,1.644063e-08,1.096545e-08,2.192801e-08,1.489227e-08,119.86,126.67,11324.56,11968.63,60.26,64.14
3.84638,4,0.2633,0.040,0.033,5.374,5.774,0.9881,0.00936,270.03,53.80,0.57021448,0.7241723896,2.28,1.641959e-08,1.09293e-08,2.191229e-08,1.485297e-08,119.13,125.92,11256.16,11897.17,59.84,63.71
3.84662,4,0.2633,0.040,0.033,5.374,5.774,0.9881,0.00936,270.03,53.80,0.5702135199999999,0.7241711703999999,2.28,1.64189e-08,1.080942e-08,2.19084e-08,1.479888e-08,115.32,124.57,10896.15,11770.15,57.67,62.95
3.84687,4,0.2633,0.040,0.033,5.374,5.774,0.9881,0.00936,270.03,53.80,0.57021252,0.7241699004000001,2.28,1.642686e-08,1.119653e-08,2.191266e-08,1.479538e-08,128.11,124.41,12104.52,11754.53,64.96,62.85
3.84713,4,0.2634,0.040,0.033,5.373,5.774,0.9881,0.00936,270.03,53.80,0.57021148,0.7241685796,2.28,1.642991e-08,1.075185e-08,2.194326e-08,1.475577e-08,113.36,122.91,10711.28,11612.96,56.55,62.00
3.84737,4,0.2634,0.040,0.033,5.373,5.774,0.9881,0.00936,270.03,53.80,0.5702105199999999,0.7241673604,2.28,1.644418e-08,1.084471e-08,2.194212e-08,1.475853e-08,115.95,123.00,10955.42,11621.43,58.03,62.05
3.84762,4,0.2634,0.040,0.033,5.373,5.774,0.9881,0.00936,270.03,53.80,0.5702095199999999,0.7241660903999999,2.28,1.646135e-08,1.086638e-08,2.19276e-08,1.480678e-08,116.27,124.49,10986.14,11762.21,58.21,62.90
3.84788,4,0.2635,0.040,0.033,5.373,5.774,0.9881,0.00936,270.03,53.80,0.5702084799999999,0.7241647695999999,2.28,1.644105e-08,1.066437e-08,2.192851e-08,1.480239e-08,110.56,124.41,10446.72,11754.43,54.96,62.85
3.84813,4,0.2635,0.040,0.033,5.373,5.774,0.9881,0.00936,270.03,53.80,0.57020748,0.7241634996,2.28,1.64506e-08,1.075663e-08,2.192396e-08,1.477131e-08,113.14,123.68,10690.16,11686.25,56.43,62.44
3.84837,4,0.2635,0.040,0.033,5.373,5.774,0.9881,0.00936,270.03,53.80,0.5702065199999999,0.7241622804,2.28,1.644073e-08,1.081567e-08,2.194449e-08,1.47455e-08,115.16,122.67,10880.51,11590.73,57.58,61.86
3.84863,4,0.2636,0.040,0.033,5.373,5.774,0.9881,0.00936,270.03,53.80,0.5702054799999999,0.7241609595999999,2.28,1.644781e-08,1.081052e-08,2.196947e-08,1.473942e-08,114.89,122.14,10855.85,11540.56,57.43,61.56
3.84888,4,0.2636,0.040,0.033,5.373,5.774,0.9881,0.00936,270.03,53.80,0.57020448,0.7241596896,2.28,1.646195e-08,1.083377e-08,2.197267e-08,1.469729e-08,115.33,121.03,10896.81,11435.87,57.67,60.93
3.84912,4,0.2636,0.040,0.033,5.373,5.774,0.9881,0.00936,270.03,53.80,0.57020352,0.7241584703999999,2.28,1.644809e-08,1.059386e-08,2.198952e-08,1.463128e-08,108.42,119.13,10244.06,11256.31,53.73,59.84
3.84938,4,0.2637,0.040,0.033,5.373,5.774,0.9881,0.00936,270.03,53.80,0.57020248,0.7241571496,2.28,1.645718e-08,1.056989e-08,2.198679e-08,1.463167e-08,107.61,119.23,10167.34,11265.66,53.27,59.90
3.84963,4,0.2637,0.040,0.033,5.373,5.774,0.9881,0.00936,270.03,53.80,0.5702014799999999,0.7241558795999999,2.28,1.64602e-08,1.088973e-08,2.197679e-08,1.466222e-08,117.17,120.14,11070.77,11351.76,58.72,60.42
3.84987,4,0.2637,0.040,0.033,5.373,5.774,0.9881,0.00936,270.03,53.80,0.57020052,0.7241546604,2.28,1.645726e-08,1.074854e-08,2.199566e-08,1.465732e-08,112.85,119.71,10662.60,11311.21,56.26,60.17
3.85012,4,0.2637,0.040,0.033,5.373,5.774,0.9881,0.00936,270.03,53.80,0.57019952,0.7241533903999999,2.28,1.646327e-08,1.054246e-08,2.198634e-08,1.463913e-08,106.72,119.42,10083.55,11283.54,52.77,60.01
3.85038,4,0.2638,0.040,0.033,5.373,5.774,0.9881,0.00936,270.03,53.80,0.57019848,0.7241520696,2.28,1.645771e-08,1.055199e-08,2.196564e-08,1.459096e-08,107.13,118.63,10122.29,11208.77,53.00,59.56
3.85062,4,0.2638,0.040,0.033,5.373,5.774,0.9881,0.00936,270.03,53.80,0.57019752,0.7241508504,2.28,1.64462e-08,1.054942e-08,2.197081e-08,1.464951e-08,107.27,119.97,10135.16,11335.80,53.08,60.32
3.85087,4,0.2638,0.040,0.033,5.373,5.774,0.9881,0.00936,270.03,53.80,0.57019652,0.7241495804,2.28,1.646282e-08,1.051298e-08,2.197736e-08,1.462622e-08,105.94,119.30,10010.08,11271.83,52.32,59.94
3.85113,4,0.2639,0.040,0.033,5.373,5.774,0.9881,0.00936,270.03,53.80,0.57019548,0.7241482596,2.28,1.645316e-08,1.048541e-08,2.197258e-08,1.45781e-08,105.39,118.25,9957.64,11173.13,52.01,59.34
3.85137,4,0.2639,0.040,0.033,5.373,5.774,0.9881,0.00936,270.03,53.80,0.5701945199999999,0.7241470403999999,2.28,1.645021e-08,1.044919e-08,2.194694e-08,1.451475e-08,104.44,117.14,9868.23,11068.13,51.47,58.71
3.85162,4,0.2639,0.040,0.033,5.373,5.774,0.9881,0.00936,270.03,53.80,0.57019352,0.7241457704,2.28,1.646256e-08,1.045635e-08,2.195227e-08,1.450889e-08,104.42,116.92,9866.46,11047.03,51.45,58.58
3.85188,4,0.2640,0.040,0.033,5.373,5.774,0.9881,0.00936,270.03,53.80,0.57019248,0.7241444496,2.28,1.645734e-08,1.045967e-08,2.194829e-08,1.452433e-08,104.65,117.39,9887.39,11091.92,51.58,58.85
3.85213,4,0.2640,0.040,0.033,5.373,5.774,0.9881,0.00936,270.03,53.80,0.57019148,0.7241431796,2.28,1.646044e-08,1.046123e-08,2.19371e-08,1.451522e-08,104.63,117.35,9886.32,11088.07,51.57,58.83
3.85237,4,0.2640,0.040,0.033,5.373,5.774,0.9881,0.00936,270.03,53.80,0.5701905199999999,0.7241419603999999,2.28,1.646175e-08,1.046293e-08,2.19153e-08,1.446097e-08,104.66,116.41,9888.57,10998.54,51.59,58.29
3.85263,4,0.2641,0.040,0.033,5.372,5.774,0.9881,0.00936,270.03,53.80,0.5701894799999999,0.7241406395999999,2.28,1.645764e-08,1.044302e-08,2.188096e-08,1.445692e-08,104.22,116.89,9847.56,11044.50,51.34,58.56
3.85288,4,0.2641,0.040,0.033,5.372,5.774,0.9881,0.00936,270.03,53.80,0.57018848,0.7241393696,2.28,1.645801e-08,1.040747e-08,2.189674e-08,1.440496e-08,103.25,115.42,9755.77,10905.30,50.79,57.72
3.85312,4,0.2641,0.040,0.033,5.372,5.774,0.9881,0.00936,270.03,53.80,0.57018752,0.7241381504,2.28,1.64425e-08,1.040901e-08,2.189149e-08,1.435262e-08,103.56,114.28,9784.79,10797.81,50.96,57.07
3.85338,4,0.2641,0.040,0.033,5.372,5.774,0.9881,0.00936,270.03,53.80,0.5701864799999999,0.7241368295999999,2.28,1.644193e-08,1.038239e-08,2.18876e-08,1.430247e-08,102.85,113.19,9717.81,10694.46,50.56,56.45
3.85363,4,0.2642,0.040,0.033,5.372,5.774,0.9881,0.00936,270.03,53.80,0.5701854799999999,0.7241355595999999,2.28,1.643876e-08,1.036854e-08,2.186624e-08,1.425167e-08,102.57,112.39,9691.44,10619.29,50.40,56.00
3.85387,4,0.2642,0.040,0.033,5.372,5.774,0.9881,0.00936,270.03,53.80,0.57018452,0.7241343404,2.28,1.642924e-08,1.030628e-08,2.184247e-08,1.416314e-08,101.08,110.75,9550.27,10464.33,49.55,55.06
3.85412,4,0.2642,0.040,0.033,5.372,5.774,0.9881,0.00936,270.03,53.80,0.5701835199999999,0.7241330704,2.28,1.641925e-08,1.030161e-08,2.181833e-08,1.409045e-08,101.12,109.49,9554.24,10345.22,49.57,54.34
3.85438,4,0.2643,0.040,0.033,5.372,5.774,0.9881,0.00936,270.03,53.80,0.5701824799999999,0.7241317495999999,2.28,1.64034e-08,1.026347e-08,2.176935e-08,1.398185e-08,100.42,107.86,9487.90,10190.75,49.17,53.41
3.85462,4,0.2643,0.040,0.033,5.372,5.774,0.9881,0.00936,270.03,53.80,0.57018152,0.7241305304,2.28,1.638281e-08,1.026224e-08,2.173184e-08,1.389138e-08,100.72,106.43,9516.77,10056.42,49.34,52.60
3.85487,4,0.2643,0.039,0.033,5.372,5.774,0.9881,0.00936,270.03,53.80,0.57018052,0.7241292603999999,2.28,1.638622e-08,1.024101e-08,2.167731e-08,1.378834e-08,100.11,104.99,9458.85,9920.28,48.99,51.78
3.85513,4,0.2644,0.039,0.033,5.372,5.774,0.9881,0.00936,270.03,53.80,0.57017948,0.7241279396,2.28,1.637598e-08,1.019154e-08,2.163521e-08,1.370529e-08,99.03,103.86,9356.98,9813.32,48.38,51.13
3.85537,4,0.2644,0.039,0.033,5.372,5.774,0.9881,0.00936,270.03,53.80,0.5701785199999999,0.7241267203999999,2.28,1.636376e-08,1.017325e-08,2.16286e-08,1.362274e-08,98.76,102.26,9331.03,9661.69,48.22,50.22
3.85562,4,0.2644,0.039,0.033,5.372,5.774,0.9881,0.00936,270.03,53.80,0.57017752,0.7241254504,2.28,1.636235e-08,1.018551e-08,2.160755e-08,1.356856e-08,99.09,101.43,9362.95,9583.60,48.41,49.75
3.85588,4,0.2645,0.039,0.033,5.372,5.774,0.9881,0.00936,270.03,53.80,0.57017648,0.7241241295999999,2.28,1.634159e-08,1.013967e-08,2.158941e-08,1.34837e-08,98.29,100.00,9286.63,9448.84,47.95,48.93
3.85613,4,0.2645,0.039,0.033,5.372,5.774,0.9881,0.00936,270.03,53.80,0.57017548,0.7241228596,2.28,1.634097e-08,1.014267e-08,2.153384e-08,1.340864e-08,98.37,99.21,9294.81,9373.71,48.00,48.48
3.85637,4,0.2645,0.039,0.033,5.372,5.774,0.9881,0.00936,270.03,53.80,0.5701745199999999,0.7241216403999999,2.28,1.632118e-08,1.00813e-08,2.152051e-08,1.332473e-08,97.13,97.74,9177.00,9234.83,47.29,47.64
3.85663,4,0.2645,0.039,0.033,5.372,5.774,0.9881,0.00937,270.03,53.80,0.57017348,0.7241203196,2.28,1.632259e-08,1.004531e-08,2.149237e-08,1.323913e-08,96.20,96.43,9089.76,9111.62,46.77,46.90
3.85688,4,0.2646,0.039,0.033,5.372,5.774,0.9881,0.00937,270.03,53.80,0.57017248,0.7241190496,2.28,1.631033e-08,1.007258e-08,2.147192e-08,1.319125e-08,97.11,95.80,9175.66,9052.01,47.28,46.54
3.85712,4,0.2646,0.039,0.033,5.372,5.774,0.9881,0.00937,270.03,53.80,0.5701715199999999,0.7241178303999999,2.28,1.630307e-08,1.004498e-08,2.144293e-08,1.3129e-08,96.53,94.97,9120.78,8973.26,46.95,46.06
3.85738,4,0.2646,0.039,0.033,5.372,5.774,0.9881,0.00937,270.03,53.80,0.5701704799999999,0.7241165096,2.28,1.627316e-08,1.000703e-08,2.141722e-08,1.308102e-08,96.04,94.37,9074.66,8916.58,46.67,45.72
3.85763,4,0.2647,0.039,0.033,5.372,5.774,0.9881,0.00937,270.03,53.80,0.57016948,0.7241152396,2.28,1.627447e-08,1.001359e-08,2.140792e-08,1.302537e-08,96.22,93.48,9091.66,8832.89,46.78,45.22
3.85787,4,0.2647,0.039,0.033,5.372,5.774,0.9881,0.00937,270.04,53.80,0.57016852,0.7241140204,2.28,1.627029e-08,1.002928e-08,2.139841e-08,1.299572e-08,96.68,93.05,9134.90,8791.66,47.04,44.97
3.85812,4,0.2647,0.039,0.033,5.372,5.774,0.9881,0.00937,270.04,53.80,0.5701675199999999,0.7241127503999999,2.28,1.625645e-08,1.011689e-08,2.137724e-08,1.298624e-08,99.14,93.11,9366.96,8797.49,48.44,45.00
3.85838,4,0.2648,0.039,0.033,5.371,5.774,0.9881,0.00937,270.04,53.80,0.5701664799999999,0.7241114295999999,2.28,1.624502e-08,1.005425e-08,2.138152e-08,1.295964e-08,97.75,92.61,9235.45,8750.58,47.64,44.72
3.85862,4,0.2648,0.039,0.033,5.371,5.774,0.9881,0.00937,270.04,53.80,0.57016552,0.7241102104,2.28,1.624659e-08,1.00733e-08,2.137424e-08,1.295886e-08,98.21,92.68,9279.15,8756.81,47.91,44.76
3.85887,4,0.2648,0.039,0.033,5.371,5.774,0.9881,0.00937,270.04,53.80,0.57016452,0.7241089404,2.28,1.624952e-08,1.008512e-08,2.139393e-08,1.296089e-08,98.46,92.50,9303.43,8739.84,48.05,44.65
3.85913,4,0.2648,0.039,0.033,5.371,5.774,0.9881,0.00937,270.04,53.80,0.57016348,0.7241076195999999,2.28,1.62214e-08,1.001182e-08,2.138465e-08,1.295141e-08,97.04,92.43,9168.61,8733.24,47.24,44.61
3.85938,4,0.2649,0.039,0.033,5.371,5.774,0.9881,0.00937,270.04,53.80,0.5701624799999999,0.7241063495999999,2.28,1.621498e-08,1.011743e-08,2.138894e-08,1.296037e-08,99.90,92.58,9439.12,8747.43,48.87,44.70
3.85962,4,0.2649,0.039,0.033,5.371,5.774,0.9881,0.00937,270.04,53.80,0.57016152,0.7241051304,2.28,1.621244e-08,1.007649e-08,2.140106e-08,1.296032e-08,98.87,92.45,9342.10,8734.78,48.29,44.62
3.85988,4,0.2649,0.039,0.033,5.371,5.774,0.9881,0.00937,270.04,53.80,0.57016048,0.7241038096,2.28,1.618886e-08,1.001361e-08,2.142347e-08,1.295395e-08,97.63,92.09,9224.72,8700.82,47.58,44.42
3.86013,4,0.2650,0.039,0.033,5.371,5.774,0.9881,0.00937,270.04,53.80,0.5701594799999999,0.7241025395999999,2.28,1.618075e-08,1.004801e-08,2.140964e-08,1.296543e-08,98.68,92.48,9324.09,8737.93,48.18,44.64
3.86037,4,0.2650,0.039,0.033,5.371,5.774,0.9881,0.00937,270.04,53.80,0.57015852,0.7241013204,2.28,1.617075e-08,9.96005e-09,2.143821e-08,1.296642e-08,96.59,92.19,9126.45,8710.15,46.99,44.47
3.86063,4,0.2650,0.039,0.033,5.371,5.774,0.9881,0.00937,270.04,53.80,0.57015748,0.7240999996,2.28,1.617409e-08,1.003758e-08,2.143924e-08,1.298229e-08,98.52,92.46,9308.68,8736.11,48.09,44.63
3.86088,4,0.2651,0.039,0.033,5.371,5.774,0.9881,0.00937,270.04,53.80,0.57015648,0.7240987296,2.28,1.616001e-08,1.002123e-08,2.145378e-08,1.299291e-08,98.36,92.53,9293.59,8742.51,47.99,44.67
3.86112,4,0.2651,0.039,0.033,5.371,5.774,0.9881,0.00937,270.04,53.80,0.5701555199999999,0.7240975103999999,2.28,1.615173e-08,9.964363e-09,2.148094e-08,1.298653e-08,97.03,92.12,9168.29,8703.71,47.24,44.43
3.86137,4,0.2651,0.039,0.033,5.371,5.774,0.9881,0.00937,270.04,53.80,0.57015452,0.7240962404,2.28,1.613972e-08,1.002017e-08,2.149621e-08,1.300866e-08,98.66,92.35,9321.81,8725.59,48.16,44.57
3.86163,4,0.2652,0.039,0.033,5.371,5.774,0.9881,0.00937,270.04,53.80,0.57015348,0.7240949196,2.28,1.614706e-08,9.948963e-09,2.152669e-08,1.3e-08,96.75,91.90,9141.72,8683.03,47.08,44.31
3.86187,4,0.2652,0.039,0.033,5.371,5.774,0.9881,0.00937,270.04,53.80,0.5701525199999999,0.7240937004,2.28,1.614068e-08,1.009047e-08,2.154866e-08,1.306472e-08,100.53,92.82,9498.37,8770.23,49.23,44.84
3.86212,4,0.2652,0.039,0.033,5.371,5.774,0.9881,0.00937,270.04,53.80,0.5701515199999999,0.7240924303999999,2.28,1.612755e-08,1.008284e-08,2.155672e-08,1.307484e-08,100.54,92.92,9499.83,8779.15,49.24,44.89
3.86238,4,0.2652,0.039,0.033,5.371,5.774,0.9881,0.00937,270.04,53.80,0.5701504799999999,0.7240911095999999,2.28,1.61198e-08,9.87476e-09,2.158892e-08,1.305512e-08,95.31,92.21,9005.33,8712.58,46.25,44.49
3.86262,4,0.2653,0.039,0.033,5.371,5.774,0.9881,0.00937,270.04,53.80,0.57014952,0.7240898903999999,2.28,1.612372e-08,9.861091e-09,2.161456e-08,1.308544e-08,94.95,92.51,8970.99,8740.90,46.05,44.66
3.86287,4,0.2653,0.039,0.033,5.371,5.774,0.9881,0.00937,270.04,53.80,0.5701485199999999,0.7240886203999999,2.28,1.613378e-08,9.88876e-09,2.173469e-08,1.314153e-08,95.48,92.22,9021.53,8712.95,46.35,44.49
3.86313,4,0.2653,0.039,0.033,5.371,5.774,0.9881,0.00937,270.04,53.80,0.5701474799999999,0.7240872996,2.28,1.612583e-08,9.905654e-09,2.176355e-08,1.320637e-08,96.03,93.06,9073.03,8792.75,46.66,44.97
3.86338,4,0.2654,0.039,0.033,5.371,5.774,0.9881,0.00937,270.04,53.80,0.57014648,0.7240860296,2.28,1.612939e-08,9.918919e-09,2.180646e-08,1.327274e-08,96.34,93.82,9102.81,8864.58,46.84,45.40
3.86362,4,0.2654,0.039,0.033,5.371,5.774,0.9881,0.00937,270.04,53.80,0.57014552,0.7240848104,2.28,1.61445e-08,1.000196e-08,2.186207e-08,1.335867e-08,98.22,94.76,9280.53,8953.78,47.91,45.94
3.86388,4,0.2654,0.039,0.033,5.371,5.774,0.9881,0.00937,270.04,53.80,0.57014448,0.7240834895999999,2.28,1.615386e-08,1.029996e-08,2.181136e-08,1.349962e-08,106.14,97.97,10028.27,9256.89,52.43,47.77
3.86413,4,0.2655,0.039,0.033,5.370,5.774,0.9881,0.00937,270.04,53.80,0.5701434799999999,0.7240822196,2.28,1.616228e-08,1.025981e-08,2.185707e-08,1.356312e-08,104.89,98.68,9910.71,9323.90,51.72,48.18
3.86437,4,0.2655,0.039,0.033,5.370,5.774,0.9881,0.00937,270.04,53.80,0.57014252,0.7240810004,2.28,1.615134e-08,9.97001e-09,2.191405e-08,1.357252e-08,97.33,98.19,9196.30,9277.14,47.41,47.89
3.86463,4,0.2655,0.039,0.033,5.370,5.774,0.9881,0.00937,270.04,53.80,0.57014148,0.7240796796,2.28,1.615734e-08,9.986437e-09,2.195357e-08,1.365507e-08,97.66,99.30,9227.01,9381.96,47.59,48.53
3.86488,4,0.2656,0.039,0.033,5.370,5.774,0.9881,0.00937,270.04,53.80,0.57014048,0.7240784095999999,2.28,1.61773e-08,1.000635e-08,2.199683e-08,1.373319e-08,97.89,100.32,9248.82,9479.01,47.72,49.11
3.86512,4,0.2656,0.039,0.033,5.370,5.774,0.9881,0.00937,270.04,53.80,0.57013952,0.7240771904000001,2.28,1.617965e-08,1.002013e-08,2.2035e-08,1.381657e-08,98.20,101.49,9278.75,9589.02,47.90,49.77
3.86537,4,0.2656,0.039,0.033,5.370,5.774,0.9881,0.00937,270.04,53.80,0.57013852,0.7240759204,2.28,1.618024e-08,1.004115e-08,2.207438e-08,1.390698e-08,98.74,102.79,9329.15,9712.07,48.21,50.52
3.86563,4,0.2656,0.039,0.033,5.370,5.774,0.9881,0.00937,270.04,53.80,0.57013748,0.7240745996,2.28,1.618148e-08,1.005699e-08,2.212549e-08,1.397724e-08,99.13,103.55,9366.15,9784.08,48.43,50.95
3.86587,4,0.2657,0.039,0.033,5.370,5.774,0.9881,0.00937,270.04,53.80,0.5701365199999999,0.7240733803999999,2.28,1.620738e-08,1.007568e-08,2.214734e-08,1.406386e-08,99.23,105.07,9376.05,9927.33,48.49,51.82
3.86612,4,0.2657,0.039,0.033,5.370,5.774,0.9881,0.00937,270.04,53.80,0.57013552,0.7240721104,2.28,1.621359e-08,1.009715e-08,2.216906e-08,1.41458e-08,99.69,106.47,9419.47,10060.12,48.75,52.62
3.86638,4,0.2657,0.039,0.033,5.370,5.774,0.9881,0.00937,270.04,53.80,0.57013448,0.7240707896,2.28,1.622094e-08,1.012083e-08,2.222292e-08,1.422796e-08,100.19,107.47,9466.83,10154.36,49.04,53.19
3.86662,4,0.2658,0.039,0.033,5.370,5.774,0.9881,0.00937,270.04,53.80,0.57013352,0.7240695704,2.28,1.624816e-08,1.014142e-08,2.22518e-08,1.43052e-08,100.33,108.75,9479.36,10275.48,49.11,53.92
3.86687,4,0.2658,0.039,0.033,5.370,5.774,0.9881,0.00937,270.04,53.80,0.5701325199999999,0.7240683003999999,2.28,1.626282e-08,1.015399e-08,2.227929e-08,1.437706e-08,100.42,109.91,9487.86,10385.09,49.16,54.58
3.86713,4,0.2658,0.039,0.033,5.370,5.774,0.9881,0.00937,270.04,53.80,0.5701314799999999,0.7240669795999999,2.28,1.626774e-08,1.01771e-08,2.230104e-08,1.445931e-08,100.95,111.39,9537.86,10525.08,49.47,55.42
3.86738,4,0.2659,0.039,0.033,5.370,5.774,0.9881,0.00937,270.04,53.80,0.57013048,0.7240657096,2.28,1.628933e-08,1.019063e-08,2.233012e-08,1.449344e-08,100.98,111.77,9541.50,10560.69,49.49,55.64
3.86762,4,0.2659,0.039,0.033,5.370,5.774,0.9881,0.00937,270.04,53.80,0.57012952,0.7240644904,2.28,1.628946e-08,1.019297e-08,2.234781e-08,1.451825e-08,101.04,112.06,9547.15,10588.39,49.52,55.80
3.86788,4,0.2659,0.039,0.033,5.370,5.774,0.9881,0.00937,270.04,53.80,0.5701284799999999,0.7240631696,2.28,1.631866e-08,1.018479e-08,2.234083e-08,1.453246e-08,100.35,112.48,9481.36,10627.52,49.12,56.04
3.86813,4,0.2659,0.039,0.033,5.370,5.774,0.9881,0.00937,270.04,53.80,0.5701274799999999,0.7240618995999999,2.28,1.630884e-08,1.019295e-08,2.23707e-08,1.454555e-08,100.72,112.34,9516.85,10614.28,49.34,55.96
3.86837,4,0.2660,0.039,0.033,5.370,5.774,0.9881,0.00937,270.04,53.80,0.57012652,0.7240606803999999,2.28,1.632576e-08,1.019344e-08,2.240044e-08,1.455503e-08,100.50,112.16,9495.38,10597.75,49.21,55.86
3.86863,4,0.2660,0.039,0.033,5.370,5.774,0.9881,0.00937,270.04,53.80,0.57012548,0.7240593596,2.28,1.633466e-08,1.019191e-08,2.24066e-08,1.457831e-08,100.31,112.59,9477.83,10637.92,49.10,56.10
3.86888,4,0.2660,0.039,0.033,5.370,5.774,0.9881,0.00937,270.04,53.80,0.5701244799999999,0.7240580896,2.28,1.63474e-08,1.020719e-08,2.240944e-08,1.45806e-08,100.50,112.60,9495.97,10638.84,49.21,56.11
3.86912,4,0.2661,0.039,0.033,5.369,5.774,0.9881,0.00937,270.04,53.80,0.57012352,0.7240568704,2.28,1.637076e-08,1.021205e-08,2.243907e-08,1.458154e-08,100.29,112.24,9475.51,10604.66,49.09,55.90
3.86937,4,0.2661,0.039,0.033,5.369,5.774,0.9881,0.00937,270.04,53.80,0.57012252,0.7240556003999999,2.28,1.639071e-08,1.022e-08,2.245744e-08,1.455873e-08,100.17,111.48,9464.45,10532.87,49.02,55.47
3.86963,4,0.2661,0.039,0.033,5.369,5.774,0.9881,0.00937,270.04,53.80,0.57012148,0.7240542795999999,2.28,1.642647e-08,1.021837e-08,2.247054e-08,1.456582e-08,99.55,111.45,9405.95,10529.99,48.67,55.45
3.86987,4,0.2662,0.039,0.033,5.369,5.774,0.9881,0.00937,270.04,53.80,0.5701205199999999,0.7240530604,2.28,1.641569e-08,1.022856e-08,2.245524e-08,1.455297e-08,100.02,111.42,9450.79,10527.92,48.94,55.44
3.87012,4,0.2662,0.039,0.033,5.369,5.774,0.9881,0.00937,270.04,53.80,0.57011952,0.7240517904,2.28,1.643702e-08,1.021902e-08,2.24505e-08,1.454746e-08,99.43,111.37,9395.10,10522.91,48.60,55.41
3.87038,4,0.2662,0.039,0.033,5.369,5.774,0.9881,0.00937,270.04,53.80,0.57011848,0.7240504696,2.28,1.642958e-08,1.024815e-08,2.245833e-08,1.456535e-08,100.31,111.65,9477.62,10549.28,49.10,55.57
3.87062,4,0.2663,0.039,0.033,5.369,5.774,0.9881,0.00937,270.04,53.80,0.5701175199999999,0.7240492503999999,2.28,1.644827e-08,1.037912e-08,2.247395e-08,1.462412e-08,103.51,112.76,9779.99,10654.06,50.92,56.20
3.87087,4,0.2663,0.039,0.033,5.369,5.774,0.9881,0.00937,270.04,53.80,0.57011652,0.7240479804000001,2.28,1.64652e-08,1.035271e-08,2.245835e-08,1.462982e-08,102.51,113.11,9685.94,10687.22,50.36,56.40
3.87113,4,0.2663,0.039,0.033,5.369,5.774,0.9881,0.00937,270.04,53.80,0.57011548,0.7240466596,2.28,1.647417e-08,1.023399e-08,2.246519e-08,1.460088e-08,99.26,112.37,9378.94,10617.55,48.50,55.98
3.87138,4,0.2663,0.039,0.033,5.369,5.774,0.9881,0.00937,270.04,53.80,0.57011448,0.7240453896,2.28,1.647004e-08,1.023113e-08,2.246537e-08,1.457615e-08,99.26,111.83,9378.23,10566.10,48.50,55.67
3.87162,4,0.2664,0.039,0.033,5.369,5.774,0.9881,0.00937,270.04,53.80,0.5701135199999999,0.7240441703999999,2.28,1.649759e-08,1.020152e-08,2.246514e-08,1.452015e-08,98.11,110.66,9269.67,10455.54,47.85,55.00
3.87188,4,0.2664,0.039,0.033,5.369,5.774,0.9881,0.00937,270.04,53.80,0.5701124799999999,0.7240428495999999,2.28,1.650122e-08,1.018614e-08,2.244963e-08,1.448658e-08,97.66,110.15,9227.83,10407.71,47.59,54.71
3.87213,4,0.2664,0.039,0.033,5.369,5.774,0.9881,0.00937,270.04,53.80,0.57011148,0.7240415796,2.28,1.65396e-08,1.033114e-08,2.247935e-08,1.45044e-08,100.76,110.12,9519.92,10404.97,49.36,54.70
3.87237,4,0.2665,0.039,0.033,5.369,5.774,0.9881,0.00937,270.04,53.80,0.57011052,0.7240403604,2.28,1.656e-08,1.031352e-08,2.246901e-08,1.447943e-08,100.01,109.77,9449.38,10371.92,48.93,54.50
3.87263,4,0.2665,0.039,0.033,5.369,5.774,0.9881,0.00937,270.04,53.80,0.57010948,0.7240390395999999,2.28,1.658961e-08,1.023637e-08,2.247233e-08,1.445097e-08,97.59,109.12,9221.10,10310.53,47.55,54.13
3.87288,4,0.2665,0.039,0.033,5.369,5.774,0.9881,0.00937,270.04,53.80,0.5701084799999999,0.7240377695999999,2.28,1.660324e-08,1.034473e-08,2.246108e-08,1.44662e-08,100.12,109.60,9459.76,10355.58,48.99,54.40
3.87312,4,0.2666,0.039,0.032,5.369,5.774,0.9881,0.00937,270.04,53.80,0.57010752,0.7240365504,2.28,1.659994e-08,1.02138e-08,2.246626e-08,1.440967e-08,96.91,108.38,9156.95,10240.11,47.17,53.70
3.87337,4,0.2666,0.039,0.032,5.369,5.774,0.9881,0.00937,270.04,53.80,0.57010652,0.7240352804,2.28,1.661812e-08,1.036517e-08,2.246857e-08,1.444624e-08,100.45,109.12,9490.59,10309.94,49.18,54.12
3.87363,4,0.2666,0.039,0.032,5.369,5.774,0.9881,0.00937,270.04,53.80,0.5701054799999999,0.7240339595999999,2.28,1.661799e-08,1.020009e-08,2.249139e-08,1.439905e-08,96.31,107.82,9099.40,10187.36,46.82,53.38
3.87387,4,0.2666,0.039,0.032,5.369,5.774,0.9881,0.00937,270.04,53.80,0.57010452,0.7240327404,2.28,1.665622e-08,1.027958e-08,2.249161e-08,1.439516e-08,97.68,107.74,9229.65,10179.44,47.60,53.33
3.87412,4,0.2667,0.039,0.032,5.369,5.774,0.9881,0.00937,270.04,53.80,0.57010352,0.7240314703999999,2.28,1.666201e-08,1.020418e-08,2.253129e-08,1.434951e-08,95.78,106.31,9050.16,10045.09,46.52,52.52
3.87438,4,0.2667,0.039,0.032,5.369,5.774,0.9881,0.00937,270.04,53.80,0.57010248,0.7240301496,2.28,1.667149e-08,1.018433e-08,2.252288e-08,1.435212e-08,95.17,106.48,8991.72,10060.47,46.17,52.62
3.87462,4,0.2667,0.039,0.032,5.369,5.774,0.9881,0.00937,270.04,53.80,0.5701015199999999,0.7240289303999999,2.28,1.669881e-08,1.01964e-08,2.25409e-08,1.435006e-08,95.05,106.20,8981.26,10034.37,46.10,52.46
3.87487,4,0.2668,0.039,0.032,5.368,5.774,0.9881,0.00937,270.04,53.80,0.57010052,0.7240276604,2.28,1.6717e-08,1.020383e-08,2.257075e-08,1.433071e-08,95.00,105.46,8976.32,9964.74,46.08,52.04
3.87513,4,0.2668,0.039,0.032,5.368,5.774,0.9881,0.00937,270.04,53.80,0.57009948,0.7240263396,2.28,1.67367e-08,1.021116e-08,2.256846e-08,1.432601e-08,94.89,105.40,8965.74,9958.56,46.01,52.00
3.87538,4,0.2668,0.039,0.032,5.368,5.774,0.9881,0.00937,270.04,53.80,0.57009848,0.7240250696,2.28,1.675765e-08,1.021778e-08,2.260111e-08,1.430827e-08,94.74,104.63,8951.90,9885.79,45.93,51.56
3.87562,4,0.2669,0.039,0.032,5.368,5.774,0.9881,0.00937,270.04,53.80,0.5700975199999999,0.7240238504,2.28,1.677503e-08,1.030845e-08,2.262569e-08,1.431333e-08,96.70,104.46,9137.11,9869.76,47.04,51.47
3.87588,4,0.2669,0.039,0.032,5.368,5.774,0.9881,0.00937,270.04,53.80,0.5700964799999999,0.7240225295999999,2.28,1.678081e-08,1.0222e-08,2.265584e-08,1.428572e-08,94.54,103.54,8933.08,9782.75,45.81,50.94
3.87613,4,0.2669,0.039,0.032,5.368,5.774,0.9881,0.00937,270.04,53.80,0.57009548,0.7240212596,2.28,1.680236e-08,1.022269e-08,2.26983e-08,1.427032e-08,94.25,102.72,8905.36,9705.11,45.65,50.47
3.87637,4,0.2670,0.039,0.032,5.368,5.774,0.9881,0.00937,270.04,53.80,0.5700945199999999,0.7240200403999999,2.28,1.68276e-08,1.024761e-08,2.272276e-08,1.428111e-08,94.51,102.67,8929.98,9700.35,45.79,50.44
3.87663,4,0.2670,0.039,0.032,5.368,5.774,0.9881,0.00937,270.04,53.80,0.5700934799999999,0.7240187196,2.28,1.686766e-08,1.034711e-08,2.275253e-08,1.430986e-08,96.30,102.86,9098.88,9718.71,46.81,50.55
3.87688,4,0.2670,0.039,0.032,5.368,5.774,0.9881,0.00937,270.04,53.80,0.57009248,0.7240174496,2.28,1.690705e-08,1.041997e-08,2.280015e-08,1.433619e-08,97.48,102.79,9210.22,9712.10,47.49,50.51
3.87712,4,0.2670,0.039,0.032,5.368,5.774,0.9881,0.00937,270.04,53.80,0.57009152,0.7240162304,2.28,1.693809e-08,1.040128e-08,2.282854e-08,1.43152e-08,96.56,102.04,9123.76,9641.63,46.96,50.09
3.87737,4,0.2671,0.039,0.032,5.368,5.774,0.9881,0.00937,270.04,53.80,0.5700905199999999,0.7240149603999999,2.28,1.694372e-08,1.026684e-08,2.288581e-08,1.426183e-08,93.35,100.40,8820.21,9486.00,45.13,49.15
3.87763,4,0.2671,0.039,0.032,5.368,5.774,0.9881,0.00937,270.04,53.80,0.5700894799999999,0.7240136395999999,2.28,1.6993e-08,1.027313e-08,2.292285e-08,1.425706e-08,92.81,99.88,8769.15,9437.07,44.82,48.85
3.87787,4,0.2671,0.039,0.032,5.368,5.774,0.9881,0.00937,270.04,53.80,0.57008852,0.7240124204,2.28,1.700936e-08,1.029043e-08,2.29742e-08,1.429431e-08,92.98,99.98,8785.15,9446.36,44.92,48.91
3.87812,4,0.2672,0.039,0.032,5.368,5.774,0.9881,0.00937,270.04,53.80,0.57008752,0.7240111504,2.28,1.703822e-08,1.030165e-08,2.300267e-08,1.431022e-08,92.87,99.98,8774.98,9446.75,44.86,48.91
3.87838,4,0.2672,0.039,0.032,5.368,5.774,0.9881,0.00937,270.04,53.80,0.57008648,0.7240098295999999,2.28,1.705828e-08,1.031788e-08,2.304669e-08,1.430832e-08,92.97,99.44,8783.81,9395.86,44.91,48.61
3.87862,4,0.2672,0.039,0.032,5.368,5.774,0.9881,0.00937,270.04,53.80,0.57008552,0.7240086104,2.28,1.708553e-08,1.031995e-08,2.309275e-08,1.432442e-08,92.64,99.21,8752.87,9374.29,44.73,48.47
3.87887,4,0.2673,0.039,0.032,5.368,5.774,0.9881,0.00937,270.04,53.80,0.57008452,0.7240073404,2.28,1.712381e-08,1.034484e-08,2.313775e-08,1.435213e-08,92.71,99.25,8759.93,9377.45,44.77,48.49
3.87913,4,0.2673,0.039,0.032,5.368,5.774,0.9881,0.00937,270.04,53.80,0.57008348,0.7240060196,2.28,1.717873e-08,1.03759e-08,2.318084e-08,1.437909e-08,92.66,99.25,8755.42,9377.84,44.74,48.50
3.87938,4,0.2673,0.039,0.032,5.368,5.774,0.9881,0.00937,270.04,53.80,0.57008248,0.7240047495999999,2.28,1.721567e-08,1.039059e-08,2.321809e-08,1.442013e-08,92.49,99.58,8739.23,9408.66,44.64,48.68
3.87962,4,0.2674,0.039,0.032,5.368,5.774,0.9881,0.00937,270.04,53.80,0.57008152,0.7240035304,2.28,1.726572e-08,1.041383e-08,2.32786e-08,1.444218e-08,92.37,99.33,8727.77,9385.54,44.57,48.54
3.87988,4,0.2674,0.039,0.032,5.368,5.774,0.9881,0.00937,270.04,53.80,0.57008048,0.7240022096000001,2.28,1.72958e-08,1.043155e-08,2.333856e-08,1.44672e-08,92.36,99.11,8726.88,9364.77,44.57,48.42
3.88013,4,0.2674,0.039,0.032,5.368,5.774,0.9881,0.00937,270.04,53.80,0.57007948,0.7240009396,2.28,1.734736e-08,1.04601e-08,2.339911e-08,1.451418e-08,92.31,99.28,8721.52,9380.84,44.54,48.51
3.88037,4,0.2674,0.039,0.032,5.368,5.774,0.9881,0.00937,270.04,53.80,0.5700785199999999,0.7239997203999999,2.28,1.7412e-08,1.048809e-08,2.343781e-08,1.451393e-08,92.06,98.85,8698.57,9339.73,44.40,48.27
3.88063,4,0.2675,0.039,0.032,5.367,5.774,0.9881,0.00937,270.04,53.80,0.5700774799999999,0.7239983995999999,2.28,1.745478e-08,1.051543e-08,2.348938e-08,1.450603e-08,92.13,98.18,8705.10,9276.32,44.44,47.88
3.88088,4,0.2675,0.039,0.032,5.367,5.774,0.9881,0.00937,270.04,53.80,0.57007648,0.7239971296,2.28,1.749868e-08,1.05402e-08,2.354024e-08,1.452474e-08,92.10,97.95,8701.61,9255.16,44.42,47.76
3.88112,4,0.2675,0.039,0.032,5.367,5.774,0.9881,0.00937,270.04,53.80,0.57007552,0.7239959104,2.28,1.754938e-08,1.055341e-08,2.360762e-08,1.454843e-08,91.72,97.64,8665.83,9225.55,44.20,47.58
3.88137,4,0.2676,0.039,0.032,5.367,5.774,0.9881,0.00937,270.04,53.80,0.5700745199999999,0.7239946404,2.28,1.759225e-08,1.059855e-08,2.366648e-08,1.459699e-08,92.17,97.89,8708.98,9249.28,44.46,47.72
3.88163,4,0.2676,0.039,0.032,5.367,5.774,0.9881,0.00937,270.04,53.80,0.5700734799999999,0.7239933195999999,2.28,1.765764e-08,1.063063e-08,2.374372e-08,1.463428e-08,92.01,97.71,8693.93,9232.25,44.37,47.62
3.88187,4,0.2676,0.039,0.032,5.367,5.774,0.9881,0.00937,270.04,53.80,0.57007252,0.7239921004,2.28,1.771601e-08,1.064608e-08,2.376195e-08,1.467659e-08,91.59,98.25,8653.71,9283.48,44.13,47.93
3.88212,4,0.2677,0.039,0.032,5.367,5.774,0.9881,0.00937,270.04,53.80,0.5700715199999999,0.7239908303999999,2.28,1.777506e-08,1.068019e-08,2.383175e-08,1.470138e-08,91.59,97.97,8654.15,9256.77,44.13,47.76
3.88238,4,0.2677,0.039,0.032,5.367,5.774,0.9881,0.00937,270.04,53.80,0.5700704799999999,0.7239895096,2.28,1.782872e-08,1.074712e-08,2.387027e-08,1.473273e-08,92.34,98.10,8724.70,9269.23,44.55,47.84
3.88262,4,0.2677,0.039,0.032,5.367,5.774,0.9881,0.00937,270.04,53.80,0.57006952,0.7239882904,2.28,1.787087e-08,1.079637e-08,2.388984e-08,1.475752e-08,92.86,98.32,8773.48,9290.14,44.85,47.97
3.88287,4,0.2677,0.039,0.032,5.367,5.774,0.9881,0.00937,270.04,53.80,0.57006852,0.7239870204,2.28,1.792364e-08,1.078491e-08,2.397011e-08,1.478053e-08,91.92,97.86,8685.31,9246.65,44.32,47.70
3.88313,4,0.2678,0.039,0.032,5.367,5.774,0.9881,0.00937,270.04,53.80,0.57006748,0.7239856995999999,2.28,1.797779e-08,1.081979e-08,2.404214e-08,1.484371e-08,92.01,98.22,8693.19,9280.70,44.36,47.91
3.88338,4,0.2678,0.039,0.032,5.367,5.774,0.9881,0.00937,270.04,53.80,0.5700664799999999,0.7239844295999999,2.28,1.80489e-08,1.085702e-08,2.407156e-08,1.488598e-08,91.89,98.64,8682.01,9320.15,44.30,48.15
3.88362,4,0.2678,0.039,0.032,5.367,5.774,0.9881,0.00937,270.04,53.80,0.57006552,0.7239832104,2.28,1.811134e-08,1.090287e-08,2.413049e-08,1.493708e-08,92.06,98.90,8698.61,9344.18,44.40,48.29
3.88388,4,0.2679,0.039,0.032,5.367,5.774,0.9881,0.00937,270.04,53.80,0.57006448,0.7239818896,2.28,1.815493e-08,1.093787e-08,2.415743e-08,1.497927e-08,92.28,99.38,8719.40,9389.65,44.52,48.57
3.88413,4,0.2679,0.039,0.032,5.367,5.774,0.9881,0.00937,270.04,53.80,0.57006348,0.7239806195999999,2.28,1.822849e-08,1.097286e-08,2.420839e-08,1.502608e-08,92.09,99.64,8700.80,9414.73,44.41,48.72
3.88437,4,0.2679,0.039,0.032,5.367,5.774,0.9881,0.00937,270.04,53.80,0.5700625199999999,0.7239794003999999,2.28,1.826713e-08,1.09829e-08,2.421778e-08,1.506372e-08,91.81,100.20,8674.56,9467.44,44.25,49.03
3.88463,4,0.2680,0.039,0.032,5.367,5.774,0.9881,0.00937,270.04,53.80,0.57006148,0.7239780796,2.28,1.831981e-08,1.102417e-08,2.427105e-08,1.509383e-08,92.04,100.18,8696.79,9465.96,44.38,49.03
3.88488,4,0.2680,0.039,0.032,5.367,5.774,0.9881,0.00937,270.04,53.80,0.57006048,0.7239768096,2.28,1.838108e-08,1.105632e-08,2.430677e-08,1.51618e-08,91.95,100.99,8687.47,9542.12,44.33,49.48
3.88512,4,0.2680,0.039,0.032,5.367,5.774,0.9881,0.00937,270.04,53.80,0.5700595199999999,0.7239755903999999,2.28,1.842995e-08,1.109091e-08,2.434149e-08,1.521457e-08,92.05,101.54,8697.70,9594.27,44.39,49.80
3.88537,4,0.2681,0.039,0.032,5.367,5.774,0.9881,0.00937,270.04,53.80,0.57005852,0.7239743204,2.28,1.84857e-08,1.111718e-08,2.433991e-08,1.528318e-08,91.94,102.83,8686.66,9715.85,44.32,50.53
3.88563,4,0.2681,0.039,0.032,5.367,5.774,0.9881,0.00937,270.04,53.80,0.57005748,0.7239729996000001,2.28,1.854012e-08,1.115958e-08,2.437502e-08,1.534493e-08,92.14,103.55,8705.59,9783.88,44.44,50.94
3.88587,4,0.2681,0.039,0.032,5.367,5.774,0.9881,0.00937,270.04,53.80,0.57005652,0.7239717804,2.28,1.859627e-08,1.1234e-08,2.438881e-08,1.543094e-08,92.98,104.97,8785.39,9918.04,44.92,51.75
3.88612,4,0.2681,0.039,0.032,5.367,5.774,0.9881,0.00937,270.04,53.80,0.5700555199999999,0.7239705103999999,2.28,1.864219e-08,1.128745e-08,2.440771e-08,1.551353e-08,93.52,106.29,8836.23,10042.53,45.23,52.50
3.88638,4,0.2682,0.039,0.032,5.366,5.774,0.9881,0.00937,270.04,53.80,0.5700544799999999,0.7239691895999999,2.28,1.869668e-08,1.132194e-08,2.445211e-08,1.559886e-08,93.59,107.41,8842.49,10148.23,45.26,53.14
3.88662,4,0.2682,0.039,0.032,5.366,5.774,0.9881,0.00937,270.04,53.80,0.57005352,0.7239679703999999,2.28,1.87773e-08,1.135587e-08,2.449524e-08,1.565021e-08,93.28,107.86,8813.19,10191.10,45.09,53.40
3.88687,4,0.2682,0.039,0.032,5.366,5.774,0.9881,0.00937,270.04,53.80,0.57005252,0.7239667004,2.28,1.882623e-08,1.139375e-08,2.451339e-08,1.574776e-08,93.45,109.51,8829.44,10347.51,45.18,54.34
3.88713,4,0.2683,0.039,0.032,5.366,5.774,0.9881,0.00937,270.04,53.80,0.5700514799999999,0.7239653796,2.28,1.886639e-08,1.142463e-08,2.453016e-08,1.580318e-08,93.62,110.43,8845.63,10433.80,45.28,54.86
3.88738,4,0.2683,0.039,0.032,5.366,5.774,0.9881,0.00937,270.05,53.80,0.5700504799999999,0.7239641095999999,2.28,1.89133e-08,1.144147e-08,2.454968e-08,1.587052e-08,93.38,111.51,8823.01,10536.00,45.15,55.48
3.88762,4,0.2683,0.039,0.032,5.366,5.774,0.9881,0.00937,270.05,53.80,0.57004952,0.7239628904,2.28,1.896905e-08,1.14266e-08,2.45621e-08,1.591178e-08,92.39,112.17,8729.04,10598.61,44.58,55.86
3.88788,4,0.2684,0.039,0.032,5.366,5.774,0.9881,0.00937,270.05,53.80,0.57004848,0.7239615696,2.28,1.902385e-08,1.146243e-08,2.459348e-08,1.59905e-08,92.48,113.39,8737.70,10713.64,44.63,56.55
3.88813,4,0.2684,0.039,0.032,5.366,5.774,0.9881,0.00937,270.05,53.80,0.5700474799999999,0.7239602996,2.28,1.906929e-08,1.149496e-08,2.460678e-08,1.606847e-08,92.58,114.81,8747.57,10847.42,44.69,57.36
3.88837,4,0.2684,0.039,0.032,5.366,5.774,0.9881,0.00937,270.05,53.80,0.57004652,0.7239590804,2.28,1.911459e-08,1.152057e-08,2.464225e-08,1.608518e-08,92.55,114.67,8744.32,10834.90,44.67,57.28
3.88863,4,0.2685,0.039,0.032,5.366,5.774,0.9881,0.00937,270.05,53.80,0.57004548,0.7239577596,2.28,1.917161e-08,1.155732e-08,2.468513e-08,1.613879e-08,92.63,115.24,8752.12,10888.71,44.72,57.61
3.88888,4,0.2685,0.039,0.032,5.366,5.774,0.9881,0.00937,270.05,53.80,0.57004448,0.7239564895999999,2.28,1.923227e-08,1.158159e-08,2.469612e-08,1.615703e-08,92.38,115.47,8728.79,10910.27,44.58,57.74
3.88912,4,0.2685,0.039,0.032,5.366,5.774,0.9881,0.00937,270.05,53.80,0.5700435199999999,0.7239552703999999,2.28,1.928167e-08,1.162608e-08,2.472487e-08,1.619251e-08,92.68,115.82,8756.70,10942.86,44.74,57.93
3.88937,4,0.2685,0.039,0.032,5.366,5.774,0.9881,0.00937,270.05,53.80,0.57004252,0.7239540004,2.28,1.933643e-08,1.164516e-08,2.473243e-08,1.625328e-08,92.40,116.98,8730.38,11052.85,44.59,58.60
3.88963,4,0.2686,0.038,0.032,5.366,5.774,0.9881,0.00937,270.05,53.80,0.57004148,0.7239526796,2.28,1.938686e-08,1.168729e-08,2.476228e-08,1.631193e-08,92.67,117.84,8755.63,11134.51,44.74,59.09
3.88987,4,0.2686,0.038,0.032,5.366,5.774,0.9881,0.00937,270.05,53.80,0.5700405199999999,0.7239514603999999,2.28,1.943534e-08,1.171039e-08,2.477036e-08,1.637026e-08,92.55,118.97,8744.12,11241.17,44.67,59.73
3.89012,4,0.2686,0.038,0.032,5.366,5.774,0.9881,0.00937,270.05,53.80,0.5700395199999999,0.7239501903999999,2.28,1.948261e-08,1.172002e-08,2.483852e-08,1.637172e-08,92.17,118.05,8708.87,11153.61,44.46,59.21
3.89038,4,0.2687,0.038,0.032,5.366,5.774,0.9881,0.00937,270.05,53.80,0.57003848,0.7239488696,2.28,1.953979e-08,1.173724e-08,2.485064e-08,1.637141e-08,91.87,117.91,8680.23,11141.19,44.28,59.13
3.89062,4,0.2687,0.038,0.032,5.366,5.774,0.9881,0.00937,270.05,53.80,0.57003752,0.7239476504,2.28,1.959893e-08,1.175749e-08,2.485975e-08,1.634847e-08,91.57,117.31,8652.08,11083.69,44.11,58.78
3.89087,4,0.2687,0.038,0.032,5.366,5.774,0.9881,0.00937,270.05,53.80,0.5700365199999999,0.7239463803999999,2.28,1.964261e-08,1.177837e-08,2.48687e-08,1.63927e-08,91.47,118.11,8642.32,11159.93,44.05,59.24
3.89113,4,0.2688,0.038,0.032,5.366,5.774,0.9881,0.00937,270.05,53.80,0.5700354799999999,0.7239450595999999,2.28,1.969278e-08,1.182041e-08,2.491515e-08,1.641961e-08,91.73,118.08,8667.43,11156.69,44.21,59.22
3.89138,4,0.2688,0.038,0.032,5.366,5.774,0.9881,0.00937,270.05,53.80,0.57003448,0.7239437896,2.28,1.97512e-08,1.185705e-08,2.492162e-08,1.644488e-08,91.76,118.52,8670.31,11198.64,44.22,59.48
3.89162,4,0.2688,0.038,0.032,5.366,5.801,0.9881,0.00937,270.05,53.80,0.57003352,0.7239425704,2.28,1.982237e-08,1.189128e-08,2.496541e-08,1.649238e-08,91.60,118.92,8654.84,11235.91,44.10,59.67
3.89188,4,0.2688,0.038,0.032,5.366,5.801,0.9881,0.00937,270.05,53.80,0.57003248,0.7239412496,2.28,1.983968e-08,1.192285e-08,2.500631e-08,1.648495e-08,92.01,118.19,8693.45,11167.15,44.34,59.26
3.89213,4,0.2689,0.038,0.032,5.365,5.801,0.9881,0.00937,270.05,53.80,0.5700314799999999,0.7239399795999999,2.28,1.992298e-08,1.196554e-08,2.50622e-08,1.655873e-08,91.90,119.01,8683.28,11244.91,44.27,59.73
3.89237,4,0.2689,0.038,0.032,5.365,5.801,0.9881,0.00937,270.05,53.80,0.57003052,0.7239387603999999,2.28,1.999134e-08,1.200641e-08,2.508416e-08,1.664912e-08,91.90,120.63,8682.95,11398.01,44.27,60.65
3.89262,4,0.2689,0.038,0.032,5.365,5.801,0.9881,0.00937,270.05,53.80,0.57002952,0.7239374904,2.28,2.005187e-08,1.203852e-08,2.513101e-08,1.669902e-08,91.82,121.04,8675.29,11436.31,44.23,60.88
3.89288,4,0.2690,0.038,0.032,5.365,5.801,0.9881,0.00938,270.05,53.80,0.57002848,0.7239361696,2.28,2.010776e-08,1.205122e-08,2.516104e-08,1.66912e-08,91.45,120.49,8641.10,11384.10,44.02,60.57
3.89312,4,0.2690,0.038,0.032,5.365,5.801,0.9881,0.00938,270.05,53.80,0.57002752,0.7239349504,2.28,2.015562e-08,1.209227e-08,2.518655e-08,1.671367e-08,91.69,120.60,8663.21,11395.34,44.15,60.64
3.89337,4,0.2690,0.038,0.032,5.365,5.801,0.9881,0.00938,270.05,53.80,0.57002652,0.7239336804,2.28,2.021148e-08,1.212241e-08,2.521936e-08,1.670544e-08,91.63,119.96,8657.19,11334.83,44.12,60.27
3.89363,4,0.2691,0.038,0.032,5.365,5.801,0.9881,0.00938,270.05,53.80,0.57002548,0.7239323596,2.28,2.030104e-08,1.215685e-08,2.525184e-08,1.663311e-08,91.30,118.04,8626.23,11152.65,43.93,59.17
3.89387,4,0.2691,0.038,0.032,5.365,5.801,0.9881,0.00938,270.05,53.80,0.5700245199999999,0.7239311404,2.28,2.035845e-08,1.219131e-08,2.525685e-08,1.660188e-08,91.30,117.32,8626.37,11085.10,43.93,58.76
3.89412,4,0.2691,0.038,0.032,5.365,5.801,0.9881,0.00938,270.05,53.80,0.57002352,0.7239298704,2.28,2.042155e-08,1.222143e-08,2.531159e-08,1.658919e-08,91.16,116.33,8612.91,10991.00,43.85,58.20
3.89438,4,0.2692,0.038,0.032,5.365,5.801,0.9881,0.00938,270.05,53.80,0.57002248,0.7239285496,2.28,2.05036e-08,1.225947e-08,2.53375e-08,1.658489e-08,90.99,115.94,8596.79,10954.29,43.75,57.97
3.89463,4,0.2692,0.038,0.032,5.365,5.801,0.9881,0.00938,270.05,53.80,0.57002148,0.7239272795999999,2.28,2.057164e-08,1.230014e-08,2.535473e-08,1.654905e-08,90.99,114.99,8596.76,10864.74,43.75,57.43
3.89487,4,0.2692,0.038,0.032,5.365,5.801,0.9881,0.00938,270.05,53.80,0.5700205199999999,0.7239260604,2.28,2.065688e-08,1.232796e-08,2.539566e-08,1.655235e-08,90.56,114.52,8556.81,10820.67,43.51,57.17
3.89513,4,0.2692,0.038,0.032,5.365,5.801,0.9881,0.00938,270.05,53.80,0.5700194799999999,0.7239247395999999,2.28,2.073373e-08,1.234815e-08,2.537027e-08,1.647982e-08,90.10,113.42,8512.91,10716.13,43.24,56.54
3.89538,4,0.2693,0.038,0.032,5.365,5.801,0.9881,0.00938,270.05,53.80,0.57001848,0.7239234696,2.28,2.0815e-08,1.237657e-08,2.540017e-08,1.642768e-08,89.77,112.07,8482.21,10588.48,43.06,55.77
3.89562,4,0.2693,0.038,0.032,5.365,5.801,0.9881,0.00938,270.05,53.80,0.5700175199999999,0.7239222503999999,2.28,2.086963e-08,1.239419e-08,2.542257e-08,1.635494e-08,89.51,110.40,8457.20,10430.99,42.91,54.82
3.89588,4,0.2693,0.038,0.032,5.365,5.801,0.9881,0.00938,270.05,53.80,0.5700164799999999,0.7239209296,2.28,2.094824e-08,1.243511e-08,2.544577e-08,1.632437e-08,89.41,109.54,8447.55,10350.12,42.85,54.33
3.89613,4,0.2694,0.038,0.032,5.365,5.801,0.9881,0.00938,270.05,53.80,0.5700154799999999,0.7239196595999999,2.28,2.103556e-08,1.24909e-08,2.54901e-08,1.625856e-08,89.51,107.84,8457.28,10189.19,42.91,53.36
3.89637,4,0.2694,0.038,0.032,5.365,5.801,0.9881,0.00938,270.05,53.80,0.57001452,0.7239184404,2.28,2.112427e-08,1.252357e-08,2.547704e-08,1.620036e-08,89.16,106.93,8424.15,10103.31,42.71,52.84
3.89662,4,0.2694,0.038,0.032,5.365,5.801,0.9881,0.00938,270.05,53.80,0.5700135199999999,0.7239171703999999,2.28,2.119194e-08,1.256274e-08,2.551026e-08,1.619537e-08,89.14,106.46,8422.59,10058.77,42.70,52.57
3.89688,4,0.2695,0.038,0.032,5.365,5.801,0.9881,0.00938,270.05,53.80,0.5700124799999999,0.7239158495999999,2.28,2.129034e-08,1.260522e-08,2.554865e-08,1.615066e-08,88.90,105.27,8399.77,9945.99,42.56,51.89
3.89712,4,0.2695,0.038,0.032,5.365,5.801,0.9881,0.00938,270.05,53.80,0.57001152,0.7239146304,2.28,2.136911e-08,1.264165e-08,2.556704e-08,1.609561e-08,88.72,104.09,8383.18,9835.24,42.46,51.22
3.89737,4,0.2695,0.038,0.032,5.365,5.801,0.9881,0.00938,270.05,53.80,0.57001052,0.7239133604,2.28,2.146515e-08,1.268145e-08,2.559165e-08,1.605851e-08,88.43,103.18,8355.73,9749.05,42.30,50.70
3.89763,4,0.2696,0.038,0.032,5.364,5.801,0.9881,0.00938,270.05,53.80,0.57000948,0.7239120396,2.28,2.153803e-08,1.27108e-08,2.558204e-08,1.598428e-08,88.23,102.05,8336.86,9642.22,42.18,50.06
3.89787,4,0.2696,0.038,0.032,5.364,5.801,0.9881,0.00938,270.05,53.80,0.5700085199999999,0.7239108203999999,2.28,2.161067e-08,1.275371e-08,2.558467e-08,1.592839e-08,88.24,101.08,8336.92,9550.28,42.18,49.50
3.89812,4,0.2696,0.038,0.032,5.364,5.801,0.9881,0.00938,270.05,53.80,0.57000752,0.7239095504,2.28,2.170207e-08,1.279924e-08,2.560506e-08,1.587114e-08,88.09,99.91,8323.58,9440.05,42.10,48.84
3.89838,4,0.2696,0.038,0.032,5.364,5.801,0.9881,0.00938,270.05,53.80,0.57000648,0.7239082296,2.28,2.177972e-08,1.283261e-08,2.561576e-08,1.579765e-08,87.89,98.60,8303.98,9315.77,41.98,48.09
3.89863,4,0.2697,0.038,0.032,5.364,5.801,0.9881,0.00938,270.05,53.80,0.57000548,0.7239069596,2.28,2.186875e-08,1.287319e-08,2.561549e-08,1.575171e-08,87.72,97.89,8288.44,9249.10,41.89,47.68
3.89887,4,0.2697,0.038,0.032,5.364,5.801,0.9881,0.00938,270.05,53.80,0.5700045199999999,0.7239057403999999,2.28,2.196719e-08,1.291977e-08,2.563037e-08,1.574794e-08,87.54,97.68,8270.75,9229.43,41.78,47.57
3.89913,4,0.2697,0.038,0.032,5.364,5.801,0.9881,0.00938,270.05,53.80,0.57000348,0.7239044196000001,2.28,2.203252e-08,1.298799e-08,2.561921e-08,1.575253e-08,88.03,97.87,8317.08,9246.86,42.06,47.67
3.89938,4,0.2698,0.038,0.032,5.364,5.801,0.9881,0.00938,270.05,53.80,0.57000248,0.7239031496,2.28,2.211312e-08,1.302788e-08,2.563091e-08,1.576016e-08,87.93,97.91,8308.32,9250.95,42.01,47.70
3.89962,4,0.2698,0.038,0.032,5.364,5.801,0.9881,0.00938,270.05,53.80,0.5700015199999999,0.7239019304,2.28,2.219841e-08,1.307148e-08,2.566354e-08,1.571997e-08,87.82,96.94,8298.05,9159.79,41.95,47.15
3.89988,4,0.2698,0.038,0.032,5.364,5.801,0.9881,0.00938,270.05,53.80,0.5700004799999999,0.7239006095999999,2.28,2.2294e-08,1.313061e-08,2.566352e-08,1.573863e-08,87.87,97.24,8302.42,9187.92,41.97,47.32
3.90013,4,0.2699,0.038,0.032,5.364,5.801,0.9881,0.00938,270.05,53.80,0.56999948,0.7238993396,2.28,2.237548e-08,1.319688e-08,2.56923e-08,1.57561e-08,88.20,97.28,8333.58,9191.06,42.16,47.33
3.90037,4,0.2699,0.038,0.032,5.364,5.801,0.9881,0.00938,270.05,53.80,0.56999852,0.7238981203999999,2.28,2.258641e-08,1.335926e-08,2.584485e-08,1.58718e-08,88.82,97.63,8391.74,9224.34,42.51,47.53
3.90062,4,0.2699,0.038,0.032,5.364,5.801,0.9881,0.00938,270.05,53.80,0.5699975199999999,0.7238968504,2.28,2.254633e-08,1.327346e-08,2.570058e-08,1.566876e-08,87.81,95.81,8296.73,9052.99,41.94,46.50
3.90088,4,0.2699,0.038,0.032,5.364,5.801,0.9881,0.00938,270.05,53.80,0.5699964799999999,0.7238955295999999,2.28,2.263899e-08,1.330994e-08,2.572624e-08,1.562494e-08,87.52,94.89,8269.43,8965.57,41.77,45.97
3.90112,4,0.2700,0.038,0.032,5.364,5.801,0.9881,0.00938,270.05,53.80,0.56999552,0.7238943104,2.28,2.27364e-08,1.336645e-08,2.573949e-08,1.561703e-08,87.54,94.68,8271.35,8945.62,41.79,45.85
3.90137,4,0.2700,0.038,0.032,5.364,5.801,0.9881,0.00938,270.05,53.80,0.56999452,0.7238930403999999,2.28,2.280163e-08,1.341051e-08,2.575697e-08,1.562764e-08,87.63,94.68,8279.91,8945.62,41.84,45.85
3.90163,4,0.2700,0.038,0.032,5.364,5.801,0.9881,0.00938,270.05,53.80,0.5699934799999999,0.7238917196,2.28,2.28931e-08,1.346523e-08,2.575756e-08,1.564482e-08,87.65,94.94,8281.29,8970.15,41.84,46.00
3.90187,4,0.2701,0.038,0.032,5.364,5.801,0.9881,0.00938,270.05,53.80,0.56999252,0.7238905004,2.28,2.296165e-08,1.351798e-08,2.578859e-08,1.567321e-08,87.88,95.12,8302.90,8987.41,41.98,46.10
3.90212,4,0.2701,0.038,0.032,5.364,5.801,0.9881,0.00938,270.05,53.80,0.56999152,0.7238892304,2.28,2.303191e-08,1.356793e-08,2.5804e-08,1.567732e-08,88.01,95.04,8315.69,8979.73,42.05,46.06
3.90238,4,0.2701,0.038,0.032,5.364,5.801,0.9881,0.00938,270.05,53.80,0.56999048,0.7238879095999999,2.28,2.311893e-08,1.534579e-08,2.581102e-08,1.770065e-08,121.20,133.98,11451.21,12659.23,60.97,68.26
3.90263,4,0.2702,0.038,0.032,5.363,5.801,0.9881,0.00938,270.05,53.80,0.5699894799999999,0.7238866395999999,2.28,2.321705e-08,1.366767e-08,2.584178e-08,1.579883e-08,87.90,96.61,8304.98,9128.15,41.99,46.95
3.90287,4,0.2702,0.038,0.032,5.363,5.801,0.9881,0.00938,270.05,53.80,0.56998852,0.7238854204,2.28,2.328197e-08,1.372138e-08,2.584619e-08,1.590922e-08,88.14,98.32,8327.84,9289.97,42.13,47.93
3.90313,4,0.2702,0.038,0.032,5.363,5.801,0.9881,0.00938,270.05,53.80,0.56998748,0.7238840996,2.28,2.334945e-08,1.378727e-08,2.586854e-08,1.606778e-08,88.55,100.68,8366.44,9512.96,42.36,49.27
3.90338,4,0.2703,0.038,0.032,5.363,5.801,0.9881,0.00938,270.05,53.80,0.56998648,0.7238828295999999,2.28,2.344091e-08,1.384644e-08,2.587985e-08,1.622078e-08,88.66,103.17,8377.17,9748.02,42.42,50.69
3.90362,4,0.2703,0.038,0.032,5.363,5.801,0.9881,0.00938,270.05,53.80,0.5699855199999999,0.7238816103999999,2.28,2.351452e-08,1.392669e-08,2.592141e-08,1.641724e-08,89.24,106.12,8431.55,10026.88,42.75,52.37
3.90388,4,0.2703,0.038,0.032,5.363,5.801,0.9881,0.00938,270.05,53.80,0.56998448,0.7238802896000001,2.28,2.358553e-08,1.400572e-08,2.594868e-08,1.657041e-08,89.82,108.55,8486.50,10256.30,43.08,53.76
3.90413,4,0.2703,0.038,0.032,5.363,5.801,0.9881,0.00938,270.05,53.80,0.56998348,0.7238790196,2.28,2.36538e-08,1.407167e-08,2.595474e-08,1.664588e-08,90.22,109.86,8524.40,10379.83,43.31,54.50
3.90437,4,0.2704,0.038,0.032,5.363,5.801,0.9881,0.00938,270.05,53.80,0.5699825199999999,0.7238778003999999,2.28,2.368827e-08,1.414363e-08,2.601055e-08,1.672076e-08,91.07,110.62,8604.82,10451.79,43.80,54.94
3.90462,4,0.2704,0.038,0.032,5.363,5.801,0.9881,0.00938,270.05,53.80,0.5699815199999999,0.7238765303999999,2.28,2.376977e-08,1.420546e-08,2.604014e-08,1.675441e-08,91.28,110.89,8624.67,10477.41,43.92,55.09
3.90488,4,0.2704,0.038,0.032,5.363,5.801,0.9881,0.00938,270.05,53.80,0.56998048,0.7238752096000001,2.28,2.387368e-08,1.426994e-08,2.610703e-08,1.676792e-08,91.32,110.34,8628.24,10425.92,43.94,54.78
3.90512,4,0.2705,0.038,0.032,5.363,5.801,0.9881,0.00938,270.05,53.80,0.56997952,0.7238739904,2.28,2.395089e-08,1.431914e-08,2.613954e-08,1.674174e-08,91.40,109.52,8636.01,10348.46,43.98,54.31
3.90537,4,0.2705,0.038,0.032,5.363,5.801,0.9881,0.00938,270.05,53.80,0.5699785199999999,0.7238727204,2.28,2.401478e-08,1.439539e-08,2.616145e-08,1.674807e-08,92.01,109.38,8693.15,10335.24,44.33,54.23
3.90563,4,0.2705,0.038,0.032,5.363,5.801,0.9881,0.00938,270.05,53.80,0.5699774799999999,0.7238713995999999,2.28,2.408017e-08,1.445075e-08,2.617574e-08,1.675646e-08,92.26,109.37,8717.49,10333.94,44.47,54.23
3.90587,4,0.2706,0.038,0.032,5.363,5.801,0.9881,0.00938,270.05,53.80,0.56997652,0.7238701804,2.28,2.415323e-08,1.451442e-08,2.62328e-08,1.67831e-08,92.61,109.23,8750.60,10320.86,44.67,54.15
3.90612,4,0.2706,0.038,0.032,5.363,5.801,0.9881,0.00938,270.05,53.80,0.56997552,0.7238689104,2.28,2.42123e-08,1.456942e-08,2.628759e-08,1.677523e-08,92.93,108.46,8780.06,10248.07,44.85,53.71
3.90638,4,0.2706,0.038,0.032,5.363,5.801,0.9881,0.00938,270.05,53.80,0.56997448,0.7238675896,2.28,2.428908e-08,1.464217e-08,2.633294e-08,1.681304e-08,93.35,108.62,8820.21,10263.03,45.09,53.80
3.90663,4,0.2707,0.038,0.032,5.363,5.801,0.9881,0.00938,270.05,53.80,0.5699734799999999,0.7238663195999999,2.28,2.43634e-08,1.469868e-08,2.634261e-08,1.683844e-08,93.57,109.01,8841.20,10299.35,45.22,54.02
3.90687,4,0.2707,0.038,0.032,5.363,5.801,0.9881,0.00938,270.05,53.80,0.56997252,0.7238651004,2.28,2.440164e-08,1.476027e-08,2.638319e-08,1.685405e-08,94.19,108.82,8899.75,10281.89,45.57,53.91
3.90713,4,0.2707,0.038,0.032,5.363,5.801,0.9881,0.00938,270.05,53.80,0.56997148,0.7238637795999999,2.28,2.447659e-08,1.482055e-08,2.640006e-08,1.68786e-08,94.43,109.07,8922.52,10305.17,45.71,54.05
3.90738,4,0.2707,0.038,0.032,5.363,5.801,0.9881,0.00938,270.05,53.80,0.56997048,0.7238625096,2.28,2.453913e-08,1.488743e-08,2.645663e-08,1.691592e-08,94.90,109.09,8966.81,10307.12,45.98,54.06
3.90762,4,0.2708,0.038,0.032,5.363,5.801,0.9881,0.00938,270.05,53.80,0.56996952,0.7238612904,2.28,2.461137e-08,1.495799e-08,2.64901e-08,1.695142e-08,95.37,109.38,9011.07,10334.76,46.25,54.23
3.90788,4,0.2708,0.038,0.032,5.363,5.801,0.9881,0.00938,270.05,53.80,0.56996848,0.7238599696,2.28,2.469592e-08,1.50137e-08,2.651145e-08,1.69635e-08,95.44,109.35,9017.69,10332.08,46.29,54.21
3.90813,4,0.2708,0.038,0.032,5.363,5.801,0.9881,0.00938,270.05,53.80,0.56996748,0.7238586995999999,2.28,2.472978e-08,1.506767e-08,2.6525e-08,1.695693e-08,95.98,109.08,9068.94,10306.36,46.59,54.06
3.90837,4,0.2709,0.038,0.032,5.362,5.801,0.9881,0.00938,270.05,53.80,0.5699665199999999,0.7238574803999999,2.28,2.480034e-08,1.511211e-08,2.652006e-08,1.694178e-08,96.04,108.91,9074.52,10289.98,46.63,53.96
3.90862,4,0.2709,0.038,0.032,5.362,5.801,0.9881,0.00938,270.05,53.80,0.56996552,0.7238562104,2.28,2.486927e-08,1.515622e-08,2.655159e-08,1.691508e-08,96.08,108.08,9077.75,10211.68,46.65,53.49
3.90888,4,0.2709,0.038,0.032,5.362,5.801,0.9881,0.00938,270.05,53.80,0.56996448,0.7238548896,2.28,2.494475e-08,1.519649e-08,2.662751e-08,1.694307e-08,95.98,107.72,9068.99,10177.95,46.59,53.28
3.90912,4,0.2710,0.038,0.032,5.362,5.801,0.9881,0.00938,270.05,53.80,0.56996352,0.7238536703999999,2.28,2.499238e-08,1.524343e-08,2.666229e-08,1.693301e-08,96.31,107.20,9099.72,10128.77,46.78,52.99
3.90937,4,0.2710,0.038,0.032,5.362,5.801,0.9881,0.00938,270.05,53.80,0.5699625199999999,0.7238524003999999,2.28,2.507538e-08,1.528855e-08,2.666193e-08,1.693532e-08,96.22,107.24,9091.33,10132.93,46.73,53.01
3.90963,4,0.2710,0.038,0.032,5.362,5.801,0.9881,0.00938,270.05,53.80,0.5699614799999999,0.7238510796,2.28,2.514326e-08,1.533729e-08,2.668365e-08,1.692103e-08,96.34,106.76,9102.51,10087.04,46.80,52.73
3.90987,4,0.2710,0.038,0.032,5.362,5.801,0.9881,0.00938,270.05,53.80,0.56996052,0.7238498604,2.28,2.521818e-08,1.537719e-08,2.671527e-08,1.689575e-08,96.25,105.98,9093.72,10013.60,46.74,52.29
3.91012,4,0.2711,0.038,0.032,5.362,5.801,0.9881,0.00938,270.05,53.80,0.5699595199999999,0.7238485903999999,2.28,2.526986e-08,1.545642e-08,2.674696e-08,1.694205e-08,97.05,106.47,9169.61,10059.72,47.20,52.57
3.91038,4,0.2711,0.038,0.032,5.362,5.801,0.9881,0.00938,270.05,53.80,0.5699584799999999,0.7238472695999999,2.28,2.534229e-08,1.547338e-08,2.675157e-08,1.690528e-08,96.61,105.79,9128.08,9995.70,46.95,52.18
3.91063,4,0.2711,0.038,0.032,5.362,5.801,0.9881,0.00938,270.05,53.80,0.56995748,0.7238459996000001,2.28,2.542853e-08,1.550755e-08,2.677993e-08,1.689375e-08,96.31,105.29,9100.22,9948.58,46.78,51.90
3.91087,4,0.2712,0.038,0.032,5.362,5.801,0.9881,0.00938,270.05,53.80,0.56995652,0.7238447804,2.28,2.548593e-08,1.554493e-08,2.677586e-08,1.688583e-08,96.39,105.24,9107.15,9943.71,46.82,51.87
3.91113,4,0.2712,0.038,0.032,5.362,5.801,0.9881,0.00938,270.05,53.80,0.56995548,0.7238434596,2.28,2.553803e-08,1.556656e-08,2.678367e-08,1.687307e-08,96.23,104.94,9091.95,9915.57,46.73,51.70
3.91138,4,0.2712,0.038,0.032,5.362,5.801,0.9881,0.00938,270.05,53.80,0.5699544799999999,0.7238421895999999,2.28,2.560372e-08,1.560777e-08,2.673815e-08,1.684544e-08,96.24,104.96,9093.69,9917.24,46.74,51.71
3.91162,4,0.2713,0.038,0.032,5.362,5.801,0.9881,0.00938,270.05,53.80,0.56995352,0.7238409704,2.28,2.566682e-08,1.564508e-08,2.673703e-08,1.684055e-08,96.26,104.93,9095.33,9914.23,46.75,51.69
3.91188,4,0.2713,0.038,0.032,5.362,5.801,0.9881,0.00938,270.05,53.80,0.56995248,0.7238396496,2.28,2.569688e-08,1.564286e-08,2.673026e-08,1.679957e-08,95.94,104.31,9064.84,9856.04,46.57,51.34
3.91213,4,0.2713,0.038,0.032,5.362,5.801,0.9881,0.00938,270.05,53.80,0.56995148,0.7238383796,2.28,2.576771e-08,1.569488e-08,2.677002e-08,1.68275e-08,96.08,104.36,9078.00,9860.68,46.65,51.37
3.91237,4,0.2714,0.038,0.032,5.362,5.801,0.9881,0.00938,270.05,53.80,0.5699505199999999,0.7238371603999999,2.28,2.581541e-08,1.573157e-08,2.676807e-08,1.678649e-08,96.23,103.74,9092.64,9801.77,46.74,51.01
3.91262,4,0.2714,0.038,0.032,5.362,5.801,0.9881,0.00938,270.05,53.80,0.56994952,0.7238358904,2.28,2.584468e-08,1.57422e-08,2.67472e-08,1.669325e-08,96.12,102.42,9081.99,9677.16,46.67,50.26
3.91288,4,0.2714,0.038,0.032,5.362,5.801,0.9881,0.00938,270.05,53.80,0.56994848,0.7238345696,2.28,2.588324e-08,1.578059e-08,2.670468e-08,1.669343e-08,96.35,102.86,9103.99,9718.54,46.80,50.51
3.91312,4,0.2714,0.038,0.032,5.362,5.801,0.9881,0.00938,270.05,53.80,0.5699475199999999,0.7238333504,2.28,2.591921e-08,1.580552e-08,2.669691e-08,1.668124e-08,96.40,102.74,9108.42,9707.16,46.83,50.44
3.91337,4,0.2715,0.038,0.032,5.362,5.801,0.9881,0.00938,270.05,53.80,0.56994652,0.7238320804,2.28,2.598688e-08,1.581275e-08,2.669492e-08,1.66686e-08,95.91,102.59,9061.79,9693.07,46.55,50.36
3.91363,4,0.2715,0.038,0.032,5.362,5.801,0.9881,0.00938,270.05,53.80,0.56994548,0.7238307596,2.28,2.603412e-08,1.58334e-08,2.667468e-08,1.661792e-08,95.78,101.97,9049.97,9634.35,46.48,50.00
3.91387,4,0.2715,0.038,0.032,5.362,5.801,0.9881,0.00938,270.05,53.80,0.56994452,0.7238295403999999,2.28,2.60701e-08,1.582601e-08,2.665294e-08,1.660311e-08,95.33,101.95,9007.45,9632.40,46.22,49.99
3.91412,4,0.2716,0.038,0.032,5.361,5.801,0.9881,0.00938,270.05,53.80,0.5699435199999999,0.7238282703999999,2.28,2.611531e-08,1.583054e-08,2.665663e-08,1.658563e-08,95.02,101.66,8977.69,9605.57,46.04,49.83
3.91438,4,0.2716,0.038,0.032,5.361,5.801,0.9881,0.00938,270.05,53.80,0.5699424799999999,0.7238269495999999,2.28,2.614172e-08,1.585598e-08,2.660966e-08,1.652135e-08,95.16,101.09,8991.27,9551.92,46.12,49.51
3.91463,4,0.2716,0.038,0.032,5.361,5.801,0.9881,0.00938,270.05,53.80,0.56994148,0.7238256796,2.28,2.620602e-08,1.589644e-08,2.658049e-08,1.650237e-08,95.18,101.08,8993.37,9550.59,46.14,49.50
3.91487,4,0.2717,0.038,0.032,5.361,5.801,0.9881,0.00938,270.05,53.80,0.56994052,0.7238244603999999,2.28,2.623466e-08,1.592302e-08,2.654633e-08,1.647144e-08,95.36,100.96,9009.92,9539.26,46.24,49.43
3.91513,4,0.2717,0.038,0.032,5.361,5.801,0.9881,0.00938,270.05,53.80,0.5699394799999999,0.7238231395999999,2.28,2.625609e-08,1.592499e-08,2.652506e-08,1.642208e-08,95.19,100.38,8994.07,9484.23,46.14,49.10
3.91538,4,0.2717,0.038,0.032,5.361,5.801,0.9881,0.00938,270.05,53.80,0.5699384799999999,0.7238218696,2.28,2.630616e-08,1.59407e-08,2.650928e-08,1.638154e-08,94.97,99.89,8973.09,9437.69,46.01,48.82
3.91562,4,0.2718,0.038,0.032,5.361,5.801,0.9881,0.00938,270.05,53.80,0.56993752,0.7238206504,2.28,2.631929e-08,1.595712e-08,2.648552e-08,1.63073e-08,95.13,98.98,8988.50,9351.76,46.11,48.30
3.91588,4,0.2718,0.038,0.032,5.361,5.801,0.9881,0.00938,270.05,53.80,0.56993648,0.7238193296,2.28,2.634424e-08,1.595288e-08,2.644812e-08,1.622736e-08,94.84,98.08,8960.87,9267.19,45.94,47.79
3.91613,4,0.2718,0.038,0.032,5.361,5.801,0.9881,0.00938,270.05,53.80,0.5699354799999999,0.7238180595999999,2.28,2.64041e-08,1.596776e-08,2.641723e-08,1.621699e-08,94.52,98.22,8930.57,9279.90,45.76,47.86
3.91637,4,0.2718,0.038,0.032,5.361,5.801,0.9881,0.00938,270.05,53.80,0.56993452,0.7238168404,2.28,2.642553e-08,1.595801e-08,2.64253e-08,1.621481e-08,94.18,98.10,8898.53,9269.33,45.56,47.80
3.91662,4,0.2719,0.038,0.032,5.361,5.801,0.9881,0.00938,270.05,53.80,0.56993352,0.7238155704,2.28,2.643614e-08,1.597058e-08,2.63915e-08,1.61816e-08,94.31,97.94,8910.48,9254.29,45.64,47.71
3.91688,4,0.2719,0.038,0.032,5.361,5.801,0.9881,0.00938,270.05,53.80,0.56993248,0.7238142496,2.28,2.647118e-08,1.600652e-08,2.638944e-08,1.616529e-08,94.53,97.71,8931.30,9232.07,45.76,47.57
3.91712,4,0.2719,0.038,0.032,5.361,5.801,0.9881,0.00938,270.06,53.80,0.5699315199999999,0.7238130303999999,2.28,2.649262e-08,1.599992e-08,2.638105e-08,1.61237e-08,94.23,97.14,8903.76,9178.52,45.59,47.25
3.91737,4,0.2720,0.038,0.032,5.361,5.801,0.9881,0.00938,270.06,53.80,0.56993052,0.7238117604000001,2.28,2.652073e-08,1.600199e-08,2.635652e-08,1.611166e-08,94.05,97.22,8886.14,9186.22,45.49,47.30
3.91763,4,0.2720,0.038,0.032,5.361,5.801,0.9881,0.00938,270.06,53.80,0.56992948,0.7238104396,2.28,2.650442e-08,1.600544e-08,2.628925e-08,1.6065e-08,94.25,97.14,8904.78,9178.08,45.60,47.25
3.91787,4,0.2720,0.038,0.032,5.361,5.801,0.9881,0.00938,270.06,53.80,0.5699285199999999,0.7238092204,2.28,2.653706e-08,1.599686e-08,2.625803e-08,1.60388e-08,93.83,97.03,8865.20,9167.61,45.36,47.19
3.91812,4,0.2721,0.038,0.032,5.361,5.801,0.9881,0.00938,270.06,53.80,0.5699275199999999,0.7238079503999999,2.28,2.655385e-08,1.602197e-08,2.6253e-08,1.600929e-08,94.08,96.65,8889.40,9132.23,45.51,46.97
3.91838,4,0.2721,0.038,0.032,5.361,5.801,0.9881,0.00938,270.06,53.80,0.56992648,0.7238066296,2.28,2.653987e-08,1.603013e-08,2.624325e-08,1.599953e-08,94.33,96.59,8912.66,9126.66,45.65,46.94
3.91863,4,0.2721,0.038,0.032,5.361,5.801,0.9881,0.00938,270.06,53.80,0.56992548,0.7238053596,2.28,2.656571e-08,1.605608e-08,2.624222e-08,1.60102e-08,94.48,96.77,8927.18,9143.19,45.74,47.04
3.91887,4,0.2722,0.038,0.032,5.361,5.801,0.9881,0.00938,270.06,53.80,0.5699245199999999,0.7238041404,2.28,2.656067e-08,1.60741e-08,2.620496e-08,1.601652e-08,94.83,97.26,8960.15,9189.30,45.93,47.32
3.91913,4,0.2722,0.038,0.032,5.361,5.801,0.9881,0.00938,270.06,53.80,0.5699234799999999,0.7238028195999999,2.28,2.658736e-08,1.607015e-08,2.620654e-08,1.600747e-08,94.53,97.10,8931.85,9174.53,45.76,47.23
3.91938,4,0.2722,0.038,0.032,5.361,5.801,0.9881,0.00938,270.06,53.80,0.56992248,0.7238015496,2.28,2.65969e-08,1.606955e-08,2.619442e-08,1.599591e-08,94.44,97.04,8922.91,9168.41,45.71,47.19
3.91962,4,0.2722,0.038,0.032,5.361,5.801,0.9881,0.00938,270.06,53.80,0.56992152,0.7238003303999999,2.28,2.659582e-08,1.607812e-08,2.620057e-08,1.597635e-08,94.57,96.67,8935.86,9134.17,45.79,46.98
3.91988,4,0.2723,0.038,0.031,5.360,5.801,0.9881,0.00938,270.06,53.80,0.56992048,0.7237990096,2.28,2.66033e-08,1.60734e-08,2.619229e-08,1.594954e-08,94.47,96.37,8926.31,9105.84,45.73,46.81
3.92013,4,0.2723,0.038,0.031,5.360,5.801,0.9881,0.00938,270.06,53.80,0.5699194799999999,0.7237977395999999,2.28,2.662465e-08,1.610103e-08,2.619588e-08,1.594142e-08,94.69,96.21,8946.99,9090.81,45.85,46.72
3.92037,4,0.2723,0.038,0.031,5.360,5.801,0.9881,0.00938,270.06,53.80,0.56991852,0.7237965204,2.28,2.66244e-08,1.611432e-08,2.619599e-08,1.594992e-08,94.89,96.34,8965.91,9103.11,45.97,46.80
3.92062,4,0.2724,0.038,0.031,5.360,5.801,0.9881,0.00938,270.06,53.80,0.56991752,0.7237952503999999,2.28,2.666266e-08,1.613603e-08,2.621129e-08,1.597472e-08,94.91,96.62,8967.16,9129.07,45.98,46.95
3.92088,4,0.2724,0.038,0.031,5.360,5.801,0.9881,0.00938,270.06,53.80,0.56991648,0.7237939296,2.28,2.667764e-08,1.618559e-08,2.62202e-08,1.600088e-08,95.51,96.94,9024.35,9159.46,46.32,47.14
3.92112,4,0.2724,0.038,0.031,5.360,5.801,0.9881,0.00938,270.06,53.80,0.56991552,0.7237927104,2.28,2.670347e-08,1.619674e-08,2.622625e-08,1.603458e-08,95.44,97.41,9017.95,9203.65,46.28,47.40
3.92137,4,0.2725,0.038,0.031,5.360,5.801,0.9881,0.00938,270.06,53.80,0.56991452,0.7237914404,2.28,2.670025e-08,1.621374e-08,2.624265e-08,1.603552e-08,95.76,97.30,9048.14,9193.62,46.46,47.34
3.92163,4,0.2725,0.038,0.031,5.360,5.801,0.9881,0.00938,270.06,53.80,0.56991348,0.7237901196,2.28,2.672248e-08,1.622728e-08,2.627012e-08,1.603293e-08,95.76,97.00,9048.20,9165.14,46.46,47.17
3.92188,4,0.2725,0.038,0.031,5.360,5.801,0.9881,0.00938,270.06,53.80,0.5699124799999999,0.7237888495999999,2.28,2.671557e-08,1.62361e-08,2.626758e-08,1.6008e-08,95.96,96.64,9066.71,9130.92,46.58,46.96
3.92212,4,0.2726,0.038,0.031,5.360,5.801,0.9881,0.00938,270.06,53.80,0.56991152,0.7237876304,2.28,2.673868e-08,1.624933e-08,2.630493e-08,1.601861e-08,95.98,96.49,9068.87,9116.57,46.59,46.88
3.92238,4,0.2726,0.038,0.031,5.360,5.801,0.9881,0.00938,270.06,53.80,0.56991048,0.7237863096,2.28,2.675396e-08,1.625395e-08,2.631646e-08,1.604218e-08,95.91,96.74,9062.24,9140.68,46.55,47.02
3.92263,4,0.2726,0.038,0.031,5.360,5.801,0.9881,0.00938,270.06,53.80,0.56990948,0.7237850396,2.28,2.677676e-08,1.628218e-08,2.631489e-08,1.609627e-08,96.13,97.60,9082.68,9221.46,46.67,47.51
3.92287,4,0.2726,0.038,0.031,5.360,5.801,0.9881,0.00938,270.06,53.80,0.5699085199999999,0.7237838203999999,2.28,2.679116e-08,1.631338e-08,2.636551e-08,1.612796e-08,96.47,97.61,9114.68,9222.53,46.87,47.52
3.92313,4,0.2727,0.038,0.031,5.360,5.801,0.9881,0.00938,270.06,53.80,0.5699074799999999,0.7237824995999999,2.28,2.680792e-08,1.634787e-08,2.640646e-08,1.617108e-08,96.87,97.93,9152.78,9252.54,47.10,47.70
3.92338,4,0.2727,0.038,0.031,5.360,5.801,0.9881,0.00938,270.06,53.80,0.56990648,0.7237812296,2.28,2.685589e-08,1.642099e-08,2.646907e-08,1.624016e-08,97.54,98.41,9215.88,9297.94,47.48,47.97
3.92362,4,0.2727,0.038,0.031,5.360,5.801,0.9881,0.00938,270.06,53.80,0.5699055199999999,0.7237800104,2.28,2.685807e-08,1.649119e-08,2.649512e-08,1.630354e-08,98.60,99.15,9316.01,9368.42,48.08,48.40
3.92387,4,0.2728,0.038,0.031,5.360,5.801,0.9881,0.00938,270.06,53.80,0.5699045199999999,0.7237787403999999,2.28,2.688172e-08,1.656238e-08,2.652166e-08,1.636599e-08,99.52,99.92,9402.77,9441.02,48.60,48.83
3.92413,4,0.2728,0.038,0.031,5.360,5.801,0.9881,0.00938,270.06,53.80,0.5699034799999999,0.7237774195999999,2.28,2.689353e-08,1.663148e-08,2.654502e-08,1.643773e-08,100.49,100.84,9494.71,9527.79,49.16,49.36
3.92437,4,0.2728,0.038,0.031,5.360,5.801,0.9881,0.00938,270.06,53.80,0.56990252,0.7237762004,2.28,2.689707e-08,1.665852e-08,2.653903e-08,1.647363e-08,100.88,101.48,9531.98,9588.34,49.38,49.72
3.92462,4,0.2729,0.038,0.031,5.360,5.801,0.9881,0.00938,270.06,53.80,0.5699015199999999,0.7237749304,2.28,2.690968e-08,1.670427e-08,2.655475e-08,1.651646e-08,101.53,102.06,9592.71,9642.76,49.75,50.05
3.92488,4,0.2729,0.038,0.031,5.360,5.801,0.9881,0.00938,270.06,53.80,0.5699004799999999,0.7237736095999999,2.28,2.691326e-08,1.674416e-08,2.658647e-08,1.660077e-08,102.13,103.12,9649.95,9743.03,50.09,50.65
3.92512,4,0.2729,0.038,0.031,5.360,5.801,0.9881,0.00938,270.06,53.80,0.56989952,0.7237723904,2.28,2.690862e-08,1.678854e-08,2.658565e-08,1.663314e-08,102.90,103.66,9722.39,9794.58,50.53,50.97
3.92537,4,0.2730,0.037,0.031,5.359,5.801,0.9881,0.00938,270.06,53.80,0.56989852,0.7237711203999999,2.28,2.691713e-08,1.685143e-08,2.655862e-08,1.670374e-08,103.88,105.17,9814.97,9937.08,51.09,51.82
3.92563,4,0.2730,0.037,0.031,5.359,5.801,0.9881,0.00938,270.06,53.80,0.56989748,0.7237697996,2.28,2.68844e-08,1.689335e-08,2.655885e-08,1.675455e-08,104.92,106.04,9912.90,10018.72,51.68,52.32
3.92588,4,0.2730,0.037,0.031,5.359,5.801,0.9881,0.00938,270.06,53.80,0.5698964799999999,0.7237685295999999,2.28,2.685647e-08,1.694784e-08,2.654721e-08,1.685171e-08,106.13,107.85,10027.60,10189.90,52.37,53.35
3.92612,4,0.2730,0.037,0.031,5.359,5.801,0.9881,0.00938,270.06,53.80,0.56989552,0.7237673104,2.28,2.682015e-08,1.701065e-08,2.652484e-08,1.692361e-08,107.60,109.37,10166.47,10333.86,53.21,54.22
3.92638,4,0.2731,0.037,0.031,5.359,5.801,0.9881,0.00938,270.06,53.80,0.56989448,0.7237659895999999,2.28,2.681498e-08,1.7058e-08,2.649734e-08,1.698544e-08,108.52,110.84,10253.40,10472.85,53.73,55.06
3.92663,4,0.2731,0.037,0.031,5.359,5.801,0.9881,0.00938,270.06,53.80,0.56989348,0.7237647196,2.28,2.682606e-08,1.710516e-08,2.650571e-08,1.703164e-08,109.22,111.59,10319.91,10543.27,54.13,55.48
3.92687,4,0.2731,0.037,0.031,5.359,5.801,0.9881,0.00938,270.06,53.80,0.56989252,0.7237635004,2.28,2.682872e-08,1.716435e-08,2.646825e-08,1.707077e-08,110.24,112.75,10416.19,10653.61,54.71,56.15
3.92713,4,0.2732,0.037,0.031,5.359,5.801,0.9881,0.00938,270.06,53.80,0.56989148,0.7237621796,2.28,2.680148e-08,1.718707e-08,2.640849e-08,1.710099e-08,111.00,114.09,10488.02,10779.60,55.15,56.91
3.92738,4,0.2732,0.037,0.031,5.359,5.801,0.9881,0.00938,270.06,53.80,0.56989048,0.7237609096,2.28,2.67773e-08,1.720019e-08,2.636252e-08,1.709052e-08,111.52,114.45,10536.90,10814.24,55.44,57.11
3.92762,4,0.2732,0.037,0.031,5.359,5.801,0.9881,0.00938,270.06,53.80,0.5698895199999999,0.7237596903999999,2.28,2.672888e-08,1.719864e-08,2.631101e-08,1.709201e-08,112.06,115.12,10587.77,10877.36,55.75,57.50
3.92787,4,0.2733,0.037,0.031,5.359,5.801,0.9881,0.00938,270.06,53.80,0.56988852,0.7237584204,2.28,2.6692e-08,1.717427e-08,2.625379e-08,1.706196e-08,112.09,115.30,10590.54,10894.32,55.77,57.60
3.92813,4,0.2733,0.037,0.031,5.359,5.801,0.9881,0.00938,270.06,53.80,0.56988748,0.7237570996,2.28,2.663515e-08,1.716483e-08,2.618802e-08,1.703613e-08,112.59,115.63,10637.71,10925.30,56.05,57.78
3.92837,4,0.2733,0.037,0.031,5.359,5.801,0.9881,0.00938,270.06,53.80,0.56988652,0.7237558803999999,2.28,2.660007e-08,1.718588e-08,2.611512e-08,1.704032e-08,113.40,116.64,10714.26,11020.82,56.51,58.36
3.92862,4,0.2734,0.037,0.031,5.359,5.801,0.9881,0.00938,270.06,53.80,0.5698855199999999,0.7237546103999999,2.28,2.656532e-08,1.712424e-08,2.606662e-08,1.699678e-08,112.71,116.45,10649.32,11002.70,56.12,58.25
3.92888,4,0.2734,0.037,0.031,5.359,5.801,0.9881,0.00938,270.06,53.80,0.5698844799999999,0.7237532895999998,2.28,2.652365e-08,1.709661e-08,2.600655e-08,1.698444e-08,112.69,116.98,10647.97,11052.87,56.11,58.55
3.92912,4,0.2734,0.037,0.031,5.359,5.801,0.9881,0.00938,270.06,53.80,0.56988352,0.7237520704,2.28,2.650286e-08,1.708348e-08,2.596119e-08,1.698834e-08,112.70,117.65,10648.44,11116.10,56.11,58.93
3.92937,4,0.2734,0.037,0.031,5.359,5.801,0.9881,0.00939,270.06,53.80,0.56988252,0.7237508004,2.28,2.647526e-08,1.707346e-08,2.595029e-08,1.69611e-08,112.84,117.25,10662.10,11078.11,56.20,58.71
3.92963,4,0.2735,0.037,0.031,5.359,5.801,0.9881,0.00939,270.06,53.80,0.5698814799999999,0.7237494795999999,2.28,2.642101e-08,1.703748e-08,2.586895e-08,1.693674e-08,112.87,117.87,10664.24,11136.83,56.21,59.06
3.92988,4,0.2735,0.037,0.031,5.359,5.801,0.9881,0.00939,270.06,53.80,0.5698804799999999,0.7237482095999999,2.28,2.635524e-08,1.701158e-08,2.580387e-08,1.689087e-08,113.18,117.80,10693.47,11130.61,56.38,59.02
3.93012,4,0.2735,0.037,0.031,5.359,5.801,0.9881,0.00939,270.06,53.80,0.56987952,0.7237469904,2.28,2.630226e-08,1.699032e-08,2.575857e-08,1.684102e-08,113.42,117.40,10716.48,11092.10,56.52,58.79
3.93038,4,0.2736,0.037,0.031,5.358,5.801,0.9881,0.00939,270.06,53.80,0.56987848,0.7237456696,2.28,2.618986e-08,1.6991e-08,2.567433e-08,1.680426e-08,114.86,117.81,10852.62,11131.20,57.34,59.02
3.93063,4,0.2736,0.037,0.031,5.358,5.801,0.9881,0.00939,270.06,53.80,0.5698774799999999,0.7237443995999999,2.28,2.611686e-08,1.695176e-08,2.558876e-08,1.677017e-08,115.02,118.26,10867.44,11173.47,57.43,59.28
3.93087,4,0.2736,0.037,0.031,5.358,5.801,0.9881,0.00939,270.06,53.80,0.56987652,0.7237431804,2.28,2.604451e-08,1.692797e-08,2.552949e-08,1.671489e-08,115.47,117.92,10909.99,11141.68,57.69,59.09
3.93113,4,0.2737,0.037,0.031,5.358,5.801,0.9881,0.00939,270.06,53.80,0.56987548,0.7237418596,2.28,2.597267e-08,1.685482e-08,2.545885e-08,1.664028e-08,114.99,117.38,10865.26,11091.00,57.42,58.78
3.93138,4,0.2737,0.037,0.031,5.358,5.801,0.9881,0.00939,270.06,53.80,0.56987448,0.7237405896,2.28,2.5885e-08,1.680809e-08,2.53684e-08,1.66011e-08,115.19,117.79,10884.00,11129.59,57.53,59.01
3.93162,4,0.2737,0.037,0.031,5.358,5.801,0.9881,0.00939,270.06,53.80,0.5698735199999999,0.7237393703999999,2.28,2.583199e-08,1.671679e-08,2.52924e-08,1.651773e-08,114.09,117.10,10779.41,11064.40,56.90,58.62
3.93187,4,0.2738,0.037,0.031,5.358,5.801,0.9881,0.00939,270.06,53.80,0.56987252,0.7237381004,2.28,2.579471e-08,1.66717e-08,2.524547e-08,1.649396e-08,113.72,117.29,10745.06,11081.76,56.70,58.73
3.93213,4,0.2738,0.037,0.031,5.358,5.801,0.9881,0.00939,270.06,53.80,0.56987148,0.7237367796,2.28,2.57049e-08,1.664098e-08,2.5153e-08,1.646766e-08,114.25,117.99,10795.18,11148.39,57.00,59.13
3.93237,4,0.2738,0.037,0.031,5.358,5.801,0.9881,0.00939,270.06,53.80,0.5698705199999999,0.7237355604,2.28,2.561388e-08,1.655958e-08,2.508286e-08,1.638701e-08,113.81,117.27,10753.79,11080.38,56.75,58.72
3.93262,4,0.2739,0.037,0.031,5.358,5.801,0.9881,0.00939,270.06,53.80,0.5698695199999999,0.7237342903999999,2.28,2.553398e-08,1.653311e-08,2.503369e-08,1.634176e-08,114.35,117.04,10804.27,11058.80,57.05,58.59
3.93288,4,0.2739,0.037,0.031,5.358,5.801,0.9881,0.00939,270.06,53.80,0.56986848,0.7237329696,2.28,2.544225e-08,1.651448e-08,2.492645e-08,1.62884e-08,115.16,117.39,10880.46,11091.45,57.51,58.78
3.93312,4,0.2739,0.037,0.031,5.358,5.801,0.9881,0.00939,270.06,53.80,0.56986752,0.7237317503999999,2.28,2.537801e-08,1.647915e-08,2.487737e-08,1.625135e-08,115.28,117.28,10892.46,11081.65,57.58,58.72
3.93337,4,0.2739,0.037,0.031,5.358,5.801,0.9881,0.00939,270.06,53.80,0.5698665199999999,0.7237304803999999,2.28,2.530676e-08,1.641009e-08,2.479477e-08,1.621099e-08,114.83,117.57,10849.48,11108.53,57.32,58.89
3.93363,4,0.2740,0.037,0.031,5.358,5.801,0.9881,0.00939,270.06,53.80,0.5698654799999999,0.7237291596,2.28,2.522927e-08,1.634472e-08,2.472681e-08,1.61529e-08,114.57,117.33,10824.95,11085.51,57.18,58.75
3.93388,4,0.2740,0.037,0.031,5.358,5.801,0.9881,0.00939,270.06,53.80,0.56986448,0.7237278896,2.28,2.513377e-08,1.627683e-08,2.467258e-08,1.609619e-08,114.45,116.88,10813.60,11043.39,57.11,58.49
3.93412,4,0.2740,0.037,0.031,5.358,5.801,0.9881,0.00939,270.06,53.80,0.56986352,0.7237266703999999,2.28,2.508616e-08,1.621345e-08,2.460613e-08,1.601933e-08,113.80,116.18,10752.34,10977.34,56.74,58.10
3.93438,4,0.2741,0.037,0.031,5.358,5.801,0.9881,0.00939,270.06,53.80,0.56986248,0.7237253495999999,2.28,2.501402e-08,1.610052e-08,2.453789e-08,1.593645e-08,112.53,115.43,10632.47,10905.93,56.02,57.66
3.93463,4,0.2741,0.037,0.031,5.358,5.801,0.9881,0.00939,270.06,53.80,0.5698614799999999,0.7237240796,2.28,2.492177e-08,1.603379e-08,2.446001e-08,1.585481e-08,112.39,114.78,10618.80,10845.32,55.93,57.30
3.93487,4,0.2741,0.037,0.031,5.358,5.801,0.9881,0.00939,270.06,53.80,0.56986052,0.7237228604,2.28,2.487164e-08,1.597306e-08,2.440611e-08,1.579399e-08,111.83,114.25,10565.98,10795.04,55.61,57.00
3.93513,4,0.2742,0.037,0.031,5.358,5.801,0.9881,0.00939,270.06,53.80,0.56985948,0.7237215396,2.28,2.479952e-08,1.596531e-08,2.434727e-08,1.577224e-08,112.63,114.63,10641.69,10830.75,56.07,57.21
3.93538,4,0.2742,0.037,0.031,5.358,5.801,0.9881,0.00939,270.06,53.80,0.56985848,0.7237202695999999,2.28,2.47453e-08,1.594328e-08,2.42934e-08,1.574947e-08,112.88,114.88,10665.87,10854.48,56.22,57.35
3.93562,4,0.2742,0.037,0.031,5.358,5.801,0.9881,0.00939,270.06,53.80,0.56985752,0.7237190504000001,2.28,2.466629e-08,1.589399e-08,2.422995e-08,1.568664e-08,112.92,114.43,10668.92,10811.97,56.23,57.10
3.93587,4,0.2743,0.037,0.031,5.357,5.801,0.9881,0.00939,270.06,53.80,0.56985652,0.7237177804,2.28,2.460671e-08,1.586517e-08,2.41781e-08,1.563077e-08,113.15,114.01,10690.94,10772.32,56.37,56.86
3.93613,4,0.2743,0.037,0.031,5.357,5.801,0.9881,0.00939,270.06,53.80,0.56985548,0.7237164596,2.28,2.452414e-08,1.58274e-08,2.410295e-08,1.558365e-08,113.46,114.04,10720.43,10775.18,56.54,56.87
3.93637,4,0.2743,0.037,0.031,5.357,5.801,0.9881,0.00939,270.06,53.80,0.5698545199999999,0.7237152403999999,2.28,2.446574e-08,1.574318e-08,2.40622e-08,1.552406e-08,112.52,113.35,10631.82,10710.29,56.01,56.48
3.93662,4,0.2743,0.037,0.031,5.357,5.801,0.9881,0.00939,270.06,53.80,0.56985352,0.7237139704,2.28,2.440637e-08,1.562459e-08,2.398878e-08,1.540906e-08,110.92,111.97,10480.58,10579.43,55.10,55.69
3.93688,4,0.2744,0.037,0.031,5.357,5.801,0.9881,0.00939,270.06,53.80,0.56985248,0.7237126496,2.28,2.435305e-08,1.54867e-08,2.397236e-08,1.531059e-08,108.94,110.24,10292.75,10416.04,53.97,54.71
3.93712,4,0.2744,0.037,0.031,5.357,5.801,0.9881,0.00939,270.06,53.80,0.56985152,0.7237114304,2.28,2.431141e-08,1.528447e-08,2.391691e-08,1.515535e-08,105.60,107.88,9977.63,10193.00,52.06,53.36
3.93737,4,0.2744,0.037,0.031,5.357,5.801,0.9881,0.00939,270.06,53.80,0.5698505199999999,0.7237101603999999,2.28,2.426807e-08,1.503763e-08,2.385967e-08,1.495715e-08,101.60,104.78,9600.07,9900.41,49.79,51.60
3.93763,4,0.2745,0.037,0.031,5.357,5.801,0.9881,0.00939,270.06,53.80,0.5698494799999999,0.7237088395999999,2.28,2.419593e-08,1.47754e-08,2.377938e-08,1.473619e-08,97.85,101.67,9245.70,9605.93,47.65,49.82
3.93788,4,0.2745,0.037,0.031,5.357,5.801,0.9881,0.00939,270.06,53.80,0.56984848,0.7237075696,2.28,2.416427e-08,1.458896e-08,2.374074e-08,1.458905e-08,95.06,99.46,8981.47,9397.26,46.06,48.56
3.93812,4,0.2745,0.037,0.031,5.357,5.801,0.9881,0.00939,270.06,53.80,0.5698475199999999,0.7237063504,2.28,2.413087e-08,1.446452e-08,2.372112e-08,1.447593e-08,93.36,97.69,8820.99,9230.10,45.09,47.56
3.93838,4,0.2746,0.037,0.031,5.357,5.801,0.9881,0.00939,270.06,53.80,0.5698464799999999,0.7237050295999999,2.28,2.408536e-08,1.434033e-08,2.366099e-08,1.436395e-08,91.84,96.43,8677.80,9110.94,44.22,46.84
3.93863,4,0.2746,0.037,0.031,5.357,5.801,0.9881,0.00939,270.06,53.80,0.5698454799999999,0.7237037595999999,2.28,2.403546e-08,1.431952e-08,2.363121e-08,1.433987e-08,91.98,96.32,8691.16,9101.24,44.30,46.78
3.93887,4,0.2746,0.037,0.031,5.357,5.801,0.9881,0.00939,270.06,53.80,0.56984452,0.7237025403999999,2.28,2.400673e-08,1.429263e-08,2.360069e-08,1.428526e-08,91.83,95.71,8676.48,9043.14,44.22,46.43
3.93913,4,0.2747,0.037,0.031,5.357,5.801,0.9881,0.00939,270.06,53.80,0.56984348,0.7237012196,2.28,2.397242e-08,1.426903e-08,2.353886e-08,1.423774e-08,91.81,95.57,8674.87,9030.21,44.21,46.35
3.93938,4,0.2747,0.037,0.031,5.357,5.801,0.9881,0.00939,270.06,53.80,0.5698424799999999,0.7236999496,2.28,2.393697e-08,1.423457e-08,2.348927e-08,1.417102e-08,91.60,94.95,8654.80,8971.37,44.09,45.99
3.93962,4,0.2747,0.037,0.031,5.357,5.801,0.9881,0.00939,270.06,53.80,0.56984152,0.7236987304,2.28,2.390313e-08,1.419597e-08,2.344625e-08,1.412285e-08,91.31,94.58,8627.10,8935.94,43.92,45.78
3.93987,4,0.2747,0.037,0.031,5.357,5.801,0.9881,0.00939,270.06,53.80,0.56984052,0.7236974603999999,2.28,2.387941e-08,1.420215e-08,2.34087e-08,1.410406e-08,91.63,94.64,8657.52,8942.04,44.10,45.82
3.94013,4,0.2748,0.037,0.031,5.357,5.801,0.9881,0.00939,270.06,53.80,0.56983948,0.7236961395999999,2.28,2.383509e-08,1.418322e-08,2.3335e-08,1.406595e-08,91.78,94.78,8671.88,8955.38,44.19,45.90
3.94037,4,0.2748,0.037,0.031,5.357,5.801,0.9881,0.00939,270.06,53.80,0.56983852,0.7236949204,2.28,2.38359e-08,1.42079e-08,2.326563e-08,1.406412e-08,92.17,95.46,8708.51,9019.94,44.41,46.29
3.94062,4,0.2748,0.037,0.031,5.357,5.801,0.9881,0.00939,270.06,53.80,0.56983752,0.7236936504,2.28,2.377219e-08,1.419409e-08,2.320545e-08,1.400988e-08,92.56,95.16,8745.37,8990.95,44.63,46.11
3.94088,4,0.2749,0.037,0.031,5.357,5.801,0.9881,0.00939,270.06,53.80,0.56983648,0.7236923296,2.28,2.373319e-08,1.416422e-08,2.311103e-08,1.393415e-08,92.49,94.87,8738.47,8963.83,44.59,45.95
3.94112,4,0.2749,0.037,0.031,5.357,5.801,0.9881,0.00939,270.06,53.80,0.5698355199999999,0.7236911103999999,2.28,2.371421e-08,1.418061e-08,2.306325e-08,1.390463e-08,92.94,94.86,8781.04,8962.67,44.85,45.94
3.94137,4,0.2749,0.037,0.031,5.357,5.801,0.9881,0.00939,270.06,53.80,0.56983452,0.7236898404000001,2.28,2.367818e-08,1.419335e-08,2.299148e-08,1.387257e-08,93.50,95.05,8834.12,8980.95,45.17,46.05
3.94163,4,0.2750,0.037,0.031,5.356,5.801,0.9881,0.00939,270.06,53.80,0.56983348,0.7236885196,2.28,2.36404e-08,1.418512e-08,2.289455e-08,1.382822e-08,93.77,95.33,8859.81,9007.43,45.32,46.21
3.94188,4,0.2750,0.037,0.031,5.356,5.801,0.9881,0.00939,270.06,53.80,0.56983248,0.7236872496,2.28,2.358829e-08,1.416714e-08,2.280592e-08,1.377784e-08,93.99,95.39,8880.64,9012.63,45.45,46.24
3.94212,4,0.2750,0.037,0.031,5.356,5.801,0.9881,0.00939,270.06,53.80,0.5698315199999999,0.7236860303999999,2.28,2.355839e-08,1.419996e-08,2.273485e-08,1.375299e-08,94.84,95.70,8960.87,9042.67,45.93,46.42
3.94238,4,0.2751,0.037,0.031,5.356,5.801,0.9881,0.00939,270.06,53.80,0.5698304799999999,0.7236847095999999,2.28,2.354066e-08,1.430955e-08,2.266988e-08,1.378656e-08,96.92,97.04,9157.90,9168.63,47.12,47.18
3.94263,4,0.2751,0.037,0.031,5.356,5.801,0.9881,0.00939,270.06,53.80,0.56982948,0.7236834396,2.28,2.350727e-08,1.441087e-08,2.258141e-08,1.384142e-08,99.06,99.02,9359.32,9356.07,48.33,48.31
3.94287,4,0.2751,0.037,0.031,5.356,5.801,0.9881,0.00939,270.06,53.80,0.56982852,0.7236822204,2.28,2.347573e-08,1.448058e-08,2.249587e-08,1.386423e-08,100.66,100.43,9510.46,9489.13,49.24,49.12
3.94313,4,0.2751,0.037,0.031,5.356,5.801,0.9881,0.00939,270.06,53.80,0.5698274799999999,0.7236808995999999,2.28,2.343536e-08,1.459501e-08,2.24111e-08,1.386869e-08,103.23,101.51,9753.46,9591.33,50.71,49.73
3.94338,4,0.2752,0.037,0.031,5.356,5.801,0.9881,0.00939,270.06,53.80,0.5698264799999999,0.7236796295999999,2.28,2.339095e-08,1.466148e-08,2.232168e-08,1.384301e-08,105.05,102.12,9925.94,9649.05,51.75,50.08
3.94362,4,0.2752,0.037,0.031,5.356,5.801,0.9881,0.00939,270.06,53.80,0.56982552,0.7236784104,2.28,2.335628e-08,1.470109e-08,2.221961e-08,1.380515e-08,106.24,102.62,10038.17,9696.09,52.43,50.36
3.94387,4,0.2752,0.037,0.031,5.356,5.801,0.9881,0.00939,270.06,53.80,0.56982452,0.7236771404,2.28,2.33246e-08,1.475664e-08,2.213027e-08,1.376403e-08,107.73,102.90,10178.69,9722.93,53.27,50.53
3.94413,4,0.2753,0.037,0.031,5.356,5.801,0.9881,0.00939,270.06,53.80,0.5698234799999999,0.7236758195999999,2.28,2.326689e-08,1.480851e-08,2.202932e-08,1.374403e-08,109.55,103.80,10350.55,9807.22,54.31,51.03
3.94437,4,0.2753,0.037,0.031,5.356,5.801,0.9881,0.00939,270.06,53.80,0.56982252,0.7236746004,2.28,2.32346e-08,1.486885e-08,2.194042e-08,1.370399e-08,111.21,104.11,10507.80,9836.66,55.26,51.21
3.94462,4,0.2753,0.037,0.031,5.356,5.801,0.9881,0.00939,270.06,53.80,0.56982152,0.7236733303999999,2.28,2.319457e-08,1.490804e-08,2.185046e-08,1.369791e-08,112.57,105.13,10636.22,9933.45,56.03,51.79
3.94488,4,0.2754,0.037,0.031,5.356,5.801,0.9881,0.00939,270.06,53.80,0.56982048,0.7236720096,2.28,2.312252e-08,1.499071e-08,2.176235e-08,1.367634e-08,115.39,105.87,10902.65,10003.06,57.64,52.21
3.94512,4,0.2754,0.037,0.031,5.356,5.801,0.9881,0.00939,270.06,53.80,0.5698195199999999,0.7236707903999999,2.28,2.309033e-08,1.506801e-08,2.166631e-08,1.367181e-08,117.57,107.05,11108.44,10114.21,58.88,52.88
3.94537,4,0.2754,0.037,0.031,5.356,5.801,0.9881,0.00939,270.06,53.80,0.56981852,0.7236695204,2.28,2.302285e-08,1.519302e-08,2.158111e-08,1.369336e-08,121.46,108.67,11475.96,10267.25,61.10,53.81
3.94563,4,0.2755,0.037,0.031,5.356,5.801,0.9881,0.00939,270.06,53.80,0.56981748,0.7236681996,2.28,2.296203e-08,1.526575e-08,2.148433e-08,1.367851e-08,124.20,109.73,11735.24,10367.52,62.66,54.41
3.94588,4,0.2755,0.037,0.031,5.356,5.801,0.9881,0.00939,270.06,53.80,0.56981648,0.7236669296,2.28,2.291445e-08,1.535584e-08,2.140444e-08,1.367089e-08,127.21,110.69,12019.50,10458.58,64.37,54.96
3.94612,4,0.2755,0.037,0.031,5.356,5.801,0.9881,0.00939,270.06,53.80,0.5698155199999999,0.7236657103999999,2.28,2.285886e-08,1.543388e-08,2.129977e-08,1.367698e-08,130.16,112.35,12298.00,10615.27,66.05,55.91
3.94638,4,0.2755,0.037,0.031,5.356,5.801,0.9881,0.00939,270.06,53.80,0.56981448,0.7236643896,2.28,2.282061e-08,1.547011e-08,2.12225e-08,1.363461e-08,131.79,112.52,12451.78,10631.06,66.98,56.00
3.94663,4,0.2756,0.037,0.031,5.356,5.801,0.9881,0.00939,270.06,53.80,0.56981348,0.7236631196,2.28,2.275148e-08,1.549323e-08,2.114715e-08,1.35975e-08,133.71,112.82,12633.46,10659.69,68.08,56.17
3.94687,4,0.2756,0.037,0.031,5.356,5.801,0.9881,0.00939,270.06,53.80,0.5698125199999999,0.7236619003999999,2.28,2.266453e-08,1.554142e-08,2.105487e-08,1.356217e-08,136.67,113.38,12913.19,10712.81,69.76,56.49
3.94713,4,0.2756,0.037,0.031,5.356,5.801,0.9881,0.00939,270.07,53.80,0.5698114799999999,0.7236605796,2.28,2.26067e-08,1.554815e-08,2.096999e-08,1.353276e-08,137.98,113.98,13036.94,10769.30,70.51,56.83
3.94738,4,0.2757,0.037,0.031,5.355,5.801,0.9881,0.00939,270.07,53.80,0.56981048,0.7236593096,2.28,2.25416e-08,1.552761e-08,2.088736e-08,1.349675e-08,138.72,114.43,13107.18,10812.32,70.93,57.09
3.94762,4,0.2757,0.037,0.031,5.355,5.801,0.9881,0.00939,270.07,53.80,0.56980952,0.7236580904,2.28,2.247447e-08,1.551136e-08,2.083581e-08,1.34669e-08,139.59,114.52,13189.14,10820.18,71.43,57.14
3.94787,4,0.2757,0.037,0.031,5.355,5.801,0.9881,0.00939,270.07,53.80,0.5698085199999999,0.7236568203999999,2.28,2.243104e-08,1.559614e-08,2.076356e-08,1.358339e-08,142.99,118.54,13509.99,11200.65,73.36,59.44
3.94813,4,0.2758,0.037,0.031,5.382,5.801,0.9881,0.00939,270.07,53.80,0.5698074799999999,0.7236554995999999,2.28,2.236259e-08,1.553462e-08,2.070074e-08,1.344465e-08,142.62,116.15,13475.24,10974.24,73.15,58.07
3.94837,4,0.2758,0.037,0.031,5.382,5.801,0.9881,0.00939,270.07,53.80,0.56980652,0.7236542804,2.28,2.228516e-08,1.558271e-08,2.062959e-08,1.344389e-08,145.74,117.28,13770.09,11081.11,74.93,58.71
3.94862,4,0.2758,0.037,0.031,5.382,5.801,0.9881,0.00939,270.07,53.80,0.56980552,0.7236530104,2.28,2.220604e-08,1.561629e-08,2.055579e-08,1.341621e-08,148.55,117.79,14035.77,11129.73,76.53,59.01
3.94888,4,0.2759,0.037,0.031,5.382,5.801,0.9881,0.00939,270.07,53.80,0.56980448,0.7236516895999999,2.28,2.215408e-08,1.561002e-08,2.047305e-08,1.33971e-08,149.58,118.73,14133.22,11217.88,77.12,59.54
3.94912,4,0.2759,0.037,0.031,5.382,5.801,0.9881,0.00939,270.07,53.80,0.56980352,0.7236504704,2.28,2.209186e-08,1.556699e-08,2.040055e-08,1.334765e-08,149.61,118.67,14135.71,11213.00,77.14,59.51
3.94937,4,0.2759,0.037,0.031,5.382,5.801,0.9881,0.00939,270.07,53.80,0.56980252,0.7236492004,2.28,2.201872e-08,1.55188e-08,2.037564e-08,1.331432e-08,149.72,118.24,14146.04,11171.67,77.20,59.26
3.94963,4,0.2760,0.037,0.031,5.382,5.801,0.9881,0.00939,270.07,53.80,0.56980148,0.7236478796,2.28,2.19496e-08,1.547351e-08,2.030381e-08,1.330121e-08,149.88,119.15,14161.79,11258.33,77.29,59.78
3.94988,4,0.2760,0.037,0.031,5.382,5.801,0.9881,0.00939,270.07,53.80,0.5698004799999999,0.7236466095999999,2.28,2.189394e-08,1.542455e-08,2.026589e-08,1.327042e-08,149.56,119.00,14131.60,11243.72,77.11,59.69
3.95012,4,0.2760,0.037,0.031,5.382,5.801,0.9881,0.00939,270.07,53.80,0.56979952,0.7236453904,2.28,2.182166e-08,1.540167e-08,2.022674e-08,1.324263e-08,150.49,118.94,14219.22,11238.42,77.64,59.66
3.95038,4,0.2760,0.037,0.031,5.382,5.801,0.9881,0.00939,270.07,53.80,0.56979848,0.7236440696,2.28,2.177872e-08,1.535043e-08,2.016941e-08,1.319437e-08,149.80,118.66,14153.61,11212.03,77.24,59.50
3.95063,4,0.2761,0.037,0.031,5.382,5.801,0.9881,0.00939,270.07,53.80,0.56979748,0.7236427996,2.28,2.172133e-08,1.527202e-08,2.009604e-08,1.314228e-08,148.60,118.60,14040.51,11206.00,76.56,59.47
3.95087,4,0.2761,0.037,0.031,5.382,5.801,0.9881,0.00939,270.07,53.80,0.5697965199999999,0.7236415803999999,2.28,2.163735e-08,1.522097e-08,2.004786e-08,1.311944e-08,148.86,118.83,14065.39,11227.44,76.71,59.60
3.95113,4,0.2761,0.037,0.031,5.382,5.801,0.9881,0.00939,270.07,53.80,0.5697954799999999,0.7236402595999999,2.28,2.158505e-08,1.518685e-08,2.000813e-08,1.306754e-08,148.95,118.15,14073.74,11163.41,76.76,59.21
3.95138,4,0.2762,0.037,0.031,5.381,5.801,0.9881,0.00939,270.07,53.80,0.56979448,0.7236389896,2.28,2.154063e-08,1.523396e-08,1.998147e-08,1.300873e-08,151.64,117.12,14327.47,11065.94,78.29,58.62
3.95162,4,0.2762,0.037,0.031,5.381,5.801,0.9881,0.00939,270.07,53.80,0.5697935199999999,0.7236377704,2.28,2.1486e-08,1.517106e-08,1.993057e-08,1.29773e-08,150.81,117.16,14249.63,11070.11,77.82,58.65
3.95187,4,0.2762,0.037,0.031,5.381,5.801,0.9881,0.00939,270.07,53.80,0.5697925199999999,0.7236365003999999,2.28,2.14198e-08,1.506622e-08,1.987158e-08,1.294568e-08,148.86,117.34,14065.09,11086.78,76.71,58.75
3.95213,4,0.2763,0.037,0.031,5.381,5.801,0.9881,0.00939,270.07,53.80,0.5697914799999999,0.7236351795999999,2.28,2.136663e-08,1.498593e-08,1.982954e-08,1.287461e-08,147.49,116.25,13935.72,10983.87,75.93,58.13
3.95237,4,0.2763,0.037,0.031,5.381,5.801,0.9881,0.00939,270.07,53.80,0.56979052,0.7236339603999999,2.28,2.131984e-08,1.491017e-08,1.977749e-08,1.285785e-08,146.08,116.69,13802.60,11025.51,75.12,58.38
3.95262,4,0.2763,0.037,0.031,5.381,5.801,0.9881,0.00939,270.07,53.80,0.5697895199999999,0.7236326903999999,2.28,2.125783e-08,1.48031e-08,1.974661e-08,1.279544e-08,144.02,115.60,13607.82,10922.23,73.95,57.75
3.95288,4,0.2764,0.037,0.031,5.381,5.801,0.9881,0.00939,270.07,53.80,0.5697884799999999,0.7236313696,2.28,2.120659e-08,1.481194e-08,1.972524e-08,1.277656e-08,145.51,115.51,13748.85,10913.97,74.80,57.70
3.95312,4,0.2764,0.037,0.031,5.381,5.801,0.9881,0.00939,270.07,53.80,0.56978752,0.7236301504,2.28,2.118358e-08,1.477177e-08,1.966317e-08,1.273755e-08,144.73,115.54,13674.86,10916.88,74.35,57.72
3.95337,4,0.2764,0.037,0.031,5.381,5.801,0.9881,0.00939,270.07,53.80,0.56978652,0.7236288804,2.28,2.114533e-08,1.466266e-08,1.963382e-08,1.267623e-08,142.09,114.46,13425.48,10814.40,72.85,57.10
3.95363,4,0.2764,0.037,0.031,5.381,5.801,0.9881,0.00939,270.07,53.80,0.56978548,0.7236275595999999,2.28,2.111861e-08,1.458006e-08,1.958292e-08,1.26337e-08,140.08,114.21,13235.76,10791.10,71.71,56.96
3.95388,4,0.2765,0.037,0.031,5.381,5.801,0.9881,0.00939,270.07,53.80,0.5697844799999999,0.7236262896,2.28,2.108189e-08,1.450255e-08,1.954975e-08,1.25791e-08,138.52,113.41,13088.51,10715.30,70.82,56.51
3.95412,4,0.2765,0.037,0.031,5.381,5.801,0.9881,0.00939,270.07,53.80,0.56978352,0.7236250704,2.28,2.103278e-08,1.447078e-08,1.951273e-08,1.255754e-08,138.59,113.46,13094.35,10720.72,70.85,56.54
3.95438,4,0.2765,0.037,0.031,5.381,5.801,0.9881,0.00939,270.07,53.80,0.56978248,0.7236237496,2.28,2.09863e-08,1.441007e-08,1.948175e-08,1.252841e-08,137.71,113.23,13011.20,10698.69,70.35,56.41
3.95463,4,0.2766,0.037,0.031,5.381,5.801,0.9881,0.00939,270.07,53.80,0.56978148,0.7236224795999999,2.28,2.09677e-08,1.439942e-08,1.94474e-08,1.250415e-08,137.82,113.22,13022.03,10697.36,70.42,56.40
3.95487,4,0.2766,0.037,0.031,5.381,5.801,0.9881,0.00939,270.07,53.80,0.56978052,0.7236212604000001,2.28,2.095251e-08,1.430521e-08,1.942332e-08,1.244255e-08,135.29,112.05,12783.04,10587.45,68.97,55.73
3.95512,4,0.2766,0.037,0.031,5.381,5.801,0.9881,0.00939,270.07,53.80,0.56977952,0.7236199904,2.28,2.088491e-08,1.415176e-08,1.935644e-08,1.236105e-08,132.13,111.09,12484.68,10496.12,67.18,55.18
3.95538,4,0.2767,0.037,0.031,5.381,5.801,0.9881,0.00939,270.07,53.80,0.56977848,0.7236186696,2.28,2.087368e-08,1.414956e-08,1.931797e-08,1.230231e-08,132.34,110.28,12504.02,10419.82,67.29,54.72
3.95562,4,0.2767,0.037,0.031,5.381,5.801,0.9881,0.00939,270.07,53.80,0.5697775199999999,0.7236174503999999,2.28,2.086241e-08,1.41062e-08,1.927041e-08,1.22698e-08,131.31,110.23,12406.49,10414.63,66.70,54.69
3.95587,4,0.2767,0.037,0.031,5.381,5.801,0.9881,0.00939,270.07,53.80,0.56977652,0.7236161804,2.28,2.083537e-08,1.408109e-08,1.921768e-08,1.223781e-08,131.11,110.26,12387.95,10418.34,66.59,54.71
3.95613,4,0.2768,0.037,0.031,5.381,5.801,0.9881,0.00939,270.07,53.80,0.56977548,0.7236148596,2.28,2.080847e-08,1.408985e-08,1.9172e-08,1.216854e-08,131.94,109.31,12465.95,10328.21,67.06,54.17
3.95637,4,0.2768,0.037,0.031,5.381,5.801,0.9881,0.00939,270.07,53.80,0.56977452,0.7236136404,2.28,2.076582e-08,1.40647e-08,1.91099e-08,1.210589e-08,132.04,108.74,12476.20,10274.23,67.12,53.84
3.95662,4,0.2768,0.037,0.031,5.381,5.801,0.9881,0.00939,270.07,53.80,0.5697735199999999,0.7236123703999999,2.28,2.074155e-08,1.394746e-08,1.905041e-08,1.204632e-08,129.15,108.20,12202.90,10223.55,65.48,53.54
3.95688,4,0.2768,0.037,0.031,5.381,5.801,0.9881,0.00939,270.07,53.80,0.5697724799999999,0.7236110495999999,2.28,2.069044e-08,1.386188e-08,1.901605e-08,1.201415e-08,127.71,107.95,12066.80,10199.44,64.65,53.39
3.95713,4,0.2769,0.037,0.031,5.380,5.801,0.9881,0.00939,270.07,53.80,0.56977148,0.7236097796000001,2.28,2.066325e-08,1.38921e-08,1.896518e-08,1.198904e-08,129.12,108.16,12200.04,10219.40,65.46,53.51
3.95737,4,0.2769,0.037,0.031,5.380,5.801,0.9881,0.00939,270.07,53.80,0.56977052,0.7236085604,2.28,2.062073e-08,1.388792e-08,1.889756e-08,1.195861e-08,129.82,108.46,12265.83,10248.09,65.85,53.69
3.95763,4,0.2769,0.037,0.031,5.380,5.801,0.9881,0.00939,270.07,53.80,0.5697694799999999,0.7236072396,2.28,2.06046e-08,1.37815e-08,1.883581e-08,1.189582e-08,127.12,107.88,12010.77,10192.75,64.32,53.35
3.95788,4,0.2770,0.037,0.031,5.380,5.801,0.9881,0.00939,270.07,53.80,0.5697684799999999,0.7236059695999999,2.28,2.05514e-08,1.371599e-08,1.876368e-08,1.183074e-08,126.33,107.43,11936.45,10150.96,63.87,53.10
3.95812,4,0.2770,0.037,0.031,5.380,5.801,0.9881,0.00939,270.07,53.80,0.56976752,0.7236047503999999,2.28,2.053123e-08,1.366799e-08,1.87229e-08,1.175525e-08,125.38,106.22,11846.45,10035.95,63.32,52.41
3.95838,4,0.2770,0.037,0.031,5.380,5.801,0.9881,0.00939,270.07,53.80,0.56976648,0.7236034296,2.28,2.048912e-08,1.364151e-08,1.867709e-08,1.170717e-08,125.42,105.75,11850.49,9991.64,63.35,52.14
3.95863,4,0.2771,0.037,0.031,5.380,5.801,0.9881,0.00939,270.07,53.80,0.5697654799999999,0.7236021596,2.28,2.048251e-08,1.364904e-08,1.861813e-08,1.168284e-08,125.80,106.09,11885.85,10024.28,63.56,52.34
3.95887,4,0.2771,0.037,0.031,5.380,5.801,0.9881,0.00939,270.07,53.80,0.56976452,0.7236009404,2.28,2.042944e-08,1.367906e-08,1.85767e-08,1.165418e-08,127.62,106.03,12058.62,10018.14,64.60,52.30
3.95912,4,0.2771,0.037,0.031,5.380,5.801,0.9881,0.00939,270.07,53.80,0.56976352,0.7235996704,2.28,2.041973e-08,1.36497e-08,1.851593e-08,1.161568e-08,126.98,106.02,11997.81,10017.27,64.24,52.29
3.95938,4,0.2772,0.037,0.031,5.380,5.801,0.9881,0.00939,270.07,53.80,0.56976248,0.7235983495999999,2.28,2.037412e-08,1.359641e-08,1.847882e-08,1.157818e-08,126.39,105.71,11941.74,9987.97,63.90,52.12
3.95962,4,0.2772,0.037,0.031,5.380,5.801,0.9881,0.00939,270.07,53.80,0.5697615199999999,0.7235971303999998,2.28,2.03485e-08,1.357089e-08,1.842106e-08,1.153724e-08,126.15,105.59,11919.50,9976.97,63.76,52.05
3.95987,4,0.2772,0.037,0.031,5.380,5.801,0.9881,0.00939,270.07,53.80,0.56976052,0.7235958604,2.28,2.032683e-08,1.355044e-08,1.836536e-08,1.150847e-08,125.98,105.74,11903.68,9991.18,63.67,52.14
3.96013,4,0.2772,0.037,0.031,5.380,5.801,0.9881,0.00939,270.07,53.80,0.56975948,0.7235945396,2.28,2.031878e-08,1.359703e-08,1.832147e-08,1.149477e-08,127.45,106.08,12041.70,10023.41,64.50,52.33
3.96037,4,0.2773,0.037,0.031,5.380,5.801,0.9881,0.00939,270.07,53.80,0.5697585199999999,0.7235933203999999,2.28,2.030347e-08,1.36035e-08,1.828656e-08,1.146205e-08,127.97,105.85,12090.96,10001.70,64.80,52.20
3.96062,4,0.2773,0.037,0.031,5.380,5.801,0.9881,0.00939,270.07,53.80,0.5697575199999999,0.7235920503999999,2.28,2.025902e-08,1.359355e-08,1.822646e-08,1.140266e-08,128.54,105.32,12144.65,9950.91,65.12,51.89
3.96088,4,0.2773,0.037,0.031,5.380,5.801,0.9881,0.00939,270.07,53.80,0.56975648,0.7235907296,2.28,2.021858e-08,1.35085e-08,1.818842e-08,1.134428e-08,126.88,104.47,11988.43,9870.54,64.18,51.41
3.96113,4,0.2774,0.037,0.031,5.380,5.801,0.9881,0.00939,270.07,53.80,0.56975548,0.7235894596,2.28,2.019209e-08,1.349153e-08,1.812958e-08,1.132551e-08,126.95,104.95,11994.70,9915.81,64.22,51.68
3.96137,4,0.2774,0.037,0.031,5.380,5.801,0.9881,0.00939,270.07,53.80,0.5697545199999999,0.7235882403999999,2.28,2.014425e-08,1.34922e-08,1.808609e-08,1.131001e-08,127.88,105.24,12082.77,9943.15,64.75,51.85
3.96163,4,0.2774,0.037,0.031,5.380,5.801,0.9881,0.00939,270.07,53.80,0.5697534799999999,0.7235869195999999,2.28,2.012819e-08,1.353075e-08,1.804869e-08,1.132424e-08,129.31,106.18,12217.60,10032.10,65.56,52.38
3.96188,4,0.2775,0.037,0.031,5.380,5.801,0.9881,0.00939,270.07,53.80,0.56975248,0.7235856496,2.28,2.010337e-08,1.355426e-08,1.801631e-08,1.131804e-08,130.53,106.57,12333.59,10069.42,66.26,52.61
3.96212,4,0.2775,0.037,0.031,5.380,5.801,0.9881,0.00939,270.07,53.80,0.56975152,0.7235844304,2.28,2.006788e-08,1.349405e-08,1.798558e-08,1.126967e-08,129.47,105.84,12232.63,10000.05,65.65,52.19
3.96238,4,0.2775,0.037,0.031,5.380,5.801,0.9881,0.00939,270.07,53.80,0.56975048,0.7235831095999999,2.28,2.003164e-08,1.344652e-08,1.794673e-08,1.122149e-08,128.79,105.24,12168.64,9943.49,65.27,51.85
3.96263,4,0.2776,0.036,0.031,5.379,5.801,0.9881,0.00939,270.07,53.80,0.5697494799999999,0.7235818395999999,2.28,2.002277e-08,1.34461e-08,1.79214e-08,1.11831e-08,129.00,104.71,12188.09,9893.67,65.38,51.55
3.96287,4,0.2776,0.036,0.031,5.379,5.801,0.9881,0.00939,270.07,53.80,0.56974852,0.7235806204,2.28,1.999188e-08,1.344218e-08,1.791309e-08,1.115395e-08,129.49,104.12,12234.71,9837.45,65.66,51.21
3.96312,4,0.2776,0.036,0.031,5.379,5.801,0.9881,0.00939,270.07,53.80,0.56974752,0.7235793504,2.28,1.998889e-08,1.353815e-08,1.790835e-08,1.116434e-08,132.41,104.45,12511.09,9868.71,67.33,51.40
3.96338,4,0.2776,0.036,0.031,5.379,5.801,0.9881,0.00939,270.07,53.80,0.5697464799999999,0.7235780296,2.28,1.994785e-08,1.349536e-08,1.785795e-08,1.11518e-08,131.96,104.92,12468.17,9913.28,67.07,51.67
3.96362,4,0.2777,0.036,0.031,5.379,5.801,0.9881,0.00939,270.07,53.80,0.56974552,0.7235768104,2.28,1.993547e-08,1.344638e-08,1.78572e-08,1.113448e-08,130.79,104.54,12357.30,9877.04,66.40,51.45
3.96387,4,0.2777,0.036,0.031,5.379,5.801,0.9881,0.00939,270.07,53.80,0.56974452,0.7235755403999999,2.28,1.992465e-08,1.339952e-08,1.784382e-08,1.112231e-08,129.61,104.44,12246.22,9868.02,65.73,51.39
3.96413,4,0.2777,0.036,0.031,5.379,5.802,0.9881,0.00939,270.07,53.80,0.56974348,0.7235742196,2.28,1.989314e-08,1.336882e-08,1.784471e-08,1.11296e-08,129.33,104.61,12219.68,9883.90,65.57,51.49
3.96437,4,0.2778,0.036,0.031,5.379,5.802,0.9881,0.00939,270.07,53.80,0.5697425199999999,0.7235730003999999,2.28,1.98599e-08,1.334331e-08,1.783708e-08,1.115266e-08,129.28,105.34,12215.22,9953.43,65.54,51.91
3.96462,4,0.2778,0.036,0.031,5.379,5.802,0.9881,0.00939,270.07,53.80,0.56974152,0.7235717304,2.28,1.984689e-08,1.340215e-08,1.783737e-08,1.117151e-08,131.30,105.82,12405.87,9998.02,66.69,52.17
3.96488,4,0.2778,0.036,0.031,5.379,5.802,0.9881,0.00939,270.07,53.80,0.56974048,0.7235704096,2.28,1.981603e-08,1.338312e-08,1.783413e-08,1.116671e-08,131.35,105.75,12411.04,9991.38,66.73,52.13
3.96513,4,0.2779,0.036,0.031,5.379,5.802,0.9881,0.00939,270.07,53.80,0.56973948,0.7235691395999999,2.28,1.978077e-08,1.328013e-08,1.78234e-08,1.112751e-08,129.03,104.96,12191.60,9917.55,65.40,51.69
3.96537,4,0.2779,0.036,0.031,5.379,5.802,0.9881,0.00939,270.07,53.80,0.5697385199999999,0.7235679204,2.28,1.975495e-08,1.322467e-08,1.781745e-08,1.109564e-08,127.91,104.26,12085.58,9851.01,64.76,51.29
3.96563,4,0.2779,0.036,0.031,5.379,5.802,0.9881,0.00939,270.07,53.80,0.5697374799999999,0.7235665995999999,2.28,1.974608e-08,1.319221e-08,1.782576e-08,1.107168e-08,127.14,103.54,12012.52,9782.77,64.32,50.88
3.96588,4,0.2780,0.036,0.031,5.379,5.802,0.9881,0.00940,270.07,53.80,0.56973648,0.7235653296,2.28,1.972584e-08,1.324733e-08,1.78145e-08,1.109818e-08,129.20,104.41,12207.42,9864.87,65.50,51.37
3.96612,4,0.2780,0.036,0.031,5.379,5.802,0.9881,0.00940,270.07,53.80,0.5697355199999999,0.7235641103999999,2.28,1.97145e-08,1.323487e-08,1.783859e-08,1.111817e-08,129.06,104.53,12193.83,9876.60,65.41,51.44
3.96638,4,0.2780,0.036,0.031,5.379,5.802,0.9881,0.00940,270.07,53.80,0.5697344799999999,0.7235627896,2.28,1.967488e-08,1.323384e-08,1.782594e-08,1.112717e-08,129.82,104.95,12265.93,9916.55,65.85,51.68
3.96663,4,0.2781,0.036,0.031,5.379,5.802,0.9881,0.00940,270.07,53.80,0.56973348,0.7235615196,2.28,1.966333e-08,1.318219e-08,1.784659e-08,1.111455e-08,128.56,104.35,12146.83,9859.89,65.13,51.34
3.96687,4,0.2781,0.036,0.031,5.379,5.802,0.9881,0.00940,270.07,53.80,0.56973252,0.7235603004,2.28,1.963534e-08,1.314192e-08,1.787345e-08,1.109955e-08,127.92,103.57,12086.83,9785.74,64.77,50.89
3.96712,4,0.2781,0.036,0.031,5.379,5.802,0.9881,0.00940,270.07,53.80,0.5697315199999999,0.7235590303999999,2.28,1.960926e-08,1.304753e-08,1.787602e-08,1.110247e-08,125.68,103.60,11875.09,9788.82,63.49,50.91
3.96738,4,0.2781,0.036,0.031,5.379,5.802,0.9881,0.00940,270.07,53.80,0.5697304799999999,0.7235577095999999,2.28,1.960989e-08,1.308689e-08,1.789512e-08,1.11316e-08,126.81,104.03,11981.63,9829.05,64.13,51.15
3.96762,4,0.2782,0.036,0.031,5.379,5.802,0.9881,0.00940,270.07,53.80,0.56972952,0.7235564904,2.28,1.957939e-08,1.309089e-08,1.790619e-08,1.115151e-08,127.57,104.39,12053.35,9863.07,64.57,51.36
3.96787,4,0.2782,0.036,0.031,5.379,5.802,0.9881,0.00940,270.07,53.80,0.56972852,0.7235552204,2.28,1.962199e-08,1.318674e-08,1.791686e-08,1.115118e-08,129.57,104.21,12242.08,9846.74,65.70,51.26
3.96813,4,0.2782,0.036,0.031,5.379,5.802,0.9881,0.00940,270.07,53.80,0.56972748,0.7235538995999999,2.28,1.961735e-08,1.319265e-08,1.793279e-08,1.114051e-08,129.84,103.71,12267.67,9798.79,65.86,50.97
3.96837,4,0.2783,0.036,0.031,5.378,5.802,0.9881,0.00940,270.07,53.80,0.5697265199999999,0.7235526803999999,2.28,1.959229e-08,1.303436e-08,1.794944e-08,1.112518e-08,125.72,103.12,11878.51,9742.95,63.51,50.64
3.96862,4,0.2783,0.036,0.030,5.378,5.802,0.9881,0.00940,270.07,53.80,0.56972552,0.7235514104,2.28,1.957766e-08,1.300901e-08,1.795344e-08,1.113053e-08,125.27,103.19,11836.25,9749.72,63.26,50.68
3.96888,4,0.2783,0.036,0.030,5.378,5.802,0.9881,0.00940,270.07,53.80,0.56972448,0.7235500896,2.28,1.955921e-08,1.302466e-08,1.796946e-08,1.114454e-08,126.08,103.29,11912.33,9759.12,63.72,50.73
3.96913,4,0.2784,0.036,0.030,5.378,5.802,0.9881,0.00940,270.07,53.80,0.56972348,0.7235488196,2.28,1.952691e-08,1.297571e-08,1.796658e-08,1.115538e-08,125.33,103.63,11841.65,9791.80,63.29,50.93
3.96937,4,0.2784,0.036,0.030,5.378,5.802,0.9881,0.00940,270.07,53.80,0.56972252,0.7235476004,2.28,1.952767e-08,1.296805e-08,1.798004e-08,1.116806e-08,125.09,103.74,11819.47,9801.81,63.16,50.99
3.96963,4,0.2784,0.036,0.030,5.378,5.802,0.9881,0.00940,270.07,53.80,0.56972148,0.7235462796000001,2.28,1.953291e-08,1.297603e-08,1.800448e-08,1.117287e-08,125.22,103.49,11831.69,9777.86,63.23,50.85
3.96988,4,0.2785,0.036,0.030,5.378,5.802,0.9881,0.00940,270.07,53.80,0.56972048,0.7235450096,2.28,1.953353e-08,1.298609e-08,1.803956e-08,1.117708e-08,125.55,103.10,11862.19,9741.04,63.41,50.62
3.97012,4,0.2785,0.036,0.030,5.378,5.802,0.9881,0.00940,270.07,53.80,0.5697195199999999,0.7235437903999999,2.28,1.951962e-08,1.297637e-08,1.804579e-08,1.117567e-08,125.53,102.97,11860.90,9728.98,63.41,50.55
3.97038,4,0.2785,0.036,0.030,5.378,5.802,0.9881,0.00940,270.07,53.80,0.5697184799999999,0.7235424695999999,2.28,1.952706e-08,1.296016e-08,1.807103e-08,1.118265e-08,124.92,102.76,11803.42,9709.25,63.06,50.43
3.97063,4,0.2785,0.036,0.030,5.378,5.802,0.9881,0.00940,270.07,53.80,0.56971748,0.7235411996,2.28,1.953196e-08,1.29828e-08,1.806675e-08,1.1191e-08,125.48,103.03,11856.07,9734.35,63.38,50.58
3.97087,4,0.2786,0.036,0.030,5.378,5.802,0.9881,0.00940,270.07,53.80,0.56971652,0.7235399803999999,2.28,1.954041e-08,1.290718e-08,1.807081e-08,1.117469e-08,123.21,102.61,11641.80,9694.93,62.08,50.35
3.97112,4,0.2786,0.036,0.030,5.378,5.802,0.9881,0.00940,270.07,53.80,0.5697155199999999,0.7235387104,2.28,1.952815e-08,1.288855e-08,1.808485e-08,1.115235e-08,122.92,101.87,11613.84,9624.77,61.92,49.92
3.97138,4,0.2786,0.036,0.030,5.378,5.802,0.9881,0.00940,270.07,53.80,0.5697144799999999,0.7235373895999999,2.28,1.953704e-08,1.281715e-08,1.809526e-08,1.111694e-08,120.78,100.88,11411.51,9531.21,60.70,49.36
3.97162,4,0.2787,0.036,0.030,5.378,5.802,0.9881,0.00940,270.07,53.80,0.56971352,0.7235361704,2.28,1.951288e-08,1.269362e-08,1.80979e-08,1.108592e-08,117.91,100.15,11140.84,9462.39,59.06,48.94
3.97187,4,0.2787,0.036,0.030,5.378,5.802,0.9881,0.00940,270.07,53.80,0.56971252,0.7235349003999999,2.28,1.952348e-08,1.268957e-08,1.809666e-08,1.10942e-08,117.62,100.36,11113.41,9482.33,58.90,49.06
3.97213,4,0.2787,0.036,0.030,5.378,5.802,0.9881,0.00940,270.07,53.80,0.5697114799999999,0.7235335796,2.28,1.952229e-08,1.264055e-08,1.810798e-08,1.108194e-08,116.35,99.91,10993.54,9440.06,58.18,48.81
3.97237,4,0.2788,0.036,0.030,5.378,5.802,0.9881,0.00940,270.07,53.80,0.56971052,0.7235323604,2.28,1.956123e-08,1.280721e-08,1.811383e-08,1.108625e-08,120.16,99.96,11353.18,9445.05,60.34,48.84
3.97262,4,0.2788,0.036,0.030,5.378,5.802,0.9881,0.00940,270.07,53.80,0.56970952,0.7235310904,2.28,1.954072e-08,1.275069e-08,1.81073e-08,1.10563e-08,118.99,99.36,11243.14,9388.25,59.68,48.50
3.97288,4,0.2788,0.036,0.030,5.378,5.802,0.9881,0.00940,270.07,53.80,0.56970848,0.7235297695999999,2.28,1.953032e-08,1.261884e-08,1.81081e-08,1.100911e-08,115.69,98.27,10931.35,9284.98,57.80,47.87
3.97313,4,0.2789,0.036,0.030,5.378,5.802,0.9881,0.00940,270.07,53.80,0.5697074799999999,0.7235284995999999,2.28,1.953706e-08,1.254709e-08,1.810523e-08,1.096221e-08,113.79,97.28,10751.00,9191.73,56.71,47.31
3.97337,4,0.2789,0.036,0.030,5.378,5.802,0.9881,0.00940,270.07,53.80,0.56970652,0.7235272804,2.28,1.953436e-08,1.234648e-08,1.809775e-08,1.093694e-08,108.88,96.82,10287.82,9147.76,53.92,47.05
3.97363,4,0.2789,0.036,0.030,5.378,5.802,0.9881,0.00940,270.07,53.80,0.56970548,0.7235259596,2.28,1.95064e-08,1.229651e-08,1.809218e-08,1.090055e-08,108.11,96.08,10214.91,9078.25,53.48,46.63
3.97388,4,0.2789,0.036,0.030,5.378,5.802,0.9881,0.00940,270.07,53.80,0.56970448,0.7235246895999999,2.28,1.950466e-08,1.222246e-08,1.80722e-08,1.086586e-08,106.39,95.58,10052.57,9030.89,52.50,46.34
3.97412,4,0.2790,0.036,0.030,5.377,5.802,0.9881,0.00940,270.07,53.80,0.5697035199999999,0.7235234703999999,2.28,1.952042e-08,1.229941e-08,1.808326e-08,1.083216e-08,108.01,94.73,10205.24,8950.52,53.42,45.86
3.97438,4,0.2790,0.036,0.030,5.377,5.802,0.9881,0.00940,270.07,53.80,0.56970248,0.7235221496,2.28,1.951067e-08,1.220946e-08,1.806718e-08,1.080573e-08,106.04,94.36,10019.33,8915.95,52.30,45.65
3.97463,4,0.2790,0.036,0.030,5.377,5.802,0.9881,0.00940,270.07,53.80,0.56970148,0.7235208796,2.28,1.948838e-08,1.199697e-08,1.804884e-08,1.077296e-08,101.55,93.89,9595.00,8871.28,49.74,45.38
3.97487,4,0.2791,0.036,0.030,5.377,5.802,0.9881,0.00940,270.07,53.80,0.5697005199999999,0.7235196603999999,2.28,1.946649e-08,1.19453e-08,1.806183e-08,1.074374e-08,100.75,93.13,9519.26,8799.34,49.28,44.94
3.97512,4,0.2791,0.036,0.030,5.377,5.802,0.9881,0.00940,270.07,53.80,0.5696995199999999,0.7235183903999999,2.28,1.947195e-08,1.18983e-08,1.804537e-08,1.071303e-08,99.66,92.68,9416.12,8757.14,48.66,44.69
3.97538,4,0.2791,0.036,0.030,5.377,5.802,0.9881,0.00940,270.07,53.80,0.56969848,0.7235170696000001,2.28,1.943965e-08,1.183067e-08,1.805867e-08,1.068899e-08,98.63,92.01,9319.13,8693.22,48.08,44.30
3.97562,4,0.2792,0.036,0.030,5.377,5.802,0.9881,0.00940,270.07,53.80,0.56969752,0.7235158504,2.28,1.94401e-08,1.175976e-08,1.805395e-08,1.065465e-08,97.16,91.38,9180.49,8633.69,47.24,43.94
3.97587,4,0.2792,0.036,0.030,5.377,5.802,0.9881,0.00940,270.07,53.80,0.5696965199999999,0.7235145803999999,2.28,1.943389e-08,1.169128e-08,1.803911e-08,1.062179e-08,95.82,90.87,9053.63,8586.16,46.48,43.66
3.97613,4,0.2792,0.036,0.030,5.377,5.802,0.9881,0.00940,270.07,53.80,0.5696954799999999,0.7235132595999999,2.28,1.941504e-08,1.162907e-08,1.805422e-08,1.059595e-08,94.78,90.15,8955.30,8518.24,45.88,43.25
3.97637,4,0.2793,0.036,0.030,5.377,5.802,0.9881,0.00940,270.07,53.80,0.56969452,0.7235120404,2.28,1.940004e-08,1.15623e-08,1.804971e-08,1.054709e-08,93.65,89.24,8848.24,8431.86,45.24,42.73
3.97662,4,0.2793,0.036,0.030,5.377,5.802,0.9881,0.00940,270.07,53.80,0.56969352,0.7235107704,2.28,1.938432e-08,1.149961e-08,1.804431e-08,1.050843e-08,92.58,88.52,8747.84,8363.87,44.63,42.32
3.97688,4,0.2793,0.036,0.030,5.377,5.802,0.9881,0.00940,270.07,53.80,0.56969248,0.7235094496,2.28,1.936291e-08,1.144663e-08,1.804491e-08,1.049113e-08,91.79,88.17,8672.82,8330.32,44.18,42.12
3.97713,4,0.2793,0.036,0.030,5.377,5.802,0.9881,0.00940,270.08,53.80,0.5696914799999999,0.7235081795999999,2.28,1.934912e-08,1.140635e-08,1.805248e-08,1.047126e-08,91.16,87.68,8613.47,8284.45,43.82,41.84
3.97737,4,0.2794,0.036,0.030,5.377,5.802,0.9881,0.00940,270.08,53.80,0.56969052,0.7235069604,2.28,1.933597e-08,1.136145e-08,1.806111e-08,1.045741e-08,90.47,87.34,8548.47,8251.98,43.43,41.64
3.97763,4,0.2794,0.036,0.030,5.377,5.802,0.9881,0.00940,270.08,53.80,0.56968948,0.7235056396,2.28,1.930219e-08,1.131268e-08,1.806457e-08,1.044335e-08,89.92,87.02,8495.80,8221.94,43.11,41.46
3.97788,4,0.2794,0.036,0.030,5.377,5.802,0.9881,0.00940,270.08,53.80,0.5696884799999999,0.7235043696,2.28,1.928399e-08,1.126581e-08,1.808493e-08,1.043426e-08,89.22,86.61,8430.35,8183.16,42.72,41.23
3.97812,4,0.2795,0.036,0.030,5.377,5.802,0.9881,0.00940,270.08,53.80,0.56968752,0.7235031504,2.28,1.925662e-08,1.123486e-08,1.808565e-08,1.04306e-08,88.97,86.56,8406.45,8178.54,42.57,41.20
3.97838,4,0.2795,0.036,0.030,5.377,5.802,0.9881,0.00940,270.08,53.80,0.56968648,0.7235018296,2.28,1.924717e-08,1.120305e-08,1.813452e-08,1.042908e-08,88.47,85.98,8359.34,8123.87,42.29,40.87
3.97863,4,0.2795,0.036,0.030,5.377,5.802,0.9881,0.00940,270.08,53.80,0.56968548,0.7235005595999999,2.28,1.924236e-08,1.117715e-08,1.81453e-08,1.04273e-08,88.04,85.83,8318.21,8109.27,42.04,40.78
3.97887,4,0.2796,0.036,0.030,5.376,5.802,0.9881,0.00940,270.08,53.80,0.5696845199999999,0.7234993403999999,2.28,1.92317e-08,1.115813e-08,1.818775e-08,1.044035e-08,87.83,85.64,8298.42,8091.50,41.92,40.67
3.97912,4,0.2796,0.036,0.030,5.376,5.802,0.9881,0.00940,270.08,53.80,0.56968352,0.7234980704,2.28,1.923692e-08,1.114495e-08,1.821831e-08,1.045922e-08,87.52,85.66,8269.77,8093.91,41.75,40.69
3.97938,4,0.2796,0.036,0.030,5.376,5.802,0.9881,0.00940,270.08,53.80,0.56968248,0.7234967496,2.28,1.920177e-08,1.113756e-08,1.825407e-08,1.047005e-08,87.77,85.48,8292.74,8076.34,41.89,40.58
3.97962,4,0.2797,0.036,0.030,5.376,5.802,0.9881,0.00940,270.08,53.80,0.5696815199999999,0.7234955303999999,2.28,1.921675e-08,1.130234e-08,1.830418e-08,1.048798e-08,90.78,85.30,8577.78,8059.74,43.61,40.48
3.97987,4,0.2797,0.036,0.030,5.376,5.802,0.9881,0.00940,270.08,53.80,0.5696805199999999,0.7234942603999999,2.28,1.920273e-08,1.131053e-08,1.834308e-08,1.052267e-08,91.11,85.54,8608.15,8082.05,43.79,40.62
3.98013,4,0.2797,0.036,0.030,5.376,5.802,0.9881,0.00940,270.08,53.80,0.56967948,0.7234929396,2.28,1.918413e-08,1.118453e-08,1.8384e-08,1.054106e-08,88.88,85.44,8397.97,8072.92,42.52,40.56
3.98037,4,0.2797,0.036,0.030,5.376,5.802,0.9881,0.00940,270.08,53.80,0.56967852,0.7234917204,2.28,1.919415e-08,1.127719e-08,1.840556e-08,1.056787e-08,90.55,85.72,8555.94,8098.87,43.47,40.72
3.98062,4,0.2798,0.036,0.030,5.376,5.802,0.9881,0.00940,270.08,53.80,0.5696775199999999,0.7234904503999999,2.28,1.919224e-08,1.122599e-08,1.84616e-08,1.060202e-08,89.62,85.78,8467.42,8105.31,42.94,40.76
3.98088,4,0.2798,0.036,0.030,5.376,5.802,0.9881,0.00940,270.08,53.80,0.5696764799999999,0.7234891295999999,2.28,1.91882e-08,1.129933e-08,1.851167e-08,1.06308e-08,91.09,85.78,8606.33,8105.36,43.78,40.76
3.98113,4,0.2798,0.036,0.030,5.376,5.802,0.9881,0.00940,270.08,53.80,0.56967548,0.7234878596000001,2.28,1.919685e-08,1.132086e-08,1.855554e-08,1.066311e-08,91.41,85.92,8636.83,8118.08,43.96,40.83
3.98137,4,0.2799,0.036,0.030,5.376,5.802,0.9881,0.00940,270.08,53.80,0.56967452,0.7234866404,2.28,1.919163e-08,1.1219e-08,1.86172e-08,1.07e-08,89.52,85.98,8458.40,8123.58,42.89,40.87
3.98163,4,0.2799,0.036,0.030,5.376,5.802,0.9881,0.00940,270.08,53.80,0.56967348,0.7234853196,2.28,1.920034e-08,1.138554e-08,1.867183e-08,1.073724e-08,92.68,86.09,8757.32,8133.99,44.69,40.93
3.98188,4,0.2799,0.036,0.030,5.376,5.802,0.9881,0.00940,270.08,53.80,0.5696724799999999,0.7234840495999999,2.28,1.920669e-08,1.136381e-08,1.872189e-08,1.075482e-08,92.18,85.88,8709.31,8114.09,44.40,40.81
3.98212,4,0.2800,0.036,0.030,5.376,5.802,0.9881,0.00940,270.08,53.80,0.56967152,0.7234828303999999,2.28,1.919948e-08,1.123172e-08,1.876718e-08,1.078556e-08,89.71,86.00,8476.19,8125.35,42.99,40.88
3.98238,4,0.2800,0.036,0.030,5.376,5.802,0.9881,0.00940,270.08,53.80,0.56967048,0.7234815096,2.28,1.920368e-08,1.127854e-08,1.881628e-08,1.082145e-08,90.57,86.14,8557.30,8138.92,43.48,40.96
3.98263,4,0.2800,0.036,0.030,5.376,5.802,0.9881,0.00940,270.08,53.80,0.56966948,0.7234802396,2.28,1.922344e-08,1.125551e-08,1.888794e-08,1.088628e-08,89.90,86.58,8493.96,8180.69,43.10,41.21
3.98287,4,0.2801,0.036,0.030,5.376,5.802,0.9881,0.00940,270.08,53.80,0.56966852,0.7234790204,2.28,1.925196e-08,1.138712e-08,1.897128e-08,1.096322e-08,92.17,87.16,8709.03,8234.86,44.40,41.54
3.98312,4,0.2801,0.036,0.030,5.376,5.802,0.9881,0.00940,270.08,53.80,0.56966752,0.7234777504,2.28,1.925461e-08,1.141981e-08,1.903265e-08,1.105216e-08,92.79,88.17,8767.52,8330.35,44.75,42.11
3.98338,4,0.2801,0.036,0.030,5.376,5.802,0.9881,0.00940,270.08,53.80,0.56966648,0.7234764296,2.28,1.92862e-08,1.140828e-08,1.911908e-08,1.115147e-08,92.19,89.10,8710.72,8418.79,44.41,42.65
3.98362,4,0.2802,0.036,0.030,5.376,5.802,0.9881,0.00940,270.08,53.80,0.5696655199999999,0.7234752104,2.28,1.932591e-08,1.153882e-08,1.91725e-08,1.126117e-08,94.37,90.65,8916.34,8565.14,45.65,43.53
3.98387,4,0.2802,0.036,0.030,5.376,5.802,0.9881,0.00940,270.08,53.80,0.56966452,0.7234739404,2.28,1.93193e-08,1.154722e-08,1.925799e-08,1.135557e-08,94.62,91.51,8940.07,8646.68,45.79,44.02
3.98413,4,0.2802,0.036,0.030,5.376,5.802,0.9881,0.00940,270.08,53.80,0.56966348,0.7234726196,2.28,1.934403e-08,1.159723e-08,1.930875e-08,1.144408e-08,95.34,92.67,9008.09,8755.90,46.20,44.68
3.98438,4,0.2802,0.036,0.030,5.376,5.802,0.9881,0.00940,270.08,53.80,0.56966248,0.7234713495999999,2.28,1.937234e-08,1.168812e-08,1.936788e-08,1.154911e-08,96.87,94.07,9152.62,8888.14,47.07,45.48
3.98462,4,0.2803,0.036,0.030,5.375,5.802,0.9881,0.00940,270.08,53.80,0.5696615199999999,0.7234701303999999,2.28,1.939308e-08,1.175732e-08,1.943286e-08,1.163985e-08,98.10,95.16,9268.55,8990.79,47.77,46.09
3.98488,4,0.2803,0.036,0.030,5.375,5.802,0.9881,0.00940,270.08,53.80,0.5696604799999999,0.7234688095999999,2.28,1.941335e-08,1.189458e-08,1.949028e-08,1.174079e-08,100.78,96.52,9522.65,9119.68,49.30,46.87
3.98513,4,0.2803,0.036,0.030,5.375,5.802,0.9881,0.00940,270.08,53.80,0.56965948,0.7234675396,2.28,1.943711e-08,1.193392e-08,1.956669e-08,1.183861e-08,101.33,97.59,9573.99,9221.14,49.61,47.48
3.98537,4,0.2804,0.036,0.030,5.375,5.802,0.9881,0.00940,270.08,53.80,0.56965852,0.7234663203999999,2.28,1.945472e-08,1.201752e-08,1.961992e-08,1.194516e-08,102.98,99.19,9730.07,9372.12,50.55,48.39
3.98563,4,0.2804,0.036,0.030,5.375,5.802,0.9881,0.00940,270.08,53.80,0.5696574799999999,0.7234649995999999,2.28,1.946987e-08,1.210278e-08,1.967794e-08,1.20392e-08,104.70,100.44,9892.35,9490.44,51.53,49.11
3.98588,4,0.2804,0.036,0.030,5.375,5.802,0.9881,0.00940,270.08,53.80,0.5696564799999999,0.7234637295999999,2.28,1.949636e-08,1.218028e-08,1.973296e-08,1.214717e-08,106.10,102.05,10025.11,9642.39,52.33,50.02
3.98612,4,0.2805,0.036,0.030,5.375,5.802,0.9881,0.00940,270.08,53.80,0.56965552,0.7234625104,2.28,1.950465e-08,1.235042e-08,1.977438e-08,1.224165e-08,110.06,103.61,10398.82,9789.33,54.58,50.91
3.98637,4,0.2805,0.036,0.030,5.375,5.802,0.9881,0.00940,270.08,53.80,0.5696545199999999,0.7234612403999999,2.28,1.954329e-08,1.241197e-08,1.982935e-08,1.233545e-08,110.96,104.94,10484.22,9915.45,55.10,51.67
3.98663,4,0.2805,0.036,0.030,5.375,5.802,0.9881,0.00940,270.08,53.80,0.5696534799999999,0.7234599195999999,2.28,1.95458e-08,1.239083e-08,1.983743e-08,1.237791e-08,110.41,105.79,10431.77,9995.44,54.78,52.15
3.98687,4,0.2806,0.036,0.030,5.375,5.802,0.9881,0.00940,270.08,53.80,0.56965252,0.7234587004,2.28,1.95802e-08,1.250328e-08,1.986311e-08,1.24711e-08,112.68,107.60,10646.33,10166.29,56.07,53.18
3.98712,4,0.2806,0.036,0.030,5.375,5.802,0.9881,0.00940,270.08,53.80,0.56965152,0.7234574304,2.28,1.9569e-08,1.258318e-08,1.992256e-08,1.255804e-08,114.88,108.75,10854.08,10275.37,57.33,53.84
3.98738,4,0.2806,0.036,0.030,5.375,5.802,0.9881,0.00940,270.08,53.80,0.56965048,0.7234561096,2.28,1.965089e-08,1.3332e-08,1.997877e-08,1.266505e-08,134.56,110.44,12713.78,10434.91,68.54,54.80
3.98762,4,0.2807,0.036,0.030,5.375,5.802,0.9881,0.00940,270.08,53.80,0.5696495199999999,0.7234548903999999,2.28,1.966694e-08,1.336762e-08,2.00288e-08,1.273385e-08,135.39,111.37,12791.91,10522.34,69.01,55.33
3.98787,4,0.2807,0.036,0.030,5.375,5.802,0.9881,0.00940,270.08,53.80,0.56964852,0.7234536204,2.28,1.963265e-08,1.286534e-08,2.006466e-08,1.276524e-08,121.29,111.57,11459.88,10541.82,60.98,55.44
3.98813,4,0.2807,0.036,0.030,5.375,5.802,0.9881,0.00940,270.08,53.80,0.56964748,0.7234522996,2.28,1.965423e-08,1.303642e-08,2.010754e-08,1.281614e-08,125.68,112.14,11874.60,10595.49,63.48,55.77
3.98838,4,0.2807,0.036,0.030,5.375,5.802,0.9881,0.00940,270.08,53.80,0.56964648,0.7234510296,2.28,1.966325e-08,1.294722e-08,2.012603e-08,1.286616e-08,122.99,113.07,11620.87,10683.04,61.95,56.30
3.98862,4,0.2808,0.036,0.030,5.375,5.802,0.9881,0.00940,270.08,53.80,0.5696455199999999,0.7234498103999999,2.28,1.96689e-08,1.297381e-08,2.016213e-08,1.288551e-08,123.67,113.02,11685.32,10678.28,62.34,56.27
3.98888,4,0.2808,0.036,0.030,5.375,5.802,0.9881,0.00940,270.08,53.80,0.56964448,0.7234484896,2.28,1.97049e-08,1.298867e-08,2.022002e-08,1.291132e-08,123.43,112.74,11661.88,10652.71,62.20,56.11
3.98913,4,0.2808,0.036,0.030,5.375,5.802,0.9881,0.00940,270.08,53.80,0.56964348,0.7234472196,2.28,1.968012e-08,1.286872e-08,2.024808e-08,1.293355e-08,120.58,112.85,11392.75,10662.54,60.57,56.17
3.98937,4,0.2809,0.036,0.030,5.375,5.802,0.9881,0.00940,270.08,53.80,0.5696425199999999,0.7234460004,2.28,1.970592e-08,1.302575e-08,2.030367e-08,1.296345e-08,124.49,112.75,11762.49,10653.58,62.80,56.12
3.98963,4,0.2809,0.036,0.030,5.375,5.802,0.9881,0.00940,270.08,53.80,0.5696414799999999,0.7234446795999999,2.28,1.972307e-08,1.299308e-08,2.033147e-08,1.298177e-08,123.26,112.77,11646.14,10654.88,62.10,56.13
3.98988,4,0.2809,0.036,0.030,5.375,5.802,0.9881,0.00940,270.08,53.80,0.56964048,0.7234434096,2.28,1.968913e-08,1.277463e-08,2.035419e-08,1.296365e-08,117.95,111.99,11144.79,10581.21,59.08,55.68
3.99012,4,0.2810,0.036,0.030,5.374,5.802,0.9881,0.00940,270.08,53.80,0.56963952,0.7234421903999999,2.28,1.969035e-08,1.2768e-08,2.038639e-08,1.297659e-08,117.80,111.85,11130.33,10568.00,58.99,55.60
3.99037,4,0.2810,0.036,0.030,5.374,5.802,0.9881,0.00940,270.08,53.80,0.5696385199999999,0.7234409204,2.28,1.969887e-08,1.277097e-08,2.042055e-08,1.300118e-08,117.73,111.92,11124.00,10574.37,58.95,55.64
3.99063,4,0.2810,0.036,0.030,5.374,5.802,0.9881,0.00940,270.08,53.80,0.5696374799999999,0.7234395995999999,2.28,1.969558e-08,1.282107e-08,2.045488e-08,1.305527e-08,119.11,112.68,11254.37,10646.72,59.74,56.08
3.99087,4,0.2811,0.036,0.030,5.374,5.802,0.9881,0.00940,270.08,53.80,0.56963652,0.7234383804,2.28,1.970338e-08,1.296085e-08,2.049411e-08,1.308986e-08,122.81,112.95,11603.90,10672.03,61.85,56.23
3.99112,4,0.2811,0.036,0.030,5.374,5.802,0.9881,0.00940,270.08,53.80,0.56963552,0.7234371103999999,2.28,1.969102e-08,1.294416e-08,2.052626e-08,1.311843e-08,122.58,113.14,11581.52,10690.16,61.71,56.34
3.99138,4,0.2811,0.036,0.030,5.374,5.802,0.9881,0.00940,270.08,53.80,0.5696344799999999,0.7234357896,2.28,1.968946e-08,1.289717e-08,2.05566e-08,1.312824e-08,121.31,112.91,11462.29,10668.58,60.99,56.21
3.99162,4,0.2812,0.036,0.030,5.374,5.802,0.9881,0.00940,270.08,53.80,0.56963352,0.7234345704,2.28,1.968672e-08,1.305084e-08,2.060758e-08,1.314145e-08,125.70,112.49,11876.48,10629.07,63.49,55.97
3.99187,4,0.2812,0.036,0.030,5.374,5.802,0.9881,0.00940,270.08,53.80,0.56963252,0.7234333004,2.28,1.96624e-08,1.279648e-08,2.062448e-08,1.31366e-08,119.12,112.13,11254.84,10594.29,59.74,55.76
3.99213,4,0.2812,0.036,0.030,5.374,5.802,0.9881,0.00940,270.08,53.80,0.56963148,0.7234319795999999,2.28,1.970152e-08,1.32324e-08,2.068857e-08,1.321752e-08,130.73,113.07,12352.11,10683.56,66.36,56.30
3.99238,4,0.2812,0.036,0.030,5.374,5.802,0.9881,0.00940,270.08,53.80,0.5696304799999999,0.7234307095999999,2.28,1.969879e-08,1.339306e-08,2.073879e-08,1.326067e-08,135.75,113.33,12826.03,10708.30,69.21,56.45
3.99262,4,0.2813,0.036,0.030,5.374,5.802,0.9881,0.00940,270.08,53.80,0.56962952,0.7234294904,2.28,1.968659e-08,1.31148e-08,2.077212e-08,1.324688e-08,127.59,112.55,12055.36,10633.97,64.57,56.00
3.99288,4,0.2813,0.036,0.030,5.374,5.802,0.9881,0.00940,270.08,53.80,0.56962848,0.7234281696,2.28,1.969193e-08,1.317342e-08,2.079872e-08,1.327139e-08,129.21,112.72,12208.22,10650.69,65.49,56.10
3.99313,4,0.2813,0.036,0.030,5.374,5.802,0.9881,0.00940,270.08,53.80,0.56962748,0.7234268996,2.28,1.964197e-08,1.29699e-08,2.083973e-08,1.325748e-08,124.28,111.79,11742.97,10562.46,62.68,55.57
3.99337,4,0.2814,0.036,0.030,5.374,5.802,0.9881,0.00940,270.08,53.80,0.5696265199999999,0.7234256803999999,2.28,1.963493e-08,1.290593e-08,2.088541e-08,1.326274e-08,122.67,111.28,11590.31,10514.35,61.76,55.28
3.99363,4,0.2814,0.036,0.030,5.374,5.802,0.9881,0.00940,270.08,53.80,0.5696254799999999,0.7234243595999998,2.28,1.962967e-08,1.29179e-08,2.092825e-08,1.330235e-08,123.10,111.57,11630.85,10541.29,62.01,55.44
3.99388,4,0.2814,0.036,0.030,5.374,5.802,0.9881,0.00940,270.08,53.80,0.56962448,0.7234230896,2.28,1.963406e-08,1.287853e-08,2.096272e-08,1.334054e-08,121.93,111.94,11520.29,10576.71,61.34,55.65
3.99412,4,0.2815,0.036,0.030,5.374,5.802,0.9881,0.00940,270.08,53.80,0.5696235199999999,0.7234218703999999,2.28,1.963284e-08,1.287231e-08,2.102425e-08,1.33701e-08,121.82,111.76,11510.30,10559.62,61.28,55.55
3.99437,4,0.2815,0.036,0.030,5.374,5.802,0.9881,0.00940,270.08,53.80,0.5696225199999999,0.7234206003999999,2.28,1.962221e-08,1.285954e-08,2.108291e-08,1.339572e-08,121.66,111.49,11495.24,10534.38,61.19,55.40
3.99463,4,0.2815,0.036,0.030,5.374,5.802,0.9881,0.00940,270.08,53.80,0.56962148,0.7234192796000001,2.28,1.960107e-08,1.286655e-08,2.114798e-08,1.343818e-08,122.24,111.52,11549.58,10536.78,61.52,55.41
3.99487,4,0.2816,0.036,0.030,5.374,5.802,0.9881,0.00940,270.08,53.80,0.56962052,0.7234180604,2.28,1.96127e-08,1.28573e-08,2.119662e-08,1.345685e-08,121.82,111.28,11509.69,10514.30,61.28,55.28
3.99512,4,0.2816,0.036,0.030,5.374,5.802,0.9881,0.00940,270.08,53.80,0.5696195199999999,0.7234167904,2.28,1.960265e-08,1.289363e-08,2.127183e-08,1.3485e-08,123.00,110.84,11622.01,10472.62,61.95,55.02
3.99538,4,0.2816,0.036,0.030,5.374,5.802,0.9881,0.00940,270.08,53.80,0.5696184799999999,0.7234154695999999,2.28,1.9594e-08,1.290036e-08,2.13195e-08,1.351617e-08,123.35,110.86,11654.79,10474.63,62.15,55.04
3.99562,4,0.2817,0.036,0.030,5.373,5.802,0.9881,0.00940,270.08,53.80,0.56961752,0.7234142504,2.28,1.960372e-08,1.28509e-08,2.136577e-08,1.353846e-08,121.84,110.74,11512.44,10463.47,61.29,54.97
3.99587,4,0.2817,0.036,0.030,5.373,5.802,0.9881,0.00940,270.08,53.80,0.56961652,0.7234129803999999,2.28,1.961505e-08,1.284743e-08,2.14387e-08,1.356756e-08,121.54,110.36,11484.17,10427.57,61.12,54.75
3.99613,4,0.2817,0.036,0.030,5.373,5.802,0.9881,0.00940,270.08,53.80,0.56961548,0.7234116596,2.28,1.961259e-08,1.292132e-08,2.152072e-08,1.362336e-08,123.64,110.45,11682.01,10435.70,62.31,54.80
3.99638,4,0.2818,0.036,0.030,5.373,5.802,0.9881,0.00940,270.08,53.80,0.5696144799999999,0.7234103895999999,2.28,1.961341e-08,1.288041e-08,2.158888e-08,1.366432e-08,122.53,110.44,11576.96,10434.85,61.68,54.80
3.99662,4,0.2818,0.036,0.030,5.373,5.802,0.9881,0.00940,270.08,53.80,0.56961352,0.7234091704,2.28,1.960957e-08,1.289521e-08,2.164222e-08,1.36921e-08,123.01,110.31,11622.43,10422.45,61.96,54.72
3.99688,4,0.2818,0.036,0.030,5.373,5.802,0.9881,0.00940,270.08,53.80,0.56961248,0.7234078495999999,2.28,1.963454e-08,1.29239e-08,2.16964e-08,1.374581e-08,123.35,110.73,11654.75,10462.71,62.15,54.96
3.99713,4,0.2818,0.036,0.030,5.373,5.802,0.9881,0.00940,270.08,53.80,0.56961148,0.7234065796,2.28,1.964093e-08,1.298142e-08,2.177504e-08,1.376013e-08,124.85,109.96,11796.50,10389.56,63.00,54.52
3.99737,4,0.2819,0.036,0.030,5.373,5.802,0.9881,0.00940,270.08,53.80,0.56961052,0.7234053604,2.28,1.966874e-08,1.307153e-08,2.183243e-08,1.380908e-08,126.95,110.27,11994.81,10419.25,64.20,54.70
3.99763,4,0.2819,0.036,0.030,5.373,5.802,0.9881,0.00940,270.08,53.80,0.56960948,0.7234040396,2.28,1.969254e-08,1.303771e-08,2.188491e-08,1.382138e-08,125.52,109.82,11860.19,10376.56,63.39,54.44
3.99788,4,0.2819,0.036,0.030,5.373,5.802,0.9881,0.00940,270.08,53.80,0.56960848,0.7234027695999999,2.28,1.969677e-08,1.297114e-08,2.194142e-08,1.384302e-08,123.57,109.52,11675.42,10348.06,62.27,54.27
3.99812,4,0.2820,0.036,0.030,5.373,5.802,0.9881,0.00940,270.08,53.80,0.5696075199999999,0.7234015503999999,2.28,1.971981e-08,1.300646e-08,2.199684e-08,1.389503e-08,124.18,109.92,11732.79,10386.25,62.62,54.50
3.99837,4,0.2820,0.036,0.030,5.373,5.802,0.9881,0.00940,270.08,53.80,0.56960652,0.7234002804,2.28,1.973918e-08,1.298861e-08,2.207474e-08,1.39147e-08,123.32,109.29,11652.08,10326.73,62.13,54.14
3.99863,4,0.2820,0.036,0.030,5.373,5.802,0.9881,0.00940,270.08,53.80,0.56960548,0.7233989596,2.28,1.976387e-08,1.298629e-08,2.213442e-08,1.396354e-08,122.81,109.53,11603.57,10349.23,61.84,54.28
3.99887,4,0.2821,0.036,0.030,5.373,5.802,0.9881,0.00940,270.08,53.80,0.56960452,0.7233977403999999,2.28,1.97994e-08,1.302818e-08,2.221226e-08,1.402332e-08,123.36,109.80,11656.07,10374.29,62.16,54.43
3.99912,4,0.2821,0.036,0.030,5.373,5.802,0.9881,0.00940,270.08,53.80,0.5696035199999999,0.7233964703999999,2.28,1.981543e-08,1.307365e-08,2.227956e-08,1.406726e-08,124.34,109.83,11747.83,10377.20,62.71,54.45
3.99938,4,0.2821,0.036,0.030,5.373,5.802,0.9881,0.00940,270.08,53.80,0.5696024799999999,0.7233951495999998,2.28,1.983552e-08,1.309664e-08,2.233433e-08,1.409787e-08,124.61,109.75,11773.55,10369.27,62.86,54.40
3.99962,4,0.2822,0.036,0.030,5.373,5.802,0.9881,0.00940,270.08,53.80,0.56960152,0.7233939304,2.28,1.989248e-08,1.308989e-08,2.238528e-08,1.407237e-08,123.42,108.58,11661.41,10258.96,62.19,53.73
3.99987,4,0.2822,0.036,0.030,5.373,5.802,0.9881,0.00940,270.08,53.80,0.5696005199999999,0.7233926603999999,2.28,1.993765e-08,1.315017e-08,2.245894e-08,1.411627e-08,124.27,108.53,11741.19,10254.26,62.67,53.71
4.00012,4,0.2822,0.036,0.030,5.373,5.802,0.9881,0.00940,270.08,53.80,0.5695995199999999,0.7233913903999999,2.28,1.998084e-08,1.321729e-08,2.249464e-08,1.415693e-08,125.34,108.91,11842.87,10289.91,63.28,53.92
4.00038,4,0.2823,0.036,0.030,5.373,5.802,0.9881,0.00940,270.08,53.80,0.5695984799999999,0.7233900695999999,2.28,2.001355e-08,1.329199e-08,2.254713e-08,1.420093e-08,126.88,109.17,11988.45,10315.04,64.16,54.07
4.00063,4,0.2823,0.036,0.030,5.373,5.802,0.9881,0.00940,270.08,53.80,0.56959748,0.7233887996,2.28,2.006978e-08,1.325634e-08,2.263914e-08,1.421246e-08,124.84,108.22,11795.06,10224.82,62.99,53.53
4.00087,4,0.2823,0.036,0.030,5.373,5.802,0.9881,0.00940,270.08,53.80,0.5695965199999999,0.7233875804,2.28,2.010634e-08,1.328471e-08,2.266436e-08,1.425367e-08,124.95,108.74,11806.12,10273.97,63.06,53.82
4.00113,4,0.2823,0.035,0.030,5.373,5.802,0.9881,0.00940,270.08,53.80,0.5695954799999999,0.7233862595999999,2.28,2.013893e-08,1.334068e-08,2.27338e-08,1.431662e-08,125.91,109.13,11896.44,10311.22,63.60,54.05
4.00138,4,0.2824,0.035,0.030,5.372,5.802,0.9881,0.00940,270.08,53.80,0.5695944799999999,0.7233849895999999,2.28,2.018338e-08,1.340077e-08,2.276214e-08,1.436278e-08,126.81,109.75,11981.83,10370.09,64.12,54.40
4.00162,4,0.2824,0.035,0.030,5.372,5.802,0.9881,0.00940,270.08,53.80,0.56959352,0.7233837704,2.28,2.02187e-08,1.34437e-08,2.280595e-08,1.439347e-08,127.36,109.82,12033.71,10376.04,64.43,54.44
4.00188,4,0.2824,0.035,0.030,5.372,5.802,0.9881,0.00940,270.08,53.80,0.56959248,0.7233824496,2.28,2.025622e-08,1.348754e-08,2.284043e-08,1.44346e-08,127.90,110.22,12084.23,10413.92,64.74,54.67
4.00213,4,0.2825,0.035,0.030,5.372,5.802,0.9881,0.00940,270.08,53.80,0.5695914799999999,0.7233811795999999,2.28,2.030909e-08,1.348841e-08,2.29053e-08,1.445616e-08,126.97,109.86,11997.12,10379.69,64.21,54.46
4.00237,4,0.2825,0.035,0.030,5.372,5.802,0.9881,0.00941,270.08,53.80,0.56959052,0.7233799604,2.28,2.035161e-08,1.356275e-08,2.292748e-08,1.448225e-08,128.27,110.10,12119.78,10403.24,64.95,54.60
4.00263,4,0.2825,0.035,0.030,5.372,5.802,0.9881,0.00941,270.08,53.80,0.56958948,0.7233786396,2.28,2.041148e-08,1.372455e-08,2.301775e-08,1.455979e-08,131.78,110.53,12451.31,10443.19,66.95,54.84
4.00288,4,0.2826,0.035,0.030,5.372,5.802,0.9881,0.00941,270.08,53.80,0.56958848,0.7233773696,2.28,2.044246e-08,1.392922e-08,2.307654e-08,1.465776e-08,137.36,111.83,12978.58,10566.13,70.13,55.58
4.00312,4,0.2826,0.035,0.030,5.372,5.802,0.9881,0.00941,270.08,53.80,0.56958752,0.7233761504,2.28,2.050245e-08,1.417763e-08,2.314084e-08,1.476354e-08,143.98,113.19,13603.57,10695.08,73.89,56.36
4.00338,4,0.2826,0.035,0.030,5.372,5.802,0.9881,0.00941,270.08,53.80,0.56958648,0.7233748296,2.28,2.05279e-08,1.447285e-08,2.318502e-08,1.487146e-08,153.52,114.90,14505.54,10855.86,79.33,57.33
4.00363,4,0.2827,0.035,0.030,5.372,5.802,0.9881,0.00941,270.08,53.80,0.56958548,0.7233735595999999,2.28,2.058668e-08,1.478548e-08,2.324494e-08,1.49878e-08,163.76,116.63,15472.80,11019.44,85.16,58.32
4.00387,4,0.2827,0.035,0.030,5.372,5.802,0.9881,0.00941,270.08,53.80,0.5695845199999999,0.7233723403999999,2.28,2.064366e-08,1.503312e-08,2.331229e-08,1.508076e-08,172.16,117.71,16266.56,11122.28,89.95,58.94
4.00413,4,0.2827,0.035,0.030,5.372,5.802,0.9881,0.00941,270.08,53.80,0.5695834799999999,0.7233710195999999,2.28,2.069284e-08,1.531606e-08,2.336372e-08,1.518817e-08,183.03,119.36,17293.23,11278.20,96.14,59.88
4.00437,4,0.2828,0.035,0.030,5.372,5.802,0.9881,0.00941,270.08,53.80,0.56958252,0.7233698004,2.28,2.073866e-08,1.551448e-08,2.33761e-08,1.523538e-08,190.88,120.29,18035.32,11365.68,100.61,60.40
4.00462,4,0.2828,0.035,0.030,5.372,5.802,0.9881,0.00941,270.08,53.80,0.56958152,0.7233685303999999,2.28,2.075423e-08,1.574043e-08,2.335218e-08,1.531953e-08,201.79,122.58,19065.77,11582.21,106.82,61.71
4.00488,4,0.2828,0.035,0.030,5.372,5.802,0.9881,0.00941,270.08,53.80,0.56958048,0.7233672095999999,2.28,2.077687e-08,1.592206e-08,2.33677e-08,1.539128e-08,210.80,124.02,19917.36,11718.49,111.96,62.53
4.00512,4,0.2828,0.035,0.030,5.372,5.802,0.9881,0.00941,270.08,53.80,0.56957952,0.7233659904,2.28,2.084266e-08,1.614731e-08,2.339005e-08,1.546286e-08,221.04,125.38,20885.12,11846.10,117.79,63.30
4.00537,4,0.2829,0.035,0.030,5.372,5.802,0.9881,0.00941,270.08,53.80,0.56957852,0.7233647204,2.28,2.0859e-08,1.639481e-08,2.34172e-08,1.553217e-08,236.13,126.66,22311.15,11967.05,126.39,64.03
4.00563,4,0.2829,0.035,0.030,5.372,5.802,0.9881,0.00941,270.08,53.80,0.56957748,0.7233633996,2.28,2.090095e-08,1.660525e-08,2.342454e-08,1.557426e-08,248.55,127.56,23483.88,12052.60,133.45,64.54
4.00587,4,0.2829,0.035,0.030,5.372,5.802,0.9881,0.00941,270.08,53.80,0.5695765199999999,0.7233621803999999,2.28,2.094803e-08,1.688012e-08,2.344579e-08,1.564731e-08,266.81,129.01,25209.40,12189.56,143.86,65.37
4.00612,4,0.2830,0.035,0.030,5.371,5.802,0.9881,0.00941,270.08,53.80,0.56957552,0.7233609104000001,2.28,2.099948e-08,1.705675e-08,2.346466e-08,1.570813e-08,278.26,130.26,26291.24,12307.47,150.38,66.08
4.00638,4,0.2830,0.035,0.030,5.371,5.802,0.9881,0.00941,270.08,53.80,0.56957448,0.7233595896,2.28,2.10171e-08,1.727598e-08,2.347993e-08,1.577411e-08,297.02,131.67,28064.21,12440.50,161.06,66.88
4.00662,4,0.2830,0.035,0.030,5.372,5.802,0.9881,0.00941,270.08,53.80,0.5695735199999999,0.7233583704,2.28,2.104847e-08,1.740318e-08,2.349707e-08,1.582191e-08,307.08,132.59,29014.05,12528.04,166.79,67.41
4.00687,4,0.2831,0.035,0.030,5.371,5.802,0.9881,0.00941,270.08,53.80,0.5695725199999999,0.7233571003999999,2.28,2.107166e-08,1.757118e-08,2.353998e-08,1.589462e-08,322.98,133.77,30516.77,12639.14,175.85,68.08
4.00713,4,0.2831,0.035,0.030,5.371,5.802,0.9881,0.00941,270.08,53.80,0.5695714799999999,0.7233557795999999,2.28,2.109638e-08,1.774463e-08,2.357574e-08,1.596036e-08,340.64,134.85,32185.52,12741.38,185.91,68.70
4.00737,4,0.2831,0.035,0.030,5.371,5.802,0.9881,0.00941,270.08,53.80,0.56957052,0.7233545604,2.28,2.114321e-08,1.787253e-08,2.361687e-08,1.598875e-08,351.60,134.87,33221.04,12742.72,192.15,68.70
4.00762,4,0.2832,0.035,0.030,5.371,5.802,0.9881,0.00941,270.09,53.80,0.5695695199999999,0.7233532904,2.28,2.115334e-08,1.798744e-08,2.364956e-08,1.598636e-08,365.70,134.27,34553.40,12686.97,200.18,68.37
4.00788,4,0.2832,0.035,0.030,5.371,5.802,0.9881,0.00941,270.09,53.80,0.5695684799999999,0.7233519695999999,2.28,2.118197e-08,1.809306e-08,2.367939e-08,1.599382e-08,377.02,133.95,35622.58,12655.95,206.63,68.18
4.00812,4,0.2832,0.035,0.030,5.371,5.802,0.9881,0.00941,270.09,53.80,0.56956752,0.7233507504,2.28,2.120695e-08,1.822551e-08,2.373163e-08,1.5987e-08,393.47,132.87,37176.82,12554.08,215.99,67.57
4.00838,4,0.2833,0.035,0.030,5.371,5.802,0.9881,0.00941,270.09,53.80,0.56956648,0.7233494296,2.28,2.122085e-08,1.832297e-08,2.376822e-08,1.597846e-08,407.12,132.07,38466.92,12479.09,223.77,67.11
4.00863,4,0.2833,0.035,0.030,5.371,5.802,0.9881,0.00941,270.09,53.80,0.56956548,0.7233481596,2.28,2.123669e-08,1.832315e-08,2.379409e-08,1.594822e-08,404.94,130.88,38260.54,12366.39,222.53,66.43
4.00887,4,0.2833,0.035,0.030,5.371,5.802,0.9881,0.00941,270.09,53.80,0.5695645199999999,0.7233469403999999,2.28,2.125781e-08,1.841887e-08,2.381524e-08,1.596805e-08,417.75,131.02,39471.05,12379.69,229.82,66.51
4.00913,4,0.2833,0.035,0.030,5.371,5.802,0.9881,0.00941,270.09,53.80,0.56956348,0.7233456196,2.28,2.128152e-08,1.854489e-08,2.382609e-08,1.603632e-08,436.33,132.55,41226.84,12524.26,240.41,67.39
4.00938,4,0.2834,0.035,0.030,5.371,5.802,0.9881,0.00941,270.09,53.80,0.56956248,0.7233443495999999,2.28,2.12993e-08,1.862005e-08,2.387368e-08,1.608711e-08,447.64,133.07,42295.36,12573.52,246.85,67.68
4.00962,4,0.2834,0.035,0.030,5.371,5.802,0.9881,0.00941,270.09,53.80,0.5695615199999999,0.7233431304,2.28,2.129666e-08,1.876611e-08,2.391622e-08,1.613637e-08,477.66,133.60,45131.99,12622.92,263.95,67.98
4.00988,4,0.2834,0.035,0.030,5.371,5.802,0.9881,0.00941,270.09,53.80,0.5695604799999999,0.7233418095999999,2.28,2.130847e-08,1.878904e-08,2.395747e-08,1.615084e-08,480.36,133.26,45386.58,12590.90,265.48,67.79
4.01013,4,0.2835,0.035,0.030,5.371,5.802,0.9881,0.00941,270.09,53.80,0.56955948,0.7233405396,2.28,2.133456e-08,1.872898e-08,2.401464e-08,1.610239e-08,463.15,131.13,43761.09,12389.93,255.68,66.57
4.01037,4,0.2835,0.035,0.030,5.371,5.802,0.9881,0.00941,270.09,53.80,0.56955852,0.7233393203999999,2.28,2.136716e-08,1.877544e-08,2.403207e-08,1.609348e-08,466.79,130.62,44104.25,12341.98,257.75,66.29
4.01063,4,0.2835,0.035,0.030,5.371,5.802,0.9881,0.00941,270.09,53.80,0.56955748,0.7233379995999999,2.28,2.138501e-08,1.897639e-08,2.403477e-08,1.612793e-08,507.65,131.43,47964.91,12418.07,281.02,66.74
4.01088,4,0.2836,0.035,0.030,5.371,5.802,0.9881,0.00941,270.09,53.80,0.5695564799999999,0.7233367296,2.28,2.142367e-08,1.909752e-08,2.407894e-08,1.612515e-08,529.19,130.68,50000.09,12346.99,293.29,66.32
4.01112,4,0.2836,0.035,0.030,5.371,5.802,0.9881,0.00941,270.09,53.80,0.56955552,0.7233355104,2.28,2.143571e-08,1.915729e-08,2.420112e-08,1.610379e-08,541.96,128.19,51207.29,12112.05,300.57,64.90
4.01138,4,0.2836,0.035,0.030,5.371,5.802,0.9881,0.00941,270.09,53.80,0.56955448,0.7233341896,2.28,2.143949e-08,1.923915e-08,2.422825e-08,1.611479e-08,563.59,128.02,53250.98,12096.23,312.88,64.80
4.01163,4,0.2837,0.035,0.030,5.370,5.802,0.9881,0.00941,270.09,53.80,0.56955348,0.7233329195999999,2.28,2.146581e-08,1.916984e-08,2.423646e-08,1.60784e-08,538.36,127.08,50867.09,12007.17,298.51,64.27
4.01187,4,0.2837,0.035,0.030,5.370,5.802,0.9881,0.00941,270.09,53.80,0.56955252,0.7233317004,2.28,2.148533e-08,1.923438e-08,2.424492e-08,1.611329e-08,550.98,127.77,52059.14,12072.33,305.70,64.66
4.01213,4,0.2837,0.035,0.030,5.370,5.802,0.9881,0.00941,270.09,53.80,0.56955148,0.7233303796,2.28,2.150301e-08,1.925445e-08,2.432265e-08,1.61558e-08,552.14,127.55,52168.85,12051.98,306.36,64.54
4.01237,4,0.2838,0.035,0.030,5.370,5.802,0.9881,0.00941,270.09,53.80,0.56955052,0.7233291604,2.28,2.151315e-08,1.9289e-08,2.435437e-08,1.618419e-08,559.40,127.77,52854.66,12072.49,310.49,64.66
4.01262,4,0.2838,0.035,0.030,5.370,5.802,0.9881,0.00941,270.09,53.80,0.5695495199999999,0.7233278903999999,2.28,2.154612e-08,1.929236e-08,2.441764e-08,1.617555e-08,552.14,126.59,52169.34,11960.78,306.36,63.99
4.01288,4,0.2838,0.035,0.030,5.370,5.802,0.9881,0.00941,270.09,53.80,0.5695484799999999,0.7233265695999999,2.28,2.157618e-08,1.939272e-08,2.444786e-08,1.620119e-08,572.89,126.72,54129.14,11973.08,318.17,64.06
4.01312,4,0.2838,0.035,0.030,5.370,5.802,0.9881,0.00941,270.09,53.80,0.56954752,0.7233253504,2.28,2.161896e-08,1.948301e-08,2.447721e-08,1.614899e-08,588.36,125.07,55590.76,11817.64,326.98,63.12
4.01337,4,0.2839,0.035,0.030,5.370,5.802,0.9881,0.00941,270.09,53.80,0.56954652,0.7233240804,2.28,2.163926e-08,1.949074e-08,2.453392e-08,1.609374e-08,585.35,123.04,55306.93,11625.08,325.27,61.96
4.01363,4,0.2839,0.035,0.030,5.370,5.802,0.9881,0.00941,270.09,53.80,0.5695454799999999,0.7233227595999999,2.28,2.167709e-08,1.952301e-08,2.463409e-08,1.605674e-08,584.81,120.79,55255.51,11412.87,324.96,60.68
4.01387,4,0.2839,0.035,0.030,5.370,5.802,0.9881,0.00941,270.09,53.80,0.56954452,0.7233215404,2.28,2.169767e-08,1.965141e-08,2.468177e-08,1.60378e-08,619.67,119.72,58549.55,11311.55,344.82,60.07
4.01412,4,0.2840,0.035,0.030,5.370,5.802,0.9881,0.00941,270.09,53.80,0.56954352,0.7233202704,2.28,2.17255e-08,1.954383e-08,2.464845e-08,1.598285e-08,578.23,119.05,54634.15,11248.62,321.22,59.69
4.01438,4,0.2840,0.035,0.030,5.370,5.802,0.9881,0.00941,270.09,53.80,0.56954248,0.7233189496,2.28,2.174985e-08,1.953492e-08,2.460663e-08,1.59573e-08,569.29,119.09,53789.22,11251.76,316.12,59.71
4.01462,4,0.2840,0.035,0.030,5.370,5.802,0.9881,0.00941,270.09,53.80,0.5695415199999999,0.7233177303999999,2.28,2.180407e-08,1.95462e-08,2.464524e-08,1.591629e-08,558.78,117.70,52796.73,11120.48,310.14,58.92
4.01487,4,0.2841,0.035,0.030,5.370,5.802,0.9881,0.00941,270.09,53.80,0.56954052,0.7233164604,2.28,2.183006e-08,1.937632e-08,2.466865e-08,1.582412e-08,509.89,115.53,48176.94,10915.44,282.29,57.68
4.01513,4,0.2841,0.035,0.030,5.370,5.802,0.9881,0.00941,270.09,53.80,0.56953948,0.7233151396,2.28,2.185925e-08,1.929033e-08,2.466851e-08,1.574999e-08,484.87,114.03,45812.66,10774.17,268.04,56.83
4.01537,4,0.2841,0.035,0.030,5.370,5.802,0.9881,0.00941,270.09,53.80,0.5695385199999999,0.7233139204,2.28,2.189264e-08,1.918063e-08,2.46648e-08,1.570246e-08,456.67,113.13,43148.73,10689.14,251.98,56.32
4.01562,4,0.2842,0.035,0.030,5.370,5.802,0.9881,0.00941,270.09,53.80,0.5695375199999999,0.7233126503999999,2.28,2.192297e-08,1.910322e-08,2.469839e-08,1.563782e-08,437.61,111.48,41347.12,10533.43,241.12,55.38
4.01588,4,0.2842,0.035,0.030,5.370,5.802,0.9881,0.00941,270.09,53.80,0.56953648,0.7233113296,2.28,2.194851e-08,1.903808e-08,2.472363e-08,1.557698e-08,422.53,110.00,39922.28,10393.71,232.53,54.54
4.01612,4,0.2842,0.035,0.030,5.370,5.802,0.9881,0.00941,270.09,53.80,0.56953552,0.7233101103999999,2.28,2.199644e-08,1.896406e-08,2.475728e-08,1.55315e-08,403.96,108.74,38167.79,10274.47,221.96,53.82
4.01638,4,0.2843,0.035,0.030,5.370,5.802,0.9881,0.00941,270.09,53.80,0.56953448,0.7233087896,2.28,2.199407e-08,1.900371e-08,2.472254e-08,1.54742e-08,410.63,108.11,38798.68,10215.19,225.76,53.46
4.01663,4,0.2843,0.035,0.030,5.370,5.802,0.9881,0.00941,270.09,53.80,0.5695334799999999,0.7233075196,2.28,2.203044e-08,1.89269e-08,2.472686e-08,1.541869e-08,394.06,107.03,37232.67,10113.12,216.32,52.85
4.01687,4,0.2843,0.035,0.030,5.370,5.802,0.9881,0.00941,270.09,53.80,0.56953252,0.7233063004,2.28,2.207027e-08,1.891028e-08,2.473718e-08,1.539081e-08,386.68,106.40,36535.44,10053.58,212.11,52.49
4.01713,4,0.2843,0.035,0.030,5.370,5.802,0.9881,0.00941,270.09,53.80,0.56953148,0.7233049796,2.28,2.209676e-08,1.888723e-08,2.468275e-08,1.53414e-08,380.25,106.12,35927.66,10026.69,208.45,52.33
4.01738,4,0.2844,0.035,0.030,5.369,5.802,0.9881,0.00941,270.09,53.80,0.56953048,0.7233037095999999,2.28,2.210649e-08,1.890589e-08,2.467617e-08,1.527575e-08,381.82,105.04,36076.18,9924.53,209.35,51.71
4.01762,4,0.2844,0.035,0.030,5.369,5.802,0.9881,0.00941,270.09,53.80,0.56952952,0.7233024904,2.28,2.210645e-08,1.883266e-08,2.46594e-08,1.519286e-08,371.84,103.74,35133.03,9801.74,203.66,50.97
4.01788,4,0.2844,0.035,0.030,5.369,5.802,0.9881,0.00941,270.09,53.80,0.56952848,0.7233011696,2.28,2.212788e-08,1.874344e-08,2.464664e-08,1.511231e-08,357.98,102.45,33823.40,9680.45,195.77,50.24
4.01813,4,0.2845,0.035,0.030,5.369,5.802,0.9881,0.00941,270.09,53.80,0.56952748,0.7232998996,2.28,2.215063e-08,1.874283e-08,2.459242e-08,1.505142e-08,355.64,102.01,33602.26,9638.09,194.43,49.98
4.01837,4,0.2845,0.035,0.030,5.369,5.802,0.9881,0.00941,270.09,53.80,0.5695265199999999,0.7232986803999999,2.28,2.215662e-08,1.864309e-08,2.455014e-08,1.49809e-08,343.10,101.23,32417.66,9564.62,187.29,49.54
4.01863,4,0.2845,0.035,0.030,5.369,5.802,0.9881,0.00941,270.09,53.80,0.5695254799999999,0.7232973595999999,2.28,2.215878e-08,1.857662e-08,2.45321e-08,1.492827e-08,335.33,100.51,31683.21,9496.69,182.86,49.13
4.01888,4,0.2846,0.035,0.030,5.369,5.802,0.9881,0.00941,270.09,53.80,0.56952448,0.7232960896,2.28,2.217678e-08,1.864226e-08,2.453871e-08,1.491396e-08,341.17,100.23,32235.04,9470.30,186.19,48.97
4.01912,4,0.2846,0.035,0.030,5.369,5.802,0.9881,0.00941,270.09,53.80,0.56952352,0.7232948704,2.28,2.21965e-08,1.872664e-08,2.45131e-08,1.491428e-08,349.10,100.50,32984.35,9496.08,190.71,49.13
4.01938,4,0.2846,0.035,0.030,5.369,5.802,0.9881,0.00941,270.09,53.80,0.5695224799999999,0.7232935495999999,2.28,2.219467e-08,1.871404e-08,2.448712e-08,1.488247e-08,347.78,100.23,32860.17,9470.08,189.96,48.97
4.01962,4,0.2847,0.035,0.029,5.369,5.802,0.9881,0.00941,270.09,53.80,0.56952152,0.7232923304,2.28,2.220911e-08,1.862088e-08,2.444152e-08,1.482399e-08,335.80,99.74,31727.75,9423.69,183.13,48.69
4.01987,4,0.2847,0.035,0.029,5.369,5.802,0.9881,0.00941,270.09,53.80,0.56952052,0.7232910604,2.28,2.22199e-08,1.873351e-08,2.441898e-08,1.482596e-08,347.70,100.01,32852.05,9449.02,189.91,48.84
4.02013,4,0.2847,0.035,0.029,5.369,5.802,0.9881,0.00941,270.09,53.80,0.56951948,0.7232897396,2.28,2.222035e-08,1.887871e-08,2.440153e-08,1.484874e-08,365.57,100.58,34540.77,9503.39,200.09,49.17
4.02037,4,0.2848,0.035,0.029,5.369,5.802,0.9881,0.00941,270.09,53.80,0.5695185199999999,0.7232885203999999,2.28,2.224676e-08,1.888788e-08,2.438286e-08,1.488023e-08,364.00,101.36,34392.25,9577.18,199.19,49.62
4.02062,4,0.2848,0.035,0.029,5.369,5.802,0.9881,0.00941,270.09,53.80,0.56951752,0.7232872504,2.28,2.224909e-08,1.879142e-08,2.437362e-08,1.485601e-08,351.79,101.04,33239.00,9546.54,192.24,49.43
4.02088,4,0.2848,0.035,0.029,5.369,5.802,0.9881,0.00941,270.09,53.80,0.56951648,0.7232859296,2.28,2.225382e-08,1.8729e-08,2.434363e-08,1.485773e-08,343.94,101.39,32497.47,9579.56,187.77,49.63
4.02112,4,0.2848,0.035,0.029,5.369,5.802,0.9881,0.00941,270.09,53.80,0.5695155199999999,0.7232847104,2.28,2.224536e-08,1.87034e-08,2.435444e-08,1.484596e-08,341.81,101.07,32296.00,9549.24,186.56,49.45
4.02137,4,0.2849,0.035,0.029,5.369,5.802,0.9881,0.00941,270.09,53.80,0.5695145199999999,0.7232834403999999,2.28,2.224708e-08,1.878644e-08,2.435639e-08,1.482292e-08,351.52,100.68,33213.33,9512.77,192.08,49.23
4.02163,4,0.2849,0.035,0.029,5.369,5.802,0.9881,0.00941,270.09,53.80,0.5695134799999999,0.7232821195999999,2.28,2.223599e-08,1.882387e-08,2.436588e-08,1.480145e-08,357.23,100.21,33752.73,9468.24,195.34,48.96
4.02187,4,0.2849,0.035,0.029,5.369,5.802,0.9881,0.00941,270.09,53.80,0.56951252,0.7232809003999999,2.28,2.223613e-08,1.893531e-08,2.437186e-08,1.479873e-08,371.46,100.10,35097.39,9457.90,203.44,48.90
4.02212,4,0.2850,0.035,0.029,5.369,5.802,0.9881,0.00941,270.09,53.80,0.5695115199999999,0.7232796304,2.28,2.221448e-08,1.885819e-08,2.434713e-08,1.477217e-08,363.96,99.94,34388.82,9442.44,199.17,48.80
4.02238,4,0.2850,0.035,0.029,5.369,5.802,0.9881,0.00941,270.09,53.80,0.5695104799999999,0.7232783096,2.28,2.222359e-08,1.886023e-08,2.435308e-08,1.47902e-08,363.23,100.18,34320.24,9465.90,198.76,48.94
4.02262,4,0.2850,0.035,0.029,5.369,5.802,0.9881,0.00941,270.09,53.80,0.56950952,0.7232770904,2.28,2.222581e-08,1.886349e-08,2.433657e-08,1.480111e-08,363.41,100.55,34336.79,9500.13,198.85,49.15
4.02287,4,0.2851,0.035,0.029,5.368,5.802,0.9881,0.00941,270.09,53.80,0.56950852,0.7232758203999999,2.28,2.222235e-08,1.892258e-08,2.434957e-08,1.488667e-08,371.59,101.94,35109.59,9631.69,203.51,49.94
4.02313,4,0.2851,0.035,0.029,5.368,5.802,0.9881,0.00941,270.09,53.80,0.56950748,0.7232744995999999,2.28,2.224082e-08,1.909054e-08,2.437879e-08,1.507626e-08,392.68,105.02,37102.07,9922.51,215.52,51.70
4.02337,4,0.2851,0.035,0.029,5.368,5.802,0.9881,0.00941,270.09,53.80,0.56950652,0.7232732804,2.28,2.224966e-08,1.925079e-08,2.44138e-08,1.510449e-08,415.97,105.14,39302.48,9933.85,228.78,51.77
4.02363,4,0.2852,0.035,0.029,5.368,5.802,0.9881,0.00941,270.09,53.80,0.56950548,0.7232719596,2.28,2.223187e-08,1.948621e-08,2.442571e-08,1.519481e-08,460.04,106.70,43467.23,10081.67,253.89,52.66
4.02388,4,0.2852,0.035,0.029,5.368,5.802,0.9881,0.00941,270.09,53.80,0.56950448,0.7232706896,2.28,2.223934e-08,1.949844e-08,2.443259e-08,1.523163e-08,461.13,107.31,43570.04,10138.99,254.51,53.00
4.02412,4,0.2852,0.035,0.029,5.368,5.802,0.9881,0.00941,270.09,53.80,0.5695035199999999,0.7232694703999999,2.28,2.220597e-08,1.965698e-08,2.443869e-08,1.52763e-08,499.88,108.08,47231.31,10211.53,276.57,53.44
4.02438,4,0.2853,0.035,0.029,5.368,5.802,0.9881,0.00941,270.09,53.80,0.5695024799999999,0.7232681496,2.28,2.221435e-08,1.970905e-08,2.44686e-08,1.526534e-08,510.13,107.56,48199.16,10162.45,282.41,53.14
4.02463,4,0.2853,0.035,0.029,5.368,5.802,0.9881,0.00941,270.09,53.80,0.56950148,0.7232668796,2.28,2.220628e-08,1.985658e-08,2.44974e-08,1.525832e-08,547.98,107.09,51775.65,10118.39,303.96,52.88
4.02487,4,0.2853,0.035,0.029,5.368,5.802,0.9881,0.00941,270.09,53.80,0.56950052,0.7232656604,2.28,2.220823e-08,1.99242e-08,2.456212e-08,1.530835e-08,565.65,107.27,53445.69,10135.45,314.03,52.98
4.02513,4,0.2853,0.035,0.029,5.368,5.802,0.9881,0.00941,270.09,53.80,0.56949948,0.7232643395999999,2.28,2.222126e-08,2.004402e-08,2.460596e-08,1.540166e-08,596.97,108.50,56404.28,10252.04,331.86,53.68
4.02538,4,0.2854,0.035,0.029,5.368,5.802,0.9881,0.00941,270.09,53.80,0.5694984799999999,0.7232630695999999,2.28,2.223257e-08,2.0143e-08,2.466667e-08,1.546648e-08,625.30,109.05,59081.70,10303.40,348.00,53.99
4.02562,4,0.2854,0.035,0.029,5.368,5.802,0.9881,0.00941,270.09,53.80,0.56949752,0.7232618504,2.28,2.221047e-08,2.005067e-08,2.464748e-08,1.543085e-08,602.20,108.60,56898.54,10261.32,334.84,53.74
4.02588,4,0.2854,0.035,0.029,5.368,5.802,0.9881,0.00941,270.09,53.80,0.56949648,0.7232605296,2.28,2.22083e-08,2.028085e-08,2.471595e-08,1.55548e-08,682.54,110.14,64489.47,10406.39,380.59,54.61
4.02613,4,0.2855,0.035,0.029,5.368,5.802,0.9881,0.00941,270.09,53.80,0.5694954799999999,0.7232592595999999,2.28,2.218056e-08,2.034406e-08,2.475227e-08,1.572277e-08,718.82,112.99,67917.95,10675.87,401.26,56.24
4.02637,4,0.2855,0.035,0.029,5.368,5.802,0.9881,0.00941,270.09,53.80,0.56949452,0.7232580404,2.28,2.219444e-08,2.028879e-08,2.477746e-08,1.555484e-08,690.86,109.44,65275.60,10340.68,385.33,54.22
4.02663,4,0.2855,0.035,0.029,5.368,5.802,0.9881,0.00941,270.09,53.80,0.56949348,0.7232567196,2.28,2.216079e-08,2.031879e-08,2.479404e-08,1.566787e-08,715.79,111.40,67631.04,10525.90,399.52,55.33
4.02688,4,0.2856,0.035,0.029,5.368,5.802,0.9881,0.00941,270.09,53.80,0.56949248,0.7232554496,2.28,2.214846e-08,2.046515e-08,2.478344e-08,1.569579e-08,789.18,112.11,74565.99,10593.06,441.32,55.74
4.02712,4,0.2856,0.035,0.029,5.368,5.802,0.9881,0.00941,270.09,53.80,0.5694915199999999,0.7232542303999999,2.28,2.212683e-08,2.049456e-08,2.479582e-08,1.570347e-08,815.03,112.11,77008.13,10592.77,456.04,55.74
4.02738,4,0.2856,0.035,0.029,5.368,5.802,0.9881,0.00941,270.09,53.80,0.5694904799999999,0.7232529095999999,2.28,2.210792e-08,2.061652e-08,2.48121e-08,1.573306e-08,897.32,112.49,84783.47,10628.29,502.91,55.95
4.02762,4,0.2857,0.035,0.029,5.368,5.802,0.9881,0.00941,270.09,53.80,0.56948952,0.7232516903999999,2.28,2.211099e-08,2.058867e-08,2.479634e-08,1.565895e-08,878.22,111.28,82978.26,10514.35,492.02,55.26
4.02787,4,0.2857,0.035,0.029,5.368,5.802,0.9881,0.00941,270.09,53.80,0.5694885199999999,0.7232504204,2.28,2.208829e-08,2.050409e-08,2.480055e-08,1.563721e-08,840.45,110.81,79409.50,10470.02,470.51,54.99
4.02813,4,0.2857,0.035,0.029,5.368,5.802,0.9881,0.00941,270.09,53.80,0.5694874799999999,0.7232490996,2.28,2.206286e-08,2.037965e-08,2.483255e-08,1.571692e-08,786.21,111.96,74284.87,10578.47,439.62,55.65
4.02837,4,0.2858,0.035,0.029,5.367,5.802,0.9881,0.00941,270.09,53.80,0.56948652,0.7232478804,2.28,2.202981e-08,2.015715e-08,2.48187e-08,1.565854e-08,699.20,111.04,66063.89,10491.61,390.07,55.12
4.02862,4,0.2858,0.035,0.029,5.367,5.802,0.9881,0.00941,270.09,53.80,0.56948552,0.7232466103999999,2.28,2.199637e-08,2.007741e-08,2.481484e-08,1.562298e-08,679.63,110.41,64214.89,10431.68,378.93,54.76
4.02888,4,0.2858,0.035,0.029,5.367,5.802,0.9881,0.00941,270.09,53.80,0.56948448,0.7232452896,2.28,2.196415e-08,2.011567e-08,2.477336e-08,1.579e-08,706.89,114.18,66790.35,10787.91,394.45,56.91
4.02912,4,0.2858,0.035,0.029,5.367,5.802,0.9881,0.00941,270.09,53.80,0.5694835199999999,0.7232440703999999,2.28,2.192528e-08,2.003924e-08,2.476186e-08,1.565492e-08,690.18,111.66,65211.52,10550.48,384.93,55.48
4.02937,4,0.2859,0.035,0.029,5.367,5.802,0.9881,0.00941,270.09,53.80,0.56948252,0.7232428004,2.28,2.186758e-08,1.99822e-08,2.471809e-08,1.569745e-08,688.70,113.08,65071.42,10684.09,384.09,56.28
4.02963,4,0.2859,0.035,0.029,5.367,5.802,0.9881,0.00941,270.09,53.80,0.56948148,0.7232414796,2.28,2.182361e-08,1.997521e-08,2.46627e-08,1.562343e-08,702.23,112.31,66350.05,10611.80,391.80,55.85
4.02987,4,0.2859,0.035,0.029,5.367,5.802,0.9881,0.00941,270.09,53.80,0.5694805199999999,0.7232402603999999,2.28,2.173871e-08,1.986777e-08,2.460452e-08,1.555614e-08,690.04,111.72,65198.13,10555.45,384.85,55.51
4.03012,4,0.2860,0.035,0.029,5.367,5.802,0.9881,0.00941,270.09,53.80,0.5694795199999999,0.7232389903999998,2.28,2.167496e-08,1.987006e-08,2.452011e-08,1.55252e-08,715.62,112.20,67615.11,10600.79,399.42,55.78
4.03038,4,0.2860,0.035,0.029,5.367,5.802,0.9881,0.00941,270.09,53.80,0.56947848,0.7232376696,2.28,2.16324e-08,1.985757e-08,2.443837e-08,1.546772e-08,727.28,112.08,68717.45,10590.10,406.06,55.72
4.03062,4,0.2860,0.035,0.029,5.367,5.802,0.9881,0.00941,270.09,53.80,0.56947752,0.7232364504,2.28,2.1567e-08,1.992722e-08,2.436054e-08,1.561244e-08,789.94,116.01,74637.80,10961.12,441.74,57.95
4.03087,4,0.2861,0.035,0.029,5.367,5.802,0.9881,0.00941,270.09,53.80,0.5694765199999999,0.7232351803999999,2.28,2.150899e-08,1.983948e-08,2.426419e-08,1.551549e-08,772.73,115.32,73011.42,10896.11,431.94,57.56
4.03113,4,0.2861,0.035,0.029,5.367,5.802,0.9881,0.00941,270.09,53.80,0.5694754799999999,0.7232338595999999,2.28,2.145725e-08,1.972121e-08,2.416608e-08,1.540088e-08,738.69,114.25,69794.85,10795.26,412.55,56.95
4.03137,4,0.2861,0.035,0.029,5.367,5.802,0.9881,0.00941,270.09,53.80,0.56947452,0.7232326404,2.28,2.143447e-08,1.983493e-08,2.408944e-08,1.544991e-08,806.35,116.28,76187.74,10987.16,451.08,58.11
4.03163,4,0.2862,0.035,0.029,5.367,5.802,0.9881,0.00941,270.09,53.80,0.56947348,0.7232313196,2.28,2.143022e-08,1.981306e-08,2.404322e-08,1.520942e-08,796.96,112.00,75300.85,10581.97,445.74,55.67
4.03188,4,0.2862,0.035,0.029,5.367,5.802,0.9881,0.00941,270.09,53.80,0.56947248,0.7232300495999999,2.28,2.144519e-08,1.994758e-08,2.400687e-08,1.527355e-08,866.42,113.76,81863.97,10748.85,485.29,56.67
4.03212,4,0.2862,0.035,0.029,5.367,5.802,0.9881,0.00941,270.09,53.80,0.56947152,0.7232288304,2.28,2.150004e-08,2.007126e-08,2.40055e-08,1.533362e-08,913.79,115.02,86339.71,10867.58,512.27,57.39
4.03238,4,0.2863,0.035,0.029,5.367,5.802,0.9881,0.00941,270.09,53.80,0.56947048,0.7232275096,2.28,2.153492e-08,2.017118e-08,2.402769e-08,1.523459e-08,962.48,112.74,90939.53,10652.26,539.99,56.09
4.03263,4,0.2863,0.035,0.029,5.367,5.802,0.9881,0.00941,270.09,53.80,0.56946948,0.7232262396,2.28,2.158521e-08,2.024525e-08,2.406972e-08,1.526508e-08,983.15,112.82,92893.28,10659.59,551.77,56.14
4.03287,4,0.2863,0.035,0.029,5.367,5.802,0.9881,0.00941,270.09,53.80,0.5694685199999999,0.7232250203999999,2.28,2.164662e-08,2.031452e-08,2.413227e-08,1.526764e-08,992.34,112.07,93761.11,10589.23,556.99,55.71
4.03313,4,0.2864,0.035,0.029,5.367,5.802,0.9881,0.00941,270.09,53.80,0.5694674799999999,0.7232236995999999,2.28,2.169404e-08,2.027295e-08,2.420299e-08,1.541599e-08,928.62,114.20,87740.48,10790.35,520.71,56.92
4.03338,4,0.2864,0.035,0.029,5.367,5.802,0.9881,0.00941,270.09,53.80,0.56946648,0.7232224296,2.28,2.171708e-08,2.02501e-08,2.426092e-08,1.535926e-08,898.56,112.32,84899.99,10612.16,503.59,55.85
4.03362,4,0.2864,0.035,0.029,5.367,5.802,0.9881,0.00941,270.09,53.80,0.56946552,0.7232212104,2.28,2.176573e-08,2.026515e-08,2.432219e-08,1.529947e-08,879.09,110.38,83060.65,10429.02,492.50,54.75
4.03388,4,0.2864,0.035,0.029,5.367,5.802,0.9881,0.00941,270.09,53.80,0.5694644799999999,0.7232198895999999,2.28,2.17941e-08,2.017516e-08,2.436828e-08,1.53727e-08,811.20,111.24,76646.24,10510.55,453.84,55.24
4.03413,4,0.2865,0.035,0.029,5.366,5.802,0.9881,0.00941,270.09,53.80,0.5694634799999999,0.7232186195999999,2.28,2.180733e-08,2.005561e-08,2.440509e-08,1.516672e-08,745.53,106.90,70441.31,10100.73,416.44,52.77
4.03437,4,0.2865,0.035,0.029,5.366,5.802,0.9881,0.00941,270.09,53.80,0.56946252,0.7232174003999999,2.28,2.182035e-08,2.006763e-08,2.441119e-08,1.514032e-08,745.55,106.34,70443.32,10047.80,416.45,52.45
4.03463,4,0.2865,0.035,0.029,5.366,5.802,0.9881,0.00941,270.09,53.80,0.56946148,0.7232160796,2.28,2.182944e-08,1.998692e-08,2.443179e-08,1.54146e-08,706.36,111.32,66740.57,10517.62,394.13,55.28
4.03488,4,0.2866,0.035,0.029,5.366,5.802,0.9881,0.00941,270.09,53.80,0.5694604799999999,0.7232148096,2.28,2.183671e-08,1.980115e-08,2.443317e-08,1.526407e-08,633.65,108.44,59870.69,10245.93,352.73,53.64
4.03512,4,0.2866,0.035,0.029,5.366,5.802,0.9881,0.00941,270.09,53.80,0.56945952,0.7232135904,2.28,2.18229e-08,1.964361e-08,2.444304e-08,1.526525e-08,587.15,108.35,55477.14,10237.02,326.25,53.59
4.03538,4,0.2866,0.035,0.029,5.366,5.802,0.9881,0.00941,270.09,53.80,0.56945848,0.7232122696,2.28,2.180907e-08,1.945235e-08,2.444638e-08,1.499271e-08,537.66,103.31,50800.96,9760.85,298.06,50.72
4.03562,4,0.2867,0.035,0.029,5.366,5.802,0.9881,0.00941,270.09,53.80,0.5694575199999999,0.7232110503999999,2.28,2.178087e-08,1.933579e-08,2.444906e-08,1.525181e-08,515.31,108.06,48688.69,10209.93,285.33,53.42
4.03587,4,0.2867,0.035,0.029,5.366,5.802,0.9881,0.00941,270.09,53.80,0.5694565199999999,0.7232097804,2.28,2.177022e-08,1.911031e-08,2.442981e-08,1.513045e-08,468.16,106.02,44234.39,10017.47,258.49,52.26
4.03613,4,0.2867,0.035,0.029,5.366,5.802,0.9881,0.00941,270.09,53.80,0.56945548,0.7232084596,2.28,2.173848e-08,1.878694e-08,2.440507e-08,1.483757e-08,414.77,101.06,39189.22,9548.25,228.08,49.44
4.03637,4,0.2868,0.035,0.029,5.366,5.802,0.9881,0.00941,270.09,53.80,0.56945452,0.7232072404,2.28,2.171195e-08,1.862742e-08,2.439352e-08,1.483129e-08,393.65,101.10,37194.13,9552.80,216.06,49.46
4.03662,4,0.2868,0.035,0.029,5.366,5.802,0.9881,0.00941,270.09,53.80,0.5694535199999999,0.7232059703999999,2.28,2.166994e-08,1.838838e-08,2.436901e-08,1.487809e-08,365.27,102.18,34512.30,9654.94,199.89,50.08
4.03688,4,0.2868,0.035,0.029,5.366,5.802,0.9881,0.00941,270.09,53.80,0.5694524799999999,0.7232046496,2.28,2.164734e-08,1.812773e-08,2.432773e-08,1.483529e-08,335.74,101.87,31721.93,9625.62,183.07,49.90
4.03712,4,0.2869,0.035,0.029,5.366,5.802,0.9881,0.00941,270.09,53.80,0.56945152,0.7232034304,2.28,2.161269e-08,1.772887e-08,2.430844e-08,1.463194e-08,297.66,98.60,28124.45,9316.35,161.39,48.04
4.03737,4,0.2869,0.035,0.029,5.366,5.802,0.9881,0.00941,270.09,53.80,0.56945052,0.7232021604,2.28,2.158929e-08,1.728725e-08,2.429084e-08,1.478241e-08,262.03,101.38,24757.89,9578.52,141.10,49.62
4.03763,4,0.2869,0.035,0.029,5.366,5.802,0.9881,0.00941,270.09,53.80,0.56944948,0.7232008395999999,2.28,2.159823e-08,1.682804e-08,2.428201e-08,1.442603e-08,230.04,95.44,21735.02,9017.98,122.88,46.24
4.03787,4,0.2869,0.035,0.029,5.366,5.802,0.9881,0.00941,270.09,53.80,0.56944852,0.7231996204000001,2.28,2.153442e-08,1.654109e-08,2.42492e-08,1.461995e-08,216.01,99.00,20409.67,9354.39,114.90,48.27
4.03812,4,0.2870,0.035,0.029,5.366,5.802,0.9881,0.00941,270.10,53.80,0.56944752,0.7231983504,2.28,2.150306e-08,1.62329e-08,2.42313e-08,1.429136e-08,200.92,93.79,18983.91,8861.42,106.30,45.30
4.03838,4,0.2870,0.035,0.029,5.366,5.802,0.9881,0.00941,270.10,53.80,0.56944648,0.7231970296,2.28,2.145399e-08,1.602561e-08,2.419517e-08,1.422245e-08,192.57,93.03,18195.24,8789.70,101.55,44.86
4.03862,4,0.2870,0.035,0.029,5.366,5.802,0.9881,0.00941,270.10,53.80,0.5694455199999999,0.7231958103999999,2.28,2.141446e-08,1.607168e-08,2.417903e-08,1.463147e-08,196.22,99.96,18539.90,9445.15,103.63,48.81
4.03887,4,0.2871,0.035,0.029,5.365,5.802,0.9881,0.00941,270.10,53.80,0.56944452,0.7231945404,2.28,2.139313e-08,1.605228e-08,2.416402e-08,1.44179e-08,196.12,96.53,18530.67,9120.84,103.57,46.86
4.03913,4,0.2871,0.035,0.029,5.365,5.802,0.9881,0.00942,270.10,53.80,0.56944348,0.7231932196,2.28,2.136754e-08,1.608342e-08,2.416774e-08,1.465772e-08,198.61,100.57,18765.95,9502.76,104.99,49.16
4.03937,4,0.2871,0.035,0.029,5.365,5.802,0.9881,0.00942,270.10,53.80,0.56944252,0.7231920004,2.28,2.133732e-08,1.601372e-08,2.415702e-08,1.432774e-08,196.29,95.12,18546.06,8987.12,103.66,46.05
4.03963,4,0.2872,0.035,0.029,5.365,5.802,0.9881,0.00942,270.10,53.80,0.5694414799999999,0.7231906795999999,2.28,2.127842e-08,1.58583e-08,2.415804e-08,1.422738e-08,190.99,93.52,18045.28,8836.14,100.64,45.14
4.03988,4,0.2872,0.035,0.029,5.365,5.802,0.9881,0.00942,270.10,53.80,0.5694404799999999,0.7231894095999999,2.28,2.124743e-08,1.585034e-08,2.413579e-08,1.424189e-08,191.70,93.96,18113.19,8878.02,101.05,45.39
4.04012,4,0.2872,0.035,0.029,5.365,5.802,0.9881,0.00942,270.10,53.80,0.56943952,0.7231881903999999,2.28,2.121851e-08,1.583831e-08,2.411571e-08,1.411157e-08,192.16,92.08,18156.26,8699.85,101.31,44.32
4.04038,4,0.2873,0.035,0.029,5.365,5.802,0.9881,0.00942,270.10,53.80,0.56943848,0.7231868696,2.28,2.116714e-08,1.586812e-08,2.409921e-08,1.410099e-08,195.54,92.09,18475.54,8701.50,103.24,44.33
4.04063,4,0.2873,0.034,0.029,5.365,5.802,0.9881,0.00942,270.10,53.80,0.5694374799999999,0.7231855996,2.28,2.112007e-08,1.570402e-08,2.408834e-08,1.408646e-08,189.33,91.96,17889.11,8689.22,99.70,44.26
4.04087,4,0.2873,0.034,0.029,5.365,5.802,0.9881,0.00942,270.10,53.80,0.56943652,0.7231843804,2.28,2.108407e-08,1.562648e-08,2.409753e-08,1.406514e-08,186.96,91.55,17665.29,8649.68,98.35,44.02
4.04113,4,0.2874,0.034,0.029,5.365,5.802,0.9881,0.00942,270.10,53.80,0.56943548,0.7231830596,2.28,2.1036e-08,1.558937e-08,2.407523e-08,1.40627e-08,186.96,91.74,17664.95,8668.35,98.35,44.13
4.04138,4,0.2874,0.034,0.029,5.365,5.802,0.9881,0.00942,270.10,53.80,0.56943448,0.7231817896,2.28,2.101192e-08,1.563499e-08,2.407431e-08,1.406268e-08,189.94,91.75,17946.30,8669.12,100.05,44.14
4.04162,4,0.2874,0.034,0.029,5.365,5.802,0.9881,0.00942,270.10,53.80,0.5694335199999999,0.7231805704,2.28,2.09802e-08,1.558189e-08,2.405548e-08,1.404241e-08,188.54,91.61,17814.51,8655.38,99.25,44.05
4.04188,4,0.2874,0.034,0.029,5.365,5.802,0.9881,0.00942,270.10,53.80,0.5694324799999999,0.7231792495999999,2.28,2.094891e-08,1.560941e-08,2.404101e-08,1.403359e-08,190.96,91.60,18042.53,8654.82,100.63,44.05
4.04213,4,0.2875,0.034,0.029,5.365,5.802,0.9881,0.00942,270.10,53.80,0.56943148,0.7231779796,2.28,2.090193e-08,1.561147e-08,2.405217e-08,1.404304e-08,192.82,91.68,18218.52,8662.19,101.69,44.09
4.04237,4,0.2875,0.034,0.029,5.365,5.802,0.9881,0.00942,270.10,53.80,0.5694305199999999,0.7231767603999999,2.28,2.086245e-08,1.557668e-08,2.405433e-08,1.405301e-08,192.56,91.81,18194.05,8675.10,101.54,44.17
4.04263,4,0.2875,0.034,0.029,5.365,5.802,0.9881,0.00942,270.10,53.80,0.5694294799999999,0.7231754396,2.28,2.083034e-08,1.562383e-08,2.404427e-08,1.406412e-08,196.08,92.08,18526.93,8700.38,103.54,44.32
4.04288,4,0.2876,0.034,0.029,5.365,5.802,0.9881,0.00942,270.10,53.80,0.56942848,0.7231741696,2.28,2.0788e-08,1.571257e-08,2.404486e-08,1.40808e-08,202.36,92.37,19120.01,8727.80,107.12,44.49
4.04312,4,0.2876,0.034,0.029,5.365,5.802,0.9881,0.00942,270.10,53.80,0.56942752,0.7231729504,2.28,2.076156e-08,1.597828e-08,2.403922e-08,1.410232e-08,218.35,92.77,20630.89,8765.03,116.22,44.71
4.04338,4,0.2876,0.034,0.029,5.365,5.802,0.9881,0.00942,270.10,53.80,0.56942648,0.7231716295999999,2.28,2.072927e-08,1.629295e-08,2.402673e-08,1.414427e-08,240.06,93.55,22682.48,8839.53,128.59,45.16
4.04362,4,0.2877,0.034,0.029,5.365,5.802,0.9881,0.00942,270.10,53.80,0.5694255199999999,0.7231704103999999,2.28,2.06874e-08,1.669213e-08,2.401323e-08,1.416596e-08,273.19,94.07,25812.51,8887.81,147.45,45.45
4.04387,4,0.2877,0.034,0.029,5.365,5.802,0.9881,0.00942,270.10,53.80,0.56942452,0.7231691404,2.28,2.066444e-08,1.707227e-08,2.401849e-08,1.424482e-08,310.77,95.30,29362.91,9004.59,168.85,46.16
4.04413,4,0.2877,0.034,0.029,5.365,5.802,0.9881,0.00942,270.10,53.80,0.56942348,0.7231678196,2.28,2.064451e-08,1.739557e-08,2.398552e-08,1.430394e-08,350.11,96.61,33079.71,9127.97,191.25,46.90
4.04437,4,0.2878,0.034,0.029,5.364,5.802,0.9881,0.00942,270.10,53.80,0.5694225199999999,0.7231666003999999,2.28,2.060248e-08,1.764482e-08,2.398153e-08,1.442475e-08,390.23,98.73,36870.97,9328.51,214.10,48.11
4.04462,4,0.2878,0.034,0.029,5.364,5.802,0.9881,0.00942,270.10,53.80,0.5694215199999999,0.7231653303999999,2.28,2.060733e-08,1.797083e-08,2.396832e-08,1.443304e-08,445.85,99.01,42126.56,9354.92,245.77,48.27
4.04488,4,0.2878,0.034,0.029,5.364,5.802,0.9881,0.00942,270.10,53.80,0.56942048,0.7231640096,2.28,2.057238e-08,1.8154e-08,2.393041e-08,1.448095e-08,491.02,100.24,46394.17,9471.21,271.49,48.97
4.04512,4,0.2879,0.034,0.029,5.364,5.802,0.9881,0.00942,270.10,53.80,0.56941952,0.7231627904,2.28,2.054301e-08,1.829283e-08,2.392393e-08,1.448586e-08,531.95,100.43,50260.88,9489.16,294.79,49.08
4.04537,4,0.2879,0.034,0.029,5.364,5.802,0.9881,0.00942,270.10,53.80,0.5694185199999999,0.7231615203999999,2.28,2.049705e-08,1.844343e-08,2.391531e-08,1.4489e-08,587.66,100.58,55524.94,9503.05,326.51,49.16
4.04563,4,0.2879,0.034,0.029,5.364,5.802,0.9881,0.00942,270.10,53.80,0.5694174799999999,0.7231601995999999,2.28,2.046362e-08,1.851156e-08,2.387196e-08,1.444327e-08,620.52,100.23,58629.52,9470.67,345.22,48.96
4.04587,4,0.2879,0.034,0.029,5.364,5.802,0.9881,0.00942,270.10,53.80,0.56941652,0.7231589804,2.28,2.043235e-08,1.855513e-08,2.383618e-08,1.442975e-08,646.77,100.38,61110.42,9484.19,360.17,49.05
4.04612,4,0.2880,0.034,0.029,5.364,5.802,0.9881,0.00942,270.10,53.80,0.56941552,0.7231577104,2.28,2.041587e-08,1.845962e-08,2.381369e-08,1.43842e-08,617.66,99.85,58360.05,9434.41,343.60,48.75
4.04638,4,0.2880,0.034,0.029,5.364,5.802,0.9881,0.00942,270.10,53.80,0.56941448,0.7231563896,2.28,2.037361e-08,1.849292e-08,2.378657e-08,1.436605e-08,643.64,99.82,60814.28,9431.48,358.39,48.73
4.04662,4,0.2880,0.034,0.029,5.364,5.802,0.9881,0.00942,270.10,53.80,0.56941352,0.7231551704,2.28,2.035081e-08,1.849303e-08,2.373475e-08,1.434811e-08,651.58,100.06,61564.60,9453.70,362.91,48.86
4.04688,4,0.2881,0.034,0.029,5.364,5.802,0.9881,0.00942,270.10,53.80,0.56941248,0.7231538496,2.28,2.032058e-08,1.849429e-08,2.369464e-08,1.433163e-08,663.09,100.23,62652.15,9469.96,369.46,48.96
4.04713,4,0.2881,0.034,0.029,5.364,5.802,0.9881,0.00942,270.10,53.80,0.56941148,0.7231525796,2.28,2.029808e-08,1.847438e-08,2.364618e-08,1.430685e-08,663.32,100.31,62673.58,9477.56,369.59,49.01
4.04737,4,0.2881,0.034,0.029,5.364,5.802,0.9881,0.00942,270.10,53.80,0.5694105199999999,0.7231513603999999,2.28,2.026778e-08,1.8574e-08,2.359381e-08,1.432187e-08,718.05,101.14,67844.78,9556.46,400.75,49.48
4.04763,4,0.2882,0.034,0.029,5.364,5.802,0.9881,0.00942,270.10,53.80,0.5694094799999999,0.7231500395999999,2.28,2.02576e-08,1.857618e-08,2.353405e-08,1.430784e-08,723.66,101.58,68375.25,9597.75,403.95,49.73
4.04788,4,0.2882,0.034,0.029,5.364,5.802,0.9881,0.00942,270.10,53.80,0.56940848,0.7231487696,2.28,2.01726e-08,1.851735e-08,2.345732e-08,1.423902e-08,732.78,101.18,69236.32,9559.78,409.14,49.50
4.04812,4,0.2882,0.034,0.029,5.364,5.802,0.9881,0.00942,270.10,53.80,0.56940752,0.7231475503999999,2.28,2.010968e-08,1.846274e-08,2.338811e-08,1.415604e-08,734.30,100.44,69380.45,9489.90,410.01,49.08
4.04838,4,0.2883,0.034,0.029,5.364,5.802,0.9881,0.00942,270.10,53.80,0.5694064799999999,0.7231462296,2.28,2.006999e-08,1.838333e-08,2.331562e-08,1.408659e-08,714.17,100.01,67478.59,9449.73,398.54,48.84
4.04863,4,0.2883,0.034,0.029,5.364,5.802,0.9881,0.00942,270.10,53.80,0.5694054799999999,0.7231449595999999,2.28,2.002801e-08,1.83685e-08,2.327003e-08,1.405242e-08,725.27,99.89,68527.23,9438.48,404.86,48.77
4.04887,4,0.2883,0.034,0.029,5.364,5.802,0.9880,0.00942,270.10,53.80,0.56940452,0.7231437404,2.28,1.998748e-08,1.822867e-08,2.318722e-08,1.398258e-08,679.05,99.53,64159.58,9403.86,378.54,48.56
4.04913,4,0.2884,0.034,0.029,5.364,5.802,0.9880,0.00942,270.10,53.80,0.56940348,0.7231424195999999,2.28,1.996223e-08,1.827365e-08,2.312608e-08,1.395506e-08,709.28,99.73,67016.18,9423.02,395.75,48.68
4.04938,4,0.2884,0.034,0.029,5.364,5.802,0.9880,0.00942,270.10,53.80,0.5694024799999999,0.7231411496,2.28,1.990247e-08,1.822707e-08,2.305179e-08,1.389538e-08,713.04,99.46,67371.22,9397.69,397.89,48.52
4.04962,4,0.2884,0.034,0.029,5.364,5.802,0.9880,0.00942,270.10,53.80,0.56940152,0.7231399304,2.28,1.987278e-08,1.828536e-08,2.296482e-08,1.387418e-08,754.96,100.03,71332.54,9451.24,421.77,48.85
4.04988,4,0.2884,0.034,0.029,5.364,5.802,0.9880,0.00942,270.10,53.80,0.56940048,0.7231386096,2.28,1.980742e-08,1.829235e-08,2.289292e-08,1.383914e-08,791.32,100.18,74767.50,9465.75,442.46,48.93
4.05013,4,0.2885,0.034,0.029,5.363,5.802,0.9880,0.00942,270.10,53.80,0.56939948,0.7231373395999999,2.28,1.97664e-08,1.822619e-08,2.282083e-08,1.381676e-08,775.85,100.61,73306.51,9505.92,433.66,49.17
4.05037,4,0.2885,0.034,0.029,5.363,5.802,0.9880,0.00942,270.10,53.80,0.5693985199999999,0.7231361203999999,2.28,1.973497e-08,1.816787e-08,2.275634e-08,1.377025e-08,760.10,100.47,71818.10,9492.87,424.69,49.10
4.05063,4,0.2885,0.034,0.029,5.363,5.802,0.9880,0.00942,270.10,53.80,0.56939748,0.7231347996,2.28,1.970286e-08,1.817986e-08,2.268802e-08,1.37119e-08,782.63,100.16,73946.43,9463.15,437.51,48.92
4.05087,4,0.2886,0.034,0.029,5.363,5.802,0.9880,0.00942,270.10,53.80,0.56939652,0.7231335804,2.28,1.963394e-08,1.810257e-08,2.258539e-08,1.365793e-08,775.31,100.34,73254.99,9480.56,433.35,49.02
4.05112,4,0.2886,0.034,0.029,5.363,5.802,0.9880,0.00942,270.10,53.80,0.5693955199999999,0.7231323103999999,2.28,1.959446e-08,1.805914e-08,2.250059e-08,1.360689e-08,771.46,100.34,72891.22,9480.99,431.15,49.02
4.05138,4,0.2886,0.034,0.029,5.363,5.802,0.9880,0.00942,270.10,53.80,0.5693944799999999,0.7231309895999999,2.28,1.955497e-08,1.804231e-08,2.241691e-08,1.356449e-08,782.29,100.50,73914.20,9495.52,437.32,49.11
4.05162,4,0.2887,0.034,0.029,5.363,5.802,0.9880,0.00942,270.10,53.80,0.56939352,0.7231297704,2.28,1.950641e-08,1.804176e-08,2.233173e-08,1.351022e-08,808.18,100.48,76361.17,9493.95,452.06,49.10
4.05187,4,0.2887,0.034,0.029,5.363,5.802,0.9880,0.00942,270.10,53.80,0.56939252,0.7231285004,2.28,1.947135e-08,1.79537e-08,2.226341e-08,1.345618e-08,776.15,100.24,73334.76,9471.31,433.82,48.97
4.05213,4,0.2887,0.034,0.029,5.363,5.802,0.9880,0.00942,270.10,53.80,0.56939148,0.7231271796,2.28,1.941619e-08,1.792728e-08,2.21656e-08,1.339489e-08,789.97,100.20,74640.32,9467.43,441.69,48.94
4.05237,4,0.2888,0.034,0.029,5.363,5.802,0.9880,0.00942,270.10,53.80,0.56939052,0.7231259604,2.28,1.935882e-08,1.790277e-08,2.210488e-08,1.336598e-08,806.97,100.38,76246.84,9484.66,451.37,49.05
4.05262,4,0.2888,0.034,0.029,5.363,5.802,0.9880,0.00942,270.10,53.80,0.56938952,0.7231246903999999,2.28,1.931007e-08,1.788118e-08,2.203513e-08,1.331901e-08,821.32,100.29,77602.43,9476.04,459.54,48.99
4.05288,4,0.2888,0.034,0.029,5.363,5.802,0.9880,0.00942,270.10,53.80,0.56938848,0.7231233696,2.28,1.92546e-08,1.776952e-08,2.19642e-08,1.329288e-08,785.31,100.61,74199.98,9506.31,439.04,49.18
4.05312,4,0.2889,0.034,0.029,5.363,5.802,0.9880,0.00942,270.10,53.80,0.5693875199999999,0.7231221503999999,2.28,1.921269e-08,1.762319e-08,2.184592e-08,1.325573e-08,727.93,101.31,68778.43,9572.58,406.36,49.58
4.05337,4,0.2889,0.034,0.029,5.363,5.802,0.9880,0.00942,270.10,53.80,0.56938652,0.7231208804,2.28,1.916643e-08,1.752074e-08,2.17732e-08,1.323654e-08,698.99,101.80,66043.90,9618.66,389.88,49.85
4.05363,4,0.2889,0.034,0.029,5.363,5.802,0.9880,0.00942,270.10,53.80,0.56938548,0.7231195596,2.28,1.911205e-08,1.756449e-08,2.170502e-08,1.399779e-08,745.17,119.24,70407.08,11266.51,416.18,59.78
4.05387,4,0.2889,0.034,0.029,5.363,5.802,0.9880,0.00942,270.10,53.80,0.56938452,0.7231183403999999,2.28,1.905488e-08,1.733616e-08,2.163837e-08,1.355238e-08,662.24,110.04,62571.42,10397.06,368.96,54.54
4.05412,4,0.2890,0.034,0.029,5.363,5.802,0.9880,0.00942,270.10,53.80,0.5693835199999999,0.7231170704,2.28,1.899641e-08,1.713073e-08,2.155182e-08,1.324077e-08,603.05,104.63,56979.32,9886.35,335.26,51.47
4.05438,4,0.2890,0.034,0.029,5.363,5.802,0.9880,0.00942,270.10,53.80,0.5693824799999999,0.7231157495999999,2.28,1.893549e-08,1.693301e-08,2.148287e-08,1.294662e-08,555.37,99.61,52474.04,9411.69,308.11,48.61
4.05462,4,0.2890,0.034,0.029,5.363,5.802,0.9880,0.00942,270.10,53.80,0.56938152,0.7231145304,2.28,1.888937e-08,1.682969e-08,2.139874e-08,1.315101e-08,536.65,104.72,50705.48,9894.71,297.45,51.52
4.05488,4,0.2891,0.034,0.029,5.363,5.802,0.9880,0.00942,270.10,53.80,0.56938048,0.7231132095999999,2.28,1.882494e-08,1.662816e-08,2.135013e-08,1.306455e-08,497.31,103.59,46987.94,9788.14,275.05,50.87
4.05513,4,0.2891,0.034,0.029,5.363,5.802,0.9880,0.00942,270.10,53.80,0.5693794799999999,0.7231119396,2.28,1.877035e-08,1.634982e-08,2.126999e-08,1.290298e-08,443.78,101.32,41930.62,9573.01,244.57,49.58
4.05537,4,0.2891,0.034,0.029,5.363,5.802,0.9880,0.00942,270.10,53.80,0.56937852,0.7231107204,2.28,1.871302e-08,1.625802e-08,2.120036e-08,1.317543e-08,435.09,107.87,41109.76,10191.83,239.62,53.31
4.05563,4,0.2892,0.034,0.029,5.362,5.802,0.9880,0.00942,270.10,53.80,0.56937748,0.7231093996,2.28,1.86431e-08,1.600492e-08,2.113526e-08,1.313135e-08,398.72,107.83,37672.81,10187.93,218.91,53.28
4.05588,4,0.2892,0.034,0.029,5.362,5.802,0.9880,0.00942,270.10,53.80,0.56937648,0.7231081295999999,2.28,1.860038e-08,1.568293e-08,2.106085e-08,1.278063e-08,353.30,101.44,33381.26,9584.94,193.05,49.65
4.05612,4,0.2892,0.034,0.029,5.362,5.802,0.9880,0.00942,270.10,53.80,0.5693755199999999,0.7231069103999999,2.28,1.855342e-08,1.54836e-08,2.101508e-08,1.308161e-08,331.49,108.37,31321.17,10239.46,180.63,53.59
4.05638,4,0.2893,0.034,0.029,5.362,5.802,0.9880,0.00942,270.10,53.80,0.56937448,0.7231055896,2.28,1.849618e-08,1.522824e-08,2.093545e-08,1.286817e-08,306.37,104.87,28947.08,9908.75,166.33,51.60
4.05663,4,0.2893,0.034,0.029,5.362,5.802,0.9880,0.00942,270.10,53.80,0.56937348,0.7231043196,2.28,1.844721e-08,1.503482e-08,2.086802e-08,1.286018e-08,289.67,105.58,27369.61,9976.10,156.82,52.01
4.05687,4,0.2893,0.034,0.029,5.362,5.802,0.9880,0.00942,270.10,53.80,0.5693725199999999,0.7231031003999999,2.28,1.84025e-08,1.489342e-08,2.079259e-08,1.285793e-08,279.04,106.54,26365.15,10066.35,150.77,52.55
4.05713,4,0.2894,0.034,0.029,5.362,5.802,0.9880,0.00942,270.10,53.80,0.5693714799999999,0.7231017795999999,2.28,1.834739e-08,1.471637e-08,2.071804e-08,1.283395e-08,266.56,107.06,25185.54,10115.51,143.66,52.85
4.05738,4,0.2894,0.034,0.029,5.362,5.802,0.9880,0.00942,270.10,53.80,0.56937048,0.7231005096,2.28,1.829405e-08,1.458938e-08,2.065307e-08,1.30505e-08,259.00,112.90,24471.83,10667.09,139.36,56.17
4.05762,4,0.2894,0.034,0.029,5.362,5.802,0.9880,0.00942,270.10,53.80,0.56936952,0.7230992904,2.28,1.822533e-08,1.448998e-08,2.05849e-08,1.340192e-08,255.12,122.71,24105.47,11594.22,137.15,61.76
4.05788,4,0.2894,0.034,0.029,5.362,5.802,0.9880,0.00942,270.10,53.80,0.56936848,0.7230979696,2.28,1.814649e-08,1.419477e-08,2.052059e-08,1.278427e-08,236.24,108.68,22321.40,10268.82,126.40,53.77
4.05813,4,0.2895,0.034,0.029,5.362,5.802,0.9880,0.00942,270.10,53.80,0.5693674799999999,0.7230966995999999,2.28,1.809998e-08,1.392028e-08,2.044238e-08,1.215565e-08,219.11,96.51,20702.94,9118.52,116.65,46.84
4.05837,4,0.2895,0.034,0.029,5.362,5.802,0.9880,0.00942,270.10,53.80,0.56936652,0.7230954804,2.28,1.80225e-08,1.378016e-08,2.037971e-08,1.211134e-08,213.71,96.37,20191.94,9105.45,113.57,46.76
4.05863,4,0.2895,0.034,0.029,5.362,5.802,0.9880,0.00942,270.10,53.80,0.56936548,0.7230941596,2.28,1.798412e-08,1.362826e-08,2.033717e-08,1.192869e-08,205.84,93.33,19448.93,8818.70,109.09,45.03
4.05887,4,0.2896,0.034,0.029,5.362,5.802,0.9880,0.00942,270.10,53.80,0.5693645199999999,0.7230929403999999,2.28,1.794919e-08,1.361642e-08,2.02709e-08,1.18927e-08,206.83,93.42,19542.34,8826.91,109.65,45.08
4.05912,4,0.2896,0.034,0.029,5.362,5.802,0.9880,0.00942,270.10,53.80,0.56936352,0.7230916704,2.28,1.790341e-08,1.355244e-08,2.020913e-08,1.183657e-08,205.00,93.04,19369.15,8791.17,108.61,44.86
4.05938,4,0.2896,0.034,0.029,5.362,5.802,0.9880,0.00942,270.10,53.80,0.56936248,0.7230903496000001,2.28,1.788396e-08,1.349119e-08,2.013832e-08,1.178673e-08,202.13,92.88,19098.14,8776.14,106.97,44.77
4.05962,4,0.2897,0.034,0.029,5.362,5.802,0.9880,0.00942,270.10,53.80,0.56936152,0.7230891304,2.28,1.782777e-08,1.348239e-08,2.006493e-08,1.173445e-08,204.27,92.74,19300.49,8762.38,108.19,44.69
4.05987,4,0.2897,0.034,0.029,5.362,5.802,0.9880,0.00942,270.10,53.80,0.5693605199999999,0.7230878604,2.28,1.780481e-08,1.347393e-08,1.998648e-08,1.171468e-08,204.83,93.24,19352.95,8809.67,108.51,44.98
4.06013,4,0.2897,0.034,0.029,5.362,5.802,0.9880,0.00942,270.10,53.80,0.5693594799999999,0.7230865395999999,2.28,1.77734e-08,1.343587e-08,1.993747e-08,1.169419e-08,203.93,93.40,19268.70,8824.69,108.00,45.07
4.06037,4,0.2898,0.034,0.029,5.362,5.802,0.9880,0.00942,270.10,53.80,0.56935852,0.7230853204,2.28,1.773165e-08,1.33333e-08,1.988119e-08,1.166629e-08,199.65,93.53,18863.70,8837.09,105.56,45.14
4.06062,4,0.2898,0.034,0.029,5.362,5.802,0.9880,0.00942,270.10,53.80,0.56935752,0.7230840503999999,2.28,1.771228e-08,1.322534e-08,1.980559e-08,1.163587e-08,194.12,93.80,18341.53,8862.79,102.41,45.30
4.06088,4,0.2898,0.034,0.029,5.362,5.802,0.9880,0.00942,270.10,53.80,0.5693564799999999,0.7230827296,2.28,1.767973e-08,1.303086e-08,1.973184e-08,1.158909e-08,184.60,93.73,17442.34,8856.40,96.99,45.26
4.06112,4,0.2899,0.034,0.029,5.361,5.802,0.9880,0.00942,270.10,53.80,0.56935552,0.7230815104,2.28,1.764556e-08,1.287416e-08,1.964207e-08,1.154647e-08,177.76,93.97,16795.85,8878.28,93.10,45.39
4.06137,4,0.2899,0.034,0.029,5.361,5.802,0.9880,0.00942,270.10,53.80,0.56935452,0.7230802404,2.28,1.760415e-08,1.264487e-08,1.957281e-08,1.149455e-08,167.98,93.74,15871.74,8857.33,87.53,45.26
4.06163,4,0.2899,0.034,0.029,5.361,5.802,0.9880,0.00942,270.10,53.80,0.56935348,0.7230789195999999,2.28,1.758626e-08,1.243959e-08,1.949344e-08,1.144338e-08,159.24,93.65,15045.57,8848.79,82.55,45.21
4.06187,4,0.2899,0.034,0.029,5.361,5.802,0.9880,0.00942,270.10,53.80,0.5693525199999999,0.7230777003999999,2.28,1.753799e-08,1.222597e-08,1.942334e-08,1.139135e-08,151.63,93.44,14326.91,8828.38,78.22,45.09
4.06212,4,0.2900,0.034,0.029,5.361,5.802,0.9880,0.00942,270.10,53.80,0.56935152,0.7230764304,2.28,1.752102e-08,1.203861e-08,1.93316e-08,1.133303e-08,144.72,93.38,13673.62,8822.92,74.28,45.05
4.06238,4,0.2900,0.034,0.029,5.361,5.802,0.9880,0.00942,270.10,53.80,0.56935048,0.7230751096,2.28,1.748701e-08,1.188212e-08,1.925327e-08,1.128278e-08,139.71,93.29,13200.96,8814.74,71.44,45.01
4.06262,4,0.2900,0.034,0.029,5.361,5.802,0.9880,0.00942,270.10,53.80,0.5693495199999999,0.7230738903999999,2.28,1.746132e-08,1.179002e-08,1.916551e-08,1.121982e-08,137.01,93.06,12945.25,8792.91,69.89,44.87
4.06288,4,0.2901,0.034,0.029,5.361,5.802,0.9880,0.00942,270.10,53.80,0.5693484799999999,0.7230725695999999,2.28,1.742545e-08,1.172971e-08,1.908255e-08,1.118801e-08,135.77,93.43,12828.19,8827.84,69.19,45.08
4.06313,4,0.2901,0.034,0.029,5.361,5.802,0.9880,0.00942,270.10,53.80,0.5693474799999999,0.7230712995999999,2.28,1.741374e-08,1.171723e-08,1.902169e-08,1.114763e-08,135.61,93.34,12812.81,8818.85,69.10,45.03
4.06337,4,0.2901,0.034,0.029,5.361,5.802,0.9880,0.00942,270.10,53.80,0.56934652,0.7230700804,2.28,1.737599e-08,1.172469e-08,1.895108e-08,1.111572e-08,136.78,93.53,12923.53,8837.04,69.76,45.14
4.06363,4,0.2902,0.034,0.029,5.361,5.802,0.9880,0.00942,270.10,53.80,0.56934548,0.7230687595999999,2.28,1.737574e-08,1.179482e-08,1.890223e-08,1.107714e-08,139.38,93.36,13169.32,8820.97,71.24,45.04
4.06388,4,0.2902,0.034,0.029,5.361,5.802,0.9880,0.00942,270.10,53.80,0.5693444799999999,0.7230674895999999,2.28,1.737061e-08,1.185271e-08,1.882759e-08,1.104387e-08,141.66,93.57,13385.11,8841.22,72.54,45.16
4.06412,4,0.2902,0.034,0.029,5.361,5.802,0.9880,0.00942,270.10,53.80,0.56934352,0.7230662704,2.28,1.733497e-08,1.193203e-08,1.873631e-08,1.099448e-08,145.65,93.66,13761.39,8849.30,74.81,45.21
4.06438,4,0.2903,0.034,0.029,5.361,5.802,0.9880,0.00942,270.10,53.80,0.56934248,0.7230649496,2.28,1.733125e-08,1.201735e-08,1.864422e-08,1.094375e-08,149.20,93.76,14096.88,8858.83,76.83,45.27
4.06463,4,0.2903,0.034,0.029,5.361,5.802,0.9880,0.00942,270.10,53.80,0.56934148,0.7230636796,2.28,1.732972e-08,1.210678e-08,1.856888e-08,1.089458e-08,152.92,93.66,14449.11,8849.10,78.96,45.21
4.06487,4,0.2903,0.034,0.029,5.361,5.802,0.9880,0.00942,270.10,53.80,0.5693405199999999,0.7230624603999999,2.28,1.729059e-08,1.222094e-08,1.85018e-08,1.086068e-08,159.03,93.77,15026.38,8859.88,82.43,45.28
4.06513,4,0.2904,0.034,0.029,5.361,5.802,0.9880,0.00942,270.10,53.80,0.56933948,0.7230611396000001,2.28,1.726564e-08,1.234985e-08,1.843236e-08,1.081849e-08,165.80,93.77,15665.55,8860.09,86.29,45.28
4.06538,4,0.2904,0.034,0.029,5.361,5.802,0.9880,0.00942,270.10,53.80,0.56933848,0.7230598696,2.28,1.723568e-08,1.245208e-08,1.837579e-08,1.078546e-08,171.79,93.78,16231.71,8860.44,89.70,45.28
4.06562,4,0.2904,0.034,0.029,5.361,5.802,0.9880,0.00942,270.10,53.80,0.5693375199999999,0.7230586504,2.28,1.72342e-08,1.257786e-08,1.828782e-08,1.078522e-08,178.27,94.87,16843.77,8963.85,93.38,45.90
4.06588,4,0.2904,0.034,0.029,5.361,5.802,0.9880,0.00942,270.10,53.80,0.5693364799999999,0.7230573295999999,2.28,1.720427e-08,1.271255e-08,1.821743e-08,1.075844e-08,186.78,95.19,17648.07,8993.87,98.23,46.08
4.06613,4,0.2905,0.034,0.029,5.361,5.802,0.9880,0.00942,270.10,53.80,0.56933548,0.7230560596,2.28,1.718649e-08,1.279981e-08,1.810702e-08,1.074903e-08,192.63,96.44,18200.96,9112.48,101.56,46.80
4.06637,4,0.2905,0.034,0.029,5.361,5.802,0.9880,0.00942,270.10,53.80,0.56933452,0.7230548403999999,2.28,1.716474e-08,1.289152e-08,1.80402e-08,1.072805e-08,199.16,96.86,18818.09,9151.71,105.28,47.03
4.06663,4,0.2905,0.034,0.029,5.361,5.802,0.9880,0.00942,270.10,53.80,0.56933348,0.7230535196,2.28,1.713688e-08,1.294486e-08,1.795715e-08,1.068145e-08,203.86,96.92,19261.97,9157.61,107.95,47.07
4.06687,4,0.2906,0.034,0.029,5.360,5.802,0.9880,0.00942,270.10,53.80,0.56933252,0.7230523004,2.28,1.709996e-08,1.300089e-08,1.789858e-08,1.064993e-08,209.46,97.03,19790.82,9167.81,111.14,47.13
4.06712,4,0.2906,0.034,0.029,5.360,5.802,0.9880,0.00942,270.10,53.80,0.56933152,0.7230510304,2.28,1.707918e-08,1.307827e-08,1.782595e-08,1.060677e-08,215.88,97.03,20397.06,9167.93,114.79,47.13
4.06738,4,0.2906,0.034,0.029,5.360,5.802,0.9880,0.00942,270.10,53.80,0.56933048,0.7230497095999999,2.28,1.705948e-08,1.313341e-08,1.776815e-08,1.056962e-08,220.92,96.97,20873.52,9162.03,117.66,47.10
4.06762,4,0.2907,0.034,0.029,5.360,5.802,0.9880,0.00942,270.10,53.80,0.5693295199999999,0.7230484904,2.28,1.703996e-08,1.315342e-08,1.770302e-08,1.052675e-08,223.58,96.91,21125.21,9156.32,119.18,47.06
4.06787,4,0.2907,0.034,0.029,5.360,5.802,0.9880,0.00942,270.10,53.80,0.56932852,0.7230472204,2.28,1.700862e-08,1.316859e-08,1.7614e-08,1.048384e-08,226.55,97.14,21405.74,9177.97,120.87,47.19
4.06813,4,0.2907,0.034,0.029,5.360,5.802,0.9880,0.00942,270.10,53.80,0.56932748,0.7230458996,2.28,1.697437e-08,1.320384e-08,1.757469e-08,1.044699e-08,231.35,96.83,21858.65,9148.87,123.60,47.02
4.06837,4,0.2908,0.034,0.029,5.360,5.802,0.9880,0.00942,270.10,53.80,0.56932652,0.7230446803999999,2.28,1.693219e-08,1.32349e-08,1.749123e-08,1.040695e-08,236.56,97.08,22351.78,9172.82,126.57,47.16
4.06862,4,0.2908,0.034,0.029,5.360,5.802,0.9880,0.00942,270.10,53.80,0.5693255199999999,0.7230434103999999,2.28,1.691235e-08,1.368921e-08,1.741862e-08,1.039987e-08,280.68,97.92,26520.04,9252.16,151.69,47.64
4.06888,4,0.2908,0.034,0.029,5.360,5.802,0.9880,0.00942,270.11,53.80,0.5693244799999999,0.7230420895999999,2.28,1.687427e-08,1.439763e-08,1.737006e-08,1.039801e-08,384.18,98.56,36299.70,9312.46,210.61,48.00
4.06912,4,0.2909,0.034,0.029,5.360,5.802,0.9880,0.00942,270.11,53.80,0.56932352,0.7230408704,2.28,1.683716e-08,1.476856e-08,1.7304e-08,1.036731e-08,471.98,98.80,44594.97,9335.51,260.60,48.14
4.06937,4,0.2909,0.034,0.029,5.360,5.802,0.9880,0.00942,270.11,53.80,0.5693225199999999,0.7230396003999999,2.28,1.681068e-08,1.47686e-08,1.726014e-08,1.034425e-08,478.11,98.88,45174.23,9342.76,264.09,48.18
4.06963,4,0.2909,0.034,0.029,5.360,5.802,0.9880,0.00942,270.11,53.80,0.5693214799999999,0.7230382795999999,2.28,1.676951e-08,1.470831e-08,1.72072e-08,1.030901e-08,471.74,98.80,44572.49,9334.82,260.46,48.14
4.06987,4,0.2909,0.034,0.029,5.360,5.802,0.9880,0.00942,270.11,53.80,0.56932052,0.7230370604,2.28,1.674037e-08,1.466175e-08,1.714161e-08,1.026834e-08,466.31,98.76,44059.03,9331.71,257.37,48.12
4.07012,4,0.2910,0.034,0.029,5.360,5.802,0.9880,0.00942,270.11,53.80,0.56931952,0.7230357904,2.28,1.669043e-08,1.456263e-08,1.709158e-08,1.022198e-08,452.61,98.40,42764.41,9297.73,249.57,47.91
4.07038,4,0.2910,0.034,0.029,5.360,5.802,0.9880,0.00942,270.11,53.80,0.56931848,0.7230344696,2.28,1.667332e-08,1.446766e-08,1.704583e-08,1.018963e-08,433.78,98.28,40985.78,9286.42,238.85,47.84
4.07062,4,0.2910,0.034,0.029,5.360,5.802,0.9880,0.00942,270.11,53.80,0.5693175199999999,0.7230332503999999,2.28,1.6626e-08,1.439885e-08,1.698135e-08,1.016692e-08,427.55,98.67,40397.25,9322.52,235.30,48.06
4.07088,4,0.2911,0.034,0.029,5.360,5.802,0.9880,0.00942,270.11,53.80,0.56931648,0.7230319296000001,2.28,1.659494e-08,1.437139e-08,1.692293e-08,1.014961e-08,427.57,99.13,40399.37,9366.35,235.31,48.33
4.07113,4,0.2911,0.034,0.029,5.360,5.802,0.9880,0.00942,270.11,53.80,0.56931548,0.7230306596,2.28,1.655477e-08,1.429784e-08,1.688777e-08,1.013982e-08,419.09,99.41,39598.16,9392.50,230.49,48.48
4.07137,4,0.2911,0.034,0.029,5.360,5.802,0.9880,0.00942,270.11,53.80,0.5693145199999999,0.7230294404,2.28,1.651439e-08,1.422142e-08,1.683823e-08,1.012801e-08,410.30,99.85,38767.45,9434.31,225.48,48.73
4.07163,4,0.2912,0.034,0.029,5.359,5.802,0.9880,0.00942,270.11,53.80,0.5693134799999999,0.7230281195999999,2.28,1.647e-08,1.411799e-08,1.679143e-08,1.012611e-08,397.23,100.54,37532.33,9499.34,218.04,49.13
4.07188,4,0.2912,0.034,0.029,5.359,5.802,0.9880,0.00942,270.11,53.80,0.56931248,0.7230268496000001,2.28,1.644163e-08,1.37289e-08,1.675068e-08,1.008811e-08,334.92,100.20,31644.70,9467.60,182.56,48.94
4.07212,4,0.2912,0.034,0.029,5.359,5.802,0.9880,0.00942,270.11,53.80,0.56931152,0.7230256304,2.28,1.640278e-08,1.299846e-08,1.673422e-08,1.004319e-08,252.68,99.33,23874.45,9385.35,135.74,48.44
4.07238,4,0.2913,0.034,0.029,5.359,5.802,0.9880,0.00942,270.11,53.80,0.56931048,0.7230243096,2.28,1.638278e-08,1.254722e-08,1.669537e-08,9.996662e-09,216.56,98.79,20461.60,9334.37,115.18,48.13
4.07263,4,0.2913,0.034,0.029,5.359,5.802,0.9880,0.00942,270.11,53.80,0.5693094799999999,0.7230230395999999,2.28,1.636172e-08,1.245842e-08,1.665638e-08,9.977849e-09,211.29,98.90,19964.20,9344.95,112.18,48.20
4.07287,4,0.2913,0.034,0.028,5.359,5.802,0.9880,0.00942,270.11,53.80,0.56930852,0.7230218204,2.28,1.631913e-08,1.239369e-08,1.662347e-08,9.950557e-09,209.01,98.72,19748.76,9327.37,110.88,48.09
4.07313,4,0.2914,0.034,0.028,5.359,5.802,0.9880,0.00942,270.11,53.80,0.56930748,0.7230204996,2.28,1.628694e-08,1.233515e-08,1.658753e-08,9.921114e-09,206.71,98.56,19531.12,9312.03,109.57,48.00
4.07338,4,0.2914,0.034,0.028,5.359,5.802,0.9880,0.00942,270.11,53.80,0.56930648,0.7230192296,2.28,1.626434e-08,1.226399e-08,1.653876e-08,9.900234e-09,203.02,98.76,19182.73,9331.48,107.47,48.12
4.07362,4,0.2914,0.034,0.028,5.359,5.802,0.9880,0.00942,270.11,53.80,0.56930552,0.7230180104,2.28,1.623055e-08,1.221657e-08,1.651913e-08,9.88843e-09,201.55,98.76,19043.67,9331.35,106.63,48.11
4.07388,4,0.2914,0.034,0.028,5.359,5.802,0.9880,0.00942,270.11,53.80,0.56930448,0.7230166896,2.28,1.621311e-08,1.219843e-08,1.648796e-08,9.86708e-09,201.22,98.69,19012.08,9325.01,106.44,48.08
4.07413,4,0.2915,0.034,0.028,5.359,5.802,0.9880,0.00942,270.11,53.80,0.56930348,0.7230154195999999,2.28,1.61844e-08,1.215929e-08,1.64537e-08,9.868105e-09,200.12,99.27,18908.45,9379.17,105.82,48.40
4.07437,4,0.2915,0.034,0.028,5.359,5.802,0.9880,0.00942,270.11,53.80,0.5693025199999999,0.7230142003999999,2.28,1.615919e-08,1.214573e-08,1.641988e-08,9.857996e-09,200.48,99.52,18942.19,9403.42,106.02,48.55
4.07463,4,0.2915,0.034,0.028,5.359,5.802,0.9880,0.00942,270.11,53.80,0.5693014799999999,0.7230128795999999,2.28,1.613143e-08,1.215483e-08,1.638364e-08,9.866821e-09,202.49,100.30,19132.09,9476.92,107.17,48.99
4.07487,4,0.2916,0.034,0.028,5.359,5.802,0.9880,0.00942,270.11,53.80,0.56930052,0.7230116604,2.28,1.610649e-08,1.207947e-08,1.635492e-08,9.857788e-09,198.78,100.55,18781.86,9500.19,105.06,49.13
4.07512,4,0.2916,0.034,0.028,5.359,5.802,0.9880,0.00942,270.11,53.80,0.56929952,0.7230103903999999,2.28,1.609947e-08,1.202687e-08,1.633843e-08,9.832632e-09,195.70,100.16,18490.79,9463.32,103.30,48.91
4.07538,4,0.2916,0.034,0.028,5.359,5.802,0.9880,0.00942,270.11,53.80,0.5692984799999999,0.7230090695999999,2.28,1.608629e-08,1.194064e-08,1.629264e-08,9.799619e-09,190.87,100.02,18034.72,9450.11,100.55,48.83
4.07562,4,0.2917,0.034,0.028,5.359,5.802,0.9880,0.00942,270.11,53.80,0.56929752,0.7230078504,2.28,1.606265e-08,1.186082e-08,1.625081e-08,9.761165e-09,187.13,99.71,17680.71,9421.15,98.42,48.65
4.07587,4,0.2917,0.034,0.028,5.359,5.802,0.9880,0.00943,270.11,53.80,0.56929652,0.7230065804,2.28,1.603281e-08,1.178012e-08,1.622583e-08,9.734504e-09,183.63,99.41,17350.40,9392.99,96.43,48.49
4.07613,4,0.2917,0.034,0.028,5.359,5.802,0.9880,0.00943,270.11,53.80,0.56929548,0.7230052596,2.28,1.601405e-08,1.173617e-08,1.617553e-08,9.70376e-09,181.87,99.40,17183.88,9391.62,95.43,48.48
4.07637,4,0.2918,0.034,0.028,5.359,5.802,0.9880,0.00943,270.11,53.80,0.5692945199999999,0.7230040403999999,2.28,1.597768e-08,1.17066e-08,1.613678e-08,9.684713e-09,181.76,99.54,17173.76,9405.03,95.37,48.56
4.07662,4,0.2918,0.034,0.028,5.359,5.802,0.9880,0.00943,270.11,53.80,0.56929352,0.7230027704,2.28,1.59645e-08,1.165831e-08,1.60916e-08,9.646066e-09,179.54,99.24,16963.47,9376.99,94.10,48.39
4.07688,4,0.2918,0.034,0.028,5.359,5.802,0.9880,0.00943,270.11,53.80,0.56929248,0.7230014496,2.28,1.595063e-08,1.15717e-08,1.605649e-08,9.609662e-09,175.24,98.85,16557.75,9339.73,91.65,48.16
4.07712,4,0.2919,0.034,0.028,5.358,5.802,0.9880,0.00943,270.11,53.80,0.5692915199999999,0.7230002303999999,2.28,1.591156e-08,1.14494e-08,1.601428e-08,9.568484e-09,170.21,98.47,16082.69,9304.38,88.79,47.95
4.07737,4,0.2919,0.034,0.028,5.358,5.802,0.9880,0.00943,270.11,53.80,0.5692905199999999,0.7229989603999999,2.28,1.588449e-08,1.129502e-08,1.596107e-08,9.526005e-09,163.26,98.20,15425.72,9278.52,84.83,47.79
4.07763,4,0.2919,0.034,0.028,5.358,5.802,0.9880,0.00943,270.11,53.80,0.5692894799999999,0.7229976395999999,2.28,1.587624e-08,1.112113e-08,1.593172e-08,9.490572e-09,155.15,97.74,14659.17,9235.28,80.21,47.53
4.07787,4,0.2919,0.034,0.028,5.358,5.802,0.9880,0.00943,270.11,53.80,0.56928852,0.7229964204,2.28,1.585927e-08,1.096433e-08,1.588471e-08,9.456389e-09,148.59,97.59,14039.63,9220.38,76.48,47.44
4.07812,4,0.2920,0.034,0.028,5.358,5.802,0.9880,0.00943,270.11,53.80,0.5692875199999999,0.7229951504,2.28,1.584516e-08,1.083038e-08,1.583156e-08,9.435702e-09,143.32,97.90,13541.34,9250.07,73.48,47.62
4.07838,4,0.2920,0.034,0.028,5.358,5.802,0.9880,0.00943,270.11,53.80,0.5692864799999999,0.7229938295999999,2.28,1.583699e-08,1.072206e-08,1.579322e-08,9.393136e-09,139.11,97.39,13143.42,9202.26,71.08,47.34
4.07862,4,0.2920,0.034,0.028,5.358,5.802,0.9880,0.00943,270.11,53.80,0.56928552,0.7229926104,2.28,1.580537e-08,1.064814e-08,1.57375e-08,9.342486e-09,137.01,96.95,12945.74,9159.90,69.89,47.08
4.07888,4,0.2921,0.034,0.028,5.358,5.802,0.9880,0.00943,270.11,53.80,0.56928448,0.7229912896,2.28,1.579177e-08,1.063076e-08,1.570093e-08,9.318553e-09,136.74,96.92,12919.57,9157.66,69.73,47.07
4.07913,4,0.2921,0.034,0.028,5.358,5.802,0.9880,0.00943,270.11,53.80,0.56928348,0.7229900196,2.28,1.578248e-08,1.064885e-08,1.564378e-08,9.298025e-09,137.70,97.27,13010.58,9190.22,70.28,47.26
4.07937,4,0.2921,0.034,0.028,5.358,5.802,0.9880,0.00943,270.11,53.80,0.56928252,0.7229888004,2.28,1.575587e-08,1.060938e-08,1.559446e-08,9.264854e-09,136.85,97.17,12929.96,9180.80,69.79,47.21
4.07963,4,0.2922,0.034,0.028,5.358,5.802,0.9880,0.00943,270.11,53.80,0.56928148,0.7229874796,2.28,1.574915e-08,1.055972e-08,1.554972e-08,9.240891e-09,135.13,97.27,12767.32,9190.35,68.81,47.26
4.07988,4,0.2922,0.034,0.028,5.358,5.802,0.9880,0.00943,270.11,53.80,0.56928048,0.7229862095999999,2.28,1.573052e-08,1.056487e-08,1.549549e-08,9.217556e-09,135.81,97.50,12832.35,9212.26,69.21,47.39
4.08012,4,0.2922,0.034,0.028,5.358,5.802,0.9880,0.00943,270.11,53.80,0.5692795199999999,0.7229849904,2.28,1.572295e-08,1.059728e-08,1.544605e-08,9.195145e-09,137.29,97.68,12972.12,9229.60,70.05,47.50
4.08038,4,0.2923,0.034,0.028,5.358,5.802,0.9880,0.00943,270.11,53.80,0.5692784799999999,0.7229836695999999,2.28,1.570693e-08,1.059048e-08,1.540948e-08,9.171743e-09,137.50,97.67,12991.60,9228.70,70.17,47.49
4.08063,4,0.2923,0.034,0.028,5.358,5.802,0.9880,0.00943,270.11,53.80,0.56927748,0.7229823996,2.28,1.569458e-08,1.056774e-08,1.535214e-08,9.146157e-09,136.93,97.90,12937.43,9250.04,69.84,47.62
4.08087,4,0.2923,0.034,0.028,5.358,5.802,0.9880,0.00943,270.11,53.80,0.56927652,0.7229811803999999,2.28,1.568207e-08,1.053595e-08,1.530931e-08,9.113585e-09,136.00,97.71,12850.19,9232.36,69.31,47.52
4.08113,4,0.2924,0.034,0.028,5.358,5.802,0.9880,0.00943,270.11,53.80,0.56927548,0.7229798595999999,2.28,1.567713e-08,1.049587e-08,1.525976e-08,9.084952e-09,134.61,97.77,12718.83,9237.69,68.52,47.55
4.08138,4,0.2924,0.034,0.028,5.358,5.802,0.9880,0.00943,270.11,53.80,0.5692744799999999,0.7229785895999999,2.28,1.564645e-08,1.046644e-08,1.521262e-08,9.058772e-09,134.27,97.82,12686.23,9242.44,68.32,47.58
4.08162,4,0.2924,0.034,0.028,5.358,5.802,0.9880,0.00943,270.11,53.80,0.56927352,0.7229773704,2.28,1.564299e-08,1.044653e-08,1.517817e-08,9.029375e-09,133.59,97.58,12622.02,9220.02,67.94,47.44
4.08188,4,0.2924,0.034,0.028,5.358,5.802,0.9880,0.00943,270.11,53.80,0.56927248,0.7229760496,2.28,1.563409e-08,1.043482e-08,1.513047e-08,9.006433e-09,133.37,97.73,12601.05,9233.77,67.81,47.52
4.08212,4,0.2925,0.033,0.028,5.358,5.802,0.9880,0.00943,270.11,53.80,0.5692715199999999,0.7229748303999999,2.28,1.56295e-08,1.04175e-08,1.508967e-08,8.983279e-09,132.86,97.79,12553.51,9239.67,67.52,47.56
4.08237,4,0.2925,0.033,0.028,5.358,5.802,0.9880,0.00943,270.11,53.80,0.56927052,0.7229735604,2.28,1.562352e-08,1.044042e-08,1.505409e-08,8.961841e-09,133.90,97.78,12651.28,9239.02,68.11,47.55
4.08263,4,0.2925,0.033,0.028,5.358,5.802,0.9880,0.00943,270.11,53.80,0.56926948,0.7229722396,2.28,1.560707e-08,1.04499e-08,1.501985e-08,8.955687e-09,134.69,98.17,12726.44,9275.43,68.57,47.77
4.08287,4,0.2926,0.033,0.028,5.357,5.802,0.9880,0.00943,270.11,53.80,0.56926852,0.7229710203999999,2.28,1.558244e-08,1.046769e-08,1.498286e-08,8.948073e-09,136.09,98.60,12858.23,9315.84,69.36,48.02
4.08312,4,0.2926,0.033,0.028,5.357,5.802,0.9880,0.00943,270.11,53.80,0.5692675199999999,0.7229697503999999,2.28,1.558019e-08,1.048776e-08,1.495876e-08,8.944129e-09,136.95,98.88,12939.35,9342.94,69.85,48.18
4.08338,4,0.2926,0.033,0.028,5.357,5.802,0.9880,0.00943,270.11,53.80,0.5692664799999999,0.7229684295999999,2.28,1.557299e-08,1.05171e-08,1.493421e-08,8.93479e-09,138.32,99.03,13069.32,9356.85,70.63,48.26
4.08362,4,0.2927,0.033,0.028,5.357,5.802,0.9880,0.00943,270.11,53.80,0.56926552,0.7229672104,2.28,1.556484e-08,1.056155e-08,1.491373e-08,8.937428e-09,140.41,99.48,13267.07,9399.03,71.82,48.52
4.08387,4,0.2927,0.033,0.028,5.357,5.802,0.9880,0.00943,270.11,53.80,0.5692645199999999,0.7229659404,2.28,1.556647e-08,1.056362e-08,1.486684e-08,8.932693e-09,140.45,100.13,13270.84,9460.78,71.85,48.89
4.08413,4,0.2927,0.033,0.028,5.357,5.802,0.9880,0.00943,270.11,53.80,0.5692634799999999,0.7229646195999999,2.28,1.555595e-08,1.058356e-08,1.486796e-08,8.919941e-09,141.58,99.75,13377.34,9425.25,72.49,48.68
4.08437,4,0.2928,0.033,0.028,5.357,5.802,0.9880,0.00943,270.11,53.80,0.56926252,0.7229634004,2.28,1.556418e-08,1.064952e-08,1.484142e-08,8.922924e-09,144.19,100.32,13623.48,9478.67,73.97,49.00
4.08462,4,0.2928,0.033,0.028,5.357,5.802,0.9880,0.00943,270.11,53.80,0.56926152,0.7229621304,2.28,1.556617e-08,1.07014e-08,1.481915e-08,8.932751e-09,146.37,100.98,13830.24,9540.85,75.22,49.37
4.08488,4,0.2928,0.033,0.028,5.357,5.802,0.9880,0.00943,270.11,53.80,0.56926048,0.7229608096,2.28,1.555635e-08,1.075063e-08,1.479422e-08,8.946456e-09,148.86,101.80,14064.58,9618.62,76.63,49.84
4.08512,4,0.2929,0.033,0.028,5.357,5.802,0.9880,0.00943,270.11,53.80,0.5692595199999999,0.7229595903999999,2.28,1.556542e-08,1.081815e-08,1.478568e-08,8.958254e-09,151.69,102.33,14332.06,9668.21,78.24,50.14
4.08537,4,0.2929,0.033,0.028,5.357,5.802,0.9880,0.00943,270.11,53.80,0.56925852,0.7229583204,2.28,1.55632e-08,1.086168e-08,1.477051e-08,8.963412e-09,153.78,102.74,14529.76,9707.64,79.43,50.38
4.08563,4,0.2929,0.033,0.028,5.357,5.802,0.9880,0.00943,270.11,53.80,0.56925748,0.7229569996,2.28,1.555986e-08,1.089617e-08,1.474994e-08,8.977084e-09,155.52,103.51,14694.13,9780.12,80.42,50.81
4.08587,4,0.2929,0.033,0.028,5.357,5.802,0.9880,0.00943,270.11,53.80,0.5692565199999999,0.7229557804,2.28,1.557053e-08,1.094912e-08,1.474231e-08,8.988601e-09,157.70,103.99,14900.62,9825.26,81.66,51.09
4.08613,4,0.2930,0.033,0.028,5.357,5.802,0.9880,0.00943,270.11,53.80,0.5692554799999999,0.7229544595999999,2.28,1.558063e-08,1.098776e-08,1.473322e-08,8.999495e-09,159.30,104.51,15051.26,9874.82,82.57,51.38
4.08638,4,0.2930,0.033,0.028,5.357,5.802,0.9880,0.00943,270.11,53.80,0.56925448,0.7229531896,2.28,1.55738e-08,1.105661e-08,1.473141e-08,9.014437e-09,162.98,104.99,15399.32,9920.20,84.67,51.66
4.08662,4,0.2930,0.033,0.028,5.357,5.802,0.9880,0.00943,270.11,53.80,0.56925352,0.7229519703999999,2.28,1.557311e-08,1.104422e-08,1.470487e-08,9.012117e-09,162.38,105.41,15342.32,9959.84,84.32,51.90
4.08688,4,0.2931,0.033,0.028,5.357,5.802,0.9880,0.00943,270.11,53.80,0.56925248,0.7229506496,2.28,1.556436e-08,1.103777e-08,1.468691e-08,9.015471e-09,162.42,105.88,15346.39,10004.40,84.35,52.16
4.08713,4,0.2931,0.033,0.028,5.357,5.802,0.9880,0.00943,270.11,53.80,0.5692514799999999,0.7229493795999999,2.28,1.557057e-08,1.1056e-08,1.470118e-08,9.024575e-09,163.12,105.89,15412.66,10005.39,84.75,52.17
4.08737,4,0.2931,0.033,0.028,5.357,5.802,0.9880,0.00943,270.11,53.80,0.56925052,0.7229481604,2.28,1.557499e-08,1.10869e-08,1.469724e-08,9.02479e-09,164.54,105.97,15546.93,10012.96,85.56,52.22
4.08763,4,0.2932,0.033,0.028,5.357,5.802,0.9880,0.00943,270.11,53.80,0.56924948,0.7229468396,2.28,1.557683e-08,1.112551e-08,1.469408e-08,9.042513e-09,166.54,106.61,15735.31,10073.13,86.69,52.58
4.08788,4,0.2932,0.033,0.028,5.357,5.802,0.9880,0.00943,270.11,53.80,0.56924848,0.7229455695999999,2.28,1.558717e-08,1.117251e-08,1.468771e-08,9.071674e-09,168.63,107.63,15933.01,10169.55,87.88,53.16
4.08812,4,0.2932,0.033,0.028,5.357,5.802,0.9880,0.00943,270.11,53.80,0.56924752,0.7229443504,2.28,1.557071e-08,1.119786e-08,1.466469e-08,9.076214e-09,170.63,108.22,16121.84,10224.82,89.02,53.49
4.08838,4,0.2933,0.033,0.028,5.356,5.802,0.9880,0.00943,270.11,53.80,0.56924648,0.7229430296,2.28,1.555438e-08,1.119813e-08,1.466466e-08,9.078667e-09,171.34,108.33,16189.19,10235.62,89.43,53.56
4.08863,4,0.2933,0.033,0.028,5.356,5.802,0.9880,0.00943,270.11,53.80,0.56924548,0.7229417596,2.28,1.55699e-08,1.11329e-08,1.466262e-08,9.072174e-09,167.24,108.17,15801.97,10220.15,87.09,53.46
4.08887,4,0.2933,0.033,0.028,5.356,5.802,0.9880,0.00943,270.11,53.80,0.5692445199999999,0.7229405403999999,2.28,1.557047e-08,1.111022e-08,1.465456e-08,9.076381e-09,166.03,108.46,15687.57,10247.37,86.40,53.63
4.08913,4,0.2934,0.033,0.028,5.356,5.802,0.9880,0.00943,270.11,53.80,0.5692434799999999,0.7229392195999998,2.28,1.557086e-08,1.113942e-08,1.466166e-08,9.102161e-09,167.61,109.17,15836.46,10314.52,87.30,54.03
4.08938,4,0.2934,0.033,0.028,5.356,5.802,0.9880,0.00943,270.11,53.80,0.56924248,0.7229379496,2.28,1.557049e-08,1.110729e-08,1.467035e-08,9.104676e-09,165.94,109.07,15678.41,10305.93,86.35,53.98
4.08962,4,0.2934,0.033,0.028,5.356,5.802,0.9880,0.00943,270.11,53.80,0.56924152,0.7229367304,2.28,1.556963e-08,1.114272e-08,1.468004e-08,9.123894e-09,167.83,109.49,15857.36,10345.39,87.43,54.22
4.08988,4,0.2934,0.033,0.028,5.356,5.802,0.9880,0.00943,270.11,53.80,0.5692404799999999,0.7229354095999999,2.28,1.556083e-08,1.109148e-08,1.468102e-08,9.111119e-09,165.47,109.07,15634.55,10305.39,86.08,53.98
4.09012,4,0.2935,0.033,0.028,5.356,5.802,0.9880,0.00943,270.11,53.80,0.56923952,0.7229341904,2.28,1.55566e-08,1.102173e-08,1.467574e-08,9.093862e-09,162.11,108.67,15316.98,10267.30,84.17,53.75
4.09037,4,0.2935,0.033,0.028,5.356,5.802,0.9880,0.00943,270.11,53.80,0.56923852,0.7229329204,2.28,1.553356e-08,1.098408e-08,1.467601e-08,9.098684e-09,161.04,108.81,15215.64,10281.13,83.56,53.83
4.09063,4,0.2935,0.033,0.028,5.356,5.802,0.9880,0.00943,270.11,53.80,0.56923748,0.7229315996,2.28,1.553513e-08,1.10487e-08,1.467646e-08,9.137217e-09,164.26,110.02,15520.25,10395.65,85.39,54.52
4.09087,4,0.2936,0.033,0.028,5.356,5.802,0.9880,0.00943,270.11,53.80,0.5692365199999999,0.7229303803999999,2.28,1.553616e-08,1.102933e-08,1.467153e-08,9.140303e-09,163.29,110.26,15428.16,10417.78,84.84,54.65
4.09112,4,0.2936,0.033,0.028,5.356,5.802,0.9880,0.00943,270.11,53.80,0.56923552,0.7229291104,2.28,1.553104e-08,1.09724e-08,1.46775e-08,9.13134e-09,160.60,109.85,15174.09,10379.55,83.31,54.42
4.09138,4,0.2936,0.033,0.028,5.356,5.802,0.9880,0.00943,270.11,53.80,0.56923448,0.7229277896,2.28,1.551784e-08,1.097417e-08,1.468048e-08,9.139153e-09,161.15,110.04,15226.54,10397.49,83.62,54.53
4.09162,4,0.2937,0.033,0.028,5.356,5.802,0.9880,0.00943,270.11,53.80,0.5692335199999999,0.7229265704,2.28,1.550773e-08,1.087614e-08,1.468681e-08,9.120751e-09,156.73,109.37,14809.10,10333.96,81.11,54.15
4.09187,4,0.2937,0.033,0.028,5.356,5.802,0.9880,0.00943,270.11,53.80,0.5692325199999999,0.7229253003999999,2.28,1.550403e-08,1.085233e-08,1.468522e-08,9.121115e-09,155.72,109.41,14712.80,10338.01,80.53,54.17
4.09213,4,0.2937,0.033,0.028,5.356,5.802,0.9880,0.00943,270.11,53.80,0.56923148,0.7229239796,2.28,1.547853e-08,1.081092e-08,1.46805e-08,9.135099e-09,154.59,109.95,14606.70,10388.78,79.89,54.48
4.09237,4,0.2938,0.033,0.028,5.356,5.802,0.9880,0.00943,270.11,53.80,0.56923052,0.7229227603999999,2.28,1.545773e-08,1.078471e-08,1.469821e-08,9.139739e-09,154.09,109.79,14559.38,10373.14,79.60,54.38
4.09262,4,0.2938,0.033,0.028,5.356,5.802,0.9880,0.00943,270.11,53.80,0.5692295199999999,0.7229214904,2.28,1.545158e-08,1.073488e-08,1.469821e-08,9.13309e-09,151.96,109.58,14357.90,10353.21,78.39,54.26
4.09288,4,0.2938,0.033,0.028,5.356,5.802,0.9880,0.00943,270.11,53.80,0.5692284799999999,0.7229201695999999,2.28,1.543182e-08,1.069141e-08,1.47038e-08,9.140224e-09,150.59,109.69,14228.24,10364.18,77.61,54.33
4.09312,4,0.2939,0.033,0.028,5.356,5.802,0.9880,0.00943,270.11,53.80,0.56922752,0.7229189504,2.28,1.54183e-08,1.065859e-08,1.470926e-08,9.133628e-09,149.57,109.41,14131.85,10337.82,77.03,54.17
4.09337,4,0.2939,0.033,0.028,5.356,5.802,0.9880,0.00943,270.11,53.80,0.56922652,0.7229176803999999,2.28,1.539064e-08,1.057652e-08,1.473125e-08,9.10937e-09,146.74,108.22,13864.55,10225.55,75.42,53.49
4.09363,4,0.2939,0.033,0.028,5.356,5.802,0.9880,0.00943,270.11,53.80,0.56922548,0.7229163596,2.28,1.536659e-08,1.048842e-08,1.473536e-08,9.078688e-09,143.61,107.20,13568.53,10128.42,73.63,52.91
4.09387,4,0.2939,0.033,0.028,5.356,5.802,0.9880,0.00943,270.11,53.80,0.56922452,0.7229151404,2.28,1.534056e-08,1.044905e-08,1.473114e-08,9.076975e-09,142.68,107.22,13480.74,10131.00,73.10,52.92
4.09413,4,0.2940,0.033,0.028,5.355,5.802,0.9880,0.00943,270.11,53.80,0.56922348,0.7229138196,2.28,1.531253e-08,1.036664e-08,1.472133e-08,9.050284e-09,140.04,106.63,13231.86,10074.57,71.61,52.58
4.09438,4,0.2940,0.033,0.028,5.355,5.802,0.9880,0.00943,270.11,53.80,0.56922248,0.7229125496,2.28,1.527823e-08,1.025211e-08,1.472043e-08,9.023153e-09,136.28,105.82,12876.80,9998.12,69.47,52.12
4.09462,4,0.2940,0.033,0.028,5.355,5.802,0.9880,0.00943,270.11,53.80,0.5692215199999999,0.7229113303999999,2.28,1.52467e-08,1.018011e-08,1.471893e-08,9.024162e-09,134.25,105.88,12684.23,10003.65,68.31,52.16
4.09488,4,0.2941,0.033,0.028,5.355,5.802,0.9880,0.00943,270.11,53.80,0.5692204799999999,0.7229100096,2.28,1.520534e-08,1.007157e-08,1.470743e-08,8.994467e-09,131.12,105.23,12388.99,9942.35,66.53,51.79
4.09513,4,0.2941,0.033,0.028,5.355,5.802,0.9880,0.00943,270.11,53.80,0.56921948,0.7229087396,2.28,1.517955e-08,9.987965e-09,1.470068e-08,8.972665e-09,128.58,104.70,12149.33,9892.19,65.08,51.48
4.09537,4,0.2941,0.033,0.028,5.355,5.802,0.9880,0.00943,270.11,53.80,0.56921852,0.7229075204,2.28,1.513913e-08,9.861965e-09,1.46993e-08,8.930376e-09,124.90,103.46,11801.52,9775.75,62.99,50.78
4.09563,4,0.2942,0.033,0.028,5.355,5.802,0.9880,0.00943,270.11,53.80,0.5692174799999999,0.7229061995999999,2.28,1.509169e-08,9.790944e-09,1.46832e-08,8.913281e-09,123.49,103.28,11668.37,9758.67,62.19,50.68
4.09588,4,0.2942,0.033,0.028,5.355,5.802,0.9880,0.00943,270.11,53.80,0.5692164799999999,0.7229049295999999,2.28,1.50617e-08,9.647988e-09,1.467612e-08,8.863211e-09,119.15,101.94,11258.08,9632.09,59.71,49.92
4.09612,4,0.2942,0.033,0.028,5.355,5.802,0.9880,0.00943,270.11,53.80,0.56921552,0.7229037104,2.28,1.502492e-08,9.550204e-09,1.466849e-08,8.83149e-09,116.63,101.16,11019.80,9558.00,58.28,49.47
4.09638,4,0.2943,0.033,0.028,5.355,5.802,0.9880,0.00943,270.11,53.80,0.56921448,0.7229023896,2.28,1.497123e-08,9.473172e-09,1.466362e-08,8.81009e-09,115.24,100.66,10888.21,9511.15,57.48,49.19
4.09663,4,0.2943,0.033,0.028,5.355,5.802,0.9880,0.00943,270.11,53.80,0.5692134799999999,0.7229011195999999,2.28,1.491098e-08,9.352711e-09,1.466314e-08,8.777015e-09,112.54,99.73,10633.31,9422.97,55.95,48.66
4.09687,4,0.2943,0.033,0.028,5.355,5.802,0.9880,0.00943,270.11,53.80,0.56921252,0.7228999004,2.28,1.486863e-08,9.300012e-09,1.465782e-08,8.766667e-09,111.70,99.53,10553.74,9403.83,55.47,48.54
4.09713,4,0.2944,0.033,0.028,5.355,5.802,0.9880,0.00943,270.11,53.80,0.56921148,0.7228985796,2.28,1.482147e-08,9.202254e-09,1.466251e-08,8.725104e-09,109.57,98.32,10352.29,9289.49,54.26,47.85
4.09738,4,0.2944,0.033,0.028,5.355,5.802,0.9880,0.00943,270.11,53.80,0.56921048,0.7228973096,2.28,1.477409e-08,9.162875e-09,1.464967e-08,8.733156e-09,109.25,98.76,10322.69,9330.89,54.08,48.10
4.09762,4,0.2944,0.033,0.028,5.355,5.802,0.9880,0.00943,270.11,53.80,0.5692095199999999,0.7228960903999999,2.28,1.474369e-08,9.075899e-09,1.466474e-08,8.704663e-09,107.13,97.71,10122.64,9232.47,52.87,47.51
4.09788,4,0.2944,0.033,0.028,5.355,5.802,0.9880,0.00943,270.11,53.80,0.5692084799999999,0.7228947695999999,2.28,1.46844e-08,8.997667e-09,1.467027e-08,8.682911e-09,105.86,97.03,10001.96,9167.44,52.15,47.12
4.09812,4,0.2945,0.033,0.028,5.355,5.802,0.9880,0.00943,270.11,53.80,0.56920752,0.7228935503999999,2.28,1.463612e-08,8.95708e-09,1.468273e-08,8.683954e-09,105.56,96.89,9973.71,9154.20,51.97,47.04
4.09837,4,0.2945,0.033,0.028,5.355,5.802,0.9880,0.00943,270.11,53.80,0.5692065199999999,0.7228922804,2.28,1.459071e-08,8.906477e-09,1.467368e-08,8.680934e-09,104.87,96.95,9908.31,9160.22,51.58,47.07
4.09863,4,0.2945,0.033,0.028,5.355,5.802,0.9880,0.00943,270.11,53.80,0.5692054799999999,0.7228909595999999,2.28,1.4546e-08,8.867766e-09,1.467452e-08,8.67608e-09,104.52,96.80,9875.66,9146.41,51.38,46.99
4.09887,4,0.2946,0.033,0.028,5.355,5.802,0.9880,0.00943,270.11,53.80,0.56920452,0.7228897404,2.28,1.450246e-08,8.834637e-09,1.469095e-08,8.6922e-09,104.36,97.01,9860.19,9166.04,51.29,47.11
4.09912,4,0.2946,0.033,0.028,5.355,5.802,0.9880,0.00943,270.11,53.80,0.56920352,0.7228884703999999,2.28,1.445785e-08,8.816197e-09,1.468862e-08,8.709336e-09,104.62,97.52,9885.25,9214.01,51.44,47.40
4.09938,4,0.2946,0.033,0.028,5.355,5.802,0.9880,0.00943,270.11,53.80,0.56920248,0.7228871496,2.28,1.440449e-08,8.781976e-09,1.470379e-08,8.722757e-09,104.57,97.64,9880.40,9225.51,51.41,47.47
4.09962,4,0.2947,0.033,0.028,5.354,5.802,0.9880,0.00943,270.11,53.80,0.56920152,0.7228859304,2.28,1.436614e-08,8.722181e-09,1.471185e-08,8.711575e-09,103.50,97.24,9779.16,9187.25,50.80,47.24
4.09987,4,0.2947,0.033,0.028,5.354,5.802,0.9880,0.00943,270.11,53.80,0.56920052,0.7228846604,2.28,1.432177e-08,8.734104e-09,1.472888e-08,8.75314e-09,104.69,98.10,9891.18,9268.99,51.48,47.73
4.10013,4,0.2947,0.033,0.028,5.354,5.802,0.9880,0.00943,270.12,53.80,0.56919948,0.7228833396,2.28,1.428066e-08,8.733219e-09,1.474728e-08,8.770505e-09,105.43,98.28,9961.89,9285.77,51.90,47.83
4.10037,4,0.2948,0.033,0.028,5.354,5.802,0.9880,0.00943,270.12,53.80,0.5691985199999999,0.7228821203999999,2.28,1.424382e-08,8.697177e-09,1.475703e-08,8.774826e-09,105.05,98.27,9925.57,9285.06,51.68,47.83
4.10062,4,0.2948,0.033,0.028,5.354,5.802,0.9880,0.00943,270.12,53.80,0.56919752,0.7228808504,2.28,1.420508e-08,8.627227e-09,1.476643e-08,8.756509e-09,103.62,97.61,9790.65,9222.95,50.87,47.45
4.10088,4,0.2948,0.033,0.028,5.354,5.802,0.9880,0.00943,270.12,53.80,0.56919648,0.7228795296,2.28,1.416469e-08,8.597426e-09,1.478694e-08,8.763208e-09,103.46,97.46,9775.39,9208.84,50.78,47.37
4.10112,4,0.2949,0.033,0.028,5.354,5.802,0.9880,0.00943,270.12,53.80,0.56919552,0.7228783104,2.28,1.412663e-08,8.556093e-09,1.480064e-08,8.771871e-09,102.94,97.51,9725.98,9213.37,50.48,47.39
4.10137,4,0.2949,0.033,0.028,5.354,5.802,0.9880,0.00943,270.12,53.80,0.5691945199999999,0.7228770403999999,2.28,1.408891e-08,8.528803e-09,1.481379e-08,8.794186e-09,102.80,97.91,9713.14,9250.87,50.40,47.62
4.10163,4,0.2949,0.033,0.028,5.354,5.802,0.9880,0.00943,270.12,53.80,0.5691934799999999,0.7228757195999999,2.28,1.406256e-08,8.513064e-09,1.48213e-08,8.823044e-09,102.81,98.58,9713.76,9314.26,50.41,48.00
4.10187,4,0.2949,0.033,0.028,5.354,5.802,0.9880,0.00943,270.12,53.80,0.56919252,0.7228745004,2.28,1.402654e-08,8.512495e-09,1.482704e-08,8.848661e-09,103.46,99.19,9775.55,9372.36,50.78,48.35
4.10213,4,0.2950,0.033,0.028,5.354,5.802,0.9880,0.00943,270.12,53.80,0.56919148,0.7228731796,2.28,1.400884e-08,8.46815e-09,1.484697e-08,8.844749e-09,102.46,98.79,9681.15,9334.17,50.21,48.12
4.10238,4,0.2950,0.033,0.028,5.354,5.802,0.9880,0.00943,270.12,53.80,0.5691904799999999,0.7228719095999999,2.28,1.396245e-08,8.46529e-09,1.486632e-08,8.871885e-09,103.24,99.22,9754.51,9374.97,50.65,48.37
4.10262,4,0.2950,0.033,0.028,5.354,5.802,0.9880,0.00943,270.12,53.80,0.56918952,0.7228706904000001,2.28,1.393025e-08,8.457547e-09,1.49011e-08,8.887886e-09,103.61,99.09,9789.14,9362.54,50.86,48.29
4.10288,4,0.2951,0.033,0.028,5.354,5.802,0.9880,0.00943,270.12,53.80,0.56918848,0.7228693696,2.28,1.3913e-08,8.486245e-09,1.490769e-08,8.938562e-09,104.87,100.43,9908.88,9488.68,51.58,49.05
4.10313,4,0.2951,0.033,0.028,5.354,5.802,0.9880,0.00943,270.12,53.80,0.56918748,0.7228680996,2.28,1.388683e-08,8.515376e-09,1.492851e-08,8.971713e-09,106.32,101.01,10045.26,9543.59,52.40,49.38
4.10337,4,0.2951,0.033,0.028,5.354,5.802,0.9880,0.00943,270.12,53.80,0.5691865199999999,0.7228668803999999,2.28,1.385902e-08,8.523172e-09,1.494937e-08,9.005658e-09,107.12,101.61,10121.55,9600.79,52.86,49.73
4.10363,4,0.2952,0.033,0.028,5.354,5.802,0.9880,0.00943,270.12,53.80,0.5691854799999999,0.7228655595999999,2.28,1.38497e-08,8.546313e-09,1.496464e-08,9.047994e-09,108.11,102.59,10214.61,9693.33,53.42,50.28
4.10388,4,0.2952,0.033,0.028,5.354,5.802,0.9880,0.00943,270.12,53.80,0.56918448,0.7228642896,2.28,1.381043e-08,8.526048e-09,1.498629e-08,9.054044e-09,108.24,102.39,10227.04,9674.31,53.50,50.17
4.10412,4,0.2952,0.033,0.028,5.354,5.802,0.9880,0.00943,270.12,53.80,0.5691835199999999,0.7228630704,2.28,1.380238e-08,8.544214e-09,1.499455e-08,9.102547e-09,109.01,103.64,10299.93,9792.56,53.94,50.88
4.10438,4,0.2953,0.033,0.028,5.353,5.802,0.9880,0.00943,270.12,53.80,0.5691824799999999,0.7228617495999999,2.28,1.377033e-08,8.532275e-09,1.501575e-08,9.114821e-09,109.31,103.66,10328.52,9794.25,54.11,50.89
4.10463,4,0.2953,0.033,0.028,5.353,5.802,0.9880,0.00943,270.12,53.80,0.5691814799999999,0.7228604795999999,2.28,1.376443e-08,8.542948e-09,1.501307e-08,9.155667e-09,109.80,104.90,10374.27,9911.25,54.39,51.60
4.10487,4,0.2953,0.033,0.028,5.353,5.802,0.9880,0.00943,270.12,53.80,0.56918052,0.7228592603999999,2.28,1.375369e-08,8.548272e-09,1.502922e-08,9.187774e-09,110.21,105.55,10412.77,9973.17,54.62,51.97
4.10513,4,0.2954,0.033,0.028,5.353,5.802,0.9880,0.00943,270.12,53.80,0.56917948,0.7228579396,2.28,1.37288e-08,8.57032e-09,1.504508e-08,9.231435e-09,111.53,106.60,10538.18,10071.90,55.37,52.56
4.10538,4,0.2954,0.033,0.028,5.353,5.802,0.9880,0.00943,270.12,53.80,0.5691784799999999,0.7228566696,2.28,1.371106e-08,8.614841e-09,1.507541e-08,9.296514e-09,113.48,107.99,10722.34,10203.89,56.48,53.36
4.10562,4,0.2954,0.033,0.028,5.353,5.802,0.9880,0.00943,270.12,53.80,0.56917752,0.7228554504,2.28,1.369187e-08,8.623637e-09,1.508358e-08,9.326554e-09,114.23,108.76,10792.56,10275.75,56.90,53.79
4.10588,4,0.2954,0.033,0.028,5.353,5.802,0.9880,0.00943,270.12,53.80,0.56917648,0.7228541296,2.28,1.367604e-08,8.682888e-09,1.510726e-08,9.412744e-09,116.74,110.97,11030.11,10484.55,58.34,55.05
4.10612,4,0.2955,0.033,0.028,5.353,5.802,0.9880,0.00943,270.12,53.80,0.5691755199999999,0.7228529103999999,2.28,1.366842e-08,8.689765e-09,1.509713e-08,9.459774e-09,117.21,112.69,11074.74,10647.38,58.60,56.03
4.10637,4,0.2955,0.033,0.028,5.353,5.802,0.9880,0.00943,270.12,53.80,0.5691745199999999,0.7228516403999999,2.28,1.364994e-08,8.709077e-09,1.511813e-08,9.496076e-09,118.37,113.43,11184.25,10717.33,59.26,56.45
4.10663,4,0.2955,0.033,0.028,5.353,5.802,0.9880,0.00943,270.12,53.80,0.56917348,0.7228503196,2.28,1.361312e-08,8.70697e-09,1.511797e-08,9.520007e-09,119.18,114.20,11260.66,10790.58,59.72,56.89
4.10687,4,0.2956,0.033,0.028,5.353,5.802,0.9880,0.00943,270.12,53.80,0.56917252,0.7228491003999999,2.28,1.360206e-08,8.715793e-09,1.510755e-08,9.561371e-09,119.83,115.81,11321.76,10942.35,60.09,57.81
4.10712,4,0.2956,0.033,0.028,5.353,5.802,0.9880,0.00943,270.12,53.80,0.5691715199999999,0.7228478303999999,2.28,1.358688e-08,8.710844e-09,1.512237e-08,9.583642e-09,120.01,116.24,11339.08,10982.59,60.20,58.05
4.10738,4,0.2956,0.033,0.028,5.353,5.802,0.9880,0.00943,270.12,53.80,0.5691704799999999,0.7228465096,2.28,1.357812e-08,8.698261e-09,1.51258e-08,9.615081e-09,119.74,117.21,11313.83,11074.63,60.04,58.60
4.10762,4,0.2957,0.033,0.028,5.353,5.802,0.9880,0.00943,270.12,53.80,0.56916952,0.7228452904,2.28,1.355818e-08,8.683088e-09,1.51261e-08,9.62139e-09,119.69,117.46,11308.96,11097.74,60.01,58.74
4.10787,4,0.2957,0.033,0.028,5.353,5.802,0.9880,0.00943,270.12,53.80,0.56916852,0.7228440204,2.28,1.353931e-08,8.669001e-09,1.512547e-08,9.64912e-09,119.61,118.40,11301.70,11187.36,59.97,59.28
4.10813,4,0.2957,0.033,0.028,5.353,5.802,0.9880,0.00943,270.12,53.80,0.56916748,0.7228426995999999,2.28,1.350954e-08,8.658665e-09,1.510881e-08,9.650251e-09,119.95,118.80,11333.45,11225.14,60.16,59.51
4.10837,4,0.2958,0.033,0.028,5.353,5.802,0.9880,0.00943,270.12,53.80,0.56916652,0.7228414804000001,2.28,1.347545e-08,8.632342e-09,1.511679e-08,9.665156e-09,119.82,119.18,11320.94,11260.57,60.09,59.72
4.10862,4,0.2958,0.033,0.028,5.353,5.802,0.9880,0.00943,270.12,53.80,0.56916552,0.7228402104,2.28,1.345075e-08,8.625816e-09,1.510734e-08,9.694014e-09,120.18,120.38,11354.99,11374.11,60.29,60.41
4.10888,4,0.2958,0.033,0.028,5.353,5.802,0.9880,0.00943,270.12,53.80,0.56916448,0.7228388896,2.28,1.34217e-08,8.62404e-09,1.509064e-08,9.725277e-09,120.84,121.85,11417.19,11512.80,60.67,61.24
4.10912,4,0.2959,0.033,0.028,5.353,5.802,0.9880,0.00943,270.12,53.80,0.5691635199999999,0.7228376703999999,2.28,1.338989e-08,8.640258e-09,1.509219e-08,9.75633e-09,122.33,122.95,11558.24,11617.35,61.52,61.87
4.10938,4,0.2959,0.033,0.028,5.353,5.802,0.9880,0.00943,270.12,53.80,0.5691624799999999,0.7228363495999999,2.28,1.338559e-08,8.635569e-09,1.507855e-08,9.790769e-09,122.25,124.51,11551.02,11764.36,61.47,62.76
4.10963,4,0.2959,0.033,0.028,5.353,5.802,0.9880,0.00943,270.12,53.80,0.56916148,0.7228350796,2.28,1.334266e-08,8.647002e-09,1.50635e-08,9.846609e-09,123.83,126.92,11700.22,11992.23,62.37,64.13
4.10987,4,0.2959,0.033,0.028,5.353,5.802,0.9880,0.00943,270.12,53.80,0.56916052,0.7228338604,2.28,1.330552e-08,8.6013e-09,1.504751e-08,9.828434e-09,122.95,126.63,11617.20,11965.08,61.87,63.97
4.11013,4,0.2960,0.033,0.028,5.352,5.802,0.9880,0.00943,270.12,53.80,0.5691594799999999,0.7228325395999999,2.28,1.327621e-08,8.540747e-09,1.503599e-08,9.820584e-09,121.32,126.67,11463.18,11967.98,60.94,63.98
4.11038,4,0.2960,0.033,0.028,5.352,5.802,0.9880,0.00943,270.12,53.80,0.5691584799999999,0.7228312695999999,2.28,1.323465e-08,8.476626e-09,1.502888e-08,9.794462e-09,119.84,125.87,11323.17,11892.79,60.10,63.53
4.11062,4,0.2960,0.033,0.028,5.352,5.802,0.9880,0.00943,270.12,53.80,0.56915752,0.7228300503999999,2.28,1.319486e-08,8.429819e-09,1.501826e-08,9.796809e-09,119.00,126.21,11244.06,11925.18,59.62,63.72
4.11088,4,0.2961,0.033,0.028,5.352,5.802,0.9880,0.00943,270.12,53.80,0.56915648,0.7228287296,2.28,1.31569e-08,8.381953e-09,1.500544e-08,9.759669e-09,118.12,125.19,11160.79,11828.89,59.12,63.14
4.11113,4,0.2961,0.033,0.028,5.352,5.802,0.9880,0.00943,270.12,53.80,0.5691554799999999,0.7228274595999999,2.28,1.312716e-08,8.32475e-09,1.498526e-08,9.742984e-09,116.65,125.06,11021.24,11816.54,58.28,63.07
4.11137,4,0.2961,0.033,0.028,5.352,5.802,0.9880,0.00943,270.12,53.80,0.56915452,0.7228262404,2.28,1.307061e-08,8.288927e-09,1.498004e-08,9.725876e-09,116.65,124.56,11021.38,11769.10,58.28,62.78
4.11163,4,0.2962,0.033,0.028,5.352,5.802,0.9880,0.00943,270.12,53.80,0.56915348,0.7228249196,2.28,1.302203e-08,8.243157e-09,1.494973e-08,9.720176e-09,116.11,125.12,10970.67,11821.55,57.97,63.10
4.11188,4,0.2962,0.033,0.028,5.352,5.802,0.9880,0.00943,270.12,53.80,0.56915248,0.7228236496,2.28,1.297549e-08,8.226865e-09,1.492245e-08,9.738924e-09,116.62,126.47,11018.73,11949.53,58.26,63.87
4.11212,4,0.2962,0.033,0.028,5.352,5.802,0.9880,0.00943,270.12,53.80,0.5691515199999999,0.7228224303999999,2.28,1.294075e-08,8.196406e-09,1.491184e-08,9.731743e-09,116.29,126.46,10987.84,11948.62,58.08,63.87
4.11238,4,0.2963,0.033,0.028,5.352,5.802,0.9880,0.00943,270.12,53.80,0.56915048,0.7228211096,2.28,1.28946e-08,8.178433e-09,1.490124e-08,9.755092e-09,116.77,127.64,11032.97,12060.37,58.35,64.54
4.11263,4,0.2963,0.033,0.028,5.352,5.802,0.9880,0.00943,270.12,53.80,0.56914948,0.7228198396,2.28,1.286033e-08,8.150921e-09,1.48958e-08,9.761145e-09,116.54,128.01,11011.64,12094.87,58.22,64.75
4.11287,4,0.2963,0.033,0.028,5.352,5.802,0.9880,0.00944,270.12,53.80,0.5691485199999999,0.7228186203999999,2.28,1.279262e-08,8.107536e-09,1.487746e-08,9.74393e-09,116.53,127.81,11009.89,12076.18,58.21,64.63
4.11313,4,0.2964,0.033,0.028,5.352,5.802,0.9880,0.00944,270.12,53.80,0.5691474799999999,0.7228172996,2.28,1.274188e-08,8.052437e-09,1.486396e-08,9.703023e-09,115.66,126.64,10928.59,11965.66,57.72,63.97
4.11337,4,0.2964,0.033,0.028,5.352,5.802,0.9880,0.00944,270.12,53.80,0.56914652,0.7228160804,2.28,1.269486e-08,7.993772e-09,1.484311e-08,9.663294e-09,114.54,125.66,10822.10,11873.23,57.08,63.41
4.11362,4,0.2964,0.033,0.028,5.352,5.802,0.9880,0.00944,270.12,53.80,0.56914552,0.7228148104,2.28,1.263644e-08,7.927069e-09,1.481911e-08,9.638655e-09,113.38,125.33,10712.92,11841.50,56.42,63.22
4.11388,4,0.2964,0.033,0.028,5.352,5.802,0.9880,0.00944,270.12,53.80,0.56914448,0.7228134895999999,2.28,1.258668e-08,7.826378e-09,1.478117e-08,9.551353e-09,110.74,123.02,10463.68,11623.49,54.92,61.91
4.11412,4,0.2965,0.033,0.028,5.352,5.802,0.9880,0.00944,270.12,53.80,0.56914352,0.7228122704000001,2.28,1.25447e-08,7.747595e-09,1.476414e-08,9.503401e-09,108.83,121.72,10282.35,11501.03,53.83,61.17
4.11437,4,0.2965,0.033,0.028,5.352,5.802,0.9880,0.00944,270.12,53.80,0.56914252,0.7228110004,2.28,1.248894e-08,7.694905e-09,1.473699e-08,9.483011e-09,108.15,121.62,10218.96,11491.12,53.45,61.11
4.11463,4,0.2965,0.033,0.028,5.352,5.802,0.9880,0.00944,270.12,53.80,0.56914148,0.7228096796,2.28,1.24456e-08,7.634958e-09,1.473208e-08,9.440988e-09,106.94,120.23,10104.35,11359.96,52.75,60.32
4.11487,4,0.2966,0.033,0.028,5.352,5.802,0.9880,0.00944,270.12,53.80,0.5691405199999999,0.7228084603999999,2.28,1.240234e-08,7.577081e-09,1.47173e-08,9.371926e-09,105.84,118.18,10000.74,11166.11,52.13,59.15
4.11512,4,0.2966,0.033,0.028,5.352,5.802,0.9880,0.00944,270.12,53.80,0.56913952,0.7228071904000001,2.28,1.234756e-08,7.535251e-09,1.469028e-08,9.334984e-09,105.54,117.49,9972.30,11101.49,51.96,58.76
4.11538,4,0.2966,0.033,0.028,5.352,5.802,0.9880,0.00944,270.12,53.80,0.56913848,0.7228058696,2.28,1.231246e-08,7.510613e-09,1.466514e-08,9.31974e-09,105.43,117.52,9961.35,11103.88,51.89,58.78
4.11562,4,0.2967,0.033,0.028,5.351,5.802,0.9880,0.00944,270.12,53.80,0.56913752,0.7228046504,2.28,1.227365e-08,7.480328e-09,1.465261e-08,9.289373e-09,105.22,116.79,9942.18,11034.61,51.78,58.36
4.11587,4,0.2967,0.033,0.028,5.351,5.802,0.9880,0.00944,270.12,53.80,0.5691365199999999,0.7228033803999999,2.28,1.223305e-08,7.444485e-09,1.464328e-08,9.271454e-09,104.82,116.38,9904.37,10995.71,51.55,58.12
4.11613,4,0.2967,0.033,0.028,5.351,5.802,0.9880,0.00944,270.12,53.80,0.5691354799999999,0.7228020595999999,2.28,1.218731e-08,7.410235e-09,1.462118e-08,9.262722e-09,104.59,116.56,9882.51,11012.76,51.42,58.23
4.11637,4,0.2968,0.033,0.028,5.351,5.802,0.9880,0.00944,270.12,53.80,0.56913452,0.7228008404,2.28,1.215162e-08,7.37117e-09,1.46023e-08,9.237678e-09,104.00,116.15,9826.78,10974.06,51.08,57.99
4.11662,4,0.2968,0.033,0.028,5.351,5.802,0.9880,0.00944,270.12,53.80,0.56913352,0.7227995704,2.28,1.21072e-08,7.311404e-09,1.458036e-08,9.183703e-09,102.83,114.78,9715.92,10845.18,50.41,57.22
4.11688,4,0.2968,0.033,0.028,5.351,5.802,0.9880,0.00944,270.12,53.80,0.5691324799999999,0.7227982495999999,2.28,1.207912e-08,7.256193e-09,1.45786e-08,9.140022e-09,101.48,113.36,9588.31,10710.40,49.65,56.40
4.11712,4,0.2969,0.033,0.028,5.351,5.802,0.9880,0.00944,270.12,53.80,0.56913152,0.7227970304,2.28,1.203991e-08,7.21052e-09,1.455807e-08,9.092247e-09,100.74,112.24,9518.41,10604.88,49.22,55.77
4.11738,4,0.2969,0.033,0.028,5.351,5.802,0.9880,0.00944,270.12,53.80,0.56913048,0.7227957096000001,2.28,1.199953e-08,7.170372e-09,1.454035e-08,9.036172e-09,100.18,110.77,9465.86,10466.03,48.91,54.93
4.11763,4,0.2969,0.033,0.028,5.351,5.802,0.9880,0.00944,270.12,53.80,0.56912948,0.7227944396,2.28,1.196915e-08,7.129548e-09,1.453983e-08,9.003301e-09,99.40,109.72,9391.66,10367.03,48.46,54.34
4.11787,4,0.2970,0.033,0.028,5.351,5.802,0.9880,0.00944,270.12,53.80,0.5691285199999999,0.7227932203999999,2.28,1.194513e-08,7.09354e-09,1.453061e-08,8.978138e-09,98.69,109.14,9324.28,10311.84,48.05,54.00
4.11813,4,0.2970,0.033,0.028,5.351,5.802,0.9880,0.00944,270.12,53.80,0.5691274799999999,0.7227918995999999,2.28,1.191285e-08,7.072098e-09,1.451663e-08,8.95646e-09,98.61,108.72,9316.91,10272.70,48.01,53.77
4.11838,4,0.2970,0.033,0.028,5.351,5.802,0.9880,0.00944,270.12,53.80,0.56912648,0.7227906296,2.28,1.188272e-08,7.046802e-09,1.448252e-08,8.945475e-09,98.35,109.04,9292.86,10302.95,47.87,53.95
4.11862,4,0.2970,0.033,0.028,5.351,5.802,0.9880,0.00944,270.12,53.80,0.5691255199999999,0.7227894103999999,2.28,1.18551e-08,7.025538e-09,1.448051e-08,8.933149e-09,98.19,108.69,9277.01,10269.62,47.77,53.75
4.11888,4,0.2971,0.033,0.028,5.351,5.802,0.9880,0.00944,270.12,53.80,0.5691244799999999,0.7227880896,2.28,1.183762e-08,7.013919e-09,1.445353e-08,8.943318e-09,98.17,109.58,9276.04,10354.11,47.76,54.26
4.11913,4,0.2971,0.033,0.028,5.351,5.802,0.9880,0.00944,270.12,53.80,0.56912348,0.7227868196,2.28,1.1821e-08,7.005738e-09,1.443838e-08,8.958e-09,98.23,110.36,9281.46,10427.56,47.80,54.70
4.11937,4,0.2971,0.033,0.028,5.351,5.802,0.9880,0.00944,270.12,53.80,0.56912252,0.7227856004,2.28,1.180394e-08,7.001506e-09,1.44389e-08,8.950026e-09,98.44,110.09,9300.63,10402.16,47.91,54.55
4.11963,4,0.2972,0.033,0.028,5.351,5.802,0.9880,0.00944,270.12,53.80,0.56912148,0.7227842795999999,2.28,1.176598e-08,6.974084e-09,1.442419e-08,8.9258e-09,98.30,109.64,9287.70,10359.53,47.83,54.29
4.11988,4,0.2972,0.033,0.028,5.351,5.802,0.9880,0.00944,270.12,53.80,0.5691204799999999,0.7227830096,2.28,1.17536e-08,6.955097e-09,1.4419e-08,8.900424e-09,97.90,108.93,9249.67,10292.30,47.60,53.88
4.12012,4,0.2972,0.033,0.028,5.351,5.802,0.9880,0.00944,270.12,53.80,0.56911952,0.7227817904,2.28,1.172455e-08,6.937739e-09,1.440141e-08,8.887162e-09,97.89,108.85,9249.12,10285.03,47.60,53.84
4.12038,4,0.2973,0.033,0.028,5.351,5.802,0.9880,0.00944,270.12,53.80,0.56911848,0.7227804696,2.28,1.17188e-08,6.918078e-09,1.439862e-08,8.860447e-09,97.36,108.09,9199.27,10213.25,47.30,53.41
4.12063,4,0.2973,0.033,0.028,5.351,5.802,0.9880,0.00944,270.12,53.80,0.56911748,0.7227791995999999,2.28,1.169497e-08,6.887023e-09,1.436524e-08,8.816591e-09,96.78,107.36,9144.22,10143.51,46.97,52.99
4.12087,4,0.2973,0.033,0.028,5.351,5.802,0.9880,0.00944,270.12,53.80,0.5691165199999999,0.7227779803999999,2.28,1.169574e-08,6.873582e-09,1.435016e-08,8.79133e-09,96.31,106.85,9099.48,10095.92,46.70,52.70
4.12113,4,0.2974,0.033,0.028,5.350,5.802,0.9880,0.00944,270.12,53.80,0.56911548,0.7227766596,2.28,1.169192e-08,6.860265e-09,1.434335e-08,8.771566e-09,95.96,106.40,9067.04,10053.18,46.50,52.44
4.12137,4,0.2974,0.033,0.028,5.350,5.802,0.9880,0.00944,270.12,53.80,0.56911452,0.7227754404,2.28,1.166442e-08,6.848937e-09,1.430867e-08,8.776218e-09,96.13,107.21,9082.47,10130.02,46.60,52.91
4.12162,4,0.2974,0.033,0.028,5.350,5.802,0.9880,0.00944,270.12,53.80,0.5691135199999999,0.7227741703999999,2.28,1.165547e-08,6.841063e-09,1.429266e-08,8.765097e-09,96.04,107.17,9074.06,10126.14,46.55,52.88
4.12188,4,0.2975,0.033,0.028,5.350,5.802,0.9880,0.00944,270.12,53.80,0.5691124799999999,0.7227728495999999,2.28,1.164456e-08,6.831705e-09,1.426499e-08,8.772727e-09,95.97,107.99,9067.61,10203.52,46.51,53.35
4.12212,4,0.2975,0.033,0.028,5.350,5.802,0.9880,0.00944,270.12,53.80,0.56911152,0.7227716304,2.28,1.163292e-08,6.836179e-09,1.424052e-08,8.772778e-09,96.35,108.48,9104.03,10249.34,46.73,53.62
4.12237,4,0.2975,0.033,0.028,5.350,5.802,0.9880,0.00944,270.12,53.80,0.56911052,0.7227703604,2.28,1.162924e-08,6.844577e-09,1.421088e-08,8.790563e-09,96.72,109.65,9138.23,10359.98,46.93,54.29
4.12263,4,0.2976,0.033,0.028,5.350,5.802,0.9880,0.00944,270.12,53.80,0.56910948,0.7227690395999999,2.28,1.161583e-08,6.861232e-09,1.420513e-08,8.826217e-09,97.60,110.98,9221.49,10485.59,47.43,55.05
4.12287,4,0.2976,0.033,0.028,5.350,5.802,0.9880,0.00944,270.12,53.80,0.56910852,0.7227678204,2.28,1.16031e-08,6.88389e-09,1.417377e-08,8.890121e-09,98.65,113.80,9321.32,10751.93,48.03,56.65
4.12312,4,0.2976,0.033,0.028,5.350,5.802,0.9880,0.00944,270.12,53.80,0.56910752,0.7227665503999999,2.28,1.15976e-08,6.926962e-09,1.414627e-08,8.968707e-09,100.30,117.15,9477.18,11069.22,48.97,58.56
4.12338,4,0.2977,0.033,0.028,5.350,5.802,0.9880,0.00944,270.12,53.80,0.56910648,0.7227652296,2.28,1.159164e-08,6.957728e-09,1.411919e-08,9.058541e-09,101.58,121.10,9597.94,11442.23,49.70,60.81
4.12362,4,0.2977,0.033,0.028,5.350,5.802,0.9880,0.00944,270.12,53.80,0.5691055199999999,0.7227640103999999,2.28,1.157751e-08,6.98273e-09,1.409953e-08,9.134645e-09,102.81,124.47,9714.47,11760.91,50.40,62.73
4.12387,4,0.2977,0.033,0.028,5.350,5.802,0.9880,0.00944,270.12,53.80,0.56910452,0.7227627404,2.28,1.156795e-08,7.000462e-09,1.406368e-08,9.183446e-09,103.69,127.31,9797.33,12028.84,50.90,64.34
4.12413,4,0.2977,0.033,0.028,5.350,5.802,0.9880,0.00944,270.12,53.80,0.56910348,0.7227614196,2.28,1.157498e-08,7.020368e-09,1.405649e-08,9.200151e-09,104.28,128.17,9852.97,12110.01,51.24,64.83
4.12437,4,0.2978,0.033,0.028,5.350,5.802,0.9880,0.00944,270.12,53.80,0.56910252,0.7227602003999999,2.28,1.157299e-08,7.031099e-09,1.405826e-08,9.206628e-09,104.77,128.43,9898.99,12134.37,51.51,64.98
4.12462,4,0.2978,0.033,0.028,5.350,5.802,0.9880,0.00944,270.12,53.80,0.5691015199999999,0.7227589303999999,2.28,1.155842e-08,7.017262e-09,1.40153e-08,9.213985e-09,104.58,129.88,9881.10,12271.33,51.41,65.80
4.12488,4,0.2978,0.032,0.028,5.350,5.802,0.9880,0.00944,270.12,53.80,0.5691004799999999,0.7227576095999999,2.28,1.153737e-08,7.019856e-09,1.399573e-08,9.22566e-09,105.16,130.89,9936.35,12367.18,51.74,66.38
4.12512,4,0.2979,0.032,0.028,5.350,5.802,0.9880,0.00944,270.12,53.80,0.56909952,0.7227563904,2.28,1.152894e-08,7.01415e-09,1.395057e-08,9.267182e-09,105.18,133.96,9937.60,12657.02,51.75,68.13
4.12538,4,0.2979,0.032,0.028,5.350,5.802,0.9880,0.00944,270.12,53.80,0.56909848,0.7227550695999999,2.28,1.150434e-08,7.023924e-09,1.393184e-08,9.310756e-09,106.13,136.40,10027.79,12887.98,52.29,69.52
4.12563,4,0.2979,0.032,0.028,5.350,5.802,0.9880,0.00944,270.12,53.80,0.5690974799999999,0.7227537996,2.28,1.149011e-08,7.034381e-09,1.389895e-08,9.345678e-09,106.88,138.95,10098.36,13128.98,52.71,70.97
4.12587,4,0.2980,0.032,0.028,5.350,5.802,0.9880,0.00944,270.12,53.80,0.56909652,0.7227525804,2.28,1.149212e-08,7.04989e-09,1.386699e-08,9.394298e-09,107.48,142.24,10154.79,13439.56,53.05,72.84
4.12613,4,0.2980,0.032,0.028,5.350,5.802,0.9880,0.00944,270.12,53.80,0.56909548,0.7227512596,2.28,1.146078e-08,7.042971e-09,1.385695e-08,9.406669e-09,107.96,143.14,10200.90,13525.02,53.33,73.35
4.12638,4,0.2980,0.032,0.028,5.350,5.802,0.9880,0.00944,270.12,53.80,0.56909448,0.7227499895999999,2.28,1.144964e-08,7.036675e-09,1.382445e-08,9.426251e-09,107.99,145.14,10202.97,13713.67,53.34,74.49
4.12662,4,0.2981,0.032,0.028,5.349,5.802,0.9880,0.00944,270.12,53.80,0.5690935199999999,0.7227487703999999,2.28,1.144115e-08,7.021446e-09,1.379633e-08,9.44233e-09,107.62,146.91,10168.78,13881.17,53.14,75.50
4.12688,4,0.2981,0.032,0.028,5.349,5.802,0.9880,0.00944,270.12,53.80,0.56909248,0.7227474496,2.28,1.142978e-08,7.018513e-09,1.378572e-08,9.475122e-09,107.78,148.91,10183.97,14069.63,53.23,76.63
4.12713,4,0.2981,0.032,0.028,5.349,5.802,0.9880,0.00944,270.12,53.80,0.56909148,0.7227461796,2.28,1.141108e-08,7.007599e-09,1.376244e-08,9.502881e-09,107.81,151.13,10186.11,14279.92,53.24,77.90
4.12737,4,0.2982,0.032,0.028,5.349,5.802,0.9880,0.00944,270.12,53.80,0.5690905199999999,0.7227449603999999,2.28,1.138624e-08,7.007846e-09,1.375307e-08,9.545526e-09,108.46,153.74,10248.27,14526.20,53.62,79.38
4.12763,4,0.2982,0.032,0.028,5.349,5.802,0.9880,0.00944,270.12,53.80,0.5690894799999999,0.7227436395999999,2.28,1.137206e-08,7.011919e-09,1.373226e-08,9.574362e-09,108.98,156.05,10297.16,14744.05,53.91,80.69
4.12788,4,0.2982,0.032,0.028,5.349,5.802,0.9880,0.00944,270.12,53.80,0.56908848,0.7227423696,2.28,1.134828e-08,7.011638e-09,1.371724e-08,9.606969e-09,109.57,158.39,10352.54,14965.69,54.24,82.03
4.12812,4,0.2983,0.032,0.028,5.349,5.802,0.9880,0.00944,270.12,53.80,0.56908752,0.7227411504,2.28,1.132779e-08,7.007481e-09,1.368856e-08,9.633987e-09,109.95,161.07,10389.00,15219.05,54.46,83.56
4.12838,4,0.2983,0.032,0.028,5.349,5.802,0.9880,0.00944,270.12,53.80,0.56908648,0.7227398295999999,2.28,1.130102e-08,7.012182e-09,1.369143e-08,9.677704e-09,110.84,163.45,10472.25,15443.69,54.96,84.91
4.12863,4,0.2983,0.032,0.028,5.349,5.802,0.9880,0.00944,270.12,53.80,0.5690854799999999,0.7227385595999999,2.28,1.128223e-08,7.011012e-09,1.367309e-08,9.700554e-09,111.27,165.54,10513.70,15640.67,55.21,86.09
4.12887,4,0.2983,0.032,0.028,5.349,5.802,0.9880,0.00944,270.12,53.80,0.56908452,0.7227373404,2.28,1.126662e-08,7.00972e-09,1.366305e-08,9.722292e-09,111.63,167.24,10547.12,15802.12,55.42,87.07
4.12913,4,0.2984,0.032,0.027,5.349,5.802,0.9880,0.00944,270.12,53.80,0.56908348,0.7227360196,2.28,1.12417e-08,7.004163e-09,1.365326e-08,9.755304e-09,112.09,169.71,10590.62,16035.49,55.68,88.47
4.12937,4,0.2984,0.032,0.027,5.349,5.802,0.9880,0.00944,270.12,53.80,0.5690825199999999,0.7227348003999999,2.28,1.122231e-08,7.008207e-09,1.364899e-08,9.77828e-09,112.78,171.31,10655.66,16186.40,56.07,89.38
4.12962,4,0.2984,0.032,0.027,5.349,5.802,0.9880,0.00944,270.12,53.80,0.56908152,0.7227335304,2.28,1.12002e-08,7.001436e-09,1.363793e-08,9.801357e-09,113.08,173.24,10684.25,16368.97,56.24,90.48
4.12988,4,0.2985,0.032,0.027,5.349,5.802,0.9880,0.00944,270.12,53.80,0.56908048,0.7227322096000001,2.28,1.118472e-08,6.990038e-09,1.363119e-08,9.81606e-09,113.04,174.54,10680.82,16491.18,56.22,91.22
4.13012,4,0.2985,0.032,0.027,5.349,5.802,0.9880,0.00944,270.12,53.80,0.56907952,0.7227309904,2.28,1.115273e-08,6.978431e-09,1.362131e-08,9.792946e-09,113.41,173.52,10715.15,16395.48,56.43,90.64
4.13037,4,0.2985,0.032,0.027,5.349,5.802,0.9880,0.00944,270.12,53.80,0.5690785199999999,0.7227297203999999,2.28,1.113278e-08,6.966559e-09,1.360491e-08,9.790676e-09,113.43,174.13,10717.66,16452.40,56.44,90.98
4.13063,4,0.2986,0.032,0.027,5.349,5.802,0.9880,0.00944,270.12,53.80,0.5690774799999999,0.7227283995999999,2.28,1.111666e-08,6.958877e-09,1.358994e-08,9.787871e-09,113.58,174.69,10731.16,16505.84,56.52,91.30
4.13087,4,0.2986,0.032,0.027,5.349,5.802,0.9880,0.00944,270.12,53.80,0.56907652,0.7227271804,2.28,1.110002e-08,6.936661e-09,1.359129e-08,9.776117e-09,113.06,173.88,10682.58,16429.40,56.23,90.84
4.13112,4,0.2986,0.032,0.027,5.349,5.802,0.9880,0.00944,270.12,53.80,0.56907552,0.7227259103999999,2.28,1.107912e-08,6.931496e-09,1.359923e-08,9.765031e-09,113.41,172.82,10715.12,16329.33,56.43,90.24
4.13138,4,0.2987,0.032,0.027,5.349,5.802,0.9880,0.00944,270.13,53.80,0.5690744799999999,0.7227245896,2.28,1.105943e-08,6.919583e-09,1.360145e-08,9.766767e-09,113.46,172.89,10720.39,16335.64,56.46,90.28
4.13162,4,0.2987,0.032,0.027,5.349,5.802,0.9880,0.00944,270.13,53.80,0.56907352,0.7227233704,2.28,1.105048e-08,6.913869e-09,1.359934e-08,9.754798e-09,113.46,172.24,10719.91,16273.78,56.46,89.91
4.13187,4,0.2987,0.032,0.027,5.349,5.802,0.9880,0.00944,270.13,53.80,0.56907252,0.7227221004,2.28,1.102597e-08,6.899353e-09,1.358262e-08,9.742072e-09,113.49,172.19,10723.32,16269.45,56.48,89.88
4.13213,4,0.2988,0.032,0.027,5.348,5.802,0.9880,0.00944,270.13,53.80,0.56907148,0.7227207795999999,2.28,1.101411e-08,6.906339e-09,1.358879e-08,9.753587e-09,114.17,172.69,10787.03,16316.85,56.86,90.17
4.13237,4,0.2988,0.032,0.027,5.348,5.802,0.9880,0.00944,270.13,53.80,0.5690705199999999,0.7227195603999998,2.28,1.100429e-08,6.89718e-09,1.359151e-08,9.773014e-09,114.03,173.79,10774.46,16420.88,56.78,90.79
4.13262,4,0.2988,0.032,0.027,5.348,5.802,0.9880,0.00944,270.13,53.80,0.56906952,0.7227182904,2.28,1.098978e-08,6.894477e-09,1.361041e-08,9.780431e-09,114.32,173.40,10801.29,16384.07,56.95,90.57
4.13288,4,0.2989,0.032,0.027,5.348,5.802,0.9880,0.00944,270.13,53.80,0.56906848,0.7227169696,2.28,1.097336e-08,6.88318e-09,1.359943e-08,9.791195e-09,114.31,174.64,10800.71,16501.27,56.94,91.28
4.13312,4,0.2989,0.032,0.027,5.348,5.802,0.9880,0.00944,270.13,53.80,0.5690675199999999,0.7227157503999999,2.28,1.094978e-08,6.883622e-09,1.360084e-08,9.789495e-09,114.99,174.47,10865.21,16484.95,57.33,91.18
4.13338,4,0.2989,0.032,0.027,5.348,5.802,0.9880,0.00944,270.13,53.80,0.5690664799999999,0.7227144295999999,2.28,1.094925e-08,6.868732e-09,1.359969e-08,9.766734e-09,114.34,173.08,10803.56,16353.89,56.96,90.39
4.13363,4,0.2990,0.032,0.027,5.348,5.802,0.9880,0.00944,270.13,53.80,0.56906548,0.7227131596,2.28,1.094039e-08,6.8509e-09,1.359409e-08,9.728454e-09,113.83,171.01,10755.47,16157.48,56.67,89.20
4.13387,4,0.2990,0.032,0.027,5.348,5.802,0.9880,0.00944,270.13,53.80,0.56906452,0.7227119404,2.28,1.091998e-08,6.842062e-09,1.360756e-08,9.693614e-09,114.01,168.29,10772.07,15900.90,56.77,87.66
4.13413,4,0.2990,0.032,0.027,5.348,5.802,0.9880,0.00944,270.13,53.80,0.56906348,0.7227106195999999,2.28,1.091452e-08,6.824044e-09,1.359829e-08,9.655893e-09,113.36,166.43,10710.72,15724.72,56.40,86.60
4.13438,4,0.2990,0.032,0.027,5.348,5.802,0.9880,0.00944,270.13,53.80,0.5690624799999999,0.7227093495999999,2.28,1.09199e-08,6.829221e-09,1.361909e-08,9.647114e-09,113.44,165.04,10718.32,15593.43,56.45,85.81
4.13462,4,0.2991,0.032,0.027,5.348,5.802,0.9880,0.00944,270.13,53.80,0.56906152,0.7227081304,2.28,1.090386e-08,6.813524e-09,1.360929e-08,9.619681e-09,113.23,163.89,10698.15,15485.54,56.32,85.16
4.13488,4,0.2991,0.032,0.027,5.348,5.802,0.9880,0.00944,270.13,53.80,0.56906048,0.7227068096,2.28,1.089462e-08,6.788088e-09,1.360853e-08,9.596755e-09,112.36,162.60,10616.18,15363.28,55.83,84.42
4.13513,4,0.2991,0.032,0.027,5.348,5.802,0.9880,0.00944,270.13,53.80,0.56905948,0.7227055396,2.28,1.088637e-08,6.777309e-09,1.35965e-08,9.592588e-09,112.11,162.85,10592.80,15386.76,55.69,84.56
4.13537,4,0.2992,0.032,0.027,5.348,5.802,0.9880,0.00944,270.13,53.80,0.56905852,0.7227043204,2.28,1.088105e-08,6.768676e-09,1.359047e-08,9.579067e-09,111.92,162.37,10574.32,15341.51,55.58,84.29
4.13563,4,0.2992,0.032,0.027,5.348,5.802,0.9880,0.00944,270.13,53.80,0.56905748,0.7227029996000001,2.28,1.087441e-08,6.771491e-09,1.358833e-08,9.561885e-09,112.22,161.47,10603.09,15256.78,55.75,83.78
4.13588,4,0.2992,0.032,0.027,5.348,5.802,0.9880,0.00944,270.13,53.80,0.56905648,0.7227017296,2.28,1.086922e-08,6.765415e-09,1.357409e-08,9.56696e-09,112.09,162.34,10591.29,15338.46,55.68,84.27
4.13612,4,0.2993,0.032,0.027,5.348,5.802,0.9880,0.00944,270.13,53.80,0.5690555199999999,0.7227005103999999,2.28,1.087037e-08,6.740451e-09,1.355868e-08,9.541849e-09,111.01,161.57,10488.99,15266.35,55.06,83.84
4.13638,4,0.2993,0.032,0.027,5.348,5.802,0.9880,0.00944,270.13,53.80,0.5690544799999999,0.7226991895999999,2.28,1.086621e-08,6.738936e-09,1.356881e-08,9.539029e-09,111.06,161.01,10493.35,15212.80,55.09,83.51
4.13663,4,0.2993,0.032,0.027,5.348,5.802,0.9880,0.00944,270.13,53.80,0.56905348,0.7226979196,2.28,1.085669e-08,6.729326e-09,1.355825e-08,9.522211e-09,110.90,160.47,10478.16,15162.43,55.00,83.21
4.13687,4,0.2994,0.032,0.027,5.347,5.802,0.9880,0.00944,270.13,53.80,0.56905252,0.7226967004,2.28,1.086302e-08,6.723722e-09,1.354142e-08,9.500819e-09,110.52,159.99,10442.74,15116.33,54.78,82.93
4.13713,4,0.2994,0.032,0.027,5.347,5.802,0.9880,0.00944,270.13,53.80,0.5690514799999999,0.7226953796,2.28,1.0856e-08,6.702775e-09,1.353945e-08,9.457124e-09,109.81,157.62,10375.30,14893.02,54.38,81.59
4.13737,4,0.2994,0.032,0.027,5.347,5.802,0.9880,0.00944,270.13,53.80,0.56905052,0.7226941604,2.28,1.085392e-08,6.665363e-09,1.351227e-08,9.408953e-09,108.27,156.02,10230.36,14741.36,53.50,80.67
4.13762,4,0.2995,0.032,0.027,5.347,5.802,0.9880,0.00944,270.13,53.80,0.56904952,0.7226928904,2.28,1.084309e-08,6.635539e-09,1.351577e-08,9.349888e-09,107.34,152.76,10141.99,14433.64,52.97,78.82
4.13788,4,0.2995,0.032,0.027,5.347,5.802,0.9880,0.00944,270.13,53.80,0.56904848,0.7226915695999999,2.28,1.084053e-08,6.597634e-09,1.349074e-08,9.27933e-09,105.84,149.97,10000.05,14169.86,52.12,77.23
4.13812,4,0.2995,0.032,0.027,5.347,5.802,0.9880,0.00944,270.13,53.80,0.5690475199999999,0.7226903504,2.28,1.083471e-08,6.564555e-09,1.348746e-08,9.214241e-09,104.63,146.76,9886.40,13866.95,51.43,75.41
4.13837,4,0.2996,0.032,0.027,5.347,5.802,0.9880,0.00944,270.13,53.80,0.56904652,0.7226890804,2.28,1.082818e-08,6.531163e-09,1.349004e-08,9.163311e-09,103.49,144.20,9777.88,13624.30,50.78,73.94
4.13863,4,0.2996,0.032,0.027,5.347,5.802,0.9880,0.00944,270.13,53.80,0.56904548,0.7226877596,2.28,1.083531e-08,6.519615e-09,1.347466e-08,9.135386e-09,102.86,143.34,9718.35,13543.51,50.42,73.46
4.13887,4,0.2996,0.032,0.027,5.347,5.802,0.9880,0.00944,270.13,53.80,0.5690445199999999,0.7226865403999999,2.28,1.082306e-08,6.511757e-09,1.346655e-08,9.107191e-09,102.84,142.24,9716.53,13439.50,50.41,72.83
4.13912,4,0.2996,0.032,0.027,5.347,5.802,0.9880,0.00944,270.13,53.80,0.5690435199999999,0.7226852703999999,2.28,1.082515e-08,6.492377e-09,1.346276e-08,9.071724e-09,102.02,140.66,9639.60,13290.59,49.95,71.93
4.13938,4,0.2997,0.032,0.027,5.347,5.802,0.9880,0.00944,270.13,53.80,0.5690424799999999,0.7226839495999999,2.28,1.082186e-08,6.476095e-09,1.344984e-08,9.034947e-09,101.50,139.38,9589.88,13169.57,49.65,71.21
4.13962,4,0.2997,0.032,0.027,5.347,5.802,0.9880,0.00944,270.13,53.80,0.56904152,0.7226827304,2.28,1.082099e-08,6.473746e-09,1.344946e-08,9.0152e-09,101.43,138.47,9583.14,13083.40,49.61,70.69
4.13987,4,0.2997,0.032,0.027,5.347,5.802,0.9880,0.00944,270.13,53.80,0.5690405199999999,0.7226814603999999,2.28,1.082182e-08,6.467113e-09,1.343965e-08,9.0031e-09,101.15,138.21,9556.92,13059.09,49.45,70.54
4.14013,4,0.2998,0.032,0.027,5.347,5.802,0.9880,0.00944,270.13,53.80,0.5690394799999999,0.7226801395999999,2.28,1.081164e-08,6.462116e-09,1.343394e-08,8.993448e-09,101.22,137.99,9564.10,13037.86,49.49,70.41
4.14037,4,0.2998,0.032,0.027,5.347,5.802,0.9880,0.00944,270.13,53.80,0.56903852,0.7226789204,2.28,1.080792e-08,6.446914e-09,1.343036e-08,8.980424e-09,100.72,137.50,9516.48,12991.35,49.20,70.13
4.14062,4,0.2998,0.032,0.027,5.347,5.802,0.9880,0.00944,270.13,53.80,0.56903752,0.7226776504,2.28,1.079335e-08,6.428626e-09,1.34312e-08,8.953953e-09,100.35,136.25,9481.40,12874.04,48.99,69.43
4.14088,4,0.2999,0.032,0.027,5.347,5.802,0.9880,0.00944,270.13,53.80,0.56903648,0.7226763296,2.28,1.07972e-08,6.416685e-09,1.341625e-08,8.930271e-09,99.83,135.68,9432.82,12819.27,48.70,69.10
4.14112,4,0.2999,0.032,0.027,5.347,5.802,0.9880,0.00944,270.13,53.80,0.5690355199999999,0.7226751103999999,2.28,1.078465e-08,6.396462e-09,1.340313e-08,8.92063e-09,99.35,135.63,9386.65,12815.37,48.42,69.07
4.14138,4,0.2999,0.032,0.027,5.347,5.802,0.9880,0.00944,270.13,53.80,0.56903448,0.7226737896000001,2.28,1.077302e-08,6.388167e-09,1.34018e-08,8.935052e-09,99.29,136.33,9381.61,12881.36,48.39,69.47
4.14163,4,0.3000,0.032,0.027,5.347,5.802,0.9880,0.00944,270.13,53.80,0.56903348,0.7226725196,2.28,1.076866e-08,6.385105e-09,1.338191e-08,8.946246e-09,99.31,137.51,9383.01,12992.21,48.40,70.14
4.14187,4,0.3000,0.032,0.027,5.347,5.802,0.9880,0.00944,270.13,53.80,0.5690325199999999,0.7226713003999999,2.28,1.075888e-08,6.383345e-09,1.338095e-08,8.964064e-09,99.46,138.37,9397.62,13073.43,48.49,70.63
4.14213,4,0.3000,0.032,0.027,5.347,5.802,0.9880,0.00944,270.13,53.80,0.5690314799999999,0.7226699795999999,2.28,1.075435e-08,6.376168e-09,1.337772e-08,8.97532e-09,99.29,138.99,9381.38,13132.92,48.39,70.98
4.14238,4,0.3001,0.032,0.027,5.346,5.802,0.9880,0.00944,270.13,53.80,0.56903048,0.7226687096000001,2.28,1.07356e-08,6.37513e-09,1.337068e-08,8.981783e-09,99.71,139.57,9421.09,13187.20,48.63,71.31
4.14262,4,0.3001,0.032,0.027,5.346,5.802,0.9880,0.00944,270.13,53.80,0.56902952,0.7226674904,2.28,1.072542e-08,6.374687e-09,1.336365e-08,9.009463e-09,99.93,141.12,9441.52,13333.29,48.75,72.19
4.14288,4,0.3001,0.032,0.027,5.346,5.802,0.9880,0.00944,270.13,53.80,0.56902848,0.7226661696,2.28,1.071468e-08,6.377437e-09,1.337041e-08,9.038364e-09,100.28,142.29,9474.97,13444.43,48.95,72.86
4.14313,4,0.3002,0.032,0.027,5.346,5.802,0.9880,0.00944,270.13,53.80,0.5690274799999999,0.7226648995999999,2.28,1.071646e-08,6.370574e-09,1.336867e-08,9.043613e-09,100.01,142.65,9449.10,13478.46,48.80,73.06
4.14337,4,0.3002,0.032,0.027,5.346,5.802,0.9880,0.00944,270.13,53.80,0.56902652,0.7226636804,2.28,1.07025e-08,6.369194e-09,1.336771e-08,9.057403e-09,100.27,143.36,9474.48,13545.21,48.95,73.47
4.14363,4,0.3002,0.032,0.027,5.346,5.802,0.9880,0.00944,270.13,53.80,0.56902548,0.7226623596,2.28,1.069264e-08,6.37052e-09,1.336284e-08,9.067212e-09,100.56,144.00,9500.98,13606.21,49.11,73.83
4.14388,4,0.3002,0.032,0.027,5.346,5.802,0.9880,0.00944,270.13,53.80,0.5690244799999999,0.7226610896,2.28,1.068054e-08,6.364139e-09,1.33596e-08,9.060385e-09,100.59,143.78,9504.04,13584.63,49.13,73.70
4.14412,4,0.3003,0.032,0.027,5.346,5.802,0.9880,0.00944,270.13,53.80,0.56902352,0.7226598704,2.28,1.066672e-08,6.360654e-09,1.335771e-08,9.077079e-09,100.81,144.71,9524.80,13673.29,49.25,74.24
4.14438,4,0.3003,0.032,0.027,5.346,5.802,0.9880,0.00944,270.13,53.80,0.56902248,0.7226585496,2.28,1.065423e-08,6.368894e-09,1.33676e-08,9.096534e-09,101.43,145.35,9583.27,13733.29,49.60,74.60
4.14462,4,0.3003,0.032,0.027,5.346,5.802,0.9880,0.00944,270.13,53.80,0.56902152,0.7226573303999999,2.28,1.064633e-08,6.36747e-09,1.335351e-08,9.121529e-09,101.56,147.09,9595.63,13898.21,49.68,75.59
4.14487,4,0.3004,0.032,0.027,5.346,5.802,0.9880,0.00944,270.13,53.80,0.5690205199999999,0.7226560603999999,2.28,1.063718e-08,6.404445e-09,1.341441e-08,9.157057e-09,103.29,146.84,9759.78,13873.81,50.67,75.44
4.14513,4,0.3004,0.032,0.027,5.346,5.802,0.9880,0.00944,270.13,53.80,0.5690194799999999,0.7226547395999999,2.28,1.061336e-08,6.39689e-09,1.336823e-08,9.184775e-09,103.57,149.88,9785.87,14161.62,50.82,77.18
4.14537,4,0.3004,0.032,0.027,5.346,5.802,0.9880,0.00944,270.13,53.80,0.56901852,0.7226535204,2.28,1.060367e-08,6.397287e-09,1.334723e-08,9.226683e-09,103.83,152.86,9809.94,14443.42,50.97,78.87
4.14562,4,0.3005,0.032,0.027,5.346,5.802,0.9880,0.00944,270.13,53.80,0.5690175199999999,0.7226522503999999,2.28,1.059352e-08,6.410116e-09,1.335961e-08,9.267952e-09,104.64,154.68,9886.90,14615.32,51.43,79.91
4.14588,4,0.3005,0.032,0.027,5.346,5.802,0.9880,0.00944,270.13,53.80,0.5690164799999999,0.7226509295999999,2.28,1.058819e-08,6.427239e-09,1.335701e-08,9.313815e-09,105.49,157.31,9966.80,14863.70,51.91,81.40
4.14612,4,0.3005,0.032,0.027,5.346,5.802,0.9880,0.00944,270.13,53.80,0.56901552,0.7226497104,2.28,1.058336e-08,6.435307e-09,1.33678e-08,9.333987e-09,105.95,158.02,10010.34,14930.53,52.18,81.81
4.14637,4,0.3006,0.032,0.027,5.346,5.802,0.9880,0.00944,270.13,53.80,0.56901452,0.7226484404,2.28,1.057384e-08,6.437151e-09,1.33655e-08,9.369786e-09,106.30,160.19,10044.06,15135.74,52.38,83.04
4.14663,4,0.3006,0.032,0.027,5.346,5.802,0.9880,0.00944,270.13,53.80,0.56901348,0.7226471195999999,2.28,1.056215e-08,6.4409e-09,1.337384e-08,9.403512e-09,106.76,161.80,10087.56,15287.35,52.64,83.96
4.14687,4,0.3006,0.032,0.027,5.346,5.802,0.9880,0.00944,270.13,53.80,0.5690125199999999,0.7226459003999999,2.28,1.055235e-08,6.450174e-09,1.337433e-08,9.43487e-09,107.41,163.61,10149.05,15458.51,53.01,84.99
4.14712,4,0.3007,0.032,0.027,5.346,5.802,0.9880,0.00944,270.13,53.80,0.56901152,0.7226446304,2.28,1.054957e-08,6.45986e-09,1.337519e-08,9.463343e-09,107.94,165.32,10198.67,15619.80,53.31,85.96
4.14738,4,0.3007,0.032,0.027,5.346,5.802,0.9880,0.00944,270.13,53.80,0.56901048,0.7226433096,2.28,1.054156e-08,6.472089e-09,1.338393e-08,9.505698e-09,108.68,167.49,10268.79,15825.71,53.73,87.20
4.14762,4,0.3007,0.032,0.027,5.346,5.802,0.9880,0.00944,270.13,53.80,0.5690095199999999,0.7226420903999999,2.28,1.053598e-08,6.477244e-09,1.339051e-08,9.532778e-09,109.06,168.86,10304.15,15955.13,53.94,87.98
4.14787,4,0.3008,0.032,0.027,5.345,5.802,0.9880,0.00944,270.13,53.80,0.5690085199999999,0.7226408203999999,2.28,1.053568e-08,6.487376e-09,1.340086e-08,9.553882e-09,109.54,169.77,10350.31,16040.48,54.22,88.49
4.14813,4,0.3008,0.032,0.027,5.345,5.802,0.9880,0.00944,270.13,53.80,0.56900748,0.7226394996000001,2.28,1.052582e-08,6.491118e-09,1.340339e-08,9.558172e-09,109.98,169.92,10391.19,16055.03,54.47,88.58
4.14837,4,0.3008,0.032,0.027,5.345,5.802,0.9880,0.00944,270.13,53.80,0.56900652,0.7226382804,2.28,1.052167e-08,6.488738e-09,1.341482e-08,9.557733e-09,109.99,169.39,10391.94,16004.89,54.47,88.28
4.14863,4,0.3009,0.032,0.027,5.345,5.802,0.9880,0.00944,270.13,53.80,0.56900548,0.7226369596,2.28,1.051533e-08,6.483572e-09,1.342905e-08,9.537408e-09,109.97,167.59,10390.14,15834.31,54.46,87.25
4.14888,4,0.3009,0.032,0.027,5.345,5.802,0.9880,0.00944,270.13,53.80,0.5690044799999999,0.7226356895999999,2.28,1.050701e-08,6.483754e-09,1.344114e-08,9.528278e-09,110.20,166.52,10412.39,15733.36,54.60,86.64
4.14912,4,0.3009,0.032,0.027,5.345,5.802,0.9880,0.00944,270.13,53.80,0.56900352,0.7226344704,2.28,1.050872e-08,6.470551e-09,1.343947e-08,9.524345e-09,109.57,166.35,10352.81,15717.78,54.24,86.55
4.14938,4,0.3009,0.032,0.027,5.345,5.802,0.9880,0.00944,270.13,53.80,0.56900248,0.7226331496,2.28,1.050092e-08,6.47203e-09,1.345087e-08,9.508507e-09,109.85,164.93,10379.03,15583.22,54.40,85.74
4.14963,4,0.3010,0.032,0.027,5.345,5.802,0.9880,0.00944,270.13,53.80,0.56900148,0.7226318796,2.28,1.049385e-08,6.467292e-09,1.345438e-08,9.499892e-09,109.87,164.33,10380.89,15526.53,54.41,85.39
4.14987,4,0.3010,0.032,0.027,5.345,5.802,0.9880,0.00945,270.13,53.80,0.56900052,0.7226306604,2.28,1.049782e-08,6.47518e-09,1.345898e-08,9.490781e-09,110.11,163.60,10403.67,15458.04,54.54,84.98
4.15013,4,0.3010,0.032,0.027,5.345,5.802,0.9880,0.00945,270.13,53.80,0.56899948,0.7226293396,2.28,1.049089e-08,6.4767e-09,1.345039e-08,9.47531e-09,110.37,163.05,10428.02,15406.13,54.69,84.67
4.15038,4,0.3011,0.032,0.027,5.345,5.802,0.9880,0.00945,270.13,53.80,0.56899848,0.7226280695999999,2.28,1.047605e-08,6.468984e-09,1.344693e-08,9.467619e-09,110.47,162.80,10437.58,15382.36,54.75,84.53
4.15062,4,0.3011,0.032,0.027,5.345,5.802,0.9880,0.00945,270.13,53.80,0.5689975199999999,0.7226268504,2.28,1.047997e-08,6.472521e-09,1.343447e-08,9.470641e-09,110.52,163.49,10442.29,15447.37,54.78,84.92
4.15088,4,0.3011,0.032,0.027,5.345,5.802,0.9880,0.00945,270.13,53.80,0.5689964799999999,0.7226255295999999,2.28,1.047879e-08,6.481697e-09,1.343652e-08,9.469519e-09,110.96,163.34,10484.18,15433.19,55.03,84.83
4.15113,4,0.3012,0.032,0.027,5.345,5.802,0.9880,0.00945,270.13,53.80,0.56899548,0.7226242596,2.28,1.047144e-08,6.493869e-09,1.342613e-08,9.451079e-09,111.75,162.75,10558.93,15377.05,55.48,84.49
4.15137,4,0.3012,0.032,0.027,5.345,5.802,0.9880,0.00945,270.13,53.80,0.56899452,0.7226230403999999,2.28,1.046535e-08,6.489084e-09,1.341284e-08,9.435608e-09,111.71,162.39,10554.61,15343.46,55.45,84.29
4.15163,4,0.3012,0.032,0.027,5.345,5.802,0.9880,0.00945,270.13,53.80,0.5689934799999999,0.7226217196,2.28,1.046464e-08,6.475641e-09,1.34133e-08,9.398893e-09,111.12,160.26,10499.13,15142.22,55.12,83.08
4.15188,4,0.3013,0.032,0.027,5.345,5.802,0.9880,0.00945,270.13,53.80,0.5689924799999999,0.7226204495999999,2.28,1.046037e-08,6.482908e-09,1.341171e-08,9.380612e-09,111.60,159.34,10544.90,15055.19,55.39,82.55
4.15212,4,0.3013,0.032,0.027,5.345,5.802,0.9880,0.00945,270.13,53.80,0.56899152,0.7226192304,2.28,1.045804e-08,6.465964e-09,1.33803e-08,9.354068e-09,110.90,159.08,10478.83,15030.74,54.99,82.41
4.15238,4,0.3013,0.032,0.027,5.345,5.802,0.9880,0.00945,270.13,53.80,0.56899048,0.7226179095999999,2.28,1.044916e-08,6.460906e-09,1.335472e-08,9.323069e-09,110.92,158.34,10480.67,14960.79,55.01,81.99
4.15262,4,0.3014,0.032,0.027,5.345,5.802,0.9880,0.00945,270.13,53.80,0.5689895199999999,0.7226166903999999,2.28,1.044069e-08,6.444918e-09,1.333793e-08,9.298923e-09,110.48,157.69,10438.53,14899.81,54.75,81.62
4.15287,4,0.3014,0.032,0.027,5.345,5.802,0.9880,0.00945,270.13,53.80,0.56898852,0.7226154204,2.28,1.043846e-08,6.440776e-09,1.331508e-08,9.277469e-09,110.35,157.39,10426.83,14870.57,54.68,81.44
4.15313,4,0.3014,0.032,0.027,5.345,5.802,0.9880,0.00945,270.13,53.80,0.56898748,0.7226140996,2.28,1.043108e-08,6.421831e-09,1.326464e-08,9.238638e-09,109.71,157.18,10366.17,14851.03,54.32,81.32
4.15337,4,0.3015,0.032,0.027,5.344,5.802,0.9880,0.00945,270.13,53.80,0.5689865199999999,0.7226128803999999,2.28,1.041628e-08,6.415686e-09,1.323381e-08,9.21604e-09,109.88,157.17,10382.10,14849.98,54.41,81.32
4.15362,4,0.3015,0.032,0.027,5.344,5.802,0.9880,0.00945,270.13,53.80,0.5689855199999999,0.7226116103999999,2.28,1.040566e-08,6.412077e-09,1.322267e-08,9.177169e-09,110.01,155.43,10394.48,14685.98,54.49,80.33
4.15388,4,0.3015,0.032,0.027,5.344,5.802,0.9880,0.00945,270.13,53.80,0.5689844799999999,0.7226102895999998,2.28,1.0393e-08,6.401587e-09,1.320713e-08,9.137318e-09,109.89,153.83,10383.11,14534.87,54.42,79.42
4.15412,4,0.3015,0.032,0.027,5.344,5.802,0.9880,0.00945,270.13,53.80,0.56898352,0.7226090704,2.28,1.037358e-08,6.385755e-09,1.318086e-08,9.087356e-09,109.72,152.11,10366.75,14371.73,54.32,78.44
4.15437,4,0.3016,0.032,0.027,5.344,5.802,0.9880,0.00945,270.13,53.80,0.5689825199999999,0.7226078003999999,2.28,1.036515e-08,6.367892e-09,1.315986e-08,9.026066e-09,109.19,149.66,10316.78,14140.36,54.02,77.04
4.15463,4,0.3016,0.032,0.027,5.344,5.802,0.9880,0.00945,270.13,53.80,0.5689814799999999,0.7226064795999999,2.28,1.034738e-08,6.342403e-09,1.313116e-08,8.965571e-09,108.54,147.52,10255.68,13938.38,53.65,75.83
4.15487,4,0.3016,0.032,0.027,5.344,5.802,0.9880,0.00945,270.13,53.80,0.56898052,0.7226052604,2.28,1.033239e-08,6.327991e-09,1.310606e-08,8.90313e-09,108.31,145.19,10233.85,13718.33,53.52,74.50
4.15512,4,0.3017,0.032,0.027,5.344,5.802,0.9880,0.00945,270.13,53.80,0.56897952,0.7226039904,2.28,1.03164e-08,6.316232e-09,1.307929e-08,8.858914e-09,108.26,143.92,10229.03,13598.28,53.49,73.78
4.15538,4,0.3017,0.032,0.027,5.344,5.802,0.9880,0.00945,270.13,53.80,0.56897848,0.7226026696,2.28,1.029283e-08,6.289654e-09,1.303745e-08,8.81529e-09,107.72,143.15,10178.33,13525.60,53.18,73.34
4.15562,4,0.3017,0.032,0.027,5.344,5.802,0.9880,0.00945,270.13,53.80,0.56897752,0.7226014504,2.28,1.027879e-08,6.27558e-09,1.301618e-08,8.756984e-09,107.48,140.97,10155.47,13319.30,53.05,72.10
4.15587,4,0.3018,0.032,0.027,5.344,5.802,0.9880,0.00945,270.13,53.80,0.56897652,0.7226001804,2.28,1.025519e-08,6.249386e-09,1.296845e-08,8.686959e-09,107.00,139.16,10109.88,13148.35,52.77,71.07
4.19412,5,0.3066,0.031,0.026,5.364,5.829,0.9880,0.00946,270.14,53.34,0.5688235199999999,0.7224058703999999,2.25,1.37174e-08,7.911411e-09,1.209362e-08,7.35944e-09,94.94,108.31,8970.75,10234.13,45.90,53.51
4.19437,5,0.3067,0.031,0.026,5.364,5.829,0.9880,0.00946,270.15,53.34,0.56882252,0.7224046004,2.25,1.369765e-08,7.89027e-09,1.205546e-08,7.294727e-09,94.70,106.80,8947.55,10090.85,45.76,52.64
4.19463,5,0.3067,0.031,0.026,5.364,5.829,0.9880,0.00946,270.15,53.34,0.56882148,0.7224032796,2.25,1.361106e-08,7.820692e-09,1.202434e-08,7.215296e-09,94.14,104.57,8894.71,9880.71,45.44,51.38
4.19487,5,0.3067,0.031,0.026,5.364,5.829,0.9880,0.00946,270.15,53.34,0.5688205199999999,0.7224020604,2.25,1.357281e-08,7.77197e-09,1.200384e-08,7.138091e-09,93.38,102.25,8823.34,9661.06,45.01,50.06
4.19512,5,0.3068,0.031,0.026,5.363,5.829,0.9880,0.00946,270.15,53.34,0.5688195199999999,0.7224007903999999,2.25,1.3521e-08,7.719871e-09,1.197347e-08,7.059312e-09,92.78,100.16,8766.61,9463.40,44.67,48.87
4.19538,5,0.3068,0.031,0.026,5.363,5.829,0.9880,0.00946,270.15,53.34,0.56881848,0.7223994696,2.25,1.347615e-08,7.669045e-09,1.195039e-08,6.985255e-09,92.08,98.09,8699.93,9267.99,44.27,47.69
4.19562,5,0.3068,0.031,0.026,5.363,5.829,0.9880,0.00946,270.15,53.34,0.56881752,0.7223982503999999,2.25,1.343126e-08,7.617793e-09,1.193078e-08,6.892688e-09,91.36,95.39,8632.33,9012.74,43.86,46.15
4.19588,5,0.3069,0.031,0.026,5.363,5.829,0.9880,0.00946,270.15,53.34,0.56881648,0.7223969295999999,2.25,1.338224e-08,7.574873e-09,1.191535e-08,6.813332e-09,90.97,93.14,8595.51,8800.21,43.64,44.87
4.19613,5,0.3069,0.031,0.026,5.363,5.829,0.9880,0.00946,270.15,53.34,0.5688154799999999,0.7223956596,2.25,1.334104e-08,7.524154e-09,1.188156e-08,6.746708e-09,90.22,91.64,8523.99,8658.44,43.21,44.02
4.19637,5,0.3069,0.031,0.026,5.363,5.829,0.9880,0.00946,270.15,53.34,0.56881452,0.7223944404,2.25,1.33012e-08,7.483527e-09,1.18668e-08,6.681347e-09,89.72,89.86,8476.81,8490.89,42.93,43.01
4.19663,5,0.3070,0.031,0.026,5.363,5.829,0.9880,0.00946,270.15,53.34,0.56881348,0.7223931196,2.25,1.327585e-08,7.448621e-09,1.185737e-08,6.621423e-09,89.18,88.23,8426.18,8336.30,42.62,42.08
4.19688,5,0.3070,0.031,0.026,5.363,5.829,0.9880,0.00946,270.15,53.34,0.56881248,0.7223918495999999,2.25,1.325008e-08,7.404651e-09,1.185411e-08,6.573356e-09,88.38,86.85,8350.36,8205.56,42.17,41.29
4.19712,5,0.3070,0.031,0.026,5.363,5.829,0.9880,0.00946,270.15,53.34,0.5688115199999999,0.7223906303999998,2.25,1.32074e-08,7.383941e-09,1.183911e-08,6.525832e-09,88.46,85.69,8358.42,8096.37,42.21,40.64
4.19738,5,0.3071,0.031,0.026,5.363,5.829,0.9880,0.00946,270.15,53.34,0.56881048,0.7223893096,2.25,1.320189e-08,7.359355e-09,1.184323e-08,6.496537e-09,87.91,84.80,8306.10,8012.26,41.90,40.13
4.19763,5,0.3071,0.031,0.026,5.363,5.829,0.9880,0.00946,270.15,53.34,0.56880948,0.7223880396,2.25,1.316406e-08,7.335596e-09,1.183584e-08,6.460918e-09,87.84,83.89,8299.27,7926.49,41.86,39.61
4.19787,5,0.3071,0.031,0.026,5.363,5.829,0.9880,0.00946,270.15,53.34,0.5688085199999999,0.7223868203999999,2.25,1.313916e-08,7.339318e-09,1.182821e-08,6.457128e-09,88.32,83.90,8344.46,7927.50,42.13,39.62
4.19813,5,0.3071,0.031,0.026,5.363,5.829,0.9880,0.00946,270.15,53.34,0.5688074799999999,0.7223854995999999,2.25,1.312921e-08,7.307685e-09,1.184553e-08,6.420199e-09,87.61,82.59,8277.55,7803.35,41.73,38.87
4.19838,5,0.3072,0.031,0.026,5.363,5.829,0.9880,0.00946,270.15,53.34,0.56880648,0.7223842296,2.25,1.312347e-08,7.475719e-09,1.186415e-08,6.739891e-09,92.41,91.82,8731.27,8676.04,44.46,44.13
4.19862,5,0.3072,0.031,0.026,5.363,5.829,0.9880,0.00946,270.15,53.34,0.56880552,0.7223830104,2.25,1.312359e-08,7.305364e-09,1.186417e-08,6.41736e-09,87.66,82.25,8282.31,7771.67,41.75,38.68
4.19888,5,0.3072,0.031,0.026,5.363,5.829,0.9880,0.00946,270.15,53.34,0.56880448,0.7223816895999999,2.25,1.313531e-08,7.334999e-09,1.189967e-08,6.470969e-09,88.28,83.22,8341.59,7862.73,42.11,39.23
4.19913,5,0.3073,0.031,0.026,5.363,5.829,0.9880,0.00946,270.15,53.34,0.5688034799999999,0.7223804195999999,2.25,1.315261e-08,7.309344e-09,1.192542e-08,6.438519e-09,87.36,81.95,8253.99,7742.84,41.58,38.51
4.19937,5,0.3073,0.031,0.026,5.363,5.829,0.9880,0.00946,270.15,53.34,0.56880252,0.7223792004,2.25,1.316833e-08,7.324864e-09,1.19268e-08,6.4509e-09,87.54,82.27,8271.23,7773.31,41.69,38.69
4.19963,5,0.3073,0.031,0.026,5.363,5.829,0.9880,0.00946,270.15,53.34,0.56880148,0.7223778796,2.25,1.315664e-08,7.325367e-09,1.193799e-08,6.451593e-09,87.73,82.12,8289.10,7759.27,41.80,38.61
4.19987,5,0.3074,0.031,0.026,5.363,5.829,0.9880,0.00946,270.15,53.34,0.5688005199999999,0.7223766603999999,2.25,1.324868e-08,7.959285e-09,1.203223e-08,6.739636e-09,105.12,88.96,9932.32,8405.25,51.69,42.49
4.20012,5,0.3074,0.031,0.026,5.363,5.829,0.9880,0.00946,270.15,53.34,0.56879952,0.7223753904,2.25,1.321979e-08,7.410341e-09,1.199949e-08,6.586064e-09,89.11,84.99,8419.49,8030.38,42.58,40.24
4.20038,5,0.3074,0.031,0.026,5.363,5.829,0.9880,0.00946,270.15,53.34,0.56879848,0.7223740696000001,2.25,1.322341e-08,7.402638e-09,1.202601e-08,6.589996e-09,88.84,84.69,8394.38,8001.79,42.43,40.07
4.20062,5,0.3075,0.031,0.026,5.362,5.829,0.9880,0.00946,270.15,53.34,0.56879752,0.7223728504,2.25,1.32511e-08,7.37226e-09,1.204064e-08,6.506388e-09,87.63,82.16,8280.05,7762.56,41.74,38.63
4.20087,5,0.3075,0.031,0.026,5.362,5.829,0.9880,0.00946,270.15,53.34,0.5687965199999999,0.7223715803999999,2.25,1.327671e-08,7.386923e-09,1.206243e-08,6.521682e-09,87.64,82.25,8281.10,7771.68,41.75,38.68
4.20113,5,0.3075,0.031,0.026,5.362,5.829,0.9880,0.00946,270.15,53.34,0.5687954799999999,0.7223702595999999,2.25,1.330962e-08,7.406072e-09,1.209616e-08,6.536248e-09,87.67,82.15,8283.21,7762.19,41.76,38.62
4.20137,5,0.3076,0.031,0.026,5.362,5.829,0.9880,0.00946,270.15,53.34,0.56879452,0.7223690403999999,2.25,1.333424e-08,7.419208e-09,1.212149e-08,6.548398e-09,87.68,82.14,8284.48,7760.75,41.77,38.61
4.20162,5,0.3076,0.031,0.026,5.362,5.829,0.9880,0.00946,270.15,53.34,0.5687935199999999,0.7223677703999999,2.25,1.335552e-08,7.440081e-09,1.214858e-08,6.571277e-09,87.92,82.36,8307.22,7781.99,41.90,38.74
4.20188,5,0.3076,0.031,0.026,5.362,5.829,0.9880,0.00946,270.15,53.34,0.5687924799999999,0.7223664496,2.25,1.338937e-08,7.457332e-09,1.217378e-08,6.58276e-09,87.88,82.30,8303.18,7776.46,41.88,38.71
4.20212,5,0.3077,0.031,0.026,5.362,5.829,0.9880,0.00946,270.15,53.34,0.56879152,0.7223652304,2.25,1.342055e-08,7.473266e-09,1.219371e-08,6.59445e-09,87.87,82.36,8302.29,7781.34,41.87,38.74
4.20237,5,0.3077,0.031,0.026,5.362,5.829,0.9880,0.00946,270.15,53.34,0.56879052,0.7223639604,2.25,1.344754e-08,7.492119e-09,1.220922e-08,6.612972e-09,87.97,82.63,8311.86,7807.39,41.93,38.89
4.20263,5,0.3077,0.031,0.026,5.362,5.829,0.9880,0.00946,270.15,53.34,0.56878948,0.7223626395999999,2.25,1.347403e-08,7.500971e-09,1.22367e-08,6.625767e-09,87.81,82.57,8297.11,7802.02,41.84,38.86
4.20287,5,0.3078,0.031,0.026,5.362,5.829,0.9880,0.00946,270.15,53.34,0.5687885199999999,0.7223614203999998,2.25,1.350197e-08,7.52199e-09,1.225542e-08,6.638554e-09,87.99,82.67,8313.43,7811.36,41.94,38.92
4.20312,5,0.3078,0.031,0.026,5.362,5.829,0.9880,0.00946,270.15,53.34,0.56878752,0.7223601504,2.25,1.351577e-08,7.538065e-09,1.227749e-08,6.6499e-09,88.21,82.66,8334.37,7809.80,42.07,38.91
4.20338,5,0.3078,0.031,0.026,5.362,5.829,0.9880,0.00946,270.15,53.34,0.56878648,0.7223588296,2.25,1.353477e-08,7.551122e-09,1.229204e-08,6.649993e-09,88.27,82.45,8340.51,7789.90,42.10,38.79
4.20362,5,0.3078,0.031,0.026,5.362,5.829,0.9880,0.00946,270.15,53.34,0.5687855199999999,0.7223576103999999,2.25,1.354957e-08,7.558492e-09,1.229292e-08,6.665812e-09,88.25,82.86,8338.30,7829.16,42.09,39.03
4.20388,5,0.3079,0.031,0.026,5.362,5.829,0.9880,0.00946,270.15,53.34,0.5687844799999999,0.7223562895999999,2.25,1.355412e-08,7.56665e-09,1.23116e-08,6.669859e-09,88.43,82.72,8355.04,7816.13,42.19,38.95
4.20413,5,0.3079,0.031,0.026,5.362,5.829,0.9880,0.00946,270.15,53.34,0.56878348,0.7223550196,2.25,1.355674e-08,7.570208e-09,1.230582e-08,6.673913e-09,88.48,82.92,8360.28,7834.54,42.22,39.06
4.20437,5,0.3079,0.031,0.026,5.362,5.829,0.9880,0.00946,270.15,53.34,0.56878252,0.7223538004,2.25,1.355281e-08,7.576333e-09,1.231326e-08,6.677952e-09,88.70,82.92,8381.12,7834.55,42.35,39.06
4.20463,5,0.3080,0.031,0.026,5.362,5.829,0.9880,0.00946,270.15,53.34,0.56878148,0.7223524795999999,2.25,1.354353e-08,7.579758e-09,1.231412e-08,6.683208e-09,88.96,83.08,8405.50,7849.38,42.49,39.15
4.20488,5,0.3080,0.031,0.026,5.362,5.829,0.9880,0.00946,270.15,53.34,0.5687804799999999,0.7223512095999999,2.25,1.354147e-08,7.577258e-09,1.231639e-08,6.682093e-09,88.93,83.01,8402.11,7843.36,42.47,39.11
4.20512,5,0.3080,0.031,0.026,5.362,5.829,0.9880,0.00946,270.15,53.34,0.56877952,0.7223499904,2.25,1.352643e-08,7.570305e-09,1.231002e-08,6.681808e-09,88.96,83.10,8405.80,7851.51,42.50,39.16
4.20538,5,0.3081,0.031,0.026,5.362,5.829,0.9880,0.00946,270.15,53.34,0.56877848,0.7223486696,2.25,1.35131e-08,7.560416e-09,1.230227e-08,6.678112e-09,88.93,83.14,8402.40,7855.37,42.48,39.18
4.20563,5,0.3081,0.031,0.026,5.362,5.829,0.9880,0.00946,270.15,53.34,0.56877748,0.7223473995999999,2.25,1.347751e-08,7.556591e-09,1.229469e-08,6.679302e-09,89.36,83.28,8443.20,7869.04,42.72,39.26
4.20587,5,0.3081,0.031,0.026,5.362,5.829,0.9880,0.00946,270.15,53.34,0.56877652,0.7223461804,2.25,1.345269e-08,7.547142e-09,1.227073e-08,6.669307e-09,89.48,83.37,8454.59,7876.85,42.79,39.31
4.20613,5,0.3082,0.031,0.026,5.361,5.829,0.9880,0.00946,270.15,53.34,0.56877548,0.7223448596,2.25,1.341455e-08,7.527077e-09,1.226088e-08,6.663861e-09,89.55,83.39,8460.75,7879.17,42.83,39.33
4.20638,5,0.3082,0.031,0.026,5.361,5.829,0.9880,0.00946,270.15,53.34,0.56877448,0.7223435896,2.25,1.33779e-08,7.509183e-09,1.223608e-08,6.656178e-09,89.62,83.55,8467.61,7894.23,42.87,39.42
4.20662,5,0.3082,0.031,0.026,5.361,5.829,0.9880,0.00946,270.15,53.34,0.5687735199999999,0.7223423703999999,2.25,1.333132e-08,7.498249e-09,1.22179e-08,6.649013e-09,90.03,83.63,8506.95,7901.33,43.10,39.46
4.20688,5,0.3083,0.031,0.026,5.361,5.829,0.9880,0.00946,270.15,53.34,0.5687724799999999,0.7223410495999999,2.25,1.32907e-08,7.471547e-09,1.220637e-08,6.639961e-09,89.96,83.58,8499.69,7896.64,43.06,39.43
4.20712,5,0.3083,0.031,0.026,5.361,5.829,0.9880,0.00946,270.15,53.34,0.56877152,0.7223398303999999,2.25,1.323459e-08,7.447314e-09,1.217731e-08,6.629284e-09,90.16,83.72,8518.78,7910.07,43.18,39.51
4.20737,5,0.3083,0.031,0.026,5.361,5.829,0.9880,0.00946,270.15,53.34,0.56877052,0.7223385604,2.25,1.317501e-08,7.418078e-09,1.215757e-08,6.612701e-09,90.28,83.56,8530.07,7894.78,43.24,39.42
4.20763,5,0.3084,0.031,0.026,5.361,5.829,0.9880,0.00946,270.15,53.34,0.5687694799999999,0.7223372396,2.25,1.31274e-08,7.391128e-09,1.212203e-08,6.6051e-09,90.30,83.91,8532.45,7928.21,43.26,39.62
4.20787,5,0.3084,0.031,0.026,5.361,5.829,0.9880,0.00946,270.15,53.34,0.56876852,0.7223360204,2.25,1.306285e-08,7.361302e-09,1.20998e-08,6.594867e-09,90.49,83.96,8549.78,7933.17,43.36,39.65
4.20812,5,0.3084,0.031,0.026,5.361,5.829,0.9880,0.00946,270.15,53.34,0.56876752,0.7223347504,2.25,1.300243e-08,7.3367e-09,1.207006e-08,6.582724e-09,90.76,84.08,8575.07,7943.96,43.51,39.71
4.20838,5,0.3085,0.031,0.026,5.361,5.829,0.9880,0.00946,270.15,53.34,0.56876648,0.7223334295999999,2.25,1.293238e-08,7.300538e-09,1.204865e-08,6.571393e-09,90.88,84.11,8586.94,7947.46,43.59,39.74
4.20862,5,0.3085,0.031,0.026,5.361,5.829,0.9880,0.00946,270.15,53.34,0.5687655199999999,0.7223322104,2.25,1.287412e-08,7.27171e-09,1.201869e-08,6.55607e-09,91.00,84.14,8597.96,7950.17,43.65,39.75
4.20887,5,0.3085,0.031,0.026,5.361,5.829,0.9880,0.00946,270.15,53.34,0.56876452,0.7223309404,2.25,1.2812e-08,7.237279e-09,1.199811e-08,6.550066e-09,91.02,84.29,8599.75,7964.14,43.66,39.84
4.20913,5,0.3086,0.031,0.026,5.361,5.829,0.9880,0.00946,270.15,53.34,0.56876348,0.7223296196,2.25,1.274158e-08,7.205868e-09,1.196872e-08,6.534358e-09,91.29,84.33,8625.56,7967.63,43.82,39.86
4.20937,5,0.3086,0.031,0.026,5.361,5.829,0.9880,0.00946,270.15,53.34,0.5687625199999999,0.7223284003999999,2.25,1.267909e-08,7.180067e-09,1.194016e-08,6.515164e-09,91.57,84.22,8652.02,7957.94,43.98,39.80
4.20962,5,0.3086,0.031,0.026,5.361,5.829,0.9880,0.00946,270.15,53.34,0.5687615199999999,0.7223271303999999,2.25,1.261549e-08,7.137874e-09,1.191658e-08,6.514819e-09,91.39,84.58,8634.79,7991.74,43.87,40.00
4.20988,5,0.3087,0.031,0.026,5.361,5.829,0.9880,0.00946,270.15,53.34,0.56876048,0.7223258096,2.25,1.256033e-08,7.113675e-09,1.190135e-08,6.506134e-09,91.63,84.60,8657.24,7993.36,44.01,40.01
4.21012,5,0.3087,0.031,0.026,5.361,5.829,0.9880,0.00946,270.15,53.34,0.56875952,0.7223245904,2.25,1.249001e-08,7.075792e-09,1.187452e-08,6.493493e-09,91.68,84.66,8662.73,7998.87,44.04,40.04
4.21037,5,0.3087,0.031,0.026,5.361,5.829,0.9880,0.00946,270.15,53.34,0.5687585199999999,0.7223233203999999,2.25,1.244479e-08,7.048272e-09,1.185546e-08,6.484439e-09,91.63,84.70,8657.34,8002.59,44.01,40.07
4.21063,5,0.3087,0.031,0.026,5.361,5.829,0.9880,0.00946,270.15,53.34,0.5687574799999999,0.7223219995999999,2.25,1.237464e-08,7.021798e-09,1.184058e-08,6.473604e-09,92.03,84.62,8695.19,7995.24,44.24,40.02
4.21087,5,0.3088,0.031,0.026,5.361,5.829,0.9880,0.00946,270.15,53.34,0.56875652,0.7223207804,2.25,1.232008e-08,6.988805e-09,1.181839e-08,6.464392e-09,92.00,84.73,8692.16,8005.81,44.22,40.09
4.21113,5,0.3088,0.031,0.026,5.361,5.829,0.9880,0.00946,270.15,53.34,0.56875548,0.7223194596,2.25,1.228172e-08,6.965894e-09,1.181614e-08,6.461674e-09,91.96,84.69,8688.84,8001.75,44.20,40.06
4.21138,5,0.3088,0.031,0.026,5.361,5.829,0.9880,0.00946,270.15,53.34,0.56875448,0.7223181895999999,2.25,1.223165e-08,6.936682e-09,1.179644e-08,6.455801e-09,91.94,84.83,8686.49,8015.17,44.18,40.14
4.21162,5,0.3089,0.031,0.026,5.360,5.829,0.9880,0.00946,270.15,53.34,0.56875352,0.7223169704,2.25,1.218655e-08,6.922255e-09,1.179136e-08,6.454517e-09,92.31,84.90,8721.75,8021.87,44.40,40.18
4.21188,5,0.3089,0.031,0.026,5.360,5.829,0.9880,0.00946,270.15,53.34,0.56875248,0.7223156496,2.25,1.214692e-08,6.899691e-09,1.179017e-08,6.456185e-09,92.31,84.97,8721.60,8028.25,44.39,40.22
4.21213,5,0.3089,0.031,0.026,5.360,5.829,0.9880,0.00946,270.15,53.34,0.56875148,0.7223143796,2.25,1.210562e-08,6.883179e-09,1.177935e-08,6.452941e-09,92.52,85.05,8742.02,8035.63,44.52,40.27
4.21237,5,0.3090,0.031,0.026,5.360,5.829,0.9880,0.00946,270.15,53.34,0.5687505199999999,0.7223131603999999,2.25,1.20834e-08,6.863842e-09,1.17804e-08,6.454079e-09,92.34,85.09,8725.10,8039.78,44.42,40.29
4.21263,5,0.3090,0.031,0.026,5.360,5.829,0.9880,0.00946,270.15,53.34,0.5687494799999999,0.7223118395999999,2.25,1.204923e-08,6.846539e-09,1.178074e-08,6.461502e-09,92.41,85.30,8731.32,8059.74,44.45,40.41
4.21288,5,0.3090,0.031,0.026,5.360,5.829,0.9880,0.00946,270.15,53.34,0.56874848,0.7223105696000001,2.25,1.202351e-08,6.839359e-09,1.178335e-08,6.462381e-09,92.64,85.29,8753.36,8058.22,44.59,40.40
4.21312,5,0.3091,0.031,0.026,5.360,5.829,0.9880,0.00946,270.15,53.34,0.56874752,0.7223093504,2.25,1.200258e-08,6.824687e-09,1.179932e-08,6.463367e-09,92.59,85.09,8747.97,8039.41,44.55,40.29
4.21338,5,0.3091,0.031,0.026,5.360,5.829,0.9880,0.00946,270.15,53.34,0.5687464799999999,0.7223080296,2.25,1.198022e-08,6.815271e-09,1.180682e-08,6.4732e-09,92.69,85.25,8757.79,8055.17,44.61,40.38
4.21363,5,0.3091,0.031,0.026,5.360,5.829,0.9880,0.00946,270.15,53.34,0.5687454799999999,0.7223067595999999,2.25,1.196712e-08,6.810665e-09,1.181469e-08,6.483248e-09,92.78,85.42,8766.29,8070.97,44.66,40.48
4.21387,5,0.3092,0.031,0.026,5.360,5.829,0.9880,0.00946,270.15,53.34,0.56874452,0.7223055404,2.25,1.196227e-08,6.803959e-09,1.182857e-08,6.494651e-09,92.68,85.56,8757.34,8084.02,44.61,40.56
4.21413,5,0.3092,0.031,0.026,5.360,5.829,0.9880,0.00946,270.15,53.34,0.56874348,0.7223042196,2.25,1.195197e-08,6.803074e-09,1.184763e-08,6.501653e-09,92.84,85.46,8772.21,8074.48,44.70,40.50
4.21438,5,0.3092,0.031,0.026,5.360,5.829,0.9880,0.00946,270.15,53.34,0.5687424799999999,0.7223029496,2.25,1.194733e-08,6.808368e-09,1.186419e-08,6.517175e-09,93.09,85.65,8796.01,8092.19,44.84,40.61
4.21462,5,0.3093,0.031,0.026,5.360,5.829,0.9880,0.00946,270.15,53.34,0.56874152,0.7223017304,2.25,1.194381e-08,6.806037e-09,1.189006e-08,6.53197e-09,93.11,85.69,8797.88,8096.41,44.85,40.63
4.21488,5,0.3093,0.031,0.026,5.360,5.829,0.9880,0.00946,270.15,53.34,0.56874048,0.7223004096,2.25,1.195107e-08,6.807083e-09,1.190299e-08,6.542449e-09,93.02,85.79,8788.60,8105.69,44.80,40.69
4.21512,5,0.3093,0.031,0.026,5.360,5.829,0.9880,0.00946,270.15,53.34,0.5687395199999999,0.7222991903999999,2.25,1.194541e-08,6.807235e-09,1.191971e-08,6.555669e-09,93.12,85.91,8798.74,8116.77,44.86,40.75
4.21537,5,0.3094,0.031,0.026,5.360,5.829,0.9880,0.00946,270.15,53.34,0.5687385199999999,0.7222979203999998,2.25,1.19525e-08,6.807863e-09,1.194387e-08,6.56997e-09,93.04,85.96,8791.34,8122.18,44.81,40.79
4.21563,5,0.3094,0.031,0.026,5.360,5.829,0.9880,0.00946,270.15,53.34,0.5687374799999999,0.7222965995999999,2.25,1.196314e-08,6.818639e-09,1.196315e-08,6.586971e-09,93.19,86.15,8805.49,8139.75,44.90,40.89
4.21587,5,0.3094,0.031,0.026,5.360,5.829,0.9880,0.00946,270.15,53.34,0.56873652,0.7222953804,2.25,1.196634e-08,6.826158e-09,1.198372e-08,6.603219e-09,93.38,86.29,8822.60,8153.27,45.00,40.97
4.21612,5,0.3094,0.030,0.026,5.360,5.829,0.9880,0.00946,270.15,53.34,0.5687355199999999,0.7222941103999999,2.25,1.198287e-08,6.825713e-09,1.199653e-08,6.613308e-09,93.06,86.38,8792.86,8161.48,44.82,41.02
4.21638,5,0.3095,0.030,0.026,5.359,5.829,0.9880,0.00946,270.15,53.34,0.5687344799999999,0.7222927895999999,2.25,1.198511e-08,6.834781e-09,1.202174e-08,6.626728e-09,93.34,86.39,8819.07,8162.81,44.98,41.03
4.21662,5,0.3095,0.030,0.026,5.359,5.829,0.9880,0.00946,270.15,53.34,0.56873352,0.7222915704,2.25,1.200081e-08,6.841129e-09,1.203914e-08,6.639393e-09,93.26,86.48,8811.26,8171.24,44.93,41.08
4.21687,5,0.3095,0.030,0.026,5.359,5.829,0.9880,0.00946,270.15,53.34,0.56873252,0.7222903004,2.25,1.201174e-08,6.842817e-09,1.205676e-08,6.651247e-09,93.11,86.54,8797.67,8177.10,44.85,41.12
4.21713,5,0.3096,0.030,0.026,5.359,5.829,0.9880,0.00946,270.15,53.34,0.56873148,0.7222889795999999,2.25,1.2014e-08,6.853627e-09,1.208615e-08,6.667427e-09,93.44,86.57,8829.02,8179.65,45.04,41.13
4.21737,5,0.3096,0.030,0.026,5.359,5.829,0.9880,0.00946,270.15,53.34,0.5687305199999999,0.7222877603999999,2.25,1.202897e-08,6.856622e-09,1.210002e-08,6.679389e-09,93.27,86.70,8812.43,8191.44,44.94,41.20
4.21762,5,0.3096,0.030,0.026,5.359,5.829,0.9880,0.00946,270.15,53.34,0.56872952,0.7222864904,2.25,1.202548e-08,6.859734e-09,1.210698e-08,6.688024e-09,93.43,86.83,8827.70,8204.56,45.03,41.28
4.21788,5,0.3097,0.030,0.026,5.359,5.829,0.9880,0.00946,270.15,53.34,0.56872848,0.7222851696,2.25,1.202992e-08,6.864197e-09,1.211986e-08,6.700196e-09,93.52,87.01,8836.33,8221.08,45.08,41.38
4.21812,5,0.3097,0.030,0.026,5.359,5.829,0.9880,0.00946,270.15,53.34,0.5687275199999999,0.7222839503999999,2.25,1.203342e-08,6.864481e-09,1.212719e-08,6.706703e-09,93.47,87.08,8831.20,8227.81,45.05,41.42
4.21837,5,0.3097,0.030,0.026,5.359,5.829,0.9880,0.00946,270.15,53.34,0.56872652,0.7222826804,2.25,1.203453e-08,6.864e-09,1.213628e-08,6.715097e-09,93.43,87.18,8827.87,8237.05,45.03,41.48
4.21863,5,0.3098,0.030,0.026,5.359,5.829,0.9880,0.00946,270.15,53.34,0.56872548,0.7222813596000001,2.25,1.2035e-08,6.8627e-09,1.216041e-08,6.720659e-09,93.41,86.98,8826.02,8218.39,45.02,41.36
4.21887,5,0.3098,0.030,0.026,5.359,5.829,0.9880,0.00946,270.15,53.34,0.56872452,0.7222801404,2.25,1.202309e-08,6.859181e-09,1.21483e-08,6.720897e-09,93.52,87.18,8835.83,8237.38,45.08,41.48
4.21913,5,0.3098,0.030,0.026,5.359,5.829,0.9880,0.00946,270.15,53.34,0.56872348,0.7222788196,2.25,1.200766e-08,6.857444e-09,1.216387e-08,6.724985e-09,93.74,87.05,8857.08,8224.99,45.21,41.40
4.21938,5,0.3099,0.030,0.026,5.359,5.829,0.9880,0.00946,270.15,53.34,0.5687224799999999,0.7222775495999999,2.25,1.199781e-08,6.850476e-09,1.215182e-08,6.727471e-09,93.73,87.34,8855.89,8252.74,45.20,41.57
4.21962,5,0.3099,0.030,0.026,5.359,5.829,0.9880,0.00946,270.15,53.34,0.56872152,0.7222763303999999,2.25,1.198261e-08,6.842853e-09,1.216051e-08,6.728826e-09,93.76,87.24,8859.08,8243.25,45.22,41.51
4.21988,5,0.3099,0.030,0.026,5.359,5.829,0.9880,0.00946,270.15,53.34,0.56872048,0.7222750096,2.25,1.196764e-08,6.830609e-09,1.215226e-08,6.726041e-09,93.64,87.30,8847.92,8248.14,45.15,41.54
4.22013,5,0.3100,0.030,0.026,5.359,5.829,0.9880,0.00946,270.15,53.34,0.5687194799999999,0.7222737396,2.25,1.194436e-08,6.812812e-09,1.214198e-08,6.721283e-09,93.53,87.35,8837.15,8253.36,45.09,41.57
4.22037,5,0.3100,0.030,0.026,5.359,5.829,0.9880,0.00946,270.15,53.34,0.56871852,0.7222725204,2.25,1.190792e-08,6.793256e-09,1.213449e-08,6.719219e-09,93.57,87.41,8840.87,8259.10,45.11,41.61
4.22063,5,0.3100,0.030,0.026,5.359,5.829,0.9880,0.00946,270.15,53.34,0.56871748,0.7222711996,2.25,1.188086e-08,6.783852e-09,1.212751e-08,6.714534e-09,93.76,87.39,8859.21,8256.84,45.22,41.59
4.22088,5,0.3101,0.030,0.026,5.359,5.829,0.9880,0.00946,270.15,53.34,0.56871648,0.7222699295999999,2.25,1.185154e-08,6.762089e-09,1.211214e-08,6.708463e-09,93.63,87.49,8846.76,8266.23,45.14,41.65
4.22112,5,0.3101,0.030,0.026,5.359,5.829,0.9880,0.00946,270.15,53.34,0.5687155199999999,0.7222687104,2.25,1.181359e-08,6.742132e-09,1.209423e-08,6.700023e-09,93.69,87.53,8851.94,8270.33,45.18,41.68
4.22138,5,0.3101,0.030,0.026,5.359,5.829,0.9880,0.00946,270.15,53.34,0.5687144799999999,0.7222673895999999,2.25,1.176292e-08,6.71569e-09,1.208004e-08,6.69388e-09,93.77,87.58,8859.55,8275.09,45.22,41.70
4.22163,5,0.3102,0.030,0.026,5.358,5.829,0.9880,0.00946,270.15,53.34,0.56871348,0.7222661196,2.25,1.172018e-08,6.692213e-09,1.207181e-08,6.684223e-09,93.83,87.46,8865.26,8263.63,45.26,41.63
4.22187,5,0.3102,0.030,0.026,5.358,5.829,0.9880,0.00946,270.15,53.34,0.5687125199999999,0.7222649003999999,2.25,1.16783e-08,6.667617e-09,1.204853e-08,6.673575e-09,93.80,87.53,8863.14,8269.85,45.24,41.67
4.22213,5,0.3102,0.030,0.026,5.358,5.829,0.9880,0.00946,270.15,53.34,0.5687114799999999,0.7222635796,2.25,1.162515e-08,6.640432e-09,1.202205e-08,6.660929e-09,93.91,87.59,8872.99,8275.48,45.30,41.71
4.22238,5,0.3103,0.030,0.026,5.358,5.829,0.9880,0.00946,270.15,53.34,0.5687104799999999,0.7222623095999999,2.25,1.15778e-08,6.611983e-09,1.200339e-08,6.648229e-09,93.89,87.54,8871.46,8271.56,45.29,41.68
4.22262,5,0.3103,0.030,0.026,5.358,5.829,0.9880,0.00946,270.15,53.34,0.56870952,0.7222610904,2.25,1.152956e-08,6.587194e-09,1.198511e-08,6.641925e-09,93.98,87.66,8880.14,8282.24,45.34,41.75
4.22288,5,0.3103,0.030,0.026,5.358,5.829,0.9880,0.00946,270.15,53.34,0.56870848,0.7222597695999999,2.25,1.147298e-08,6.55182e-09,1.195673e-08,6.625209e-09,93.88,87.63,8870.51,8279.47,45.29,41.73
4.22312,5,0.3103,0.030,0.026,5.358,5.829,0.9880,0.00946,270.15,53.34,0.5687075199999999,0.7222585503999999,2.25,1.141864e-08,6.521482e-09,1.195182e-08,6.615723e-09,93.91,87.43,8872.71,8260.53,45.30,41.62
4.22337,5,0.3104,0.030,0.026,5.358,5.829,0.9880,0.00946,270.15,53.34,0.56870652,0.7222572804,2.25,1.137443e-08,6.495613e-09,1.191221e-08,6.606538e-09,93.92,87.83,8873.59,8299.03,45.31,41.85
4.22363,5,0.3104,0.030,0.026,5.358,5.829,0.9880,0.00946,270.15,53.34,0.56870548,0.7222559596,2.25,1.131913e-08,6.461891e-09,1.189514e-08,6.596883e-09,93.84,87.83,8866.74,8298.50,45.26,41.84
4.22387,5,0.3104,0.030,0.026,5.358,5.829,0.9880,0.00946,270.15,53.34,0.5687045199999999,0.7222547403999999,2.25,1.126984e-08,6.433468e-09,1.186741e-08,6.577123e-09,93.83,87.70,8865.83,8286.11,45.26,41.77
4.22412,5,0.3105,0.030,0.026,5.358,5.829,0.9880,0.00947,270.15,53.34,0.5687035199999999,0.7222534703999999,2.25,1.122014e-08,6.403839e-09,1.184834e-08,6.56997e-09,93.82,87.83,8864.63,8298.46,45.25,41.84
4.22438,5,0.3105,0.030,0.026,5.358,5.829,0.9880,0.00947,270.15,53.34,0.56870248,0.7222521496000001,2.25,1.116622e-08,6.373374e-09,1.182975e-08,6.557113e-09,93.83,87.75,8865.63,8291.22,45.26,41.80
4.22462,5,0.3105,0.030,0.026,5.358,5.829,0.9880,0.00947,270.15,53.34,0.56870152,0.7222509304,2.25,1.111411e-08,6.343965e-09,1.181744e-08,6.552714e-09,93.84,87.82,8866.72,8298.11,45.26,41.84
4.22487,5,0.3106,0.030,0.026,5.358,5.829,0.9880,0.00947,270.15,53.34,0.5687005199999999,0.7222496603999999,2.25,1.107706e-08,6.323587e-09,1.180091e-08,6.53927e-09,93.90,87.72,8872.09,8288.61,45.30,41.78
4.22513,5,0.3106,0.030,0.026,5.358,5.829,0.9880,0.00947,270.15,53.34,0.5686994799999999,0.7222483395999999,2.25,1.102411e-08,6.296862e-09,1.17718e-08,6.535382e-09,94.02,88.09,8883.61,8323.58,45.36,41.99
4.22537,5,0.3106,0.030,0.026,5.358,5.829,0.9880,0.00947,270.15,53.34,0.56869852,0.7222471203999999,2.25,1.099526e-08,6.274182e-09,1.176622e-08,6.533014e-09,93.81,88.12,8863.18,8325.68,45.24,42.01
4.22562,5,0.3107,0.030,0.026,5.358,5.829,0.9880,0.00947,270.15,53.34,0.56869752,0.7222458504,2.25,1.095565e-08,6.249841e-09,1.174781e-08,6.526913e-09,93.77,88.27,8860.29,8340.19,45.22,42.09
4.22588,5,0.3107,0.030,0.026,5.358,5.829,0.9880,0.00947,270.15,53.34,0.56869648,0.7222445296,2.25,1.09219e-08,6.228231e-09,1.173722e-08,6.524365e-09,93.69,88.37,8852.50,8349.80,45.18,42.15
4.22612,5,0.3107,0.030,0.026,5.358,5.829,0.9880,0.00947,270.16,53.34,0.56869552,0.7222433104,2.25,1.089526e-08,6.210279e-09,1.17208e-08,6.527232e-09,93.60,88.74,8843.35,8384.49,45.12,42.36
4.22637,5,0.3108,0.030,0.026,5.358,5.829,0.9880,0.00947,270.16,53.34,0.56869452,0.7222420404,2.25,1.086216e-08,6.192503e-09,1.172394e-08,6.526309e-09,93.66,88.69,8849.82,8379.45,45.16,42.33
4.22663,5,0.3108,0.030,0.026,5.358,5.829,0.9880,0.00947,270.16,53.34,0.56869348,0.7222407196,2.25,1.083771e-08,6.180745e-09,1.171398e-08,6.522533e-09,93.74,88.74,8857.09,8384.58,45.20,42.36
4.22687,5,0.3108,0.030,0.026,5.358,5.829,0.9880,0.00947,270.16,53.34,0.5686925199999999,0.7222395004,2.25,1.081854e-08,6.166948e-09,1.171537e-08,6.524635e-09,93.64,88.78,8847.53,8388.43,45.15,42.38
4.22713,5,0.3109,0.030,0.026,5.357,5.829,0.9880,0.00947,270.16,53.34,0.5686914799999999,0.7222381795999999,2.25,1.080218e-08,6.157822e-09,1.171273e-08,6.531676e-09,93.68,89.07,8851.04,8415.88,45.17,42.55
4.22738,5,0.3109,0.030,0.026,5.357,5.829,0.9880,0.00947,270.16,53.34,0.56869048,0.7222369096,2.25,1.07919e-08,6.152489e-09,1.171022e-08,6.532229e-09,93.70,89.13,8852.81,8421.57,45.18,42.58
4.22762,5,0.3109,0.030,0.026,5.357,5.829,0.9880,0.00947,270.16,53.34,0.56868952,0.7222356903999999,2.25,1.077536e-08,6.147361e-09,1.171757e-08,6.537353e-09,93.85,89.16,8867.24,8424.55,45.27,42.60
4.22788,5,0.3110,0.030,0.026,5.357,5.829,0.9880,0.00947,270.16,53.34,0.5686884799999999,0.7222343696,2.25,1.077732e-08,6.144168e-09,1.172001e-08,6.545513e-09,93.73,89.40,8855.62,8447.11,45.20,42.74
4.22813,5,0.3110,0.030,0.026,5.357,5.829,0.9880,0.00947,270.16,53.34,0.5686874799999999,0.7222330995999999,2.25,1.078372e-08,6.144456e-09,1.172806e-08,6.549286e-09,93.61,89.38,8844.37,8445.00,45.13,42.72
4.22837,5,0.3110,0.030,0.026,5.357,5.829,0.9880,0.00947,270.16,53.34,0.56868652,0.7222318804,2.25,1.078028e-08,6.141267e-09,1.17325e-08,6.561459e-09,93.56,89.68,8840.26,8473.35,45.10,42.89
4.22863,5,0.3111,0.030,0.026,5.357,5.829,0.9880,0.00947,270.16,53.34,0.56868548,0.7222305595999999,2.25,1.078448e-08,6.146667e-09,1.173408e-08,6.570441e-09,93.70,89.96,8853.17,8499.84,45.18,43.05
4.22888,5,0.3111,0.030,0.026,5.357,5.829,0.9880,0.00947,270.16,53.34,0.5686844799999999,0.7222292895999999,2.25,1.080148e-08,6.152037e-09,1.173922e-08,6.575213e-09,93.55,90.02,8838.74,8505.41,45.09,43.09
4.22912,5,0.3111,0.030,0.026,5.357,5.829,0.9880,0.00947,270.16,53.34,0.56868352,0.7222280704,2.25,1.080725e-08,6.159932e-09,1.176689e-08,6.580335e-09,93.71,89.70,8854.13,8475.03,45.19,42.90
4.22938,5,0.3111,0.030,0.026,5.357,5.829,0.9880,0.00947,270.16,53.34,0.56868248,0.7222267496,2.25,1.082606e-08,6.165291e-09,1.177232e-08,6.592682e-09,93.52,89.99,8836.25,8502.27,45.08,43.07
4.22963,5,0.3112,0.030,0.026,5.357,5.829,0.9880,0.00947,270.16,53.34,0.56868148,0.7222254795999999,2.25,1.084685e-08,6.179e-09,1.178444e-08,6.604465e-09,93.62,90.17,8845.31,8519.65,45.13,43.17
4.22987,5,0.3112,0.030,0.026,5.357,5.829,0.9880,0.00947,270.16,53.34,0.5686805199999999,0.7222242603999999,2.25,1.086899e-08,6.190821e-09,1.18008e-08,6.613953e-09,93.59,90.18,8842.68,8520.59,45.12,43.18
4.23013,5,0.3112,0.030,0.026,5.357,5.829,0.9880,0.00947,270.16,53.34,0.5686794799999999,0.7222229395999998,2.25,1.089651e-08,6.209805e-09,1.180883e-08,6.620178e-09,93.70,90.23,8853.65,8525.64,45.18,43.21
4.23038,5,0.3113,0.030,0.026,5.357,5.829,0.9880,0.00947,270.16,53.34,0.56867848,0.7222216696,2.25,1.092458e-08,6.22603e-09,1.181975e-08,6.625304e-09,93.74,90.23,8857.25,8525.46,45.20,43.21
4.23062,5,0.3113,0.030,0.026,5.357,5.829,0.9880,0.00947,270.16,53.34,0.5686775199999999,0.7222204503999999,2.25,1.096092e-08,6.240453e-09,1.183541e-08,6.64013e-09,93.52,90.42,8836.54,8543.17,45.08,43.31
4.23088,5,0.3113,0.030,0.026,5.357,5.829,0.9880,0.00947,270.16,53.34,0.5686764799999999,0.7222191295999999,2.25,1.098397e-08,6.261464e-09,1.185054e-08,6.64575e-09,93.80,90.33,8862.47,8534.78,45.24,43.26
4.23112,5,0.3114,0.030,0.026,5.357,5.829,0.9880,0.00947,270.16,53.34,0.56867552,0.7222179104,2.25,1.102461e-08,6.281587e-09,1.186877e-08,6.653115e-09,93.72,90.27,8855.33,8529.17,45.19,43.23
4.23137,5,0.3114,0.030,0.026,5.357,5.829,0.9880,0.00947,270.16,53.34,0.56867452,0.7222166404,2.25,1.105463e-08,6.305612e-09,1.188025e-08,6.657255e-09,93.96,90.20,8877.98,8522.49,45.33,43.19
4.23163,5,0.3114,0.030,0.026,5.357,5.829,0.9880,0.00947,270.16,53.34,0.56867348,0.7222153196,2.25,1.109386e-08,6.321016e-09,1.190209e-08,6.662978e-09,93.72,90.00,8855.24,8503.57,45.19,43.08
4.23187,5,0.3115,0.030,0.026,5.357,5.829,0.9880,0.00947,270.16,53.34,0.56867252,0.7222141004,2.25,1.113418e-08,6.34256e-09,1.190049e-08,6.670668e-09,93.70,90.29,8853.45,8531.25,45.18,43.24
4.23212,5,0.3115,0.030,0.026,5.357,5.829,0.9880,0.00947,270.16,53.34,0.56867152,0.7222128304,2.25,1.116269e-08,6.361538e-09,1.191739e-08,6.675631e-09,93.80,90.15,8862.31,8518.15,45.23,43.16
4.23238,5,0.3115,0.030,0.026,5.357,5.829,0.9880,0.00947,270.16,53.34,0.56867048,0.7222115096,2.25,1.120113e-08,6.384593e-09,1.193014e-08,6.674095e-09,93.84,89.89,8866.02,8493.05,45.26,43.01
4.23262,5,0.3116,0.030,0.026,5.356,5.829,0.9880,0.00947,270.16,53.34,0.5686695199999999,0.7222102904,2.25,1.122854e-08,6.408954e-09,1.192965e-08,6.674764e-09,94.16,89.95,8897.07,8498.50,45.44,43.04
4.23287,5,0.3116,0.030,0.026,5.356,5.829,0.9880,0.00947,270.16,53.34,0.56866852,0.7222090204,2.25,1.12726e-08,6.42539e-09,1.194663e-08,6.681958e-09,93.87,89.88,8869.05,8491.84,45.27,43.00
4.23313,5,0.3116,0.030,0.026,5.356,5.829,0.9880,0.00947,270.16,53.34,0.56866748,0.7222076996,2.25,1.13006e-08,6.449878e-09,1.195586e-08,6.68528e-09,94.16,89.82,8896.41,8486.54,45.44,42.97
4.23337,5,0.3117,0.030,0.026,5.356,5.829,0.9880,0.00947,270.16,53.34,0.56866652,0.7222064803999999,2.25,1.13394e-08,6.467472e-09,1.196144e-08,6.687379e-09,94.03,89.82,8884.70,8486.33,45.37,42.97
4.23362,5,0.3117,0.030,0.026,5.356,5.829,0.9880,0.00947,270.16,53.34,0.5686655199999999,0.7222052104,2.25,1.137584e-08,6.489949e-09,1.196847e-08,6.689803e-09,94.09,89.77,8890.10,8482.00,45.40,42.94
4.23388,5,0.3117,0.030,0.026,5.356,5.829,0.9880,0.00947,270.16,53.34,0.5686644799999999,0.7222038895999999,2.25,1.140133e-08,6.50728e-09,1.196902e-08,6.690664e-09,94.18,89.79,8898.98,8483.59,45.45,42.95
4.23412,5,0.3118,0.030,0.026,5.356,5.829,0.9880,0.00947,270.16,53.34,0.56866352,0.7222026704,2.25,1.143042e-08,6.522668e-09,1.197393e-08,6.689997e-09,94.17,89.71,8897.97,8476.51,45.45,42.91
4.23438,5,0.3118,0.030,0.026,5.356,5.829,0.9880,0.00947,270.16,53.34,0.56866248,0.7222013495999999,2.25,1.145495e-08,6.54176e-09,1.197424e-08,6.693603e-09,94.34,89.82,8914.14,8486.37,45.55,42.97
4.23463,5,0.3118,0.030,0.026,5.356,5.829,0.9880,0.00947,270.16,53.34,0.5686614799999999,0.7222000796,2.25,1.148276e-08,6.555898e-09,1.197865e-08,6.689836e-09,94.29,89.63,8908.61,8468.48,45.51,42.86
4.23487,5,0.3118,0.030,0.026,5.356,5.829,0.9880,0.00947,270.16,53.34,0.56866052,0.7221988604,2.25,1.150206e-08,6.565653e-09,1.19829e-08,6.694054e-09,94.24,89.68,8904.62,8473.77,45.49,42.89
4.23513,5,0.3119,0.030,0.026,5.356,5.829,0.9880,0.00947,270.16,53.34,0.56865948,0.7221975396,2.25,1.151011e-08,6.580394e-09,1.199174e-08,6.697942e-09,94.61,89.68,8939.59,8473.47,45.70,42.89
4.23538,5,0.3119,0.030,0.026,5.356,5.829,0.9880,0.00947,270.16,53.34,0.56865848,0.7221962695999999,2.25,1.154013e-08,6.591427e-09,1.199061e-08,6.698518e-09,94.41,89.72,8920.22,8476.94,45.58,42.91
4.23562,5,0.3119,0.030,0.026,5.356,5.829,0.9880,0.00947,270.16,53.34,0.5686575199999999,0.7221950503999999,2.25,1.154824e-08,6.601572e-09,1.199194e-08,6.70259e-09,94.59,89.82,8937.63,8486.49,45.69,42.97
4.23588,5,0.3120,0.030,0.026,5.356,5.829,0.9880,0.00947,270.16,53.34,0.5686564799999999,0.7221937296,2.25,1.156195e-08,6.609291e-09,1.199812e-08,6.69941e-09,94.62,89.65,8940.12,8470.19,45.70,42.87
4.23613,5,0.3120,0.030,0.026,5.356,5.829,0.9880,0.00947,270.16,53.34,0.56865548,0.7221924596,2.25,1.157729e-08,6.616249e-09,1.199556e-08,6.699319e-09,94.56,89.69,8934.41,8474.02,45.67,42.90
4.23637,5,0.3120,0.030,0.026,5.356,5.829,0.9880,0.00947,270.16,53.34,0.5686545199999999,0.7221912403999999,2.25,1.157513e-08,6.620879e-09,1.199355e-08,6.704167e-09,94.75,89.87,8952.91,8491.15,45.78,43.00
4.23663,5,0.3121,0.030,0.026,5.356,5.829,0.9880,0.00947,270.16,53.34,0.5686534799999999,0.7221899195999999,2.25,1.157792e-08,6.630899e-09,1.200053e-08,6.708382e-09,95.07,89.91,8982.45,8494.77,45.96,43.02
4.23688,5,0.3121,0.030,0.026,5.356,5.829,0.9880,0.00947,270.16,53.34,0.5686524799999999,0.7221886495999998,2.25,1.159201e-08,6.630582e-09,1.200267e-08,6.710305e-09,94.79,89.93,8955.93,8496.86,45.80,43.03
4.23712,5,0.3121,0.030,0.026,5.356,5.829,0.9880,0.00947,270.16,53.34,0.56865152,0.7221874304,2.25,1.159027e-08,6.64046e-09,1.201304e-08,6.718835e-09,95.15,90.01,8990.33,8504.70,46.00,43.08
4.23738,5,0.3122,0.030,0.026,5.356,5.829,0.9880,0.00947,270.16,53.34,0.56865048,0.7221861096,2.25,1.159297e-08,6.639059e-09,1.201241e-08,6.715871e-09,95.08,89.96,8983.87,8499.93,45.96,43.05
4.23763,5,0.3122,0.030,0.026,5.356,5.829,0.9880,0.00947,270.16,53.34,0.5686494799999999,0.7221848395999999,2.25,1.160039e-08,6.64184e-09,1.201627e-08,6.71761e-09,95.03,89.95,8979.22,8498.72,45.94,43.04
4.23787,5,0.3122,0.030,0.026,5.356,5.829,0.9880,0.00947,270.16,53.34,0.56864852,0.7221836204,2.25,1.16065e-08,6.643528e-09,1.202507e-08,6.725712e-09,94.97,90.04,8973.50,8507.85,45.90,43.10
4.23813,5,0.3123,0.030,0.026,5.355,5.829,0.9880,0.00947,270.16,53.34,0.56864748,0.7221822996,2.25,1.160839e-08,6.642504e-09,1.20326e-08,6.729717e-09,94.93,90.07,8969.73,8509.99,45.88,43.11
4.23837,5,0.3123,0.030,0.026,5.355,5.829,0.9880,0.00947,270.16,53.34,0.5686465199999999,0.7221810804,2.25,1.161223e-08,6.638775e-09,1.203507e-08,6.732031e-09,94.74,90.10,8951.05,8512.66,45.77,43.13
4.23862,5,0.3123,0.030,0.026,5.355,5.829,0.9880,0.00947,270.16,53.34,0.56864552,0.7221798104,2.25,1.161077e-08,6.651025e-09,1.204049e-08,6.730326e-09,95.17,89.95,8992.35,8499.09,46.01,43.05
4.23888,5,0.3124,0.030,0.026,5.355,5.829,0.9880,0.00947,270.16,53.34,0.56864448,0.7221784896,2.25,1.160424e-08,6.652595e-09,1.205917e-08,6.742184e-09,95.38,90.02,9012.07,8505.86,46.13,43.09
4.23912,5,0.3124,0.030,0.026,5.355,5.829,0.9880,0.00947,270.16,53.34,0.56864352,0.7221772703999999,2.25,1.162322e-08,6.656682e-09,1.207083e-08,6.741978e-09,95.15,89.82,8990.57,8486.66,46.00,42.97
4.23937,5,0.3124,0.030,0.026,5.355,5.829,0.9880,0.00947,270.16,53.34,0.5686425199999999,0.7221760004,2.25,1.161392e-08,6.655488e-09,1.208294e-08,6.749044e-09,95.29,89.83,9003.65,8487.52,46.08,42.98
4.23963,5,0.3125,0.030,0.026,5.355,5.829,0.9880,0.00947,270.16,53.34,0.5686414799999999,0.7221746795999999,2.25,1.163093e-08,6.659162e-09,1.209323e-08,6.758621e-09,95.12,89.97,8987.33,8501.15,45.98,43.06
4.23987,5,0.3125,0.030,0.026,5.355,5.829,0.9880,0.00947,270.16,53.34,0.56864052,0.7221734604,2.25,1.163171e-08,6.665741e-09,1.210755e-08,6.766539e-09,95.32,89.97,9006.72,8500.91,46.10,43.06
4.24012,5,0.3125,0.030,0.026,5.355,5.829,0.9880,0.00947,270.16,53.34,0.56863952,0.7221721903999999,2.25,1.164647e-08,6.671728e-09,1.212594e-08,6.772566e-09,95.24,89.84,8998.91,8488.83,46.05,42.98
4.24038,5,0.3126,0.030,0.026,5.355,5.829,0.9880,0.00947,270.16,53.34,0.56863848,0.7221708696,2.25,1.166114e-08,6.675655e-09,1.213999e-08,6.782638e-09,95.12,89.94,8987.68,8497.86,45.99,43.04
4.24062,5,0.3126,0.030,0.026,5.355,5.829,0.9880,0.00947,270.16,53.34,0.56863752,0.7221696504,2.25,1.168044e-08,6.685337e-09,1.216307e-08,6.797509e-09,95.08,90.00,8983.38,8503.46,45.96,43.07
4.24087,5,0.3126,0.030,0.026,5.355,5.829,0.9880,0.00947,270.16,53.34,0.56863652,0.7221683804,2.25,1.169102e-08,6.691806e-09,1.219032e-08,6.806549e-09,95.09,89.81,8984.68,8485.97,45.97,42.97
4.24113,5,0.3127,0.030,0.026,5.355,5.829,0.9880,0.00947,270.16,53.34,0.56863548,0.7221670595999999,2.25,1.171828e-08,6.705718e-09,1.222068e-08,6.813285e-09,95.07,89.54,8982.26,8459.96,45.95,42.81
4.24137,5,0.3127,0.030,0.026,5.355,5.829,0.9880,0.00947,270.16,53.34,0.5686345199999999,0.7221658403999999,2.25,1.173879e-08,6.718308e-09,1.224939e-08,6.825608e-09,95.09,89.43,8984.93,8449.66,45.97,42.75
4.24162,5,0.3127,0.030,0.026,5.355,5.829,0.9880,0.00947,270.16,53.34,0.56863352,0.7221645704,2.25,1.176563e-08,6.736983e-09,1.227007e-08,6.841319e-09,95.20,89.55,8995.27,8461.35,46.03,42.82
4.24188,5,0.3127,0.030,0.026,5.355,5.829,0.9880,0.00947,270.16,53.34,0.56863248,0.7221632496,2.25,1.179913e-08,6.748612e-09,1.230258e-08,6.85457e-09,94.95,89.41,8971.78,8447.77,45.89,42.74
4.24212,5,0.3128,0.030,0.026,5.355,5.829,0.9880,0.00947,270.16,53.34,0.56863152,0.7221620303999999,2.25,1.183183e-08,6.770195e-09,1.235377e-08,6.876486e-09,95.08,89.24,8983.57,8432.19,45.96,42.64
4.24238,5,0.3128,0.030,0.026,5.355,5.829,0.9880,0.00947,270.16,53.34,0.5686304799999999,0.7221607095999999,2.25,1.186636e-08,6.790053e-09,1.238755e-08,6.897454e-09,95.08,89.31,8983.88,8438.16,45.96,42.68
4.24263,5,0.3128,0.030,0.026,5.355,5.829,0.9880,0.00947,270.16,53.34,0.5686294799999999,0.7221594395999998,2.25,1.190341e-08,6.812567e-09,1.242579e-08,6.914658e-09,95.13,89.19,8987.93,8426.92,45.99,42.61
4.24287,5,0.3129,0.030,0.026,5.355,5.829,0.9880,0.00947,270.16,53.34,0.56862852,0.7221582204,2.25,1.19564e-08,6.83543e-09,1.247449e-08,6.938427e-09,94.91,89.12,8967.91,8420.50,45.87,42.57
4.24313,5,0.3129,0.030,0.026,5.355,5.829,0.9880,0.00947,270.16,53.34,0.56862748,0.7221568996,2.25,1.200763e-08,6.862943e-09,1.252747e-08,6.960328e-09,94.86,88.90,8962.50,8399.92,45.83,42.45
4.24338,5,0.3129,0.030,0.026,5.355,5.829,0.9880,0.00947,270.16,53.34,0.5686264799999999,0.7221556295999999,2.25,1.205893e-08,6.887257e-09,1.256679e-08,6.989303e-09,94.70,89.11,8947.32,8419.24,45.74,42.56
4.24362,5,0.3130,0.030,0.026,5.354,5.829,0.9880,0.00947,270.16,53.34,0.56862552,0.7221544104000001,2.25,1.211396e-08,6.917098e-09,1.262424e-08,7.018213e-09,94.68,89.05,8945.39,8413.71,45.73,42.53
4.24388,5,0.3130,0.030,0.026,5.354,5.829,0.9880,0.00947,270.16,53.34,0.56862448,0.7221530896,2.25,1.21659e-08,6.94861e-09,1.26794e-08,7.042413e-09,94.73,88.86,8950.95,8396.36,45.76,42.43
4.24413,5,0.3130,0.030,0.026,5.354,5.829,0.9880,0.00947,270.16,53.34,0.56862348,0.7221518196,2.25,1.222852e-08,6.979738e-09,1.272984e-08,7.077209e-09,94.59,89.06,8937.11,8414.49,45.68,42.53
4.24437,5,0.3131,0.030,0.026,5.354,5.829,0.9880,0.00947,270.16,53.34,0.5686225199999999,0.7221506003999999,2.25,1.229435e-08,7.020137e-09,1.278623e-08,7.108612e-09,94.71,89.09,8948.35,8417.32,45.75,42.55
4.24463,5,0.3131,0.030,0.026,5.354,5.829,0.9880,0.00947,270.16,53.34,0.56862148,0.7221492796,2.25,1.235911e-08,7.054149e-09,1.284274e-08,7.142443e-09,94.61,89.15,8939.59,8423.73,45.69,42.59
4.24488,5,0.3131,0.030,0.026,5.354,5.829,0.9880,0.00947,270.16,53.34,0.56862048,0.7221480096,2.25,1.24317e-08,7.092201e-09,1.291749e-08,7.169839e-09,94.51,88.76,8929.68,8386.37,45.63,42.37
4.24512,5,0.3132,0.030,0.026,5.354,5.829,0.9880,0.00947,270.16,53.34,0.5686195199999999,0.7221467904,2.25,1.250592e-08,7.131463e-09,1.297985e-08,7.204198e-09,94.44,88.78,8923.55,8388.39,45.60,42.38
4.24538,5,0.3132,0.030,0.026,5.354,5.829,0.9880,0.00947,270.16,53.34,0.5686184799999999,0.7221454695999999,2.25,1.258205e-08,7.172485e-09,1.304317e-08,7.236887e-09,94.37,88.71,8916.64,8382.00,45.56,42.34
4.24563,5,0.3132,0.030,0.026,5.354,5.829,0.9880,0.00947,270.16,53.34,0.56861748,0.7221441996,2.25,1.264688e-08,7.223276e-09,1.310268e-08,7.272595e-09,94.79,88.79,8956.54,8388.96,45.80,42.38
4.24587,5,0.3133,0.030,0.026,5.354,5.829,0.9880,0.00947,270.16,53.34,0.56861652,0.7221429803999999,2.25,1.273395e-08,7.256195e-09,1.317209e-08,7.305649e-09,94.31,88.67,8911.25,8377.54,45.52,42.31
4.24613,5,0.3133,0.030,0.026,5.354,5.829,0.9880,0.00947,270.16,53.34,0.56861548,0.7221416596,2.25,1.280843e-08,7.304733e-09,1.324088e-08,7.345653e-09,94.50,88.72,8928.58,8382.28,45.63,42.34
4.24637,5,0.3133,0.030,0.026,5.354,5.829,0.9880,0.00947,270.16,53.34,0.56861452,0.7221404404,2.25,1.289095e-08,7.352465e-09,1.331053e-08,7.380204e-09,94.52,88.61,8930.47,8371.87,45.64,42.28
4.24662,5,0.3134,0.030,0.026,5.354,5.829,0.9880,0.00947,270.16,53.34,0.56861352,0.7221391704,2.25,1.297776e-08,7.393417e-09,1.336694e-08,7.413924e-09,94.29,88.70,8909.31,8380.74,45.51,42.33
4.24688,5,0.3134,0.030,0.026,5.354,5.829,0.9880,0.00947,270.16,53.34,0.56861248,0.7221378495999999,2.25,1.306156e-08,7.445793e-09,1.342909e-08,7.45558e-09,94.43,88.89,8922.22,8398.91,45.59,42.44
4.24712,5,0.3134,0.030,0.026,5.354,5.829,0.9880,0.00947,270.16,53.34,0.5686115199999999,0.7221366303999999,2.25,1.313863e-08,7.487291e-09,1.350671e-08,7.49047e-09,94.36,88.67,8915.47,8378.28,45.55,42.32
4.24737,5,0.3134,0.030,0.026,5.354,5.829,0.9880,0.00947,270.16,53.34,0.56861052,0.7221353604,2.25,1.322697e-08,7.526639e-09,1.356553e-08,7.524242e-09,94.04,88.70,8885.30,8381.16,45.37,42.33
4.24763,5,0.3135,0.030,0.026,5.354,5.829,0.9880,0.00947,270.16,53.34,0.56860948,0.7221340396,2.25,1.330403e-08,7.575498e-09,1.363241e-08,7.557924e-09,94.21,88.64,8901.79,8375.34,45.47,42.30
4.24787,5,0.3135,0.030,0.026,5.354,5.829,0.9880,0.00947,270.16,53.34,0.56860852,0.7221328203999999,2.25,1.338396e-08,7.618105e-09,1.369503e-08,7.589618e-09,94.13,88.56,8893.91,8367.86,45.42,42.25
4.24812,5,0.3135,0.030,0.026,5.354,5.829,0.9880,0.00947,270.16,53.34,0.5686075199999999,0.7221315503999999,2.25,1.34625e-08,7.666324e-09,1.374354e-08,7.624091e-09,94.23,88.76,8903.39,8386.59,45.48,42.37
4.24838,5,0.3136,0.030,0.026,5.353,5.829,0.9880,0.00947,270.16,53.34,0.5686064799999999,0.7221302296,2.25,1.354603e-08,7.713925e-09,1.38117e-08,7.655321e-09,94.26,88.62,8906.32,8373.10,45.49,42.28
4.24862,5,0.3136,0.030,0.026,5.353,5.829,0.9880,0.00947,270.16,53.34,0.56860552,0.7221290104,2.25,1.362059e-08,7.754211e-09,1.387655e-08,7.692848e-09,94.20,88.66,8900.52,8376.96,45.46,42.31
4.24887,5,0.3136,0.030,0.026,5.353,5.829,0.9880,0.00947,270.16,53.34,0.56860452,0.7221277403999999,2.25,1.370124e-08,7.799016e-09,1.392586e-08,7.71923e-09,94.17,88.63,8897.59,8374.64,45.44,42.29
4.24913,5,0.3137,0.030,0.026,5.353,5.829,0.9880,0.00947,270.16,53.34,0.5686034799999999,0.7221264195999999,2.25,1.378405e-08,7.842197e-09,1.397873e-08,7.747123e-09,94.09,88.63,8890.01,8373.88,45.39,42.29
4.24937,5,0.3137,0.030,0.026,5.353,5.829,0.9880,0.00947,270.16,53.34,0.56860252,0.7221252004000001,2.25,1.385573e-08,7.875548e-09,1.402988e-08,7.781536e-09,93.88,88.78,8870.60,8388.55,45.28,42.38
4.24962,5,0.3137,0.030,0.026,5.353,5.829,0.9880,0.00947,270.16,53.34,0.56860152,0.7221239304,2.25,1.391428e-08,7.91959e-09,1.409276e-08,7.80243e-09,94.18,88.43,8898.62,8354.93,45.45,42.17
4.24988,5,0.3138,0.030,0.025,5.353,5.829,0.9880,0.00947,270.16,53.34,0.56860048,0.7221226096,2.25,1.398829e-08,7.957048e-09,1.414204e-08,7.833997e-09,94.08,88.56,8889.48,8367.96,45.39,42.25
4.25012,5,0.3138,0.030,0.025,5.353,5.829,0.9880,0.00947,270.16,53.34,0.5685995199999999,0.7221213903999999,2.25,1.406179e-08,7.990744e-09,1.420039e-08,7.860399e-09,93.86,88.41,8868.59,8353.86,45.27,42.17
4.25038,5,0.3138,0.030,0.025,5.353,5.829,0.9880,0.00947,270.16,53.34,0.5685984799999999,0.7221200695999999,2.25,1.411004e-08,8.028133e-09,1.423654e-08,7.889233e-09,94.13,88.64,8894.18,8374.84,45.42,42.29
4.25063,5,0.3139,0.030,0.025,5.353,5.829,0.9880,0.00947,270.16,53.34,0.56859748,0.7221187996,2.25,1.417363e-08,8.065741e-09,1.429369e-08,7.923305e-09,94.20,88.73,8900.67,8383.21,45.46,42.34
4.25087,5,0.3139,0.030,0.025,5.353,5.829,0.9880,0.00947,270.16,53.34,0.5685965199999999,0.7221175804,2.25,1.422596e-08,8.088065e-09,1.433322e-08,7.939075e-09,94.00,88.57,8881.67,8368.68,45.34,42.26
4.25113,5,0.3139,0.030,0.025,5.353,5.829,0.9880,0.00947,270.16,53.34,0.5685954799999999,0.7221162595999999,2.25,1.428899e-08,8.123881e-09,1.438858e-08,7.963846e-09,94.00,88.42,8881.62,8354.82,45.34,42.17
4.25138,5,0.3140,0.030,0.025,5.353,5.829,0.9880,0.00947,270.16,53.34,0.56859448,0.7221149896,2.25,1.434647e-08,8.146423e-09,1.442133e-08,7.988747e-09,93.76,88.62,8858.90,8373.38,45.21,42.29
4.25162,5,0.3140,0.030,0.025,5.353,5.829,0.9880,0.00947,270.16,53.34,0.56859352,0.7221137703999999,2.25,1.43861e-08,8.180501e-09,1.446622e-08,8.012851e-09,94.07,88.60,8888.00,8371.60,45.38,42.27
4.25188,5,0.3140,0.030,0.025,5.353,5.829,0.9880,0.00947,270.16,53.34,0.56859248,0.7221124496,2.25,1.44444e-08,8.209583e-09,1.451504e-08,8.041725e-09,93.96,88.65,8877.80,8375.88,45.32,42.30
4.25213,5,0.3140,0.030,0.025,5.353,5.829,0.9880,0.00947,270.16,53.34,0.5685914799999999,0.7221111795999999,2.25,1.448451e-08,8.23105e-09,1.454591e-08,8.062282e-09,93.92,88.73,8874.47,8383.93,45.30,42.35
4.25237,5,0.3141,0.030,0.025,5.353,5.829,0.9880,0.00947,270.16,53.34,0.56859052,0.7221099604,2.25,1.452615e-08,8.258681e-09,1.46014e-08,8.093612e-09,94.06,88.78,8887.19,8387.93,45.38,42.37
4.25263,5,0.3141,0.030,0.025,5.353,5.829,0.9880,0.00947,270.16,53.34,0.56858948,0.7221086395999999,2.25,1.458169e-08,8.290411e-09,1.46457e-08,8.115423e-09,94.06,88.71,8887.57,8381.57,45.38,42.33
4.25288,5,0.3141,0.030,0.025,5.353,5.829,0.9880,0.00947,270.16,53.34,0.56858848,0.7221073696,2.25,1.461692e-08,8.318738e-09,1.469076e-08,8.136662e-09,94.28,88.62,8908.16,8372.97,45.50,42.28
4.25312,5,0.3142,0.030,0.025,5.353,5.829,0.9880,0.00947,270.16,53.34,0.56858752,0.7221061504,2.25,1.466099e-08,8.339038e-09,1.474133e-08,8.166918e-09,94.19,88.70,8899.16,8380.80,45.45,42.33
4.25338,5,0.3142,0.030,0.025,5.353,5.829,0.9880,0.00947,270.16,53.34,0.56858648,0.7221048296,2.25,1.47036e-08,8.361685e-09,1.478252e-08,8.190465e-09,94.14,88.72,8895.24,8382.47,45.43,42.34
4.25363,5,0.3142,0.030,0.025,5.353,5.829,0.9880,0.00947,270.16,53.34,0.56858548,0.7221035596,2.25,1.475151e-08,8.383889e-09,1.482544e-08,8.219575e-09,94.01,88.85,8882.85,8394.68,45.35,42.41
4.25387,5,0.3143,0.030,0.025,5.352,5.829,0.9880,0.00947,270.16,53.34,0.5685845199999999,0.7221023403999999,2.25,1.477852e-08,8.410861e-09,1.48676e-08,8.244259e-09,94.35,88.91,8914.21,8400.34,45.54,42.45
4.25413,5,0.3143,0.030,0.025,5.352,5.829,0.9880,0.00947,270.16,53.34,0.5685834799999999,0.7221010196,2.25,1.482953e-08,8.435284e-09,1.492156e-08,8.273843e-09,94.23,88.90,8902.93,8399.57,45.47,42.44
4.25437,5,0.3143,0.030,0.025,5.352,5.829,0.9880,0.00947,270.16,53.34,0.56858252,0.7220998004,2.25,1.486517e-08,8.463378e-09,1.497357e-08,8.293538e-09,94.43,88.68,8922.05,8378.84,45.59,42.32
4.25462,5,0.3144,0.030,0.025,5.352,5.829,0.9880,0.00947,270.16,53.34,0.56858152,0.7220985303999999,2.25,1.491072e-08,8.484626e-09,1.501479e-08,8.324736e-09,94.34,88.91,8913.46,8400.43,45.53,42.45
4.25488,5,0.3144,0.030,0.025,5.352,5.829,0.9880,0.00947,270.16,53.34,0.5685804799999999,0.7220972095999999,2.25,1.495153e-08,8.513162e-09,1.50843e-08,8.357757e-09,94.47,88.78,8926.39,8388.00,45.61,42.37
4.25512,5,0.3144,0.030,0.025,5.352,5.829,0.9880,0.00947,270.16,53.34,0.56857952,0.7220959904,2.25,1.500386e-08,8.536474e-09,1.512333e-08,8.389461e-09,94.31,89.02,8910.67,8410.66,45.52,42.51
4.25537,5,0.3145,0.030,0.025,5.352,5.829,0.9880,0.00947,270.16,53.34,0.56857852,0.7220947204,2.25,1.505429e-08,8.567973e-09,1.518449e-08,8.414286e-09,94.41,88.83,8920.28,8392.94,45.58,42.40
4.25563,5,0.3145,0.030,0.025,5.352,5.829,0.9880,0.00947,270.16,53.34,0.56857748,0.7220933996,2.25,1.510056e-08,8.593163e-09,1.524661e-08,8.446182e-09,94.38,88.77,8917.53,8387.31,45.56,42.37
4.25587,5,0.3145,0.030,0.025,5.352,5.829,0.9880,0.00947,270.16,53.34,0.5685765199999999,0.7220921803999999,2.25,1.515952e-08,8.625658e-09,1.530511e-08,8.481316e-09,94.35,88.83,8914.99,8393.36,45.54,42.40
4.25612,5,0.3145,0.030,0.025,5.352,5.829,0.9880,0.00947,270.16,53.34,0.56857552,0.7220909104000001,2.25,1.519608e-08,8.655582e-09,1.536946e-08,8.525227e-09,94.58,89.03,8936.84,8411.62,45.67,42.51
4.25638,5,0.3146,0.030,0.025,5.352,5.829,0.9880,0.00947,270.16,53.34,0.56857448,0.7220895896,2.25,1.526071e-08,8.696789e-09,1.543076e-08,8.561901e-09,94.73,89.12,8950.19,8420.20,45.75,42.57
4.25662,5,0.3146,0.030,0.025,5.352,5.829,0.9880,0.00947,270.16,53.34,0.5685735199999999,0.7220883704,2.25,1.531744e-08,8.722879e-09,1.550439e-08,8.592192e-09,94.57,88.87,8935.33,8397.01,45.67,42.43
4.25687,5,0.3146,0.030,0.025,5.352,5.829,0.9880,0.00947,270.16,53.34,0.5685725199999999,0.7220871003999999,2.25,1.537941e-08,8.758089e-09,1.556505e-08,8.636656e-09,94.57,89.12,8935.14,8420.73,45.66,42.57
4.25713,5,0.3147,0.030,0.025,5.352,5.829,0.9880,0.00947,270.16,53.34,0.5685714799999999,0.7220857795999999,2.25,1.544741e-08,8.79832e-09,1.562867e-08,8.664258e-09,94.63,88.97,8941.54,8406.63,45.70,42.48
4.25737,5,0.3147,0.030,0.025,5.352,5.829,0.9880,0.00947,270.16,53.34,0.56857052,0.7220845604,2.25,1.550481e-08,8.836384e-09,1.57243e-08,8.714447e-09,94.77,88.91,8954.18,8400.51,45.78,42.45
4.25762,5,0.3147,0.030,0.025,5.352,5.829,0.9880,0.00947,270.16,53.34,0.5685695199999999,0.7220832904,2.25,1.557225e-08,8.874038e-09,1.579559e-08,8.756028e-09,94.75,88.96,8952.35,8404.97,45.77,42.47
4.25788,5,0.3148,0.030,0.025,5.352,5.829,0.9880,0.00947,270.16,53.34,0.5685684799999999,0.7220819695999999,2.25,1.565483e-08,8.920054e-09,1.587398e-08,8.804554e-09,94.75,89.10,8952.76,8418.52,45.77,42.55
4.25812,5,0.3148,0.030,0.025,5.352,5.829,0.9880,0.00947,270.16,53.34,0.56856752,0.7220807504,2.25,1.571867e-08,8.963121e-09,1.595356e-08,8.844931e-09,94.92,89.01,8968.32,8410.49,45.86,42.51
4.25838,5,0.3148,0.030,0.025,5.352,5.829,0.9880,0.00947,270.17,53.34,0.56856648,0.7220794296,2.25,1.579939e-08,9.014149e-09,1.604025e-08,8.884177e-09,95.04,88.82,8979.91,8391.80,45.93,42.39
4.25863,5,0.3149,0.030,0.025,5.352,5.829,0.9880,0.00947,270.17,53.34,0.56856548,0.7220781596,2.25,1.588326e-08,9.051704e-09,1.611801e-08,8.938475e-09,94.82,89.10,8959.04,8418.17,45.81,42.55
4.25887,5,0.3149,0.030,0.025,5.352,5.829,0.9880,0.00947,270.17,53.34,0.5685645199999999,0.7220769403999999,2.25,1.596037e-08,9.103495e-09,1.619924e-08,8.987513e-09,95.01,89.18,8977.03,8426.57,45.92,42.60
4.25913,5,0.3149,0.030,0.025,5.352,5.829,0.9880,0.00947,270.17,53.34,0.56856348,0.7220756196,2.25,1.605265e-08,9.149469e-09,1.629245e-08,9.037823e-09,94.85,89.15,8961.84,8423.63,45.82,42.59
4.25938,5,0.3150,0.030,0.025,5.351,5.829,0.9880,0.00947,270.17,53.34,0.56856248,0.7220743495999999,2.25,1.613402e-08,9.201016e-09,1.638008e-08,9.089106e-09,95.00,89.24,8976.41,8431.87,45.91,42.63
4.25962,5,0.3150,0.030,0.025,5.351,5.829,0.9880,0.00947,270.17,53.34,0.5685615199999999,0.7220731303999999,2.25,1.621047e-08,9.244334e-09,1.646847e-08,9.147237e-09,95.00,89.44,8975.78,8450.73,45.91,42.75
4.25988,5,0.3150,0.030,0.025,5.351,5.829,0.9880,0.00947,270.17,53.34,0.5685604799999999,0.7220718096,2.25,1.631402e-08,9.295807e-09,1.65688e-08,9.204731e-09,94.82,89.48,8958.78,8454.38,45.81,42.77
4.26013,5,0.3151,0.030,0.025,5.351,5.829,0.9880,0.00947,270.17,53.34,0.56855948,0.7220705396,2.25,1.63942e-08,9.349389e-09,1.664369e-08,9.243019e-09,95.03,89.43,8979.25,8450.24,45.93,42.74
4.26037,5,0.3151,0.030,0.025,5.351,5.829,0.9880,0.00947,270.17,53.34,0.56855852,0.7220693203999999,2.25,1.648844e-08,9.402368e-09,1.675334e-08,9.292803e-09,95.02,89.19,8977.55,8427.58,45.92,42.61
4.26063,5,0.3151,0.030,0.025,5.351,5.829,0.9880,0.00947,270.17,53.34,0.56855748,0.7220679995999999,2.25,1.658291e-08,9.451216e-09,1.686325e-08,9.353786e-09,94.90,89.20,8966.47,8427.62,45.85,42.61
4.26088,5,0.3151,0.030,0.025,5.351,5.829,0.9880,0.00947,270.17,53.34,0.5685564799999999,0.7220667296,2.25,1.667279e-08,9.500704e-09,1.696431e-08,9.405233e-09,94.86,89.10,8962.65,8418.35,45.83,42.55
4.26112,5,0.3152,0.030,0.025,5.351,5.829,0.9880,0.00947,270.17,53.34,0.56855552,0.7220655104,2.25,1.675692e-08,9.551643e-09,1.706217e-08,9.464286e-09,94.96,89.23,8972.05,8430.62,45.88,42.63
4.26138,5,0.3152,0.030,0.025,5.351,5.829,0.9880,0.00948,270.17,53.34,0.56855448,0.7220641896,2.25,1.683128e-08,9.602762e-09,1.715243e-08,9.518316e-09,95.16,89.31,8991.06,8438.51,46.00,42.67
4.26163,5,0.3152,0.030,0.025,5.351,5.829,0.9880,0.00948,270.17,53.34,0.5685534799999999,0.7220629195999999,2.25,1.693609e-08,9.645444e-09,1.724822e-08,9.566241e-09,94.77,89.20,8954.07,8428.15,45.78,42.61
4.26187,5,0.3153,0.030,0.025,5.351,5.829,0.9880,0.00948,270.17,53.34,0.56855252,0.7220617004000001,2.25,1.701074e-08,9.695812e-09,1.733804e-08,9.6232e-09,94.98,89.38,8973.79,8444.90,45.89,42.71
4.26213,5,0.3153,0.030,0.025,5.351,5.829,0.9880,0.00948,270.17,53.34,0.56855148,0.7220603796,2.25,1.710202e-08,9.748015e-09,1.743056e-08,9.665023e-09,94.98,89.18,8974.17,8426.23,45.90,42.60
4.26237,5,0.3153,0.030,0.025,5.351,5.829,0.9880,0.00948,270.17,53.34,0.56855052,0.7220591604,2.25,1.717116e-08,9.788907e-09,1.751388e-08,9.725512e-09,95.01,89.48,8977.33,8454.11,45.92,42.77
4.26262,5,0.3154,0.030,0.025,5.351,5.829,0.9880,0.00948,270.17,53.34,0.5685495199999999,0.7220578903999999,2.25,1.726755e-08,9.828132e-09,1.761842e-08,9.76739e-09,94.69,89.17,8946.88,8425.42,45.73,42.59
4.26288,5,0.3154,0.030,0.025,5.351,5.829,0.9880,0.00948,270.17,53.34,0.5685484799999999,0.7220565695999999,2.25,1.733357e-08,9.877881e-09,1.771369e-08,9.821054e-09,94.96,89.19,8972.54,8427.05,45.89,42.60
4.26312,5,0.3154,0.030,0.025,5.351,5.829,0.9880,0.00948,270.17,53.34,0.56854752,0.7220553504,2.25,1.740029e-08,9.914413e-09,1.779235e-08,9.871413e-09,94.93,89.33,8969.41,8440.00,45.87,42.68
4.26337,5,0.3155,0.030,0.025,5.351,5.829,0.9880,0.00948,270.17,53.34,0.5685465199999999,0.7220540804,2.25,1.747527e-08,9.959165e-09,1.788033e-08,9.911303e-09,95.00,89.17,8976.51,8425.64,45.91,42.60
4.26363,5,0.3155,0.030,0.025,5.351,5.829,0.9880,0.00948,270.17,53.34,0.5685454799999999,0.7220527595999999,2.25,1.75358e-08,9.981238e-09,1.797384e-08,9.959876e-09,94.73,89.11,8950.61,8419.45,45.75,42.56
4.26387,5,0.3155,0.030,0.025,5.351,5.829,0.9880,0.00948,270.17,53.34,0.56854452,0.7220515404,2.25,1.759619e-08,1.00228e-08,1.805347e-08,1.001052e-08,94.89,89.24,8965.53,8431.77,45.84,42.63
4.26412,5,0.3156,0.030,0.025,5.351,5.829,0.9880,0.00948,270.17,53.34,0.56854352,0.7220502703999999,2.25,1.765351e-08,1.004661e-08,1.813022e-08,1.005531e-08,94.72,89.31,8950.08,8438.64,45.75,42.67
4.26438,5,0.3156,0.030,0.025,5.351,5.829,0.9880,0.00948,270.17,53.34,0.56854248,0.7220489496,2.25,1.770737e-08,1.006657e-08,1.82088e-08,1.00921e-08,94.49,89.18,8928.07,8425.91,45.62,42.60
4.26462,5,0.3156,0.029,0.025,5.351,5.829,0.9880,0.00948,270.17,53.34,0.5685415199999999,0.7220477303999999,2.25,1.776068e-08,1.009088e-08,1.827974e-08,1.012732e-08,94.36,89.10,8915.67,8418.15,45.54,42.55
4.26487,5,0.3156,0.029,0.025,5.351,5.829,0.9880,0.00948,270.17,53.34,0.56854052,0.7220464604,2.25,1.779514e-08,1.012071e-08,1.834697e-08,1.017235e-08,94.58,89.25,8936.63,8432.62,45.67,42.64
4.26513,5,0.3157,0.029,0.025,5.350,5.829,0.9880,0.00948,270.17,53.34,0.56853948,0.7220451395999999,2.25,1.784487e-08,1.013904e-08,1.841012e-08,1.020893e-08,94.40,89.31,8919.16,8438.20,45.56,42.67
4.26537,5,0.3157,0.029,0.025,5.350,5.829,0.9880,0.00948,270.17,53.34,0.5685385199999999,0.7220439204,2.25,1.787804e-08,1.01608e-08,1.847044e-08,1.02487e-08,94.46,89.43,8925.08,8449.90,45.60,42.74
4.26562,5,0.3157,0.029,0.025,5.350,5.829,0.9880,0.00948,270.17,53.34,0.5685375199999999,0.7220426503999999,2.25,1.791789e-08,1.016713e-08,1.853522e-08,1.026945e-08,94.11,89.13,8892.02,8421.90,45.40,42.57
4.26588,5,0.3158,0.029,0.025,5.350,5.829,0.9880,0.00948,270.17,53.34,0.56853648,0.7220413296,2.25,1.793178e-08,1.018232e-08,1.86043e-08,1.031348e-08,94.30,89.27,8909.62,8435.13,45.51,42.65
4.26612,5,0.3158,0.029,0.025,5.350,5.829,0.9880,0.00948,270.17,53.34,0.56853552,0.7220401103999999,2.25,1.796306e-08,1.019069e-08,1.864895e-08,1.03452e-08,94.10,89.41,8890.66,8447.90,45.39,42.73
4.26638,5,0.3158,0.029,0.025,5.350,5.829,0.9880,0.00948,270.17,53.34,0.56853448,0.7220387895999999,2.25,1.797367e-08,1.019303e-08,1.871594e-08,1.037698e-08,94.02,89.31,8883.25,8438.07,45.35,42.67
4.26663,5,0.3159,0.029,0.025,5.350,5.829,0.9880,0.00948,270.17,53.34,0.5685334799999999,0.7220375196,2.25,1.799145e-08,1.020058e-08,1.875404e-08,1.040443e-08,93.99,89.46,8880.97,8452.27,45.33,42.75
4.26687,5,0.3159,0.029,0.025,5.350,5.829,0.9880,0.00948,270.17,53.34,0.56853252,0.7220363004,2.25,1.799409e-08,1.020377e-08,1.880764e-08,1.042681e-08,94.03,89.31,8884.37,8438.90,45.35,42.67
4.26713,5,0.3159,0.029,0.025,5.350,5.829,0.9880,0.00948,270.17,53.34,0.56853148,0.7220349796,2.25,1.799757e-08,1.021095e-08,1.886067e-08,1.046547e-08,94.14,89.49,8894.85,8455.69,45.42,42.78
4.26738,5,0.3160,0.029,0.025,5.350,5.829,0.9880,0.00948,270.17,53.34,0.56853048,0.7220337095999999,2.25,1.803369e-08,1.020578e-08,1.889851e-08,1.048433e-08,93.63,89.48,8846.25,8454.50,45.13,42.77
4.26762,5,0.3160,0.029,0.025,5.350,5.829,0.9880,0.00948,270.17,53.34,0.56852952,0.7220324904000001,2.25,1.801074e-08,1.021034e-08,1.894804e-08,1.051582e-08,94.00,89.56,8881.42,8461.75,45.34,42.81
4.26788,5,0.3160,0.029,0.025,5.350,5.829,0.9880,0.00948,270.17,53.34,0.56852848,0.7220311696,2.25,1.802757e-08,1.019557e-08,1.900324e-08,1.054092e-08,93.48,89.45,8832.79,8451.78,45.04,42.75
4.26813,5,0.3161,0.029,0.025,5.350,5.829,0.9880,0.00948,270.17,53.34,0.56852748,0.7220298996,2.25,1.802178e-08,1.01934e-08,1.903735e-08,1.055832e-08,93.54,89.45,8837.79,8451.72,45.07,42.75
4.26837,5,0.3161,0.029,0.025,5.350,5.829,0.9880,0.00948,270.17,53.34,0.5685265199999999,0.7220286803999999,2.25,1.800457e-08,1.019465e-08,1.908001e-08,1.058214e-08,93.77,89.45,8859.76,8452.01,45.21,42.75
4.26863,5,0.3161,0.029,0.025,5.350,5.829,0.9880,0.00948,270.17,53.34,0.5685254799999999,0.7220273595999999,2.25,1.800962e-08,1.018534e-08,1.911748e-08,1.060822e-08,93.51,89.55,8835.43,8461.49,45.06,42.81
4.26888,5,0.3162,0.029,0.025,5.350,5.829,0.9880,0.00948,270.17,53.34,0.56852448,0.7220260896,2.25,1.80123e-08,1.018539e-08,1.915573e-08,1.064043e-08,93.51,89.79,8835.29,8483.85,45.06,42.94
4.26912,5,0.3162,0.029,0.025,5.350,5.829,0.9880,0.00948,270.17,53.34,0.56852352,0.7220248704,2.25,1.799949e-08,1.018751e-08,1.920333e-08,1.06537e-08,93.71,89.54,8854.02,8460.32,45.17,42.80
4.26938,5,0.3162,0.029,0.025,5.350,5.829,0.9880,0.00948,270.17,53.34,0.5685224799999999,0.7220235495999999,2.25,1.799106e-08,1.016945e-08,1.924525e-08,1.067832e-08,93.43,89.57,8827.44,8462.75,45.01,42.82
4.26962,5,0.3162,0.029,0.025,5.350,5.829,0.9880,0.00948,270.17,53.34,0.56852152,0.7220223304,2.25,1.800256e-08,1.017611e-08,1.928235e-08,1.070646e-08,93.43,89.71,8827.76,8476.18,45.01,42.90
4.26987,5,0.3163,0.029,0.025,5.350,5.829,0.9880,0.00948,270.17,53.34,0.56852052,0.7220210604,2.25,1.798708e-08,1.01686e-08,1.932273e-08,1.072883e-08,93.49,89.74,8833.03,8478.77,45.04,42.91
4.27013,5,0.3163,0.029,0.025,5.350,5.829,0.9880,0.00948,270.17,53.34,0.56851948,0.7220197396,2.25,1.799026e-08,1.015479e-08,1.936817e-08,1.075276e-08,93.16,89.71,8801.91,8476.47,44.86,42.90
4.27037,5,0.3163,0.029,0.025,5.350,5.829,0.9880,0.00948,270.17,53.34,0.5685185199999999,0.7220185203999999,2.25,1.800049e-08,1.0161e-08,1.939193e-08,1.07712e-08,93.17,89.81,8802.78,8485.77,44.86,42.96
4.27062,5,0.3164,0.029,0.025,5.349,5.829,0.9880,0.00948,270.17,53.34,0.56851752,0.7220172504,2.25,1.799699e-08,1.015831e-08,1.944157e-08,1.079476e-08,93.18,89.76,8804.14,8481.36,44.87,42.93
4.27088,5,0.3164,0.029,0.025,5.349,5.829,0.9880,0.00948,270.17,53.34,0.56851648,0.7220159296,2.25,1.798379e-08,1.015559e-08,1.949054e-08,1.0827e-08,93.28,89.86,8813.56,8490.26,44.93,42.98
4.27112,5,0.3164,0.029,0.025,5.349,5.829,0.9880,0.00948,270.17,53.34,0.5685155199999999,0.7220147104,2.25,1.800151e-08,1.015024e-08,1.952812e-08,1.084885e-08,92.96,89.88,8783.04,8491.98,44.74,42.99
4.27137,5,0.3165,0.029,0.025,5.349,5.829,0.9880,0.00948,270.17,53.34,0.5685145199999999,0.7220134403999999,2.25,1.799581e-08,1.0153e-08,1.956489e-08,1.087678e-08,93.11,90.04,8797.68,8507.86,44.83,43.09
4.27163,5,0.3165,0.029,0.025,5.349,5.829,0.9880,0.00948,270.17,53.34,0.56851348,0.7220121196,2.25,1.801374e-08,1.015692e-08,1.961204e-08,1.090093e-08,92.98,90.01,8785.38,8504.24,44.76,43.07
4.27187,5,0.3165,0.029,0.025,5.349,5.829,0.9880,0.00948,270.17,53.34,0.56851252,0.7220109003999999,2.25,1.80217e-08,1.015732e-08,1.966632e-08,1.093007e-08,92.90,89.99,8777.28,8502.44,44.71,43.05
4.27212,5,0.3166,0.029,0.025,5.349,5.829,0.9880,0.00948,270.17,53.34,0.5685115199999999,0.7220096303999999,2.25,1.80264e-08,1.01635e-08,1.97142e-08,1.095202e-08,93.00,89.93,8787.05,8496.98,44.77,43.02
4.27238,5,0.3166,0.029,0.025,5.349,5.829,0.9880,0.00948,270.17,53.34,0.5685104799999999,0.7220083096,2.25,1.80465e-08,1.017325e-08,1.97533e-08,1.097881e-08,92.97,90.02,8783.92,8505.82,44.75,43.07
4.27262,5,0.3166,0.029,0.025,5.349,5.829,0.9880,0.00948,270.17,53.34,0.56850952,0.7220070904,2.25,1.806828e-08,1.016949e-08,1.981126e-08,1.100793e-08,92.63,89.97,8752.28,8500.44,44.56,43.04
4.27287,5,0.3167,0.029,0.025,5.349,5.829,0.9880,0.00948,270.17,53.34,0.56850852,0.7220058203999999,2.25,1.808588e-08,1.018477e-08,1.98626e-08,1.10326e-08,92.77,89.92,8765.63,8496.44,44.64,43.02
4.27313,5,0.3167,0.029,0.025,5.349,5.829,0.9880,0.00948,270.17,53.34,0.56850748,0.7220044995999999,2.25,1.809896e-08,1.019805e-08,1.991721e-08,1.105777e-08,92.90,89.83,8777.28,8487.53,44.71,42.96
4.27337,5,0.3167,0.029,0.025,5.349,5.829,0.9880,0.00948,270.17,53.34,0.5685065199999999,0.7220032803999998,2.25,1.812995e-08,1.020335e-08,1.994512e-08,1.108935e-08,92.64,90.12,8753.38,8515.29,44.56,43.13
4.27363,5,0.3167,0.029,0.025,5.349,5.829,0.9880,0.00948,270.17,53.34,0.56850548,0.7220019596,2.25,1.815291e-08,1.022373e-08,2.000219e-08,1.111618e-08,92.80,90.03,8768.01,8506.85,44.65,43.08
4.27388,5,0.3168,0.029,0.025,5.349,5.829,0.9880,0.00948,270.17,53.34,0.56850448,0.7220006896,2.25,1.81948e-08,1.023556e-08,2.006176e-08,1.114389e-08,92.58,89.96,8747.76,8500.27,44.53,43.04
4.27412,5,0.3168,0.029,0.025,5.349,5.829,0.9880,0.00948,270.17,53.34,0.5685035199999999,0.7219994703999999,2.25,1.820907e-08,1.024856e-08,2.011297e-08,1.117511e-08,92.69,90.01,8757.48,8505.02,44.59,43.07
4.27438,5,0.3168,0.029,0.025,5.349,5.829,0.9880,0.00948,270.17,53.34,0.5685024799999999,0.7219981495999999,2.25,1.824499e-08,1.02645e-08,2.015705e-08,1.120341e-08,92.60,90.08,8749.14,8511.53,44.54,43.11
4.27463,5,0.3169,0.029,0.025,5.349,5.829,0.9880,0.00948,270.17,53.34,0.56850148,0.7219968796,2.25,1.827899e-08,1.027572e-08,2.020368e-08,1.122723e-08,92.46,90.07,8736.53,8510.64,44.46,43.10
4.27487,5,0.3169,0.029,0.025,5.349,5.829,0.9880,0.00948,270.17,53.34,0.56850052,0.7219956604,2.25,1.83143e-08,1.029989e-08,2.025573e-08,1.125272e-08,92.55,90.01,8744.90,8504.79,44.51,43.07
4.27513,5,0.3169,0.029,0.025,5.349,5.829,0.9880,0.00948,270.17,53.34,0.56849948,0.7219943395999999,2.25,1.833619e-08,1.031164e-08,2.030122e-08,1.128363e-08,92.54,90.11,8743.82,8514.37,44.51,43.13
4.27538,5,0.3170,0.029,0.025,5.349,5.829,0.9880,0.00948,270.17,53.34,0.5684984799999999,0.7219930695999999,2.25,1.837425e-08,1.033475e-08,2.034263e-08,1.13054e-08,92.61,90.12,8749.88,8514.94,44.54,43.13
4.27562,5,0.3170,0.029,0.025,5.349,5.829,0.9880,0.00948,270.17,53.34,0.56849752,0.7219918504,2.25,1.840249e-08,1.034664e-08,2.040251e-08,1.133744e-08,92.52,90.10,8742.16,8512.85,44.50,43.12
4.27588,5,0.3170,0.029,0.025,5.349,5.829,0.9880,0.00948,270.17,53.34,0.56849648,0.7219905296,2.25,1.843162e-08,1.03693e-08,2.044635e-08,1.13552e-08,92.65,89.98,8754.28,8501.72,44.57,43.05
4.27613,5,0.3171,0.029,0.025,5.348,5.829,0.9880,0.00948,270.17,53.34,0.5684954799999999,0.7219892595999999,2.25,1.846974e-08,1.03945e-08,2.048253e-08,1.137831e-08,92.76,90.06,8764.28,8509.48,44.63,43.10
4.27637,5,0.3171,0.029,0.025,5.348,5.829,0.9880,0.00948,270.17,53.34,0.56849452,0.7219880404,2.25,1.849494e-08,1.040644e-08,2.049777e-08,1.14047e-08,92.71,90.38,8759.96,8539.67,44.60,43.28
4.27663,5,0.3171,0.029,0.025,5.348,5.829,0.9880,0.00948,270.17,53.34,0.56849348,0.7219867196,2.25,1.85293e-08,1.041842e-08,2.054991e-08,1.142614e-08,92.56,90.25,8745.85,8526.94,44.52,43.20
4.27688,5,0.3172,0.029,0.025,5.348,5.829,0.9880,0.00948,270.17,53.34,0.56849248,0.7219854496,2.25,1.855684e-08,1.043212e-08,2.058997e-08,1.143702e-08,92.56,90.07,8745.19,8510.53,44.51,43.10
4.27712,5,0.3172,0.029,0.025,5.348,5.829,0.9880,0.00948,270.17,53.34,0.5684915199999999,0.7219842303999999,2.25,1.858354e-08,1.044719e-08,2.061734e-08,1.146348e-08,92.56,90.27,8745.30,8529.37,44.51,43.22
4.27738,5,0.3172,0.029,0.025,5.348,5.829,0.9880,0.00948,270.17,53.34,0.5684904799999999,0.7219829095999999,2.25,1.860123e-08,1.046515e-08,2.064881e-08,1.147163e-08,92.72,90.11,8760.63,8513.75,44.61,43.12
4.27762,5,0.3173,0.029,0.025,5.348,5.829,0.9880,0.00948,270.17,53.34,0.56848952,0.7219816903999999,2.25,1.860356e-08,1.047891e-08,2.066851e-08,1.148328e-08,93.00,90.15,8787.26,8517.61,44.77,43.14
4.27787,5,0.3173,0.029,0.025,5.348,5.829,0.9880,0.00948,270.17,53.34,0.5684885199999999,0.7219804204,2.25,1.862391e-08,1.049034e-08,2.06938e-08,1.15035e-08,93.00,90.26,8787.19,8527.90,44.77,43.21
4.27813,5,0.3173,0.029,0.025,5.348,5.829,0.9880,0.00948,270.17,53.34,0.5684874799999999,0.7219790996,2.25,1.863902e-08,1.049625e-08,2.072497e-08,1.150846e-08,92.95,90.04,8782.21,8507.32,44.74,43.08
4.27837,5,0.3173,0.029,0.025,5.348,5.829,0.9880,0.00948,270.17,53.34,0.56848652,0.7219778804,2.25,1.863875e-08,1.050178e-08,2.070701e-08,1.151047e-08,93.06,90.25,8793.10,8527.28,44.80,43.20
4.27862,5,0.3174,0.029,0.025,5.348,5.829,0.9880,0.00948,270.17,53.34,0.56848552,0.7219766103999999,2.25,1.864643e-08,1.050482e-08,2.072682e-08,1.152589e-08,93.07,90.36,8793.40,8537.32,44.80,43.26
4.27888,5,0.3174,0.029,0.025,5.348,5.829,0.9880,0.00948,270.17,53.34,0.56848448,0.7219752895999999,2.25,1.863922e-08,1.050366e-08,2.073204e-08,1.152495e-08,93.13,90.29,8798.97,8530.91,44.84,43.22
4.27912,5,0.3174,0.029,0.025,5.348,5.829,0.9880,0.00948,270.17,53.34,0.5684835199999999,0.7219740704,2.25,1.864043e-08,1.050852e-08,2.074261e-08,1.152538e-08,93.21,90.19,8806.99,8521.84,44.88,43.17
4.27937,5,0.3175,0.029,0.025,5.348,5.829,0.9880,0.00948,270.17,53.34,0.56848252,0.7219728004,2.25,1.861555e-08,1.049691e-08,2.072161e-08,1.152356e-08,93.29,90.39,8814.42,8540.95,44.93,43.28
4.27963,5,0.3175,0.029,0.025,5.348,5.829,0.9880,0.00948,270.17,53.34,0.56848148,0.7219714796,2.25,1.860819e-08,1.049529e-08,2.072268e-08,1.151673e-08,93.34,90.26,8819.29,8528.57,44.96,43.21
4.27987,5,0.3175,0.029,0.025,5.348,5.829,0.9880,0.00948,270.17,53.34,0.5684805199999999,0.7219702603999999,2.25,1.858883e-08,1.048198e-08,2.070668e-08,1.150449e-08,93.29,90.20,8814.68,8522.98,44.93,43.18
4.28012,5,0.3176,0.029,0.025,5.348,5.829,0.9880,0.00948,270.17,53.34,0.5684795199999999,0.7219689903999998,2.25,1.856152e-08,1.047806e-08,2.069228e-08,1.149973e-08,93.56,90.29,8839.66,8531.08,45.08,43.22
4.28038,5,0.3176,0.029,0.025,5.348,5.829,0.9880,0.00948,270.17,53.34,0.56847848,0.7219676696,2.25,1.855389e-08,1.046076e-08,2.064858e-08,1.148552e-08,93.29,90.47,8814.53,8547.96,44.93,43.33
4.28062,5,0.3176,0.029,0.025,5.348,5.829,0.9880,0.00948,270.17,53.34,0.56847752,0.7219664504,2.25,1.850637e-08,1.045086e-08,2.064492e-08,1.147068e-08,93.64,90.24,8847.31,8526.51,45.13,43.20
4.28087,5,0.3177,0.029,0.025,5.347,5.829,0.9880,0.00948,270.17,53.34,0.5684765199999999,0.7219651803999999,2.25,1.84684e-08,1.043088e-08,2.061006e-08,1.145333e-08,93.70,90.31,8852.95,8532.58,45.16,43.23
4.28113,5,0.3177,0.029,0.025,5.347,5.829,0.9880,0.00948,270.17,53.34,0.5684754799999999,0.7219638595999999,2.25,1.843977e-08,1.041049e-08,2.056229e-08,1.143415e-08,93.61,90.44,8844.71,8544.97,45.11,43.31
4.28137,5,0.3177,0.029,0.025,5.347,5.829,0.9880,0.00948,270.17,53.34,0.56847452,0.7219626404,2.25,1.839613e-08,1.038862e-08,2.054429e-08,1.141408e-08,93.67,90.26,8850.12,8528.04,45.14,43.21
4.28163,5,0.3178,0.029,0.025,5.347,5.829,0.9880,0.00948,270.17,53.34,0.56847348,0.7219613196,2.25,1.834518e-08,1.036447e-08,2.048583e-08,1.139271e-08,93.79,90.49,8861.99,8549.48,45.21,43.33
4.28188,5,0.3178,0.029,0.025,5.347,5.829,0.9880,0.00948,270.17,53.34,0.56847248,0.7219600495999999,2.25,1.830315e-08,1.033672e-08,2.044705e-08,1.136814e-08,93.71,90.43,8854.10,8544.39,45.17,43.30
4.28212,5,0.3178,0.029,0.025,5.347,5.829,0.9880,0.00948,270.17,53.34,0.56847152,0.7219588304,2.25,1.825318e-08,1.031129e-08,2.039655e-08,1.134344e-08,93.77,90.49,8859.61,8550.13,45.20,43.34
4.28238,5,0.3178,0.029,0.025,5.347,5.829,0.9880,0.00948,270.17,53.34,0.56847048,0.7219575096,2.25,1.819811e-08,1.027961e-08,2.033091e-08,1.130687e-08,93.76,90.49,8858.48,8550.02,45.19,43.34
4.28263,5,0.3179,0.029,0.025,5.347,5.829,0.9880,0.00948,270.17,53.34,0.56846948,0.7219562396,2.25,1.81254e-08,1.025993e-08,2.029449e-08,1.129264e-08,94.24,90.63,8903.93,8563.00,45.47,43.42
4.28287,5,0.3179,0.029,0.025,5.347,5.829,0.9880,0.00948,270.17,53.34,0.5684685199999999,0.7219550203999999,2.25,1.808692e-08,1.022304e-08,2.022446e-08,1.125357e-08,93.92,90.63,8873.71,8562.82,45.28,43.41
4.28313,5,0.3179,0.029,0.025,5.347,5.829,0.9880,0.00948,270.17,53.34,0.5684674799999999,0.7219536995999999,2.25,1.802742e-08,1.019678e-08,2.018973e-08,1.122286e-08,94.07,90.42,8888.49,8543.29,45.37,43.30
4.28338,5,0.3180,0.029,0.025,5.347,5.829,0.9880,0.00948,270.17,53.34,0.56846648,0.7219524296000001,2.25,1.796444e-08,1.016334e-08,2.012415e-08,1.118506e-08,94.15,90.42,8895.69,8543.66,45.42,43.30
4.28362,5,0.3180,0.029,0.025,5.347,5.829,0.9880,0.00948,270.17,53.34,0.56846552,0.7219512104,2.25,1.790334e-08,1.012838e-08,2.006281e-08,1.115217e-08,94.14,90.45,8894.89,8545.73,45.41,43.31
4.28388,5,0.3180,0.029,0.025,5.347,5.829,0.9880,0.00948,270.17,53.34,0.5684644799999999,0.7219498896,2.25,1.785075e-08,1.010181e-08,1.999593e-08,1.113472e-08,94.21,90.81,8901.35,8579.96,45.45,43.52
4.28413,5,0.3181,0.029,0.025,5.347,5.829,0.9880,0.00948,270.17,53.34,0.5684634799999999,0.7219486195999999,2.25,1.778953e-08,1.007486e-08,1.994616e-08,1.10887e-08,94.40,90.50,8919.84,8550.80,45.56,43.34
4.28437,5,0.3181,0.029,0.025,5.347,5.829,0.9880,0.00948,270.17,53.34,0.56846252,0.7219474003999999,2.25,1.774107e-08,1.004494e-08,1.988565e-08,1.105583e-08,94.35,90.51,8914.77,8552.14,45.53,43.35
4.28463,5,0.3181,0.029,0.025,5.347,5.829,0.9880,0.00948,270.17,53.34,0.56846148,0.7219460796,2.25,1.7692e-08,1.001266e-08,1.980177e-08,1.102655e-08,94.25,90.84,8905.55,8582.56,45.48,43.53
4.28488,5,0.3182,0.029,0.025,5.347,5.829,0.9880,0.00948,270.17,53.34,0.5684604799999999,0.7219448096,2.25,1.763305e-08,9.98413e-09,1.974282e-08,1.097446e-08,94.39,90.51,8918.30,8551.39,45.55,43.34
4.28512,5,0.3182,0.029,0.025,5.347,5.829,0.9880,0.00948,270.17,53.34,0.56845952,0.7219435904,2.25,1.758051e-08,9.956476e-09,1.968606e-08,1.094789e-08,94.43,90.60,8922.63,8560.16,45.58,43.40
4.28538,5,0.3182,0.029,0.025,5.347,5.829,0.9880,0.00948,270.17,53.34,0.56845848,0.7219422696,2.25,1.752668e-08,9.937547e-09,1.963328e-08,1.092021e-08,94.69,90.63,8946.62,8563.11,45.72,43.42
4.28562,5,0.3183,0.029,0.025,5.347,5.829,0.9880,0.00948,270.17,53.34,0.5684575199999999,0.7219410503999999,2.25,1.747352e-08,9.893799e-09,1.955232e-08,1.088035e-08,94.42,90.75,8921.10,8574.99,45.57,43.49
4.28587,5,0.3183,0.029,0.025,5.347,5.856,0.9880,0.00948,270.17,53.34,0.5684565199999999,0.7219397803999998,2.25,1.74302e-08,9.883506e-09,1.950433e-08,1.084759e-08,94.73,90.64,8950.82,8564.21,45.72,43.39
4.28613,5,0.3183,0.029,0.025,5.347,5.856,0.9880,0.00948,270.17,53.34,0.56845548,0.7219384596,2.25,1.740606e-08,9.858339e-09,1.944867e-08,1.081338e-08,94.48,90.58,8926.81,8558.41,45.58,43.36
4.28637,5,0.3184,0.029,0.025,5.346,5.856,0.9880,0.00948,270.17,53.34,0.56845452,0.7219372404,2.25,1.736826e-08,9.836397e-09,1.938226e-08,1.078012e-08,94.50,90.68,8928.50,8567.65,45.59,43.41
4.28662,5,0.3184,0.029,0.025,5.346,5.856,0.9880,0.00948,270.17,53.34,0.5684535199999999,0.7219359703999999,2.25,1.730786e-08,9.825301e-09,1.932355e-08,1.074836e-08,95.01,90.69,8977.19,8569.26,45.88,43.42
4.28688,5,0.3184,0.029,0.025,5.346,5.856,0.9880,0.00948,270.17,53.34,0.5684524799999999,0.7219346495999999,2.25,1.728851e-08,9.806739e-09,1.92594e-08,1.071477e-08,94.84,90.73,8961.17,8573.03,45.78,43.45
4.28712,5,0.3184,0.029,0.025,5.346,5.856,0.9880,0.00948,270.17,53.34,0.56845152,0.7219334304,2.25,1.724788e-08,9.792859e-09,1.920652e-08,1.069051e-08,95.05,90.83,8980.60,8582.36,45.90,43.50
4.28737,5,0.3185,0.029,0.025,5.346,5.856,0.9880,0.00948,270.17,53.34,0.56845052,0.7219321604,2.25,1.722707e-08,9.777042e-09,1.914639e-08,1.065938e-08,94.99,90.91,8974.92,8589.31,45.86,43.54
4.28763,5,0.3185,0.029,0.025,5.346,5.856,0.9880,0.00948,270.17,53.34,0.56844948,0.7219308395999999,2.25,1.71943e-08,9.771415e-09,1.910906e-08,1.063474e-08,95.28,90.83,9002.56,8582.29,46.03,43.50
4.28787,5,0.3185,0.029,0.025,5.346,5.856,0.9880,0.00948,270.17,53.34,0.56844852,0.7219296204,2.25,1.718737e-08,9.755556e-09,1.905753e-08,1.060847e-08,95.01,90.88,8977.15,8586.68,45.88,43.53
4.28812,5,0.3186,0.029,0.025,5.346,5.856,0.9880,0.00948,270.17,53.34,0.56844752,0.7219283504,2.25,1.71608e-08,9.747183e-09,1.899381e-08,1.058244e-08,95.19,91.09,8994.28,8606.70,45.98,43.65
4.28838,5,0.3186,0.029,0.025,5.346,5.856,0.9880,0.00948,270.17,53.34,0.56844648,0.7219270296,2.25,1.715519e-08,9.743085e-09,1.89534e-08,1.055383e-08,95.17,90.97,8992.33,8595.49,45.97,43.58
4.28862,5,0.3186,0.029,0.025,5.346,5.856,0.9880,0.00948,270.17,53.34,0.5684455199999999,0.7219258103999999,2.25,1.713682e-08,9.733102e-09,1.891083e-08,1.053141e-08,95.18,91.00,8993.29,8597.85,45.97,43.60
4.28887,5,0.3187,0.029,0.025,5.346,5.856,0.9880,0.00948,270.17,53.34,0.56844452,0.7219245404,2.25,1.712814e-08,9.731903e-09,1.886736e-08,1.050834e-08,95.30,91.05,9004.11,8602.65,46.04,43.62
4.28913,5,0.3187,0.029,0.025,5.346,5.856,0.9880,0.00948,270.17,53.34,0.56844348,0.7219232196,2.25,1.712095e-08,9.72318e-09,1.880858e-08,1.049453e-08,95.19,91.42,8994.17,8637.82,45.98,43.84
4.28937,5,0.3187,0.029,0.025,5.346,5.856,0.9880,0.00948,270.17,53.34,0.56844252,0.7219220004,2.25,1.712008e-08,9.726407e-09,1.877107e-08,1.047743e-08,95.28,91.50,9002.14,8644.97,46.03,43.88
4.28963,5,0.3188,0.029,0.025,5.346,5.856,0.9880,0.00948,270.17,53.34,0.5684414799999999,0.7219206796,2.25,1.709964e-08,9.726487e-09,1.872427e-08,1.044073e-08,95.57,91.31,9030.10,8627.89,46.20,43.78
4.28988,5,0.3188,0.029,0.025,5.346,5.856,0.9880,0.00948,270.17,53.34,0.5684404799999999,0.7219194095999999,2.25,1.711277e-08,9.722481e-09,1.867261e-08,1.042531e-08,95.31,91.58,9005.45,8653.01,46.05,43.93
4.29012,5,0.3188,0.029,0.025,5.346,5.856,0.9880,0.00948,270.17,53.34,0.56843952,0.7219181903999999,2.25,1.710567e-08,9.718796e-09,1.864484e-08,1.040699e-08,95.32,91.52,9006.20,8647.71,46.05,43.90
4.29038,5,0.3189,0.029,0.025,5.346,5.856,0.9880,0.00948,270.17,53.34,0.56843848,0.7219168696,2.25,1.709389e-08,9.721746e-09,1.860469e-08,1.038829e-08,95.57,91.63,9029.77,8657.42,46.19,43.95
4.29063,5,0.3189,0.029,0.025,5.346,5.856,0.9880,0.00948,270.18,53.34,0.5684374799999999,0.7219155996,2.25,1.710884e-08,9.725452e-09,1.857245e-08,1.036413e-08,95.46,91.50,9019.45,8645.79,46.13,43.88
4.29087,5,0.3189,0.029,0.025,5.346,5.856,0.9880,0.00948,270.18,53.34,0.56843652,0.7219143804,2.25,1.710248e-08,9.720955e-09,1.853408e-08,1.034642e-08,95.44,91.58,9017.56,8652.80,46.12,43.93
4.29113,5,0.3189,0.029,0.025,5.346,5.856,0.9880,0.00948,270.18,53.34,0.56843548,0.7219130596,2.25,1.709398e-08,9.732656e-09,1.849314e-08,1.032013e-08,95.82,91.51,9053.19,8646.28,46.33,43.89
4.29138,5,0.3190,0.029,0.025,5.346,5.856,0.9880,0.00948,270.18,53.34,0.56843448,0.7219117896,2.25,1.709893e-08,9.727251e-09,1.846084e-08,1.029789e-08,95.66,91.45,9038.28,8640.99,46.24,43.85
4.29162,5,0.3190,0.029,0.025,5.346,5.856,0.9880,0.00948,270.18,53.34,0.5684335199999999,0.7219105704,2.25,1.711278e-08,9.720621e-09,1.842088e-08,1.028304e-08,95.33,91.60,9007.10,8655.15,46.06,43.94
4.29188,5,0.3190,0.029,0.025,5.346,5.856,0.9880,0.00948,270.18,53.34,0.5684324799999999,0.7219092495999999,2.25,1.71092e-08,9.722242e-09,1.83931e-08,1.026435e-08,95.41,91.54,9014.95,8649.08,46.10,43.90
4.29213,5,0.3191,0.029,0.025,5.345,5.856,0.9880,0.00948,270.18,53.34,0.56843148,0.7219079796,2.25,1.71106e-08,9.72016e-09,1.832786e-08,1.024854e-08,95.38,91.99,9011.59,8691.32,46.08,44.16
4.29237,5,0.3191,0.029,0.025,5.345,5.856,0.9880,0.00948,270.18,53.34,0.5684305199999999,0.7219067603999999,2.25,1.710371e-08,9.723836e-09,1.829588e-08,1.022664e-08,95.55,91.90,9027.91,8683.58,46.18,44.11
4.29263,5,0.3191,0.029,0.025,5.345,5.856,0.9880,0.00948,270.18,53.34,0.5684294799999999,0.7219054396,2.25,1.709565e-08,9.716744e-09,1.82574e-08,1.019868e-08,95.49,91.77,9022.51,8671.14,46.15,44.04
4.29288,5,0.3192,0.029,0.025,5.345,5.856,0.9880,0.00948,270.18,53.34,0.5684284799999999,0.7219041695999999,2.25,1.707837e-08,9.718323e-09,1.82083e-08,1.018228e-08,95.78,92.03,9049.93,8695.19,46.31,44.18
4.29312,5,0.3192,0.029,0.025,5.345,5.856,0.9880,0.00948,270.18,53.34,0.56842752,0.7219029504,2.25,1.707941e-08,9.712703e-09,1.817471e-08,1.016473e-08,95.64,92.05,9036.52,8697.59,46.23,44.19
4.29338,5,0.3192,0.029,0.025,5.345,5.856,0.9880,0.00948,270.18,53.34,0.56842648,0.7219016295999999,2.25,1.706385e-08,9.715914e-09,1.812054e-08,1.013953e-08,95.92,92.16,9062.60,8707.52,46.39,44.25
4.29362,5,0.3193,0.029,0.025,5.345,5.856,0.9880,0.00948,270.18,53.34,0.5684255199999999,0.7219004103999999,2.25,1.704861e-08,9.705325e-09,1.809136e-08,1.011115e-08,95.90,91.94,9061.29,8686.74,46.38,44.13
4.29387,5,0.3193,0.029,0.025,5.345,5.856,0.9880,0.00948,270.18,53.34,0.56842452,0.7218991404,2.25,1.704604e-08,9.689341e-09,1.804373e-08,1.008946e-08,95.57,92.04,9029.88,8696.37,46.19,44.19
4.29413,5,0.3193,0.029,0.025,5.345,5.856,0.9880,0.00948,270.18,53.34,0.56842348,0.7218978196,2.25,1.702896e-08,9.683244e-09,1.799516e-08,1.00663e-08,95.65,92.12,9037.69,8704.22,46.24,44.23
4.29437,5,0.3194,0.029,0.025,5.345,5.856,0.9880,0.00948,270.18,53.34,0.5684225199999999,0.7218966003999999,2.25,1.699914e-08,9.673728e-09,1.794169e-08,1.003582e-08,95.85,92.14,9056.67,8705.82,46.35,44.24
4.29462,5,0.3194,0.029,0.025,5.345,5.856,0.9880,0.00948,270.18,53.34,0.56842152,0.7218953304,2.25,1.697754e-08,9.659233e-09,1.788533e-08,1.001269e-08,95.80,92.32,9051.87,8722.42,46.33,44.34
4.29488,5,0.3194,0.029,0.025,5.345,5.856,0.9880,0.00948,270.18,53.34,0.56842048,0.7218940096,2.25,1.696313e-08,9.643943e-09,1.785178e-08,9.983448e-09,95.64,92.10,9036.46,8701.71,46.23,44.22
4.29512,5,0.3195,0.029,0.025,5.345,5.856,0.9880,0.00948,270.18,53.34,0.56841952,0.7218927904,2.25,1.693225e-08,9.633323e-09,1.780453e-08,9.966891e-09,95.83,92.33,9054.40,8724.02,46.34,44.35
4.29537,5,0.3195,0.029,0.025,5.345,5.856,0.9880,0.00948,270.18,53.34,0.5684185199999999,0.7218915203999999,2.25,1.691143e-08,9.617064e-09,1.77398e-08,9.935857e-09,95.73,92.44,9044.77,8734.41,46.28,44.41
4.29563,5,0.3195,0.029,0.025,5.345,5.856,0.9880,0.00948,270.18,53.34,0.5684174799999999,0.7218901995999999,2.25,1.687114e-08,9.599481e-09,1.769248e-08,9.902876e-09,95.85,92.31,9056.42,8721.44,46.35,44.34
4.29587,5,0.3195,0.029,0.025,5.345,5.856,0.9880,0.00948,270.18,53.34,0.56841652,0.7218889803999999,2.25,1.685452e-08,9.580867e-09,1.76333e-08,9.874039e-09,95.64,92.40,9036.38,8730.05,46.23,44.39
4.29612,5,0.3196,0.029,0.025,5.345,5.856,0.9880,0.00948,270.18,53.34,0.56841552,0.7218877104,2.25,1.68034e-08,9.557496e-09,1.757314e-08,9.844963e-09,95.80,92.52,9051.69,8742.09,46.32,44.46
4.29638,5,0.3196,0.029,0.025,5.345,5.856,0.9880,0.00948,270.18,53.34,0.5684144799999999,0.7218863896,2.25,1.678607e-08,9.541396e-09,1.751839e-08,9.818222e-09,95.66,92.61,9037.98,8750.06,46.24,44.51
4.29662,5,0.3196,0.029,0.025,5.345,5.856,0.9880,0.00948,270.18,53.34,0.56841352,0.7218851704,2.25,1.673943e-08,9.524187e-09,1.746574e-08,9.781182e-09,95.87,92.45,9058.48,8734.76,46.36,44.42
4.29688,5,0.3197,0.029,0.025,5.345,5.856,0.9880,0.00948,270.18,53.34,0.56841248,0.7218838496,2.25,1.671267e-08,9.50092e-09,1.7419e-08,9.765721e-09,95.71,92.71,9043.56,8759.33,46.27,44.56
4.29713,5,0.3197,0.029,0.025,5.345,5.856,0.9880,0.00948,270.18,53.34,0.56841148,0.7218825796,2.25,1.666422e-08,9.481461e-09,1.734989e-08,9.7301e-09,95.90,92.77,9061.46,8765.74,46.38,44.60
4.29737,5,0.3197,0.029,0.025,5.345,5.856,0.9880,0.00948,270.18,53.34,0.5684105199999999,0.7218813604,2.25,1.663378e-08,9.461615e-09,1.729142e-08,9.698327e-09,95.84,92.80,9055.85,8767.83,46.35,44.62
4.29763,5,0.3198,0.029,0.025,5.344,5.856,0.9880,0.00948,270.18,53.34,0.5684094799999999,0.7218800395999999,2.25,1.659323e-08,9.437778e-09,1.723583e-08,9.669759e-09,95.86,92.88,9056.97,8775.97,46.35,44.66
4.29788,5,0.3198,0.029,0.025,5.344,5.856,0.9880,0.00948,270.18,53.34,0.56840848,0.7218787696,2.25,1.656075e-08,9.416874e-09,1.716463e-08,9.635379e-09,95.80,93.00,9051.55,8787.53,46.32,44.73
4.29812,5,0.3198,0.029,0.025,5.344,5.856,0.9880,0.00948,270.18,53.34,0.5684075199999999,0.7218775503999999,2.25,1.651839e-08,9.403098e-09,1.711436e-08,9.599195e-09,96.04,92.83,9074.62,8770.94,46.46,44.63
4.29838,5,0.3199,0.029,0.025,5.344,5.856,0.9880,0.00948,270.18,53.34,0.5684064799999999,0.7218762296,2.25,1.648297e-08,9.375419e-09,1.704431e-08,9.577975e-09,95.89,93.26,9060.59,8811.54,46.38,44.88
4.29863,5,0.3199,0.029,0.025,5.344,5.856,0.9880,0.00949,270.18,53.34,0.5684054799999999,0.7218749595999999,2.25,1.643568e-08,9.356376e-09,1.700373e-08,9.544326e-09,96.08,93.02,9078.27,8788.75,46.48,44.74
4.29887,5,0.3199,0.029,0.025,5.344,5.856,0.9880,0.00949,270.18,53.34,0.56840452,0.7218737404,2.25,1.640951e-08,9.34169e-09,1.694358e-08,9.517779e-09,96.09,93.18,9078.74,8803.96,46.49,44.83
4.29913,5,0.3200,0.029,0.025,5.344,5.856,0.9880,0.00949,270.18,53.34,0.56840348,0.7218724195999999,2.25,1.636601e-08,9.322929e-09,1.688506e-08,9.48457e-09,96.26,93.20,9095.18,8806.00,46.58,44.84
4.29938,5,0.3200,0.029,0.025,5.344,5.856,0.9880,0.00949,270.18,53.34,0.5684024799999999,0.7218711495999999,2.25,1.633868e-08,9.3092e-09,1.683641e-08,9.454847e-09,96.30,93.15,9099.36,8800.91,46.61,44.81
4.29962,5,0.3200,0.029,0.025,5.344,5.856,0.9880,0.00949,270.18,53.34,0.56840152,0.7218699304,2.25,1.631578e-08,9.28983e-09,1.67676e-08,9.428235e-09,96.15,93.42,9084.99,8826.60,46.52,44.97
4.29988,5,0.3200,0.029,0.025,5.344,5.856,0.9880,0.00949,270.18,53.34,0.56840048,0.7218686096,2.25,1.627905e-08,9.273346e-09,1.671901e-08,9.40679e-09,96.26,93.55,9095.07,8839.22,46.58,45.04
4.30013,5,0.3201,0.029,0.025,5.344,5.856,0.9880,0.00949,270.18,53.34,0.56839948,0.7218673395999999,2.25,1.625996e-08,9.266373e-09,1.666996e-08,9.377507e-09,96.38,93.54,9106.83,8838.35,46.65,45.04
4.30037,5,0.3201,0.029,0.025,5.344,5.856,0.9880,0.00949,270.18,53.34,0.5683985199999999,0.7218661203999999,2.25,1.622826e-08,9.249301e-09,1.661295e-08,9.349611e-09,96.41,93.64,9109.10,8847.37,46.67,45.09
4.30063,5,0.3201,0.029,0.025,5.344,5.856,0.9880,0.00949,270.18,53.34,0.56839748,0.7218647996,2.25,1.620758e-08,9.243141e-09,1.655465e-08,9.324886e-09,96.54,93.82,9122.01,8864.96,46.74,45.20
4.30087,5,0.3202,0.029,0.025,5.344,5.856,0.9880,0.00949,270.18,53.34,0.56839652,0.7218635804,2.25,1.618779e-08,9.231747e-09,1.651782e-08,9.304769e-09,96.57,93.87,9124.61,8869.10,46.76,45.22
4.30112,5,0.3202,0.029,0.025,5.344,5.856,0.9880,0.00949,270.18,53.34,0.5683955199999999,0.7218623103999999,2.25,1.616049e-08,9.226778e-09,1.646709e-08,9.273381e-09,96.83,93.80,9149.07,8862.95,46.91,45.19
4.30138,5,0.3202,0.029,0.025,5.344,5.856,0.9880,0.00949,270.18,53.34,0.5683944799999999,0.7218609895999999,2.25,1.615675e-08,9.218682e-09,1.640887e-08,9.253893e-09,96.69,94.11,9135.31,8892.20,46.82,45.36
4.30162,5,0.3203,0.029,0.025,5.344,5.856,0.9880,0.00949,270.18,53.34,0.56839352,0.7218597704,2.25,1.614357e-08,9.213003e-09,1.638099e-08,9.238839e-09,96.76,94.16,9142.41,8896.45,46.87,45.39
4.30187,5,0.3203,0.029,0.025,5.344,5.856,0.9880,0.00949,270.18,53.34,0.56839252,0.7218585004,2.25,1.612731e-08,9.211002e-09,1.633193e-08,9.216234e-09,96.94,94.28,9159.27,8907.68,46.97,45.45
4.30213,5,0.3203,0.029,0.025,5.344,5.856,0.9880,0.00949,270.18,53.34,0.56839148,0.7218571796,2.25,1.612499e-08,9.199923e-09,1.630671e-08,9.194548e-09,96.70,94.10,9136.69,8891.13,46.83,45.36
4.30237,5,0.3204,0.029,0.025,5.344,5.856,0.9880,0.00949,270.18,53.34,0.56839052,0.7218559604,2.25,1.611702e-08,9.206071e-09,1.626949e-08,9.18927e-09,96.99,94.50,9164.33,8928.91,47.00,45.58
4.30262,5,0.3204,0.029,0.025,5.344,5.856,0.9880,0.00949,270.18,53.34,0.56838952,0.7218546903999999,2.25,1.611425e-08,9.208748e-09,1.624955e-08,9.162342e-09,97.10,94.13,9174.22,8893.96,47.06,45.37
4.30288,5,0.3204,0.029,0.025,5.344,5.856,0.9880,0.00949,270.18,53.34,0.56838848,0.7218533696,2.25,1.611618e-08,9.211004e-09,1.620543e-08,9.14278e-09,97.13,94.26,9176.90,8905.83,47.07,45.44
4.30312,5,0.3205,0.029,0.025,5.343,5.856,0.9880,0.00949,270.18,53.34,0.5683875199999999,0.7218521504,2.25,1.611293e-08,9.211262e-09,1.617582e-08,9.12789e-09,97.21,94.33,9184.69,8912.68,47.12,45.48
4.30337,5,0.3205,0.029,0.025,5.343,5.856,0.9880,0.00949,270.18,53.34,0.56838652,0.7218508804,2.25,1.612787e-08,9.218627e-09,1.614584e-08,9.126275e-09,97.18,94.69,9181.96,8947.11,47.10,45.69
4.30363,5,0.3205,0.029,0.025,5.343,5.856,0.9880,0.00949,270.18,53.34,0.56838548,0.7218495596,2.25,1.6129e-08,9.22062e-09,1.61193e-08,9.11139e-09,97.21,94.70,9185.09,8947.38,47.12,45.69
4.30387,5,0.3206,0.029,0.025,5.343,5.856,0.9880,0.00949,270.18,53.34,0.56838452,0.7218483403999999,2.25,1.613147e-08,9.229989e-09,1.610347e-08,9.111638e-09,97.44,94.95,9206.49,8970.99,47.25,45.83
4.30412,5,0.3206,0.029,0.025,5.343,5.856,0.9880,0.00949,270.18,53.34,0.5683835199999999,0.7218470704,2.25,1.615684e-08,9.235828e-09,1.607672e-08,9.095928e-09,97.23,94.93,9186.31,8969.69,47.13,45.83
4.30438,5,0.3206,0.029,0.025,5.343,5.856,0.9880,0.00949,270.18,53.34,0.5683824799999999,0.7218457495999999,2.25,1.616486e-08,9.244337e-09,1.605143e-08,9.089053e-09,97.32,95.11,9195.43,8986.61,47.18,45.93
4.30462,5,0.3206,0.029,0.025,5.343,5.856,0.9880,0.00949,270.18,53.34,0.56838152,0.7218445304,2.25,1.616971e-08,9.257218e-09,1.605563e-08,9.082177e-09,97.57,94.89,9218.94,8965.55,47.33,45.80
4.30488,5,0.3207,0.029,0.025,5.343,5.856,0.9880,0.00949,270.18,53.34,0.56838048,0.7218432095999999,2.25,1.619087e-08,9.258776e-09,1.603033e-08,9.071695e-09,97.34,95.01,9197.28,8977.07,47.20,45.87
4.30513,5,0.3207,0.029,0.025,5.343,5.856,0.9880,0.00949,270.18,53.34,0.5683794799999999,0.7218419396,2.25,1.620968e-08,9.272194e-09,1.601828e-08,9.066836e-09,97.41,95.06,9203.45,8981.55,47.23,45.90
4.30537,5,0.3207,0.029,0.025,5.343,5.856,0.9880,0.00949,270.18,53.34,0.56837852,0.7218407204,2.25,1.620823e-08,9.277638e-09,1.599542e-08,9.061047e-09,97.56,95.23,9218.02,8997.91,47.32,46.00
4.30563,5,0.3208,0.029,0.025,5.343,5.856,0.9880,0.00949,270.18,53.34,0.56837748,0.7218393996,2.25,1.623901e-08,9.287062e-09,1.599183e-08,9.057888e-09,97.39,95.23,9201.90,8998.14,47.22,46.00
4.30588,5,0.3208,0.029,0.025,5.343,5.856,0.9880,0.00949,270.18,53.34,0.56837648,0.7218381295999999,2.25,1.624201e-08,9.300429e-09,1.597543e-08,9.046268e-09,97.68,95.18,9228.91,8992.79,47.39,45.97
4.30612,5,0.3208,0.029,0.025,5.343,5.856,0.9880,0.00949,270.18,53.34,0.5683755199999999,0.7218369103999999,2.25,1.62677e-08,9.305618e-09,1.596811e-08,9.045938e-09,97.44,95.27,9206.87,9001.55,47.25,46.02
4.30638,5,0.3209,0.029,0.025,5.343,5.856,0.9880,0.00949,270.18,53.34,0.5683744799999999,0.7218355895999999,2.25,1.628583e-08,9.318109e-09,1.594446e-08,9.040087e-09,97.52,95.48,9214.64,9021.72,47.30,46.14
4.30663,5,0.3209,0.029,0.025,5.343,5.856,0.9880,0.00949,270.18,53.34,0.56837348,0.7218343196,2.25,1.628993e-08,9.326178e-09,1.595281e-08,9.040328e-09,97.66,95.37,9227.87,9011.38,47.38,46.08
4.30687,5,0.3209,0.029,0.025,5.343,5.856,0.9880,0.00949,270.18,53.34,0.5683725199999999,0.7218331003999999,2.25,1.629718e-08,9.341501e-09,1.5939e-08,9.037342e-09,97.94,95.49,9253.76,9022.53,47.53,46.14
4.30713,5,0.3210,0.029,0.025,5.343,5.856,0.9880,0.00949,270.18,53.34,0.5683714799999999,0.7218317795999999,2.25,1.632375e-08,9.348658e-09,1.59289e-08,9.030555e-09,97.77,95.50,9237.95,9022.90,47.44,46.15
4.30738,5,0.3210,0.029,0.025,5.343,5.856,0.9880,0.00949,270.18,53.34,0.56837048,0.7218305096000001,2.25,1.632866e-08,9.345595e-09,1.59285e-08,9.029371e-09,97.63,95.47,9224.38,9020.69,47.36,46.13
4.30762,5,0.3210,0.029,0.025,5.343,5.856,0.9880,0.00949,270.18,53.34,0.56836952,0.7218292904,2.25,1.633355e-08,9.363841e-09,1.592411e-08,9.019352e-09,98.01,95.29,9260.10,9003.33,47.57,46.03
4.30788,5,0.3211,0.029,0.025,5.343,5.856,0.9880,0.00949,270.18,53.34,0.56836848,0.7218279696,2.25,1.633852e-08,9.36211e-09,1.590248e-08,9.026676e-09,97.92,95.80,9252.38,9051.41,47.53,46.32
4.30813,5,0.3211,0.029,0.025,5.343,5.856,0.9880,0.00949,270.18,53.34,0.5683674799999999,0.7218266995999999,2.25,1.635173e-08,9.36207e-09,1.589747e-08,9.013426e-09,97.74,95.54,9234.80,9027.30,47.42,46.17
4.30837,5,0.3211,0.029,0.025,5.343,5.856,0.9880,0.00949,270.18,53.34,0.56836652,0.7218254803999999,2.25,1.635453e-08,9.374262e-09,1.587901e-08,9.015633e-09,98.00,95.85,9259.27,9056.70,47.57,46.35
4.30863,5,0.3211,0.029,0.025,5.343,5.856,0.9880,0.00949,270.18,53.34,0.56836548,0.7218241596,2.25,1.63522e-08,9.368175e-09,1.587483e-08,9.006357e-09,97.88,95.68,9248.28,9040.67,47.50,46.25
4.30887,5,0.3212,0.029,0.025,5.342,5.856,0.9880,0.00949,270.18,53.34,0.5683645199999999,0.7218229404,2.25,1.635347e-08,9.36851e-09,1.587292e-08,9.001562e-09,97.90,95.62,9250.25,9034.88,47.51,46.22
4.30912,5,0.3212,0.029,0.025,5.342,5.856,0.9880,0.00949,270.18,53.34,0.56836352,0.7218216704,2.25,1.635564e-08,9.370028e-09,1.585194e-08,8.9907e-09,97.91,95.65,9250.89,9037.28,47.52,46.23
4.30938,5,0.3212,0.029,0.025,5.342,5.856,0.9880,0.00949,270.18,53.34,0.56836248,0.7218203496,2.25,1.634248e-08,9.369601e-09,1.58508e-08,8.986082e-09,98.08,95.55,9267.36,9028.06,47.62,46.18
4.30962,5,0.3213,0.029,0.025,5.342,5.856,0.9880,0.00949,270.18,53.34,0.56836152,0.7218191303999999,2.25,1.632928e-08,9.364132e-09,1.582677e-08,8.990127e-09,98.16,96.02,9275.12,9072.04,47.66,46.44
4.30987,5,0.3213,0.029,0.025,5.342,5.856,0.9880,0.00949,270.18,53.34,0.5683605199999999,0.7218178604,2.25,1.63268e-08,9.357944e-09,1.581788e-08,8.984031e-09,98.05,95.99,9264.05,9069.60,47.60,46.43
4.31013,5,0.3213,0.029,0.025,5.342,5.856,0.9880,0.00949,270.18,53.34,0.5683594799999999,0.7218165395999999,2.25,1.63149e-08,9.344488e-09,1.58082e-08,8.977957e-09,97.89,95.98,9248.67,9068.25,47.50,46.42
4.31037,5,0.3214,0.029,0.025,5.342,5.856,0.9880,0.00949,270.18,53.34,0.56835852,0.7218153204,2.25,1.63034e-08,9.33984e-09,1.580047e-08,8.964904e-09,97.96,95.79,9256.04,9050.83,47.55,46.31
4.31062,5,0.3214,0.029,0.025,5.342,5.856,0.9880,0.00949,270.18,53.34,0.56835752,0.7218140503999999,2.25,1.627393e-08,9.332276e-09,1.577272e-08,8.956008e-09,98.19,95.96,9277.73,9066.86,47.68,46.41
4.31088,5,0.3214,0.029,0.025,5.342,5.856,0.9880,0.00949,270.18,53.34,0.5683564799999999,0.7218127296,2.25,1.6257e-08,9.320922e-09,1.574816e-08,8.949701e-09,98.15,96.15,9273.90,9084.80,47.65,46.52
4.31112,5,0.3215,0.029,0.025,5.342,5.856,0.9880,0.00949,270.18,53.34,0.56835552,0.7218115104,2.25,1.623891e-08,9.308492e-09,1.573055e-08,8.943435e-09,98.13,96.27,9271.98,9096.44,47.64,46.59
4.31137,5,0.3215,0.029,0.025,5.342,5.856,0.9880,0.00949,270.18,53.34,0.56835452,0.7218102404,2.25,1.620479e-08,9.291314e-09,1.570752e-08,8.934529e-09,98.19,96.38,9277.55,9106.33,47.68,46.65
4.31163,5,0.3215,0.029,0.025,5.342,5.856,0.9880,0.00949,270.18,53.34,0.56835348,0.7218089195999999,2.25,1.617936e-08,9.269246e-09,1.569288e-08,8.933828e-09,98.01,96.57,9260.01,9124.40,47.57,46.75
4.31187,5,0.3216,0.029,0.025,5.342,5.856,0.9880,0.00949,270.18,53.34,0.5683525199999999,0.7218077003999999,2.25,1.61619e-08,9.264035e-09,1.567354e-08,8.920388e-09,98.15,96.54,9274.13,9121.47,47.66,46.74
4.31212,5,0.3216,0.029,0.025,5.342,5.856,0.9880,0.00949,270.18,53.34,0.56835152,0.7218064304,2.25,1.613354e-08,9.250439e-09,1.564991e-08,8.90758e-09,98.22,96.55,9280.38,9122.99,47.69,46.75
4.31238,5,0.3216,0.029,0.025,5.342,5.856,0.9880,0.00949,270.18,53.34,0.56835048,0.7218051096,2.25,1.610523e-08,9.23231e-09,1.56306e-08,8.900409e-09,98.17,96.65,9275.91,9132.09,47.67,46.80
4.31262,5,0.3217,0.029,0.025,5.342,5.856,0.9880,0.00949,270.18,53.34,0.5683495199999999,0.7218038903999999,2.25,1.60646e-08,9.218217e-09,1.561529e-08,8.886981e-09,98.43,96.56,9300.54,9123.70,47.81,46.75
4.31288,5,0.3217,0.029,0.025,5.342,5.856,0.9880,0.00949,270.18,53.34,0.5683484799999999,0.7218025695999999,2.25,1.605147e-08,9.205703e-09,1.55879e-08,8.874907e-09,98.31,96.65,9288.75,9132.09,47.74,46.80
4.31313,5,0.3217,0.029,0.025,5.342,5.856,0.9880,0.00949,270.18,53.34,0.5683474799999999,0.7218012995999998,2.25,1.601721e-08,9.182813e-09,1.556582e-08,8.865903e-09,98.23,96.74,9281.07,9140.63,47.70,46.85
4.31337,5,0.3217,0.029,0.025,5.342,5.856,0.9880,0.00949,270.18,53.34,0.56834652,0.7218000804,2.25,1.598944e-08,9.173243e-09,1.554035e-08,8.859223e-09,98.39,96.94,9296.15,9159.43,47.79,46.96
4.31363,5,0.3218,0.029,0.025,5.342,5.856,0.9880,0.00949,270.18,53.34,0.56834548,0.7217987596,2.25,1.595362e-08,9.150249e-09,1.552272e-08,8.850763e-09,98.36,97.01,9293.22,9166.11,47.77,47.00
4.31388,5,0.3218,0.029,0.025,5.342,5.856,0.9880,0.00949,270.18,53.34,0.5683444799999999,0.7217974895999999,2.25,1.59299e-08,9.129903e-09,1.550447e-08,8.837662e-09,98.19,96.94,9277.16,9159.61,47.67,46.97
4.31412,5,0.3218,0.029,0.025,5.342,5.856,0.9880,0.00949,270.18,53.34,0.56834352,0.7217962704,2.25,1.589382e-08,9.120884e-09,1.548019e-08,8.821834e-09,98.48,96.89,9305.02,9154.81,47.84,46.94
4.31438,5,0.3219,0.029,0.025,5.341,5.856,0.9880,0.00949,270.18,53.34,0.56834248,0.7217949496,2.25,1.587433e-08,9.09959e-09,1.546268e-08,8.816674e-09,98.26,97.05,9283.71,9169.31,47.71,47.02
4.31463,5,0.3219,0.029,0.025,5.341,5.856,0.9880,0.00949,270.18,53.34,0.56834148,0.7217936796,2.25,1.583113e-08,9.084739e-09,1.543601e-08,8.799645e-09,98.51,97.00,9307.51,9164.89,47.86,47.00
4.31487,5,0.3219,0.029,0.025,5.341,5.856,0.9880,0.00949,270.18,53.34,0.56834052,0.7217924604,2.25,1.581291e-08,9.070707e-09,1.541106e-08,8.790328e-09,98.42,97.12,9298.90,9176.80,47.80,47.07
4.31513,5,0.3220,0.028,0.025,5.341,5.856,0.9880,0.00949,270.18,53.34,0.56833948,0.7217911396000001,2.25,1.578117e-08,9.055563e-09,1.541237e-08,8.783176e-09,98.52,96.95,9309.05,9160.35,47.86,46.97
4.31538,5,0.3220,0.028,0.024,5.341,5.856,0.9880,0.00949,270.18,53.34,0.56833848,0.7217898696,2.25,1.575781e-08,9.036365e-09,1.53811e-08,8.772167e-09,98.38,97.13,9295.19,9177.04,47.78,47.07
4.31562,5,0.3220,0.028,0.024,5.341,5.856,0.9880,0.00949,270.18,53.34,0.5683375199999999,0.7217886504,2.25,1.573282e-08,9.031573e-09,1.536767e-08,8.770385e-09,98.62,97.28,9318.26,9191.38,47.92,47.16
4.31588,5,0.3221,0.028,0.024,5.341,5.856,0.9880,0.00949,270.18,53.34,0.5683364799999999,0.7217873295999999,2.25,1.571629e-08,9.016163e-09,1.536048e-08,8.76004e-09,98.50,97.15,9306.81,9179.00,47.85,47.08
4.31613,5,0.3221,0.028,0.024,5.341,5.856,0.9880,0.00949,270.18,53.34,0.56833548,0.7217860596,2.25,1.570272e-08,9.002955e-09,1.533051e-08,8.750395e-09,98.36,97.34,9293.68,9197.21,47.77,47.19
4.31637,5,0.3221,0.028,0.024,5.341,5.856,0.9880,0.00949,270.18,53.34,0.56833452,0.7217848403999999,2.25,1.566622e-08,8.988367e-09,1.532356e-08,8.745487e-09,98.52,97.32,9309.06,9194.91,47.86,47.18
4.31663,5,0.3222,0.028,0.024,5.341,5.856,0.9880,0.00949,270.18,53.34,0.56833348,0.7217835196,2.25,1.56572e-08,8.977896e-09,1.53133e-08,8.737733e-09,98.42,97.30,9299.09,9193.11,47.80,47.17
4.31687,5,0.3222,0.028,0.024,5.341,5.856,0.9880,0.00949,270.18,53.34,0.56833252,0.7217823004,2.25,1.564365e-08,8.973076e-09,1.530932e-08,8.732304e-09,98.49,97.22,9306.26,9185.37,47.85,47.12
4.31712,5,0.3222,0.028,0.024,5.341,5.856,0.9880,0.00949,270.18,53.34,0.56833152,0.7217810304,2.25,1.562127e-08,8.964355e-09,1.528601e-08,8.729314e-09,98.60,97.48,9316.29,9210.69,47.91,47.27
4.31738,5,0.3223,0.028,0.024,5.341,5.856,0.9880,0.00949,270.18,53.34,0.56833048,0.7217797095999999,2.25,1.559857e-08,8.958712e-09,1.527507e-08,8.723391e-09,98.82,97.52,9337.24,9214.34,48.03,47.29
4.31762,5,0.3223,0.028,0.024,5.341,5.856,0.9880,0.00949,270.18,53.34,0.5683295199999999,0.7217784903999999,2.25,1.559515e-08,8.947628e-09,1.528372e-08,8.726071e-09,98.59,97.46,9314.93,9208.78,47.90,47.26
4.31787,5,0.3223,0.028,0.024,5.341,5.856,0.9880,0.00949,270.18,53.34,0.56832852,0.7217772204,2.25,1.557792e-08,8.93731e-09,1.527661e-08,8.725069e-09,98.58,97.54,9313.88,9216.31,47.89,47.31
4.31813,5,0.3224,0.028,0.024,5.341,5.856,0.9880,0.00949,270.18,53.34,0.56832748,0.7217758996,2.25,1.5573e-08,8.937753e-09,1.52674e-08,8.717003e-09,98.69,97.50,9324.76,9212.26,47.96,47.28
4.31837,5,0.3224,0.028,0.024,5.341,5.856,0.9880,0.00949,270.18,53.34,0.56832652,0.7217746803999999,2.25,1.557786e-08,8.935258e-09,1.526818e-08,8.71291e-09,98.55,97.38,9311.83,9201.08,47.88,47.21
4.31862,5,0.3224,0.028,0.024,5.341,5.856,0.9880,0.00949,270.18,53.34,0.5683255199999999,0.7217734103999999,2.25,1.556488e-08,8.932984e-09,1.527343e-08,8.717919e-09,98.69,97.43,9324.49,9206.04,47.96,47.24
4.31888,5,0.3225,0.028,0.024,5.340,5.856,0.9880,0.00949,270.18,53.34,0.5683244799999999,0.7217720895999999,2.25,1.555763e-08,8.923157e-09,1.528233e-08,8.722535e-09,98.57,97.45,9313.51,9207.75,47.89,47.25
4.31912,5,0.3225,0.028,0.024,5.340,5.856,0.9880,0.00949,270.18,53.34,0.56832352,0.7217708704,2.25,1.554753e-08,8.92698e-09,1.528479e-08,8.718382e-09,98.82,97.31,9337.09,9194.10,48.03,47.17
4.31937,5,0.3225,0.028,0.024,5.340,5.856,0.9880,0.00949,270.18,53.34,0.5683225199999999,0.7217696003999999,2.25,1.554324e-08,8.922169e-09,1.529242e-08,8.725064e-09,98.76,97.37,9331.32,9199.82,48.00,47.21
4.31963,5,0.3226,0.028,0.024,5.340,5.856,0.9880,0.00949,270.18,53.34,0.5683214799999999,0.7217682795999999,2.25,1.554005e-08,8.92071e-09,1.530659e-08,8.723568e-09,98.80,97.15,9335.13,9179.19,48.02,47.08
4.31987,5,0.3226,0.028,0.024,5.340,5.856,0.9880,0.00949,270.18,53.34,0.56832052,0.7217670604,2.25,1.554902e-08,8.920813e-09,1.5308e-08,8.730698e-09,98.67,97.31,9322.75,9194.69,47.95,47.18
4.32012,5,0.3226,0.028,0.024,5.340,5.856,0.9880,0.00949,270.18,53.34,0.56831952,0.7217657904,2.25,1.553696e-08,8.91467e-09,1.531957e-08,8.739944e-09,98.69,97.38,9324.66,9201.17,47.96,47.21
4.32038,5,0.3227,0.028,0.024,5.340,5.856,0.9880,0.00949,270.18,53.34,0.56831848,0.7217644696,2.25,1.552737e-08,8.914316e-09,1.534623e-08,8.741697e-09,98.85,97.06,9340.20,9171.15,48.05,47.03
4.32062,5,0.3227,0.028,0.024,5.340,5.856,0.9880,0.00949,270.18,53.34,0.5683175199999999,0.7217632503999999,2.25,1.553133e-08,8.906861e-09,1.533562e-08,8.751769e-09,98.60,97.48,9316.31,9210.56,47.91,47.27
4.32088,5,0.3227,0.028,0.024,5.340,5.856,0.9880,0.00949,270.18,53.34,0.56831648,0.7217619296000001,2.25,1.552221e-08,8.90633e-09,1.534711e-08,8.755059e-09,98.72,97.40,9327.85,9202.56,47.98,47.22
4.32113,5,0.3227,0.028,0.024,5.340,5.856,0.9880,0.00949,270.18,53.34,0.56831548,0.7217606596,2.25,1.55292e-08,8.901761e-09,1.535626e-08,8.770465e-09,98.50,97.66,9306.80,9227.51,47.85,47.37
4.32137,5,0.3228,0.028,0.024,5.340,5.856,0.9880,0.00949,270.18,53.34,0.5683145199999999,0.7217594404,2.25,1.55191e-08,8.907299e-09,1.537843e-08,8.777884e-09,98.83,97.56,9337.51,9217.54,48.03,47.31
4.32163,5,0.3228,0.028,0.024,5.340,5.856,0.9880,0.00949,270.18,53.34,0.5683134799999999,0.7217581195999999,2.25,1.551603e-08,8.90341e-09,1.539697e-08,8.784738e-09,98.77,97.46,9332.28,9208.43,48.00,47.26
4.32188,5,0.3228,0.028,0.024,5.340,5.856,0.9880,0.00949,270.18,53.34,0.56831248,0.7217568496,2.25,1.550989e-08,8.898774e-09,1.540872e-08,8.796847e-09,98.74,97.60,9329.54,9221.62,47.99,47.34
4.32212,5,0.3229,0.028,0.024,5.340,5.856,0.9880,0.00949,270.18,53.34,0.56831152,0.7217556303999999,2.25,1.549577e-08,8.901955e-09,1.542377e-08,8.802615e-09,99.07,97.56,9360.26,9217.59,48.17,47.31
4.32238,5,0.3229,0.028,0.024,5.340,5.856,0.9880,0.00949,270.18,53.34,0.56831048,0.7217543096,2.25,1.54964e-08,8.89008e-09,1.545415e-08,8.812177e-09,98.75,97.36,9330.08,9198.68,47.99,47.20
4.32263,5,0.3229,0.028,0.024,5.340,5.856,0.9880,0.00949,270.18,53.34,0.5683094799999999,0.7217530395999999,2.25,1.548225e-08,8.885332e-09,1.544907e-08,8.820541e-09,98.83,97.65,9338.39,9226.08,48.04,47.36
4.32287,5,0.3230,0.028,0.024,5.340,5.856,0.9880,0.00949,270.18,53.34,0.56830852,0.7217518204,2.25,1.546508e-08,8.884168e-09,1.545295e-08,8.83245e-09,99.09,97.93,9362.77,9252.61,48.19,47.52
4.32313,5,0.3230,0.028,0.024,5.340,5.856,0.9880,0.00949,270.19,53.34,0.56830748,0.7217504995999999,2.25,1.546058e-08,8.869021e-09,1.546667e-08,8.843017e-09,98.76,98.00,9331.71,9259.27,48.00,47.56
4.32338,5,0.3230,0.028,0.024,5.340,5.856,0.9880,0.00949,270.19,53.34,0.56830648,0.7217492296,2.25,1.545584e-08,8.86865e-09,1.548943e-08,8.857432e-09,98.83,98.03,9337.51,9262.69,48.03,47.58
4.32362,5,0.3231,0.028,0.024,5.340,5.856,0.9880,0.00949,270.19,53.34,0.56830552,0.7217480104,2.25,1.543472e-08,8.853823e-09,1.550101e-08,8.854494e-09,98.79,97.82,9333.70,9242.26,48.01,47.46
4.32388,5,0.3231,0.028,0.024,5.340,5.856,0.9880,0.00949,270.19,53.34,0.56830448,0.7217466896,2.25,1.541856e-08,8.845597e-09,1.551104e-08,8.868387e-09,98.81,98.03,9336.29,9262.14,48.03,47.58
4.32413,5,0.3231,0.028,0.024,5.340,5.856,0.9880,0.00949,270.19,53.34,0.56830348,0.7217454195999999,2.25,1.539502e-08,8.836282e-09,1.551967e-08,8.875542e-09,98.92,98.08,9346.68,9267.55,48.09,47.61
4.32437,5,0.3232,0.028,0.024,5.339,5.856,0.9880,0.00949,270.19,53.34,0.5683025199999999,0.7217442003999999,2.25,1.536166e-08,8.81785e-09,1.551607e-08,8.876621e-09,98.97,98.20,9351.36,9278.08,48.12,47.68
4.32463,5,0.3232,0.028,0.024,5.339,5.856,0.9880,0.00949,270.19,53.34,0.5683014799999999,0.7217428795999999,2.25,1.535945e-08,8.805883e-09,1.554616e-08,8.884799e-09,98.69,97.96,9324.76,9256.08,47.96,47.54
4.32487,5,0.3232,0.028,0.024,5.339,5.856,0.9880,0.00949,270.19,53.34,0.56830052,0.7217416604,2.25,1.532216e-08,8.792211e-09,1.553726e-08,8.889138e-09,98.89,98.21,9343.96,9279.05,48.07,47.68
4.32512,5,0.3233,0.028,0.024,5.339,5.856,0.9880,0.00949,270.19,53.34,0.56829952,0.7217403903999999,2.25,1.529351e-08,8.773626e-09,1.553193e-08,8.892847e-09,98.87,98.41,9341.49,9298.43,48.06,47.80
4.32538,5,0.3233,0.028,0.024,5.339,5.856,0.9880,0.00949,270.19,53.34,0.5682984799999999,0.7217390695999999,2.25,1.526998e-08,8.76668e-09,1.554425e-08,8.892021e-09,99.04,98.21,9357.90,9279.19,48.15,47.68
4.32562,5,0.3233,0.028,0.024,5.339,5.856,0.9880,0.00949,270.19,53.34,0.56829752,0.7217378504,2.25,1.522772e-08,8.742687e-09,1.55404e-08,8.895319e-09,99.05,98.35,9358.58,9292.62,48.16,47.76
4.32587,5,0.3234,0.028,0.024,5.339,5.856,0.9880,0.00949,270.19,53.34,0.56829652,0.7217365804,2.25,1.52106e-08,8.72077e-09,1.554726e-08,8.897865e-09,98.76,98.34,9331.10,9292.12,47.99,47.76
4.32613,5,0.3234,0.028,0.024,5.339,5.856,0.9880,0.00949,270.19,53.34,0.56829548,0.7217352596,2.25,1.516685e-08,8.713503e-09,1.553411e-08,8.894958e-09,99.23,98.46,9376.03,9303.42,48.26,47.83
4.32637,5,0.3234,0.028,0.024,5.339,5.856,0.9880,0.00949,270.19,53.34,0.5682945199999999,0.7217340403999999,2.25,1.513601e-08,8.690551e-09,1.553541e-08,8.891453e-09,99.09,98.35,9362.78,9293.03,48.18,47.76
4.32662,5,0.3235,0.028,0.024,5.339,5.856,0.9880,0.00949,270.19,53.34,0.56829352,0.7217327704000001,2.25,1.50965e-08,8.666007e-09,1.553419e-08,8.890877e-09,99.07,98.39,9360.96,9296.20,48.17,47.78
4.32688,5,0.3235,0.028,0.024,5.339,5.856,0.9880,0.00949,270.19,53.34,0.56829248,0.7217314496,2.25,1.507373e-08,8.649278e-09,1.552583e-08,8.885046e-09,98.98,98.36,9351.67,9293.64,48.12,47.77
4.32712,5,0.3235,0.028,0.024,5.339,5.856,0.9880,0.00949,270.19,53.34,0.5682915199999999,0.7217302304,2.25,1.50297e-08,8.623219e-09,1.551035e-08,8.886577e-09,98.95,98.63,9349.65,9319.11,48.10,47.92
4.32737,5,0.3236,0.028,0.024,5.339,5.856,0.9880,0.00949,270.19,53.34,0.5682905199999999,0.7217289603999999,2.25,1.499534e-08,8.60441e-09,1.551503e-08,8.872138e-09,99.01,98.22,9354.85,9280.06,48.14,47.69
4.32763,5,0.3236,0.028,0.024,5.339,5.856,0.9880,0.00949,270.19,53.34,0.56828948,0.7217276396000001,2.25,1.495809e-08,8.580384e-09,1.549155e-08,8.875695e-09,98.94,98.66,9348.07,9321.72,48.09,47.94
4.32787,5,0.3236,0.028,0.024,5.339,5.856,0.9880,0.00949,270.19,53.34,0.56828852,0.7217264204,2.25,1.489643e-08,8.559653e-09,1.548698e-08,8.864204e-09,99.34,98.43,9385.72,9299.93,48.32,47.81
4.32812,5,0.3237,0.028,0.024,5.339,5.856,0.9880,0.00949,270.19,53.34,0.5682875199999999,0.7217251504,2.25,1.485908e-08,8.536396e-09,1.548363e-08,8.858094e-09,99.32,98.35,9383.98,9292.51,48.31,47.76
4.32838,5,0.3237,0.028,0.024,5.339,5.856,0.9880,0.00949,270.19,53.34,0.5682864799999999,0.7217238295999999,2.25,1.483174e-08,8.512259e-09,1.546838e-08,8.851456e-09,99.09,98.40,9362.19,9297.64,48.18,47.79
4.32862,5,0.3237,0.028,0.024,5.339,5.856,0.9880,0.00949,270.19,53.34,0.56828552,0.7217226104,2.25,1.478559e-08,8.489638e-09,1.545361e-08,8.849373e-09,99.19,98.57,9372.20,9313.30,48.24,47.89
4.32888,5,0.3238,0.028,0.024,5.339,5.856,0.9880,0.00949,270.19,53.34,0.56828448,0.7217212896,2.25,1.474311e-08,8.475135e-09,1.545168e-08,8.840171e-09,99.50,98.39,9400.86,9296.26,48.41,47.78
4.32913,5,0.3238,0.028,0.024,5.339,5.856,0.9880,0.00949,270.19,53.34,0.56828348,0.7217200196,2.25,1.470827e-08,8.444485e-09,1.54312e-08,8.836929e-09,99.20,98.61,9373.13,9317.14,48.25,47.91
4.32937,5,0.3238,0.028,0.024,5.339,5.856,0.9880,0.00949,270.19,53.34,0.56828252,0.7217188004,2.25,1.465955e-08,8.421477e-09,1.541646e-08,8.83304e-09,99.34,98.73,9386.12,9328.39,48.32,47.98
4.32963,5,0.3239,0.028,0.024,5.338,5.856,0.9880,0.00949,270.19,53.34,0.56828148,0.7217174796,2.25,1.462907e-08,8.394701e-09,1.539792e-08,8.817036e-09,99.11,98.62,9364.72,9317.95,48.19,47.91
4.32988,5,0.3239,0.028,0.024,5.338,5.856,0.9880,0.00949,270.19,53.34,0.56828048,0.7217162095999999,2.25,1.458283e-08,8.377508e-09,1.540502e-08,8.806364e-09,99.37,98.23,9389.29,9281.61,48.34,47.69
4.33012,5,0.3239,0.028,0.024,5.338,5.856,0.9880,0.00949,270.19,53.34,0.5682795199999999,0.7217149903999999,2.25,1.454484e-08,8.355979e-09,1.538537e-08,8.810083e-09,99.38,98.62,9390.07,9318.53,48.35,47.92
4.33038,5,0.3239,0.028,0.024,5.338,5.856,0.9880,0.00949,270.19,53.34,0.5682784799999999,0.7217136695999999,2.25,1.451461e-08,8.335813e-09,1.53744e-08,8.7997e-09,99.30,98.52,9382.67,9308.38,48.30,47.86
4.33063,5,0.3240,0.028,0.024,5.338,5.856,0.9880,0.00949,270.19,53.34,0.56827748,0.7217123996,2.25,1.44731e-08,8.310675e-09,1.536524e-08,8.79225e-09,99.30,98.49,9382.12,9305.79,48.30,47.84
4.33087,5,0.3240,0.028,0.024,5.338,5.856,0.9880,0.00949,270.19,53.34,0.56827652,0.7217111803999999,2.25,1.443052e-08,8.294521e-09,1.535184e-08,8.782934e-09,99.53,98.45,9404.21,9301.71,48.43,47.81
4.33113,5,0.3240,0.028,0.024,5.338,5.856,0.9880,0.00949,270.19,53.34,0.5682754799999999,0.7217098595999999,2.25,1.439111e-08,8.280254e-09,1.533632e-08,8.780179e-09,99.77,98.61,9426.66,9316.90,48.57,47.91
4.33138,5,0.3241,0.028,0.024,5.338,5.856,0.9880,0.00949,270.19,53.34,0.5682744799999999,0.7217085896,2.25,1.436638e-08,8.249355e-09,1.53459e-08,8.77561e-09,99.33,98.37,9384.91,9294.86,48.31,47.77
4.33162,5,0.3241,0.028,0.024,5.338,5.856,0.9880,0.00949,270.19,53.34,0.56827352,0.7217073704,2.25,1.433726e-08,8.237328e-09,1.5317e-08,8.766974e-09,99.46,98.58,9397.48,9314.44,48.39,47.89
4.33188,5,0.3241,0.028,0.024,5.338,5.856,0.9880,0.00949,270.19,53.34,0.56827248,0.7217060496,2.25,1.429423e-08,8.21864e-09,1.531413e-08,8.762799e-09,99.63,98.51,9413.73,9308.15,48.49,47.85
4.33212,5,0.3242,0.028,0.024,5.338,5.856,0.9880,0.00949,270.19,53.34,0.5682715199999999,0.7217048303999999,2.25,1.427705e-08,8.204867e-09,1.530904e-08,8.756251e-09,99.55,98.45,9406.13,9302.00,48.44,47.82
4.33237,5,0.3242,0.028,0.024,5.338,5.856,0.9880,0.00949,270.19,53.34,0.56827052,0.7217035604,2.25,1.42312e-08,8.184476e-09,1.529412e-08,8.753063e-09,99.72,98.59,9422.26,9315.29,48.54,47.90
4.33263,5,0.3242,0.028,0.024,5.338,5.856,0.9880,0.00949,270.19,53.34,0.56826948,0.7217022396,2.25,1.420938e-08,8.163611e-09,1.528768e-08,8.748978e-09,99.48,98.58,9399.72,9314.30,48.40,47.89
4.33287,5,0.3243,0.028,0.024,5.338,5.856,0.9880,0.00949,270.19,53.34,0.5682685199999999,0.7217010204,2.25,1.417773e-08,8.149845e-09,1.526844e-08,8.747805e-09,99.64,98.87,9414.61,9341.73,48.49,48.05
4.33312,5,0.3243,0.028,0.024,5.338,5.856,0.9880,0.00949,270.19,53.34,0.5682675199999999,0.7216997503999999,2.25,1.4153e-08,8.14244e-09,1.526153e-08,8.736159e-09,99.84,98.67,9433.17,9322.52,48.60,47.94
4.33338,5,0.3243,0.028,0.024,5.338,5.856,0.9880,0.00949,270.19,53.34,0.5682664799999999,0.7216984295999999,2.25,1.412941e-08,8.122684e-09,1.527041e-08,8.738156e-09,99.66,98.59,9416.29,9314.83,48.50,47.89
4.33362,5,0.3244,0.028,0.024,5.338,5.856,0.9880,0.00949,270.19,53.34,0.56826552,0.7216972104,2.25,1.409944e-08,8.111888e-09,1.526158e-08,8.735281e-09,99.88,98.67,9436.80,9323.13,48.63,47.94
4.33387,5,0.3244,0.028,0.024,5.338,5.856,0.9880,0.00949,270.19,53.34,0.5682645199999999,0.7216959404,2.25,1.408424e-08,8.102532e-09,1.525514e-08,8.733247e-09,99.86,98.72,9435.12,9327.26,48.62,47.97
4.33413,5,0.3244,0.028,0.024,5.338,5.856,0.9880,0.00949,270.19,53.34,0.5682634799999999,0.7216946195999999,2.25,1.406405e-08,8.086285e-09,1.525071e-08,8.731261e-09,99.72,98.73,9422.42,9328.64,48.54,47.98
4.33437,5,0.3245,0.028,0.024,5.338,5.856,0.9880,0.00949,270.19,53.34,0.56826252,0.7216934004,2.25,1.402847e-08,8.074565e-09,1.524862e-08,8.732866e-09,100.01,98.84,9449.38,9338.52,48.70,48.03
4.33462,5,0.3245,0.028,0.024,5.338,5.856,0.9880,0.00949,270.19,53.34,0.56826152,0.7216921304,2.25,1.401334e-08,8.063201e-09,1.525146e-08,8.730352e-09,99.93,98.73,9442.05,9328.17,48.66,47.97
4.33488,5,0.3245,0.028,0.024,5.338,5.856,0.9880,0.00949,270.19,53.34,0.56826048,0.7216908096,2.25,1.398836e-08,8.05404e-09,1.52466e-08,8.734942e-09,100.08,98.92,9456.46,9346.61,48.74,48.08
4.33512,5,0.3246,0.028,0.024,5.337,5.856,0.9880,0.00949,270.19,53.34,0.5682595199999999,0.7216895903999999,2.25,1.396681e-08,8.04551e-09,1.525176e-08,8.731412e-09,100.23,98.78,9470.14,9333.26,48.83,48.00
4.33537,5,0.3246,0.028,0.024,5.337,5.856,0.9880,0.00949,270.19,53.34,0.56825852,0.7216883204,2.25,1.396093e-08,8.039694e-09,1.524268e-08,8.727062e-09,100.16,98.80,9463.39,9335.38,48.79,48.02
4.33563,5,0.3246,0.028,0.024,5.337,5.856,0.9880,0.00949,270.19,53.34,0.56825748,0.7216869995999999,2.25,1.393243e-08,8.024369e-09,1.524318e-08,8.736988e-09,100.19,99.06,9466.42,9359.54,48.80,48.16
4.33587,5,0.3247,0.028,0.024,5.337,5.856,0.9880,0.00949,270.19,53.34,0.5682565199999999,0.7216857804,2.25,1.393286e-08,8.014769e-09,1.525115e-08,8.734975e-09,99.93,98.91,9441.98,9345.93,48.66,48.08
4.33613,5,0.3247,0.028,0.024,5.337,5.856,0.9880,0.00950,270.19,53.34,0.5682554799999999,0.7216844595999999,2.25,1.389279e-08,8.008482e-09,1.525126e-08,8.732989e-09,100.43,98.86,9488.73,9340.80,48.94,48.05
4.33638,5,0.3247,0.028,0.024,5.337,5.856,0.9880,0.00950,270.19,53.34,0.56825448,0.7216831896,2.25,1.388748e-08,8.000645e-09,1.524465e-08,8.739709e-09,100.28,99.14,9475.38,9367.14,48.86,48.21
4.33662,5,0.3248,0.028,0.024,5.337,5.856,0.9880,0.00950,270.19,53.34,0.56825352,0.7216819703999999,2.25,1.386569e-08,7.991183e-09,1.524386e-08,8.749166e-09,100.41,99.43,9486.96,9394.97,48.93,48.37
4.33688,5,0.3248,0.028,0.024,5.337,5.856,0.9880,0.00950,270.19,53.34,0.56825248,0.7216806495999999,2.25,1.384614e-08,7.985559e-09,1.523513e-08,8.742867e-09,100.57,99.40,9502.81,9391.72,49.02,48.35
4.33713,5,0.3248,0.028,0.024,5.337,5.856,0.9880,0.00950,270.19,53.34,0.5682514799999999,0.7216793796,2.25,1.382278e-08,7.974825e-09,1.525604e-08,8.745977e-09,100.66,99.16,9510.52,9369.37,49.07,48.22
4.33737,5,0.3249,0.028,0.024,5.337,5.856,0.9880,0.00950,270.19,53.34,0.56825052,0.7216781604,2.25,1.380937e-08,7.965544e-09,1.525462e-08,8.747675e-09,100.64,99.26,9509.09,9378.56,49.06,48.27
4.33763,5,0.3249,0.028,0.024,5.337,5.856,0.9880,0.00950,270.19,53.34,0.56824948,0.7216768396,2.25,1.379876e-08,7.956177e-09,1.52533e-08,8.752679e-09,100.54,99.41,9499.93,9393.06,49.00,48.36
4.33788,5,0.3249,0.028,0.024,5.337,5.856,0.9880,0.00950,270.19,53.34,0.56824848,0.7216755695999999,2.25,1.377158e-08,7.945656e-09,1.525867e-08,8.759006e-09,100.70,99.50,9514.50,9401.23,49.09,48.41
4.33812,5,0.3249,0.028,0.024,5.337,5.856,0.9880,0.00950,270.19,53.34,0.56824752,0.7216743504,2.25,1.375451e-08,7.939512e-09,1.52586e-08,8.759951e-09,100.81,99.53,9525.00,9403.72,49.15,48.43
4.33838,5,0.3250,0.028,0.024,5.337,5.856,0.9880,0.00950,270.19,53.34,0.56824648,0.7216730296,2.25,1.374479e-08,7.934343e-09,1.524703e-08,8.753753e-09,100.85,99.57,9529.19,9407.73,49.18,48.45
4.33863,5,0.3250,0.028,0.024,5.337,5.856,0.9880,0.00950,270.19,53.34,0.56824548,0.7216717596,2.25,1.372913e-08,7.920432e-09,1.525722e-08,8.759559e-09,100.71,99.57,9515.35,9407.62,49.10,48.45
4.33887,5,0.3250,0.028,0.024,5.337,5.856,0.9880,0.00950,270.19,53.34,0.5682445199999999,0.7216705403999999,2.25,1.370132e-08,7.917751e-09,1.524818e-08,8.756482e-09,101.11,99.62,9553.45,9412.95,49.33,48.48
4.33913,5,0.3251,0.028,0.024,5.337,5.856,0.9880,0.00950,270.19,53.34,0.5682434799999999,0.7216692195999999,2.25,1.368589e-08,7.900886e-09,1.524832e-08,8.753303e-09,100.90,99.57,9533.67,9407.62,49.21,48.45
4.33938,5,0.3251,0.028,0.024,5.337,5.856,0.9880,0.00950,270.19,53.34,0.56824248,0.7216679496,2.25,1.36793e-08,7.89655e-09,1.524815e-08,8.748514e-09,100.89,99.44,9532.16,9395.79,49.20,48.38
4.33962,5,0.3251,0.028,0.024,5.337,5.856,0.9880,0.00950,270.19,53.34,0.5682415199999999,0.7216667304,2.25,1.365582e-08,7.887818e-09,1.524093e-08,8.748263e-09,101.03,99.55,9545.96,9405.61,49.28,48.44
4.33988,5,0.3252,0.028,0.024,5.337,5.856,0.9880,0.00950,270.19,53.34,0.5682404799999999,0.7216654095999999,2.25,1.362862e-08,7.880337e-09,1.52392e-08,8.749315e-09,101.31,99.63,9572.57,9413.67,49.44,48.48
4.34012,5,0.3252,0.028,0.024,5.337,5.856,0.9880,0.00950,270.19,53.34,0.56823952,0.7216641904,2.25,1.362227e-08,7.865763e-09,1.523059e-08,8.745615e-09,100.98,99.66,9541.21,9416.81,49.25,48.50
4.34037,5,0.3252,0.028,0.024,5.337,5.856,0.9880,0.00950,270.19,53.34,0.56823852,0.7216629204,2.25,1.359944e-08,7.859838e-09,1.521606e-08,8.740975e-09,101.20,99.76,9562.11,9426.19,49.38,48.56
4.34063,5,0.3253,0.028,0.024,5.336,5.856,0.9880,0.00950,270.19,53.34,0.56823748,0.7216615996,2.25,1.357967e-08,7.854037e-09,1.521478e-08,8.732157e-09,101.41,99.58,9581.30,9408.62,49.49,48.45
4.34087,5,0.3253,0.028,0.024,5.336,5.856,0.9880,0.00950,270.19,53.34,0.5682365199999999,0.7216603803999999,2.25,1.356436e-08,7.84365e-09,1.5214e-08,8.726786e-09,101.36,99.45,9576.87,9396.18,49.47,48.38
4.34112,5,0.3253,0.028,0.024,5.336,5.856,0.9880,0.00950,270.19,53.34,0.56823552,0.7216591104,2.25,1.35516e-08,7.827477e-09,1.520629e-08,8.714141e-09,101.09,99.23,9551.42,9375.43,49.31,48.25
4.34138,5,0.3254,0.028,0.024,5.336,5.856,0.9880,0.00950,270.19,53.34,0.56823448,0.7216577896,2.25,1.353935e-08,7.822996e-09,1.518612e-08,8.707247e-09,101.20,99.38,9561.87,9390.10,49.38,48.34
4.34162,5,0.3254,0.028,0.024,5.336,5.856,0.9880,0.00950,270.19,53.34,0.5682335199999999,0.7216565704,2.25,1.352381e-08,7.814242e-09,1.517164e-08,8.698075e-09,101.21,99.36,9562.52,9387.90,49.38,48.33
4.34187,5,0.3254,0.028,0.024,5.336,5.856,0.9880,0.00950,270.19,53.34,0.5682325199999999,0.7216553003999999,2.25,1.350763e-08,7.802887e-09,1.516177e-08,8.679494e-09,101.15,99.01,9556.70,9355.25,49.34,48.13
4.34213,5,0.3255,0.028,0.024,5.336,5.856,0.9880,0.00950,270.19,53.34,0.56823148,0.7216539796,2.25,1.349389e-08,7.800719e-09,1.515012e-08,8.671291e-09,101.35,99.00,9576.41,9354.26,49.46,48.13
4.34237,5,0.3255,0.028,0.024,5.336,5.856,0.9880,0.00950,270.19,53.34,0.56823052,0.7216527603999999,2.25,1.346655e-08,7.788102e-09,1.512836e-08,8.655837e-09,101.45,98.92,9585.71,9346.68,49.52,48.08
4.34262,5,0.3255,0.028,0.024,5.336,5.856,0.9880,0.00950,270.19,53.34,0.5682295199999999,0.7216514903999999,2.25,1.344976e-08,7.781903e-09,1.510135e-08,8.641536e-09,101.56,98.95,9595.97,9349.60,49.58,48.10
4.34288,5,0.3256,0.028,0.024,5.336,5.856,0.9880,0.00950,270.19,53.34,0.5682284799999999,0.7216501696,2.25,1.343976e-08,7.776481e-09,1.509173e-08,8.626387e-09,101.60,98.73,9599.99,9328.09,49.60,47.97
4.34312,5,0.3256,0.028,0.024,5.336,5.856,0.9880,0.00950,270.19,53.34,0.56822752,0.7216489504,2.25,1.344119e-08,7.765389e-09,1.507327e-08,8.622646e-09,101.23,98.91,9565.15,9345.32,49.39,48.07
4.34337,5,0.3256,0.028,0.024,5.336,5.856,0.9879,0.00950,270.19,53.34,0.56822652,0.7216476803999999,2.25,1.341697e-08,7.757966e-09,1.505601e-08,8.608545e-09,101.43,98.78,9583.40,9333.67,49.50,48.00
4.34363,5,0.3257,0.028,0.024,5.336,5.856,0.9879,0.00950,270.19,53.34,0.56822548,0.7216463595999999,2.25,1.340666e-08,7.752658e-09,1.505138e-08,8.590928e-09,101.48,98.41,9588.26,9298.70,49.53,47.79
4.34387,5,0.3257,0.028,0.024,5.336,5.856,0.9879,0.00950,270.19,53.34,0.56822452,0.7216451404,2.25,1.339129e-08,7.743041e-09,1.502982e-08,8.58404e-09,101.46,98.56,9586.12,9312.39,49.52,47.87
4.34413,5,0.3257,0.028,0.024,5.336,5.856,0.9879,0.00950,270.19,53.34,0.56822348,0.7216438196,2.25,1.338228e-08,7.736539e-09,1.501382e-08,8.567778e-09,101.42,98.37,9582.32,9294.37,49.50,47.77
4.34438,5,0.3258,0.028,0.024,5.336,5.856,0.9879,0.00950,270.19,53.34,0.56822248,0.7216425496,2.25,1.337275e-08,7.732874e-09,1.500018e-08,8.556282e-09,101.50,98.30,9590.68,9287.84,49.55,47.73
4.34462,5,0.3258,0.028,0.024,5.336,5.856,0.9879,0.00950,270.19,53.34,0.5682215199999999,0.7216413303999999,2.25,1.336573e-08,7.722523e-09,1.497716e-08,8.544494e-09,101.31,98.34,9572.19,9291.24,49.44,47.75
4.34488,5,0.3258,0.028,0.024,5.336,5.856,0.9879,0.00950,270.19,53.34,0.5682204799999999,0.7216400095999999,2.25,1.336248e-08,7.723739e-09,1.496139e-08,8.532243e-09,101.41,98.25,9581.28,9282.99,49.49,47.70
4.34513,5,0.3259,0.028,0.024,5.336,5.856,0.9879,0.00950,270.19,53.34,0.56821948,0.7216387396,2.25,1.335362e-08,7.712748e-09,1.494098e-08,8.521557e-09,101.25,98.30,9566.97,9288.26,49.40,47.73
4.34537,5,0.3259,0.028,0.024,5.336,5.856,0.9879,0.00950,270.19,53.34,0.56821852,0.7216375204,2.25,1.334113e-08,7.70942e-09,1.492566e-08,8.506582e-09,101.37,98.14,9578.40,9272.44,49.47,47.63
4.34563,5,0.3259,0.028,0.024,5.362,5.856,0.9879,0.00950,270.19,53.34,0.5682174799999999,0.7216361995999999,2.25,1.333921e-08,7.709501e-09,1.492406e-08,8.50466e-09,101.41,98.11,9581.90,9269.88,49.49,47.62
4.34588,5,0.3260,0.028,0.024,5.362,5.856,0.9879,0.00950,270.19,53.34,0.5682164799999999,0.7216349295999999,2.25,1.334272e-08,7.70259e-09,1.490272e-08,8.486057e-09,101.16,97.97,9558.56,9256.39,49.35,47.54
4.34612,5,0.3260,0.028,0.024,5.362,5.856,0.9879,0.00950,270.19,53.34,0.56821552,0.7216337104,2.25,1.333266e-08,7.708001e-09,1.489975e-08,8.484165e-09,101.51,97.96,9591.58,9255.88,49.55,47.53
4.34638,5,0.3260,0.028,0.024,5.362,5.856,0.9879,0.00950,270.19,53.34,0.56821448,0.7216323896,2.25,1.331736e-08,7.703925e-09,1.488866e-08,8.477897e-09,101.66,97.96,9605.68,9256.00,49.64,47.53
4.34663,5,0.3261,0.028,0.024,5.362,5.856,0.9879,0.00950,270.19,53.34,0.5682134799999999,0.7216311195999999,2.25,1.332365e-08,7.698298e-09,1.487577e-08,8.474695e-09,101.41,98.10,9581.27,9269.35,49.49,47.61
4.34687,5,0.3261,0.028,0.024,5.362,5.856,0.9879,0.00950,270.19,53.34,0.56821252,0.7216299004,2.25,1.332857e-08,7.702912e-09,1.488061e-08,8.465618e-09,101.46,97.79,9586.49,9239.33,49.52,47.43
4.34713,5,0.3261,0.028,0.024,5.362,5.856,0.9879,0.00950,270.19,53.34,0.56821148,0.7216285796,2.25,1.333365e-08,7.700546e-09,1.487912e-08,8.465342e-09,101.30,97.80,9570.88,9240.78,49.43,47.44
4.34738,5,0.3261,0.028,0.024,5.362,5.856,0.9879,0.00950,270.19,53.34,0.56821048,0.7216273096,2.25,1.332785e-08,7.699156e-09,1.486821e-08,8.461811e-09,101.36,97.87,9576.65,9247.56,49.46,47.48
4.34762,5,0.3262,0.028,0.024,5.362,5.856,0.9879,0.00950,270.19,53.34,0.5682095199999999,0.7216260903999999,2.25,1.333058e-08,7.700097e-09,1.486648e-08,8.451667e-09,101.37,97.66,9577.71,9227.19,49.47,47.36
4.34788,5,0.3262,0.028,0.024,5.362,5.856,0.9879,0.00950,270.19,53.34,0.56820848,0.7216247696,2.25,1.332535e-08,7.706287e-09,1.486817e-08,8.452006e-09,101.66,97.64,9604.89,9225.62,49.63,47.35
4.34812,5,0.3262,0.028,0.024,5.362,5.856,0.9879,0.00950,270.19,53.34,0.56820752,0.7216235503999999,2.25,1.333983e-08,7.712287e-09,1.486024e-08,8.461256e-09,101.58,98.01,9597.88,9260.51,49.59,47.56
4.34837,5,0.3263,0.028,0.024,5.362,5.856,0.9879,0.00950,270.19,53.34,0.5682065199999999,0.7216222804,2.25,1.333353e-08,7.714452e-09,1.486198e-08,8.458723e-09,101.79,97.95,9617.99,9254.40,49.71,47.52
4.34863,5,0.3263,0.028,0.024,5.362,5.856,0.9879,0.00950,270.19,53.34,0.5682054799999999,0.7216209596,2.25,1.334354e-08,7.708942e-09,1.486665e-08,8.459559e-09,101.44,97.90,9584.65,9249.77,49.51,47.50
4.34887,5,0.3263,0.028,0.024,5.362,5.856,0.9879,0.00950,270.19,53.34,0.56820452,0.7216197404,2.25,1.333857e-08,7.718468e-09,1.487723e-08,8.467439e-09,101.83,97.95,9621.24,9254.49,49.73,47.52
4.34912,5,0.3264,0.028,0.024,5.362,5.856,0.9879,0.00950,270.19,53.34,0.56820352,0.7216184703999999,2.25,1.335778e-08,7.721649e-09,1.48911e-08,8.475949e-09,101.61,97.99,9600.77,9258.89,49.61,47.55
4.34938,5,0.3264,0.028,0.024,5.362,5.856,0.9879,0.00950,270.19,53.34,0.56820248,0.7216171496,2.25,1.335946e-08,7.727746e-09,1.48989e-08,8.478114e-09,101.77,97.93,9615.89,9253.12,49.70,47.52
4.34962,5,0.3264,0.028,0.024,5.362,5.856,0.9879,0.00950,270.19,53.34,0.5682015199999999,0.7216159303999999,2.25,1.336479e-08,7.735608e-09,1.489597e-08,8.484115e-09,101.92,98.14,9630.00,9272.57,49.78,47.63
4.34987,5,0.3265,0.028,0.024,5.361,5.856,0.9879,0.00950,270.19,53.34,0.56820052,0.7216146604,2.25,1.337112e-08,7.743923e-09,1.492883e-08,8.494891e-09,102.10,97.96,9646.71,9255.31,49.88,47.53
4.35013,5,0.3265,0.028,0.024,5.361,5.856,0.9879,0.00950,270.19,53.34,0.56819948,0.7216133396,2.25,1.338571e-08,7.748646e-09,1.494536e-08,8.506293e-09,101.98,98.01,9635.70,9260.36,49.82,47.56
4.35037,5,0.3265,0.028,0.024,5.361,5.856,0.9879,0.00950,270.19,53.34,0.5681985199999999,0.7216121203999999,2.25,1.338641e-08,7.757888e-09,1.495767e-08,8.517505e-09,102.26,98.12,9661.83,9270.98,49.97,47.62
4.35062,5,0.3266,0.028,0.024,5.361,5.856,0.9879,0.00950,270.19,53.34,0.56819752,0.7216108504000001,2.25,1.340367e-08,7.76807e-09,1.49725e-08,8.530782e-09,102.29,98.28,9665.32,9286.04,49.99,47.71
4.35088,5,0.3266,0.028,0.024,5.361,5.856,0.9879,0.00950,270.19,53.34,0.56819648,0.7216095296,2.25,1.341551e-08,7.779729e-09,1.498794e-08,8.542353e-09,102.45,98.35,9679.52,9293.05,50.08,47.75
4.35112,5,0.3266,0.028,0.024,5.361,5.856,0.9879,0.00950,270.19,53.34,0.56819552,0.7216083104,2.25,1.343557e-08,7.790613e-09,1.502165e-08,8.563585e-09,102.42,98.41,9677.30,9298.15,50.07,47.79
4.35137,5,0.3267,0.028,0.024,5.361,5.856,0.9879,0.00950,270.19,53.34,0.5681945199999999,0.7216070403999999,2.25,1.344976e-08,7.797369e-09,1.503476e-08,8.574335e-09,102.41,98.53,9675.92,9309.27,50.06,47.85
4.35163,5,0.3267,0.028,0.024,5.361,5.856,0.9879,0.00950,270.19,53.34,0.5681934799999999,0.7216057195999999,2.25,1.346139e-08,7.810694e-09,1.505845e-08,8.586952e-09,102.61,98.50,9695.36,9307.02,50.17,47.84
4.35187,5,0.3267,0.028,0.024,5.361,5.856,0.9879,0.00950,270.19,53.34,0.56819252,0.7216045004,2.25,1.347035e-08,7.822548e-09,1.509125e-08,8.60212e-09,102.82,98.41,9715.05,9298.12,50.29,47.78
4.35213,5,0.3268,0.028,0.024,5.361,5.856,0.9879,0.00950,270.19,53.34,0.56819148,0.7216031796,2.25,1.34887e-08,7.828828e-09,1.511138e-08,8.620329e-09,102.72,98.62,9705.08,9317.90,50.23,47.90
4.35238,5,0.3268,0.028,0.024,5.361,5.856,0.9879,0.00950,270.19,53.34,0.5681904799999999,0.7216019095999999,2.25,1.350109e-08,7.846372e-09,1.514187e-08,8.636299e-09,103.04,98.58,9735.70,9314.32,50.42,47.88
4.35262,5,0.3268,0.028,0.024,5.361,5.856,0.9879,0.00950,270.19,53.34,0.56818952,0.7216006904,2.25,1.351388e-08,7.859803e-09,1.517379e-08,8.651799e-09,103.23,98.51,9753.47,9307.55,50.52,47.84
4.35288,5,0.3269,0.028,0.024,5.361,5.856,0.9879,0.00950,270.19,53.34,0.56818848,0.7215993696,2.25,1.353228e-08,7.86607e-09,1.518863e-08,8.666467e-09,103.12,98.70,9743.32,9325.94,50.46,47.95
4.35313,5,0.3269,0.028,0.024,5.361,5.856,0.9879,0.00950,270.19,53.34,0.56818748,0.7215980996,2.25,1.354954e-08,7.878578e-09,1.522161e-08,8.682813e-09,103.20,98.64,9750.64,9319.76,50.51,47.91
4.35337,5,0.3269,0.028,0.024,5.361,5.856,0.9879,0.00950,270.19,53.34,0.5681865199999999,0.7215968803999999,2.25,1.356616e-08,7.893896e-09,1.524583e-08,8.697212e-09,103.37,98.65,9767.35,9321.21,50.61,47.92
4.35363,5,0.3270,0.028,0.024,5.361,5.856,0.9879,0.00950,270.19,53.34,0.5681854799999999,0.7215955595999999,2.25,1.35778e-08,7.914373e-09,1.526655e-08,8.715685e-09,103.84,98.86,9810.97,9340.66,50.87,48.04
4.35388,5,0.3270,0.028,0.024,5.361,5.856,0.9879,0.00950,270.19,53.34,0.56818448,0.7215942896,2.25,1.359884e-08,7.920094e-09,1.530062e-08,8.729995e-09,103.63,98.72,9791.58,9327.86,50.75,47.96
4.35412,5,0.3270,0.028,0.024,5.361,5.856,0.9879,0.00950,270.19,53.34,0.5681835199999999,0.7215930704,2.25,1.361329e-08,7.937906e-09,1.532941e-08,8.740505e-09,103.93,98.57,9819.41,9313.18,50.92,47.87
4.35438,5,0.3271,0.028,0.024,5.361,5.856,0.9879,0.00950,270.19,53.34,0.5681824799999999,0.7215917495999999,2.25,1.36377e-08,7.943886e-09,1.534753e-08,8.751852e-09,103.70,98.62,9798.00,9318.55,50.79,47.91
4.35463,5,0.3271,0.028,0.024,5.361,5.856,0.9879,0.00950,270.19,53.34,0.5681814799999999,0.7215904795999999,2.25,1.364322e-08,7.95891e-09,1.538888e-08,8.766749e-09,104.07,98.40,9832.94,9297.12,51.00,47.78
4.35487,5,0.3271,0.028,0.024,5.361,5.856,0.9879,0.00950,270.19,53.34,0.56818052,0.7215892603999999,2.25,1.366412e-08,7.970615e-09,1.540027e-08,8.785994e-09,104.05,98.73,9831.50,9328.59,50.99,47.97
4.35513,5,0.3272,0.028,0.024,5.360,5.856,0.9879,0.00950,270.19,53.34,0.56817948,0.7215879396,2.25,1.368313e-08,7.982685e-09,1.542957e-08,8.803473e-09,104.12,98.78,9837.41,9333.33,51.03,48.00
4.35538,5,0.3272,0.028,0.024,5.360,5.856,0.9879,0.00950,270.19,53.34,0.5681784799999999,0.7215866696,2.25,1.36969e-08,8.002496e-09,1.54598e-08,8.809375e-09,104.49,98.49,9872.28,9305.42,51.24,47.83
4.35562,5,0.3272,0.028,0.024,5.360,5.856,0.9879,0.00950,270.19,53.34,0.56817752,0.7215854504,2.25,1.370717e-08,8.016659e-09,1.548177e-08,8.82646e-09,104.74,98.60,9896.52,9316.63,51.38,47.89
4.35588,5,0.3273,0.028,0.024,5.360,5.856,0.9879,0.00950,270.20,53.34,0.56817648,0.7215841296,2.25,1.372529e-08,8.032561e-09,1.549859e-08,8.843267e-09,104.94,98.82,9915.32,9337.20,51.49,48.02
4.35612,5,0.3273,0.028,0.024,5.360,5.856,0.9879,0.00950,270.20,53.34,0.5681755199999999,0.7215829103999999,2.25,1.374842e-08,8.041447e-09,1.552619e-08,8.84669e-09,104.79,98.50,9901.51,9307.00,51.41,47.84
4.35637,5,0.3273,0.028,0.024,5.360,5.856,0.9879,0.00950,270.20,53.34,0.5681745199999999,0.7215816403999998,2.25,1.376719e-08,8.056826e-09,1.555538e-08,8.864915e-09,104.93,98.54,9914.56,9310.89,51.49,47.86
4.35663,5,0.3273,0.028,0.024,5.360,5.856,0.9879,0.00950,270.20,53.34,0.56817348,0.7215803196,2.25,1.379001e-08,8.071299e-09,1.558519e-08,8.868472e-09,104.97,98.20,9917.87,9278.22,51.51,47.66
4.35687,5,0.3274,0.028,0.024,5.360,5.856,0.9879,0.00950,270.20,53.34,0.56817252,0.7215791004,2.25,1.380942e-08,8.082115e-09,1.560172e-08,8.885687e-09,104.98,98.43,9919.29,9300.02,51.52,47.79
4.35712,5,0.3274,0.028,0.024,5.360,5.856,0.9879,0.00950,270.20,53.34,0.5681715199999999,0.7215778303999999,2.25,1.381419e-08,8.095824e-09,1.562468e-08,8.900032e-09,105.33,98.46,9951.64,9303.10,51.71,47.81
4.35738,5,0.3274,0.028,0.024,5.360,5.856,0.9879,0.00950,270.20,53.34,0.5681704799999999,0.7215765095999999,2.25,1.38324e-08,8.103004e-09,1.565014e-08,8.913176e-09,105.22,98.43,9941.29,9299.81,51.65,47.79
4.35762,5,0.3275,0.028,0.024,5.360,5.856,0.9879,0.00950,270.20,53.34,0.56816952,0.7215752904,2.25,1.385632e-08,8.120892e-09,1.567316e-08,8.923905e-09,105.37,98.40,9955.80,9296.88,51.74,47.78
4.35787,5,0.3275,0.028,0.024,5.360,5.856,0.9879,0.00950,270.20,53.34,0.56816852,0.7215740204,2.25,1.387662e-08,8.135537e-09,1.570637e-08,8.942513e-09,105.46,98.39,9963.93,9296.16,51.79,47.77
4.35813,5,0.3275,0.028,0.024,5.360,5.856,0.9879,0.00950,270.20,53.34,0.56816748,0.7215726995999999,2.25,1.389661e-08,8.14376e-09,1.572802e-08,8.956794e-09,105.35,98.44,9953.60,9300.87,51.72,47.80
4.35837,5,0.3276,0.028,0.024,5.360,5.856,0.9879,0.00950,270.20,53.34,0.56816652,0.7215714804000001,2.25,1.391756e-08,8.157244e-09,1.575607e-08,8.967412e-09,105.42,98.33,9960.20,9290.82,51.76,47.74
4.35862,5,0.3276,0.028,0.024,5.360,5.856,0.9879,0.00950,270.20,53.34,0.56816552,0.7215702104,2.25,1.393792e-08,8.176736e-09,1.578515e-08,8.982435e-09,105.65,98.29,9982.50,9287.16,51.90,47.72
4.35888,5,0.3276,0.028,0.024,5.360,5.856,0.9879,0.00950,270.20,53.34,0.56816448,0.7215688896,2.25,1.396014e-08,8.189913e-09,1.579929e-08,9.000252e-09,105.66,98.54,9982.91,9310.61,51.90,47.86
4.35912,5,0.3277,0.028,0.024,5.360,5.856,0.9879,0.00950,270.20,53.34,0.5681635199999999,0.7215676703999999,2.25,1.399461e-08,8.20136e-09,1.583923e-08,9.01106e-09,105.42,98.27,9960.18,9284.85,51.76,47.70
4.35938,5,0.3277,0.028,0.024,5.360,5.856,0.9879,0.00950,270.20,53.34,0.5681624799999999,0.7215663495999999,2.25,1.39991e-08,8.214168e-09,1.585992e-08,9.031096e-09,105.73,98.48,9990.08,9304.61,51.94,47.82
4.35963,5,0.3277,0.028,0.024,5.360,5.856,0.9879,0.00950,270.20,53.34,0.56816148,0.7215650796,2.25,1.402872e-08,8.233407e-09,1.588644e-08,9.043945e-09,105.79,98.42,9995.54,9299.23,51.98,47.79
4.35987,5,0.3278,0.028,0.024,5.360,5.856,0.9879,0.00950,270.20,53.34,0.56816052,0.7215638604,2.25,1.403222e-08,8.250757e-09,1.591943e-08,9.063e-09,106.30,98.46,10043.66,9302.72,52.26,47.81
4.36013,5,0.3278,0.028,0.024,5.360,5.856,0.9879,0.00950,270.20,53.34,0.5681594799999999,0.7215625395999999,2.25,1.406512e-08,8.261041e-09,1.596106e-08,9.082123e-09,106.02,98.34,10016.99,9291.85,52.10,47.74
4.36038,5,0.3278,0.028,0.024,5.360,5.856,0.9879,0.00950,270.20,53.34,0.5681584799999999,0.7215612695999999,2.25,1.409502e-08,8.285471e-09,1.598047e-08,9.095933e-09,106.23,98.41,10037.16,9298.41,52.23,47.78
4.36062,5,0.3279,0.028,0.024,5.359,5.856,0.9879,0.00950,270.20,53.34,0.56815752,0.7215600503999999,2.25,1.413208e-08,8.295841e-09,1.601559e-08,9.110449e-09,105.91,98.30,10006.81,9288.29,52.04,47.72
4.36088,5,0.3279,0.028,0.024,5.359,5.856,0.9879,0.00950,270.20,53.34,0.56815648,0.7215587296,2.25,1.414071e-08,8.307031e-09,1.604714e-08,9.126844e-09,106.10,98.27,10024.71,9284.63,52.15,47.70
4.36113,5,0.3279,0.028,0.024,5.359,5.856,0.9879,0.00950,270.20,53.34,0.5681554799999999,0.7215574596,2.25,1.417541e-08,8.331753e-09,1.608733e-08,9.15565e-09,106.23,98.41,10037.37,9298.63,52.23,47.78
4.36137,5,0.3280,0.028,0.024,5.359,5.856,0.9879,0.00950,270.20,53.34,0.56815452,0.7215562404,2.25,1.420352e-08,8.344708e-09,1.611589e-08,9.175577e-09,106.15,98.54,10030.03,9310.12,52.18,47.85
4.36163,5,0.3280,0.028,0.024,5.359,5.856,0.9879,0.00950,270.20,53.34,0.56815348,0.7215549196,2.25,1.423462e-08,8.370258e-09,1.6157e-08,9.19868e-09,106.38,98.53,10051.22,9309.41,52.31,47.85
4.36188,5,0.3280,0.028,0.024,5.359,5.856,0.9879,0.00950,270.20,53.34,0.56815248,0.7215536496,2.25,1.426348e-08,8.384565e-09,1.619046e-08,9.21533e-09,106.30,98.47,10043.48,9303.78,52.26,47.82
4.36212,5,0.3281,0.028,0.024,5.359,5.856,0.9879,0.00950,270.20,53.34,0.5681515199999999,0.7215524303999999,2.25,1.429318e-08,8.4033e-09,1.624286e-08,9.238149e-09,106.37,98.33,10050.24,9290.26,52.30,47.73
4.36238,5,0.3281,0.028,0.024,5.359,5.856,0.9879,0.00950,270.20,53.34,0.56815048,0.7215511096,2.25,1.432941e-08,8.421984e-09,1.628017e-08,9.266405e-09,106.29,98.50,10042.67,9306.65,52.26,47.83
4.36263,5,0.3281,0.028,0.024,5.359,5.856,0.9879,0.00950,270.20,53.34,0.56814948,0.7215498396,2.25,1.435653e-08,8.448688e-09,1.632647e-08,9.294765e-09,106.62,98.55,10073.81,9311.31,52.44,47.86
4.36287,5,0.3282,0.028,0.024,5.359,5.856,0.9879,0.00950,270.20,53.34,0.5681485199999999,0.7215486203999999,2.25,1.439416e-08,8.466526e-09,1.637353e-08,9.311674e-09,106.52,98.34,10064.44,9291.26,52.39,47.74
4.36313,5,0.3282,0.028,0.024,5.359,5.856,0.9879,0.00950,270.20,53.34,0.5681474799999999,0.7215472996,2.25,1.443141e-08,8.485713e-09,1.64214e-08,9.337524e-09,106.44,98.30,10056.60,9288.09,52.34,47.72
4.36337,5,0.3282,0.028,0.024,5.359,5.856,0.9879,0.00950,270.20,53.34,0.56814652,0.7215460804,2.25,1.446284e-08,8.510074e-09,1.647725e-08,9.371512e-09,106.61,98.36,10073.49,9293.22,52.44,47.75
4.36362,5,0.3283,0.028,0.024,5.359,5.856,0.9879,0.00950,270.20,53.34,0.56814552,0.7215448104,2.25,1.449725e-08,8.534668e-09,1.652405e-08,9.397858e-09,106.78,98.38,10089.05,9295.42,52.54,47.76
4.36388,5,0.3283,0.028,0.024,5.359,5.856,0.9879,0.00950,270.20,53.34,0.56814448,0.7215434895999999,2.25,1.453223e-08,8.555895e-09,1.658059e-08,9.430247e-09,106.80,98.39,10090.86,9295.96,52.55,47.77
4.36412,5,0.3283,0.028,0.024,5.359,5.856,0.9879,0.00950,270.20,53.34,0.56814352,0.7215422704000001,2.25,1.45829e-08,8.578637e-09,1.663464e-08,9.45949e-09,106.58,98.35,10070.63,9292.54,52.43,47.75
4.36437,5,0.3283,0.028,0.024,5.359,5.856,0.9879,0.00950,270.20,53.34,0.56814252,0.7215410004,2.25,1.461586e-08,8.598994e-09,1.670704e-08,9.493549e-09,106.61,98.18,10073.38,9276.43,52.44,47.65
4.36463,5,0.3284,0.028,0.024,5.359,5.856,0.9879,0.00950,270.20,53.34,0.56814148,0.7215396796,2.25,1.465555e-08,8.630436e-09,1.676921e-08,9.53487e-09,106.89,98.35,10099.45,9292.79,52.60,47.75
4.36487,5,0.3284,0.028,0.024,5.359,5.856,0.9879,0.00950,270.20,53.34,0.5681405199999999,0.7215384603999999,2.25,1.470757e-08,8.650405e-09,1.683735e-08,9.575057e-09,106.57,98.39,10069.25,9296.03,52.42,47.77
4.36512,5,0.3284,0.028,0.024,5.359,5.856,0.9879,0.00950,270.20,53.34,0.56813952,0.7215371904,2.25,1.473488e-08,8.675459e-09,1.689622e-08,9.60249e-09,106.84,98.24,10094.65,9282.49,52.57,47.69
4.36538,5,0.3285,0.028,0.024,5.359,5.856,0.9879,0.00950,270.20,53.34,0.56813848,0.7215358696,2.25,1.479003e-08,8.70229e-09,1.696648e-08,9.654189e-09,106.70,98.55,10081.84,9311.61,52.49,47.86
4.36562,5,0.3285,0.028,0.024,5.359,5.856,0.9879,0.00950,270.20,53.34,0.56813752,0.7215346504,2.25,1.483175e-08,8.724057e-09,1.704744e-08,9.687417e-09,106.62,98.25,10074.04,9283.06,52.45,47.69
4.36587,5,0.3285,0.028,0.024,5.359,5.856,0.9879,0.00950,270.20,53.34,0.5681365199999999,0.7215333803999999,2.25,1.486918e-08,8.753124e-09,1.712973e-08,9.732466e-09,106.83,98.21,10093.78,9279.28,52.56,47.67
4.36613,5,0.3286,0.028,0.024,5.358,5.856,0.9879,0.00950,270.20,53.34,0.5681354799999999,0.7215320595999999,2.25,1.491876e-08,8.777644e-09,1.720756e-08,9.779397e-09,106.72,98.30,10083.82,9288.06,52.50,47.72
4.36637,5,0.3286,0.028,0.024,5.358,5.856,0.9879,0.00950,270.20,53.34,0.56813452,0.7215308403999999,2.25,1.496061e-08,8.798726e-09,1.729144e-08,9.82345e-09,106.62,98.22,10073.97,9280.15,52.44,47.67
4.36662,5,0.3286,0.028,0.024,5.358,5.856,0.9879,0.00950,270.20,53.34,0.56813352,0.7215295704,2.25,1.499697e-08,8.827894e-09,1.73606e-08,9.871518e-09,106.85,98.42,10095.59,9299.29,52.57,47.79
4.36688,5,0.3287,0.028,0.024,5.358,5.856,0.9879,0.00950,270.20,53.34,0.5681324799999999,0.7215282496,2.25,1.504133e-08,8.854578e-09,1.746326e-08,9.925222e-09,106.90,98.34,10100.24,9291.99,52.60,47.74
4.36712,5,0.3287,0.028,0.024,5.358,5.856,0.9879,0.00950,270.20,53.34,0.56813152,0.7215270304,2.25,1.509377e-08,8.872084e-09,1.754061e-08,9.973049e-09,106.51,98.43,10063.39,9300.34,52.38,47.79
4.36738,5,0.3287,0.028,0.024,5.358,5.856,0.9879,0.00950,270.20,53.34,0.56813048,0.7215257096,2.25,1.512684e-08,8.901298e-09,1.763328e-08,1.002419e-08,106.79,98.40,10090.27,9297.01,52.54,47.77
4.36763,5,0.3288,0.028,0.024,5.358,5.856,0.9879,0.00950,270.20,53.34,0.56812948,0.7215244396,2.25,1.519561e-08,8.92542e-09,1.770384e-08,1.007077e-08,106.35,98.57,10048.63,9313.70,52.29,47.87
4.36787,5,0.3288,0.027,0.024,5.358,5.856,0.9879,0.00950,270.20,53.34,0.5681285199999999,0.7215232203999999,2.25,1.522778e-08,8.937241e-09,1.778951e-08,1.012508e-08,106.15,98.70,10029.25,9325.49,52.17,47.94
4.36813,5,0.3288,0.027,0.024,5.358,5.856,0.9879,0.00950,270.20,53.34,0.5681274799999999,0.7215218995999999,2.25,1.528137e-08,8.959756e-09,1.788684e-08,1.016773e-08,105.89,98.41,10005.09,9298.43,52.03,47.78
4.36838,5,0.3289,0.027,0.024,5.358,5.856,0.9879,0.00950,270.20,53.34,0.56812648,0.7215206296,2.25,1.532385e-08,8.983859e-09,1.797776e-08,1.023511e-08,105.90,98.79,10005.97,9334.43,52.03,48.00
4.36862,5,0.3289,0.027,0.024,5.358,5.856,0.9879,0.00950,270.20,53.34,0.5681255199999999,0.7215194103999999,2.25,1.536045e-08,9.007021e-09,1.806227e-08,1.027895e-08,105.95,98.70,10010.55,9325.43,52.06,47.94
4.36888,5,0.3289,0.027,0.024,5.358,5.856,0.9879,0.00950,270.20,53.34,0.5681244799999999,0.7215180896,2.25,1.540247e-08,9.036038e-09,1.813706e-08,1.032878e-08,106.07,98.86,10022.29,9340.68,52.13,48.03
4.36913,5,0.3290,0.027,0.024,5.358,5.856,0.9879,0.00950,270.20,53.34,0.5681234799999999,0.7215168195999999,2.25,1.545258e-08,9.052477e-09,1.8223e-08,1.037896e-08,105.74,98.92,9990.74,9346.11,51.94,48.07
4.36937,5,0.3290,0.027,0.024,5.358,5.856,0.9879,0.00950,270.20,53.34,0.56812252,0.7215156004,2.25,1.549487e-08,9.082695e-09,1.831603e-08,1.042836e-08,105.89,98.84,10005.21,9338.65,52.03,48.02
4.36963,5,0.3290,0.027,0.024,5.358,5.856,0.9879,0.00950,270.20,53.34,0.56812148,0.7215142795999999,2.25,1.553312e-08,9.099656e-09,1.839883e-08,1.0474e-08,105.74,98.80,9990.73,9335.54,51.94,48.00
4.36988,5,0.3291,0.027,0.024,5.358,5.856,0.9879,0.00950,270.20,53.34,0.5681204799999999,0.7215130095999999,2.25,1.556893e-08,9.123108e-09,1.847575e-08,1.051597e-08,105.84,98.79,10000.31,9334.63,52.00,48.00
4.37012,5,0.3291,0.027,0.024,5.358,5.856,0.9879,0.00950,270.20,53.34,0.56811952,0.7215117904,2.25,1.561704e-08,9.13935e-09,1.855136e-08,1.055419e-08,105.51,98.69,9968.83,9324.76,51.81,47.94
4.37038,5,0.3291,0.027,0.024,5.358,5.856,0.9879,0.00950,270.20,53.34,0.56811848,0.7215104696,2.25,1.564572e-08,9.160349e-09,1.8623e-08,1.060004e-08,105.62,98.80,9979.90,9335.16,51.88,48.00
4.37063,5,0.3292,0.027,0.024,5.357,5.856,0.9879,0.00950,270.20,53.34,0.56811748,0.7215091995999999,2.25,1.569091e-08,9.182459e-09,1.869707e-08,1.06382e-08,105.54,98.74,9971.54,9329.86,51.83,47.97
4.37087,5,0.3292,0.027,0.024,5.357,5.856,0.9879,0.00950,270.20,53.34,0.56811652,0.7215079804000001,2.25,1.572872e-08,9.193751e-09,1.879108e-08,1.068053e-08,105.24,98.51,9943.29,9307.29,51.66,47.83
4.37113,5,0.3292,0.027,0.024,5.357,5.856,0.9879,0.00950,270.20,53.34,0.56811548,0.7215066596,2.25,1.576451e-08,9.218065e-09,1.884645e-08,1.072691e-08,105.33,98.82,9952.11,9337.36,51.71,48.01
4.37137,5,0.3293,0.027,0.024,5.357,5.856,0.9879,0.00950,270.20,53.34,0.56811452,0.7215054404,2.25,1.578722e-08,9.232486e-09,1.892001e-08,1.075364e-08,105.39,98.53,9958.10,9309.78,51.75,47.85
4.37162,5,0.3293,0.027,0.024,5.357,5.856,0.9879,0.00950,270.20,53.34,0.5681135199999999,0.7215041703999999,2.25,1.5833e-08,9.246008e-09,1.898768e-08,1.079408e-08,105.03,98.57,9923.84,9313.73,51.54,47.87
4.37188,5,0.3293,0.027,0.024,5.357,5.856,0.9879,0.00950,270.20,53.34,0.5681124799999999,0.7215028495999999,2.25,1.586383e-08,9.262028e-09,1.905789e-08,1.082658e-08,104.98,98.42,9918.74,9298.98,51.51,47.78
4.37212,5,0.3294,0.027,0.024,5.357,5.856,0.9879,0.00950,270.20,53.34,0.56811152,0.7215016304,2.25,1.587815e-08,9.281042e-09,1.910639e-08,1.085909e-08,105.30,98.55,9949.19,9311.64,51.69,47.86
4.37237,5,0.3294,0.027,0.024,5.357,5.857,0.9879,0.00950,270.20,53.34,0.56811052,0.7215003604,2.25,1.591424e-08,9.29744e-09,1.917051e-08,1.090013e-08,105.17,98.65,9937.11,9320.75,51.62,47.91
4.37263,5,0.3294,0.027,0.024,5.357,5.857,0.9879,0.00950,270.20,53.34,0.56810948,0.7214990396,2.25,1.59419e-08,9.308351e-09,1.922853e-08,1.09186e-08,105.03,98.34,9923.65,9292.11,51.54,47.74
4.37287,5,0.3295,0.027,0.024,5.357,5.857,0.9879,0.00950,270.20,53.34,0.56810852,0.7214978204,2.25,1.596587e-08,9.321504e-09,1.927981e-08,1.095622e-08,105.04,98.55,9924.51,9311.65,51.54,47.86
4.37312,5,0.3295,0.027,0.024,5.357,5.857,0.9879,0.00950,270.20,53.34,0.56810752,0.7214965503999999,2.25,1.599287e-08,9.337912e-09,1.934193e-08,1.098863e-08,105.06,98.49,9926.15,9305.98,51.55,47.82
4.37338,5,0.3295,0.027,0.024,5.357,5.857,0.9879,0.00950,270.20,53.34,0.56810648,0.7214952296,2.25,1.601711e-08,9.350715e-09,1.939259e-08,1.100862e-08,105.02,98.31,9922.71,9288.80,51.53,47.72
4.37362,5,0.3295,0.027,0.024,5.357,5.857,0.9879,0.00951,270.20,53.34,0.5681055199999999,0.7214940103999999,2.25,1.602782e-08,9.364722e-09,1.94397e-08,1.10446e-08,105.23,98.50,9942.49,9306.81,51.65,47.83
4.37387,5,0.3296,0.027,0.024,5.357,5.857,0.9879,0.00951,270.20,53.34,0.56810452,0.7214927404,2.25,1.604724e-08,9.375797e-09,1.949438e-08,1.106261e-08,105.25,98.26,9944.81,9284.26,51.66,47.69
4.37413,5,0.3296,0.027,0.024,5.357,5.857,0.9879,0.00951,270.20,53.34,0.56810348,0.7214914196,2.25,1.608169e-08,9.390871e-09,1.954438e-08,1.108377e-08,105.12,98.11,9931.96,9270.31,51.59,47.61
4.37437,5,0.3296,0.027,0.024,5.357,5.857,0.9879,0.00951,270.20,53.34,0.5681025199999999,0.7214902003999999,2.25,1.60972e-08,9.398037e-09,1.959516e-08,1.111785e-08,105.07,98.22,9927.16,9280.49,51.56,47.67
4.37462,5,0.3297,0.027,0.024,5.357,5.857,0.9879,0.00951,270.20,53.34,0.5681015199999999,0.7214889304,2.25,1.611653e-08,9.416532e-09,1.964563e-08,1.114658e-08,105.29,98.25,9948.47,9283.49,51.69,47.69
4.37488,5,0.3297,0.027,0.024,5.357,5.857,0.9879,0.00951,270.20,53.34,0.5681004799999999,0.7214876095999999,2.25,1.613483e-08,9.423102e-09,1.970458e-08,1.117032e-08,105.18,98.06,9938.01,9264.88,51.62,47.58
4.37512,5,0.3297,0.027,0.024,5.357,5.857,0.9879,0.00951,270.20,53.34,0.56809952,0.7214863904,2.25,1.614964e-08,9.439624e-09,1.975734e-08,1.119594e-08,105.39,97.97,9957.98,9256.69,51.74,47.53
4.37538,5,0.3298,0.027,0.024,5.357,5.857,0.9879,0.00951,270.20,53.34,0.56809848,0.7214850695999999,2.25,1.616274e-08,9.440912e-09,1.980868e-08,1.122352e-08,105.25,97.97,9944.85,9256.62,51.66,47.53
4.37563,5,0.3298,0.027,0.024,5.357,5.857,0.9879,0.00951,270.20,53.34,0.5680974799999999,0.7214837996,2.25,1.618908e-08,9.45824e-09,1.985927e-08,1.125139e-08,105.31,97.95,9949.76,9255.11,51.69,47.52
4.37587,5,0.3298,0.027,0.024,5.357,5.857,0.9879,0.00951,270.20,53.34,0.56809652,0.7214825804,2.25,1.61985e-08,9.465703e-09,1.991387e-08,1.128265e-08,105.36,97.96,9954.72,9255.73,51.72,47.52
4.37613,5,0.3299,0.027,0.024,5.356,5.857,0.9879,0.00951,270.20,53.34,0.56809548,0.7214812596,2.25,1.619657e-08,9.468272e-09,1.997535e-08,1.131598e-08,105.49,97.96,9967.10,9255.70,51.80,47.52
4.37638,5,0.3299,0.027,0.024,5.356,5.857,0.9879,0.00951,270.20,53.34,0.56809448,0.7214799895999999,2.25,1.622071e-08,9.482113e-09,2.003183e-08,1.134483e-08,105.48,97.90,9966.42,9249.78,51.79,47.48
4.37662,5,0.3299,0.027,0.024,5.356,5.857,0.9879,0.00951,270.20,53.34,0.5680935199999999,0.7214787703999999,2.25,1.624044e-08,9.491831e-09,2.008308e-08,1.13733e-08,105.43,97.89,9961.83,9248.74,51.76,47.48
4.37688,5,0.3300,0.027,0.024,5.356,5.857,0.9879,0.00951,270.20,53.34,0.56809248,0.7214774496,2.25,1.62443e-08,9.500699e-09,2.015635e-08,1.141117e-08,105.64,97.84,9981.57,9244.78,51.88,47.45
4.37713,5,0.3300,0.027,0.024,5.356,5.857,0.9879,0.00951,270.20,53.34,0.56809148,0.7214761796,2.25,1.624305e-08,9.501605e-09,2.020382e-08,1.142732e-08,105.69,97.63,9985.71,9224.82,51.91,47.33
4.37737,5,0.3300,0.027,0.024,5.356,5.857,0.9879,0.00951,270.20,53.34,0.5680905199999999,0.7214749603999999,2.25,1.625973e-08,9.508963e-09,2.027634e-08,1.14828e-08,105.62,97.92,9979.64,9251.65,51.87,47.49
4.37763,5,0.3301,0.027,0.024,5.356,5.857,0.9879,0.00951,270.20,53.34,0.5680894799999999,0.7214736395999999,2.25,1.627799e-08,9.522458e-09,2.033216e-08,1.151456e-08,105.73,97.95,9989.78,9254.73,51.93,47.51
4.37788,5,0.3301,0.027,0.024,5.356,5.857,0.9879,0.00951,270.20,53.34,0.56808848,0.7214723696,2.25,1.62684e-08,9.524848e-09,2.040886e-08,1.155232e-08,105.94,97.84,10010.04,9244.25,52.05,47.45
4.37812,5,0.3301,0.027,0.024,5.356,5.857,0.9879,0.00951,270.20,53.34,0.56808752,0.7214711504,2.25,1.627854e-08,9.532036e-09,2.047704e-08,1.158565e-08,105.98,97.74,10013.21,9234.58,52.07,47.39
4.37838,5,0.3302,0.027,0.024,5.356,5.857,0.9879,0.00951,270.20,53.34,0.56808648,0.7214698296,2.25,1.630002e-08,9.544866e-09,2.055294e-08,1.163231e-08,106.02,97.84,10016.89,9244.18,52.10,47.45
4.37863,5,0.3302,0.027,0.024,5.356,5.857,0.9879,0.00951,270.20,53.34,0.5680854799999999,0.7214685595999999,2.25,1.630026e-08,9.547156e-09,2.062188e-08,1.16636e-08,106.07,97.69,10022.33,9230.09,52.13,47.36
4.37887,5,0.3302,0.027,0.024,5.356,5.857,0.9879,0.00951,270.20,53.34,0.56808452,0.7214673403999999,2.25,1.629589e-08,9.549836e-09,2.070063e-08,1.170614e-08,106.21,97.65,10035.62,9226.46,52.21,47.34
4.37913,5,0.3303,0.027,0.024,5.356,5.857,0.9879,0.00951,270.20,53.34,0.56808348,0.7214660196,2.25,1.632039e-08,9.558951e-09,2.079298e-08,1.175342e-08,106.11,97.59,10025.38,9220.33,52.15,47.31
4.37937,5,0.3303,0.027,0.024,5.356,5.857,0.9879,0.00951,270.20,53.34,0.5680825199999999,0.7214648003999999,2.25,1.632364e-08,9.563092e-09,2.087282e-08,1.180904e-08,106.17,97.78,10031.04,9239.21,52.18,47.42
4.37962,5,0.3303,0.027,0.024,5.356,5.857,0.9879,0.00951,270.20,53.34,0.56808152,0.7214635304,2.25,1.632074e-08,9.567805e-09,2.096673e-08,1.184665e-08,106.34,97.49,10047.30,9211.42,52.28,47.25
4.37988,5,0.3304,0.027,0.024,5.356,5.857,0.9879,0.00951,270.20,53.34,0.56808048,0.7214622096,2.25,1.632373e-08,9.568747e-09,2.10378e-08,1.189498e-08,106.35,97.67,10048.28,9228.79,52.28,47.36
4.38012,5,0.3304,0.027,0.024,5.356,5.857,0.9879,0.00951,270.20,53.34,0.56807952,0.7214609903999999,2.25,1.63351e-08,9.573481e-09,2.114253e-08,1.194168e-08,106.30,97.44,10043.39,9206.58,52.25,47.22
4.38037,5,0.3304,0.027,0.024,5.356,5.857,0.9879,0.00951,270.20,53.34,0.5680785199999999,0.7214597204,2.25,1.634164e-08,9.574729e-09,2.12321e-08,1.199661e-08,106.23,97.52,10036.84,9214.24,52.21,47.27
4.38063,5,0.3305,0.027,0.024,5.356,5.857,0.9879,0.00951,270.20,53.34,0.5680774799999999,0.7214583995999999,2.25,1.634083e-08,9.577604e-09,2.130827e-08,1.204893e-08,106.35,97.72,10048.37,9233.39,52.28,47.38
4.38087,5,0.3305,0.027,0.024,5.356,5.857,0.9879,0.00951,270.20,53.34,0.56807652,0.7214571804,2.25,1.634533e-08,9.575308e-09,2.142376e-08,1.210122e-08,106.22,97.48,10035.87,9210.59,52.21,47.25
4.38112,5,0.3305,0.027,0.024,5.356,5.857,0.9879,0.00951,270.20,53.34,0.56807552,0.7214559103999999,2.25,1.633204e-08,9.582916e-09,2.151268e-08,1.215747e-08,106.63,97.59,10074.95,9221.09,52.44,47.31
4.38138,5,0.3306,0.027,0.024,5.355,5.857,0.9879,0.00951,270.20,53.34,0.5680744799999999,0.7214545896,2.25,1.634311e-08,9.584324e-09,2.160893e-08,1.220126e-08,106.53,97.43,10065.07,9205.48,52.38,47.22
4.38162,5,0.3306,0.027,0.024,5.355,5.857,0.9879,0.00951,270.20,53.34,0.56807352,0.7214533704,2.25,1.634481e-08,9.588788e-09,2.170957e-08,1.225198e-08,106.62,97.32,10073.87,9194.96,52.44,47.15
4.38187,5,0.3306,0.027,0.024,5.355,5.857,0.9879,0.00951,270.20,53.34,0.56807252,0.7214521004,2.25,1.633907e-08,9.587898e-09,2.181058e-08,1.231488e-08,106.69,97.42,10080.18,9205.07,52.47,47.21
4.38213,5,0.3307,0.027,0.024,5.355,5.857,0.9879,0.00951,270.20,53.34,0.56807148,0.7214507795999999,2.25,1.634682e-08,9.594183e-09,2.190121e-08,1.235703e-08,106.76,97.29,10087.65,9192.44,52.52,47.14
4.38237,5,0.3307,0.027,0.024,5.355,5.857,0.9879,0.00951,270.20,53.34,0.5680705199999999,0.7214495603999999,2.25,1.634991e-08,9.596256e-09,2.200626e-08,1.240504e-08,106.77,97.09,10088.31,9173.33,52.52,47.02
4.38262,5,0.3307,0.027,0.024,5.355,5.857,0.9879,0.00951,270.20,53.34,0.56806952,0.7214482904,2.25,1.63442e-08,9.591667e-09,2.210604e-08,1.246209e-08,106.74,97.10,10085.16,9174.68,52.50,47.03
4.38288,5,0.3307,0.027,0.024,5.355,5.857,0.9879,0.00951,270.20,53.34,0.56806848,0.7214469696,2.25,1.633632e-08,9.592795e-09,2.219799e-08,1.25167e-08,106.89,97.15,10099.81,9179.35,52.59,47.06
4.38312,5,0.3308,0.027,0.024,5.355,5.857,0.9879,0.00951,270.20,53.34,0.5680675199999999,0.7214457503999999,2.25,1.633927e-08,9.591132e-09,2.232673e-08,1.256744e-08,106.83,96.79,10094.21,9145.66,52.56,46.86
4.38338,5,0.3308,0.027,0.024,5.355,5.857,0.9879,0.00951,270.20,53.34,0.5680664799999999,0.7214444295999999,2.25,1.635161e-08,9.595014e-09,2.241054e-08,1.261991e-08,106.74,96.89,10085.66,9154.45,52.51,46.91
4.38363,5,0.3308,0.027,0.024,5.355,5.857,0.9879,0.00951,270.20,53.34,0.56806548,0.7214431596,2.25,1.634345e-08,9.597295e-09,2.250732e-08,1.266298e-08,106.93,96.69,10103.67,9135.57,52.61,46.79
4.38387,5,0.3309,0.027,0.024,5.355,5.857,0.9879,0.00951,270.20,53.34,0.56806452,0.7214419404,2.25,1.634481e-08,9.589629e-09,2.259565e-08,1.271799e-08,106.74,96.81,10085.16,9147.07,52.50,46.86
4.38413,5,0.3309,0.027,0.024,5.355,5.857,0.9879,0.00951,270.20,53.34,0.56806348,0.7214406195999999,2.25,1.633153e-08,9.59136e-09,2.267179e-08,1.276337e-08,107.00,96.85,10109.44,9151.21,52.65,46.89
4.38438,5,0.3309,0.027,0.024,5.355,5.857,0.9879,0.00951,270.20,53.34,0.5680624799999999,0.7214393495999999,2.25,1.633814e-08,9.589288e-09,2.278152e-08,1.280543e-08,106.83,96.51,10094.25,9119.09,52.56,46.69
4.38462,5,0.3310,0.027,0.024,5.355,5.857,0.9879,0.00951,270.20,53.34,0.56806152,0.7214381304,2.25,1.632658e-08,9.583052e-09,2.284702e-08,1.285199e-08,106.88,96.71,10098.70,9137.67,52.58,46.81
4.38488,5,0.3310,0.027,0.023,5.355,5.857,0.9879,0.00951,270.20,53.34,0.56806048,0.7214368096,2.25,1.633326e-08,9.58321e-09,2.293912e-08,1.290174e-08,106.78,96.68,10089.25,9134.46,52.53,46.79
4.38513,5,0.3310,0.027,0.023,5.355,5.857,0.9879,0.00951,270.20,53.34,0.56805948,0.7214355396,2.25,1.630904e-08,9.581105e-09,2.303118e-08,1.292771e-08,107.11,96.24,10120.19,9092.97,52.71,46.54
4.38537,5,0.3311,0.027,0.023,5.355,5.857,0.9879,0.00951,270.20,53.34,0.56805852,0.7214343204,2.25,1.63142e-08,9.578419e-09,2.310669e-08,1.296765e-08,106.99,96.22,10108.62,9091.81,52.64,46.53
4.38563,5,0.3311,0.027,0.023,5.355,5.857,0.9879,0.00951,270.20,53.34,0.56805748,0.7214329996000001,2.25,1.630734e-08,9.570784e-09,2.317851e-08,1.300913e-08,106.89,96.24,10099.40,9093.68,52.59,46.54
4.38588,5,0.3311,0.027,0.023,5.355,5.857,0.9879,0.00951,270.20,53.34,0.56805648,0.7214317296,2.25,1.628974e-08,9.567768e-09,2.322696e-08,1.304151e-08,107.09,96.33,10118.12,9101.93,52.70,46.59
4.38612,5,0.3312,0.027,0.023,5.355,5.857,0.9879,0.00951,270.20,53.34,0.5680555199999999,0.7214305104,2.25,1.628231e-08,9.56659e-09,2.331369e-08,1.307693e-08,107.21,96.14,10129.35,9083.65,52.77,46.48
4.38638,5,0.3312,0.027,0.023,5.355,5.857,0.9879,0.00951,270.20,53.34,0.5680544799999999,0.7214291895999999,2.25,1.628144e-08,9.552044e-09,2.335577e-08,1.310278e-08,106.83,96.18,10093.40,9087.20,52.55,46.50
4.38663,5,0.3312,0.027,0.023,5.355,5.857,0.9879,0.00951,270.20,53.34,0.56805348,0.7214279196,2.25,1.62681e-08,9.546257e-09,2.343027e-08,1.313106e-08,106.88,95.95,10098.62,9065.94,52.58,46.38
4.38687,5,0.3313,0.027,0.023,5.354,5.857,0.9879,0.00951,270.20,53.34,0.56805252,0.7214267003999999,2.25,1.626432e-08,9.540454e-09,2.347131e-08,1.315512e-08,106.82,96.00,10092.49,9070.34,52.55,46.40
4.38713,5,0.3313,0.027,0.023,5.354,5.857,0.9879,0.00951,270.20,53.34,0.5680514799999999,0.7214253796,2.25,1.625808e-08,9.535771e-09,2.353086e-08,1.318208e-08,106.79,95.89,10089.87,9060.31,52.53,46.34
4.38737,5,0.3313,0.027,0.023,5.354,5.857,0.9879,0.00951,270.20,53.34,0.56805052,0.7214241604,2.25,1.624114e-08,9.524113e-09,2.356383e-08,1.319607e-08,106.74,95.82,10085.46,9053.32,52.50,46.30
4.38762,5,0.3314,0.027,0.023,5.354,5.857,0.9879,0.00951,270.20,53.34,0.56804952,0.7214228904,2.25,1.622444e-08,9.511494e-09,2.36063e-08,1.320972e-08,106.70,95.68,10081.26,9040.29,52.48,46.22
4.38788,5,0.3314,0.027,0.023,5.354,5.857,0.9879,0.00951,270.20,53.34,0.56804848,0.7214215695999999,2.25,1.621785e-08,9.507977e-09,2.361366e-08,1.322144e-08,106.71,95.80,10082.15,9052.11,52.48,46.29
4.38812,5,0.3314,0.027,0.023,5.354,5.857,0.9879,0.00951,270.20,53.34,0.5680475199999999,0.7214203503999999,2.25,1.620094e-08,9.497122e-09,2.367938e-08,1.323668e-08,106.68,95.45,10079.73,9018.73,52.47,46.09
4.38837,5,0.3315,0.027,0.023,5.354,5.857,0.9879,0.00951,270.20,53.34,0.56804652,0.7214190804,2.25,1.618474e-08,9.492544e-09,2.369082e-08,1.325513e-08,106.85,95.68,10095.42,9040.10,52.56,46.22
4.38863,5,0.3315,0.027,0.023,5.354,5.857,0.9879,0.00951,270.20,53.34,0.56804548,0.7214177596,2.25,1.617438e-08,9.47346e-09,2.368515e-08,1.326169e-08,106.49,95.84,10062.00,9055.18,52.36,46.31
4.38887,5,0.3315,0.027,0.023,5.354,5.857,0.9879,0.00951,270.21,53.34,0.5680445199999999,0.7214165403999999,2.25,1.615131e-08,9.464189e-09,2.37075e-08,1.326852e-08,106.61,95.74,10072.90,9046.38,52.43,46.26
4.38912,5,0.3316,0.027,0.023,5.354,5.857,0.9879,0.00951,270.21,53.34,0.5680435199999999,0.7214152703999999,2.25,1.614039e-08,9.454704e-09,2.37476e-08,1.327081e-08,106.56,95.44,10068.00,9018.00,52.40,46.09
4.38938,5,0.3316,0.027,0.023,5.354,5.857,0.9879,0.00951,270.21,53.34,0.5680424799999999,0.7214139495999999,2.25,1.612231e-08,9.447e-09,2.374471e-08,1.327729e-08,106.64,95.58,10075.43,9030.48,52.44,46.16
4.38962,5,0.3316,0.027,0.023,5.354,5.857,0.9879,0.00951,270.21,53.34,0.56804152,0.7214127304,2.25,1.611068e-08,9.428857e-09,2.374132e-08,1.327638e-08,106.33,95.59,10046.28,9032.01,52.27,46.17
4.38987,5,0.3317,0.027,0.023,5.354,5.857,0.9879,0.00951,270.21,53.34,0.5680405199999999,0.7214114603999999,2.25,1.608433e-08,9.411623e-09,2.376325e-08,1.327969e-08,106.31,95.47,10044.65,9020.93,52.26,46.10
4.39013,5,0.3317,0.027,0.023,5.354,5.857,0.9879,0.00951,270.21,53.34,0.5680394799999999,0.7214101395999999,2.25,1.60727e-08,9.40507e-09,2.376304e-08,1.327443e-08,106.32,95.39,10045.30,9013.02,52.26,46.06
4.39037,5,0.3317,0.027,0.023,5.354,5.857,0.9879,0.00951,270.21,53.34,0.56803852,0.7214089204,2.25,1.605899e-08,9.389161e-09,2.376368e-08,1.327581e-08,106.10,95.41,10025.00,9014.59,52.14,46.07
4.39062,5,0.3318,0.027,0.023,5.354,5.857,0.9879,0.00951,270.21,53.34,0.56803752,0.7214076504,2.25,1.604169e-08,9.376587e-09,2.375932e-08,1.327787e-08,106.07,95.51,10021.69,9024.23,52.12,46.12
4.39088,5,0.3318,0.027,0.023,5.354,5.857,0.9879,0.00951,270.21,53.34,0.56803648,0.7214063296,2.25,1.601959e-08,9.359115e-09,2.375656e-08,1.326106e-08,105.94,95.26,10009.97,9000.74,52.05,45.98
4.39112,5,0.3318,0.027,0.023,5.354,5.857,0.9879,0.00951,270.21,53.34,0.56803552,0.7214051104,2.25,1.601215e-08,9.349895e-09,2.375803e-08,1.326541e-08,105.81,95.32,9997.44,9006.16,51.97,46.01
4.39138,5,0.3319,0.027,0.023,5.354,5.857,0.9879,0.00951,270.21,53.34,0.56803448,0.7214037896000001,2.25,1.598008e-08,9.32799e-09,2.373895e-08,1.325877e-08,105.76,95.41,9992.26,9015.06,51.94,46.07
4.39163,5,0.3319,0.027,0.023,5.354,5.857,0.9879,0.00951,270.21,53.34,0.56803348,0.7214025196,2.25,1.596646e-08,9.31342e-09,2.37313e-08,1.325424e-08,105.57,95.41,9975.23,9014.66,51.84,46.07
4.39187,5,0.3319,0.027,0.023,5.354,5.857,0.9879,0.00951,270.21,53.34,0.5680325199999999,0.7214013004,2.25,1.594769e-08,9.302482e-09,2.373473e-08,1.325077e-08,105.58,95.32,9975.26,9006.37,51.84,46.02
4.39213,5,0.3319,0.027,0.023,5.354,5.857,0.9879,0.00951,270.21,53.34,0.5680314799999999,0.7213999795999999,2.25,1.591087e-08,9.292584e-09,2.373386e-08,1.324156e-08,105.89,95.18,10005.18,8992.96,52.02,45.93
4.39238,5,0.3320,0.027,0.023,5.353,5.857,0.9879,0.00951,270.21,53.34,0.56803048,0.7213987096,2.25,1.590992e-08,9.271754e-09,2.373303e-08,1.324793e-08,105.37,95.32,9955.86,9006.17,51.72,46.01
4.39262,5,0.3320,0.027,0.023,5.353,5.857,0.9879,0.00951,270.21,53.34,0.56802952,0.7213974904,2.25,1.588353e-08,9.262894e-09,2.372916e-08,1.324207e-08,105.55,95.26,9972.68,9000.48,51.82,45.98
4.39288,5,0.3320,0.027,0.023,5.353,5.857,0.9879,0.00951,270.21,53.34,0.56802848,0.7213961696,2.25,1.586873e-08,9.240122e-09,2.373504e-08,1.323451e-08,105.16,95.08,9936.20,8983.83,51.60,45.88
4.39313,5,0.3321,0.027,0.023,5.353,5.857,0.9879,0.00951,270.21,53.34,0.5680274799999999,0.7213948995999999,2.25,1.584874e-08,9.232528e-09,2.372016e-08,1.324771e-08,105.30,95.46,9949.63,9019.62,51.69,46.09
4.39337,5,0.3321,0.027,0.023,5.353,5.857,0.9879,0.00951,270.21,53.34,0.56802652,0.7213936804,2.25,1.582207e-08,9.217512e-09,2.372125e-08,1.325128e-08,105.32,95.51,9950.97,9024.18,51.69,46.12
4.39363,5,0.3321,0.027,0.023,5.353,5.857,0.9879,0.00951,270.21,53.34,0.56802548,0.7213923595999999,2.25,1.580301e-08,9.203576e-09,2.373281e-08,1.324363e-08,105.24,95.28,9943.64,9002.46,51.65,45.99
4.39388,5,0.3322,0.027,0.023,5.353,5.857,0.9879,0.00951,270.21,53.34,0.5680244799999999,0.7213910896,2.25,1.578364e-08,9.190509e-09,2.373714e-08,1.324293e-08,105.22,95.26,9942.01,9000.38,51.64,45.98
4.39412,5,0.3322,0.027,0.023,5.353,5.857,0.9879,0.00951,270.21,53.34,0.56802352,0.7213898704,2.25,1.576232e-08,9.179322e-09,2.372993e-08,1.324665e-08,105.26,95.38,9945.19,9012.29,51.66,46.05
4.39438,5,0.3322,0.027,0.023,5.353,5.857,0.9879,0.00951,270.21,53.34,0.56802248,0.7213885496,2.25,1.575545e-08,9.166803e-09,2.374067e-08,1.324948e-08,105.02,95.33,9923.11,9007.42,51.53,46.02
4.39462,5,0.3323,0.027,0.023,5.353,5.857,0.9879,0.00951,270.21,53.34,0.56802152,0.7213873303999999,2.25,1.572457e-08,9.153617e-09,2.372272e-08,1.3254e-08,105.19,95.60,9938.51,9032.55,51.62,46.17
4.39487,5,0.3323,0.027,0.023,5.353,5.857,0.9879,0.00951,270.21,53.34,0.5680205199999999,0.7213860603999999,2.25,1.571463e-08,9.138845e-09,2.375626e-08,1.326214e-08,104.94,95.42,9915.18,9016.22,51.48,46.07
4.39513,5,0.3323,0.027,0.023,5.353,5.857,0.9879,0.00951,270.21,53.34,0.5680194799999999,0.7213847395999999,2.25,1.568602e-08,9.125372e-09,2.377149e-08,1.326285e-08,105.03,95.30,9923.41,9004.25,51.53,46.00
4.39537,5,0.3324,0.027,0.023,5.353,5.857,0.9879,0.00951,270.21,53.34,0.56801852,0.7213835204,2.25,1.567334e-08,9.12145e-09,2.377012e-08,1.327508e-08,105.15,95.54,9935.39,9026.94,51.60,46.14
4.39562,5,0.3324,0.027,0.023,5.353,5.857,0.9879,0.00951,270.21,53.34,0.5680175199999999,0.7213822503999999,2.25,1.566313e-08,9.101259e-09,2.377647e-08,1.327547e-08,104.76,95.49,9898.32,9022.09,51.38,46.11
4.39588,5,0.3324,0.027,0.023,5.353,5.857,0.9879,0.00951,270.21,53.34,0.5680164799999999,0.7213809295999999,2.25,1.564715e-08,9.103966e-09,2.37887e-08,1.328562e-08,105.09,95.54,9929.54,9027.20,51.56,46.14
4.39612,5,0.3325,0.027,0.023,5.353,5.857,0.9879,0.00951,270.21,53.34,0.56801552,0.7213797104,2.25,1.563088e-08,9.095364e-09,2.381682e-08,1.328657e-08,105.15,95.33,9934.79,9007.26,51.59,46.02
4.39637,5,0.3325,0.027,0.023,5.353,5.857,0.9879,0.00951,270.21,53.34,0.56801452,0.7213784404,2.25,1.562194e-08,9.089447e-09,2.384476e-08,1.330139e-08,105.13,95.32,9932.92,9006.08,51.58,46.01
4.39663,5,0.3325,0.027,0.023,5.353,5.857,0.9879,0.00951,270.21,53.34,0.56801348,0.7213771196,2.25,1.560905e-08,9.084173e-09,2.384073e-08,1.33229e-08,105.19,95.70,9938.74,9042.55,51.62,46.23
4.39687,5,0.3326,0.027,0.023,5.353,5.857,0.9879,0.00951,270.21,53.34,0.5680125199999999,0.7213759003999999,2.25,1.558442e-08,9.065184e-09,2.388752e-08,1.332276e-08,105.09,95.31,9929.53,9005.00,51.56,46.01
4.39712,5,0.3326,0.027,0.023,5.353,5.857,0.9879,0.00951,270.21,53.34,0.56801152,0.7213746304,2.25,1.558786e-08,9.066548e-09,2.389288e-08,1.332302e-08,105.07,95.26,9927.87,9000.83,51.55,45.98
4.39738,5,0.3326,0.027,0.023,5.353,5.857,0.9879,0.00951,270.21,53.34,0.56801048,0.7213733096,2.25,1.55761e-08,9.056252e-09,2.389655e-08,1.333521e-08,104.98,95.43,9918.82,9016.33,51.50,46.07
4.39762,5,0.3327,0.027,0.023,5.352,5.857,0.9879,0.00951,270.21,53.34,0.5680095199999999,0.7213720903999999,2.25,1.557181e-08,9.05598e-09,2.390542e-08,1.335119e-08,105.07,95.63,9927.62,9035.93,51.55,46.19
4.39787,5,0.3327,0.027,0.023,5.352,5.857,0.9879,0.00951,270.21,53.34,0.5680085199999999,0.7213708203999999,2.25,1.556433e-08,9.053616e-09,2.392199e-08,1.335772e-08,105.13,95.59,9932.83,9031.76,51.58,46.17
4.39813,5,0.3327,0.027,0.023,5.352,5.857,0.9879,0.00951,270.21,53.34,0.56800748,0.7213694996000001,2.25,1.556393e-08,9.047562e-09,2.393182e-08,1.336529e-08,104.96,95.62,9917.57,9034.94,51.49,46.18
4.39837,5,0.3328,0.027,0.023,5.352,5.857,0.9879,0.00951,270.21,53.34,0.56800652,0.7213682804,2.25,1.553849e-08,9.044892e-09,2.395287e-08,1.336752e-08,105.33,95.50,9952.40,9023.10,51.70,46.11
4.39863,5,0.3328,0.027,0.023,5.352,5.857,0.9879,0.00951,270.21,53.34,0.56800548,0.7213669596,2.25,1.554971e-08,9.042067e-09,2.3961e-08,1.337063e-08,105.07,95.47,9927.82,9020.92,51.55,46.10
4.39888,5,0.3328,0.027,0.023,5.352,5.857,0.9879,0.00951,270.21,53.34,0.5680044799999999,0.7213656895999999,2.25,1.554607e-08,9.044905e-09,2.396627e-08,1.338565e-08,105.21,95.67,9940.83,9039.37,51.63,46.21
4.39912,5,0.3329,0.027,0.023,5.352,5.857,0.9879,0.00951,270.21,53.34,0.56800352,0.7213644704,2.25,1.554883e-08,9.042351e-09,2.395971e-08,1.338373e-08,105.13,95.73,9932.89,9044.76,51.58,46.24
4.39938,5,0.3329,0.027,0.023,5.352,5.857,0.9879,0.00951,270.21,53.34,0.56800248,0.7213631496,2.25,1.55409e-08,9.040022e-09,2.398974e-08,1.337421e-08,105.19,95.30,9938.89,9004.65,51.62,46.00
4.39963,5,0.3329,0.027,0.023,5.352,5.857,0.9879,0.00951,270.21,53.34,0.56800148,0.7213618796,2.25,1.554383e-08,9.036206e-09,2.399759e-08,1.338711e-08,105.04,95.44,9924.40,9017.63,51.53,46.08
4.39987,5,0.3330,0.027,0.023,5.352,5.857,0.9879,0.00951,270.21,53.34,0.56800052,0.7213606604,2.25,1.553249e-08,9.045328e-09,2.401214e-08,1.3381e-08,105.51,95.24,9968.74,8998.70,51.80,45.97
4.40013,5,0.3330,0.027,0.023,5.352,5.857,0.9879,0.00951,270.21,53.34,0.56799948,0.7213593396,2.25,1.555374e-08,9.05167e-09,2.401617e-08,1.338392e-08,105.34,95.25,9952.86,8999.72,51.70,45.97
4.40038,5,0.3330,0.027,0.023,5.352,5.857,0.9879,0.00951,270.21,53.34,0.56799848,0.7213580695999999,2.25,1.555184e-08,9.044678e-09,2.400205e-08,1.338284e-08,105.17,95.36,9937.39,9010.04,51.61,46.03
4.40062,5,0.3330,0.027,0.023,5.352,5.857,0.9879,0.00951,270.21,53.34,0.5679975199999999,0.7213568503999999,2.25,1.556269e-08,9.044371e-09,2.400186e-08,1.337255e-08,104.99,95.20,9920.04,8994.56,51.50,45.94
4.40088,5,0.3331,0.027,0.023,5.352,5.857,0.9879,0.00951,270.21,53.34,0.5679964799999999,0.7213555295999999,2.25,1.556182e-08,9.051372e-09,2.400128e-08,1.337821e-08,105.23,95.32,9942.71,9006.36,51.64,46.01
4.40113,5,0.3331,0.027,0.023,5.352,5.857,0.9879,0.00951,270.21,53.34,0.56799548,0.7213542596,2.25,1.556459e-08,9.056523e-09,2.397082e-08,1.336553e-08,105.33,95.39,9952.01,9012.91,51.70,46.05
4.40137,5,0.3331,0.027,0.023,5.352,5.857,0.9879,0.00951,270.21,53.34,0.56799452,0.7213530403999999,2.25,1.558462e-08,9.061047e-09,2.397133e-08,1.33633e-08,105.13,95.35,9933.31,9009.08,51.58,46.03
4.40163,5,0.3332,0.027,0.023,5.352,5.857,0.9879,0.00951,270.21,53.34,0.5679934799999999,0.7213517195999999,2.25,1.558178e-08,9.069896e-09,2.395646e-08,1.3358e-08,105.45,95.43,9963.85,9016.34,51.77,46.07
4.40188,5,0.3332,0.027,0.023,5.352,5.857,0.9879,0.00951,270.21,53.34,0.5679924799999999,0.7213504495999999,2.25,1.559701e-08,9.076104e-09,2.394625e-08,1.334444e-08,105.38,95.30,9956.88,9004.34,51.73,46.00
4.40212,5,0.3332,0.027,0.023,5.352,5.857,0.9879,0.00951,270.21,53.34,0.56799152,0.7213492304,2.25,1.562086e-08,9.073775e-09,2.393131e-08,1.333147e-08,104.93,95.22,9914.52,8997.26,51.47,45.96
4.40238,5,0.3333,0.027,0.023,5.351,5.857,0.9879,0.00951,270.21,53.34,0.56799048,0.7213479096,2.25,1.562108e-08,9.082292e-09,2.391908e-08,1.332124e-08,105.20,95.20,9939.40,8994.75,51.62,45.94
4.40262,5,0.3333,0.027,0.023,5.352,5.857,0.9879,0.00951,270.21,53.34,0.5679895199999999,0.7213466903999999,2.25,1.563442e-08,9.089607e-09,2.39042e-08,1.331204e-08,105.18,95.18,9938.25,8993.36,51.61,45.93
4.40287,5,0.3333,0.027,0.023,5.352,5.857,0.9879,0.00951,270.21,53.34,0.56798852,0.7213454204,2.25,1.564801e-08,9.096936e-09,2.388777e-08,1.330242e-08,105.17,95.18,9936.75,8992.64,51.60,45.93
4.40313,5,0.3334,0.027,0.023,5.351,5.857,0.9879,0.00951,270.21,53.34,0.56798748,0.7213440996,2.25,1.565038e-08,9.102863e-09,2.386537e-08,1.328966e-08,105.32,95.20,9951.62,8994.90,51.69,45.94
4.40337,5,0.3334,0.027,0.023,5.351,5.857,0.9879,0.00951,270.21,53.34,0.5679865199999999,0.7213428803999999,2.25,1.566711e-08,9.115481e-09,2.382776e-08,1.327206e-08,105.40,95.25,9959.16,9000.02,51.74,45.97
4.40362,5,0.3334,0.027,0.023,5.351,5.857,0.9879,0.00951,270.21,53.34,0.5679855199999999,0.7213416103999999,2.25,1.567332e-08,9.121036e-09,2.381875e-08,1.324884e-08,105.46,94.96,9964.23,8972.20,51.77,45.81
4.40388,5,0.3335,0.027,0.023,5.351,5.857,0.9879,0.00951,270.21,53.34,0.56798448,0.7213402896000001,2.25,1.569783e-08,9.123257e-09,2.377338e-08,1.324121e-08,105.16,95.27,9935.85,9001.86,51.60,45.98
4.40412,5,0.3335,0.027,0.023,5.351,5.857,0.9879,0.00951,270.21,53.34,0.56798352,0.7213390704,2.25,1.570115e-08,9.133732e-09,2.37443e-08,1.321816e-08,105.39,95.16,9958.09,8991.34,51.73,45.92
4.40437,5,0.3335,0.027,0.023,5.351,5.857,0.9879,0.00951,270.21,53.34,0.5679825199999999,0.7213378004,2.25,1.572216e-08,9.133204e-09,2.372512e-08,1.320282e-08,105.04,95.09,9924.97,8984.18,51.53,45.88
4.40463,5,0.3336,0.027,0.023,5.351,5.857,0.9879,0.00951,270.21,53.34,0.5679814799999999,0.7213364795999999,2.25,1.573871e-08,9.140046e-09,2.368243e-08,1.319208e-08,105.00,95.33,9920.76,9006.91,51.51,46.01
4.40487,5,0.3336,0.027,0.023,5.351,5.857,0.9879,0.00951,270.21,53.34,0.56798052,0.7213352604,2.25,1.575217e-08,9.154323e-09,2.365386e-08,1.317649e-08,105.18,95.33,9937.49,9007.41,51.61,46.02
4.40512,5,0.3336,0.027,0.023,5.351,5.857,0.9879,0.00951,270.21,53.34,0.56797952,0.7213339904,2.25,1.576396e-08,9.157393e-09,2.364521e-08,1.315605e-08,105.07,95.08,9927.70,8983.33,51.55,45.87
4.40538,5,0.3337,0.027,0.023,5.351,5.857,0.9879,0.00951,270.21,53.34,0.56797848,0.7213326696,2.25,1.577325e-08,9.164169e-09,2.362242e-08,1.313786e-08,105.14,95.02,9934.24,8977.54,51.59,45.84
4.40562,5,0.3337,0.027,0.023,5.351,5.857,0.9879,0.00951,270.21,53.34,0.56797752,0.7213314504,2.25,1.578417e-08,9.166057e-09,2.360846e-08,1.313275e-08,105.02,95.06,9922.73,8981.63,51.52,45.86
4.40587,5,0.3337,0.027,0.023,5.351,5.857,0.9879,0.00951,270.21,53.34,0.56797652,0.7213301804,2.25,1.579891e-08,9.179861e-09,2.357157e-08,1.310342e-08,105.16,94.91,9936.27,8968.04,51.60,45.78
4.40613,5,0.3338,0.027,0.023,5.351,5.857,0.9879,0.00951,270.21,53.34,0.56797548,0.7213288595999999,2.25,1.581752e-08,9.188583e-09,2.35628e-08,1.309218e-08,105.14,94.84,9933.85,8960.92,51.59,45.74
4.40637,5,0.3338,0.027,0.023,5.351,5.857,0.9879,0.00951,270.21,53.34,0.5679745199999999,0.7213276404,2.25,1.584752e-08,9.180906e-09,2.351347e-08,1.307558e-08,104.46,95.02,9869.45,8977.62,51.20,45.84
4.40663,5,0.3338,0.027,0.023,5.351,5.857,0.9879,0.00951,270.21,53.34,0.5679734799999999,0.7213263195999999,2.25,1.584743e-08,9.193683e-09,2.351463e-08,1.30624e-08,104.80,94.79,9902.30,8956.27,51.40,45.71
4.40688,5,0.3339,0.027,0.023,5.351,5.857,0.9879,0.00951,270.21,53.34,0.56797248,0.7213250496,2.25,1.585807e-08,9.206789e-09,2.349041e-08,1.305072e-08,105.02,94.85,9923.07,8961.69,51.52,45.74
4.40712,5,0.3339,0.027,0.023,5.351,5.857,0.9879,0.00951,270.21,53.34,0.56797152,0.7213238303999999,2.25,1.58771e-08,9.209852e-09,2.346775e-08,1.304464e-08,104.81,94.95,9902.60,8971.76,51.40,45.80
4.40738,5,0.3339,0.027,0.023,5.351,5.857,0.9879,0.00951,270.21,53.34,0.5679704799999999,0.7213225096,2.25,1.589312e-08,9.216592e-09,2.345313e-08,1.30393e-08,104.74,95.00,9896.07,8976.08,51.36,45.83
4.40763,5,0.3340,0.027,0.023,5.350,5.857,0.9879,0.00951,270.21,53.34,0.5679694799999999,0.7213212395999999,2.25,1.591345e-08,9.216319e-09,2.345015e-08,1.302326e-08,104.44,94.79,9868.29,8956.49,51.19,45.71
4.40787,5,0.3340,0.027,0.023,5.350,5.857,0.9879,0.00951,270.21,53.34,0.56796852,0.7213200204,2.25,1.592837e-08,9.227106e-09,2.344686e-08,1.300881e-08,104.50,94.59,9873.74,8936.99,51.22,45.59
4.40813,5,0.3340,0.027,0.023,5.350,5.857,0.9879,0.00951,270.21,53.34,0.56796748,0.7213186996,2.25,1.594476e-08,9.236315e-09,2.343729e-08,1.300502e-08,104.49,94.61,9873.02,8939.34,51.22,45.61
4.40838,5,0.3341,0.027,0.023,5.350,5.857,0.9879,0.00951,270.21,53.34,0.5679664799999999,0.7213174295999999,2.25,1.595912e-08,9.235204e-09,2.34395e-08,1.30001e-08,104.27,94.54,9852.06,8932.52,51.09,45.57
4.40862,5,0.3341,0.027,0.023,5.350,5.857,0.9879,0.00951,270.21,53.34,0.56796552,0.7213162104,2.25,1.597119e-08,9.244131e-09,2.344487e-08,1.299729e-08,104.32,94.44,9856.98,8923.60,51.12,45.51
4.40888,5,0.3341,0.027,0.023,5.350,5.857,0.9879,0.00951,270.21,53.34,0.56796448,0.7213148896,2.25,1.598703e-08,9.24874e-09,2.34492e-08,1.299045e-08,104.20,94.29,9845.46,8909.38,51.05,45.43
4.40913,5,0.3342,0.027,0.023,5.350,5.857,0.9879,0.00951,270.21,53.34,0.56796348,0.7213136196,2.25,1.600101e-08,9.249067e-09,2.345647e-08,1.299229e-08,104.03,94.29,9828.84,8908.68,50.95,45.42
4.40937,5,0.3342,0.027,0.023,5.350,5.857,0.9879,0.00951,270.21,53.34,0.5679625199999999,0.7213124003999999,2.25,1.601827e-08,9.256448e-09,2.347297e-08,1.299192e-08,103.96,94.13,9822.31,8894.09,50.91,45.33
4.40963,5,0.3342,0.027,0.023,5.350,5.857,0.9879,0.00951,270.21,53.34,0.5679614799999999,0.7213110795999998,2.25,1.603664e-08,9.262419e-09,2.347175e-08,1.298756e-08,103.83,94.07,9810.66,8888.44,50.84,45.30
4.40988,5,0.3342,0.027,0.023,5.350,5.857,0.9879,0.00951,270.21,53.34,0.56796048,0.7213098096,2.25,1.605518e-08,9.276546e-09,2.348334e-08,1.299781e-08,103.92,94.13,9819.22,8894.32,50.89,45.33
4.41012,5,0.3343,0.027,0.023,5.350,5.857,0.9879,0.00951,270.21,53.34,0.5679595199999999,0.7213085904,2.25,1.607584e-08,9.273324e-09,2.351463e-08,1.300011e-08,103.55,93.92,9784.28,8874.02,50.68,45.21
4.41038,5,0.3343,0.027,0.023,5.350,5.857,0.9879,0.00951,270.21,53.34,0.5679584799999999,0.7213072695999999,2.25,1.607907e-08,9.277003e-09,2.352094e-08,1.30095e-08,103.60,94.02,9788.81,8883.03,50.71,45.27
4.41062,5,0.3343,0.027,0.023,5.350,5.857,0.9879,0.00951,270.21,53.34,0.56795752,0.7213060504,2.25,1.611689e-08,9.286145e-09,2.354849e-08,1.301565e-08,103.27,93.87,9757.31,8869.18,50.52,45.18
4.41087,5,0.3344,0.027,0.023,5.350,5.857,0.9879,0.00951,270.21,53.34,0.56795652,0.7213047804,2.25,1.613776e-08,9.289295e-09,2.356739e-08,1.302996e-08,103.07,93.96,9738.28,8877.72,50.41,45.23
4.41113,5,0.3344,0.027,0.023,5.350,5.857,0.9879,0.00952,270.21,53.34,0.56795548,0.7213034596,2.25,1.615032e-08,9.304109e-09,2.360424e-08,1.303958e-08,103.27,93.79,9757.02,8861.37,50.52,45.14
4.41137,5,0.3344,0.027,0.023,5.350,5.857,0.9879,0.00952,270.21,53.34,0.5679545199999999,0.7213022403999999,2.25,1.617374e-08,9.307002e-09,2.361868e-08,1.304412e-08,102.99,93.73,9730.88,8856.16,50.36,45.10
4.41162,5,0.3345,0.027,0.023,5.350,5.857,0.9879,0.00952,270.21,53.34,0.56795352,0.7213009704,2.25,1.620357e-08,9.315429e-09,2.363718e-08,1.305052e-08,102.79,93.70,9712.33,8853.02,50.25,45.09
4.41188,5,0.3345,0.027,0.023,5.350,5.857,0.9879,0.00952,270.21,53.34,0.56795248,0.7212996496,2.25,1.623157e-08,9.329801e-09,2.366838e-08,1.306091e-08,102.75,93.59,9708.11,8842.69,50.23,45.02
4.41212,5,0.3345,0.027,0.023,5.350,5.857,0.9879,0.00952,270.21,53.34,0.5679515199999999,0.7212984304,2.25,1.625919e-08,9.333744e-09,2.371748e-08,1.307224e-08,102.44,93.34,9679.01,8818.96,50.05,44.88
4.41237,5,0.3346,0.027,0.023,5.350,5.857,0.9879,0.00952,270.21,53.34,0.5679505199999999,0.7212971603999999,2.25,1.628517e-08,9.343238e-09,2.375663e-08,1.309932e-08,102.33,93.45,9668.73,8829.86,49.99,44.95
4.41263,5,0.3346,0.027,0.023,5.350,5.857,0.9879,0.00952,270.21,53.34,0.56794948,0.7212958396,2.25,1.630665e-08,9.356966e-09,2.379635e-08,1.310478e-08,102.37,93.19,9672.14,8805.23,50.01,44.80
4.41287,5,0.3346,0.027,0.023,5.350,5.857,0.9879,0.00952,270.21,53.34,0.56794852,0.7212946203999999,2.25,1.634015e-08,9.374822e-09,2.384246e-08,1.312973e-08,102.33,93.18,9668.83,8804.57,49.99,44.79
4.41312,5,0.3347,0.027,0.023,5.349,5.857,0.9879,0.00952,270.21,53.34,0.5679475199999999,0.7212933503999999,2.25,1.637567e-08,9.387188e-09,2.387203e-08,1.313577e-08,102.16,93.05,9652.39,8791.94,49.89,44.72
4.41338,5,0.3347,0.027,0.023,5.349,5.857,0.9879,0.00952,270.21,53.34,0.5679464799999999,0.7212920295999999,2.25,1.639848e-08,9.394522e-09,2.390068e-08,1.314891e-08,102.01,93.01,9638.59,8788.04,49.81,44.69
4.41362,5,0.3347,0.027,0.023,5.349,5.857,0.9879,0.00952,270.21,53.34,0.56794552,0.7212908104,2.25,1.64431e-08,9.413636e-09,2.395093e-08,1.317273e-08,101.85,92.95,9623.15,8782.37,49.71,44.66
4.41387,5,0.3348,0.027,0.023,5.349,5.857,0.9879,0.00952,270.21,53.34,0.56794452,0.7212895403999999,2.25,1.647862e-08,9.431845e-09,2.399131e-08,1.318739e-08,101.83,92.86,9620.96,8773.84,49.70,44.61
4.41413,5,0.3348,0.027,0.023,5.349,5.857,0.9879,0.00952,270.21,53.34,0.56794348,0.7212882195999999,2.25,1.65281e-08,9.441275e-09,2.402567e-08,1.320803e-08,101.35,92.89,9576.15,8776.42,49.43,44.62
4.41437,5,0.3348,0.027,0.023,5.349,5.857,0.9879,0.00952,270.21,53.34,0.56794252,0.7212870004,2.25,1.655905e-08,9.459034e-09,2.405132e-08,1.32199e-08,101.35,92.85,9576.34,8773.13,49.43,44.60
4.41463,5,0.3349,0.027,0.023,5.349,5.857,0.9879,0.00952,270.21,53.34,0.56794148,0.7212856796,2.25,1.659132e-08,9.476974e-09,2.410248e-08,1.324104e-08,101.37,92.77,9578.03,8765.49,49.44,44.56
4.41488,5,0.3349,0.027,0.023,5.349,5.857,0.9879,0.00952,270.21,53.34,0.56794048,0.7212844096,2.25,1.664874e-08,9.501413e-09,2.414644e-08,1.324172e-08,101.16,92.41,9558.42,8731.15,49.32,44.35
4.41512,5,0.3349,0.027,0.023,5.349,5.857,0.9879,0.00952,270.21,53.34,0.5679395199999999,0.7212831903999999,2.25,1.668221e-08,9.52313e-09,2.414207e-08,1.325739e-08,101.23,92.69,9564.54,8757.58,49.36,44.51
4.41538,5,0.3350,0.027,0.023,5.349,5.857,0.9879,0.00952,270.21,53.34,0.5679384799999999,0.7212818695999998,2.25,1.674064e-08,9.535074e-09,2.420046e-08,1.327808e-08,100.73,92.54,9517.60,8743.58,49.08,44.43
4.41563,5,0.3350,0.027,0.023,5.349,5.857,0.9879,0.00952,270.21,53.34,0.56793748,0.7212805996,2.25,1.677333e-08,9.552866e-09,2.423767e-08,1.329387e-08,100.71,92.47,9515.68,8736.84,49.07,44.39
4.41587,5,0.3350,0.027,0.023,5.349,5.857,0.9879,0.00952,270.21,53.34,0.56793652,0.7212793804,2.25,1.682537e-08,9.585357e-09,2.426973e-08,1.329474e-08,100.78,92.21,9522.27,8712.59,49.11,44.24
4.41613,5,0.3351,0.027,0.023,5.349,5.857,0.9879,0.00952,270.21,53.34,0.5679354799999999,0.7212780595999999,2.25,1.686079e-08,9.598314e-09,2.429218e-08,1.331613e-08,100.63,92.38,9508.48,8728.36,49.02,44.33
4.41638,5,0.3351,0.027,0.023,5.349,5.857,0.9879,0.00952,270.21,53.34,0.5679344799999999,0.7212767895999999,2.25,1.691961e-08,9.62027e-09,2.432795e-08,1.332387e-08,100.36,92.20,9482.10,8711.19,48.87,44.23
4.41662,5,0.3351,0.027,0.023,5.349,5.857,0.9879,0.00952,270.21,53.34,0.56793352,0.7212755704,2.25,1.69663e-08,9.653053e-09,2.434568e-08,1.333068e-08,100.51,92.15,9496.32,8707.00,48.95,44.21
4.41688,5,0.3352,0.027,0.023,5.349,5.857,0.9879,0.00952,270.21,53.34,0.56793248,0.7212742496,2.25,1.702896e-08,9.677064e-09,2.438323e-08,1.333954e-08,100.26,92.00,9472.72,8692.75,48.81,44.12
4.41713,5,0.3352,0.027,0.023,5.349,5.857,0.9879,0.00952,270.21,53.34,0.5679314799999999,0.7212729795999999,2.25,1.707753e-08,9.707347e-09,2.440273e-08,1.334647e-08,100.32,91.94,9478.79,8687.38,48.85,44.09
4.41737,5,0.3352,0.027,0.023,5.349,5.857,0.9879,0.00952,270.21,53.34,0.56793052,0.7212717604,2.25,1.712732e-08,9.730627e-09,2.443446e-08,1.334692e-08,100.20,91.69,9467.47,8663.16,48.78,43.94
4.41763,5,0.3353,0.027,0.023,5.349,5.857,0.9879,0.00952,270.21,53.34,0.56792948,0.7212704396,2.25,1.718363e-08,9.764235e-09,2.444545e-08,1.336065e-08,100.27,91.83,9473.92,8676.80,48.82,44.02
4.41788,5,0.3353,0.027,0.023,5.349,5.857,0.9879,0.00952,270.21,53.34,0.56792848,0.7212691696,2.25,1.724362e-08,9.783639e-09,2.448105e-08,1.336655e-08,99.92,91.63,9441.10,8657.44,48.62,43.91
4.41812,5,0.3353,0.027,0.023,5.349,5.857,0.9879,0.00952,270.21,53.34,0.5679275199999999,0.7212679503999999,2.25,1.728967e-08,9.814919e-09,2.448393e-08,1.337383e-08,100.04,91.71,9452.57,8665.58,48.69,43.96
4.41838,5,0.3354,0.027,0.023,5.348,5.857,0.9879,0.00952,270.21,53.34,0.56792648,0.7212666296,2.25,1.73556e-08,9.840003e-09,2.448013e-08,1.337484e-08,99.78,91.79,9428.04,8672.58,48.54,44.00
4.41862,5,0.3354,0.027,0.023,5.348,5.857,0.9879,0.00952,270.21,53.34,0.56792552,0.7212654103999999,2.25,1.740326e-08,9.869352e-09,2.451272e-08,1.337515e-08,99.84,91.52,9433.17,8647.64,48.57,43.85
4.41887,5,0.3354,0.027,0.023,5.348,5.857,0.9879,0.00952,270.21,53.34,0.5679245199999999,0.7212641404,2.25,1.746124e-08,9.902983e-09,2.452878e-08,1.338295e-08,99.86,91.51,9434.83,8646.27,48.58,43.84
4.41913,5,0.3354,0.027,0.023,5.348,5.857,0.9879,0.00952,270.21,53.34,0.5679234799999999,0.7212628195999999,2.25,1.752585e-08,9.932812e-09,2.453349e-08,1.338475e-08,99.70,91.50,9419.90,8645.18,48.49,43.83
4.41937,5,0.3355,0.027,0.023,5.348,5.857,0.9879,0.00952,270.21,53.34,0.56792252,0.7212616004,2.25,1.758401e-08,9.969853e-09,2.453961e-08,1.338482e-08,99.82,91.48,9431.61,8643.11,48.56,43.82
4.41962,5,0.3355,0.027,0.023,5.348,5.857,0.9879,0.00952,270.21,53.34,0.56792152,0.7212603303999999,2.25,1.765152e-08,9.994633e-09,2.457153e-08,1.338536e-08,99.51,91.22,9402.29,8619.21,48.38,43.68
4.41988,5,0.3355,0.027,0.023,5.348,5.857,0.9879,0.00952,270.21,53.34,0.56792048,0.7212590096,2.25,1.769778e-08,1.002719e-08,2.458422e-08,1.339401e-08,99.66,91.25,9416.07,8621.67,48.47,43.69
4.42012,5,0.3356,0.027,0.023,5.348,5.857,0.9879,0.00952,270.21,53.34,0.56791952,0.7212577904,2.25,1.776192e-08,1.006041e-08,2.460783e-08,1.339545e-08,99.62,91.11,9412.14,8608.11,48.44,43.61
4.42037,5,0.3356,0.027,0.023,5.348,5.857,0.9879,0.00952,270.21,53.34,0.56791852,0.7212565204,2.25,1.781781e-08,1.009577e-08,2.462167e-08,1.339049e-08,99.70,90.92,9420.11,8590.52,48.49,43.50
4.42063,5,0.3356,0.027,0.023,5.348,5.857,0.9879,0.00952,270.21,53.34,0.56791748,0.7212551996,2.25,1.788403e-08,1.012313e-08,2.463227e-08,1.340131e-08,99.47,90.99,9398.34,8597.63,48.36,43.55
4.42087,5,0.3357,0.027,0.023,5.348,5.857,0.9879,0.00952,270.21,53.34,0.5679165199999999,0.7212539803999999,2.25,1.792663e-08,1.015675e-08,2.465717e-08,1.339966e-08,99.71,90.80,9421.46,8578.85,48.50,43.43
4.42112,5,0.3357,0.027,0.023,5.348,5.857,0.9879,0.00952,270.21,53.34,0.56791552,0.7212527104,2.25,1.800565e-08,1.018965e-08,2.467102e-08,1.341181e-08,99.45,90.86,9396.21,8585.34,48.35,43.47
4.42138,5,0.3357,0.027,0.023,5.348,5.857,0.9879,0.00952,270.21,53.34,0.56791448,0.7212513896,2.25,1.806638e-08,1.021838e-08,2.469746e-08,1.341355e-08,99.32,90.68,9384.28,8567.65,48.28,43.37
4.42162,5,0.3358,0.027,0.023,5.348,5.857,0.9879,0.00952,270.21,53.34,0.56791352,0.7212501704,2.25,1.813432e-08,1.025149e-08,2.472169e-08,1.342415e-08,99.23,90.67,9375.88,8566.63,48.22,43.36
4.42188,5,0.3358,0.027,0.023,5.348,5.857,0.9879,0.00952,270.22,53.34,0.5679124799999999,0.7212488495999999,2.25,1.818243e-08,1.0285e-08,2.474442e-08,1.343209e-08,99.37,90.60,9389.14,8560.49,48.30,43.32
4.42213,5,0.3358,0.027,0.023,5.348,5.857,0.9879,0.00952,270.22,53.34,0.5679114799999999,0.7212475795999999,2.25,1.823586e-08,1.031192e-08,2.479685e-08,1.344307e-08,99.30,90.34,9382.22,8536.21,48.26,43.18
4.42237,5,0.3359,0.027,0.023,5.348,5.857,0.9879,0.00952,270.22,53.34,0.56791052,0.7212463604,2.25,1.829433e-08,1.034882e-08,2.480793e-08,1.345625e-08,99.41,90.48,9393.03,8548.71,48.33,43.25
4.42263,5,0.3359,0.027,0.023,5.348,5.857,0.9879,0.00952,270.22,53.34,0.56790948,0.7212450396,2.25,1.834814e-08,1.038737e-08,2.48229e-08,1.346779e-08,99.59,90.53,9409.94,8553.45,48.43,43.28
4.42288,5,0.3359,0.027,0.023,5.348,5.857,0.9879,0.00952,270.22,53.34,0.5679084799999999,0.7212437695999999,2.25,1.842306e-08,1.041636e-08,2.488193e-08,1.349204e-08,99.30,90.41,9382.07,8542.69,48.26,43.22
4.42312,5,0.3360,0.027,0.023,5.348,5.857,0.9879,0.00952,270.22,53.34,0.56790752,0.7212425504,2.25,1.847059e-08,1.044171e-08,2.491011e-08,1.350881e-08,99.29,90.46,9381.72,8547.29,48.26,43.24
4.42338,5,0.3360,0.026,0.023,5.348,5.857,0.9879,0.00952,270.22,53.34,0.56790648,0.7212412296,2.25,1.853966e-08,1.047515e-08,2.496854e-08,1.35168e-08,99.17,90.12,9370.06,8514.56,48.19,43.05
4.42363,5,0.3360,0.026,0.023,5.348,5.857,0.9879,0.00952,270.22,53.34,0.56790548,0.7212399596,2.25,1.85927e-08,1.050295e-08,2.500712e-08,1.35368e-08,99.12,90.10,9365.61,8513.35,48.16,43.04
4.42387,5,0.3361,0.026,0.023,5.347,5.857,0.9879,0.00952,270.22,53.34,0.5679045199999999,0.7212387403999999,2.25,1.86602e-08,1.054422e-08,2.505266e-08,1.356072e-08,99.22,90.12,9374.82,8514.88,48.22,43.05
4.42413,5,0.3361,0.026,0.023,5.347,5.857,0.9879,0.00952,270.22,53.34,0.56790348,0.7212374196,2.25,1.87289e-08,1.058034e-08,2.511925e-08,1.357593e-08,99.16,89.82,9369.32,8486.49,48.18,42.88
4.42438,5,0.3361,0.026,0.023,5.347,5.857,0.9879,0.00952,270.22,53.34,0.56790248,0.7212361496,2.25,1.877888e-08,1.061148e-08,2.517075e-08,1.36026e-08,99.22,89.80,9375.22,8484.91,48.22,42.87
4.42462,5,0.3362,0.026,0.023,5.347,5.857,0.9879,0.00952,270.22,53.34,0.5679015199999999,0.7212349304,2.25,1.885075e-08,1.063813e-08,2.522318e-08,1.363084e-08,98.96,89.83,9349.79,8487.31,48.07,42.88
4.42488,5,0.3362,0.026,0.023,5.347,5.857,0.9879,0.00952,270.22,53.34,0.5679004799999999,0.7212336095999999,2.25,1.889898e-08,1.067309e-08,2.529409e-08,1.366043e-08,99.12,89.70,9365.39,8475.52,48.16,42.81
4.42513,5,0.3362,0.026,0.023,5.347,5.857,0.9879,0.00952,270.22,53.34,0.56789948,0.7212323396,2.25,1.896756e-08,1.070282e-08,2.53641e-08,1.368539e-08,98.93,89.52,9347.33,8458.25,48.05,42.71
4.42537,5,0.3363,0.026,0.023,5.347,5.857,0.9879,0.00952,270.22,53.34,0.56789852,0.7212311203999999,2.25,1.90334e-08,1.073312e-08,2.542549e-08,1.372501e-08,98.81,89.64,9336.43,8469.48,47.99,42.78
4.42563,5,0.3363,0.026,0.023,5.347,5.857,0.9879,0.00952,270.22,53.34,0.56789748,0.7212297996,2.25,1.909404e-08,1.077207e-08,2.551023e-08,1.375457e-08,98.91,89.41,9345.89,8447.88,48.04,42.65
4.42587,5,0.3363,0.026,0.023,5.347,5.857,0.9879,0.00952,270.22,53.34,0.5678965199999999,0.7212285803999999,2.25,1.914928e-08,1.080514e-08,2.55538e-08,1.379247e-08,98.95,89.61,9349.67,8467.07,48.07,42.76
4.42612,5,0.3364,0.026,0.023,5.347,5.857,0.9879,0.00952,270.22,53.34,0.56789552,0.7212273104,2.25,1.921088e-08,1.083109e-08,2.563857e-08,1.382106e-08,98.80,89.40,9335.03,8446.80,47.98,42.64
4.42638,5,0.3364,0.026,0.023,5.347,5.857,0.9879,0.00952,270.22,53.34,0.56789448,0.7212259896,2.25,1.92738e-08,1.087097e-08,2.571085e-08,1.38489e-08,98.89,89.24,9343.71,8432.10,48.03,42.55
4.42662,5,0.3364,0.026,0.023,5.347,5.857,0.9879,0.00952,270.22,53.34,0.5678935199999999,0.7212247703999999,2.25,1.934123e-08,1.089776e-08,2.57907e-08,1.389937e-08,98.66,89.35,9321.65,8441.92,47.90,42.61
4.42687,5,0.3365,0.026,0.023,5.347,5.857,0.9879,0.00952,270.22,53.34,0.56789252,0.7212235004,2.25,1.940464e-08,1.092478e-08,2.588314e-08,1.39329e-08,98.51,89.15,9307.43,8423.08,47.81,42.50
4.42713,5,0.3365,0.026,0.023,5.347,5.857,0.9879,0.00952,270.22,53.34,0.56789148,0.7212221796,2.25,1.946671e-08,1.095837e-08,2.597021e-08,1.396963e-08,98.48,89.01,9304.80,8409.85,47.80,42.42
4.42737,5,0.3365,0.026,0.023,5.347,5.857,0.9879,0.00952,270.22,53.34,0.56789052,0.7212209603999999,2.25,1.953815e-08,1.098991e-08,2.603814e-08,1.400078e-08,98.30,88.93,9288.02,8402.85,47.69,42.37
4.42762,5,0.3366,0.026,0.023,5.347,5.857,0.9879,0.00952,270.22,53.34,0.5678895199999999,0.7212196903999999,2.25,1.959485e-08,1.102314e-08,2.613036e-08,1.404066e-08,98.36,88.83,9293.36,8392.80,47.73,42.31
4.42788,5,0.3366,0.026,0.023,5.347,5.857,0.9879,0.00952,270.22,53.34,0.5678884799999999,0.7212183695999999,2.25,1.966021e-08,1.105219e-08,2.620743e-08,1.407906e-08,98.20,88.79,9278.55,8388.92,47.64,42.29
4.42812,5,0.3366,0.026,0.023,5.347,5.857,0.9879,0.00952,270.22,53.34,0.56788752,0.7212171504,2.25,1.972436e-08,1.108651e-08,2.62977e-08,1.411397e-08,98.17,88.60,9275.22,8371.51,47.62,42.19
4.42837,5,0.3366,0.026,0.023,5.347,5.857,0.9879,0.00952,270.22,53.34,0.56788652,0.7212158804,2.25,1.97949e-08,1.111854e-08,2.638069e-08,1.415036e-08,98.01,88.49,9260.73,8361.11,47.53,42.12
4.42863,5,0.3367,0.026,0.023,5.347,5.857,0.9879,0.00952,270.22,53.34,0.5678854799999999,0.7212145595999999,2.25,1.98511e-08,1.114632e-08,2.645452e-08,1.419163e-08,97.97,88.54,9256.30,8365.72,47.50,42.15
4.42887,5,0.3367,0.026,0.023,5.347,5.857,0.9879,0.00952,270.22,53.34,0.56788452,0.7212133404000001,2.25,1.993249e-08,1.117869e-08,2.65597e-08,1.422791e-08,97.70,88.27,9231.20,8340.25,47.35,42.00
4.42912,5,0.3367,0.026,0.023,5.347,5.857,0.9879,0.00952,270.22,53.34,0.56788352,0.7212120704,2.25,1.998593e-08,1.121126e-08,2.661567e-08,1.426474e-08,97.75,88.36,9236.08,8348.88,47.38,42.05
4.42938,5,0.3368,0.026,0.023,5.346,5.857,0.9879,0.00952,270.22,53.34,0.56788248,0.7212107496,2.25,2.004831e-08,1.124395e-08,2.670235e-08,1.430482e-08,97.74,88.30,9234.51,8343.34,47.37,42.02
4.42962,5,0.3368,0.026,0.023,5.346,5.857,0.9879,0.00952,270.22,53.34,0.5678815199999999,0.7212095303999999,2.25,2.011778e-08,1.127505e-08,2.679687e-08,1.432589e-08,97.58,87.91,9219.87,8306.42,47.28,41.79
4.42988,5,0.3368,0.026,0.023,5.346,5.857,0.9879,0.00952,270.22,53.34,0.5678804799999999,0.7212082095999999,2.25,2.018526e-08,1.13e-08,2.686256e-08,1.436466e-08,97.33,87.96,9196.05,8310.96,47.14,41.82
4.43013,5,0.3369,0.026,0.023,5.346,5.857,0.9879,0.00952,270.22,53.34,0.56787948,0.7212069396,2.25,2.024564e-08,1.133481e-08,2.693459e-08,1.440789e-08,97.38,88.05,9200.64,8319.27,47.17,41.87
4.43037,5,0.3369,0.026,0.023,5.346,5.857,0.9879,0.00952,270.22,53.34,0.5678785199999999,0.7212057204,2.25,2.032106e-08,1.1367e-08,2.700535e-08,1.443152e-08,97.18,87.86,9182.22,8301.68,47.06,41.77
4.43063,5,0.3369,0.026,0.023,5.346,5.857,0.9879,0.00952,270.22,53.34,0.5678774799999999,0.7212043995999999,2.25,2.038528e-08,1.138561e-08,2.705593e-08,1.44543e-08,96.85,87.81,9150.64,8296.45,46.87,41.73
4.43088,5,0.3370,0.026,0.023,5.346,5.857,0.9879,0.00952,270.22,53.34,0.5678764799999999,0.7212031295999999,2.25,2.044696e-08,1.142256e-08,2.713924e-08,1.449112e-08,96.92,87.73,9157.90,8289.47,46.91,41.69
4.43112,5,0.3370,0.026,0.023,5.346,5.857,0.9879,0.00952,270.22,53.34,0.56787552,0.7212019103999999,2.25,2.050244e-08,1.144872e-08,2.718824e-08,1.45138e-08,96.83,87.69,9149.14,8285.20,46.86,41.67
4.43138,5,0.3370,0.026,0.023,5.346,5.857,0.9879,0.00952,270.22,53.34,0.56787448,0.7212005896,2.25,2.056139e-08,1.147181e-08,2.724549e-08,1.454612e-08,96.64,87.71,9131.43,8287.35,46.75,41.68
4.43163,5,0.3371,0.026,0.023,5.346,5.857,0.9879,0.00952,270.22,53.34,0.5678734799999999,0.7211993195999999,2.25,2.062994e-08,1.150609e-08,2.730653e-08,1.457229e-08,96.60,87.65,9127.02,8281.98,46.73,41.65
4.43187,5,0.3371,0.026,0.023,5.346,5.857,0.9879,0.00952,270.22,53.34,0.56787252,0.7211981004,2.25,2.067808e-08,1.152921e-08,2.738997e-08,1.457782e-08,96.53,87.15,9120.35,8234.74,46.69,41.36
4.43213,5,0.3371,0.026,0.023,5.346,5.857,0.9879,0.00952,270.22,53.34,0.56787148,0.7211967796,2.25,2.074313e-08,1.155518e-08,2.742586e-08,1.460921e-08,96.33,87.31,9102.01,8249.58,46.57,41.45
4.43238,5,0.3372,0.026,0.023,5.346,5.857,0.9879,0.00952,270.22,53.34,0.56787048,0.7211955096,2.25,2.080217e-08,1.158125e-08,2.747934e-08,1.463098e-08,96.23,87.25,9092.63,8243.92,46.52,41.42
4.43262,5,0.3372,0.026,0.023,5.346,5.857,0.9879,0.00952,270.22,53.34,0.5678695199999999,0.7211942903999999,2.25,2.085512e-08,1.160267e-08,2.753869e-08,1.463764e-08,96.08,86.93,9078.40,8213.99,46.43,41.24
4.43288,5,0.3372,0.026,0.023,5.346,5.857,0.9879,0.00952,270.22,53.34,0.56786848,0.7211929696,2.25,2.090865e-08,1.16326e-08,2.757643e-08,1.466152e-08,96.09,86.98,9078.66,8218.56,46.43,41.26
4.43313,5,0.3373,0.026,0.023,5.346,5.857,0.9879,0.00952,270.22,53.34,0.56786748,0.7211916996,2.25,2.095346e-08,1.16523e-08,2.759627e-08,1.467481e-08,96.02,87.04,9072.18,8224.28,46.40,41.30
4.43337,5,0.3373,0.026,0.023,5.346,5.857,0.9879,0.00952,270.22,53.34,0.5678665199999999,0.7211904803999999,2.25,2.100779e-08,1.167889e-08,2.762874e-08,1.469068e-08,95.95,87.03,9065.84,8222.61,46.36,41.29
4.43363,5,0.3373,0.026,0.023,5.346,5.857,0.9879,0.00952,270.22,53.34,0.5678654799999999,0.7211891596,2.25,2.107604e-08,1.169205e-08,2.766592e-08,1.470372e-08,95.49,86.94,9022.78,8214.58,46.10,41.24
4.43387,5,0.3374,0.026,0.023,5.346,5.857,0.9879,0.00952,270.22,53.34,0.56786452,0.7211879404,2.25,2.111455e-08,1.171674e-08,2.768975e-08,1.471271e-08,95.58,86.92,9031.21,8212.64,46.15,41.23
4.43412,5,0.3374,0.026,0.023,5.346,5.857,0.9879,0.00952,270.22,53.34,0.56786352,0.7211866704,2.25,2.114523e-08,1.173014e-08,2.774051e-08,1.472149e-08,95.52,86.69,9024.94,8191.04,46.11,41.10
4.43438,5,0.3374,0.026,0.023,5.346,5.857,0.9879,0.00952,270.22,53.34,0.56786248,0.7211853495999999,2.25,2.120453e-08,1.174975e-08,2.775172e-08,1.472279e-08,95.28,86.63,9002.08,8185.54,45.97,41.07
4.43462,5,0.3375,0.026,0.023,5.345,5.857,0.9879,0.00952,270.22,53.34,0.56786152,0.7211841304000001,2.25,2.123884e-08,1.176931e-08,2.779229e-08,1.474137e-08,95.31,86.62,9005.69,8184.48,45.99,41.06
4.43487,5,0.3375,0.026,0.023,5.345,5.857,0.9879,0.00952,270.22,53.34,0.56786052,0.7211828604,2.25,2.127404e-08,1.178687e-08,2.782958e-08,1.474781e-08,95.28,86.46,9002.36,8168.75,45.97,40.96
4.43513,5,0.3375,0.026,0.023,5.345,5.857,0.9879,0.00952,270.22,53.34,0.56785948,0.7211815396,2.25,2.134561e-08,1.18035e-08,2.784686e-08,1.474429e-08,94.86,86.30,8963.15,8153.83,45.74,40.87
4.43537,5,0.3376,0.026,0.023,5.345,5.857,0.9879,0.00952,270.22,53.34,0.5678585199999999,0.7211803203999999,2.25,2.137216e-08,1.181183e-08,2.785747e-08,1.474466e-08,94.78,86.26,8955.04,8150.08,45.69,40.85
4.43562,5,0.3376,0.026,0.023,5.345,5.857,0.9879,0.00952,270.22,53.34,0.56785752,0.7211790504,2.25,2.140595e-08,1.184014e-08,2.78698e-08,1.476348e-08,94.95,86.41,8971.36,8164.53,45.79,40.94
4.43588,5,0.3376,0.026,0.023,5.345,5.857,0.9879,0.00952,270.22,53.34,0.56785648,0.7211777296,2.25,2.143824e-08,1.184884e-08,2.789044e-08,1.475843e-08,94.79,86.21,8955.86,8145.77,45.69,40.83
4.43612,5,0.3377,0.026,0.023,5.345,5.857,0.9879,0.00952,270.22,53.34,0.56785552,0.7211765104,2.25,2.148572e-08,1.186656e-08,2.791847e-08,1.47639e-08,94.66,86.12,8944.16,8137.22,45.62,40.77
4.43637,5,0.3377,0.026,0.023,5.345,5.857,0.9879,0.00952,270.22,53.34,0.5678545199999999,0.7211752403999999,2.25,2.152479e-08,1.187494e-08,2.793769e-08,1.477432e-08,94.43,86.13,8922.01,8137.52,45.49,40.78
4.43663,5,0.3377,0.026,0.023,5.345,5.857,0.9879,0.00952,270.22,53.34,0.5678534799999999,0.7211739195999999,2.25,2.154315e-08,1.188977e-08,2.794668e-08,1.477055e-08,94.51,86.02,8929.88,8127.57,45.54,40.72
4.43687,5,0.3378,0.026,0.023,5.345,5.857,0.9879,0.00952,270.22,53.34,0.56785252,0.7211727003999999,2.25,2.159161e-08,1.190191e-08,2.794646e-08,1.478059e-08,94.28,86.17,8908.13,8141.84,45.41,40.80
4.43712,5,0.3378,0.026,0.023,5.345,5.857,0.9879,0.00952,270.22,53.34,0.5678515199999999,0.7211714304,2.25,2.161365e-08,1.190778e-08,2.799379e-08,1.479016e-08,94.17,85.98,8897.68,8123.81,45.34,40.69
4.43738,5,0.3378,0.026,0.023,5.345,5.857,0.9879,0.00952,270.22,53.34,0.5678504799999999,0.7211701095999999,2.25,2.164405e-08,1.191952e-08,2.798998e-08,1.478651e-08,94.08,85.96,8889.36,8121.91,45.29,40.68
4.43762,5,0.3378,0.026,0.023,5.345,5.857,0.9879,0.00952,270.22,53.34,0.56784952,0.7211688904,2.25,2.167269e-08,1.194668e-08,2.801578e-08,1.478487e-08,94.28,85.77,8908.26,8104.16,45.41,40.58
4.43788,5,0.3379,0.026,0.023,5.345,5.857,0.9879,0.00952,270.22,53.34,0.56784848,0.7211675696,2.25,2.170647e-08,1.194728e-08,2.802877e-08,1.479866e-08,93.99,85.88,8881.05,8114.61,45.24,40.64
4.43813,5,0.3379,0.026,0.023,5.345,5.857,0.9879,0.00952,270.22,53.34,0.56784748,0.7211662996,2.25,2.173291e-08,1.196726e-08,2.805123e-08,1.480284e-08,94.09,85.79,8890.01,8105.70,45.30,40.58
4.43837,5,0.3379,0.026,0.023,5.345,5.857,0.9879,0.00952,270.22,53.34,0.5678465199999999,0.7211650803999999,2.25,2.175674e-08,1.196682e-08,2.805762e-08,1.48047e-08,93.85,85.77,8867.65,8103.95,45.16,40.57
4.43863,5,0.3380,0.026,0.023,5.345,5.857,0.9879,0.00952,270.22,53.34,0.56784548,0.7211637596,2.25,2.180188e-08,1.199101e-08,2.810254e-08,1.480958e-08,93.87,85.56,8869.22,8084.60,45.17,40.46
4.43888,5,0.3380,0.026,0.023,5.345,5.857,0.9879,0.00952,270.22,53.34,0.56784448,0.7211624896,2.25,2.18166e-08,1.200375e-08,2.809166e-08,1.480998e-08,93.95,85.64,8876.86,8091.68,45.22,40.50
4.43912,5,0.3380,0.026,0.023,5.345,5.857,0.9879,0.00952,270.22,53.34,0.5678435199999999,0.7211612703999999,2.25,2.184805e-08,1.201137e-08,2.811485e-08,1.481801e-08,93.78,85.59,8860.97,8086.84,45.12,40.47
4.43938,5,0.3381,0.026,0.023,5.344,5.857,0.9879,0.00952,270.22,53.34,0.5678424799999999,0.7211599496,2.25,2.188241e-08,1.202059e-08,2.815409e-08,1.483225e-08,93.64,85.54,8847.78,8081.81,45.04,40.44
4.43963,5,0.3381,0.026,0.023,5.344,5.857,0.9879,0.00952,270.22,53.34,0.56784148,0.7211586796,2.25,2.189892e-08,1.203439e-08,2.817123e-08,1.483631e-08,93.72,85.47,8855.51,8076.09,45.09,40.41
4.43987,5,0.3381,0.026,0.023,5.344,5.857,0.9879,0.00952,270.22,53.34,0.56784052,0.7211574604,2.25,2.193758e-08,1.205398e-08,2.817205e-08,1.483975e-08,93.70,85.51,8852.81,8079.55,45.07,40.43
4.44013,5,0.3382,0.026,0.023,5.344,5.857,0.9879,0.00952,270.22,53.34,0.56783948,0.7211561395999999,2.25,2.194795e-08,1.205587e-08,2.821313e-08,1.48566e-08,93.66,85.48,8849.22,8076.44,45.05,40.41
4.44038,5,0.3382,0.026,0.023,5.344,5.857,0.9879,0.00952,270.22,53.34,0.5678384799999999,0.7211548695999999,2.25,2.200566e-08,1.206447e-08,2.823382e-08,1.486313e-08,93.26,85.43,8811.79,8071.43,44.83,40.38
4.44062,5,0.3382,0.026,0.023,5.344,5.857,0.9879,0.00952,270.22,53.34,0.56783752,0.7211536504,2.25,2.20164e-08,1.206989e-08,2.823948e-08,1.488267e-08,93.25,85.63,8811.03,8090.44,44.82,40.49
4.44088,5,0.3383,0.026,0.023,5.344,5.857,0.9879,0.00952,270.22,53.34,0.56783648,0.7211523296,2.25,2.205808e-08,1.207824e-08,2.825503e-08,1.487552e-08,93.03,85.47,8790.28,8075.22,44.70,40.40
4.44113,5,0.3383,0.026,0.023,5.344,5.857,0.9879,0.00952,270.22,53.34,0.56783548,0.7211510595999999,2.25,2.208061e-08,1.21063e-08,2.829473e-08,1.488523e-08,93.30,85.33,8815.59,8062.42,44.85,40.32
4.44137,5,0.3383,0.026,0.023,5.344,5.857,0.9879,0.00952,270.22,53.34,0.56783452,0.7211498404000001,2.25,2.210809e-08,1.211458e-08,2.829023e-08,1.489182e-08,93.19,85.44,8804.67,8072.67,44.78,40.39
4.44163,5,0.3384,0.026,0.023,5.344,5.857,0.9879,0.00952,270.22,53.34,0.56783348,0.7211485196,2.25,2.214712e-08,1.212065e-08,2.831832e-08,1.491173e-08,92.95,85.53,8782.72,8080.92,44.65,40.43
4.44187,5,0.3384,0.026,0.023,5.344,5.857,0.9879,0.00952,270.22,53.34,0.56783252,0.7211473004,2.25,2.217363e-08,1.21424e-08,2.832098e-08,1.491915e-08,93.08,85.60,8794.30,8087.81,44.72,40.48
4.44212,5,0.3384,0.026,0.023,5.344,5.857,0.9879,0.00952,270.22,53.34,0.5678315199999999,0.7211460303999999,2.25,2.22064e-08,1.21546e-08,2.834901e-08,1.491845e-08,92.98,85.41,8785.12,8070.13,44.67,40.37
4.44238,5,0.3385,0.026,0.023,5.344,5.857,0.9879,0.00952,270.22,53.34,0.5678304799999999,0.7211447095999999,2.25,2.224586e-08,1.216462e-08,2.834797e-08,1.492359e-08,92.81,85.51,8769.28,8079.01,44.57,40.42
4.44262,5,0.3385,0.026,0.023,5.344,5.857,0.9879,0.00952,270.22,53.34,0.56782952,0.7211434904,2.25,2.228696e-08,1.217974e-08,2.838868e-08,1.493237e-08,92.69,85.35,8757.61,8064.59,44.50,40.34
4.44287,5,0.3385,0.026,0.023,5.344,5.857,0.9879,0.00952,270.22,53.34,0.56782852,0.7211422204,2.25,2.232285e-08,1.219166e-08,2.840114e-08,1.493902e-08,92.56,85.35,8745.44,8064.70,44.43,40.34
4.44313,5,0.3386,0.026,0.023,5.344,5.857,0.9879,0.00952,270.22,53.34,0.5678274799999999,0.7211408995999999,2.25,2.234759e-08,1.221393e-08,2.839935e-08,1.493861e-08,92.73,85.39,8761.87,8067.68,44.53,40.35
4.44337,5,0.3386,0.026,0.023,5.344,5.857,0.9879,0.00952,270.22,53.34,0.56782652,0.7211396804,2.25,2.236946e-08,1.222486e-08,2.839717e-08,1.493773e-08,92.72,85.39,8760.25,8067.99,44.52,40.36
4.44362,5,0.3386,0.026,0.023,5.344,5.857,0.9879,0.00952,270.22,53.34,0.56782552,0.7211384103999999,2.25,2.242827e-08,1.224156e-08,2.83933e-08,1.492959e-08,92.46,85.32,8735.96,8061.03,44.37,40.31
4.44388,5,0.3387,0.026,0.023,5.344,5.857,0.9879,0.00952,270.22,53.34,0.56782448,0.7211370896,2.25,2.245927e-08,1.225645e-08,2.840127e-08,1.491942e-08,92.45,85.17,8735.35,8047.08,44.37,40.23
4.44412,5,0.3387,0.026,0.023,5.344,5.857,0.9879,0.00952,270.22,53.34,0.5678235199999999,0.7211358703999999,2.25,2.249591e-08,1.227522e-08,2.840668e-08,1.49347e-08,92.43,85.32,8733.43,8061.22,44.36,40.32
4.44437,5,0.3387,0.026,0.023,5.344,5.857,0.9879,0.00952,270.22,53.34,0.56782252,0.7211346004,2.25,2.253273e-08,1.229685e-08,2.838593e-08,1.492331e-08,92.46,85.31,8735.84,8060.67,44.37,40.31
4.44463,5,0.3388,0.026,0.023,5.343,5.857,0.9879,0.00952,270.22,53.34,0.56782148,0.7211332796,2.25,2.257059e-08,1.230541e-08,2.836949e-08,1.491356e-08,92.28,85.32,8719.54,8061.79,44.27,40.32
4.44487,5,0.3388,0.026,0.023,5.343,5.857,0.9879,0.00952,270.22,53.34,0.5678205199999999,0.7211320603999999,2.25,2.262411e-08,1.232042e-08,2.835018e-08,1.490202e-08,92.05,85.31,8697.55,8060.21,44.14,40.31
4.44512,5,0.3388,0.026,0.023,5.343,5.857,0.9879,0.00952,270.22,53.34,0.5678195199999999,0.7211307903999999,2.25,2.263748e-08,1.232431e-08,2.835177e-08,1.488395e-08,92.00,85.08,8692.29,8038.68,44.11,40.18
4.44538,5,0.3389,0.026,0.023,5.343,5.857,0.9879,0.00952,270.22,53.34,0.5678184799999999,0.7211294695999999,2.25,2.267556e-08,1.23534e-08,2.832537e-08,1.487841e-08,92.16,85.20,8707.79,8050.53,44.20,40.25
4.44562,5,0.3389,0.026,0.023,5.343,5.857,0.9879,0.00952,270.22,53.34,0.56781752,0.7211282504,2.25,2.27188e-08,1.236827e-08,2.829344e-08,1.486275e-08,92.02,85.22,8694.38,8051.80,44.12,40.26
4.44588,5,0.3389,0.026,0.023,5.343,5.857,0.9879,0.00952,270.22,53.34,0.56781648,0.7211269295999999,2.25,2.276049e-08,1.238595e-08,2.827477e-08,1.485249e-08,91.94,85.21,8686.66,8051.28,44.07,40.25
4.44613,5,0.3390,0.026,0.023,5.343,5.857,0.9879,0.00952,270.22,53.34,0.5678154799999999,0.7211256596,2.25,2.278926e-08,1.238808e-08,2.824825e-08,1.483703e-08,91.74,85.22,8668.45,8051.91,43.96,40.26
4.44637,5,0.3390,0.026,0.023,5.343,5.857,0.9879,0.00952,270.22,53.34,0.56781452,0.7211244404,2.25,2.284015e-08,1.240823e-08,2.821448e-08,1.481382e-08,91.62,85.15,8656.97,8045.65,43.89,40.22
4.44663,5,0.3390,0.026,0.023,5.343,5.857,0.9879,0.00952,270.22,53.34,0.56781348,0.7211231196,2.25,2.287387e-08,1.242312e-08,2.818786e-08,1.479746e-08,91.57,85.12,8651.74,8042.92,43.86,40.20
4.44688,5,0.3390,0.026,0.023,5.343,5.857,0.9879,0.00952,270.22,53.34,0.56781248,0.7211218495999999,2.25,2.288791e-08,1.245373e-08,2.811521e-08,1.478328e-08,91.94,85.42,8686.83,8070.46,44.07,40.37
4.44712,5,0.3391,0.026,0.023,5.343,5.857,0.9879,0.00952,270.22,53.34,0.56781152,0.7211206304000001,2.25,2.294097e-08,1.245406e-08,2.810179e-08,1.475813e-08,91.51,85.22,8645.93,8052.02,43.83,40.26
4.44738,5,0.3391,0.026,0.023,5.343,5.857,0.9879,0.00952,270.22,53.34,0.56781048,0.7211193096,2.25,2.29659e-08,1.247888e-08,2.804457e-08,1.472734e-08,91.69,85.21,8663.07,8051.17,43.93,40.25
4.44763,5,0.3391,0.026,0.023,5.343,5.857,0.9879,0.00952,270.22,53.34,0.56780948,0.7211180396,2.25,2.301167e-08,1.247861e-08,2.800316e-08,1.470402e-08,91.28,85.19,8625.02,8049.35,43.70,40.24
4.44787,5,0.3392,0.026,0.023,5.343,5.857,0.9879,0.00952,270.22,53.34,0.5678085199999999,0.7211168203999999,2.25,2.303291e-08,1.24969e-08,2.795596e-08,1.467834e-08,91.42,85.21,8637.79,8050.69,43.78,40.25
4.44813,5,0.3392,0.026,0.023,5.343,5.857,0.9879,0.00952,270.22,53.34,0.5678074799999999,0.7211154995999999,2.25,2.307094e-08,1.250543e-08,2.790837e-08,1.465541e-08,91.23,85.23,8619.55,8053.07,43.67,40.26
4.44838,5,0.3392,0.026,0.023,5.343,5.857,0.9879,0.00952,270.22,53.34,0.56780648,0.7211142296,2.25,2.309879e-08,1.252189e-08,2.785991e-08,1.462546e-08,91.25,85.18,8621.60,8047.85,43.68,40.23
4.44862,5,0.3393,0.026,0.023,5.343,5.857,0.9879,0.00952,270.22,53.34,0.56780552,0.7211130104,2.25,2.313199e-08,1.25293e-08,2.780553e-08,1.459468e-08,91.11,85.17,8608.26,8047.63,43.60,40.23
4.44888,5,0.3393,0.026,0.023,5.343,5.857,0.9879,0.00953,270.22,53.34,0.56780448,0.7211116895999999,2.25,2.314428e-08,1.25458e-08,2.7745e-08,1.456789e-08,91.26,85.24,8623.02,8053.43,43.69,40.27
4.44913,5,0.3393,0.026,0.023,5.343,5.857,0.9879,0.00953,270.22,53.34,0.5678034799999999,0.7211104195999999,2.25,2.31866e-08,1.255809e-08,2.771828e-08,1.454224e-08,91.09,85.09,8607.08,8039.90,43.59,40.19
4.44937,5,0.3394,0.026,0.023,5.343,5.857,0.9879,0.00953,270.22,53.34,0.56780252,0.7211092003999999,2.25,2.320254e-08,1.256288e-08,2.764691e-08,1.450712e-08,91.06,85.15,8603.87,8044.98,43.57,40.22
4.44963,5,0.3394,0.026,0.023,5.343,5.857,0.9879,0.00953,270.22,53.34,0.56780148,0.7211078796,2.25,2.322906e-08,1.256563e-08,2.758784e-08,1.44874e-08,90.88,85.29,8586.57,8058.18,43.47,40.30
4.44987,5,0.3394,0.026,0.023,5.343,5.857,0.9879,0.00953,270.22,53.34,0.5678005199999999,0.7211066603999999,2.25,2.325615e-08,1.25758e-08,2.753356e-08,1.446934e-08,90.81,85.42,8579.91,8070.45,43.43,40.37
4.45012,5,0.3395,0.026,0.023,5.342,5.857,0.9879,0.00953,270.22,53.34,0.56779952,0.7211053904,2.25,2.325232e-08,1.259449e-08,2.748619e-08,1.443229e-08,91.16,85.29,8613.35,8058.52,43.63,40.30
4.45038,5,0.3395,0.026,0.023,5.342,5.857,0.9879,0.00953,270.22,53.34,0.56779848,0.7211040696,2.25,2.338425e-08,1.272417e-08,2.760022e-08,1.451279e-08,92.08,85.54,8700.20,8082.71,44.15,40.44
4.45062,5,0.3395,0.026,0.023,5.342,5.857,0.9879,0.00953,270.22,53.34,0.56779752,0.7211028504,2.25,2.330259e-08,1.260532e-08,2.739342e-08,1.437356e-08,90.90,85.16,8588.97,8046.71,43.48,40.23
4.45087,5,0.3396,0.026,0.023,5.342,5.857,0.9879,0.00953,270.22,53.34,0.5677965199999999,0.7211015803999999,2.25,2.330838e-08,1.260987e-08,2.732496e-08,1.435584e-08,90.95,85.42,8593.61,8070.61,43.51,40.37
4.45113,5,0.3396,0.026,0.023,5.342,5.857,0.9879,0.00953,270.22,53.34,0.5677954799999999,0.7211002595999999,2.25,2.333193e-08,1.261244e-08,2.728428e-08,1.432082e-08,90.79,85.25,8578.54,8054.44,43.42,40.27
4.45137,5,0.3396,0.026,0.023,5.342,5.857,0.9879,0.00953,270.22,53.34,0.56779452,0.7210990404,2.25,2.333847e-08,1.261973e-08,2.720981e-08,1.429788e-08,90.85,85.45,8584.10,8073.63,43.45,40.39
4.45162,5,0.3397,0.026,0.023,5.342,5.857,0.9879,0.00953,270.22,53.34,0.5677935199999999,0.7210977703999999,2.25,2.335886e-08,1.261473e-08,2.716916e-08,1.426706e-08,90.63,85.35,8562.94,8064.74,43.33,40.33
4.45188,5,0.3397,0.026,0.023,5.342,5.857,0.9879,0.00953,270.22,53.34,0.5677924799999999,0.7210964496,2.25,2.335346e-08,1.262042e-08,2.709933e-08,1.423371e-08,90.76,85.40,8575.65,8068.70,43.40,40.36
4.45212,5,0.3397,0.026,0.023,5.342,5.857,0.9879,0.00953,270.22,53.34,0.56779152,0.7210952304,2.25,2.335677e-08,1.262561e-08,2.706549e-08,1.421348e-08,90.82,85.37,8580.68,8065.76,43.43,40.34
4.45237,5,0.3398,0.026,0.023,5.342,5.857,0.9879,0.00953,270.22,53.34,0.56779052,0.7210939604,2.25,2.337361e-08,1.262724e-08,2.702275e-08,1.418666e-08,90.73,85.34,8572.17,8062.90,43.38,40.32
4.45263,5,0.3398,0.026,0.023,5.342,5.857,0.9879,0.00953,270.22,53.34,0.56778948,0.7210926395999999,2.25,2.338843e-08,1.261769e-08,2.695933e-08,1.416433e-08,90.45,85.47,8546.30,8076.06,43.23,40.40
4.45287,5,0.3398,0.026,0.023,5.342,5.857,0.9879,0.00953,270.22,53.34,0.5677885199999999,0.7210914203999998,2.25,2.336827e-08,1.261647e-08,2.692652e-08,1.413577e-08,90.60,85.33,8560.53,8062.46,43.31,40.32
4.45312,5,0.3399,0.026,0.023,5.342,5.857,0.9879,0.00953,270.22,53.34,0.56778752,0.7210901504,2.25,2.3403e-08,1.262221e-08,2.688229e-08,1.410759e-08,90.43,85.29,8543.91,8058.86,43.21,40.30
4.45338,5,0.3399,0.026,0.023,5.342,5.857,0.9879,0.00953,270.22,53.34,0.56778648,0.7210888296,2.25,2.339693e-08,1.262381e-08,2.680356e-08,1.409446e-08,90.50,85.65,8551.07,8092.92,43.26,40.50
4.45362,5,0.3399,0.026,0.023,5.342,5.857,0.9879,0.00953,270.22,53.34,0.5677855199999999,0.7210876103999999,2.25,2.339588e-08,1.262166e-08,2.677489e-08,1.405506e-08,90.48,85.34,8548.74,8063.49,43.24,40.33
4.45388,5,0.3400,0.026,0.023,5.342,5.857,0.9879,0.00953,270.22,53.34,0.5677844799999999,0.7210862895999999,2.25,2.341003e-08,1.262618e-08,2.67357e-08,1.403236e-08,90.46,85.34,8546.68,8063.29,43.23,40.32
4.45413,5,0.3400,0.026,0.023,5.342,5.857,0.9879,0.00953,270.22,53.34,0.56778348,0.7210850196,2.25,2.342246e-08,1.263191e-08,2.669704e-08,1.40101e-08,90.44,85.31,8545.25,8060.91,43.22,40.31
4.45437,5,0.3400,0.026,0.023,5.342,5.857,0.9879,0.00953,270.22,53.34,0.56778252,0.7210838004,2.25,2.342097e-08,1.263464e-08,2.664931e-08,1.399144e-08,90.50,85.40,8550.44,8068.66,43.25,40.36
4.45463,5,0.3401,0.026,0.023,5.342,5.857,0.9879,0.00953,270.22,53.34,0.56778148,0.7210824795999999,2.25,2.342813e-08,1.263053e-08,2.660338e-08,1.395747e-08,90.40,85.29,8541.25,8059.05,43.20,40.30
4.45488,5,0.3401,0.026,0.023,5.342,5.857,0.9879,0.00953,270.22,53.34,0.5677804799999999,0.7210812095999999,2.25,2.343052e-08,1.262468e-08,2.65626e-08,1.395257e-08,90.29,85.51,8530.79,8079.14,43.13,40.42
4.45512,5,0.3401,0.026,0.023,5.342,5.857,0.9879,0.00953,270.22,53.34,0.56777952,0.7210799904,2.25,2.34318e-08,1.263485e-08,2.652052e-08,1.391977e-08,90.43,85.37,8544.69,8066.09,43.22,40.34
4.45538,5,0.3402,0.026,0.023,5.341,5.857,0.9879,0.00953,270.23,53.34,0.56777848,0.7210786696,2.25,2.343658e-08,1.263198e-08,2.6475e-08,1.389365e-08,90.38,85.37,8539.21,8065.74,43.18,40.34
4.45563,5,0.3402,0.026,0.023,5.341,5.857,0.9879,0.00953,270.23,53.34,0.56777748,0.7210773996,2.25,2.344389e-08,1.262055e-08,2.643644e-08,1.387775e-08,90.14,85.42,8516.71,8071.04,43.05,40.37
4.45587,5,0.3402,0.026,0.023,5.341,5.857,0.9879,0.00953,270.23,53.34,0.56777652,0.7210761804,2.25,2.347823e-08,1.262808e-08,2.640184e-08,1.385818e-08,89.97,85.40,8500.73,8069.32,42.95,40.36
4.45613,5,0.3403,0.026,0.023,5.341,5.857,0.9879,0.00953,270.23,53.34,0.56777548,0.7210748596000001,2.25,2.344233e-08,1.263673e-08,2.636027e-08,1.383074e-08,90.43,85.36,8544.14,8064.79,43.21,40.33
4.45638,5,0.3403,0.026,0.023,5.341,5.857,0.9879,0.00953,270.23,53.34,0.56777448,0.7210735896,2.25,2.347809e-08,1.264213e-08,2.631856e-08,1.381052e-08,90.21,85.38,8523.84,8066.84,43.09,40.34
4.45662,5,0.3403,0.026,0.023,5.341,5.857,0.9879,0.00953,270.23,53.34,0.5677735199999999,0.7210723703999999,2.25,2.350644e-08,1.265217e-08,2.626534e-08,1.378139e-08,90.13,85.36,8516.22,8065.36,43.05,40.34
4.45688,5,0.3404,0.026,0.023,5.341,5.857,0.9879,0.00953,270.23,53.34,0.5677724799999999,0.7210710495999999,2.25,2.350727e-08,1.2651e-08,2.623668e-08,1.375726e-08,90.13,85.27,8516.37,8056.52,43.05,40.28
4.45712,5,0.3404,0.026,0.023,5.341,5.857,0.9879,0.00953,270.23,53.34,0.56777152,0.7210698304,2.25,2.351096e-08,1.265778e-08,2.620818e-08,1.372646e-08,90.21,85.06,8523.36,8037.00,43.09,40.17
4.45737,5,0.3404,0.026,0.023,5.341,5.857,0.9879,0.00953,270.23,53.34,0.56777052,0.7210685603999999,2.25,2.353238e-08,1.265744e-08,2.615277e-08,1.371192e-08,90.03,85.25,8506.07,8054.87,42.98,40.27
4.45763,5,0.3405,0.026,0.023,5.341,5.857,0.9879,0.00953,270.23,53.34,0.5677694799999999,0.7210672396,2.25,2.354327e-08,1.266674e-08,2.609824e-08,1.368007e-08,90.11,85.23,8513.58,8053.20,43.03,40.26
4.45787,5,0.3405,0.026,0.023,5.341,5.857,0.9879,0.00953,270.23,53.34,0.56776852,0.7210660204,2.25,2.358005e-08,1.26769e-08,2.605623e-08,1.365854e-08,89.96,85.24,8499.60,8053.81,42.94,40.27
4.45812,5,0.3405,0.026,0.023,5.341,5.857,0.9879,0.00953,270.23,53.34,0.56776752,0.7210647504,2.25,2.358415e-08,1.268501e-08,2.600604e-08,1.362598e-08,90.05,85.16,8508.17,8046.05,43.00,40.22
4.45838,5,0.3406,0.026,0.022,5.341,5.857,0.9879,0.00953,270.23,53.34,0.56776648,0.7210634295999999,2.25,2.361214e-08,1.270928e-08,2.596216e-08,1.359314e-08,90.22,85.05,8524.15,8036.28,43.09,40.16
4.45862,5,0.3406,0.026,0.022,5.341,5.857,0.9879,0.00953,270.23,53.34,0.5677655199999999,0.7210622103999998,2.25,2.362501e-08,1.271644e-08,2.590383e-08,1.357191e-08,90.22,85.18,8524.49,8047.87,43.10,40.23
4.45887,5,0.3406,0.026,0.022,5.341,5.857,0.9879,0.00953,270.23,53.34,0.56776452,0.7210609404,2.25,2.363708e-08,1.272419e-08,2.58471e-08,1.353883e-08,90.24,85.13,8526.31,8043.68,43.11,40.21
4.45913,5,0.3407,0.026,0.022,5.341,5.857,0.9879,0.00953,270.23,53.34,0.56776348,0.7210596196,2.25,2.367686e-08,1.273696e-08,2.578367e-08,1.35037e-08,90.13,85.13,8516.29,8043.66,43.05,40.21
4.45937,5,0.3407,0.026,0.022,5.341,5.857,0.9879,0.00953,270.23,53.34,0.5677625199999999,0.7210584003999999,2.25,2.369764e-08,1.274904e-08,2.572825e-08,1.347819e-08,90.15,85.18,8517.60,8048.07,43.05,40.23
4.45962,5,0.3407,0.026,0.022,5.341,5.857,0.9879,0.00953,270.23,53.34,0.5677615199999999,0.7210571303999999,2.25,2.37178e-08,1.276758e-08,2.56663e-08,1.343702e-08,90.27,85.06,8528.72,8037.12,43.12,40.17
4.45988,5,0.3408,0.026,0.022,5.341,5.857,0.9879,0.00953,270.23,53.34,0.56776048,0.7210558096,2.25,2.371885e-08,1.277236e-08,2.561045e-08,1.340842e-08,90.36,85.10,8537.33,8040.28,43.17,40.19
4.46012,5,0.3408,0.026,0.022,5.341,5.857,0.9879,0.00953,270.23,53.34,0.56775952,0.7210545904,2.25,2.377981e-08,1.279688e-08,2.555329e-08,1.335331e-08,90.23,84.76,8525.34,8008.58,43.10,39.99
4.46037,5,0.3408,0.026,0.022,5.341,5.857,0.9879,0.00953,270.23,53.34,0.5677585199999999,0.7210533203999999,2.25,2.380895e-08,1.279989e-08,2.550015e-08,1.333162e-08,90.04,84.84,8507.10,8016.24,42.99,40.04
4.46063,5,0.3409,0.026,0.022,5.340,5.857,0.9879,0.00953,270.23,53.34,0.5677574799999999,0.7210519995999999,2.25,2.382354e-08,1.281846e-08,2.542555e-08,1.33002e-08,90.23,84.97,8525.03,8028.18,43.10,40.11
4.46087,5,0.3409,0.026,0.022,5.340,5.857,0.9879,0.00953,270.23,53.34,0.56775652,0.7210507804,2.25,2.386235e-08,1.284476e-08,2.535038e-08,1.326106e-08,90.31,84.97,8532.82,8028.41,43.14,40.11
4.46113,5,0.3409,0.026,0.022,5.340,5.857,0.9879,0.00953,270.23,53.34,0.56775548,0.7210494596,2.25,2.388155e-08,1.284858e-08,2.526931e-08,1.322086e-08,90.21,85.00,8523.46,8031.22,43.09,40.13
4.46138,5,0.3409,0.026,0.022,5.340,5.857,0.9879,0.00953,270.23,53.34,0.56775448,0.7210481896,2.25,2.392049e-08,1.287147e-08,2.519975e-08,1.317826e-08,90.24,84.92,8526.24,8023.30,43.10,40.08
4.46162,5,0.3410,0.026,0.022,5.340,5.857,0.9879,0.00953,270.23,53.34,0.56775352,0.7210469704,2.25,2.396514e-08,1.289503e-08,2.512692e-08,1.314209e-08,90.26,84.97,8528.07,8028.11,43.12,40.11
4.46188,5,0.3410,0.026,0.022,5.340,5.857,0.9879,0.00953,270.23,53.34,0.56775248,0.7210456496000001,2.25,2.400067e-08,1.290224e-08,2.503848e-08,1.310029e-08,90.08,85.03,8511.07,8033.84,43.01,40.15
4.46213,5,0.3410,0.026,0.022,5.340,5.857,0.9879,0.00953,270.23,53.34,0.56775148,0.7210443796,2.25,2.401466e-08,1.292394e-08,2.497328e-08,1.305371e-08,90.29,84.86,8531.31,8017.77,43.13,40.05
4.46237,5,0.3411,0.026,0.022,5.340,5.857,0.9879,0.00953,270.23,53.34,0.5677505199999999,0.7210431603999999,2.25,2.404996e-08,1.294547e-08,2.491637e-08,1.30116e-08,90.36,84.71,8537.43,8004.19,43.17,39.97
4.46263,5,0.3411,0.026,0.022,5.340,5.857,0.9879,0.00953,270.23,53.34,0.5677494799999999,0.7210418395999999,2.25,2.408125e-08,1.296166e-08,2.482139e-08,1.297214e-08,90.35,84.85,8536.50,8017.31,43.17,40.05
4.46288,5,0.3411,0.026,0.022,5.340,5.857,0.9879,0.00953,270.23,53.34,0.56774848,0.7210405696,2.25,2.409763e-08,1.297707e-08,2.475547e-08,1.292695e-08,90.45,84.71,8545.90,8003.38,43.22,39.96
4.46312,5,0.3412,0.026,0.022,5.340,5.857,0.9879,0.00953,270.23,53.34,0.56774752,0.7210393504,2.25,2.41568e-08,1.298936e-08,2.466671e-08,1.2891e-08,90.18,84.87,8520.58,8019.27,43.07,40.06
4.46338,5,0.3412,0.026,0.022,5.340,5.857,0.9879,0.00953,270.23,53.34,0.5677464799999999,0.7210380296,2.25,2.418792e-08,1.299925e-08,2.45937e-08,1.284956e-08,90.08,84.83,8510.89,8014.97,43.01,40.03
4.46363,5,0.3412,0.026,0.022,5.340,5.857,0.9879,0.00953,270.23,53.34,0.5677454799999999,0.7210367595999999,2.25,2.42085e-08,1.302318e-08,2.45147e-08,1.281572e-08,90.27,84.93,8529.11,8024.72,43.12,40.09
4.46387,5,0.3413,0.026,0.022,5.340,5.857,0.9879,0.00953,270.23,53.34,0.56774452,0.7210355404,2.25,2.42376e-08,1.304046e-08,2.445434e-08,1.276943e-08,90.32,84.75,8533.91,8007.71,43.15,39.99
4.46413,5,0.3413,0.026,0.022,5.340,5.857,0.9879,0.00953,270.23,53.34,0.56774348,0.7210342195999999,2.25,2.425801e-08,1.304605e-08,2.437207e-08,1.272626e-08,90.24,84.75,8526.29,8007.44,43.10,39.99
4.46438,5,0.3413,0.026,0.022,5.340,5.857,0.9879,0.00953,270.23,53.34,0.5677424799999999,0.7210329496,2.25,2.429903e-08,1.306237e-08,2.428717e-08,1.270319e-08,90.15,85.05,8518.19,8035.58,43.06,40.16
4.46462,5,0.3414,0.026,0.022,5.340,5.857,0.9879,0.00953,270.23,53.34,0.56774152,0.7210317304,2.25,2.432135e-08,1.308157e-08,2.422328e-08,1.265172e-08,90.29,84.82,8530.84,8013.96,43.13,40.03
4.46488,5,0.3414,0.026,0.022,5.340,5.857,0.9879,0.00953,270.23,53.34,0.56774048,0.7210304096,2.25,2.434963e-08,1.309081e-08,2.415493e-08,1.261922e-08,90.20,84.86,8522.43,8018.22,43.08,40.05
4.46512,5,0.3414,0.026,0.022,5.340,5.857,0.9879,0.00953,270.23,53.34,0.5677395199999999,0.7210291903999999,2.25,2.437891e-08,1.310477e-08,2.407368e-08,1.257478e-08,90.17,84.83,8519.92,8015.56,43.07,40.03
4.46537,5,0.3415,0.026,0.022,5.340,5.857,0.9879,0.00953,270.23,53.34,0.5677385199999999,0.7210279203999999,2.25,2.441012e-08,1.3106e-08,2.40057e-08,1.253768e-08,89.97,84.84,8500.61,8015.78,42.95,40.04
4.46563,5,0.3415,0.026,0.022,5.340,5.857,0.9879,0.00953,270.23,53.34,0.5677374799999999,0.7210265995999999,2.25,2.444678e-08,1.313493e-08,2.393807e-08,1.250695e-08,90.10,84.90,8513.55,8021.94,43.03,40.07
4.46587,5,0.3415,0.026,0.022,5.340,5.857,0.9879,0.00953,270.23,53.34,0.56773652,0.7210253804,2.25,2.445732e-08,1.313776e-08,2.387346e-08,1.246891e-08,90.06,84.84,8509.59,8016.17,43.00,40.04
4.46612,5,0.3416,0.026,0.022,5.339,5.857,0.9879,0.00953,270.23,53.34,0.5677355199999999,0.7210241103999999,2.25,2.44791e-08,1.31544e-08,2.379588e-08,1.244053e-08,90.16,85.04,8518.99,8034.93,43.06,40.15
4.46638,5,0.3416,0.026,0.022,5.339,5.857,0.9879,0.00953,270.23,53.34,0.5677344799999999,0.7210227895999999,2.25,2.450676e-08,1.316856e-08,2.374921e-08,1.240174e-08,90.15,84.83,8518.01,8015.44,43.05,40.03
4.46662,5,0.3416,0.026,0.022,5.339,5.857,0.9879,0.00953,270.23,53.34,0.56773352,0.7210215704,2.25,2.454845e-08,1.31725e-08,2.369913e-08,1.237779e-08,89.88,84.86,8492.28,8018.43,42.90,40.05
4.46687,5,0.3417,0.026,0.022,5.339,5.857,0.9879,0.00953,270.23,53.34,0.56773252,0.7210203004,2.25,2.453957e-08,1.318803e-08,2.363632e-08,1.23443e-08,90.21,84.88,8523.07,8019.84,43.08,40.06
4.46713,5,0.3417,0.026,0.022,5.339,5.857,0.9879,0.00953,270.23,53.34,0.56773148,0.7210189795999999,2.25,2.458038e-08,1.319595e-08,2.357448e-08,1.231621e-08,90.00,84.94,8503.55,8025.58,42.97,40.09
4.46737,5,0.3417,0.026,0.022,5.339,5.857,0.9879,0.00953,270.23,53.34,0.56773052,0.7210177604,2.25,2.458794e-08,1.321825e-08,2.351574e-08,1.229309e-08,90.27,85.05,8528.97,8035.94,43.12,40.16
4.46762,5,0.3418,0.026,0.022,5.339,5.857,0.9879,0.00953,270.23,53.34,0.56772952,0.7210164904,2.25,2.462509e-08,1.321834e-08,2.34848e-08,1.227267e-08,90.00,85.01,8503.80,8032.47,42.97,40.14
4.46788,5,0.3418,0.026,0.022,5.339,5.857,0.9879,0.00953,270.23,53.34,0.56772848,0.7210151696,2.25,2.465298e-08,1.322866e-08,2.344401e-08,1.224619e-08,89.93,84.94,8497.35,8025.38,42.93,40.09
4.46812,5,0.3418,0.026,0.022,5.339,5.857,0.9879,0.00953,270.23,53.34,0.5677275199999999,0.7210139503999999,2.25,2.467e-08,1.325389e-08,2.338983e-08,1.222299e-08,90.17,85.01,8519.68,8032.40,43.06,40.13
4.46837,5,0.3419,0.026,0.022,5.339,5.857,0.9879,0.00953,270.23,53.34,0.56772652,0.7210126804,2.25,2.467188e-08,1.325259e-08,2.334617e-08,1.220525e-08,90.16,85.11,8518.96,8041.75,43.06,40.19
4.46863,5,0.3419,0.026,0.022,5.339,5.857,0.9879,0.00953,270.23,53.34,0.56772548,0.7210113596000001,2.25,2.470525e-08,1.327637e-08,2.333561e-08,1.218572e-08,90.25,84.91,8527.09,8022.43,43.11,40.07
4.46887,5,0.3419,0.026,0.022,5.339,5.857,0.9879,0.00953,270.23,53.34,0.56772452,0.7210101404,2.25,2.474674e-08,1.329414e-08,2.329294e-08,1.217284e-08,90.18,85.04,8520.82,8035.42,43.07,40.15
4.46913,5,0.3420,0.026,0.022,5.339,5.857,0.9879,0.00953,270.23,53.34,0.56772348,0.7210088196,2.25,2.474087e-08,1.329703e-08,2.328066e-08,1.216067e-08,90.30,84.99,8531.69,8029.81,43.13,40.12
4.46938,5,0.3420,0.026,0.022,5.339,5.857,0.9879,0.00953,270.23,53.34,0.5677224799999999,0.7210075495999999,2.25,2.475298e-08,1.330743e-08,2.324442e-08,1.215024e-08,90.35,85.11,8537.09,8041.59,43.17,40.19
4.46962,5,0.3420,0.026,0.022,5.339,5.857,0.9879,0.00953,270.23,53.34,0.56772152,0.7210063304,2.25,2.477825e-08,1.331546e-08,2.323134e-08,1.213696e-08,90.27,85.02,8529.39,8032.65,43.12,40.14
4.46988,5,0.3421,0.026,0.022,5.339,5.857,0.9879,0.00953,270.23,53.34,0.56772048,0.7210050096,2.25,2.480194e-08,1.333432e-08,2.319353e-08,1.211669e-08,90.39,85.03,8540.37,8034.28,43.19,40.15
4.47013,5,0.3421,0.026,0.022,5.339,5.857,0.9879,0.00953,270.23,53.34,0.5677194799999999,0.7210037396,2.25,2.484216e-08,1.335403e-08,2.318473e-08,1.21134e-08,90.36,85.05,8537.72,8036.10,43.17,40.16
4.47037,5,0.3421,0.026,0.022,5.339,5.857,0.9879,0.00953,270.23,53.34,0.56771852,0.7210025204,2.25,2.486208e-08,1.3369e-08,2.316306e-08,1.211079e-08,90.42,85.18,8543.61,8048.22,43.21,40.23
4.47063,5,0.3422,0.026,0.022,5.339,5.857,0.9879,0.00953,270.23,53.34,0.56771748,0.7210011996,2.25,2.488835e-08,1.33857e-08,2.313827e-08,1.210485e-08,90.49,85.31,8549.67,8060.38,43.24,40.30
4.47088,5,0.3422,0.026,0.022,5.339,5.857,0.9879,0.00953,270.23,53.34,0.56771648,0.7209999295999999,2.25,2.492805e-08,1.340095e-08,2.313863e-08,1.210537e-08,90.40,85.31,8541.25,8060.84,43.19,40.30
4.47112,5,0.3422,0.026,0.022,5.339,5.857,0.9879,0.00953,270.23,53.34,0.5677155199999999,0.7209987103999999,2.25,2.49376e-08,1.343144e-08,2.312673e-08,1.209824e-08,90.77,85.30,8576.27,8059.58,43.40,40.30
4.47138,5,0.3423,0.026,0.022,5.338,5.857,0.9879,0.00953,270.23,53.34,0.5677144799999999,0.7209973895999999,2.25,2.495678e-08,1.344101e-08,2.312871e-08,1.209601e-08,90.78,85.28,8577.72,8057.37,43.41,40.28
4.47163,5,0.3423,0.026,0.022,5.338,5.857,0.9879,0.00953,270.23,53.34,0.56771348,0.7209961196,2.25,2.50064e-08,1.345502e-08,2.310975e-08,1.208802e-08,90.60,85.31,8560.19,8060.06,43.30,40.30
4.47187,5,0.3423,0.026,0.022,5.338,5.857,0.9879,0.00953,270.23,53.34,0.5677125199999999,0.7209949003999999,2.25,2.500746e-08,1.3479e-08,2.30986e-08,1.208857e-08,90.94,85.40,8592.50,8068.99,43.50,40.35
4.47213,5,0.3424,0.026,0.022,5.338,5.857,0.9879,0.00953,270.23,53.34,0.5677114799999999,0.7209935795999999,2.25,2.505178e-08,1.349026e-08,2.308713e-08,1.208533e-08,90.78,85.47,8577.59,8075.22,43.41,40.39
4.47238,5,0.3424,0.026,0.022,5.338,5.857,0.9879,0.00953,270.23,53.34,0.5677104799999999,0.7209923095999999,2.25,2.505548e-08,1.351531e-08,2.309372e-08,1.20781e-08,91.12,85.31,8609.41,8060.27,43.60,40.30
4.47262,5,0.3424,0.026,0.022,5.338,5.857,0.9879,0.00953,270.23,53.34,0.56770952,0.7209910904,2.25,2.510956e-08,1.353433e-08,2.307748e-08,1.20786e-08,90.97,85.44,8595.42,8072.87,43.52,40.38
4.47288,5,0.3425,0.026,0.022,5.338,5.857,0.9879,0.00953,270.23,53.34,0.56770848,0.7209897695999999,2.25,2.513605e-08,1.356488e-08,2.306498e-08,1.207718e-08,91.24,85.54,8620.36,8082.42,43.67,40.43
4.47312,5,0.3425,0.026,0.022,5.338,5.857,0.9879,0.00953,270.23,53.34,0.5677075199999999,0.7209885503999999,2.25,2.518606e-08,1.357505e-08,2.306839e-08,1.206831e-08,90.99,85.38,8597.22,8067.47,43.53,40.34
4.47337,5,0.3425,0.026,0.022,5.338,5.857,0.9879,0.00953,270.23,53.34,0.56770652,0.7209872804,2.25,2.520019e-08,1.36086e-08,2.305788e-08,1.207483e-08,91.37,85.56,8632.91,8084.34,43.74,40.45
4.47363,5,0.3426,0.026,0.022,5.338,5.857,0.9879,0.00953,270.23,53.34,0.56770548,0.7209859596,2.25,2.522981e-08,1.362841e-08,2.303719e-08,1.206469e-08,91.45,85.60,8640.68,8087.68,43.79,40.47
4.47387,5,0.3426,0.026,0.022,5.338,5.857,0.9879,0.00953,270.23,53.34,0.5677045199999999,0.7209847403999999,2.25,2.527775e-08,1.365463e-08,2.302252e-08,1.206443e-08,91.46,85.71,8641.13,8098.14,43.79,40.53
4.47412,5,0.3426,0.026,0.022,5.338,5.857,0.9879,0.00953,270.23,53.34,0.5677035199999999,0.7209834703999999,2.25,2.532068e-08,1.367367e-08,2.300711e-08,1.206073e-08,91.39,85.77,8635.43,8104.32,43.76,40.56
4.47438,5,0.3427,0.026,0.022,5.338,5.857,0.9879,0.00953,270.23,53.34,0.56770248,0.7209821496000001,2.25,2.53736e-08,1.369527e-08,2.300292e-08,1.204064e-08,91.32,85.53,8628.39,8081.44,43.71,40.43
4.47462,5,0.3427,0.026,0.022,5.338,5.857,0.9879,0.00953,270.23,53.34,0.56770152,0.7209809304,2.25,2.538569e-08,1.371778e-08,2.296822e-08,1.205272e-08,91.55,85.98,8650.29,8124.22,43.85,40.68
4.47487,5,0.3427,0.026,0.022,5.338,5.857,0.9879,0.00953,270.23,53.34,0.5677005199999999,0.7209796603999999,2.25,2.542348e-08,1.37439e-08,2.296454e-08,1.204807e-08,91.63,85.94,8658.11,8120.36,43.89,40.66
4.47513,5,0.3428,0.026,0.022,5.338,5.857,0.9879,0.00953,270.23,53.34,0.5676994799999999,0.7209783395999999,2.25,2.545049e-08,1.377364e-08,2.292554e-08,1.202898e-08,91.88,85.99,8681.40,8124.68,44.03,40.69
4.47537,5,0.3428,0.026,0.022,5.338,5.857,0.9879,0.00953,270.23,53.34,0.56769852,0.7209771204,2.25,2.548091e-08,1.379293e-08,2.290805e-08,1.201608e-08,91.92,85.93,8685.28,8119.39,44.06,40.66
4.47562,5,0.3428,0.026,0.022,5.338,5.857,0.9879,0.00953,270.23,53.34,0.56769752,0.7209758504,2.25,2.55278e-08,1.381187e-08,2.286973e-08,1.201204e-08,91.83,86.18,8676.46,8142.28,44.00,40.79
4.47588,5,0.3428,0.026,0.022,5.338,5.857,0.9879,0.00953,270.23,53.34,0.56769648,0.7209745296,2.25,2.556062e-08,1.383867e-08,2.286671e-08,1.199849e-08,91.96,85.99,8688.83,8125.22,44.08,40.69
4.47612,5,0.3429,0.026,0.022,5.337,5.857,0.9879,0.00953,270.23,53.34,0.56769552,0.7209733104,2.25,2.560281e-08,1.385554e-08,2.281797e-08,1.198247e-08,91.90,86.16,8683.20,8141.25,44.04,40.79
4.47637,5,0.3429,0.026,0.022,5.337,5.857,0.9879,0.00953,270.23,53.34,0.56769452,0.7209720404,2.25,2.563633e-08,1.387573e-08,2.278963e-08,1.197753e-08,91.93,86.32,8686.00,8155.50,44.06,40.87
4.47663,5,0.3429,0.026,0.022,5.337,5.857,0.9879,0.00953,270.23,53.34,0.56769348,0.7209707195999999,2.25,2.567888e-08,1.389787e-08,2.276975e-08,1.196181e-08,91.92,86.24,8684.79,8147.93,44.05,40.83
4.47687,5,0.3430,0.026,0.022,5.337,5.857,0.9879,0.00953,270.23,53.34,0.5676925199999999,0.7209695004,2.25,2.570686e-08,1.392373e-08,2.274525e-08,1.19455e-08,92.10,86.21,8701.92,8145.37,44.15,40.81
4.47713,5,0.3430,0.026,0.022,5.337,5.857,0.9879,0.00953,270.23,53.34,0.5676914799999999,0.7209681795999999,2.25,2.572465e-08,1.39425e-08,2.270997e-08,1.194026e-08,92.23,86.41,8714.37,8164.51,44.23,40.93
4.47738,5,0.3430,0.026,0.022,5.337,5.857,0.9879,0.00953,270.23,53.34,0.56769048,0.7209669096,2.25,2.57558e-08,1.395563e-08,2.267351e-08,1.192122e-08,92.18,86.41,8709.26,8164.69,44.20,40.93
4.47762,5,0.3431,0.026,0.022,5.337,5.857,0.9879,0.00953,270.23,53.34,0.56768952,0.7209656903999999,2.25,2.579653e-08,1.397022e-08,2.264048e-08,1.190967e-08,92.10,86.53,8701.63,8175.49,44.15,40.99
4.47788,5,0.3431,0.026,0.022,5.337,5.857,0.9879,0.00953,270.23,53.34,0.5676884799999999,0.7209643696,2.25,2.580703e-08,1.399082e-08,2.261369e-08,1.189716e-08,92.31,86.55,8721.91,8177.79,44.27,41.01
4.47813,5,0.3431,0.026,0.022,5.337,5.857,0.9879,0.00953,270.23,53.34,0.5676874799999999,0.7209630995999999,2.25,2.583625e-08,1.400274e-08,2.258061e-08,1.187948e-08,92.25,86.55,8716.58,8177.39,44.24,41.00
4.47837,5,0.3432,0.026,0.022,5.337,5.857,0.9879,0.00953,270.23,53.34,0.56768652,0.7209618804,2.25,2.586009e-08,1.401075e-08,2.252088e-08,1.186157e-08,92.21,86.78,8712.45,8199.48,44.22,41.14
4.47863,5,0.3432,0.026,0.022,5.337,5.857,0.9879,0.00953,270.23,53.34,0.56768548,0.7209605595999999,2.25,2.589177e-08,1.403314e-08,2.250309e-08,1.184698e-08,92.28,86.70,8719.54,8191.85,44.26,41.09
4.47888,5,0.3432,0.026,0.022,5.337,5.857,0.9879,0.00953,270.23,53.34,0.5676844799999999,0.7209592895999999,2.25,2.589753e-08,1.403366e-08,2.24693e-08,1.183374e-08,92.25,86.77,8716.01,8198.51,44.24,41.13
4.47912,5,0.3433,0.026,0.022,5.337,5.857,0.9879,0.00953,270.23,53.34,0.56768352,0.7209580704,2.25,2.592206e-08,1.404589e-08,2.242509e-08,1.182408e-08,92.26,87.01,8717.11,8220.91,44.25,41.26
4.47938,5,0.3433,0.026,0.022,5.337,5.857,0.9879,0.00953,270.23,53.34,0.56768248,0.7209567496,2.25,2.592856e-08,1.405814e-08,2.240583e-08,1.180761e-08,92.38,86.91,8728.94,8211.62,44.32,41.21
4.47963,5,0.3433,0.026,0.022,5.337,5.857,0.9879,0.00953,270.23,53.34,0.56768148,0.7209554796,2.25,2.594766e-08,1.406381e-08,2.237995e-08,1.179158e-08,92.32,86.87,8722.59,8208.10,44.28,41.19
4.47987,5,0.3434,0.026,0.022,5.337,5.857,0.9879,0.00953,270.23,53.34,0.5676805199999999,0.7209542603999999,2.25,2.596686e-08,1.406923e-08,2.235127e-08,1.178016e-08,92.27,86.95,8718.39,8215.93,44.25,41.23
4.48013,5,0.3434,0.026,0.022,5.337,5.857,0.9879,0.00953,270.23,53.34,0.56767948,0.7209529396000001,2.25,2.595892e-08,1.40766e-08,2.232856e-08,1.176377e-08,92.44,86.89,8734.19,8209.41,44.35,41.19
4.48038,5,0.3434,0.026,0.022,5.337,5.857,0.9879,0.00953,270.23,53.34,0.56767848,0.7209516696,2.25,2.599786e-08,1.407903e-08,2.231002e-08,1.177452e-08,92.17,87.21,8708.94,8239.76,44.20,41.38
4.48062,5,0.3435,0.026,0.022,5.337,5.857,0.9879,0.00953,270.23,53.34,0.5676775199999999,0.7209504503999999,2.25,2.596352e-08,1.409114e-08,2.229566e-08,1.176248e-08,92.64,87.16,8753.08,8235.54,44.46,41.35
4.48088,5,0.3435,0.026,0.022,5.337,5.857,0.9879,0.00953,270.23,53.34,0.5676764799999999,0.7209491295999999,2.25,2.59968e-08,1.409328e-08,2.226847e-08,1.175271e-08,92.41,87.23,8731.51,8242.33,44.33,41.39
4.48112,5,0.3435,0.026,0.022,5.337,5.857,0.9879,0.00953,270.23,53.34,0.56767552,0.7209479104,2.25,2.598358e-08,1.408228e-08,2.224192e-08,1.174044e-08,92.36,87.26,8726.32,8244.92,44.30,41.41
4.48137,5,0.3436,0.025,0.022,5.336,5.857,0.9879,0.00953,270.23,53.34,0.56767452,0.7209466404,2.25,2.59987e-08,1.408175e-08,2.223945e-08,1.173705e-08,92.26,87.25,8716.96,8244.11,44.24,41.40
4.48163,5,0.3436,0.025,0.022,5.336,5.857,0.9879,0.00953,270.23,53.34,0.56767348,0.7209453196,2.25,2.60034e-08,1.40769e-08,2.222178e-08,1.173454e-08,92.15,87.36,8706.98,8254.26,44.18,41.46
4.48187,5,0.3436,0.025,0.022,5.336,5.857,0.9879,0.00953,270.23,53.34,0.56767252,0.7209441004,2.25,2.600872e-08,1.407268e-08,2.223624e-08,1.172993e-08,92.05,87.17,8697.41,8236.05,44.13,41.35
4.48212,5,0.3437,0.025,0.022,5.336,5.857,0.9879,0.00953,270.23,53.34,0.56767152,0.7209428304,2.25,2.597564e-08,1.407921e-08,2.220612e-08,1.174085e-08,92.43,87.62,8732.96,8278.45,44.34,41.61
4.48238,5,0.3437,0.025,0.022,5.336,5.857,0.9879,0.00953,270.23,53.34,0.56767048,0.7209415096,2.25,2.598028e-08,1.408663e-08,2.220728e-08,1.173077e-08,92.50,87.45,8739.61,8262.47,44.38,41.51
4.48262,5,0.3437,0.025,0.022,5.336,5.857,0.9879,0.00953,270.23,53.34,0.5676695199999999,0.7209402904,2.25,2.597366e-08,1.40656e-08,2.219596e-08,1.173739e-08,92.25,87.65,8716.00,8281.31,44.24,41.63
4.48287,5,0.3438,0.025,0.022,5.336,5.857,0.9879,0.00953,270.23,53.34,0.56766852,0.7209390204,2.25,2.59726e-08,1.406848e-08,2.220805e-08,1.174726e-08,92.32,87.73,8723.21,8288.93,44.28,41.67
4.48313,5,0.3438,0.025,0.022,5.336,5.857,0.9879,0.00953,270.23,53.34,0.56766748,0.7209376996,2.25,2.598995e-08,1.405476e-08,2.220423e-08,1.173714e-08,91.99,87.60,8692.01,8276.80,44.09,41.60
4.48337,5,0.3438,0.025,0.022,5.336,5.857,0.9879,0.00953,270.23,53.34,0.56766652,0.7209364803999999,2.25,2.597217e-08,1.405243e-08,2.222128e-08,1.175317e-08,92.10,87.71,8701.84,8287.30,44.15,41.66
4.48362,5,0.3439,0.025,0.022,5.336,5.857,0.9879,0.00953,270.23,53.34,0.5676655199999999,0.7209352103999999,2.25,2.596395e-08,1.405865e-08,2.223877e-08,1.176713e-08,92.28,87.81,8718.78,8296.76,44.25,41.72
4.48388,5,0.3439,0.025,0.022,5.336,5.857,0.9879,0.00953,270.23,53.34,0.5676644799999999,0.7209338895999999,2.25,2.596568e-08,1.404263e-08,2.224676e-08,1.177679e-08,92.03,87.90,8695.88,8304.89,44.12,41.77
4.48412,5,0.3439,0.025,0.022,5.336,5.857,0.9879,0.00953,270.23,53.34,0.56766352,0.7209326704,2.25,2.59363e-08,1.403672e-08,2.225815e-08,1.178226e-08,92.18,87.89,8709.37,8304.05,44.20,41.76
4.48438,5,0.3440,0.025,0.022,5.336,5.857,0.9879,0.00953,270.23,53.34,0.56766248,0.7209313495999999,2.25,2.592988e-08,1.40364e-08,2.229016e-08,1.17962e-08,92.25,87.87,8716.17,8301.98,44.24,41.75
4.48463,5,0.3440,0.025,0.022,5.336,5.857,0.9879,0.00953,270.23,53.34,0.5676614799999999,0.7209300795999999,2.25,2.592273e-08,1.402463e-08,2.230822e-08,1.180856e-08,92.14,87.91,8705.48,8306.16,44.17,41.77
4.48487,5,0.3440,0.025,0.022,5.336,5.857,0.9879,0.00953,270.23,53.34,0.56766052,0.7209288604,2.25,2.593056e-08,1.402464e-08,2.233979e-08,1.18251e-08,92.08,87.91,8699.77,8305.91,44.14,41.77
4.48513,5,0.3441,0.025,0.022,5.336,5.857,0.9879,0.00953,270.23,53.34,0.56765948,0.7209275396,2.25,2.592078e-08,1.40293e-08,2.237119e-08,1.184914e-08,92.24,88.05,8715.76,8319.39,44.23,41.85
4.48538,5,0.3441,0.025,0.022,5.336,5.857,0.9879,0.00953,270.23,53.34,0.56765848,0.7209262696,2.25,2.590121e-08,1.401269e-08,2.238827e-08,1.186184e-08,92.16,88.11,8707.61,8324.84,44.19,41.89
4.48562,5,0.3441,0.025,0.022,5.336,5.857,0.9879,0.00953,270.23,53.34,0.5676575199999999,0.7209250503999999,2.25,2.589686e-08,1.400829e-08,2.24168e-08,1.187227e-08,92.13,88.03,8704.83,8317.86,44.17,41.84
4.48588,5,0.3442,0.025,0.022,5.336,5.857,0.9879,0.00953,270.23,53.34,0.5676564799999999,0.7209237295999998,2.25,2.58976e-08,1.400398e-08,2.24538e-08,1.189763e-08,92.09,88.15,8700.99,8328.85,44.15,41.91
4.48613,5,0.3442,0.025,0.022,5.336,5.857,0.9879,0.00953,270.23,53.34,0.56765548,0.7209224596,2.25,2.589926e-08,1.401054e-08,2.250262e-08,1.191813e-08,92.17,88.07,8708.65,8320.88,44.19,41.86
4.48637,5,0.3442,0.025,0.022,5.336,5.857,0.9879,0.00953,270.23,53.34,0.5676545199999999,0.7209212403999999,2.25,2.589159e-08,1.400291e-08,2.251985e-08,1.19433e-08,92.12,88.32,8703.94,8344.72,44.16,42.01
4.48663,5,0.3443,0.025,0.022,5.335,5.857,0.9879,0.00954,270.23,53.34,0.5676534799999999,0.7209199195999999,2.25,2.588698e-08,1.400661e-08,2.256221e-08,1.194611e-08,92.24,88.04,8714.86,8318.00,44.23,41.84
4.48688,5,0.3443,0.025,0.022,5.335,5.857,0.9879,0.00954,270.23,53.34,0.56765248,0.7209186496000001,2.25,2.58727e-08,1.4005e-08,2.257806e-08,1.197296e-08,92.32,88.32,8723.16,8345.34,44.28,42.01
4.48712,5,0.3443,0.025,0.022,5.335,5.857,0.9879,0.00954,270.23,53.34,0.56765152,0.7209174304,2.25,2.586895e-08,1.401156e-08,2.262524e-08,1.199334e-08,92.45,88.25,8734.84,8338.47,44.35,41.97
4.48738,5,0.3444,0.025,0.022,5.335,5.857,0.9879,0.00954,270.23,53.34,0.56765048,0.7209161096,2.25,2.585912e-08,1.401048e-08,2.266153e-08,1.200728e-08,92.53,88.19,8743.15,8333.07,44.40,41.93
4.48763,5,0.3444,0.025,0.022,5.335,5.857,0.9879,0.00954,270.23,53.34,0.5676494799999999,0.7209148395999999,2.25,2.587252e-08,1.40043e-08,2.268224e-08,1.203031e-08,92.34,88.38,8724.88,8350.88,44.29,42.04
4.48787,5,0.3444,0.025,0.022,5.335,5.857,0.9879,0.00954,270.23,53.34,0.56764852,0.7209136204,2.25,2.5862e-08,1.401823e-08,2.27082e-08,1.20416e-08,92.62,88.34,8751.58,8347.22,44.45,42.02
4.48813,5,0.3445,0.025,0.022,5.335,5.857,0.9879,0.00954,270.23,53.34,0.56764748,0.7209122996,2.25,2.587727e-08,1.401079e-08,2.27579e-08,1.206813e-08,92.42,88.37,8732.73,8349.90,44.34,42.04
4.48837,5,0.3445,0.025,0.022,5.335,5.857,0.9879,0.00954,270.23,53.34,0.5676465199999999,0.7209110804,2.25,2.587448e-08,1.401307e-08,2.279141e-08,1.207935e-08,92.48,88.27,8737.89,8340.27,44.37,41.98
4.48862,5,0.3445,0.025,0.022,5.335,5.857,0.9879,0.00954,270.23,53.34,0.5676455199999999,0.7209098103999999,2.25,2.586328e-08,1.401555e-08,2.281255e-08,1.209501e-08,92.60,88.34,8749.53,8346.81,44.44,42.02
4.48888,5,0.3446,0.025,0.022,5.335,5.857,0.9879,0.00954,270.24,53.34,0.56764448,0.7209084896,2.25,2.586842e-08,1.401956e-08,2.283933e-08,1.210665e-08,92.65,88.33,8753.74,8345.48,44.46,42.01
4.48912,5,0.3446,0.025,0.022,5.335,5.857,0.9879,0.00954,270.24,53.34,0.56764352,0.7209072703999999,2.25,2.587098e-08,1.401582e-08,2.284984e-08,1.212309e-08,92.57,88.49,8746.75,8361.43,44.42,42.10
4.48937,5,0.3446,0.025,0.022,5.335,5.857,0.9879,0.00954,270.24,53.34,0.5676425199999999,0.7209060004,2.25,2.58609e-08,1.401969e-08,2.288705e-08,1.214555e-08,92.71,88.54,8759.47,8365.42,44.50,42.13
4.48963,5,0.3447,0.025,0.022,5.335,5.857,0.9879,0.00954,270.24,53.34,0.5676414799999999,0.7209046795999999,2.25,2.586095e-08,1.402683e-08,2.288227e-08,1.214071e-08,92.84,88.53,8771.73,8364.47,44.57,42.12
4.48987,5,0.3447,0.025,0.022,5.335,5.857,0.9879,0.00954,270.24,53.34,0.56764052,0.7209034604,2.25,2.585846e-08,1.403076e-08,2.290918e-08,1.215915e-08,92.91,88.59,8778.95,8370.57,44.61,42.16
4.49012,5,0.3447,0.025,0.022,5.335,5.857,0.9879,0.00954,270.24,53.34,0.56763952,0.7209021903999999,2.25,2.586423e-08,1.403166e-08,2.292623e-08,1.215856e-08,92.88,88.44,8775.90,8356.45,44.59,42.07
4.49038,5,0.3447,0.025,0.022,5.335,5.857,0.9879,0.00954,270.24,53.34,0.56763848,0.7209008696,2.25,2.585669e-08,1.402799e-08,2.292439e-08,1.216441e-08,92.89,88.55,8776.47,8366.45,44.60,42.13
4.49062,5,0.3448,0.025,0.022,5.335,5.857,0.9879,0.00954,270.24,53.34,0.56763752,0.7208996504,2.25,2.584194e-08,1.404132e-08,2.292178e-08,1.216572e-08,93.22,88.62,8808.27,8372.83,44.79,42.17
4.49087,5,0.3448,0.025,0.022,5.335,5.857,0.9879,0.00954,270.24,53.34,0.56763652,0.7208983804,2.25,2.583376e-08,1.402342e-08,2.291834e-08,1.216839e-08,93.03,88.69,8789.80,8379.43,44.68,42.21
4.49113,5,0.3448,0.025,0.022,5.335,5.857,0.9879,0.00954,270.24,53.34,0.56763548,0.7208970596,2.25,2.582238e-08,1.401922e-08,2.293309e-08,1.217125e-08,93.06,88.61,8792.52,8372.14,44.69,42.17
4.49137,5,0.3449,0.025,0.022,5.335,5.857,0.9879,0.00954,270.24,53.34,0.5676345199999999,0.7208958403999999,2.25,2.580467e-08,1.402086e-08,2.291258e-08,1.217721e-08,93.25,88.90,8810.54,8399.32,44.80,42.33
4.49162,5,0.3449,0.025,0.022,5.335,5.857,0.9879,0.00954,270.24,53.34,0.56763352,0.7208945704,2.25,2.57985e-08,1.402272e-08,2.292247e-08,1.216181e-08,93.32,88.57,8817.72,8368.99,44.84,42.15
4.49188,5,0.3449,0.025,0.022,5.335,5.857,0.9879,0.00954,270.24,53.34,0.56763248,0.7208932496,2.25,2.577766e-08,1.401676e-08,2.290374e-08,1.215627e-08,93.40,88.64,8825.12,8375.44,44.89,42.19
4.49212,5,0.3450,0.025,0.022,5.334,5.857,0.9879,0.00954,270.24,53.34,0.56763152,0.7208920303999999,2.25,2.575055e-08,1.400387e-08,2.28938e-08,1.214935e-08,93.46,88.64,8830.24,8375.45,44.92,42.19
4.49238,5,0.3450,0.025,0.022,5.334,5.857,0.9879,0.00954,270.24,53.34,0.5676304799999999,0.7208907095999999,2.25,2.571614e-08,1.398961e-08,2.286312e-08,1.215131e-08,93.52,88.93,8836.40,8402.33,44.96,42.35
4.49263,5,0.3450,0.025,0.022,5.334,5.857,0.9879,0.00954,270.24,53.34,0.5676294799999999,0.7208894395999998,2.25,2.572042e-08,1.399364e-08,2.284391e-08,1.214123e-08,93.55,88.93,8838.76,8402.52,44.97,42.35
4.49287,5,0.3451,0.025,0.022,5.334,5.857,0.9879,0.00954,270.24,53.34,0.56762852,0.7208882204,2.25,2.566918e-08,1.397371e-08,2.282183e-08,1.212247e-08,93.69,88.85,8852.36,8394.57,45.05,42.30
4.49313,5,0.3451,0.025,0.022,5.334,5.857,0.9879,0.00954,270.24,53.34,0.56762748,0.7208868996,2.25,2.562769e-08,1.396894e-08,2.279438e-08,1.210815e-08,93.95,88.85,8877.21,8394.96,45.20,42.30
4.49338,5,0.3451,0.025,0.022,5.334,5.857,0.9879,0.00954,270.24,53.34,0.5676264799999999,0.7208856295999999,2.25,2.559615e-08,1.394068e-08,2.275981e-08,1.209646e-08,93.79,88.95,8861.75,8404.85,45.11,42.36
4.49362,5,0.3452,0.025,0.022,5.334,5.857,0.9879,0.00954,270.24,53.34,0.56762552,0.7208844104,2.25,2.554903e-08,1.392367e-08,2.273431e-08,1.208351e-08,93.95,88.99,8876.43,8408.18,45.20,42.38
4.49388,5,0.3452,0.025,0.022,5.334,5.857,0.9879,0.00954,270.24,53.34,0.56762448,0.7208830896,2.25,2.551714e-08,1.39147e-08,2.271008e-08,1.207459e-08,94.07,89.05,8888.24,8414.07,45.27,42.42
4.49413,5,0.3452,0.025,0.022,5.334,5.857,0.9879,0.00954,270.24,53.34,0.56762348,0.7208818196,2.25,2.546288e-08,1.389434e-08,2.267906e-08,1.20439e-08,94.21,88.83,8901.24,8392.94,45.35,42.29
4.49437,5,0.3453,0.025,0.022,5.334,5.857,0.9879,0.00954,270.24,53.34,0.5676225199999999,0.7208806003999999,2.25,2.542767e-08,1.386592e-08,2.263849e-08,1.202724e-08,94.10,88.93,8890.82,8402.65,45.28,42.35
4.49463,5,0.3453,0.025,0.022,5.334,5.857,0.9879,0.00954,270.24,53.34,0.56762148,0.7208792796,2.25,2.535801e-08,1.383008e-08,2.259388e-08,1.200823e-08,94.13,89.01,8893.86,8409.66,45.30,42.39
4.49488,5,0.3453,0.025,0.022,5.334,5.857,0.9879,0.00954,270.24,53.34,0.56762048,0.7208780096,2.25,2.531011e-08,1.3817e-08,2.257121e-08,1.1991e-08,94.33,88.92,8912.37,8401.91,45.41,42.35
4.49512,5,0.3454,0.025,0.022,5.334,5.857,0.9879,0.00954,270.24,53.34,0.5676195199999999,0.7208767904,2.25,2.524579e-08,1.377359e-08,2.254385e-08,1.197272e-08,94.23,88.89,8903.14,8398.74,45.36,42.33
4.49538,5,0.3454,0.025,0.022,5.334,5.857,0.9879,0.00954,270.24,53.34,0.5676184799999999,0.7208754695999999,2.25,2.5208e-08,1.374571e-08,2.250124e-08,1.19612e-08,94.12,89.07,8892.80,8415.41,45.29,42.43
4.49563,5,0.3454,0.025,0.022,5.334,5.857,0.9879,0.00954,270.24,53.34,0.56761748,0.7208741996,2.25,2.512107e-08,1.371592e-08,2.245076e-08,1.194148e-08,94.39,89.18,8917.98,8426.12,45.45,42.49
4.49587,5,0.3455,0.025,0.022,5.334,5.857,0.9879,0.00954,270.24,53.34,0.56761652,0.7208729803999999,2.25,2.506026e-08,1.369751e-08,2.243314e-08,1.192705e-08,94.64,89.12,8941.83,8420.93,45.59,42.46
4.49613,5,0.3455,0.025,0.022,5.334,5.857,0.9879,0.00954,270.24,53.34,0.56761548,0.7208716596,2.25,2.499497e-08,1.366273e-08,2.239143e-08,1.190781e-08,94.65,89.17,8943.14,8425.37,45.60,42.49
4.49637,5,0.3455,0.025,0.022,5.334,5.857,0.9879,0.00954,270.24,53.34,0.56761452,0.7208704404,2.25,2.491629e-08,1.361928e-08,2.235199e-08,1.188594e-08,94.64,89.16,8942.50,8424.01,45.59,42.48
4.49662,5,0.3456,0.025,0.022,5.334,5.857,0.9879,0.00954,270.24,53.34,0.56761352,0.7208691704,2.25,2.482238e-08,1.357504e-08,2.232206e-08,1.186819e-08,94.78,89.15,8955.41,8423.67,45.67,42.48
4.49688,5,0.3456,0.025,0.022,5.334,5.857,0.9879,0.00954,270.24,53.34,0.56761248,0.7208678495999999,2.25,2.47598e-08,1.355125e-08,2.228394e-08,1.18492e-08,94.94,89.17,8970.65,8425.61,45.76,42.49
4.49712,5,0.3456,0.025,0.022,5.334,5.857,0.9879,0.00954,270.24,53.34,0.5676115199999999,0.7208666303999999,2.25,2.467942e-08,1.351296e-08,2.225558e-08,1.184191e-08,95.03,89.30,8979.02,8437.46,45.81,42.56
4.49737,5,0.3457,0.025,0.022,5.333,5.857,0.9879,0.00954,270.24,53.34,0.56761052,0.7208653604,2.25,2.460289e-08,1.347442e-08,2.223097e-08,1.183118e-08,95.11,89.36,8986.58,8443.51,45.86,42.59
4.49763,5,0.3457,0.025,0.022,5.333,5.857,0.9879,0.00954,270.24,53.34,0.56760948,0.7208640396,2.25,2.454068e-08,1.342746e-08,2.220446e-08,1.182434e-08,94.91,89.48,8967.55,8454.62,45.74,42.66
4.49787,5,0.3457,0.025,0.022,5.333,5.857,0.9879,0.00954,270.24,53.34,0.56760852,0.7208628203999999,2.25,2.445211e-08,1.338684e-08,2.214882e-08,1.17982e-08,95.03,89.54,8979.16,8459.97,45.81,42.69
4.49812,5,0.3458,0.025,0.022,5.333,5.857,0.9879,0.00954,270.24,53.34,0.5676075199999999,0.7208615503999999,2.25,2.436234e-08,1.334612e-08,2.214477e-08,1.179203e-08,95.19,89.50,8994.31,8456.26,45.90,42.67
4.49838,5,0.3458,0.025,0.022,5.333,5.857,0.9879,0.00954,270.24,53.34,0.5676064799999999,0.7208602295999998,2.25,2.428566e-08,1.331166e-08,2.210435e-08,1.178147e-08,95.31,89.68,9005.60,8473.13,45.97,42.77
4.49862,5,0.3458,0.025,0.022,5.333,5.857,0.9879,0.00954,270.24,53.34,0.56760552,0.7208590104,2.25,2.419706e-08,1.32767e-08,2.207991e-08,1.176845e-08,95.53,89.68,9026.06,8473.14,46.09,42.77
4.49887,5,0.3459,0.025,0.022,5.333,5.857,0.9879,0.00954,270.24,53.34,0.56760452,0.7208577404,2.25,2.41105e-08,1.321518e-08,2.206882e-08,1.175519e-08,95.33,89.58,9007.49,8464.26,45.98,42.72
4.49913,5,0.3459,0.025,0.022,5.333,5.857,0.9879,0.00954,270.24,53.34,0.5676034799999999,0.7208564195999999,2.25,2.401806e-08,1.318325e-08,2.204614e-08,1.175639e-08,95.63,89.80,9035.91,8484.77,46.15,42.84
4.49937,5,0.3459,0.025,0.022,5.333,5.857,0.9879,0.00954,270.24,53.34,0.56760252,0.7208552004000001,2.25,2.394648e-08,1.314446e-08,2.203948e-08,1.174602e-08,95.64,89.69,9036.67,8474.23,46.16,42.78
4.49962,5,0.3460,0.025,0.022,5.333,5.857,0.9879,0.00954,270.24,53.34,0.56760152,0.7208539304,2.25,2.387541e-08,1.311961e-08,2.201835e-08,1.174144e-08,95.90,89.82,9060.97,8487.02,46.30,42.86
4.49988,5,0.3460,0.025,0.022,5.333,5.857,0.9879,0.00954,270.24,53.34,0.56760048,0.7208526096,2.25,2.379817e-08,1.307696e-08,2.199892e-08,1.173334e-08,95.90,89.86,9060.65,8490.52,46.30,42.88
4.50012,5,0.3460,0.025,0.022,5.333,5.857,0.9879,0.00954,270.24,53.34,0.5675995199999999,0.7208513903999999,2.25,2.371221e-08,1.303518e-08,2.199264e-08,1.173481e-08,95.98,89.94,9069.07,8498.00,46.35,42.92
4.50038,5,0.3461,0.025,0.022,5.333,5.857,0.9879,0.00954,270.24,53.34,0.56759848,0.7208500696,2.25,2.364592e-08,1.299332e-08,2.198157e-08,1.173064e-08,95.92,89.99,9063.30,8503.16,46.32,42.95
4.50063,5,0.3461,0.025,0.022,5.333,5.857,0.9879,0.00954,270.24,53.34,0.56759748,0.7208487996,2.25,2.356075e-08,1.296415e-08,2.197353e-08,1.173677e-08,96.21,90.17,9090.74,8519.38,46.48,43.05
4.50087,5,0.3461,0.025,0.022,5.333,5.857,0.9879,0.00954,270.24,53.34,0.5675965199999999,0.7208475804,2.25,2.348417e-08,1.292128e-08,2.196002e-08,1.172606e-08,96.20,90.11,9089.60,8513.93,46.47,43.02
4.50113,5,0.3462,0.025,0.022,5.333,5.857,0.9879,0.00954,270.24,53.34,0.5675954799999999,0.7208462595999999,2.25,2.342903e-08,1.288792e-08,2.195239e-08,1.171593e-08,96.18,90.04,9087.49,8506.96,46.46,42.97
4.50138,5,0.3462,0.025,0.022,5.333,5.857,0.9879,0.00954,270.24,53.34,0.56759448,0.7208449896,2.25,2.334867e-08,1.285202e-08,2.193401e-08,1.172189e-08,96.32,90.30,9100.56,8531.57,46.54,43.12
4.50162,5,0.3462,0.025,0.022,5.333,5.857,0.9879,0.00954,270.24,53.34,0.56759352,0.7208437703999999,2.25,2.32851e-08,1.282718e-08,2.192846e-08,1.172091e-08,96.49,90.33,9116.61,8534.68,46.64,43.14
4.50188,5,0.3463,0.025,0.022,5.333,5.857,0.9879,0.00954,270.24,53.34,0.56759248,0.7208424496,2.25,2.321386e-08,1.279303e-08,2.192396e-08,1.171983e-08,96.60,90.38,9127.33,8539.22,46.70,43.17
4.50213,5,0.3463,0.025,0.022,5.333,5.857,0.9879,0.00954,270.24,53.34,0.5675914799999999,0.7208411795999999,2.25,2.314364e-08,1.276699e-08,2.193238e-08,1.17238e-08,96.81,90.37,9147.54,8538.39,46.82,43.16
4.50237,5,0.3463,0.025,0.022,5.333,5.857,0.9879,0.00954,270.24,53.34,0.56759052,0.7208399604,2.25,2.308554e-08,1.273773e-08,2.191066e-08,1.171572e-08,96.86,90.43,9152.01,8543.92,46.85,43.20
4.50263,5,0.3464,0.025,0.022,5.332,5.857,0.9879,0.00954,270.24,53.34,0.56758948,0.7208386395999999,2.25,2.303601e-08,1.270584e-08,2.18836e-08,1.172219e-08,96.81,90.80,9147.32,8579.32,46.82,43.41
4.50288,5,0.3464,0.025,0.022,5.332,5.857,0.9879,0.00954,270.24,53.34,0.56758848,0.7208373696,2.25,2.298351e-08,1.267405e-08,2.188952e-08,1.171381e-08,96.76,90.61,9142.77,8561.14,46.79,43.30
4.50312,5,0.3464,0.025,0.022,5.332,5.857,0.9879,0.00954,270.24,53.34,0.56758752,0.7208361504,2.25,2.291974e-08,1.264633e-08,2.187525e-08,1.17101e-08,96.89,90.67,9154.78,8567.32,46.87,43.34
4.50338,5,0.3465,0.025,0.022,5.332,5.857,0.9879,0.00954,270.24,53.34,0.56758648,0.7208348296,2.25,2.286919e-08,1.262853e-08,2.18674e-08,1.171949e-08,97.09,90.93,9173.78,8591.23,46.98,43.48
4.50363,5,0.3465,0.025,0.022,5.332,5.857,0.9879,0.00954,270.24,53.34,0.56758548,0.7208335596,2.25,2.282275e-08,1.260335e-08,2.185606e-08,1.171262e-08,97.10,90.91,9174.54,8589.98,46.98,43.47
4.50387,5,0.3465,0.025,0.022,5.332,5.857,0.9879,0.00954,270.24,53.34,0.5675845199999999,0.7208323403999999,2.25,2.274478e-08,1.257928e-08,2.18466e-08,1.17067e-08,97.43,90.90,9205.57,8588.64,47.17,43.46
4.50413,5,0.3466,0.025,0.022,5.332,5.857,0.9879,0.00954,270.24,53.34,0.5675834799999999,0.7208310196,2.25,2.270944e-08,1.255729e-08,2.184321e-08,1.170054e-08,97.41,90.85,9204.21,8584.25,47.16,43.44
4.50437,5,0.3466,0.025,0.022,5.332,5.857,0.9879,0.00954,270.24,53.34,0.56758252,0.7208298004,2.25,2.265536e-08,1.25216e-08,2.182414e-08,1.168893e-08,97.31,90.83,9194.71,8582.05,47.10,43.42
4.50462,5,0.3466,0.025,0.022,5.332,5.857,0.9879,0.00954,270.24,53.34,0.56758152,0.7208285304,2.25,2.261797e-08,1.250628e-08,2.180588e-08,1.168783e-08,97.41,90.98,9203.50,8595.79,47.16,43.51
4.50488,5,0.3466,0.025,0.022,5.332,5.857,0.9879,0.00954,270.24,53.34,0.5675804799999999,0.7208272095999999,2.25,2.256115e-08,1.248261e-08,2.178827e-08,1.16762e-08,97.54,90.94,9216.30,8592.32,47.23,43.49
4.50512,5,0.3467,0.025,0.022,5.332,5.857,0.9879,0.00954,270.24,53.34,0.56757952,0.7208259904000001,2.25,2.25294e-08,1.246645e-08,2.175282e-08,1.16625e-08,97.60,91.05,9221.29,8603.22,47.26,43.55
4.50537,5,0.3467,0.025,0.022,5.332,5.857,0.9879,0.00954,270.24,53.34,0.56757852,0.7208247204,2.25,2.248929e-08,1.243269e-08,2.171781e-08,1.165316e-08,97.39,91.21,9202.12,8618.25,47.15,43.64
4.50563,5,0.3467,0.025,0.022,5.332,5.857,0.9879,0.00954,270.24,53.34,0.56757748,0.7208233996,2.25,2.244859e-08,1.242171e-08,2.169759e-08,1.163383e-08,97.59,91.07,9221.25,8604.72,47.26,43.56
4.50587,5,0.3468,0.025,0.022,5.332,5.857,0.9879,0.00954,270.24,53.34,0.5675765199999999,0.7208221803999999,2.25,2.238712e-08,1.239497e-08,2.167135e-08,1.162319e-08,97.75,91.15,9236.04,8612.68,47.35,43.61
4.50612,5,0.3468,0.025,0.022,5.332,5.857,0.9879,0.00954,270.24,53.34,0.56757552,0.7208209104,2.25,2.23494e-08,1.23675e-08,2.164747e-08,1.159839e-08,97.63,90.95,9225.03,8593.51,47.29,43.49
4.50638,5,0.3468,0.025,0.022,5.332,5.857,0.9879,0.00954,270.24,53.34,0.56757448,0.7208195896,2.25,2.230968e-08,1.234484e-08,2.159844e-08,1.158392e-08,97.62,91.15,9223.90,8612.41,47.28,43.61
4.50662,5,0.3469,0.025,0.022,5.332,5.857,0.9879,0.00954,270.24,53.34,0.5675735199999999,0.7208183704,2.25,2.223552e-08,1.232559e-08,2.156597e-08,1.1562e-08,98.04,91.10,9263.21,8607.66,47.52,43.58
4.50687,5,0.3469,0.025,0.022,5.332,5.857,0.9879,0.00954,270.24,53.34,0.5675725199999999,0.7208171003999999,2.25,2.221221e-08,1.230278e-08,2.150829e-08,1.15412e-08,97.86,91.27,9246.54,8623.97,47.42,43.68
4.50713,5,0.3469,0.025,0.022,5.332,5.857,0.9879,0.00954,270.24,53.34,0.5675714799999999,0.7208157795999999,2.25,2.217101e-08,1.227161e-08,2.145624e-08,1.151653e-08,97.71,91.33,9232.45,8629.24,47.33,43.71
4.50737,5,0.3470,0.025,0.022,5.331,5.857,0.9879,0.00954,270.24,53.34,0.56757052,0.7208145603999999,2.25,2.211587e-08,1.224544e-08,2.140921e-08,1.148846e-08,97.82,91.31,9242.47,8627.14,47.39,43.69
4.50762,5,0.3470,0.025,0.022,5.331,5.857,0.9879,0.00954,270.24,53.34,0.5675695199999999,0.7208132904,2.25,2.207427e-08,1.222148e-08,2.136302e-08,1.147024e-08,97.80,91.42,9240.90,8637.81,47.38,43.76
4.50788,5,0.3470,0.025,0.022,5.331,5.857,0.9879,0.00954,270.24,53.34,0.5675684799999999,0.7208119695999999,2.25,2.201419e-08,1.219333e-08,2.130843e-08,1.144443e-08,97.89,91.48,9249.59,8643.52,47.43,43.79
4.50812,5,0.3471,0.025,0.022,5.331,5.857,0.9879,0.00954,270.24,53.34,0.56756752,0.7208107504,2.25,2.197615e-08,1.216974e-08,2.124266e-08,1.141855e-08,97.88,91.67,9247.96,8661.49,47.42,43.90
4.50838,5,0.3471,0.025,0.022,5.331,5.857,0.9879,0.00954,270.24,53.34,0.56756648,0.7208094295999999,2.25,2.192426e-08,1.213829e-08,2.118055e-08,1.138791e-08,97.83,91.72,9243.33,8666.01,47.40,43.93
4.50863,5,0.3471,0.025,0.022,5.331,5.857,0.9879,0.00954,270.24,53.34,0.56756548,0.7208081596,2.25,2.185662e-08,1.210851e-08,2.114061e-08,1.135637e-08,97.97,91.54,9256.46,8649.43,47.47,43.83
4.50887,5,0.3472,0.025,0.022,5.331,5.857,0.9879,0.00954,270.24,53.34,0.5675645199999999,0.7208069403999999,2.25,2.182189e-08,1.20669e-08,2.106454e-08,1.132224e-08,97.59,91.69,9220.80,8663.05,47.26,43.91
4.50913,5,0.3472,0.025,0.022,5.331,5.857,0.9879,0.00954,270.24,53.34,0.56756348,0.7208056196,2.25,2.175462e-08,1.2039e-08,2.099442e-08,1.129332e-08,97.76,91.84,9236.76,8677.62,47.36,44.00
4.50938,5,0.3472,0.025,0.022,5.331,5.857,0.9879,0.00954,270.24,53.34,0.56756248,0.7208043496,2.25,2.169797e-08,1.200434e-08,2.093509e-08,1.126583e-08,97.70,91.92,9231.06,8685.00,47.32,44.04
4.50962,5,0.3473,0.025,0.022,5.331,5.857,0.9879,0.00954,270.24,53.34,0.5675615199999999,0.7208031303999999,2.25,2.163539e-08,1.197268e-08,2.088393e-08,1.123191e-08,97.78,91.83,9238.84,8676.82,47.37,43.99
4.50988,5,0.3473,0.025,0.022,5.331,5.857,0.9879,0.00954,270.24,53.34,0.5675604799999999,0.7208018096,2.25,2.15677e-08,1.194262e-08,2.083611e-08,1.120065e-08,97.92,91.73,9251.67,8667.54,47.44,43.94
4.51013,5,0.3473,0.025,0.022,5.331,5.857,0.9879,0.00954,270.24,53.34,0.56755948,0.7208005396,2.25,2.154419e-08,1.190004e-08,2.077141e-08,1.117336e-08,97.37,91.87,9200.46,8680.12,47.14,44.01
4.51037,5,0.3474,0.025,0.022,5.331,5.857,0.9879,0.00954,270.24,53.34,0.56755852,0.7207993203999999,2.25,2.143981e-08,1.187668e-08,2.0711e-08,1.11431e-08,98.04,91.93,9262.86,8686.39,47.51,44.05
4.51063,5,0.3474,0.025,0.022,5.331,5.857,0.9879,0.00954,270.24,53.34,0.56755748,0.7207979995999999,2.25,2.138072e-08,1.183212e-08,2.065613e-08,1.111078e-08,97.82,91.88,9242.15,8681.66,47.39,44.02
4.51088,5,0.3474,0.025,0.022,5.331,5.857,0.9879,0.00954,270.24,53.34,0.5675564799999999,0.7207967295999999,2.25,2.132303e-08,1.180042e-08,2.061144e-08,1.108272e-08,97.82,91.81,9242.54,8674.85,47.39,43.98
4.51112,5,0.3475,0.025,0.022,5.331,5.857,0.9879,0.00954,270.24,53.34,0.56755552,0.7207955104,2.25,2.125174e-08,1.176709e-08,2.054226e-08,1.10515e-08,97.96,91.95,9255.99,8687.51,47.47,44.06
4.51138,5,0.3475,0.025,0.022,5.331,5.857,0.9879,0.00954,270.24,53.34,0.56755448,0.7207941896,2.25,2.118554e-08,1.172097e-08,2.050413e-08,1.102986e-08,97.79,91.93,9239.27,8685.59,47.37,44.04
4.51163,5,0.3475,0.025,0.022,5.331,5.857,0.9879,0.00954,270.24,53.34,0.5675534799999999,0.7207929195999999,2.25,2.111978e-08,1.168558e-08,2.042644e-08,1.099124e-08,97.80,91.98,9241.03,8691.02,47.38,44.08
4.51187,5,0.3476,0.025,0.022,5.331,5.857,0.9879,0.00954,270.24,53.34,0.56755252,0.7207917004000001,2.25,2.104502e-08,1.165256e-08,2.038313e-08,1.096373e-08,97.99,91.93,9258.53,8686.30,47.49,44.05
4.51213,5,0.3476,0.025,0.022,5.331,5.857,0.9879,0.00954,270.24,53.34,0.56755148,0.7207903796,2.25,2.097753e-08,1.160842e-08,2.033616e-08,1.094043e-08,97.86,91.97,9246.44,8689.68,47.41,44.07
4.51237,5,0.3476,0.025,0.022,5.331,5.857,0.9879,0.00954,270.24,53.34,0.56755052,0.7207891604,2.25,2.091874e-08,1.157917e-08,2.028005e-08,1.091022e-08,97.92,91.97,9252.32,8689.64,47.45,44.07
4.51262,5,0.3477,0.025,0.022,5.330,5.857,0.9879,0.00954,270.24,53.34,0.5675495199999999,0.7207878903999999,2.25,2.084634e-08,1.153948e-08,2.023274e-08,1.089152e-08,97.96,92.12,9255.67,8703.82,47.47,44.15
4.51288,5,0.3477,0.025,0.022,5.330,5.857,0.9879,0.00954,270.24,53.34,0.5675484799999999,0.7207865695999999,2.25,2.078409e-08,1.150031e-08,2.018335e-08,1.08685e-08,97.87,92.18,9247.19,8710.01,47.42,44.19
4.51312,5,0.3477,0.025,0.022,5.330,5.857,0.9879,0.00954,270.24,53.34,0.56754752,0.7207853504,2.25,2.072709e-08,1.146958e-08,2.013566e-08,1.08491e-08,97.88,92.30,9248.65,8720.95,47.43,44.26
4.51337,5,0.3478,0.025,0.022,5.330,5.857,0.9879,0.00954,270.24,53.34,0.5675465199999999,0.7207840804,2.25,2.066034e-08,1.143414e-08,2.008887e-08,1.082905e-08,97.94,92.42,9254.02,8732.48,47.46,44.32
4.51363,5,0.3478,0.025,0.022,5.330,5.857,0.9879,0.00954,270.24,53.34,0.5675454799999999,0.7207827595999999,2.25,2.060364e-08,1.140721e-08,2.007049e-08,1.080051e-08,98.03,92.08,9262.11,8699.92,47.51,44.13
4.51387,5,0.3478,0.025,0.022,5.330,5.857,0.9879,0.00954,270.24,53.34,0.56754452,0.7207815404,2.25,2.05291e-08,1.137246e-08,2.001499e-08,1.078935e-08,98.15,92.42,9274.02,8732.70,47.58,44.33
4.51412,5,0.3479,0.025,0.022,5.330,5.857,0.9879,0.00954,270.24,53.34,0.56754352,0.7207802703999999,2.25,2.047644e-08,1.133919e-08,1.999292e-08,1.076928e-08,98.10,92.30,9269.18,8720.85,47.55,44.25
4.51438,5,0.3479,0.025,0.022,5.330,5.857,0.9879,0.00954,270.24,53.34,0.56754248,0.7207789496,2.25,2.042243e-08,1.130699e-08,1.995564e-08,1.074637e-08,98.06,92.25,9264.97,8715.88,47.52,44.22
4.51462,5,0.3479,0.025,0.022,5.330,5.857,0.9879,0.00954,270.24,53.34,0.5675415199999999,0.7207777303999999,2.25,2.036739e-08,1.127746e-08,1.993023e-08,1.072635e-08,98.08,92.13,9266.71,8704.74,47.53,44.16
4.51487,5,0.3480,0.025,0.022,5.330,5.857,0.9879,0.00954,270.24,53.34,0.56754052,0.7207764604,2.25,2.032079e-08,1.124905e-08,1.989689e-08,1.071273e-08,98.05,92.24,9264.56,8714.85,47.52,44.22
4.51513,5,0.3480,0.025,0.022,5.330,5.857,0.9879,0.00954,270.24,53.34,0.56753948,0.7207751396,2.25,2.026281e-08,1.122631e-08,1.98599e-08,1.069829e-08,98.24,92.34,9281.89,8724.53,47.62,44.28
4.51537,5,0.3480,0.025,0.022,5.330,5.857,0.9879,0.00954,270.24,53.34,0.5675385199999999,0.7207739203999999,2.25,2.020125e-08,1.120281e-08,1.98513e-08,1.068766e-08,98.45,92.23,9301.63,8713.93,47.74,44.21
4.51562,5,0.3481,0.025,0.022,5.330,5.857,0.9879,0.00954,270.24,53.34,0.5675375199999999,0.7207726503999999,2.25,2.018295e-08,1.117971e-08,1.980332e-08,1.067732e-08,98.22,92.54,9280.17,8743.92,47.61,44.39
4.51588,5,0.3481,0.025,0.022,5.330,5.857,0.9879,0.00954,270.24,53.34,0.56753648,0.7207713296,2.25,2.012894e-08,1.115474e-08,1.978657e-08,1.066513e-08,98.32,92.48,9289.40,8738.30,47.67,44.36
4.51612,5,0.3481,0.025,0.022,5.330,5.857,0.9879,0.00954,270.24,53.34,0.56753552,0.7207701103999999,2.25,2.00896e-08,1.112528e-08,1.97673e-08,1.065018e-08,98.16,92.40,9275.08,8730.19,47.58,44.31
4.51638,5,0.3482,0.025,0.022,5.330,5.857,0.9879,0.00954,270.24,53.34,0.56753448,0.7207687895999999,2.25,2.006495e-08,1.111476e-08,1.974699e-08,1.063107e-08,98.25,92.27,9283.61,8718.17,47.63,44.24
4.51663,5,0.3482,0.025,0.022,5.330,5.857,0.9879,0.00954,270.24,53.34,0.5675334799999999,0.7207675196,2.25,2.003982e-08,1.110366e-08,1.973093e-08,1.062355e-08,98.31,92.29,9288.90,8720.17,47.67,44.25
4.51687,5,0.3482,0.025,0.022,5.330,5.857,0.9879,0.00954,270.24,53.34,0.56753252,0.7207663004,2.25,2.001542e-08,1.108676e-08,1.971518e-08,1.061649e-08,98.24,92.32,9282.55,8722.70,47.63,44.26
4.51713,5,0.3483,0.025,0.022,5.330,5.857,0.9879,0.00954,270.24,53.34,0.56753148,0.7207649796,2.25,1.998514e-08,1.107173e-08,1.969539e-08,1.060062e-08,98.31,92.25,9288.49,8715.92,47.66,44.22
4.51738,5,0.3483,0.025,0.022,5.330,5.857,0.9879,0.00954,270.24,53.34,0.56753048,0.7207637095999999,2.25,1.996617e-08,1.105694e-08,1.968661e-08,1.059455e-08,98.22,92.22,9280.44,8713.52,47.61,44.21
4.51762,5,0.3483,0.025,0.022,5.330,5.857,0.9879,0.00954,270.24,53.34,0.56752952,0.7207624904000001,2.25,1.991481e-08,1.105211e-08,1.965369e-08,1.057826e-08,98.69,92.25,9325.08,8716.07,47.88,44.22
4.51788,5,0.3484,0.025,0.022,5.329,5.857,0.9879,0.00954,270.24,53.34,0.56752848,0.7207611696,2.25,1.99053e-08,1.104081e-08,1.965442e-08,1.057491e-08,98.60,92.20,9316.34,8711.89,47.83,44.20
4.51813,5,0.3484,0.025,0.022,5.329,5.857,0.9879,0.00954,270.24,53.34,0.56752748,0.7207598996,2.25,1.989442e-08,1.103415e-08,1.961775e-08,1.056131e-08,98.59,92.32,9315.16,8722.85,47.82,44.27
4.51837,5,0.3484,0.025,0.022,5.329,5.857,0.9879,0.00954,270.24,53.34,0.5675265199999999,0.7207586803999999,2.25,1.987248e-08,1.101936e-08,1.961381e-08,1.05523e-08,98.54,92.19,9310.19,8710.54,47.79,44.19
4.51863,5,0.3485,0.025,0.022,5.329,5.857,0.9879,0.00954,270.24,53.34,0.5675254799999999,0.7207573595999999,2.25,1.987207e-08,1.102012e-08,1.96028e-08,1.054428e-08,98.58,92.18,9314.73,8709.29,47.82,44.18
4.51888,5,0.3485,0.025,0.022,5.329,5.857,0.9879,0.00954,270.24,53.34,0.56752448,0.7207560896,2.25,1.986585e-08,1.102215e-08,1.957322e-08,1.054249e-08,98.69,92.44,9325.14,8734.60,47.88,44.34
4.51912,5,0.3485,0.025,0.022,5.329,5.857,0.9879,0.00954,270.24,53.34,0.56752352,0.7207548704,2.25,1.984921e-08,1.101319e-08,1.958133e-08,1.05356e-08,98.70,92.23,9325.66,8714.42,47.89,44.21
4.51938,5,0.3486,0.025,0.022,5.329,5.857,0.9879,0.00954,270.24,53.34,0.5675224799999999,0.7207535495999999,2.25,1.985517e-08,1.101673e-08,1.95512e-08,1.052946e-08,98.73,92.45,9328.77,8735.01,47.90,44.34
4.51962,5,0.3486,0.025,0.022,5.329,5.857,0.9879,0.00954,270.24,53.34,0.56752152,0.7207523304,2.25,1.984442e-08,1.101816e-08,1.955083e-08,1.051513e-08,98.88,92.18,9342.86,8709.64,47.99,44.19
4.51987,5,0.3486,0.025,0.022,5.329,5.857,0.9879,0.00954,270.24,53.34,0.56752052,0.7207510603999999,2.25,1.983752e-08,1.101474e-08,1.954009e-08,1.051845e-08,98.89,92.35,9343.64,8725.97,47.99,44.28
4.52013,5,0.3486,0.025,0.022,5.329,5.857,0.9879,0.00954,270.24,53.34,0.56751948,0.7207497396,2.25,1.985648e-08,1.101537e-08,1.950674e-08,1.050722e-08,98.69,92.48,9324.81,8738.08,47.88,44.36
4.52037,5,0.3487,0.025,0.022,5.329,5.857,0.9879,0.00954,270.24,53.34,0.5675185199999999,0.7207485203999999,2.25,1.985109e-08,1.102316e-08,1.949949e-08,1.049948e-08,98.94,92.43,9348.01,8733.67,48.02,44.33
4.52062,5,0.3487,0.025,0.022,5.329,5.857,0.9879,0.00954,270.24,53.34,0.56751752,0.7207472504,2.25,1.986916e-08,1.102804e-08,1.950733e-08,1.048489e-08,98.83,92.08,9338.20,8699.85,47.96,44.13
4.52088,5,0.3487,0.025,0.022,5.329,5.857,0.9879,0.00954,270.24,53.34,0.56751648,0.7207459296,2.25,1.986464e-08,1.103029e-08,1.947948e-08,1.047972e-08,98.93,92.26,9347.26,8717.48,48.01,44.23
4.52112,5,0.3488,0.025,0.022,5.329,5.857,0.9879,0.00954,270.24,53.34,0.5675155199999999,0.7207447104,2.25,1.988167e-08,1.102996e-08,1.946641e-08,1.047473e-08,98.76,92.33,9331.33,8723.66,47.92,44.27
4.52137,5,0.3488,0.025,0.022,5.329,5.857,0.9879,0.00954,270.24,53.34,0.5675145199999999,0.7207434403999999,2.25,1.988544e-08,1.103835e-08,1.9471e-08,1.046991e-08,98.89,92.19,9343.30,8710.53,47.99,44.19
4.52163,5,0.3488,0.025,0.022,5.329,5.857,0.9879,0.00954,270.24,53.34,0.5675134799999999,0.7207421195999999,2.25,1.989268e-08,1.105103e-08,1.945039e-08,1.046327e-08,99.06,92.27,9359.79,8718.53,48.09,44.24
4.52187,5,0.3489,0.025,0.022,5.329,5.857,0.9879,0.00954,270.24,53.34,0.56751252,0.7207409003999999,2.25,1.989787e-08,1.104061e-08,1.944614e-08,1.04484e-08,98.82,92.06,9337.16,8698.36,47.95,44.12
4.52212,5,0.3489,0.025,0.022,5.329,5.857,0.9879,0.00954,270.24,53.34,0.5675115199999999,0.7207396303999999,2.25,1.992495e-08,1.105428e-08,1.9428e-08,1.045716e-08,98.79,92.41,9334.59,8731.76,47.94,44.32
4.52238,5,0.3489,0.025,0.022,5.329,5.857,0.9879,0.00954,270.24,53.34,0.5675104799999999,0.7207383096,2.25,1.992697e-08,1.105558e-08,1.941579e-08,1.044926e-08,98.80,92.39,9334.93,8729.36,47.94,44.30
4.52262,5,0.3490,0.025,0.022,5.329,5.857,0.9879,0.00954,270.25,53.34,0.56750952,0.7207370904,2.25,1.992529e-08,1.106664e-08,1.94195e-08,1.043208e-08,99.07,92.05,9360.39,8697.24,48.09,44.11
4.52287,5,0.3490,0.025,0.022,5.329,5.857,0.9879,0.00954,270.25,53.34,0.56750852,0.7207358204,2.25,1.994875e-08,1.106943e-08,1.938558e-08,1.042578e-08,98.86,92.28,9340.95,8718.78,47.98,44.24
4.52313,5,0.3490,0.025,0.022,5.329,5.857,0.9879,0.00954,270.25,53.34,0.56750748,0.7207344995999999,2.25,1.995815e-08,1.107366e-08,1.935986e-08,1.042696e-08,98.84,92.57,9339.08,8746.03,47.96,44.40
4.52337,5,0.3491,0.025,0.022,5.328,5.857,0.9879,0.00954,270.25,53.34,0.56750652,0.7207332804000001,2.25,1.996883e-08,1.108637e-08,1.935425e-08,1.041942e-08,99.01,92.50,9354.62,8740.32,48.06,44.37
4.52363,5,0.3491,0.025,0.022,5.328,5.857,0.9879,0.00954,270.25,53.34,0.56750548,0.7207319596,2.25,1.99837e-08,1.108778e-08,1.934036e-08,1.04089e-08,98.87,92.45,9341.65,8734.79,47.98,44.33
4.52388,5,0.3491,0.025,0.022,5.328,5.857,0.9879,0.00954,270.25,53.34,0.56750448,0.7207306896,2.25,1.999724e-08,1.109181e-08,1.933149e-08,1.039935e-08,98.80,92.35,9335.07,8726.11,47.94,44.28
4.52412,5,0.3492,0.025,0.022,5.328,5.857,0.9879,0.00954,270.25,53.34,0.5675035199999999,0.7207294703999999,2.25,1.999573e-08,1.109255e-08,1.932829e-08,1.039703e-08,98.86,92.37,9340.72,8727.52,47.97,44.29
4.52438,5,0.3492,0.025,0.022,5.328,5.857,0.9879,0.00955,270.25,53.34,0.5675024799999999,0.7207281495999999,2.25,2.001983e-08,1.110811e-08,1.931295e-08,1.038843e-08,98.90,92.36,9344.86,8726.89,48.00,44.29
4.52463,5,0.3492,0.025,0.022,5.328,5.857,0.9879,0.00955,270.25,53.34,0.56750148,0.7207268796,2.25,2.002467e-08,1.111104e-08,1.9295e-08,1.039065e-08,98.91,92.59,9345.33,8748.53,48.00,44.42
4.52487,5,0.3493,0.025,0.022,5.328,5.857,0.9879,0.00955,270.25,53.34,0.56750052,0.7207256604,2.25,2.003387e-08,1.111996e-08,1.929076e-08,1.038061e-08,99.01,92.47,9355.21,8736.88,48.06,44.35
4.52513,5,0.3493,0.025,0.022,5.328,5.857,0.9879,0.00955,270.25,53.34,0.56749948,0.7207243395999999,2.25,2.006129e-08,1.111932e-08,1.928688e-08,1.037265e-08,98.70,92.36,9325.32,8726.19,47.88,44.28
4.52538,5,0.3493,0.025,0.022,5.328,5.857,0.9879,0.00955,270.25,53.34,0.5674984799999999,0.7207230695999999,2.25,2.005799e-08,1.112742e-08,1.92929e-08,1.037567e-08,98.89,92.35,9344.03,8725.79,47.99,44.28
4.52562,5,0.3494,0.025,0.022,5.328,5.857,0.9879,0.00955,270.25,53.34,0.56749752,0.7207218504,2.25,2.007609e-08,1.112608e-08,1.92622e-08,1.03684e-08,98.70,92.56,9325.28,8745.15,47.88,44.40
4.52588,5,0.3494,0.025,0.022,5.328,5.857,0.9879,0.00955,270.25,53.34,0.56749648,0.7207205296,2.25,2.009579e-08,1.11333e-08,1.925488e-08,1.036576e-08,98.62,92.58,9318.33,8747.53,47.84,44.41
4.52613,5,0.3494,0.025,0.022,5.328,5.857,0.9879,0.00955,270.25,53.34,0.5674954799999999,0.7207192595999999,2.25,2.008649e-08,1.113691e-08,1.925267e-08,1.036102e-08,98.80,92.51,9334.80,8741.04,47.94,44.37
4.52637,5,0.3495,0.025,0.022,5.328,5.857,0.9879,0.00955,270.25,53.34,0.56749452,0.7207180404,2.25,2.008898e-08,1.114365e-08,1.926122e-08,1.036304e-08,98.93,92.49,9347.56,8738.83,48.01,44.36
4.52663,5,0.3495,0.025,0.022,5.328,5.857,0.9879,0.00955,270.25,53.34,0.56749348,0.7207167196,2.25,2.010291e-08,1.115001e-08,1.926281e-08,1.037022e-08,98.90,92.61,9344.99,8750.38,48.00,44.43
4.52688,5,0.3495,0.025,0.022,5.328,5.857,0.9879,0.00955,270.25,53.34,0.56749248,0.7207154496,2.25,2.011942e-08,1.115258e-08,1.927028e-08,1.036212e-08,98.77,92.38,9332.61,8728.26,47.92,44.29
4.52712,5,0.3496,0.025,0.022,5.328,5.857,0.9879,0.00955,270.25,53.34,0.5674915199999999,0.7207142303999999,2.25,2.013137e-08,1.115933e-08,1.9275e-08,1.03677e-08,98.80,92.46,9335.52,8736.31,47.94,44.34
4.52738,5,0.3496,0.025,0.022,5.328,5.857,0.9879,0.00955,270.25,53.34,0.5674904799999999,0.7207129095999999,2.25,2.013106e-08,1.116881e-08,1.928207e-08,1.037458e-08,99.00,92.52,9353.66,8741.92,48.05,44.38
4.52762,5,0.3496,0.025,0.022,5.328,5.857,0.9879,0.00955,270.25,53.34,0.56748952,0.7207116903999999,2.25,2.014774e-08,1.117579e-08,1.928983e-08,1.038359e-08,98.95,92.62,9349.38,8750.74,48.02,44.43
4.52787,5,0.3497,0.025,0.022,5.328,5.857,0.9879,0.00955,270.25,53.34,0.5674885199999999,0.7207104203999999,2.25,2.01674e-08,1.119234e-08,1.93009e-08,1.038426e-08,99.09,92.54,9362.66,8743.60,48.10,44.39
4.52813,5,0.3497,0.025,0.022,5.328,5.857,0.9879,0.00955,270.25,53.34,0.5674874799999999,0.7207090996,2.25,2.01743e-08,1.118786e-08,1.931317e-08,1.039212e-08,98.93,92.56,9347.06,8745.89,48.01,44.40
4.52837,5,0.3497,0.025,0.022,5.328,5.857,0.9879,0.00955,270.25,53.34,0.56748652,0.7207078804,2.25,2.018437e-08,1.119891e-08,1.933996e-08,1.04048e-08,99.03,92.53,9357.31,8742.73,48.07,44.38
4.52862,5,0.3498,0.025,0.022,5.327,5.857,0.9879,0.00955,270.25,53.34,0.56748552,0.7207066104,2.25,2.018827e-08,1.120574e-08,1.935177e-08,1.042015e-08,99.16,92.73,9368.75,8761.60,48.14,44.49
4.52888,5,0.3498,0.025,0.022,5.327,5.857,0.9879,0.00955,270.25,53.34,0.56748448,0.7207052895999999,2.25,2.021871e-08,1.121711e-08,1.938973e-08,1.042424e-08,99.05,92.42,9358.39,8731.93,48.08,44.32
4.52912,5,0.3498,0.025,0.022,5.327,5.857,0.9879,0.00955,270.25,53.34,0.5674835199999999,0.7207040703999998,2.25,2.024073e-08,1.123725e-08,1.939828e-08,1.04367e-08,99.20,92.57,9373.24,8746.18,48.17,44.40
4.52937,5,0.3499,0.025,0.022,5.327,5.857,0.9879,0.00955,270.25,53.34,0.56748252,0.7207028004,2.25,2.024007e-08,1.124049e-08,1.942833e-08,1.045301e-08,99.30,92.60,9382.68,8748.94,48.22,44.42
4.52963,5,0.3499,0.025,0.022,5.327,5.857,0.9879,0.00955,270.25,53.34,0.56748148,0.7207014796,2.25,2.027401e-08,1.125213e-08,1.945174e-08,1.046602e-08,99.16,92.60,9369.18,8749.69,48.14,44.42
4.52987,5,0.3499,0.025,0.022,5.327,5.857,0.9879,0.00955,270.25,53.34,0.5674805199999999,0.7207002603999999,2.25,2.030235e-08,1.126594e-08,1.948908e-08,1.048046e-08,99.12,92.50,9365.60,8739.49,48.12,44.36
4.53012,5,0.3500,0.025,0.022,5.327,5.857,0.9879,0.00955,270.25,53.34,0.56747952,0.7206989904000001,2.25,2.031267e-08,1.128039e-08,1.953592e-08,1.050146e-08,99.32,92.44,9384.58,8734.45,48.24,44.33
4.53038,5,0.3500,0.025,0.022,5.327,5.857,0.9879,0.00955,270.25,53.34,0.56747848,0.7206976696,2.25,2.033199e-08,1.129751e-08,1.954597e-08,1.051478e-08,99.45,92.59,9396.53,8748.70,48.31,44.42
4.53062,5,0.3500,0.025,0.022,5.327,5.857,0.9879,0.00955,270.25,53.34,0.56747752,0.7206964504,2.25,2.036095e-08,1.131751e-08,1.958906e-08,1.053105e-08,99.53,92.46,9403.84,8736.29,48.35,44.34
4.53087,5,0.3501,0.025,0.022,5.327,5.857,0.9879,0.00955,270.25,53.34,0.5674765199999999,0.7206951803999999,2.25,2.039295e-08,1.133605e-08,1.961889e-08,1.055454e-08,99.57,92.63,9407.94,8752.15,48.38,44.44
4.53113,5,0.3501,0.025,0.022,5.327,5.857,0.9879,0.00955,270.25,53.34,0.5674754799999999,0.7206938595999999,2.25,2.041772e-08,1.135209e-08,1.968275e-08,1.057141e-08,99.62,92.30,9412.18,8720.93,48.40,44.25
4.53137,5,0.3501,0.025,0.022,5.327,5.857,0.9879,0.00955,270.25,53.34,0.56747452,0.7206926404,2.25,2.044835e-08,1.136686e-08,1.970853e-08,1.059533e-08,99.57,92.49,9407.96,8738.88,48.37,44.36
4.53163,5,0.3502,0.025,0.022,5.327,5.857,0.9879,0.00955,270.25,53.34,0.56747348,0.7206913196,2.25,2.047362e-08,1.138577e-08,1.974762e-08,1.060896e-08,99.70,92.38,9419.71,8728.24,48.45,44.29
4.53188,5,0.3502,0.025,0.022,5.327,5.857,0.9879,0.00955,270.25,53.34,0.56747248,0.7206900495999999,2.25,2.051557e-08,1.141139e-08,1.978841e-08,1.063679e-08,99.74,92.49,9423.97,8738.74,48.47,44.36
4.53212,5,0.3502,0.025,0.022,5.327,5.857,0.9879,0.00955,270.25,53.34,0.56747152,0.7206888304,2.25,2.055377e-08,1.143416e-08,1.984169e-08,1.065427e-08,99.77,92.28,9426.80,8718.99,48.49,44.24
4.53238,5,0.3503,0.025,0.022,5.327,5.857,0.9879,0.00955,270.25,53.34,0.56747048,0.7206875096,2.25,2.060291e-08,1.145686e-08,1.988749e-08,1.066689e-08,99.71,92.08,9420.90,8700.39,48.45,44.12
4.53263,5,0.3503,0.025,0.022,5.327,5.857,0.9879,0.00955,270.25,53.34,0.56746948,0.7206862396,2.25,2.06184e-08,1.147939e-08,1.992981e-08,1.070119e-08,99.98,92.30,9446.69,8720.78,48.61,44.25
4.53287,5,0.3503,0.025,0.022,5.327,5.857,0.9879,0.00955,270.25,53.34,0.5674685199999999,0.7206850203999999,2.25,2.067259e-08,1.149806e-08,1.997752e-08,1.070868e-08,99.76,91.96,9425.42,8689.02,48.48,44.06
4.53313,5,0.3504,0.025,0.022,5.327,5.857,0.9879,0.00955,270.25,53.34,0.5674674799999999,0.7206836995999999,2.25,2.070533e-08,1.151612e-08,2.000562e-08,1.073347e-08,99.78,92.17,9427.84,8708.51,48.49,44.17
4.53338,5,0.3504,0.025,0.022,5.327,5.857,0.9879,0.00955,270.25,53.34,0.56746648,0.7206824296,2.25,2.076282e-08,1.15507e-08,2.006881e-08,1.075457e-08,99.83,91.93,9432.63,8686.20,48.52,44.04
4.53362,5,0.3504,0.025,0.022,5.327,5.857,0.9879,0.00955,270.25,53.34,0.56746552,0.7206812104,2.25,2.079536e-08,1.156985e-08,2.010671e-08,1.077535e-08,99.85,91.94,9434.56,8687.02,48.53,44.04
4.53388,5,0.3505,0.025,0.022,5.326,5.857,0.9879,0.00955,270.25,53.34,0.5674644799999999,0.7206798896,2.25,2.083831e-08,1.15878e-08,2.014994e-08,1.078564e-08,99.77,91.73,9426.35,8667.20,48.48,43.93
4.53413,5,0.3505,0.025,0.022,5.326,5.857,0.9879,0.00955,270.25,53.34,0.5674634799999999,0.7206786195999999,2.25,2.088777e-08,1.162201e-08,2.019261e-08,1.08162e-08,99.90,91.87,9438.61,8680.53,48.56,44.01
4.53437,5,0.3505,0.025,0.022,5.326,5.857,0.9879,0.00955,270.25,53.34,0.56746252,0.7206774004,2.25,2.093062e-08,1.165182e-08,2.023881e-08,1.083105e-08,100.01,91.69,9449.53,8663.48,48.62,43.90
4.53463,5,0.3506,0.025,0.022,5.326,5.857,0.9879,0.00955,270.25,53.34,0.56746148,0.7206760795999999,2.25,2.098504e-08,1.167721e-08,2.027214e-08,1.085782e-08,99.94,91.88,9443.27,8681.32,48.59,44.01
4.53488,5,0.3506,0.025,0.022,5.326,5.857,0.9879,0.00955,270.25,53.34,0.5674604799999999,0.7206748096,2.25,2.104459e-08,1.170183e-08,2.031913e-08,1.087447e-08,99.78,91.73,9427.80,8666.70,48.49,43.92
4.53512,5,0.3506,0.025,0.022,5.326,5.857,0.9879,0.00955,270.25,53.34,0.56745952,0.7206735904,2.25,2.107959e-08,1.172795e-08,2.036875e-08,1.089926e-08,99.91,91.69,9439.88,8663.68,48.57,43.90
4.53538,5,0.3506,0.025,0.022,5.326,5.857,0.9879,0.00955,270.25,53.34,0.56745848,0.7206722696,2.25,2.114564e-08,1.176005e-08,2.039895e-08,1.091053e-08,99.82,91.61,9431.47,8655.34,48.51,43.85
4.53562,5,0.3507,0.025,0.022,5.326,5.857,0.9879,0.00955,270.25,53.34,0.5674575199999999,0.7206710503999999,2.25,2.11808e-08,1.178126e-08,2.042917e-08,1.093226e-08,99.88,91.73,9437.15,8667.29,48.55,43.92
4.53587,5,0.3507,0.025,0.022,5.326,5.857,0.9879,0.00955,270.25,53.34,0.5674565199999999,0.7206697803999998,2.25,2.121887e-08,1.181262e-08,2.047395e-08,1.095744e-08,100.07,91.75,9455.52,8669.36,48.66,43.94
4.53613,5,0.3507,0.025,0.022,5.326,5.857,0.9879,0.00955,270.25,53.34,0.56745548,0.7206684596,2.25,2.128024e-08,1.183244e-08,2.051151e-08,1.097237e-08,99.80,91.66,9429.73,8660.58,48.50,43.88
4.53637,5,0.3508,0.025,0.021,5.326,5.857,0.9879,0.00955,270.25,53.34,0.56745452,0.7206672404,2.25,2.132599e-08,1.18685e-08,2.055429e-08,1.099597e-08,100.03,91.70,9451.59,8664.37,48.64,43.91
4.53662,5,0.3508,0.025,0.021,5.326,5.857,0.9879,0.00955,270.25,53.34,0.5674535199999999,0.7206659703999999,2.25,2.139579e-08,1.189477e-08,2.057319e-08,1.099994e-08,99.79,91.59,9429.11,8653.98,48.50,43.85
4.53688,5,0.3508,0.025,0.021,5.326,5.857,0.9879,0.00955,270.25,53.34,0.5674524799999999,0.7206646495999999,2.25,2.143236e-08,1.191387e-08,2.062962e-08,1.101665e-08,99.77,91.35,9426.92,8631.32,48.49,43.71
4.53712,5,0.3509,0.025,0.021,5.326,5.857,0.9879,0.00955,270.25,53.34,0.56745152,0.7206634304,2.25,2.147681e-08,1.194416e-08,2.065227e-08,1.104211e-08,99.91,91.62,9439.54,8656.26,48.56,43.86
4.53737,5,0.3509,0.025,0.021,5.326,5.857,0.9879,0.00955,270.25,53.34,0.56745052,0.7206621604,2.25,2.15202e-08,1.197314e-08,2.06928e-08,1.105258e-08,100.00,91.42,9448.16,8637.45,48.62,43.75
4.53763,5,0.3509,0.025,0.021,5.326,5.857,0.9879,0.00955,270.25,53.34,0.56744948,0.7206608395999999,2.25,2.156916e-08,1.200886e-08,2.07344e-08,1.107089e-08,100.16,91.35,9463.22,8630.91,48.71,43.71
4.53787,5,0.3510,0.025,0.021,5.326,5.857,0.9879,0.00955,270.25,53.34,0.56744852,0.7206596204,2.25,2.163076e-08,1.202999e-08,2.075192e-08,1.108364e-08,99.94,91.43,9442.60,8639.05,48.58,43.76
4.53812,5,0.3510,0.025,0.021,5.326,5.857,0.9879,0.00955,270.25,53.34,0.56744752,0.7206583504,2.25,2.167974e-08,1.205252e-08,2.080445e-08,1.110021e-08,99.85,91.23,9434.30,8619.90,48.53,43.64
4.53838,5,0.3510,0.025,0.021,5.326,5.857,0.9879,0.00955,270.25,53.34,0.56744648,0.7206570296,2.25,2.173472e-08,1.207854e-08,2.084535e-08,1.11207e-08,99.77,91.21,9426.31,8617.69,48.48,43.63
4.53862,5,0.3511,0.025,0.021,5.326,5.857,0.9879,0.00955,270.25,53.34,0.5674455199999999,0.7206558103999999,2.25,2.17656e-08,1.210354e-08,2.087469e-08,1.113556e-08,99.94,91.22,9442.76,8618.83,48.58,43.63
4.53887,5,0.3511,0.025,0.021,5.326,5.857,0.9879,0.00955,270.25,53.34,0.56744452,0.7206545404,2.25,2.181045e-08,1.213045e-08,2.091468e-08,1.115194e-08,99.98,91.13,9446.22,8610.63,48.60,43.58
4.53913,5,0.3511,0.025,0.021,5.326,5.857,0.9879,0.00955,270.25,53.34,0.56744348,0.7206532196000001,2.25,2.185841e-08,1.215553e-08,2.095077e-08,1.117595e-08,99.95,91.22,9443.42,8618.51,48.59,43.63
4.53937,5,0.3512,0.025,0.021,5.325,5.857,0.9879,0.00955,270.25,53.34,0.56744252,0.7206520004,2.25,2.189645e-08,1.217659e-08,2.096686e-08,1.118444e-08,99.97,91.24,9445.95,8620.81,48.60,43.65
4.53963,5,0.3512,0.025,0.021,5.325,5.857,0.9879,0.00955,270.25,53.34,0.5674414799999999,0.7206506796,2.25,2.192502e-08,1.219759e-08,2.10167e-08,1.120695e-08,100.07,91.17,9454.88,8614.09,48.65,43.61
4.53988,5,0.3512,0.025,0.021,5.325,5.857,0.9879,0.00955,270.25,53.34,0.5674404799999999,0.7206494095999999,2.25,2.195526e-08,1.22258e-08,2.106972e-08,1.122701e-08,100.28,91.03,9474.77,8600.61,48.77,43.52
4.54012,5,0.3513,0.025,0.021,5.325,5.857,0.9879,0.00955,270.25,53.34,0.56743952,0.7206481903999999,2.25,2.202157e-08,1.224398e-08,2.10938e-08,1.124584e-08,99.96,91.16,9444.84,8612.90,48.59,43.60
4.54038,5,0.3513,0.025,0.021,5.325,5.857,0.9879,0.00955,270.25,53.34,0.56743848,0.7206468696,2.25,2.203992e-08,1.226713e-08,2.11383e-08,1.12688e-08,100.20,91.14,9467.34,8611.65,48.73,43.59
4.54063,5,0.3513,0.025,0.021,5.325,5.857,0.9879,0.00955,270.25,53.34,0.5674374799999999,0.7206455996,2.25,2.206741e-08,1.229201e-08,2.11927e-08,1.128706e-08,100.38,90.96,9484.01,8594.13,48.83,43.48
4.54087,5,0.3514,0.025,0.021,5.325,5.857,0.9879,0.00955,270.25,53.34,0.56743652,0.7206443804,2.25,2.210435e-08,1.231637e-08,2.123172e-08,1.130862e-08,100.47,91.00,9493.29,8597.84,48.88,43.51
4.54113,5,0.3514,0.025,0.021,5.325,5.857,0.9879,0.00955,270.25,53.34,0.56743548,0.7206430596,2.25,2.215278e-08,1.233252e-08,2.127412e-08,1.133444e-08,100.28,91.05,9474.49,8603.10,48.77,43.54
4.54138,5,0.3514,0.025,0.021,5.325,5.857,0.9879,0.00955,270.25,53.34,0.56743448,0.7206417895999999,2.25,2.218078e-08,1.23466e-08,2.132243e-08,1.135054e-08,100.25,90.89,9471.89,8587.49,48.76,43.44
4.54162,5,0.3515,0.025,0.021,5.325,5.857,0.9879,0.00955,270.25,53.34,0.5674335199999999,0.7206405703999998,2.25,2.22239e-08,1.23733e-08,2.136231e-08,1.13845e-08,100.33,91.13,9479.24,8610.52,48.80,43.58
4.54188,5,0.3515,0.025,0.021,5.325,5.857,0.9879,0.00955,270.25,53.34,0.5674324799999999,0.7206392495999999,2.25,2.224367e-08,1.239548e-08,2.142179e-08,1.141009e-08,100.53,91.03,9498.56,8600.66,48.92,43.52
4.54213,5,0.3515,0.025,0.021,5.325,5.857,0.9879,0.00955,270.25,53.34,0.56743148,0.7206379796,2.25,2.227558e-08,1.240664e-08,2.148703e-08,1.144156e-08,100.41,90.97,9487.12,8595.39,48.85,43.49
4.54237,5,0.3516,0.024,0.021,5.325,5.857,0.9879,0.00955,270.25,53.34,0.5674305199999999,0.7206367603999999,2.25,2.230456e-08,1.24297e-08,2.15268e-08,1.146246e-08,100.56,90.99,9501.64,8597.29,48.93,43.50
4.54263,5,0.3516,0.024,0.021,5.325,5.857,0.9879,0.00955,270.25,53.34,0.5674294799999999,0.7206354395999999,2.25,2.23384e-08,1.244459e-08,2.158874e-08,1.14983e-08,100.49,91.04,9494.80,8601.86,48.89,43.53
4.54288,5,0.3516,0.024,0.021,5.325,5.857,0.9879,0.00955,270.25,53.34,0.56742848,0.7206341696,2.25,2.236585e-08,1.246114e-08,2.163818e-08,1.152366e-08,100.51,91.02,9496.97,8600.31,48.91,43.52
4.54312,5,0.3517,0.024,0.021,5.325,5.857,0.9879,0.00955,270.25,53.34,0.56742752,0.7206329504,2.25,2.237824e-08,1.247231e-08,2.172102e-08,1.155598e-08,100.62,90.85,9507.01,8584.01,48.97,43.42
4.54338,5,0.3517,0.024,0.021,5.325,5.857,0.9879,0.00955,270.25,53.34,0.56742648,0.7206316295999999,2.25,2.240225e-08,1.249211e-08,2.176288e-08,1.158751e-08,100.74,91.01,9518.06,8598.69,49.03,43.51
4.54362,5,0.3517,0.024,0.021,5.325,5.857,0.9879,0.00955,270.25,53.34,0.56742552,0.7206304104,2.25,2.244207e-08,1.251429e-08,2.183245e-08,1.162373e-08,100.74,90.99,9518.02,8597.39,49.03,43.50
4.54387,5,0.3518,0.024,0.021,5.324,5.857,0.9879,0.00955,270.25,53.34,0.56742452,0.7206291404,2.25,2.24832e-08,1.253209e-08,2.190681e-08,1.166994e-08,100.67,91.13,9511.91,8610.28,49.00,43.58
4.54413,5,0.3518,0.024,0.021,5.324,5.857,0.9879,0.00955,270.25,53.34,0.56742348,0.7206278196,2.25,2.250422e-08,1.255268e-08,2.195595e-08,1.170533e-08,100.83,91.28,9527.13,8624.81,49.09,43.67
4.54437,5,0.3518,0.024,0.021,5.324,5.857,0.9879,0.00955,270.25,53.34,0.5674225199999999,0.7206266003999999,2.25,2.254327e-08,1.257655e-08,2.204617e-08,1.173013e-08,100.87,90.90,9530.71,8588.27,49.11,43.45
4.54462,5,0.3519,0.024,0.021,5.324,5.857,0.9879,0.00955,270.25,53.34,0.56742152,0.7206253304,2.25,2.256879e-08,1.259104e-08,2.211203e-08,1.177663e-08,100.90,91.11,9533.85,8608.61,49.13,43.57
4.54488,5,0.3519,0.024,0.021,5.324,5.857,0.9879,0.00955,270.25,53.34,0.56742048,0.7206240096000001,2.25,2.261488e-08,1.260587e-08,2.217947e-08,1.182699e-08,100.71,91.35,9515.27,8631.16,49.02,43.71
4.54512,5,0.3519,0.024,0.021,5.324,5.857,0.9879,0.00955,270.25,53.34,0.56741952,0.7206227904,2.25,2.263996e-08,1.262654e-08,2.226734e-08,1.185889e-08,100.83,91.10,9526.67,8607.90,49.08,43.57
4.54537,5,0.3520,0.024,0.021,5.324,5.857,0.9879,0.00955,270.25,53.34,0.5674185199999999,0.7206215203999999,2.25,2.268709e-08,1.265016e-08,2.233987e-08,1.190608e-08,100.81,91.27,9524.84,8623.61,49.07,43.66
4.54563,5,0.3520,0.024,0.021,5.324,5.857,0.9879,0.00955,270.25,53.34,0.5674174799999999,0.7206201995999999,2.25,2.272566e-08,1.266571e-08,2.242551e-08,1.194713e-08,100.70,91.19,9514.73,8616.52,49.01,43.62
4.54587,5,0.3520,0.024,0.021,5.324,5.857,0.9879,0.00955,270.25,53.34,0.56741652,0.7206189803999999,2.25,2.274783e-08,1.269455e-08,2.24933e-08,1.198786e-08,101.00,91.27,9542.72,8623.63,49.18,43.66
4.54612,5,0.3521,0.024,0.021,5.324,5.857,0.9879,0.00955,270.25,53.34,0.56741552,0.7206177104,2.25,2.277998e-08,1.271004e-08,2.259042e-08,1.202583e-08,100.98,91.07,9541.27,8604.95,49.17,43.55
4.54638,5,0.3521,0.024,0.021,5.324,5.857,0.9879,0.00955,270.25,53.34,0.5674144799999999,0.7206163896,2.25,2.281973e-08,1.272562e-08,2.264567e-08,1.207779e-08,100.86,91.44,9530.09,8639.44,49.10,43.75
4.54662,5,0.3521,0.024,0.021,5.324,5.857,0.9879,0.00955,270.25,53.34,0.56741352,0.7206151704,2.25,2.28626e-08,1.27459e-08,2.273228e-08,1.211976e-08,100.80,91.37,9523.96,8633.00,49.07,43.72
4.54688,5,0.3522,0.024,0.021,5.324,5.857,0.9879,0.00955,270.25,53.34,0.56741248,0.7206138496,2.25,2.289952e-08,1.276706e-08,2.283408e-08,1.216046e-08,100.84,91.18,9527.64,8614.85,49.09,43.61
4.54713,5,0.3522,0.024,0.021,5.324,5.857,0.9879,0.00955,270.25,53.34,0.56741148,0.7206125796,2.25,2.294866e-08,1.279158e-08,2.289461e-08,1.219667e-08,100.79,91.24,9522.80,8620.86,49.06,43.64
4.54737,5,0.3522,0.024,0.021,5.324,5.857,0.9879,0.00955,270.25,53.34,0.5674105199999999,0.7206113604,2.25,2.295198e-08,1.281176e-08,2.29651e-08,1.224419e-08,101.11,91.40,9553.68,8635.90,49.24,43.73
4.54763,5,0.3523,0.024,0.021,5.324,5.857,0.9879,0.00955,270.25,53.34,0.5674094799999999,0.7206100395999999,2.25,2.301322e-08,1.283843e-08,2.304465e-08,1.229144e-08,101.01,91.50,9543.75,8645.64,49.18,43.79
4.54788,5,0.3523,0.024,0.021,5.324,5.857,0.9879,0.00955,270.25,53.34,0.56740848,0.7206087696,2.25,2.305527e-08,1.286127e-08,2.314552e-08,1.232242e-08,101.00,91.14,9542.71,8611.46,49.18,43.59
4.54812,5,0.3523,0.024,0.021,5.324,5.857,0.9879,0.00955,270.25,53.34,0.5674075199999999,0.7206075503999999,2.25,2.310596e-08,1.28829e-08,2.321377e-08,1.238254e-08,100.88,91.52,9531.59,8646.98,49.11,43.80
4.54838,5,0.3524,0.024,0.021,5.324,5.857,0.9879,0.00955,270.25,53.34,0.5674064799999999,0.7206062296,2.25,2.313468e-08,1.290769e-08,2.328997e-08,1.242715e-08,101.06,91.61,9548.97,8655.35,49.22,43.85
4.54863,5,0.3524,0.024,0.021,5.324,5.857,0.9879,0.00955,270.25,53.34,0.5674054799999999,0.7206049595999999,2.25,2.318006e-08,1.292189e-08,2.335141e-08,1.245067e-08,100.87,91.46,9530.42,8641.57,49.10,43.77
4.54887,5,0.3524,0.024,0.021,5.324,5.857,0.9879,0.00955,270.25,53.34,0.56740452,0.7206037404,2.25,2.321911e-08,1.294808e-08,2.341998e-08,1.251254e-08,100.94,91.86,9537.78,8679.18,49.15,43.99
4.54913,5,0.3525,0.024,0.021,5.323,5.857,0.9879,0.00955,270.25,53.34,0.56740348,0.7206024195999999,2.25,2.327545e-08,1.297235e-08,2.351285e-08,1.254294e-08,100.85,91.58,9528.62,8653.17,49.09,43.84
4.54938,5,0.3525,0.024,0.021,5.323,5.857,0.9879,0.00955,270.25,53.34,0.5674024799999999,0.7206011495999999,2.25,2.33046e-08,1.30044e-08,2.356194e-08,1.258306e-08,101.13,91.80,9554.85,8673.76,49.25,43.96
4.54962,5,0.3525,0.024,0.021,5.323,5.857,0.9879,0.00955,270.25,53.34,0.56740152,0.7205999304,2.25,2.335434e-08,1.302178e-08,2.363324e-08,1.26174e-08,100.94,91.74,9537.65,8668.25,49.15,43.93
4.54988,5,0.3526,0.024,0.021,5.323,5.857,0.9879,0.00955,270.25,53.34,0.56740048,0.7205986096,2.25,2.341681e-08,1.304727e-08,2.369872e-08,1.264738e-08,100.81,91.69,9524.94,8663.39,49.07,43.90
4.55013,5,0.3526,0.024,0.021,5.323,5.857,0.9879,0.00955,270.25,53.34,0.56739948,0.7205973395999999,2.25,2.344232e-08,1.307431e-08,2.375498e-08,1.269159e-08,101.03,91.91,9546.09,8684.21,49.20,44.02
4.55037,5,0.3526,0.024,0.021,5.323,5.857,0.9879,0.00955,270.25,53.34,0.5673985199999999,0.7205961203999999,2.25,2.348218e-08,1.309355e-08,2.380719e-08,1.273139e-08,100.98,92.10,9541.16,8701.68,49.17,44.13
4.55063,5,0.3527,0.024,0.021,5.323,5.857,0.9879,0.00955,270.25,53.34,0.56739748,0.7205947996000001,2.25,2.351275e-08,1.312296e-08,2.386821e-08,1.275034e-08,101.22,91.91,9564.24,8684.12,49.31,44.02
4.55087,5,0.3527,0.024,0.021,5.323,5.857,0.9879,0.00955,270.25,53.34,0.56739652,0.7205935804,2.25,2.354243e-08,1.314256e-08,2.391611e-08,1.278711e-08,101.28,92.08,9569.24,8700.45,49.34,44.12
4.55112,5,0.3527,0.024,0.021,5.323,5.857,0.9879,0.00955,270.25,53.34,0.5673955199999999,0.7205923103999999,2.25,2.361637e-08,1.315215e-08,2.397053e-08,1.281064e-08,100.73,92.00,9517.33,8692.33,49.02,44.07
4.55138,5,0.3527,0.024,0.021,5.323,5.857,0.9879,0.00955,270.25,53.34,0.5673944799999999,0.7205909895999999,2.25,2.365606e-08,1.317397e-08,2.399825e-08,1.283404e-08,100.72,92.13,9516.87,8704.84,49.02,44.15
4.55162,5,0.3528,0.024,0.021,5.323,5.857,0.9879,0.00955,270.25,53.34,0.56739352,0.7205897703999999,2.25,2.367796e-08,1.320072e-08,2.405159e-08,1.286369e-08,101.00,92.17,9543.31,8708.94,49.18,44.17
4.55187,5,0.3528,0.024,0.021,5.323,5.857,0.9879,0.00955,270.25,53.34,0.56739252,0.7205885004,2.25,2.372635e-08,1.321743e-08,2.40851e-08,1.288627e-08,100.83,92.24,9526.59,8715.72,49.08,44.21
4.55213,5,0.3528,0.024,0.021,5.323,5.857,0.9879,0.00955,270.25,53.34,0.56739148,0.7205871796,2.25,2.376455e-08,1.324227e-08,2.412368e-08,1.291157e-08,100.89,92.32,9532.37,8722.48,49.11,44.25
4.55237,5,0.3529,0.024,0.021,5.323,5.857,0.9879,0.00955,270.25,53.34,0.56739052,0.7205859604,2.25,2.37988e-08,1.325598e-08,2.415736e-08,1.292516e-08,100.82,92.27,9526.35,8718.52,49.08,44.23
4.55262,5,0.3529,0.024,0.021,5.323,5.857,0.9879,0.00955,270.25,53.34,0.56738952,0.7205846904,2.25,2.384754e-08,1.327094e-08,2.419535e-08,1.294829e-08,100.62,92.32,9506.64,8722.58,48.96,44.25
4.55288,5,0.3529,0.024,0.021,5.323,5.857,0.9879,0.00955,270.25,53.34,0.56738848,0.7205833696,2.25,2.386849e-08,1.329415e-08,2.421869e-08,1.297619e-08,100.81,92.55,9525.31,8744.92,49.07,44.39
4.55312,5,0.3530,0.024,0.021,5.323,5.857,0.9879,0.00955,270.25,53.34,0.5673875199999999,0.7205821504,2.25,2.391658e-08,1.330663e-08,2.424765e-08,1.297717e-08,100.60,92.36,9504.94,8726.34,48.95,44.27
4.55337,5,0.3530,0.024,0.021,5.323,5.857,0.9879,0.00955,270.25,53.34,0.56738652,0.7205808804,2.25,2.391643e-08,1.331606e-08,2.427234e-08,1.300123e-08,100.76,92.52,9520.27,8742.03,49.04,44.37
4.55363,5,0.3530,0.024,0.021,5.323,5.857,0.9879,0.00955,270.25,53.34,0.56738548,0.7205795596,2.25,2.396309e-08,1.331689e-08,2.426122e-08,1.30013e-08,100.33,92.62,9479.88,8750.77,48.80,44.42
4.55387,5,0.3531,0.024,0.021,5.323,5.857,0.9879,0.00955,270.25,53.34,0.56738452,0.7205783403999999,2.25,2.398756e-08,1.3338e-08,2.430619e-08,1.303044e-08,100.49,92.72,9494.60,8760.55,48.89,44.48
4.55412,5,0.3531,0.024,0.021,5.323,5.857,0.9879,0.00955,270.25,53.34,0.5673835199999999,0.7205770703999999,2.25,2.399268e-08,1.334886e-08,2.431574e-08,1.303163e-08,100.62,92.66,9507.46,8754.86,48.96,44.45
4.55438,5,0.3531,0.024,0.021,5.323,5.857,0.9879,0.00955,270.25,53.34,0.5673824799999999,0.7205757495999999,2.25,2.402887e-08,1.335829e-08,2.433943e-08,1.304068e-08,100.44,92.60,9490.31,8749.59,48.86,44.41
4.55462,5,0.3532,0.024,0.021,5.322,5.857,0.9879,0.00955,270.25,53.34,0.56738152,0.7205745304,2.25,2.405046e-08,1.335865e-08,2.433872e-08,1.305526e-08,100.27,92.86,9474.41,8773.72,48.77,44.56
4.55488,5,0.3532,0.024,0.021,5.322,5.857,0.9879,0.00955,270.25,53.34,0.56738048,0.7205732095999999,2.25,2.406737e-08,1.336852e-08,2.436584e-08,1.306801e-08,100.28,92.83,9475.17,8771.12,48.77,44.54
4.55513,5,0.3532,0.024,0.021,5.322,5.857,0.9879,0.00955,270.25,53.34,0.5673794799999999,0.7205719395999999,2.25,2.407003e-08,1.337017e-08,2.439645e-08,1.307743e-08,100.29,92.72,9475.44,8761.01,48.77,44.48
4.55537,5,0.3533,0.024,0.021,5.322,5.857,0.9879,0.00955,270.25,53.34,0.56737852,0.7205707204,2.25,2.408184e-08,1.337158e-08,2.439332e-08,1.307484e-08,100.23,92.74,9469.92,8762.17,48.74,44.49
4.55563,5,0.3533,0.024,0.021,5.322,5.857,0.9879,0.00955,270.25,53.34,0.56737748,0.7205693996,2.25,2.410084e-08,1.337562e-08,2.440737e-08,1.308661e-08,100.12,92.80,9459.57,8768.29,48.68,44.53
4.55588,5,0.3533,0.024,0.021,5.322,5.857,0.9879,0.00955,270.25,53.34,0.56737648,0.7205681295999999,2.25,2.407427e-08,1.336807e-08,2.441724e-08,1.309881e-08,100.24,92.91,9471.02,8778.28,48.74,44.58
4.55612,5,0.3534,0.024,0.021,5.322,5.857,0.9879,0.00955,270.25,53.34,0.5673755199999999,0.7205669103999999,2.25,2.410337e-08,1.337501e-08,2.44207e-08,1.308545e-08,100.11,92.70,9459.04,8758.79,48.67,44.47
4.55638,5,0.3534,0.024,0.021,5.322,5.857,0.9879,0.00955,270.25,53.34,0.56737448,0.7205655896000001,2.25,2.409495e-08,1.337504e-08,2.443221e-08,1.309991e-08,100.19,92.83,9466.52,8770.75,48.72,44.54
4.55663,5,0.3534,0.024,0.021,5.322,5.857,0.9879,0.00955,270.26,53.34,0.56737348,0.7205643196,2.25,2.408666e-08,1.33625e-08,2.444255e-08,1.310207e-08,100.06,92.78,9453.90,8765.87,48.64,44.51
4.55687,5,0.3535,0.024,0.021,5.322,5.857,0.9879,0.00955,270.26,53.34,0.5673725199999999,0.7205631003999999,2.25,2.409816e-08,1.33644e-08,2.445242e-08,1.31242e-08,100.01,93.06,9449.46,8792.66,48.62,44.67
4.55713,5,0.3535,0.024,0.021,5.322,5.857,0.9879,0.00955,270.26,53.34,0.5673714799999999,0.7205617795999999,2.25,2.408458e-08,1.334668e-08,2.443815e-08,1.311536e-08,99.84,93.04,9433.29,8790.96,48.52,44.66
4.55738,5,0.3535,0.024,0.021,5.322,5.857,0.9879,0.00955,270.26,53.34,0.56737048,0.7205605096000001,2.25,2.407477e-08,1.33526e-08,2.447063e-08,1.312903e-08,100.03,92.98,9451.32,8785.52,48.63,44.63
4.55762,5,0.3536,0.024,0.021,5.322,5.857,0.9879,0.00955,270.26,53.34,0.56736952,0.7205592904,2.25,2.407602e-08,1.333472e-08,2.446585e-08,1.314187e-08,99.75,93.25,9424.52,8810.29,48.46,44.78
4.55788,5,0.3536,0.024,0.021,5.322,5.857,0.9879,0.00955,270.26,53.34,0.56736848,0.7205579696,2.25,2.406518e-08,1.332559e-08,2.448042e-08,1.314502e-08,99.69,93.17,9419.57,8803.52,48.44,44.74
4.55813,5,0.3536,0.024,0.021,5.322,5.857,0.9879,0.00955,270.26,53.34,0.5673674799999999,0.7205566995999999,2.25,2.402139e-08,1.331952e-08,2.450361e-08,1.314349e-08,100.00,92.96,9448.46,8783.34,48.61,44.61
4.55837,5,0.3537,0.024,0.021,5.322,5.857,0.9879,0.00955,270.26,53.34,0.56736652,0.7205554804,2.25,2.402468e-08,1.331466e-08,2.451803e-08,1.316259e-08,99.92,93.16,9440.49,8802.22,48.56,44.73
4.55863,5,0.3537,0.024,0.021,5.322,5.857,0.9879,0.00955,270.26,53.34,0.56736548,0.7205541596,2.25,2.399935e-08,1.329685e-08,2.453157e-08,1.317212e-08,99.85,93.19,9434.49,8805.49,48.52,44.75
4.55887,5,0.3537,0.024,0.021,5.322,5.857,0.9879,0.00955,270.26,53.34,0.5673645199999999,0.7205529404,2.25,2.398876e-08,1.32891e-08,2.453194e-08,1.318036e-08,99.82,93.32,9431.50,8817.10,48.51,44.82
4.55912,5,0.3538,0.024,0.021,5.322,5.857,0.9879,0.00955,270.26,53.34,0.56736352,0.7205516704,2.25,2.397628e-08,1.327527e-08,2.45667e-08,1.319085e-08,99.73,93.22,9423.15,8807.78,48.46,44.76
4.55938,5,0.3538,0.024,0.021,5.322,5.857,0.9879,0.00955,270.26,53.34,0.56736248,0.7205503496,2.25,2.395145e-08,1.324429e-08,2.458564e-08,1.3197e-08,99.44,93.16,9395.76,8801.99,48.29,44.73
4.55962,5,0.3538,0.024,0.021,5.322,5.857,0.9879,0.00955,270.26,53.34,0.56736152,0.7205491303999999,2.25,2.391951e-08,1.324198e-08,2.458721e-08,1.321424e-08,99.70,93.41,9420.19,8825.64,48.44,44.87
4.55987,5,0.3539,0.024,0.021,5.321,5.857,0.9879,0.00955,270.26,53.34,0.5673605199999999,0.7205478604,2.25,2.390787e-08,1.323538e-08,2.460242e-08,1.322827e-08,99.73,93.52,9422.61,8836.59,48.45,44.93
4.56013,5,0.3539,0.024,0.021,5.321,5.857,0.9879,0.00955,270.26,53.34,0.5673594799999999,0.7205465395999999,2.25,2.389275e-08,1.321931e-08,2.462039e-08,1.324366e-08,99.60,93.61,9410.33,8844.86,48.38,44.98
4.56037,5,0.3539,0.024,0.021,5.321,5.857,0.9879,0.00955,270.26,53.34,0.56735852,0.7205453204,2.25,2.3868e-08,1.320279e-08,2.466363e-08,1.325333e-08,99.55,93.40,9405.82,8825.28,48.35,44.87
4.56062,5,0.3540,0.024,0.021,5.321,5.857,0.9879,0.00955,270.26,53.34,0.56735752,0.7205440503999999,2.25,2.385004e-08,1.319064e-08,2.466645e-08,1.327017e-08,99.54,93.66,9404.94,8849.86,48.35,45.01
4.56088,5,0.3540,0.024,0.021,5.321,5.857,0.9879,0.00955,270.26,53.34,0.5673564799999999,0.7205427296,2.25,2.382921e-08,1.317207e-08,2.470226e-08,1.328871e-08,99.42,93.65,9393.70,8848.82,48.28,45.01
4.56112,5,0.3540,0.024,0.021,5.321,5.857,0.9879,0.00955,270.26,53.34,0.56735552,0.7205415104,2.25,2.379441e-08,1.317128e-08,2.472487e-08,1.33045e-08,99.73,93.71,9423.20,8854.04,48.46,45.04
4.56137,5,0.3541,0.024,0.021,5.321,5.857,0.9879,0.00955,270.26,53.34,0.56735452,0.7205402404,2.25,2.380644e-08,1.314856e-08,2.475309e-08,1.331426e-08,99.26,93.65,9378.93,8848.74,48.19,45.01
4.56163,5,0.3541,0.024,0.021,5.321,5.857,0.9879,0.00955,270.26,53.34,0.56735348,0.7205389195999999,2.25,2.377877e-08,1.314602e-08,2.477877e-08,1.332625e-08,99.48,93.62,9399.28,8846.12,48.31,44.99
4.56187,5,0.3541,0.024,0.021,5.321,5.857,0.9879,0.00955,270.26,53.34,0.5673525199999999,0.7205377003999999,2.25,2.374879e-08,1.313551e-08,2.481159e-08,1.336039e-08,99.58,93.88,9408.99,8869.80,48.37,45.13
4.56212,5,0.3542,0.024,0.021,5.321,5.857,0.9879,0.00955,270.26,53.34,0.56735152,0.7205364304,2.25,2.374832e-08,1.311606e-08,2.483283e-08,1.336864e-08,99.28,93.85,9380.94,8867.73,48.20,45.12
4.56238,5,0.3542,0.024,0.021,5.321,5.857,0.9879,0.00956,270.26,53.34,0.56735048,0.7205351096,2.25,2.371896e-08,1.310756e-08,2.485548e-08,1.338555e-08,99.42,93.92,9393.29,8874.50,48.28,45.16
4.56262,5,0.3542,0.024,0.021,5.321,5.857,0.9879,0.00956,270.26,53.34,0.5673495199999999,0.7205338903999999,2.25,2.371061e-08,1.309081e-08,2.490115e-08,1.339578e-08,99.21,93.71,9373.86,8853.93,48.16,45.04
4.56288,5,0.3543,0.024,0.021,5.321,5.857,0.9879,0.00956,270.26,53.34,0.5673484799999999,0.7205325695999999,2.25,2.368463e-08,1.309027e-08,2.491212e-08,1.34091e-08,99.47,93.85,9398.64,8867.04,48.31,45.12
4.56313,5,0.3543,0.024,0.021,5.321,5.857,0.9879,0.00956,270.26,53.34,0.56734748,0.7205312996000001,2.25,2.368434e-08,1.307367e-08,2.493073e-08,1.343242e-08,99.19,94.05,9372.29,8886.10,48.15,45.23
4.56337,5,0.3543,0.024,0.021,5.321,5.857,0.9879,0.00956,270.26,53.34,0.56734652,0.7205300804,2.25,2.367115e-08,1.305297e-08,2.495406e-08,1.343758e-08,98.97,93.94,9350.83,8875.49,48.02,45.17
4.56363,5,0.3544,0.024,0.021,5.321,5.857,0.9879,0.00956,270.26,53.34,0.56734548,0.7205287596,2.25,2.365653e-08,1.305761e-08,2.496062e-08,1.345518e-08,99.21,94.18,9373.80,8898.15,48.16,45.30
4.56388,5,0.3544,0.024,0.021,5.321,5.857,0.9879,0.00956,270.26,53.34,0.5673444799999999,0.7205274895999999,2.25,2.363298e-08,1.304567e-08,2.499707e-08,1.347252e-08,99.23,94.14,9375.50,8894.85,48.17,45.28
4.56412,5,0.3544,0.024,0.021,5.321,5.857,0.9879,0.00956,270.26,53.34,0.56734352,0.7205262704,2.25,2.362009e-08,1.303338e-08,2.501011e-08,1.348243e-08,99.14,94.18,9367.20,8898.97,48.12,45.31
4.56438,5,0.3545,0.024,0.021,5.321,5.857,0.9879,0.00956,270.26,53.34,0.56734248,0.7205249496,2.25,2.362068e-08,1.304054e-08,2.502787e-08,1.348129e-08,99.28,94.05,9380.81,8886.16,48.20,45.23
4.56463,5,0.3545,0.024,0.021,5.321,5.857,0.9879,0.00956,270.26,53.34,0.56734148,0.7205236796,2.25,2.360496e-08,1.30308e-08,2.504418e-08,1.349224e-08,99.27,94.08,9379.10,8889.25,48.19,45.25
4.56487,5,0.3545,0.024,0.021,5.321,5.857,0.9879,0.00956,270.26,53.34,0.5673405199999999,0.7205224603999999,2.25,2.358911e-08,1.30267e-08,2.502024e-08,1.349881e-08,99.34,94.38,9386.58,8917.13,48.23,45.42
4.56513,5,0.3546,0.024,0.021,5.320,5.857,0.9879,0.00956,270.26,53.34,0.56733948,0.7205211396,2.25,2.358642e-08,1.300502e-08,2.503711e-08,1.350286e-08,99.03,94.33,9356.78,8912.41,48.06,45.39
4.56538,5,0.3546,0.024,0.021,5.320,5.857,0.9879,0.00956,270.26,53.34,0.56733848,0.7205198696,2.25,2.35619e-08,1.299973e-08,2.503673e-08,1.350395e-08,99.17,94.35,9370.00,8914.26,48.13,45.40
4.56562,5,0.3546,0.024,0.021,5.320,5.857,0.9879,0.00956,270.26,53.34,0.5673375199999999,0.7205186504,2.25,2.35592e-08,1.29921e-08,2.504978e-08,1.349886e-08,99.06,94.16,9360.14,8896.91,48.08,45.29
4.56588,5,0.3547,0.024,0.021,5.320,5.857,0.9879,0.00956,270.26,53.34,0.5673364799999999,0.7205173295999999,2.25,2.352694e-08,1.299262e-08,2.502716e-08,1.350628e-08,99.41,94.49,9392.29,8927.53,48.27,45.48
4.56613,5,0.3547,0.024,0.021,5.320,5.857,0.9879,0.00956,270.26,53.34,0.56733548,0.7205160596,2.25,2.355012e-08,1.298632e-08,2.50342e-08,1.348907e-08,99.08,94.17,9361.53,8897.42,48.08,45.30
4.56637,5,0.3547,0.024,0.021,5.320,5.857,0.9879,0.00956,270.26,53.34,0.56733452,0.7205148403999999,2.25,2.351042e-08,1.297242e-08,2.501219e-08,1.349356e-08,99.22,94.42,9374.41,8920.86,48.16,45.44
4.56663,5,0.3548,0.024,0.021,5.320,5.857,0.9879,0.00956,270.26,53.34,0.56733348,0.7205135196,2.25,2.351118e-08,1.296391e-08,2.501062e-08,1.349004e-08,99.09,94.40,9362.66,8919.54,48.09,45.43
4.56687,5,0.3548,0.024,0.021,5.320,5.857,0.9879,0.00956,270.26,53.34,0.56733252,0.7205123004,2.25,2.348131e-08,1.295003e-08,2.498246e-08,1.347162e-08,99.14,94.35,9366.84,8914.90,48.11,45.40
4.56712,5,0.3548,0.024,0.021,5.320,5.857,0.9879,0.00956,270.26,53.34,0.56733152,0.7205110304,2.25,2.347315e-08,1.294668e-08,2.495566e-08,1.346406e-08,99.16,94.46,9368.70,8924.81,48.13,45.46
4.56738,5,0.3548,0.024,0.021,5.320,5.857,0.9879,0.00956,270.26,53.34,0.56733048,0.7205097095999999,2.25,2.345431e-08,1.294172e-08,2.495054e-08,1.345047e-08,99.25,94.29,9377.47,8909.24,48.18,45.37
4.56762,5,0.3549,0.024,0.021,5.320,5.857,0.9879,0.00956,270.26,53.34,0.5673295199999999,0.7205084903999999,2.25,2.343222e-08,1.292482e-08,2.491211e-08,1.343506e-08,99.20,94.40,9372.49,8919.39,48.15,45.43
4.56787,5,0.3549,0.024,0.021,5.320,5.857,0.9879,0.00956,270.26,53.34,0.56732852,0.7205072204,2.25,2.341552e-08,1.291622e-08,2.487776e-08,1.341127e-08,99.21,94.32,9373.48,8911.80,48.15,45.38
4.56813,5,0.3549,0.024,0.021,5.320,5.857,0.9879,0.00956,270.26,53.34,0.56732748,0.7205058996,2.25,2.340219e-08,1.289877e-08,2.484692e-08,1.338859e-08,99.03,94.23,9357.15,8903.06,48.06,45.33
4.56837,5,0.3550,0.024,0.021,5.320,5.857,0.9879,0.00956,270.26,53.34,0.56732652,0.7205046803999999,2.25,2.335996e-08,1.288742e-08,2.481622e-08,1.337218e-08,99.27,94.26,9379.12,8905.76,48.19,45.35
4.56862,5,0.3550,0.024,0.021,5.320,5.857,0.9879,0.00956,270.26,53.34,0.5673255199999999,0.7205034103999999,2.25,2.334612e-08,1.287423e-08,2.477145e-08,1.335863e-08,99.17,94.42,9370.10,8921.07,48.13,45.44
4.56888,5,0.3550,0.024,0.021,5.320,5.857,0.9879,0.00956,270.26,53.34,0.5673244799999999,0.7205020895999998,2.25,2.32982e-08,1.28682e-08,2.47365e-08,1.33322e-08,99.52,94.30,9403.33,8910.08,48.33,45.37
4.56912,5,0.3551,0.024,0.021,5.320,5.857,0.9879,0.00956,270.26,53.34,0.56732352,0.7205008704,2.25,2.3296e-08,1.284526e-08,2.469185e-08,1.33087e-08,99.18,94.34,9370.58,8913.41,48.14,45.39
4.56937,5,0.3551,0.024,0.021,5.320,5.857,0.9879,0.00956,270.26,53.34,0.5673225199999999,0.7204996003999999,2.25,2.325011e-08,1.283004e-08,2.466406e-08,1.329429e-08,99.35,94.35,9387.02,8914.23,48.24,45.40
4.56963,5,0.3551,0.024,0.021,5.320,5.857,0.9879,0.00956,270.26,53.34,0.5673214799999999,0.7204982795999999,2.25,2.322056e-08,1.281902e-08,2.460794e-08,1.326181e-08,99.44,94.31,9395.67,8910.98,48.29,45.38
4.56987,5,0.3552,0.024,0.021,5.320,5.857,0.9879,0.00956,270.26,53.34,0.56732052,0.7204970604000001,2.25,2.321395e-08,1.279659e-08,2.45651e-08,1.324468e-08,99.14,94.43,9367.62,8922.20,48.12,45.44
4.57012,5,0.3552,0.024,0.021,5.320,5.857,0.9879,0.00956,270.26,53.34,0.56731952,0.7204957904,2.25,2.315822e-08,1.278552e-08,2.450685e-08,1.321235e-08,99.48,94.42,9399.82,8920.84,48.31,45.44
4.57038,5,0.3552,0.024,0.021,5.320,5.857,0.9879,0.00956,270.26,53.34,0.56731848,0.7204944696,2.25,2.312621e-08,1.275939e-08,2.446905e-08,1.318681e-08,99.34,94.34,9385.93,8913.27,48.23,45.39
4.57062,5,0.3553,0.024,0.021,5.319,5.857,0.9879,0.00956,270.26,53.34,0.5673175199999999,0.7204932503999999,2.25,2.310087e-08,1.274218e-08,2.440343e-08,1.316851e-08,99.31,94.63,9383.26,8940.91,48.21,45.56
4.57088,5,0.3553,0.024,0.021,5.319,5.857,0.9879,0.00956,270.26,53.34,0.56731648,0.7204919296000001,2.25,2.305072e-08,1.272768e-08,2.437922e-08,1.313712e-08,99.54,94.34,9404.95,8913.90,48.34,45.39
4.57113,5,0.3553,0.024,0.021,5.319,5.857,0.9879,0.00956,270.26,53.34,0.56731548,0.7204906596,2.25,2.302119e-08,1.27034e-08,2.432322e-08,1.312076e-08,99.40,94.56,9391.79,8934.30,48.26,45.52
4.57137,5,0.3554,0.024,0.021,5.319,5.857,0.9879,0.00956,270.26,53.34,0.5673145199999999,0.7204894404,2.25,2.298759e-08,1.267844e-08,2.427531e-08,1.309509e-08,99.32,94.59,9383.83,8937.07,48.22,45.53
4.57163,5,0.3554,0.024,0.021,5.319,5.857,0.9879,0.00956,270.26,53.34,0.5673134799999999,0.7204881195999999,2.25,2.293437e-08,1.266389e-08,2.423521e-08,1.306863e-08,99.58,94.51,9408.35,8929.91,48.36,45.49
4.57188,5,0.3554,0.024,0.021,5.319,5.857,0.9879,0.00956,270.26,53.34,0.56731248,0.7204868496,2.25,2.290766e-08,1.264177e-08,2.418968e-08,1.304493e-08,99.45,94.52,9396.12,8931.18,48.29,45.50
4.57212,5,0.3555,0.024,0.021,5.319,5.857,0.9879,0.00956,270.26,53.34,0.56731152,0.7204856303999999,2.25,2.286644e-08,1.26235e-08,2.414733e-08,1.301885e-08,99.55,94.50,9406.21,8928.86,48.35,45.48
4.57238,5,0.3555,0.024,0.021,5.319,5.857,0.9879,0.00956,270.26,53.34,0.56731048,0.7204843096,2.25,2.281316e-08,1.259626e-08,2.40883e-08,1.300939e-08,99.59,94.85,9409.83,8962.30,48.37,45.68
4.57263,5,0.3555,0.024,0.021,5.319,5.857,0.9879,0.00956,270.26,53.34,0.5673094799999999,0.7204830395999999,2.25,2.277535e-08,1.257222e-08,2.406189e-08,1.298397e-08,99.53,94.68,9404.55,8945.58,48.34,45.58
4.57287,5,0.3556,0.024,0.021,5.319,5.857,0.9879,0.00956,270.26,53.34,0.56730852,0.7204818204,2.25,2.272951e-08,1.254567e-08,2.400774e-08,1.296317e-08,99.54,94.84,9405.11,8960.74,48.34,45.67
4.57313,5,0.3556,0.024,0.021,5.319,5.857,0.9879,0.00956,270.26,53.34,0.56730748,0.7204804995999999,2.25,2.269635e-08,1.25389e-08,2.39634e-08,1.293423e-08,99.75,94.76,9424.46,8953.22,48.46,45.63
4.57338,5,0.3556,0.024,0.021,5.319,5.857,0.9879,0.00956,270.26,53.34,0.56730648,0.7204792296,2.25,2.265225e-08,1.250956e-08,2.392262e-08,1.29126e-08,99.66,94.76,9416.09,8953.80,48.41,45.63
4.57362,5,0.3557,0.024,0.021,5.319,5.857,0.9879,0.00956,270.26,53.34,0.56730552,0.7204780104,2.25,2.262694e-08,1.248544e-08,2.387433e-08,1.289121e-08,99.50,94.87,9401.68,8963.38,48.32,45.69
4.57388,5,0.3557,0.024,0.021,5.319,5.857,0.9879,0.00956,270.26,53.34,0.56730448,0.7204766896,2.25,2.256409e-08,1.247166e-08,2.383425e-08,1.287027e-08,99.88,94.88,9436.96,8964.44,48.53,45.70
4.57413,5,0.3557,0.024,0.021,5.319,5.857,0.9879,0.00956,270.26,53.34,0.56730348,0.7204754195999999,2.25,2.254445e-08,1.244661e-08,2.377934e-08,1.284455e-08,99.62,94.94,9412.96,8970.41,48.39,45.73
4.57437,5,0.3558,0.024,0.021,5.319,5.857,0.9879,0.00956,270.26,53.34,0.5673025199999999,0.7204742003999999,2.25,2.250427e-08,1.241974e-08,2.377636e-08,1.283873e-08,99.57,94.90,9407.68,8966.53,48.36,45.71
4.57463,5,0.3558,0.024,0.021,5.319,5.857,0.9879,0.00956,270.26,53.34,0.5673014799999999,0.7204728796,2.25,2.246286e-08,1.239807e-08,2.372837e-08,1.282513e-08,99.59,95.10,9409.69,8985.29,48.37,45.82
4.57487,5,0.3558,0.024,0.021,5.319,5.857,0.9879,0.00956,270.26,53.34,0.56730052,0.7204716604,2.25,2.242287e-08,1.23837e-08,2.371251e-08,1.280902e-08,99.73,94.98,9422.77,8973.79,48.45,45.75
4.57512,5,0.3559,0.024,0.021,5.319,5.857,0.9879,0.00956,270.26,53.34,0.56729952,0.7204703903999999,2.25,2.239122e-08,1.236136e-08,2.364692e-08,1.278373e-08,99.67,95.17,9417.14,8991.83,48.41,45.86
4.57538,5,0.3559,0.024,0.021,5.319,5.857,0.9879,0.00956,270.26,53.34,0.5672984799999999,0.7204690695999999,2.25,2.235779e-08,1.233606e-08,2.362003e-08,1.276595e-08,99.54,95.11,9405.49,8986.86,48.34,45.83
4.57562,5,0.3559,0.024,0.021,5.319,5.857,0.9879,0.00956,270.26,53.34,0.56729752,0.7204678504,2.25,2.233426e-08,1.232506e-08,2.359352e-08,1.275194e-08,99.58,95.12,9408.87,8987.35,48.36,45.83
4.57587,5,0.3560,0.024,0.021,5.318,5.857,0.9879,0.00956,270.26,53.34,0.56729652,0.7204665804,2.25,2.227901e-08,1.230485e-08,2.35733e-08,1.273245e-08,99.79,95.01,9429.09,8976.74,48.49,45.77
4.57613,5,0.3560,0.024,0.021,5.318,5.857,0.9879,0.00956,270.26,53.34,0.56729548,0.7204652596,2.25,2.225281e-08,1.228186e-08,2.353359e-08,1.271876e-08,99.64,95.13,9414.50,8988.66,48.40,45.84
4.57637,5,0.3560,0.024,0.021,5.318,5.857,0.9879,0.00956,270.26,53.34,0.5672945199999999,0.7204640403999999,2.25,2.223016e-08,1.226596e-08,2.349017e-08,1.269689e-08,99.58,95.16,9408.68,8991.12,48.36,45.86
4.57662,5,0.3561,0.024,0.021,5.318,5.857,0.9879,0.00956,270.26,53.34,0.56729352,0.7204627704,2.25,2.221529e-08,1.223774e-08,2.345099e-08,1.268469e-08,99.24,95.33,9377.11,9007.52,48.17,45.95
4.57688,5,0.3561,0.024,0.021,5.318,5.857,0.9879,0.00956,270.26,53.34,0.56729248,0.7204614496,2.25,2.216692e-08,1.223254e-08,2.343649e-08,1.266498e-08,99.63,95.14,9413.86,8989.17,48.39,45.84
4.57712,5,0.3561,0.024,0.021,5.318,5.857,0.9879,0.00956,270.26,53.34,0.5672915199999999,0.7204602304,2.25,2.21376e-08,1.22042e-08,2.339794e-08,1.264298e-08,99.41,95.12,9392.97,8987.37,48.27,45.83
4.57737,5,0.3562,0.024,0.021,5.318,5.857,0.9879,0.00956,270.26,53.34,0.5672905199999999,0.7204589603999999,2.25,2.212449e-08,1.218571e-08,2.336777e-08,1.262549e-08,99.24,95.13,9376.30,8988.05,48.17,45.84
4.57763,5,0.3562,0.024,0.021,5.318,5.857,0.9879,0.00956,270.26,53.34,0.56728948,0.7204576396,2.25,2.208145e-08,1.216186e-08,2.333102e-08,1.260057e-08,99.23,95.04,9376.05,8980.20,48.17,45.79
4.57787,5,0.3562,0.024,0.021,5.318,5.857,0.9879,0.00956,270.26,53.34,0.56728852,0.7204564203999999,2.25,2.206769e-08,1.214412e-08,2.327323e-08,1.257477e-08,99.05,95.13,9358.62,8988.61,48.06,45.84
4.57812,5,0.3563,0.024,0.021,5.318,5.857,0.9879,0.00956,270.26,53.34,0.5672875199999999,0.7204551504,2.25,2.202216e-08,1.212334e-08,2.326472e-08,1.25566e-08,99.15,94.94,9368.59,8970.04,48.12,45.73
4.57838,5,0.3563,0.024,0.021,5.318,5.857,0.9879,0.00956,270.26,53.34,0.5672864799999999,0.7204538295999999,2.25,2.199035e-08,1.211458e-08,2.320183e-08,1.253439e-08,99.31,95.13,9383.68,8988.32,48.21,45.84
4.57862,5,0.3563,0.024,0.021,5.318,5.857,0.9879,0.00956,270.26,53.34,0.56728552,0.7204526104,2.25,2.196105e-08,1.208696e-08,2.315685e-08,1.251202e-08,99.10,95.16,9363.88,8991.34,48.09,45.86
4.57888,5,0.3564,0.024,0.021,5.318,5.857,0.9879,0.00956,270.26,53.34,0.56728448,0.7204512895999999,2.25,2.191198e-08,1.205952e-08,2.311701e-08,1.248336e-08,99.12,95.07,9365.76,8982.69,48.10,45.80
4.57913,5,0.3564,0.024,0.021,5.318,5.857,0.9879,0.00956,270.26,53.34,0.56728348,0.7204500196,2.25,2.188665e-08,1.202866e-08,2.305935e-08,1.244945e-08,98.82,95.02,9336.55,8978.35,47.93,45.78
4.57937,5,0.3564,0.024,0.021,5.318,5.857,0.9879,0.00956,270.26,53.34,0.56728252,0.7204488004,2.25,2.182952e-08,1.200018e-08,2.299607e-08,1.239938e-08,98.87,94.76,9341.59,8953.38,47.96,45.63
4.57963,5,0.3565,0.024,0.021,5.318,5.857,0.9879,0.00956,270.26,53.34,0.56728148,0.7204474796,2.25,2.178798e-08,1.196407e-08,2.291812e-08,1.237136e-08,98.65,95.02,9321.24,8977.96,47.84,45.78
4.57988,5,0.3565,0.024,0.021,5.318,5.857,0.9879,0.00956,270.26,53.34,0.56728048,0.7204462095999999,2.25,2.174051e-08,1.19366e-08,2.284074e-08,1.232294e-08,98.63,94.91,9318.81,8967.45,47.82,45.71
4.58012,5,0.3565,0.024,0.021,5.318,5.857,0.9879,0.00956,270.26,53.34,0.5672795199999999,0.7204449903999999,2.25,2.16624e-08,1.190486e-08,2.276641e-08,1.227041e-08,98.83,94.70,9338.20,8947.76,47.94,45.59
4.58038,5,0.3566,0.024,0.021,5.317,5.857,0.9879,0.00956,270.26,53.34,0.5672784799999999,0.7204436696,2.25,2.162329e-08,1.185902e-08,2.265525e-08,1.221845e-08,98.41,94.86,9298.44,8962.93,47.70,45.68
4.58063,5,0.3566,0.024,0.021,5.317,5.857,0.9879,0.00956,270.26,53.34,0.56727748,0.7204423996,2.25,2.156446e-08,1.18247e-08,2.257199e-08,1.216803e-08,98.37,94.77,9294.86,8954.12,47.68,45.63
4.58087,5,0.3566,0.024,0.021,5.317,5.857,0.9879,0.00956,270.26,53.34,0.56727652,0.7204411803999999,2.25,2.152658e-08,1.17933e-08,2.248034e-08,1.210609e-08,98.18,94.56,9276.35,8934.05,47.57,45.51
4.58113,5,0.3567,0.024,0.021,5.317,5.857,0.9879,0.00956,270.26,53.34,0.5672754799999999,0.7204398595999999,2.25,2.149742e-08,1.177364e-08,2.23695e-08,1.205524e-08,98.14,94.73,9272.54,8950.78,47.54,45.61
4.58138,5,0.3567,0.024,0.021,5.317,5.857,0.9879,0.00956,270.26,53.34,0.5672744799999999,0.7204385896,2.25,2.148706e-08,1.17616e-08,2.228385e-08,1.200409e-08,98.02,94.65,9261.45,8942.71,47.48,45.56
4.58162,5,0.3567,0.024,0.021,5.317,5.857,0.9879,0.00956,270.26,53.34,0.56727352,0.7204373704,2.25,2.150906e-08,1.177562e-08,2.219903e-08,1.19595e-08,98.06,94.67,9264.89,8944.50,47.50,45.57
4.58188,5,0.3568,0.024,0.021,5.317,5.857,0.9879,0.00956,270.26,53.34,0.56727248,0.7204360496,2.25,2.153888e-08,1.178588e-08,2.215324e-08,1.192239e-08,97.97,94.48,9256.96,8926.81,47.45,45.47
4.58212,5,0.3568,0.024,0.021,5.317,5.857,0.9879,0.00956,270.26,53.34,0.5672715199999999,0.7204348303999999,2.25,2.160041e-08,1.180687e-08,2.212859e-08,1.190711e-08,97.74,94.44,9235.06,8923.54,47.32,45.45
4.58237,5,0.3568,0.024,0.021,5.317,5.857,0.9879,0.00956,270.26,53.34,0.56727052,0.7204335604000001,2.25,2.16661e-08,1.184729e-08,2.211613e-08,1.190164e-08,97.82,94.47,9242.83,8925.54,47.36,45.46
4.58263,5,0.3569,0.024,0.021,5.317,5.857,0.9879,0.00956,270.26,53.34,0.56726948,0.7204322396,2.25,2.174985e-08,1.187772e-08,2.215796e-08,1.19086e-08,97.57,94.23,9219.10,8902.87,47.22,45.32
4.58287,5,0.3569,0.024,0.021,5.317,5.857,0.9879,0.00956,270.26,53.34,0.5672685199999999,0.7204310204,2.25,2.181993e-08,1.191331e-08,2.218072e-08,1.1925e-08,97.52,94.30,9214.53,8909.61,47.19,45.36
4.58312,5,0.3569,0.024,0.021,5.317,5.857,0.9879,0.00956,270.26,53.34,0.5672675199999999,0.7204297503999999,2.25,2.189228e-08,1.194774e-08,2.223415e-08,1.194081e-08,97.43,94.08,9205.92,8888.81,47.14,45.24
4.58338,5,0.3570,0.024,0.021,5.317,5.857,0.9879,0.00956,270.26,53.34,0.5672664799999999,0.7204284295999999,2.25,2.197727e-08,1.198063e-08,2.225182e-08,1.196344e-08,97.22,94.33,9185.73,8912.45,47.02,45.38
4.58362,5,0.3570,0.024,0.021,5.317,5.857,0.9879,0.00956,270.26,53.34,0.56726552,0.7204272104,2.25,2.203634e-08,1.201567e-08,2.232169e-08,1.198055e-08,97.27,93.98,9190.50,8879.66,47.05,45.18
4.58387,5,0.3570,0.024,0.021,5.317,5.857,0.9879,0.00956,270.26,53.34,0.5672645199999999,0.7204259404,2.25,2.209884e-08,1.204888e-08,2.234647e-08,1.200539e-08,97.25,94.17,9189.04,8898.12,47.04,45.29
4.58413,5,0.3571,0.024,0.021,5.317,5.857,0.9879,0.00956,270.26,53.34,0.5672634799999999,0.7204246195999999,2.25,2.216186e-08,1.207078e-08,2.239081e-08,1.201663e-08,97.06,93.99,9170.80,8880.52,46.93,45.19
4.58437,5,0.3571,0.024,0.021,5.317,5.857,0.9879,0.00956,270.26,53.34,0.56726252,0.7204234004,2.25,2.220995e-08,1.209289e-08,2.240653e-08,1.202028e-08,96.99,93.91,9164.01,8872.90,46.89,45.14
4.58462,5,0.3571,0.024,0.021,5.317,5.857,0.9879,0.00956,270.26,53.34,0.56726152,0.7204221303999999,2.25,2.225989e-08,1.211004e-08,2.240117e-08,1.201659e-08,96.81,93.89,9147.36,8871.60,46.79,45.13
4.58488,5,0.3572,0.024,0.021,5.317,5.857,0.9879,0.00956,270.26,53.34,0.56726048,0.7204208096,2.25,2.229677e-08,1.213021e-08,2.243682e-08,1.202016e-08,96.84,93.66,9150.09,8849.38,46.81,45.00
4.58512,5,0.3572,0.024,0.021,5.317,5.857,0.9879,0.00956,270.26,53.34,0.5672595199999999,0.7204195903999999,2.25,2.234857e-08,1.214721e-08,2.24436e-08,1.202447e-08,96.65,93.67,9131.66,8850.46,46.70,45.01
4.58537,5,0.3572,0.024,0.021,5.317,5.857,0.9879,0.00956,270.26,53.34,0.56725852,0.7204183204,2.25,2.238646e-08,1.216044e-08,2.24453e-08,1.20262e-08,96.52,93.68,9119.56,8851.76,46.62,45.02
4.58563,5,0.3573,0.024,0.021,5.316,5.857,0.9879,0.00956,270.26,53.34,0.56725748,0.7204169995999999,2.25,2.238378e-08,1.216323e-08,2.24158e-08,1.202063e-08,96.62,93.88,9129.09,8870.51,46.68,45.13
4.58587,5,0.3573,0.024,0.021,5.316,5.857,0.9879,0.00956,270.26,53.34,0.5672565199999999,0.7204157803999999,2.25,2.24157e-08,1.217499e-08,2.243899e-08,1.201248e-08,96.52,93.54,9119.93,8837.85,46.63,44.93
4.58613,5,0.3573,0.024,0.021,5.316,5.857,0.9879,0.00956,270.26,53.34,0.5672554799999999,0.7204144596,2.25,2.243098e-08,1.218353e-08,2.241808e-08,1.20006e-08,96.53,93.53,9120.32,8836.76,46.63,44.92
4.58638,5,0.3574,0.024,0.021,5.316,5.857,0.9879,0.00956,270.26,53.34,0.56725448,0.7204131896,2.25,2.245292e-08,1.219385e-08,2.240355e-08,1.19912e-08,96.53,93.52,9120.26,8836.66,46.63,44.92
4.58662,5,0.3574,0.024,0.021,5.316,5.857,0.9879,0.00956,270.26,53.34,0.56725352,0.7204119703999999,2.25,2.247487e-08,1.220456e-08,2.238576e-08,1.197691e-08,96.51,93.44,9118.28,8829.10,46.61,44.88
4.58688,5,0.3574,0.024,0.021,5.316,5.857,0.9879,0.00956,270.26,53.34,0.56725248,0.7204106495999999,2.25,2.248146e-08,1.220904e-08,2.237332e-08,1.196483e-08,96.52,93.35,9119.75,8820.50,46.62,44.83
4.58713,5,0.3575,0.024,0.021,5.316,5.857,0.9879,0.00956,270.26,53.34,0.5672514799999999,0.7204093796,2.25,2.252427e-08,1.219586e-08,2.235647e-08,1.195417e-08,95.92,93.35,9063.06,8820.35,46.28,44.83
4.58737,5,0.3575,0.024,0.021,5.316,5.857,0.9879,0.00956,270.26,53.34,0.56725052,0.7204081604,2.25,2.252061e-08,1.221362e-08,2.233164e-08,1.193846e-08,96.26,93.31,9095.12,8816.49,46.48,44.80
4.58763,5,0.3575,0.024,0.021,5.316,5.857,0.9879,0.00956,270.26,53.34,0.56724948,0.7204068396,2.25,2.251669e-08,1.221514e-08,2.232085e-08,1.192487e-08,96.32,93.18,9101.05,8804.08,46.51,44.73
4.58788,5,0.3576,0.024,0.021,5.316,5.857,0.9879,0.00956,270.26,53.34,0.5672484799999999,0.7204055695999999,2.25,2.25395e-08,1.222119e-08,2.229803e-08,1.190602e-08,96.24,93.09,9093.31,8795.98,46.46,44.68
4.58812,5,0.3576,0.024,0.021,5.316,5.857,0.9879,0.00956,270.26,53.34,0.56724752,0.7204043504000001,2.25,2.253955e-08,1.221367e-08,2.22846e-08,1.189906e-08,96.11,93.10,9081.06,8796.32,46.39,44.68
4.58838,5,0.3576,0.024,0.021,5.316,5.857,0.9879,0.00956,270.26,53.34,0.56724648,0.7204030296,2.25,2.254844e-08,1.220776e-08,2.225614e-08,1.188536e-08,95.93,93.12,9063.67,8798.69,46.29,44.70
4.58863,5,0.3576,0.024,0.021,5.316,5.857,0.9879,0.00956,270.26,53.34,0.56724548,0.7204017596,2.25,2.254343e-08,1.221446e-08,2.22506e-08,1.187563e-08,96.09,93.01,9078.93,8787.94,46.38,44.63
4.58887,5,0.3577,0.024,0.021,5.316,5.857,0.9879,0.00956,270.26,53.34,0.5672445199999999,0.7204005403999999,2.25,2.255734e-08,1.222069e-08,2.223717e-08,1.186269e-08,96.09,92.94,9079.35,8781.23,46.38,44.59
4.58913,5,0.3577,0.024,0.021,5.316,5.857,0.9879,0.00956,270.26,53.34,0.5672434799999999,0.7203992195999999,2.25,2.255428e-08,1.221671e-08,2.222025e-08,1.186111e-08,96.05,93.06,9075.58,8793.07,46.36,44.66
4.58938,5,0.3577,0.024,0.021,5.316,5.857,0.9879,0.00956,270.26,53.34,0.56724248,0.7203979496,2.25,2.25504e-08,1.220385e-08,2.221493e-08,1.18534e-08,95.87,92.98,9058.16,8785.32,46.25,44.61
4.58962,5,0.3578,0.024,0.021,5.316,5.857,0.9879,0.00956,270.26,53.34,0.5672415199999999,0.7203967304,2.25,2.255441e-08,1.221125e-08,2.222237e-08,1.183904e-08,95.99,92.70,9069.16,8758.70,46.32,44.45
4.58988,5,0.3578,0.024,0.021,5.316,5.857,0.9879,0.00956,270.26,53.34,0.5672404799999999,0.7203954095999999,2.25,2.257642e-08,1.221956e-08,2.218231e-08,1.184194e-08,95.92,93.11,9063.32,8797.25,46.28,44.69
4.59012,5,0.3578,0.024,0.021,5.316,5.857,0.9879,0.00956,270.26,53.34,0.56723952,0.7203941904,2.25,2.256656e-08,1.221465e-08,2.219229e-08,1.183682e-08,95.93,92.93,9064.01,8780.62,46.29,44.59
4.59037,5,0.3579,0.024,0.021,5.316,5.857,0.9879,0.00956,270.26,53.34,0.56723852,0.7203929204,2.25,2.257342e-08,1.221796e-08,2.219172e-08,1.182506e-08,95.95,92.76,9065.90,8764.88,46.30,44.49
4.59063,5,0.3579,0.024,0.021,5.316,5.857,0.9879,0.00956,270.26,53.34,0.56723748,0.7203915996,2.25,2.256554e-08,1.220985e-08,2.217224e-08,1.182191e-08,95.88,92.89,9059.68,8776.37,46.26,44.56
4.59087,5,0.3579,0.024,0.021,5.316,5.857,0.9879,0.00956,270.27,53.34,0.5672365199999999,0.7203903803999999,2.25,2.257054e-08,1.22128e-08,2.218339e-08,1.182482e-08,95.89,92.84,9060.07,8771.55,46.26,44.53
4.59112,5,0.3580,0.024,0.021,5.315,5.857,0.9879,0.00956,270.27,53.34,0.56723552,0.7203891104,2.25,2.256689e-08,1.222014e-08,2.218797e-08,1.181284e-08,96.08,92.62,9077.68,8751.12,46.37,44.41
4.59138,5,0.3580,0.024,0.021,5.315,5.857,0.9879,0.00956,270.27,53.34,0.56723448,0.7203877895999999,2.25,2.257968e-08,1.221469e-08,2.217859e-08,1.182392e-08,95.86,92.89,9057.67,8776.63,46.25,44.56
4.59162,5,0.3580,0.024,0.021,5.315,5.884,0.9879,0.00956,270.27,53.34,0.5672335199999999,0.7203865704,2.25,2.258831e-08,1.220909e-08,2.218186e-08,1.181761e-08,95.69,92.75,9041.10,8763.84,46.12,44.46
4.59187,5,0.3581,0.024,0.021,5.315,5.884,0.9879,0.00956,270.27,53.34,0.5672325199999999,0.7203853003999999,2.25,2.258751e-08,1.22216e-08,2.218003e-08,1.18182e-08,95.94,92.81,9064.52,8768.77,46.26,44.49
4.59213,5,0.3581,0.024,0.021,5.315,5.884,0.9879,0.00956,270.27,53.34,0.56723148,0.7203839796,2.25,2.258381e-08,1.223038e-08,2.218114e-08,1.182383e-08,96.12,92.89,9081.96,8776.78,46.37,44.54
4.59237,5,0.3581,0.024,0.021,5.315,5.884,0.9879,0.00956,270.27,53.34,0.56723052,0.7203827603999999,2.25,2.259605e-08,1.221838e-08,2.218597e-08,1.181669e-08,95.80,92.73,9051.86,8761.35,46.19,44.44
4.59262,5,0.3582,0.024,0.021,5.315,5.884,0.9879,0.00956,270.27,53.34,0.5672295199999999,0.7203814903999999,2.25,2.260374e-08,1.222985e-08,2.21795e-08,1.182044e-08,95.95,92.87,9066.19,8775.23,46.27,44.53
4.59288,5,0.3582,0.024,0.021,5.315,5.884,0.9879,0.00956,270.27,53.34,0.5672284799999999,0.7203801696,2.25,2.260265e-08,1.222959e-08,2.217123e-08,1.182586e-08,95.96,93.04,9066.72,8790.87,46.28,44.62
4.59312,5,0.3582,0.024,0.021,5.315,5.884,0.9879,0.00956,270.27,53.34,0.56722752,0.7203789504,2.25,2.261246e-08,1.223331e-08,2.218822e-08,1.182063e-08,95.93,92.80,9064.16,8768.15,46.26,44.48
4.59337,5,0.3583,0.024,0.021,5.315,5.884,0.9879,0.00956,270.27,53.34,0.56722652,0.7203776803999999,2.25,2.262311e-08,1.223166e-08,2.21958e-08,1.181671e-08,95.83,92.69,9054.74,8757.98,46.20,44.42
4.59363,5,0.3583,0.024,0.021,5.315,5.884,0.9879,0.00956,270.27,53.34,0.56722548,0.7203763595999999,2.25,2.263612e-08,1.222713e-08,2.219868e-08,1.182007e-08,95.64,92.72,9036.13,8760.87,46.09,44.44
4.59387,5,0.3583,0.024,0.021,5.315,5.884,0.9879,0.00956,270.27,53.34,0.56722452,0.7203751404000001,2.25,2.265493e-08,1.223873e-08,2.220949e-08,1.182295e-08,95.66,92.67,9038.44,8756.32,46.11,44.41
4.59413,5,0.3584,0.024,0.021,5.315,5.884,0.9879,0.00956,270.27,53.34,0.56722348,0.7203738196,2.25,2.264458e-08,1.224679e-08,2.219993e-08,1.182427e-08,95.92,92.81,9062.94,8768.92,46.25,44.49
4.59438,5,0.3584,0.024,0.021,5.315,5.884,0.9879,0.00956,270.27,53.34,0.56722248,0.7203725496,2.25,2.266059e-08,1.224299e-08,2.220182e-08,1.181959e-08,95.71,92.71,9042.90,8759.91,46.13,44.43
4.59462,5,0.3584,0.024,0.021,5.315,5.884,0.9879,0.00956,270.27,53.34,0.5672215199999999,0.7203713303999999,2.25,2.26598e-08,1.225255e-08,2.220606e-08,1.182318e-08,95.88,92.73,9058.96,8762.02,46.23,44.45
4.59488,5,0.3585,0.024,0.021,5.315,5.884,0.9879,0.00956,270.27,53.34,0.5672204799999999,0.7203700095999999,2.25,2.267921e-08,1.225854e-08,2.221257e-08,1.182118e-08,95.83,92.67,9054.24,8755.80,46.20,44.41
4.59513,5,0.3585,0.024,0.021,5.315,5.884,0.9879,0.00956,270.27,53.34,0.56721948,0.7203687396,2.25,2.267019e-08,1.227317e-08,2.220201e-08,1.181592e-08,96.16,92.67,9085.66,8756.37,46.39,44.41
4.59537,5,0.3585,0.024,0.021,5.315,5.884,0.9879,0.00956,270.27,53.34,0.56721852,0.7203675204,2.25,2.269384e-08,1.22635e-08,2.219286e-08,1.181993e-08,95.78,92.82,9049.50,8770.46,46.17,44.50
4.59563,5,0.3586,0.024,0.021,5.315,5.884,0.9879,0.00956,270.27,53.34,0.5672174799999999,0.7203661995999999,2.25,2.271493e-08,1.227067e-08,2.219261e-08,1.180986e-08,95.73,92.68,9045.25,8757.14,46.15,44.42
4.59588,5,0.3586,0.024,0.021,5.315,5.884,0.9879,0.00956,270.27,53.34,0.5672164799999999,0.7203649295999999,2.25,2.270662e-08,1.227636e-08,2.218261e-08,1.180583e-08,95.91,92.70,9061.59,8759.19,46.24,44.43
4.59612,5,0.3586,0.024,0.021,5.315,5.884,0.9879,0.00956,270.27,53.34,0.56721552,0.7203637104,2.25,2.272128e-08,1.226889e-08,2.216759e-08,1.180684e-08,95.64,92.86,9036.90,8773.49,46.10,44.51
4.59638,5,0.3587,0.024,0.021,5.314,5.884,0.9879,0.00956,270.27,53.34,0.56721448,0.7203623896,2.25,2.274502e-08,1.228419e-08,2.216389e-08,1.179442e-08,95.71,92.71,9043.39,8759.33,46.13,44.43
4.59663,5,0.3587,0.024,0.021,5.314,5.884,0.9879,0.00956,270.27,53.34,0.5672134799999999,0.7203611195999999,2.25,2.274587e-08,1.228487e-08,2.216638e-08,1.178971e-08,95.72,92.60,9043.75,8749.76,46.14,44.37
4.59687,5,0.3587,0.024,0.021,5.314,5.884,0.9879,0.00956,270.27,53.34,0.56721252,0.7203599004,2.25,2.276525e-08,1.229717e-08,2.214702e-08,1.177688e-08,95.75,92.56,9046.68,8745.74,46.15,44.35
4.59713,5,0.3588,0.024,0.021,5.314,5.884,0.9879,0.00956,270.27,53.34,0.56721148,0.7203585796,2.25,2.275677e-08,1.229084e-08,2.211867e-08,1.176976e-08,95.74,92.72,9046.40,8760.83,46.15,44.44
4.59738,5,0.3588,0.024,0.021,5.314,5.884,0.9879,0.00956,270.27,53.34,0.56721048,0.7203573096,2.25,2.277836e-08,1.229698e-08,2.210627e-08,1.175827e-08,95.65,92.64,9037.58,8753.04,46.10,44.39
4.59762,5,0.3588,0.024,0.021,5.314,5.884,0.9879,0.00956,270.27,53.34,0.5672095199999999,0.7203560903999999,2.25,2.279344e-08,1.229224e-08,2.208008e-08,1.174771e-08,95.43,92.70,9017.04,8758.41,45.98,44.42
4.59788,5,0.3589,0.024,0.021,5.314,5.884,0.9879,0.00956,270.27,53.34,0.5672084799999999,0.7203547695999999,2.25,2.278703e-08,1.228059e-08,2.20427e-08,1.172628e-08,95.32,92.70,9006.51,8758.39,45.91,44.42
4.59812,5,0.3589,0.024,0.021,5.314,5.884,0.9879,0.00956,270.27,53.34,0.56720752,0.7203535503999999,2.25,2.279339e-08,1.229972e-08,2.203424e-08,1.17145e-08,95.59,92.57,9031.52,8746.78,46.06,44.35
4.59837,5,0.3589,0.024,0.021,5.314,5.884,0.9879,0.00956,270.27,53.34,0.5672065199999999,0.7203522803999999,2.25,2.27925e-08,1.22821e-08,2.200898e-08,1.169639e-08,95.30,92.49,9004.23,8739.31,45.90,44.31
4.59863,5,0.3590,0.024,0.021,5.314,5.884,0.9879,0.00956,270.27,53.34,0.5672054799999999,0.7203509596,2.25,2.280245e-08,1.229182e-08,2.200853e-08,1.168729e-08,95.40,92.37,9013.67,8727.62,45.96,44.24
4.59887,5,0.3590,0.024,0.021,5.314,5.884,0.9879,0.00956,270.27,53.34,0.56720452,0.7203497404,2.25,2.281706e-08,1.228652e-08,2.195625e-08,1.16759e-08,95.18,92.65,8992.75,8753.80,45.83,44.40
4.59912,5,0.3590,0.024,0.021,5.314,5.884,0.9879,0.00956,270.27,53.34,0.56720352,0.7203484703999999,2.25,2.27919e-08,1.228651e-08,2.192387e-08,1.165246e-08,95.40,92.54,9014.27,8743.83,45.96,44.34
4.59938,5,0.3591,0.024,0.021,5.314,5.884,0.9879,0.00956,270.27,53.34,0.56720248,0.7203471495999999,2.25,2.280605e-08,1.227911e-08,2.189564e-08,1.163581e-08,95.18,92.54,8992.90,8743.62,45.83,44.33
4.59962,5,0.3591,0.024,0.021,5.314,5.884,0.9879,0.00956,270.27,53.34,0.56720152,0.7203459304000001,2.25,2.280613e-08,1.227173e-08,2.186227e-08,1.161113e-08,95.05,92.42,8981.13,8732.48,45.76,44.27
4.59987,5,0.3591,0.024,0.021,5.314,5.884,0.9879,0.00956,270.27,53.34,0.56720052,0.7203446604,2.25,2.280127e-08,1.227043e-08,2.182499e-08,1.158876e-08,95.08,92.38,8983.22,8728.35,45.77,44.24
4.60013,5,0.3592,0.024,0.021,5.314,5.884,0.9879,0.00957,270.27,53.34,0.56719948,0.7203433396,2.25,2.278072e-08,1.22608e-08,2.180667e-08,1.156473e-08,95.13,92.16,8987.99,8707.82,45.80,44.12
4.60037,5,0.3592,0.024,0.021,5.314,5.884,0.9879,0.00957,270.27,53.34,0.5671985199999999,0.7203421203999999,2.25,2.280163e-08,1.225591e-08,2.175699e-08,1.154606e-08,94.86,92.29,8962.42,8720.16,45.65,44.19
4.60062,5,0.3592,0.024,0.021,5.314,5.884,0.9879,0.00957,270.27,53.34,0.56719752,0.7203408504000001,2.25,2.27954e-08,1.224213e-08,2.172237e-08,1.154212e-08,94.68,92.54,8945.94,8743.46,45.55,44.33
4.60088,5,0.3593,0.024,0.021,5.314,5.884,0.9879,0.00957,270.27,53.34,0.56719648,0.7203395296,2.25,2.277404e-08,1.223518e-08,2.171029e-08,1.150898e-08,94.78,92.11,8955.58,8702.77,45.61,44.09
4.60112,5,0.3593,0.024,0.021,5.314,5.884,0.9879,0.00957,270.27,53.34,0.56719552,0.7203383104,2.25,2.27564e-08,1.222154e-08,2.166422e-08,1.149293e-08,94.71,92.25,8948.99,8716.29,45.57,44.17
4.60137,5,0.3593,0.024,0.021,5.314,5.884,0.9879,0.00957,270.27,53.34,0.5671945199999999,0.7203370403999999,2.25,2.276254e-08,1.221474e-08,2.163623e-08,1.147352e-08,94.54,92.17,8933.04,8708.91,45.47,44.12
4.60163,5,0.3594,0.024,0.021,5.313,5.884,0.9879,0.00957,270.27,53.34,0.5671934799999999,0.7203357195999999,2.25,2.27525e-08,1.220532e-08,2.159642e-08,1.145243e-08,94.50,92.20,8929.16,8711.37,45.45,44.14
4.60187,5,0.3594,0.024,0.021,5.313,5.884,0.9879,0.00957,270.27,53.34,0.56719252,0.7203345004,2.25,2.274052e-08,1.219685e-08,2.156113e-08,1.143046e-08,94.47,92.14,8925.93,8706.09,45.43,44.11
4.60213,5,0.3594,0.024,0.021,5.313,5.884,0.9879,0.00957,270.27,53.34,0.56719148,0.7203331796,2.25,2.272302e-08,1.21757e-08,2.153638e-08,1.141559e-08,94.27,92.11,8907.37,8703.25,45.32,44.09
4.60238,5,0.3595,0.024,0.021,5.313,5.884,0.9879,0.00957,270.27,53.34,0.5671904799999999,0.7203319095999999,2.25,2.269726e-08,1.216391e-08,2.150419e-08,1.139681e-08,94.33,92.11,8913.03,8702.89,45.35,44.09
4.60262,5,0.3595,0.024,0.021,5.313,5.884,0.9879,0.00957,270.27,53.34,0.56718952,0.7203306904,2.25,2.269181e-08,1.215358e-08,2.146554e-08,1.136602e-08,94.21,91.93,8901.33,8686.13,45.28,43.99
4.60288,5,0.3595,0.024,0.021,5.313,5.884,0.9879,0.00957,270.27,53.34,0.56718848,0.7203293696,2.25,2.267336e-08,1.214033e-08,2.143657e-08,1.135589e-08,94.15,92.02,8896.02,8694.61,45.25,44.04
4.60313,5,0.3596,0.024,0.021,5.313,5.884,0.9879,0.00957,270.27,53.34,0.56718748,0.7203280996,2.25,2.265154e-08,1.213179e-08,2.142311e-08,1.133752e-08,94.23,91.85,8903.46,8678.73,45.29,43.94
4.60337,5,0.3596,0.024,0.021,5.313,5.884,0.9879,0.00957,270.27,53.34,0.5671865199999999,0.7203268803999999,2.25,2.26266e-08,1.211483e-08,2.138165e-08,1.132153e-08,94.17,91.96,8897.76,8688.43,45.26,44.00
4.60363,5,0.3596,0.024,0.021,5.313,5.884,0.9879,0.00957,270.27,53.34,0.5671854799999999,0.7203255595999999,2.25,2.261099e-08,1.209522e-08,2.134522e-08,1.130141e-08,93.98,91.94,8879.98,8687.07,45.15,43.99
4.60388,5,0.3597,0.024,0.021,5.313,5.884,0.9879,0.00957,270.27,53.34,0.56718448,0.7203242896,2.25,2.259658e-08,1.207879e-08,2.132647e-08,1.128143e-08,93.86,91.79,8868.68,8673.06,45.08,43.91
4.60412,5,0.3597,0.024,0.021,5.313,5.884,0.9879,0.00957,270.27,53.34,0.5671835199999999,0.7203230704,2.25,2.258437e-08,1.207251e-08,2.129385e-08,1.126852e-08,93.87,91.87,8869.07,8680.17,45.09,43.95
4.60438,5,0.3597,0.024,0.021,5.313,5.884,0.9879,0.00957,270.27,53.34,0.5671824799999999,0.7203217496,2.25,2.256892e-08,1.205016e-08,2.127234e-08,1.125311e-08,93.63,91.80,8846.84,8673.58,44.95,43.91
4.60463,5,0.3598,0.024,0.021,5.313,5.884,0.9879,0.00957,270.27,53.34,0.5671814799999999,0.7203204795999999,2.25,2.25519e-08,1.204194e-08,2.126345e-08,1.123259e-08,93.67,91.55,8850.67,8650.13,44.97,43.77
4.60487,5,0.3598,0.024,0.021,5.313,5.884,0.9879,0.00957,270.27,53.34,0.56718052,0.7203192603999999,2.25,2.250053e-08,1.201294e-08,2.122204e-08,1.122856e-08,93.65,91.86,8848.19,8679.37,44.96,43.95
4.60513,5,0.3598,0.024,0.021,5.313,5.884,0.9879,0.00957,270.27,53.34,0.56717948,0.7203179396,2.25,2.249424e-08,1.200271e-08,2.122498e-08,1.121468e-08,93.53,91.59,8837.33,8654.07,44.89,43.79
4.60538,5,0.3599,0.024,0.021,5.313,5.884,0.9879,0.00957,270.27,53.34,0.5671784799999999,0.7203166696,2.25,2.246889e-08,1.198622e-08,2.119021e-08,1.120924e-08,93.51,91.84,8835.11,8677.71,44.88,43.94
4.60562,5,0.3599,0.024,0.021,5.313,5.884,0.9879,0.00957,270.27,53.34,0.56717752,0.7203154504,2.25,2.243921e-08,1.197786e-08,2.116219e-08,1.118448e-08,93.63,91.67,8846.94,8661.37,44.95,43.84
4.60588,5,0.3599,0.024,0.021,5.313,5.884,0.9879,0.00957,270.27,53.34,0.56717648,0.7203141296,2.25,2.241997e-08,1.196393e-08,2.113742e-08,1.117373e-08,93.57,91.71,8841.14,8665.22,44.92,43.86
4.60612,5,0.3600,0.024,0.021,5.313,5.884,0.9879,0.00957,270.27,53.34,0.5671755199999999,0.7203129103999999,2.25,2.240205e-08,1.194678e-08,2.112377e-08,1.116164e-08,93.47,91.65,8831.57,8659.60,44.86,43.83
4.60637,5,0.3600,0.024,0.021,5.313,5.884,0.9879,0.00957,270.27,53.34,0.56717452,0.7203116404000001,2.25,2.237686e-08,1.192725e-08,2.110077e-08,1.115179e-08,93.37,91.69,8821.90,8663.40,44.80,43.85
4.60663,5,0.3600,0.023,0.021,5.313,5.884,0.9879,0.00957,270.27,53.34,0.56717348,0.7203103196,2.25,2.234801e-08,1.191795e-08,2.108335e-08,1.114753e-08,93.47,91.78,8831.44,8671.45,44.86,43.90
4.60687,5,0.3601,0.023,0.021,5.312,5.884,0.9879,0.00957,270.27,53.34,0.56717252,0.7203091004,2.25,2.234627e-08,1.190731e-08,2.107826e-08,1.113032e-08,93.33,91.55,8818.48,8649.92,44.78,43.77
4.60712,5,0.3601,0.023,0.021,5.312,5.884,0.9879,0.00957,270.27,53.34,0.5671715199999999,0.7203078303999999,2.25,2.230721e-08,1.188628e-08,2.106361e-08,1.111952e-08,93.33,91.49,8818.14,8644.87,44.78,43.74
4.60738,5,0.3601,0.023,0.021,5.312,5.884,0.9879,0.00957,270.27,53.34,0.5671704799999999,0.7203065095999999,2.25,2.229899e-08,1.188924e-08,2.104226e-08,1.111429e-08,93.45,91.60,8829.81,8654.83,44.85,43.80
4.60762,5,0.3602,0.023,0.021,5.312,5.884,0.9879,0.00957,270.27,53.34,0.56716952,0.7203052904,2.25,2.226573e-08,1.186316e-08,2.102533e-08,1.109227e-08,93.34,91.40,8818.97,8635.66,44.78,43.68
4.60787,5,0.3602,0.023,0.021,5.312,5.884,0.9879,0.00957,270.27,53.34,0.56716852,0.7203040204,2.25,2.224984e-08,1.18451e-08,2.101158e-08,1.108569e-08,93.18,91.41,8803.71,8636.77,44.69,43.69
4.60813,5,0.3602,0.023,0.021,5.312,5.884,0.9879,0.00957,270.27,53.34,0.56716748,0.7203026995999999,2.25,2.223613e-08,1.18414e-08,2.099346e-08,1.107568e-08,93.24,91.40,8809.43,8636.03,44.73,43.68
4.60837,5,0.3603,0.023,0.021,5.312,5.884,0.9879,0.00957,270.27,53.34,0.56716652,0.7203014804,2.25,2.220385e-08,1.182328e-08,2.0971e-08,1.107163e-08,93.25,91.56,8810.39,8651.32,44.73,43.78
4.60862,5,0.3603,0.023,0.021,5.312,5.884,0.9879,0.00957,270.27,53.34,0.56716552,0.7203002104,2.25,2.218463e-08,1.180618e-08,2.092992e-08,1.104948e-08,93.13,91.55,8799.45,8650.56,44.67,43.77
4.60888,5,0.3603,0.023,0.021,5.312,5.884,0.9879,0.00957,270.27,53.34,0.56716448,0.7202988896,2.25,2.217474e-08,1.179818e-08,2.092422e-08,1.103574e-08,93.08,91.37,8795.09,8632.78,44.64,43.66
4.60912,5,0.3604,0.023,0.021,5.312,5.884,0.9879,0.00957,270.27,53.34,0.5671635199999999,0.7202976703999999,2.25,2.215016e-08,1.17898e-08,2.090352e-08,1.102093e-08,93.19,91.32,8805.03,8628.72,44.70,43.64
4.60938,5,0.3604,0.023,0.021,5.312,5.884,0.9879,0.00957,270.27,53.34,0.5671624799999999,0.7202963495999999,2.25,2.212109e-08,1.176436e-08,2.087968e-08,1.101208e-08,93.02,91.39,8789.11,8634.89,44.60,43.68
4.60963,5,0.3604,0.023,0.021,5.312,5.884,0.9879,0.00957,270.27,53.34,0.56716148,0.7202950796,2.25,2.209862e-08,1.175422e-08,2.085262e-08,1.099146e-08,93.05,91.28,8792.00,8624.35,44.62,43.61
4.60987,5,0.3605,0.023,0.021,5.312,5.884,0.9879,0.00957,270.27,53.34,0.56716052,0.7202938604,2.25,2.207983e-08,1.174431e-08,2.081434e-08,1.097562e-08,93.08,91.38,8794.57,8633.96,44.64,43.67
4.61013,5,0.3605,0.023,0.021,5.312,5.884,0.9879,0.00957,270.27,53.34,0.5671594799999999,0.7202925396,2.25,2.207449e-08,1.173601e-08,2.079169e-08,1.096273e-08,92.99,91.36,8785.84,8632.38,44.58,43.66
4.61038,5,0.3605,0.023,0.021,5.312,5.884,0.9879,0.00957,270.27,53.34,0.5671584799999999,0.7202912695999999,2.25,2.204969e-08,1.170752e-08,2.075411e-08,1.094162e-08,92.73,91.34,8761.39,8630.22,44.44,43.65
4.61062,5,0.3606,0.023,0.021,5.312,5.884,0.9879,0.00957,270.27,53.34,0.56715752,0.7202900503999999,2.25,2.203368e-08,1.169283e-08,2.071695e-08,1.092242e-08,92.65,91.37,8753.94,8633.27,44.39,43.67
4.61088,5,0.3606,0.023,0.021,5.312,5.884,0.9879,0.00957,270.27,53.34,0.56715648,0.7202887296,2.25,2.200169e-08,1.168108e-08,2.068298e-08,1.089774e-08,92.74,91.25,8762.29,8621.94,44.44,43.60
4.61113,5,0.3606,0.023,0.021,5.312,5.884,0.9879,0.00957,270.27,53.34,0.5671554799999999,0.7202874596,2.25,2.197629e-08,1.166819e-08,2.063106e-08,1.087083e-08,92.75,91.26,8763.24,8622.69,44.45,43.60
4.61137,5,0.3607,0.023,0.021,5.312,5.884,0.9879,0.00957,270.27,53.34,0.56715452,0.7202862404,2.25,2.194979e-08,1.165205e-08,2.060312e-08,1.085618e-08,92.74,91.29,8762.36,8625.20,44.44,43.62
4.61163,5,0.3607,0.023,0.021,5.312,5.884,0.9879,0.00957,270.27,53.34,0.56715348,0.7202849196,2.25,2.193721e-08,1.163907e-08,2.05553e-08,1.082515e-08,92.63,91.18,8752.25,8615.39,44.38,43.56
4.61188,5,0.3607,0.023,0.021,5.312,5.884,0.9879,0.00957,270.27,53.34,0.56715248,0.7202836495999999,2.25,2.193084e-08,1.16215e-08,2.050563e-08,1.079925e-08,92.39,91.19,8729.55,8615.82,44.24,43.56
4.61212,5,0.3608,0.023,0.021,5.311,5.884,0.9879,0.00957,270.27,53.34,0.5671515199999999,0.7202824303999998,2.25,2.189285e-08,1.160156e-08,2.045704e-08,1.076202e-08,92.42,91.00,8732.27,8598.56,44.26,43.46
4.61238,5,0.3608,0.023,0.021,5.311,5.884,0.9879,0.00957,270.27,53.34,0.56715048,0.7202811096,2.25,2.187255e-08,1.157844e-08,2.038773e-08,1.073554e-08,92.21,91.18,8712.49,8615.47,44.14,43.56
4.61263,5,0.3608,0.023,0.021,5.311,5.884,0.9879,0.00957,270.27,53.34,0.56714948,0.7202798396,2.25,2.184803e-08,1.15718e-08,2.03406e-08,1.070732e-08,92.32,91.12,8722.64,8609.69,44.20,43.52
4.61287,5,0.3609,0.023,0.021,5.311,5.884,0.9879,0.00957,270.27,53.34,0.5671485199999999,0.7202786203999999,2.25,2.182208e-08,1.155051e-08,2.028865e-08,1.066952e-08,92.22,90.96,8712.96,8594.29,44.14,43.43
4.61313,5,0.3609,0.023,0.021,5.311,5.884,0.9879,0.00957,270.27,53.34,0.5671474799999999,0.7202772995999999,2.25,2.17728e-08,1.153831e-08,2.0219e-08,1.063938e-08,92.45,91.08,8735.29,8605.36,44.28,43.50
4.61337,5,0.3609,0.023,0.021,5.311,5.884,0.9879,0.00957,270.27,53.34,0.56714652,0.7202760804,2.25,2.175105e-08,1.152031e-08,2.015438e-08,1.060226e-08,92.34,91.02,8724.86,8600.03,44.22,43.47
4.61362,5,0.3610,0.023,0.021,5.311,5.884,0.9879,0.00957,270.27,53.34,0.56714552,0.7202748104,2.25,2.171294e-08,1.148878e-08,2.008011e-08,1.056235e-08,92.17,91.03,8708.99,8600.97,44.12,43.47
4.61388,5,0.3610,0.023,0.021,5.311,5.884,0.9879,0.00957,270.27,53.34,0.56714448,0.7202734895999999,2.25,2.168038e-08,1.146474e-08,2.001652e-08,1.052923e-08,92.06,91.04,8698.01,8601.53,44.05,43.48
4.61412,5,0.3610,0.023,0.021,5.311,5.884,0.9879,0.00957,270.27,53.34,0.56714352,0.7202722704000001,2.25,2.163641e-08,1.145842e-08,1.996279e-08,1.049201e-08,92.35,90.87,8725.38,8586.07,44.22,43.38
4.61437,5,0.3611,0.023,0.021,5.311,5.884,0.9879,0.00957,270.27,53.34,0.56714252,0.7202710004,2.25,2.160219e-08,1.143192e-08,1.988866e-08,1.044951e-08,92.23,90.83,8714.22,8582.32,44.15,43.36
4.61463,5,0.3611,0.023,0.021,5.311,5.884,0.9879,0.00957,270.27,53.34,0.56714148,0.7202696796,2.25,2.15633e-08,1.140127e-08,1.981774e-08,1.040926e-08,92.06,90.78,8697.90,8577.13,44.05,43.33
4.61487,5,0.3611,0.023,0.021,5.311,5.884,0.9879,0.00957,270.27,53.34,0.5671405199999999,0.7202684603999999,2.25,2.151375e-08,1.137758e-08,1.974272e-08,1.037188e-08,92.10,90.82,8701.97,8580.66,44.08,43.35
4.61512,5,0.3612,0.023,0.021,5.311,5.884,0.9879,0.00957,270.27,53.34,0.56713952,0.7202671904,2.25,2.148123e-08,1.135748e-08,1.967525e-08,1.033702e-08,92.07,90.85,8699.67,8584.06,44.06,43.37
4.61538,5,0.3612,0.023,0.021,5.311,5.884,0.9879,0.00957,270.27,53.34,0.56713848,0.7202658696,2.25,2.144646e-08,1.133606e-08,1.959643e-08,1.028984e-08,92.02,90.74,8694.72,8573.93,44.03,43.31
4.61562,5,0.3612,0.023,0.021,5.311,5.884,0.9879,0.00957,270.27,53.34,0.56713752,0.7202646504,2.25,2.138517e-08,1.130683e-08,1.952472e-08,1.025067e-08,92.08,90.72,8699.89,8571.26,44.07,43.29
4.61587,5,0.3613,0.023,0.021,5.311,5.884,0.9879,0.00957,270.27,53.34,0.5671365199999999,0.7202633803999999,2.25,2.133138e-08,1.12781e-08,1.945191e-08,1.020678e-08,92.10,90.63,8701.83,8563.63,44.08,43.25
4.61613,5,0.3613,0.023,0.021,5.311,5.884,0.9879,0.00957,270.27,53.34,0.5671354799999999,0.7202620595999999,2.25,2.129761e-08,1.125026e-08,1.936452e-08,1.016913e-08,91.92,90.79,8685.47,8578.19,43.98,43.33
4.61637,5,0.3613,0.023,0.021,5.311,5.884,0.9879,0.00957,270.27,53.34,0.56713452,0.7202608403999999,2.25,2.124833e-08,1.121986e-08,1.928376e-08,1.013429e-08,91.85,90.93,8678.31,8591.71,43.94,43.42
4.61662,5,0.3614,0.023,0.021,5.310,5.884,0.9879,0.00957,270.27,53.34,0.56713352,0.7202595704,2.25,2.117089e-08,1.118239e-08,1.92306e-08,1.008479e-08,91.93,90.55,8686.34,8555.53,43.98,43.20
4.61688,5,0.3614,0.023,0.021,5.310,5.884,0.9879,0.00957,270.27,53.34,0.5671324799999999,0.7202582496,2.25,2.112774e-08,1.115645e-08,1.914567e-08,1.004698e-08,91.88,90.68,8681.15,8567.60,43.95,43.27
4.61712,5,0.3614,0.023,0.021,5.310,5.884,0.9879,0.00957,270.27,53.34,0.56713152,0.7202570304,2.25,2.107563e-08,1.11405e-08,1.908501e-08,1.001015e-08,92.08,90.58,8700.29,8558.61,44.07,43.22
4.61738,5,0.3615,0.023,0.021,5.310,5.884,0.9879,0.00957,270.27,53.34,0.56713048,0.7202557096,2.25,2.102985e-08,1.109386e-08,1.900553e-08,9.965721e-09,91.71,90.55,8665.51,8556.02,43.86,43.20
4.61763,5,0.3615,0.023,0.021,5.310,5.884,0.9879,0.00957,270.27,53.34,0.56712948,0.7202544396,2.25,2.096531e-08,1.106124e-08,1.89418e-08,9.927075e-09,91.74,90.45,8667.88,8546.56,43.87,43.14
4.61787,5,0.3615,0.023,0.021,5.310,5.884,0.9879,0.00957,270.27,53.34,0.5671285199999999,0.7202532204,2.25,2.088674e-08,1.103468e-08,1.887893e-08,9.896197e-09,92.00,90.49,8692.71,8550.32,44.02,43.17
4.61813,5,0.3616,0.023,0.021,5.310,5.884,0.9879,0.00957,270.27,53.34,0.5671274799999999,0.7202518995999999,2.25,2.083044e-08,1.100478e-08,1.88074e-08,9.853513e-09,92.02,90.42,8694.85,8543.23,44.03,43.12
4.61838,5,0.3616,0.023,0.021,5.310,5.884,0.9879,0.00957,270.27,53.34,0.56712648,0.7202506296,2.25,2.078835e-08,1.096999e-08,1.874245e-08,9.817863e-09,91.80,90.39,8673.81,8540.27,43.91,43.11
4.61862,5,0.3616,0.023,0.021,5.310,5.884,0.9879,0.00957,270.27,53.34,0.5671255199999999,0.7202494103999999,2.25,2.072422e-08,1.093711e-08,1.866696e-08,9.790686e-09,91.82,90.63,8675.43,8562.98,43.92,43.24
4.61888,5,0.3617,0.023,0.021,5.310,5.884,0.9879,0.00957,270.27,53.34,0.5671244799999999,0.7202480896,2.25,2.065929e-08,1.090379e-08,1.861891e-08,9.754864e-09,91.86,90.45,8679.42,8545.79,43.94,43.14
4.61913,5,0.3617,0.023,0.021,5.310,5.884,0.9879,0.00957,270.27,53.34,0.56712348,0.7202468196,2.25,2.059226e-08,1.087229e-08,1.854452e-08,9.715787e-09,91.93,90.44,8685.98,8545.60,43.98,43.14
4.61937,5,0.3617,0.023,0.021,5.310,5.884,0.9879,0.00957,270.27,53.34,0.56712252,0.7202456004,2.25,2.052062e-08,1.08443e-08,1.847837e-08,9.693799e-09,92.11,90.69,8702.70,8569.12,44.08,43.28
4.61963,5,0.3618,0.023,0.020,5.310,5.884,0.9879,0.00957,270.27,53.34,0.56712148,0.7202442795999999,2.25,2.04797e-08,1.080882e-08,1.842865e-08,9.652201e-09,91.88,90.41,8681.61,8542.71,43.96,43.12
4.61988,5,0.3618,0.023,0.020,5.310,5.884,0.9879,0.00957,270.27,53.34,0.5671204799999999,0.7202430095999999,2.25,2.043408e-08,1.077418e-08,1.838553e-08,9.624344e-09,91.69,90.31,8663.63,8532.89,43.85,43.06
4.62012,5,0.3618,0.023,0.020,5.310,5.884,0.9879,0.00957,270.27,53.34,0.56711952,0.7202417904,2.25,2.037303e-08,1.075715e-08,1.831938e-08,9.59807e-09,91.97,90.47,8689.53,8548.51,44.00,43.16
4.62038,5,0.3619,0.023,0.020,5.310,5.884,0.9879,0.00957,270.27,53.34,0.56711848,0.7202404696,2.25,2.03074e-08,1.0718e-08,1.8268e-08,9.569206e-09,91.91,90.46,8684.21,8547.22,43.97,43.15
4.62063,5,0.3619,0.023,0.020,5.310,5.884,0.9879,0.00957,270.27,53.34,0.56711748,0.7202391995999999,2.25,2.025235e-08,1.067773e-08,1.822556e-08,9.5449e-09,91.71,90.42,8664.94,8543.32,43.85,43.12
4.62087,5,0.3619,0.023,0.020,5.310,5.884,0.9879,0.00957,270.27,53.34,0.56711652,0.7202379804,2.25,2.021094e-08,1.065164e-08,1.816104e-08,9.522262e-09,91.63,90.64,8657.62,8564.38,43.81,43.25
4.62113,5,0.3620,0.023,0.020,5.310,5.884,0.9879,0.00957,270.27,53.34,0.56711548,0.7202366596,2.25,2.012948e-08,1.062956e-08,1.813551e-08,9.491842e-09,92.04,90.33,8696.08,8534.55,44.04,43.07
4.62137,5,0.3620,0.023,0.020,5.310,5.884,0.9879,0.00957,270.27,53.34,0.56711452,0.7202354404,2.25,2.006914e-08,1.060015e-08,1.808371e-08,9.465807e-09,92.08,90.35,8700.34,8536.58,44.07,43.08
4.62162,5,0.3620,0.023,0.020,5.310,5.884,0.9879,0.00957,270.27,53.34,0.5671135199999999,0.7202341703999999,2.25,2.001827e-08,1.057627e-08,1.804174e-08,9.445457e-09,92.14,90.38,8705.56,8539.66,44.10,43.10
4.62188,5,0.3621,0.023,0.020,5.309,5.884,0.9879,0.00957,270.27,53.34,0.5671124799999999,0.7202328495999999,2.25,1.997616e-08,1.054813e-08,1.799803e-08,9.427427e-09,92.05,90.50,8697.66,8551.25,44.05,43.17
4.62212,5,0.3621,0.023,0.020,5.309,5.884,0.9879,0.00957,270.27,53.34,0.56711152,0.7202316303999999,2.25,1.99215e-08,1.052348e-08,1.795973e-08,9.405759e-09,92.13,90.47,8705.05,8548.19,44.09,43.15
4.62237,5,0.3621,0.023,0.020,5.309,5.884,0.9879,0.00957,270.27,53.34,0.56711052,0.7202303604,2.25,1.988154e-08,1.049627e-08,1.792678e-08,9.384527e-09,92.02,90.39,8694.33,8540.59,44.03,43.11
4.62263,5,0.3622,0.023,0.020,5.309,5.884,0.9879,0.00957,270.27,53.34,0.5671094799999999,0.7202290396,2.25,1.982869e-08,1.047228e-08,1.78883e-08,9.362744e-09,92.12,90.38,8703.62,8539.81,44.09,43.10
4.62287,5,0.3622,0.023,0.020,5.309,5.884,0.9879,0.00957,270.27,53.34,0.56710852,0.7202278204,2.25,1.97855e-08,1.044166e-08,1.784465e-08,9.344721e-09,91.97,90.48,8689.85,8549.07,44.00,43.16
4.62312,5,0.3622,0.023,0.020,5.309,5.884,0.9879,0.00957,270.27,53.34,0.56710752,0.7202265503999999,2.25,1.972838e-08,1.041657e-08,1.781153e-08,9.321447e-09,92.07,90.36,8698.78,8537.67,44.06,43.09
4.62338,5,0.3623,0.023,0.020,5.309,5.884,0.9879,0.00957,270.27,53.34,0.56710648,0.7202252296,2.25,1.969458e-08,1.039932e-08,1.777552e-08,9.308641e-09,92.10,90.51,8702.24,8551.67,44.08,43.17
4.62362,5,0.3623,0.023,0.020,5.309,5.884,0.9879,0.00957,270.27,53.34,0.5671055199999999,0.7202240104,2.25,1.965517e-08,1.037398e-08,1.774422e-08,9.286979e-09,92.02,90.40,8694.20,8541.49,44.03,43.11
4.62387,5,0.3623,0.023,0.020,5.309,5.884,0.9879,0.00957,270.27,53.34,0.56710452,0.7202227404,2.25,1.960897e-08,1.035792e-08,1.770743e-08,9.270116e-09,92.17,90.45,8709.02,8546.12,44.12,43.14
4.62413,5,0.3624,0.023,0.020,5.309,5.884,0.9879,0.00957,270.27,53.34,0.56710348,0.7202214196,2.25,1.95831e-08,1.033382e-08,1.767056e-08,9.251683e-09,92.00,90.49,8692.82,8550.16,44.02,43.16
4.62437,5,0.3624,0.023,0.020,5.309,5.884,0.9879,0.00957,270.27,53.34,0.5671025199999999,0.7202202003999999,2.25,1.953945e-08,1.031802e-08,1.764057e-08,9.228456e-09,92.14,90.34,8705.74,8535.55,44.10,43.08
4.62462,5,0.3624,0.023,0.020,5.309,5.884,0.9879,0.00957,270.27,53.34,0.5671015199999999,0.7202189304,2.25,1.950234e-08,1.029713e-08,1.761616e-08,9.213807e-09,92.11,90.30,8703.43,8531.90,44.08,43.05
4.62488,5,0.3625,0.023,0.020,5.309,5.884,0.9879,0.00957,270.27,53.34,0.5671004799999999,0.7202176095999999,2.25,1.946746e-08,1.027581e-08,1.757645e-08,9.199627e-09,92.08,90.46,8700.62,8547.09,44.07,43.15
4.62512,5,0.3625,0.023,0.020,5.309,5.884,0.9879,0.00957,270.27,53.34,0.56709952,0.7202163904,2.25,1.944434e-08,1.026332e-08,1.755421e-08,9.175024e-09,92.08,90.19,8700.10,8521.83,44.06,42.99
4.62538,5,0.3625,0.023,0.020,5.309,5.884,0.9879,0.00957,270.28,53.34,0.56709848,0.7202150695999999,2.25,1.940727e-08,1.025409e-08,1.751914e-08,9.167206e-09,92.28,90.41,8718.72,8542.35,44.18,43.12
4.62563,5,0.3626,0.023,0.020,5.309,5.884,0.9879,0.00957,270.28,53.34,0.5670974799999999,0.7202137995999999,2.25,1.936989e-08,1.024187e-08,1.748641e-08,9.143058e-09,92.45,90.29,8734.74,8530.97,44.27,43.05
4.62587,5,0.3626,0.023,0.020,5.309,5.884,0.9879,0.00957,270.28,53.34,0.56709652,0.7202125804,2.25,1.934243e-08,1.022545e-08,1.744227e-08,9.119974e-09,92.41,90.29,8731.30,8530.96,44.25,43.05
4.62613,5,0.3626,0.023,0.020,5.309,5.884,0.9879,0.00957,270.28,53.34,0.56709548,0.7202112596,2.25,1.931964e-08,1.0211e-08,1.740707e-08,9.104469e-09,92.36,90.35,8726.94,8536.66,44.22,43.08
4.62638,5,0.3627,0.023,0.020,5.309,5.884,0.9879,0.00957,270.28,53.34,0.56709448,0.7202099895999999,2.25,1.929902e-08,1.019436e-08,1.738106e-08,9.081437e-09,92.28,90.18,8718.93,8520.46,44.18,42.99
4.62662,5,0.3627,0.023,0.020,5.309,5.884,0.9879,0.00957,270.28,53.34,0.5670935199999999,0.7202087703999999,2.25,1.926219e-08,1.018426e-08,1.733446e-08,9.05701e-09,92.46,90.18,8735.94,8520.31,44.28,42.98
4.62688,5,0.3627,0.023,0.020,5.309,5.884,0.9879,0.00957,270.28,53.34,0.56709248,0.7202074496,2.25,1.92558e-08,1.017059e-08,1.729909e-08,9.028997e-09,92.26,89.98,8717.22,8501.51,44.17,42.87
4.62713,5,0.3628,0.023,0.020,5.308,5.884,0.9879,0.00957,270.28,53.34,0.56709148,0.7202061796,2.25,1.923169e-08,1.016596e-08,1.725535e-08,9.011952e-09,92.44,90.12,8734.39,8515.29,44.27,42.95
4.62737,5,0.3628,0.023,0.020,5.308,5.884,0.9879,0.00957,270.28,53.34,0.5670905199999999,0.7202049603999999,2.25,1.921127e-08,1.01544e-08,1.721065e-08,8.99247e-09,92.43,90.20,8732.99,8522.95,44.26,43.00
4.62763,5,0.3628,0.023,0.020,5.308,5.884,0.9879,0.00957,270.28,53.34,0.5670894799999999,0.7202036395999999,2.25,1.918575e-08,1.014275e-08,1.717509e-08,8.968509e-09,92.46,90.09,8736.35,8512.26,44.28,42.94
4.62788,5,0.3629,0.023,0.020,5.308,5.884,0.9879,0.00957,270.28,53.34,0.56708848,0.7202023696000001,2.25,1.917199e-08,1.012587e-08,1.713124e-08,8.940642e-09,92.30,90.01,8721.20,8504.71,44.19,42.89
4.62812,5,0.3629,0.023,0.020,5.308,5.884,0.9879,0.00957,270.28,53.34,0.56708752,0.7202011504,2.25,1.914611e-08,1.012455e-08,1.709097e-08,8.918361e-09,92.54,89.98,8743.81,8502.19,44.33,42.88
4.62838,5,0.3629,0.023,0.020,5.308,5.884,0.9879,0.00957,270.28,53.34,0.56708648,0.7201998296,2.25,1.913572e-08,1.011531e-08,1.704207e-08,8.890759e-09,92.47,89.94,8736.94,8498.02,44.28,42.85
4.62863,5,0.3630,0.023,0.020,5.308,5.884,0.9879,0.00957,270.28,53.34,0.5670854799999999,0.7201985595999999,2.25,1.911563e-08,1.010458e-08,1.701024e-08,8.861392e-09,92.49,89.70,8739.15,8474.85,44.30,42.71
4.62887,5,0.3630,0.023,0.020,5.308,5.884,0.9879,0.00957,270.28,53.34,0.56708452,0.7201973403999999,2.25,1.910324e-08,1.009836e-08,1.695516e-08,8.829609e-09,92.50,89.63,8739.75,8468.66,44.30,42.67
4.62913,5,0.3630,0.023,0.020,5.308,5.884,0.9879,0.00957,270.28,53.34,0.56708348,0.7201960196,2.25,1.90816e-08,1.008186e-08,1.690962e-08,8.804277e-09,92.40,89.60,8730.45,8465.42,44.24,42.65
4.62937,5,0.3630,0.023,0.020,5.308,5.884,0.9879,0.00957,270.28,53.34,0.5670825199999999,0.7201948004,2.25,1.907301e-08,1.00757e-08,1.685519e-08,8.785167e-09,92.37,89.79,8727.48,8484.01,44.23,42.77
4.62962,5,0.3631,0.023,0.020,5.308,5.884,0.9879,0.00957,270.28,53.34,0.56708152,0.7201935304,2.25,1.905221e-08,1.006917e-08,1.681149e-08,8.749963e-09,92.48,89.55,8738.08,8461.25,44.29,42.63
4.62988,5,0.3631,0.023,0.020,5.308,5.884,0.9879,0.00957,270.28,53.34,0.56708048,0.7201922096,2.25,1.906529e-08,1.005659e-08,1.675465e-08,8.720749e-09,92.10,89.56,8702.31,8462.00,44.08,42.63
4.63012,5,0.3631,0.023,0.020,5.308,5.884,0.9879,0.00957,270.28,53.34,0.56707952,0.7201909903999999,2.25,1.90348e-08,1.004726e-08,1.669397e-08,8.694339e-09,92.23,89.67,8714.70,8472.51,44.15,42.70
4.63037,5,0.3632,0.023,0.020,5.308,5.884,0.9879,0.00957,270.28,53.34,0.5670785199999999,0.7201897204,2.25,1.902209e-08,1.00395e-08,1.665978e-08,8.662993e-09,92.24,89.40,8715.17,8447.30,44.15,42.54
4.63063,5,0.3632,0.023,0.020,5.308,5.884,0.9879,0.00957,270.28,53.34,0.5670774799999999,0.7201883995999999,2.25,1.900791e-08,1.003771e-08,1.661142e-08,8.637504e-09,92.35,89.40,8725.65,8446.60,44.22,42.54
4.63087,5,0.3632,0.023,0.020,5.308,5.884,0.9879,0.00957,270.28,53.34,0.56707652,0.7201871804,2.25,1.900021e-08,1.002649e-08,1.655249e-08,8.60787e-09,92.21,89.42,8712.48,8448.66,44.14,42.55
4.63112,5,0.3633,0.023,0.020,5.308,5.884,0.9879,0.00957,270.28,53.34,0.5670755199999999,0.7201859103999999,2.25,1.898806e-08,1.002146e-08,1.65077e-08,8.577365e-09,92.26,89.29,8717.42,8436.21,44.17,42.48
4.63138,5,0.3633,0.023,0.020,5.308,5.884,0.9879,0.00957,270.28,53.34,0.5670744799999999,0.7201845896,2.25,1.899211e-08,1.001007e-08,1.64546e-08,8.551091e-09,92.00,89.31,8692.55,8438.91,44.02,42.49
4.63162,5,0.3633,0.023,0.020,5.308,5.884,0.9879,0.00957,270.28,53.34,0.56707352,0.7201833704,2.25,1.897121e-08,1.001009e-08,1.640509e-08,8.521527e-09,92.21,89.23,8712.86,8431.01,44.14,42.45
4.63187,5,0.3634,0.023,0.020,5.308,5.884,0.9879,0.00957,270.28,53.34,0.56707252,0.7201821004,2.25,1.896362e-08,9.996627e-09,1.634953e-08,8.492531e-09,92.06,89.25,8697.83,8433.05,44.05,42.46
4.63213,5,0.3634,0.023,0.020,5.308,5.884,0.9879,0.00957,270.28,53.34,0.56707148,0.7201807795999999,2.25,1.895874e-08,9.990996e-09,1.630862e-08,8.468907e-09,92.00,89.20,8692.21,8428.14,44.01,42.43
4.63237,5,0.3634,0.023,0.020,5.308,5.884,0.9879,0.00957,270.28,53.34,0.5670705199999999,0.7201795603999999,2.25,1.896601e-08,9.978228e-09,1.62683e-08,8.443376e-09,91.67,89.10,8661.74,8418.61,43.83,42.37
4.63262,5,0.3635,0.023,0.020,5.307,5.884,0.9879,0.00957,270.28,53.34,0.56706952,0.7201782904,2.25,1.895557e-08,9.974612e-09,1.621977e-08,8.411401e-09,91.73,88.98,8667.57,8406.82,43.87,42.30
4.63288,5,0.3635,0.023,0.020,5.307,5.884,0.9879,0.00957,270.28,53.34,0.56706848,0.7201769696,2.25,1.894758e-08,9.969606e-09,1.617765e-08,8.390432e-09,91.72,88.99,8666.10,8408.64,43.86,42.31
4.63312,5,0.3635,0.023,0.020,5.307,5.884,0.9879,0.00957,270.28,53.34,0.5670675199999999,0.7201757503999999,2.25,1.893311e-08,9.973315e-09,1.612267e-08,8.360931e-09,91.94,88.97,8686.91,8406.58,43.98,42.30
4.63338,5,0.3636,0.023,0.020,5.307,5.884,0.9879,0.00957,270.28,53.34,0.5670664799999999,0.7201744295999999,2.25,1.894489e-08,9.97158e-09,1.609255e-08,8.34113e-09,91.81,88.90,8674.70,8400.15,43.91,42.26
4.63363,5,0.3636,0.023,0.020,5.307,5.884,0.9879,0.00957,270.28,53.34,0.56706548,0.7201731596000001,2.25,1.894043e-08,9.968063e-09,1.603672e-08,8.319659e-09,91.79,89.07,8672.56,8415.83,43.90,42.35
4.63387,5,0.3636,0.023,0.020,5.307,5.884,0.9879,0.00957,270.28,53.34,0.56706452,0.7201719404,2.25,1.895091e-08,9.966334e-09,1.600199e-08,8.301743e-09,91.65,89.07,8659.27,8416.04,43.82,42.36
4.63413,5,0.3637,0.023,0.020,5.307,5.884,0.9879,0.00957,270.28,53.34,0.56706348,0.7201706196,2.25,1.893409e-08,9.960453e-09,1.596126e-08,8.2818e-09,91.73,89.12,8667.09,8420.87,43.86,42.38
4.63438,5,0.3637,0.023,0.020,5.307,5.884,0.9879,0.00957,270.28,53.34,0.5670624799999999,0.7201693495999999,2.25,1.893932e-08,9.959177e-09,1.593897e-08,8.256761e-09,91.65,88.82,8659.70,8392.40,43.82,42.21
4.63462,5,0.3637,0.023,0.020,5.307,5.884,0.9879,0.00957,270.28,53.34,0.56706152,0.7201681303999999,2.25,1.895233e-08,9.962423e-09,1.589831e-08,8.242951e-09,91.58,88.99,8653.12,8407.75,43.78,42.31
4.63488,5,0.3638,0.023,0.020,5.307,5.884,0.9879,0.00957,270.28,53.34,0.56706048,0.7201668096,2.25,1.894421e-08,9.956678e-09,1.586728e-08,8.230411e-09,91.58,89.09,8652.79,8417.60,43.78,42.37
4.63513,5,0.3638,0.023,0.020,5.307,5.884,0.9879,0.00957,270.28,53.34,0.56705948,0.7201655396,2.25,1.896144e-08,9.961126e-09,1.584322e-08,8.210616e-09,91.49,88.92,8644.36,8402.05,43.73,42.27
4.63537,5,0.3638,0.023,0.020,5.307,5.884,0.9879,0.00957,270.28,53.34,0.56705852,0.7201643204,2.25,1.895333e-08,9.961476e-09,1.582151e-08,8.203276e-09,91.58,89.01,8652.80,8410.37,43.78,42.32
4.63563,5,0.3639,0.023,0.020,5.307,5.884,0.9879,0.00957,270.28,53.34,0.56705748,0.7201629996,2.25,1.898638e-08,9.966698e-09,1.579808e-08,8.182092e-09,91.37,88.83,8633.00,8393.43,43.66,42.22
4.63588,5,0.3639,0.023,0.020,5.307,5.884,0.9879,0.00957,270.28,53.34,0.56705648,0.7201617296,2.25,1.898769e-08,9.969006e-09,1.57667e-08,8.16999e-09,91.40,88.93,8635.95,8402.29,43.68,42.27
4.63612,5,0.3639,0.023,0.020,5.307,5.884,0.9879,0.00957,270.28,53.34,0.5670555199999999,0.7201605104,2.25,1.900868e-08,9.980655e-09,1.574867e-08,8.16537e-09,91.41,89.03,8637.10,8412.38,43.68,42.33
4.63638,5,0.3640,0.023,0.020,5.307,5.884,0.9879,0.00957,270.28,53.34,0.5670544799999999,0.7201591895999999,2.25,1.902402e-08,9.978205e-09,1.573405e-08,8.151518e-09,91.24,88.92,8620.36,8401.27,43.58,42.27
4.63663,5,0.3640,0.023,0.020,5.307,5.884,0.9879,0.00957,270.28,53.34,0.56705348,0.7201579196,2.25,1.904413e-08,9.987914e-09,1.571753e-08,8.144698e-09,91.22,88.96,8618.84,8405.00,43.57,42.29
4.63687,5,0.3640,0.023,0.020,5.307,5.884,0.9879,0.00957,270.28,53.34,0.56705252,0.7201567003999999,2.25,1.907618e-08,1.000427e-08,1.5707e-08,8.141519e-09,91.21,89.01,8618.02,8409.88,43.57,42.32
4.63713,5,0.3641,0.023,0.020,5.307,5.884,0.9879,0.00957,270.28,53.34,0.5670514799999999,0.7201553796,2.25,1.909994e-08,1.001477e-08,1.570239e-08,8.137291e-09,91.20,88.99,8616.84,8408.24,43.56,42.31
4.63737,5,0.3641,0.023,0.020,5.307,5.884,0.9879,0.00957,270.28,53.34,0.56705052,0.7201541604,2.25,1.913008e-08,1.002517e-08,1.569024e-08,8.133675e-09,91.09,89.05,8607.09,8414.00,43.50,42.34
4.63762,5,0.3641,0.023,0.020,5.307,5.884,0.9879,0.00957,270.28,53.34,0.56704952,0.7201528904,2.25,1.913256e-08,1.003705e-08,1.568348e-08,8.128555e-09,91.30,89.01,8626.19,8410.53,43.62,42.32
4.63788,5,0.3642,0.023,0.020,5.306,5.884,0.9879,0.00957,270.28,53.34,0.56704848,0.7201515695999999,2.25,1.917271e-08,1.004809e-08,1.568701e-08,8.116225e-09,91.13,88.72,8610.49,8382.48,43.52,42.15
4.63812,5,0.3642,0.023,0.020,5.306,5.884,0.9879,0.00958,270.28,53.34,0.5670475199999999,0.7201503503999999,2.25,1.918325e-08,1.005839e-08,1.566594e-08,8.121817e-09,91.22,89.09,8619.09,8417.90,43.57,42.37
4.63837,5,0.3642,0.023,0.020,5.306,5.884,0.9879,0.00958,270.28,53.34,0.56704652,0.7201490804,2.25,1.92212e-08,1.007989e-08,1.566919e-08,8.127064e-09,91.25,89.17,8621.97,8425.57,43.59,42.41
4.63863,5,0.3643,0.023,0.020,5.306,5.884,0.9879,0.00958,270.28,53.34,0.56704548,0.7201477596,2.25,1.925472e-08,1.008871e-08,1.568069e-08,8.125711e-09,91.11,89.03,8608.63,8412.14,43.51,42.33
4.63887,5,0.3643,0.023,0.020,5.306,5.884,0.9879,0.00958,270.28,53.34,0.5670445199999999,0.7201465403999999,2.25,1.928748e-08,1.010564e-08,1.568293e-08,8.125773e-09,91.11,89.01,8608.21,8409.78,43.51,42.32
4.63912,5,0.3643,0.023,0.020,5.306,5.884,0.9879,0.00958,270.28,53.34,0.5670435199999999,0.7201452703999999,2.25,1.932838e-08,1.012789e-08,1.56843e-08,8.131917e-09,91.12,89.13,8609.67,8421.46,43.52,42.39
4.63938,5,0.3644,0.023,0.020,5.306,5.884,0.9879,0.00958,270.28,53.34,0.56704248,0.7201439496,2.25,1.93756e-08,1.014228e-08,1.568731e-08,8.138892e-09,90.95,89.28,8593.61,8435.43,43.42,42.47
4.63962,5,0.3644,0.023,0.020,5.306,5.884,0.9879,0.00958,270.28,53.34,0.56704152,0.7201427304,2.25,1.94151e-08,1.016773e-08,1.568932e-08,8.134783e-09,91.04,89.16,8602.08,8424.34,43.47,42.40
4.63987,5,0.3644,0.023,0.020,5.306,5.884,0.9879,0.00958,270.28,53.34,0.5670405199999999,0.7201414603999999,2.25,1.944345e-08,1.018261e-08,1.569676e-08,8.135533e-09,91.04,89.09,8602.14,8417.66,43.47,42.36
4.64013,5,0.3645,0.023,0.020,5.306,5.884,0.9879,0.00958,270.28,53.34,0.5670394799999999,0.7201401395999999,2.25,1.948936e-08,1.021896e-08,1.571067e-08,8.144101e-09,91.30,89.15,8626.31,8422.89,43.62,42.39
4.64037,5,0.3645,0.023,0.020,5.306,5.884,0.9879,0.00958,270.28,53.34,0.56703852,0.7201389204,2.25,1.951398e-08,1.023201e-08,1.573391e-08,8.147406e-09,91.30,88.95,8626.56,8404.17,43.62,42.28
4.64062,5,0.3645,0.023,0.020,5.306,5.884,0.9879,0.00958,270.28,53.34,0.56703752,0.7201376504,2.25,1.955942e-08,1.024631e-08,1.574032e-08,8.154492e-09,91.12,89.03,8609.73,8412.22,43.52,42.33
4.64088,5,0.3646,0.023,0.020,5.306,5.884,0.9879,0.00958,270.28,53.34,0.56703648,0.7201363296,2.25,1.961597e-08,1.027285e-08,1.575472e-08,8.158581e-09,91.09,88.98,8606.67,8407.32,43.50,42.30
4.64112,5,0.3646,0.023,0.020,5.306,5.884,0.9879,0.00958,270.28,53.34,0.5670355199999999,0.7201351103999999,2.25,1.964148e-08,1.029772e-08,1.57546e-08,8.162429e-09,91.30,89.07,8626.91,8415.69,43.62,42.35
4.64138,5,0.3646,0.023,0.020,5.306,5.884,0.9879,0.00958,270.28,53.34,0.56703448,0.7201337896000001,2.25,1.96775e-08,1.031508e-08,1.577852e-08,8.168721e-09,91.28,88.93,8624.23,8402.66,43.60,42.27
4.64163,5,0.3647,0.023,0.020,5.306,5.884,0.9879,0.00958,270.28,53.34,0.56703348,0.7201325196,2.25,1.972673e-08,1.034073e-08,1.578329e-08,8.176436e-09,91.30,89.07,8626.33,8416.16,43.62,42.35
4.64187,5,0.3647,0.023,0.020,5.306,5.884,0.9879,0.00958,270.28,53.34,0.5670325199999999,0.7201313004,2.25,1.976787e-08,1.035928e-08,1.58003e-08,8.179376e-09,91.24,88.94,8621.05,8403.65,43.58,42.28
4.64213,5,0.3647,0.023,0.020,5.306,5.884,0.9879,0.00958,270.28,53.34,0.5670314799999999,0.7201299795999999,2.25,1.979591e-08,1.039408e-08,1.580378e-08,8.188041e-09,91.61,89.10,8656.23,8418.28,43.79,42.37
4.64238,5,0.3648,0.023,0.020,5.306,5.884,0.9879,0.00958,270.28,53.34,0.56703048,0.7201287096,2.25,1.984443e-08,1.040895e-08,1.583302e-08,8.193353e-09,91.44,88.90,8640.07,8399.66,43.70,42.25
4.64262,5,0.3648,0.023,0.020,5.306,5.884,0.9879,0.00958,270.28,53.34,0.56702952,0.7201274903999999,2.25,1.988852e-08,1.043212e-08,1.583713e-08,8.198396e-09,91.44,88.96,8640.14,8405.85,43.70,42.29
4.64288,5,0.3648,0.023,0.020,5.306,5.884,0.9878,0.00958,270.28,53.34,0.56702848,0.7201261696,2.25,1.99247e-08,1.045784e-08,1.584858e-08,8.210382e-09,91.56,89.09,8651.00,8417.88,43.76,42.36
4.64313,5,0.3649,0.023,0.020,5.305,5.884,0.9878,0.00958,270.28,53.34,0.5670274799999999,0.7201248995999999,2.25,1.997886e-08,1.047652e-08,1.586579e-08,8.216474e-09,91.41,89.05,8636.46,8414.19,43.68,42.34
4.64337,5,0.3649,0.023,0.020,5.305,5.884,0.9878,0.00958,270.28,53.34,0.56702652,0.7201236804,2.25,2.000102e-08,1.050063e-08,1.588269e-08,8.223904e-09,91.63,89.02,8658.11,8411.38,43.81,42.32
4.64363,5,0.3649,0.023,0.020,5.305,5.884,0.9878,0.00958,270.28,53.34,0.56702548,0.7201223595999999,2.25,2.002833e-08,1.051935e-08,1.590725e-08,8.230963e-09,91.72,88.90,8665.71,8399.41,43.85,42.25
4.64388,5,0.3650,0.023,0.020,5.305,5.884,0.9878,0.00958,270.28,53.34,0.5670244799999999,0.7201210896,2.25,2.007019e-08,1.053972e-08,1.592005e-08,8.240566e-09,91.71,88.99,8665.29,8408.01,43.85,42.30
4.64412,5,0.3650,0.023,0.020,5.305,5.884,0.9878,0.00958,270.28,53.34,0.56702352,0.7201198704,2.25,2.011339e-08,1.055651e-08,1.592763e-08,8.246499e-09,91.60,89.03,8655.11,8412.26,43.79,42.33
4.64438,5,0.3650,0.023,0.020,5.305,5.884,0.9878,0.00958,270.28,53.34,0.56702248,0.7201185496,2.25,2.013429e-08,1.057213e-08,1.595476e-08,8.258728e-09,91.69,88.99,8663.13,8408.42,43.84,42.31
4.64462,5,0.3651,0.023,0.020,5.305,5.884,0.9878,0.00958,270.28,53.34,0.56702152,0.7201173303999999,2.25,2.018528e-08,1.05883e-08,1.596941e-08,8.26736e-09,91.52,89.04,8647.27,8412.94,43.74,42.33
4.64487,5,0.3651,0.023,0.020,5.305,5.884,0.9878,0.00958,270.28,53.34,0.5670205199999999,0.7201160603999999,2.25,2.018911e-08,1.061277e-08,1.598868e-08,8.279332e-09,91.93,89.08,8685.93,8417.15,43.97,42.36
4.64513,5,0.3651,0.023,0.020,5.305,5.884,0.9878,0.00958,270.28,53.34,0.5670194799999999,0.7201147395999999,2.25,2.022738e-08,1.062261e-08,1.599954e-08,8.290806e-09,91.74,89.22,8668.25,8429.48,43.87,42.43
4.64537,5,0.3652,0.023,0.020,5.305,5.884,0.9878,0.00958,270.28,53.34,0.56701852,0.7201135204,2.25,2.026392e-08,1.064545e-08,1.602703e-08,8.292762e-09,91.83,88.97,8676.89,8405.94,43.92,42.29
4.64562,5,0.3652,0.023,0.020,5.305,5.884,0.9878,0.00958,270.28,53.34,0.5670175199999999,0.7201122503999999,2.25,2.028169e-08,1.064989e-08,1.60457e-08,8.302846e-09,91.74,88.98,8668.50,8406.83,43.87,42.30
4.64588,5,0.3652,0.023,0.020,5.305,5.884,0.9878,0.00958,270.28,53.34,0.5670164799999999,0.7201109295999999,2.25,2.031679e-08,1.067493e-08,1.605134e-08,8.313173e-09,91.86,89.14,8679.81,8422.38,43.93,42.39
4.64612,5,0.3653,0.023,0.020,5.305,5.884,0.9878,0.00958,270.28,53.34,0.56701552,0.7201097104,2.25,2.034216e-08,1.068477e-08,1.608982e-08,8.326344e-09,91.83,89.01,8676.22,8410.53,43.91,42.32
4.64637,5,0.3653,0.023,0.020,5.305,5.884,0.9878,0.00958,270.28,53.34,0.56701452,0.7201084404,2.25,2.034987e-08,1.070406e-08,1.611161e-08,8.334891e-09,92.10,88.95,8702.32,8404.82,44.07,42.28
4.64663,5,0.3653,0.023,0.020,5.305,5.884,0.9878,0.00958,270.28,53.34,0.56701348,0.7201071196,2.25,2.038272e-08,1.071605e-08,1.613366e-08,8.347635e-09,92.01,88.98,8693.27,8407.61,44.02,42.30
4.64687,5,0.3654,0.023,0.020,5.305,5.884,0.9878,0.00958,270.28,53.34,0.5670125199999999,0.7201059003999999,2.25,2.040614e-08,1.072249e-08,1.615659e-08,8.358408e-09,91.93,88.98,8685.61,8407.64,43.97,42.30
4.64712,5,0.3654,0.023,0.020,5.305,5.884,0.9878,0.00958,270.28,53.34,0.56701152,0.7201046304,2.25,2.042632e-08,1.073957e-08,1.61846e-08,8.368954e-09,92.04,88.90,8696.67,8399.44,44.04,42.25
4.64738,5,0.3654,0.023,0.020,5.305,5.884,0.9878,0.00958,270.28,53.34,0.56701048,0.7201033096,2.25,2.044809e-08,1.074706e-08,1.620534e-08,8.387062e-09,91.97,89.06,8689.92,8414.78,43.99,42.34
4.64762,5,0.3655,0.023,0.020,5.305,5.884,0.9878,0.00958,270.28,53.34,0.5670095199999999,0.7201020904,2.25,2.046419e-08,1.075812e-08,1.624183e-08,8.399481e-09,92.04,88.94,8696.73,8403.67,44.04,42.28
4.64787,5,0.3655,0.023,0.020,5.305,5.884,0.9878,0.00958,270.28,53.34,0.5670085199999999,0.7201008203999999,2.25,2.050225e-08,1.077081e-08,1.626431e-08,8.416913e-09,91.91,89.07,8684.28,8415.70,43.96,42.35
4.64813,5,0.3655,0.023,0.020,5.305,5.884,0.9878,0.00958,270.28,53.34,0.56700748,0.7200994996,2.25,2.050677e-08,1.077843e-08,1.629317e-08,8.426357e-09,92.01,88.95,8693.20,8404.34,44.01,42.28
4.64837,5,0.3656,0.023,0.020,5.304,5.884,0.9878,0.00958,270.28,53.34,0.56700652,0.7200982804,2.25,2.052288e-08,1.079201e-08,1.632007e-08,8.442172e-09,92.12,89.01,8704.27,8410.57,44.08,42.32
4.64863,5,0.3656,0.023,0.020,5.304,5.884,0.9878,0.00958,270.28,53.34,0.56700548,0.7200969596,2.25,2.054942e-08,1.08023e-08,1.634095e-08,8.45667e-09,92.06,89.10,8698.04,8418.19,44.04,42.36
4.64888,5,0.3656,0.023,0.020,5.304,5.884,0.9878,0.00958,270.28,53.34,0.5670044799999999,0.7200956895999999,2.25,2.057698e-08,1.08167e-08,1.640988e-08,8.473922e-09,92.06,88.70,8697.89,8380.44,44.04,42.14
4.64912,5,0.3657,0.023,0.020,5.304,5.884,0.9878,0.00958,270.28,53.34,0.56700352,0.7200944704,2.25,2.060933e-08,1.082358e-08,1.64252e-08,8.49387e-09,91.90,88.98,8683.15,8407.37,43.95,42.30
4.64938,5,0.3657,0.023,0.020,5.304,5.884,0.9878,0.00958,270.28,53.34,0.56700248,0.7200931495999999,2.25,2.061104e-08,1.083766e-08,1.645633e-08,8.512306e-09,92.14,89.03,8705.45,8412.15,44.09,42.33
4.64963,5,0.3657,0.023,0.020,5.304,5.884,0.9878,0.00958,270.28,53.34,0.56700148,0.7200918796,2.25,2.063246e-08,1.084583e-08,1.650813e-08,8.527348e-09,92.08,88.78,8700.22,8388.20,44.06,42.18
4.64987,5,0.3658,0.023,0.020,5.304,5.884,0.9878,0.00958,270.28,53.34,0.56700052,0.7200906604,2.25,2.067446e-08,1.085593e-08,1.654998e-08,8.546666e-09,91.89,88.75,8682.40,8385.83,43.95,42.17
4.65013,5,0.3658,0.023,0.020,5.304,5.884,0.9878,0.00958,270.28,53.34,0.56699948,0.7200893396,2.25,2.06854e-08,1.087438e-08,1.659105e-08,8.567482e-09,92.12,88.74,8703.81,8385.03,44.08,42.16
4.65038,5,0.3658,0.023,0.020,5.304,5.884,0.9878,0.00958,270.28,53.34,0.56699848,0.7200880695999999,2.25,2.071335e-08,1.088077e-08,1.663083e-08,8.58895e-09,91.97,88.76,8689.83,8386.90,43.99,42.18
4.65062,5,0.3659,0.023,0.020,5.304,5.884,0.9878,0.00958,270.28,53.34,0.5669975199999999,0.7200868503999999,2.25,2.075025e-08,1.089208e-08,1.667476e-08,8.604966e-09,91.85,88.65,8678.65,8375.77,43.93,42.11
4.65088,5,0.3659,0.023,0.020,5.304,5.884,0.9878,0.00958,270.28,53.34,0.5669964799999999,0.7200855295999999,2.25,2.078136e-08,1.091316e-08,1.672617e-08,8.627678e-09,91.94,88.57,8686.61,8368.11,43.97,42.06
4.65113,5,0.3659,0.023,0.020,5.304,5.884,0.9878,0.00958,270.28,53.34,0.56699548,0.7200842596,2.25,2.080165e-08,1.092319e-08,1.678028e-08,8.651765e-09,91.93,88.48,8685.56,8360.48,43.97,42.02
4.65137,5,0.3660,0.023,0.020,5.304,5.884,0.9878,0.00958,270.28,53.34,0.56699452,0.7200830403999999,2.25,2.08315e-08,1.09339e-08,1.682136e-08,8.672782e-09,91.86,88.51,8679.64,8362.44,43.93,42.03
4.65163,5,0.3660,0.023,0.020,5.304,5.884,0.9878,0.00958,270.28,53.34,0.5669934799999999,0.7200817195999999,2.25,2.086664e-08,1.094901e-08,1.687874e-08,8.699709e-09,91.80,88.45,8674.08,8357.17,43.90,42.00
4.65188,5,0.3660,0.023,0.020,5.304,5.884,0.9878,0.00958,270.28,53.34,0.5669924799999999,0.7200804496,2.25,2.090181e-08,1.096446e-08,1.691432e-08,8.72705e-09,91.75,88.64,8669.08,8375.00,43.87,42.10
4.65212,5,0.3661,0.023,0.020,5.304,5.884,0.9878,0.00958,270.28,53.34,0.56699152,0.7200792304,2.25,2.093042e-08,1.097487e-08,1.698338e-08,8.743195e-09,91.70,88.26,8663.82,8338.89,43.84,41.89
4.65238,5,0.3661,0.023,0.020,5.304,5.884,0.9878,0.00958,270.28,53.34,0.56699048,0.7200779096,2.25,2.096947e-08,1.099872e-08,1.70256e-08,8.773391e-09,91.75,88.43,8669.41,8355.50,43.87,41.99
4.65262,5,0.3661,0.023,0.020,5.304,5.884,0.9878,0.00958,270.28,53.34,0.5669895199999999,0.7200766903999999,2.25,2.100366e-08,1.101481e-08,1.708158e-08,8.798686e-09,91.72,88.36,8666.36,8348.55,43.85,41.94
4.65287,5,0.3662,0.023,0.020,5.330,5.884,0.9878,0.00958,270.28,53.34,0.56698852,0.7200754204,2.25,2.105036e-08,1.102281e-08,1.71474e-08,8.818979e-09,91.46,88.10,8641.54,8324.33,43.70,41.80
4.65313,5,0.3662,0.023,0.020,5.330,5.884,0.9878,0.00958,270.28,53.34,0.56698748,0.7200740996,2.25,2.109153e-08,1.104506e-08,1.720709e-08,8.845181e-09,91.47,88.01,8642.68,8315.63,43.71,41.75
4.65337,5,0.3662,0.023,0.020,5.330,5.884,0.9878,0.00958,270.28,53.34,0.5669865199999999,0.7200728804,2.25,2.112732e-08,1.106644e-08,1.726012e-08,8.865564e-09,91.52,87.87,8647.00,8302.38,43.74,41.67
4.65362,5,0.3663,0.023,0.020,5.330,5.884,0.9878,0.00958,270.28,53.34,0.5669855199999999,0.7200716103999999,2.25,2.116891e-08,1.107615e-08,1.731886e-08,8.902776e-09,91.33,88.04,8629.61,8318.17,43.63,41.76
4.65388,5,0.3663,0.023,0.020,5.330,5.884,0.9878,0.00958,270.28,53.34,0.56698448,0.7200702896000001,2.25,2.120903e-08,1.110997e-08,1.73606e-08,8.926389e-09,91.55,88.08,8650.56,8322.31,43.76,41.79
4.65412,5,0.3663,0.023,0.020,5.330,5.884,0.9878,0.00958,270.28,53.34,0.56698352,0.7200690704,2.25,2.126541e-08,1.112141e-08,1.743391e-08,8.956873e-09,91.24,87.94,8621.10,8308.54,43.58,41.70
4.65437,5,0.3664,0.023,0.020,5.330,5.884,0.9878,0.00958,270.28,53.34,0.5669825199999999,0.7200678004,2.25,2.12906e-08,1.113821e-08,1.747951e-08,8.980518e-09,91.33,87.96,8629.35,8311.22,43.63,41.72
4.65463,5,0.3664,0.023,0.020,5.330,5.884,0.9878,0.00958,270.28,53.34,0.5669814799999999,0.7200664795999999,2.25,2.135144e-08,1.11589e-08,1.755094e-08,9.001694e-09,91.14,87.65,8611.32,8281.85,43.52,41.54
4.65487,5,0.3664,0.023,0.020,5.330,5.884,0.9878,0.00958,270.28,53.34,0.56698052,0.7200652604,2.25,2.138723e-08,1.117685e-08,1.759656e-08,9.032208e-09,91.13,87.79,8610.10,8295.26,43.51,41.62
4.65512,5,0.3665,0.023,0.020,5.330,5.884,0.9878,0.00958,270.28,53.34,0.56697952,0.7200639903999999,2.25,2.142828e-08,1.118854e-08,1.765538e-08,9.055763e-09,90.99,87.69,8596.74,8285.05,43.43,41.56
4.65538,5,0.3665,0.023,0.020,5.330,5.884,0.9878,0.00958,270.28,53.34,0.56697848,0.7200626696,2.25,2.146725e-08,1.120752e-08,1.772256e-08,9.083122e-09,90.96,87.55,8594.55,8271.78,43.42,41.48
4.65562,5,0.3665,0.023,0.020,5.330,5.884,0.9878,0.00958,270.28,53.34,0.56697752,0.7200614504,2.25,2.150654e-08,1.122972e-08,1.776665e-08,9.108101e-09,90.99,87.59,8597.25,8276.22,43.44,41.51
4.65587,5,0.3666,0.023,0.020,5.330,5.884,0.9878,0.00958,270.28,53.34,0.56697652,0.7200601804,2.25,2.155937e-08,1.124914e-08,1.78126e-08,9.125538e-09,90.88,87.50,8586.55,8267.10,43.37,41.45
4.65613,5,0.3666,0.023,0.020,5.330,5.884,0.9878,0.00958,270.28,53.34,0.56697548,0.7200588595999999,2.25,2.157944e-08,1.125958e-08,1.787488e-08,9.149582e-09,90.88,87.34,8586.50,8252.56,43.37,41.37
4.65637,5,0.3666,0.023,0.020,5.330,5.884,0.9878,0.00958,270.28,53.34,0.5669745199999999,0.7200576403999999,2.25,2.163541e-08,1.127988e-08,1.79054e-08,9.175237e-09,90.73,87.54,8572.35,8271.09,43.29,41.48
4.65663,5,0.3667,0.023,0.020,5.330,5.884,0.9878,0.00958,270.28,53.34,0.5669734799999999,0.7200563195999999,2.25,2.168312e-08,1.129124e-08,1.796035e-08,9.196537e-09,90.53,87.43,8553.30,8260.71,43.17,41.42
4.65688,5,0.3667,0.023,0.020,5.330,5.884,0.9878,0.00958,270.28,53.34,0.56697248,0.7200550496,2.25,2.172383e-08,1.130676e-08,1.799955e-08,9.219441e-09,90.43,87.48,8544.35,8265.92,43.12,41.45
4.65712,5,0.3667,0.023,0.020,5.330,5.884,0.9878,0.00958,270.28,53.34,0.56697152,0.7200538303999999,2.25,2.175498e-08,1.132132e-08,1.806625e-08,9.243145e-09,90.40,87.28,8541.75,8246.78,43.10,41.33
4.65738,5,0.3668,0.023,0.020,5.329,5.884,0.9878,0.00958,270.28,53.34,0.5669704799999999,0.7200525095999999,2.25,2.17862e-08,1.133308e-08,1.810631e-08,9.255849e-09,90.35,87.15,8537.03,8234.84,43.07,41.26
4.65763,5,0.3668,0.023,0.020,5.329,5.884,0.9878,0.00958,270.28,53.34,0.5669694799999999,0.7200512396,2.25,2.180049e-08,1.134609e-08,1.813898e-08,9.285621e-09,90.45,87.41,8545.78,8258.62,43.13,41.40
4.65787,5,0.3668,0.023,0.020,5.329,5.884,0.9878,0.00958,270.28,53.34,0.56696852,0.7200500204,2.25,2.182859e-08,1.135446e-08,1.818293e-08,9.307525e-09,90.34,87.40,8535.98,8257.54,43.07,41.40
4.65813,5,0.3669,0.023,0.020,5.329,5.884,0.9878,0.00958,270.28,53.34,0.56696748,0.7200486996,2.25,2.184724e-08,1.135748e-08,1.821669e-08,9.319436e-09,90.26,87.32,8527.85,8250.05,43.02,41.35
4.65838,5,0.3669,0.023,0.020,5.329,5.884,0.9878,0.00958,270.28,53.34,0.5669664799999999,0.7200474295999999,2.25,2.186864e-08,1.136439e-08,1.825478e-08,9.345113e-09,90.19,87.43,8521.27,8261.26,42.98,41.42
4.65862,5,0.3669,0.023,0.020,5.329,5.884,0.9878,0.00958,270.28,53.34,0.56696552,0.7200462104,2.25,2.191409e-08,1.137184e-08,1.829303e-08,9.362492e-09,89.92,87.39,8496.12,8257.28,42.83,41.39
4.65888,5,0.3670,0.023,0.020,5.329,5.884,0.9878,0.00958,270.28,53.34,0.56696448,0.7200448896,2.25,2.190923e-08,1.137854e-08,1.832582e-08,9.37271e-09,90.10,87.29,8512.77,8247.70,42.93,41.34
4.65913,5,0.3670,0.023,0.020,5.329,5.884,0.9878,0.00958,270.28,53.34,0.56696348,0.7200436196,2.25,2.193009e-08,1.137101e-08,1.836886e-08,9.394041e-09,89.79,87.28,8484.27,8246.47,42.76,41.33
4.65937,5,0.3670,0.023,0.020,5.329,5.884,0.9878,0.00958,270.28,53.34,0.5669625199999999,0.7200424003999999,2.25,2.193623e-08,1.1375e-08,1.840274e-08,9.402303e-09,89.81,87.11,8485.52,8230.23,42.76,41.23
4.65963,5,0.3671,0.023,0.020,5.329,5.884,0.9878,0.00958,270.28,53.34,0.5669614799999999,0.7200410795999999,2.25,2.193176e-08,1.137398e-08,1.841229e-08,9.416813e-09,89.85,87.31,8489.84,8249.73,42.79,41.35
4.65988,5,0.3671,0.023,0.020,5.329,5.884,0.9878,0.00958,270.29,53.34,0.56696048,0.7200398096,2.25,2.195323e-08,1.13729e-08,1.844851e-08,9.439147e-09,89.65,87.38,8470.94,8256.55,42.68,41.39
4.66012,5,0.3671,0.023,0.020,5.329,5.884,0.9878,0.00958,270.29,53.34,0.5669595199999999,0.7200385904,2.25,2.195826e-08,1.136276e-08,1.847456e-08,9.452455e-09,89.45,87.38,8451.27,8256.51,42.56,41.39
4.66038,5,0.3672,0.023,0.020,5.329,5.884,0.9878,0.00958,270.29,53.34,0.5669584799999999,0.7200372695999999,2.25,2.193709e-08,1.1371e-08,1.850681e-08,9.465218e-09,89.78,87.34,8483.25,8252.09,42.75,41.36
4.66062,5,0.3672,0.023,0.020,5.329,5.884,0.9878,0.00958,270.29,53.34,0.56695752,0.7200360504,2.25,2.194581e-08,1.13545e-08,1.853971e-08,9.479384e-09,89.44,87.29,8450.77,8247.35,42.55,41.33
4.66087,5,0.3672,0.023,0.020,5.329,5.884,0.9878,0.00958,270.29,53.34,0.56695652,0.7200347804,2.25,2.19348e-08,1.134715e-08,1.855716e-08,9.487679e-09,89.41,87.28,8448.22,8246.23,42.54,41.33
4.66113,5,0.3673,0.023,0.020,5.329,5.884,0.9878,0.00958,270.29,53.34,0.56695548,0.7200334596,2.25,2.191978e-08,1.133589e-08,1.859611e-08,9.505203e-09,89.38,87.25,8445.13,8244.24,42.52,41.32
4.66137,5,0.3673,0.023,0.020,5.329,5.884,0.9878,0.00958,270.29,53.34,0.5669545199999999,0.7200322403999999,2.25,2.191147e-08,1.132656e-08,1.861384e-08,9.519093e-09,89.30,87.35,8437.37,8252.80,42.47,41.37
4.66162,5,0.3673,0.023,0.020,5.329,5.884,0.9878,0.00958,270.29,53.34,0.56695352,0.7200309704,2.25,2.190677e-08,1.130497e-08,1.863603e-08,9.535987e-09,88.99,87.45,8407.87,8262.63,42.30,41.43
4.66188,5,0.3674,0.023,0.020,5.329,5.884,0.9878,0.00958,270.29,53.34,0.56695248,0.7200296495999999,2.25,2.185392e-08,1.129891e-08,1.867204e-08,9.545298e-09,89.36,87.30,8442.91,8248.75,42.51,41.34
4.66212,5,0.3674,0.023,0.020,5.329,5.884,0.9878,0.00958,270.29,53.34,0.5669515199999999,0.7200284304,2.25,2.184497e-08,1.127931e-08,1.869396e-08,9.553052e-09,89.11,87.24,8419.77,8242.66,42.37,41.31
4.66237,5,0.3674,0.023,0.020,5.329,5.884,0.9878,0.00958,270.29,53.34,0.56695052,0.7200271604,2.25,2.180198e-08,1.126447e-08,1.872287e-08,9.575808e-09,89.23,87.39,8431.16,8256.73,42.44,41.39
4.66263,5,0.3675,0.023,0.020,5.328,5.884,0.9878,0.00958,270.29,53.34,0.56694948,0.7200258396,2.25,2.179222e-08,1.125311e-08,1.873901e-08,9.584812e-09,89.15,87.42,8423.67,8260.30,42.39,41.41
4.66287,5,0.3675,0.023,0.020,5.328,5.884,0.9878,0.00958,270.29,53.34,0.56694852,0.7200246203999999,2.25,2.176202e-08,1.123383e-08,1.87806e-08,9.593006e-09,89.09,87.18,8417.96,8237.31,42.36,41.27
4.66312,5,0.3675,0.023,0.020,5.328,5.884,0.9878,0.00958,270.29,53.34,0.5669475199999999,0.7200233503999999,2.25,2.174376e-08,1.121068e-08,1.880272e-08,9.601241e-09,88.87,87.12,8396.71,8231.94,42.23,41.24
4.66338,5,0.3676,0.023,0.020,5.328,5.884,0.9878,0.00958,270.29,53.34,0.5669464799999999,0.7200220296,2.25,2.169378e-08,1.118964e-08,1.882172e-08,9.619376e-09,88.97,87.30,8406.33,8248.96,42.29,41.34
4.66362,5,0.3676,0.023,0.020,5.328,5.884,0.9878,0.00958,270.29,53.34,0.56694552,0.7200208104,2.25,2.165346e-08,1.117319e-08,1.886258e-08,9.634325e-09,89.04,87.19,8413.09,8238.58,42.33,41.28
4.66387,5,0.3676,0.023,0.020,5.328,5.884,0.9878,0.00958,270.29,53.34,0.56694452,0.7200195403999999,2.25,2.162017e-08,1.115238e-08,1.889564e-08,9.655377e-09,88.98,87.27,8407.43,8245.86,42.29,41.32
4.66413,5,0.3677,0.023,0.020,5.328,5.884,0.9878,0.00958,270.29,53.34,0.5669434799999999,0.7200182195999999,2.25,2.159457e-08,1.113074e-08,1.891835e-08,9.66291e-09,88.87,87.22,8396.58,8241.00,42.23,41.29
4.66437,5,0.3677,0.023,0.020,5.328,5.884,0.9878,0.00958,270.29,53.34,0.56694252,0.7200170004,2.25,2.155066e-08,1.1112e-08,1.895272e-08,9.677315e-09,88.93,87.16,8402.65,8235.52,42.26,41.26
4.66463,5,0.3677,0.023,0.020,5.328,5.884,0.9878,0.00958,270.29,53.34,0.56694148,0.7200156796,2.25,2.150759e-08,1.108572e-08,1.899863e-08,9.691334e-09,88.86,86.99,8396.29,8219.19,42.23,41.16
4.66488,5,0.3678,0.023,0.020,5.328,5.884,0.9878,0.00958,270.29,53.34,0.56694048,0.7200144096,2.25,2.145965e-08,1.10703e-08,1.902585e-08,9.706574e-09,89.04,87.04,8413.14,8223.77,42.33,41.19
4.66512,5,0.3678,0.023,0.020,5.328,5.884,0.9878,0.00958,270.29,53.34,0.5669395199999999,0.7200131903999999,2.25,2.142283e-08,1.103799e-08,1.906166e-08,9.724282e-09,88.82,87.03,8392.23,8222.80,42.20,41.19
4.66538,5,0.3678,0.023,0.020,5.328,5.884,0.9878,0.00958,270.29,53.34,0.5669384799999999,0.7200118695999999,2.25,2.139512e-08,1.102168e-08,1.907599e-08,9.742904e-09,88.79,87.23,8389.04,8242.33,42.18,41.30
4.66563,5,0.3679,0.023,0.020,5.328,5.884,0.9878,0.00958,270.29,53.34,0.56693748,0.7200105996,2.25,2.135434e-08,1.099372e-08,1.91282e-08,9.757114e-09,88.70,87.03,8380.39,8223.12,42.13,41.19
4.66587,5,0.3679,0.023,0.020,5.328,5.884,0.9878,0.00958,270.29,53.34,0.5669365199999999,0.7200093804,2.25,2.131686e-08,1.097969e-08,1.915981e-08,9.769018e-09,88.78,86.95,8388.68,8215.87,42.18,41.14
4.66613,5,0.3679,0.023,0.020,5.328,5.884,0.9878,0.00958,270.29,53.34,0.5669354799999999,0.7200080595999999,2.25,2.127275e-08,1.095922e-08,1.920079e-08,9.78763e-09,88.82,86.91,8392.23,8211.97,42.20,41.12
4.66638,5,0.3680,0.023,0.020,5.328,5.884,0.9878,0.00958,270.29,53.34,0.5669344799999999,0.7200067895999999,2.25,2.122335e-08,1.093442e-08,1.923974e-08,9.803189e-09,88.86,86.86,8395.54,8206.86,42.22,41.09
4.66662,5,0.3680,0.023,0.020,5.328,5.884,0.9878,0.00958,270.29,53.34,0.56693352,0.7200055704,2.25,2.119681e-08,1.091242e-08,1.927809e-08,9.820485e-09,88.72,86.82,8382.35,8203.04,42.14,41.07
4.66688,5,0.3680,0.023,0.020,5.328,5.884,0.9878,0.00958,270.29,53.34,0.56693248,0.7200042496,2.25,2.116324e-08,1.089082e-08,1.931275e-08,9.824957e-09,88.64,86.58,8375.50,8180.66,42.10,40.93
4.66713,5,0.3681,0.023,0.020,5.328,5.884,0.9878,0.00958,270.29,53.34,0.5669314799999999,0.7200029795999999,2.25,2.11226e-08,1.087828e-08,1.934086e-08,9.854183e-09,88.81,86.87,8391.09,8208.19,42.19,41.10
4.66737,5,0.3681,0.023,0.020,5.328,5.884,0.9878,0.00958,270.29,53.34,0.56693052,0.7200017604,2.25,2.108326e-08,1.085599e-08,1.938002e-08,9.865211e-09,88.77,86.71,8387.85,8193.08,42.17,41.01
4.66763,5,0.3681,0.023,0.020,5.328,5.884,0.9878,0.00958,270.29,53.34,0.56692948,0.7200004396,2.25,2.105502e-08,1.084179e-08,1.942039e-08,9.879506e-09,88.78,86.60,8388.40,8182.53,42.18,40.94
4.66788,5,0.3682,0.023,0.020,5.327,5.884,0.9878,0.00958,270.29,53.34,0.56692848,0.7199991696,2.25,2.101049e-08,1.081395e-08,1.945552e-08,9.899455e-09,88.72,86.66,8382.83,8188.25,42.14,40.98
4.66812,5,0.3682,0.023,0.020,5.327,5.884,0.9878,0.00958,270.29,53.34,0.5669275199999999,0.7199979503999999,2.25,2.097875e-08,1.080297e-08,1.948858e-08,9.907861e-09,88.81,86.51,8391.40,8174.12,42.20,40.89
4.66838,5,0.3682,0.023,0.020,5.327,5.884,0.9878,0.00958,270.29,53.34,0.56692648,0.7199966296,2.25,2.093945e-08,1.0774e-08,1.951568e-08,9.932283e-09,88.66,86.70,8377.40,8191.98,42.11,41.00
4.66862,5,0.3683,0.023,0.020,5.327,5.884,0.9878,0.00958,270.29,53.34,0.56692552,0.7199954103999999,2.25,2.090949e-08,1.076673e-08,1.955133e-08,9.946615e-09,88.83,86.66,8392.76,8187.81,42.20,40.97
4.66887,5,0.3683,0.023,0.020,5.327,5.884,0.9878,0.00958,270.29,53.34,0.5669245199999999,0.7199941403999999,2.25,2.087346e-08,1.074788e-08,1.959682e-08,9.954685e-09,88.82,86.39,8392.28,8162.65,42.20,40.82
4.66913,5,0.3683,0.023,0.020,5.327,5.884,0.9878,0.00958,270.29,53.34,0.5669234799999999,0.7199928196,2.25,2.086154e-08,1.072281e-08,1.96204e-08,9.968921e-09,88.50,86.43,8361.84,8166.41,42.02,40.85
4.66937,5,0.3684,0.023,0.020,5.327,5.884,0.9878,0.00958,270.29,53.34,0.56692252,0.7199916004,2.25,2.081338e-08,1.071036e-08,1.964354e-08,9.977368e-09,88.73,86.40,8383.93,8163.12,42.15,40.83
4.66962,5,0.3684,0.023,0.020,5.327,5.884,0.9878,0.00958,270.29,53.34,0.56692152,0.7199903303999999,2.25,2.078711e-08,1.068976e-08,1.966355e-08,9.991204e-09,88.61,86.46,8372.51,8169.23,42.08,40.86
4.66988,5,0.3684,0.023,0.020,5.327,5.884,0.9878,0.00958,270.29,53.34,0.56692048,0.7199890095999999,2.25,2.07554e-08,1.067961e-08,1.968344e-08,9.995738e-09,88.72,86.36,8382.45,8159.98,42.14,40.81
4.67012,5,0.3685,0.023,0.020,5.327,5.884,0.9878,0.00958,270.29,53.34,0.56691952,0.7199877904,2.25,2.072668e-08,1.06567e-08,1.97018e-08,1.000213e-08,88.60,86.33,8371.57,8157.34,42.08,40.79
4.67037,5,0.3685,0.023,0.020,5.327,5.884,0.9878,0.00958,270.29,53.34,0.56691852,0.7199865204,2.25,2.067386e-08,1.063802e-08,1.972302e-08,1.001372e-08,88.75,86.35,8385.32,8158.69,42.16,40.80
4.67063,5,0.3685,0.023,0.020,5.327,5.884,0.9878,0.00958,270.29,53.34,0.56691748,0.7199851996,2.25,2.066115e-08,1.061759e-08,1.974082e-08,1.00302e-08,88.51,86.48,8362.79,8171.00,42.02,40.87
4.67087,5,0.3686,0.023,0.020,5.327,5.884,0.9878,0.00958,270.29,53.34,0.5669165199999999,0.7199839803999999,2.25,2.063799e-08,1.059927e-08,1.975798e-08,1.002607e-08,88.42,86.28,8354.65,8151.98,41.97,40.76
4.67112,5,0.3686,0.023,0.020,5.327,5.884,0.9878,0.00958,270.29,53.34,0.56691552,0.7199827104000001,2.25,2.060371e-08,1.058683e-08,1.977402e-08,1.002981e-08,88.51,86.20,8363.04,8144.73,42.02,40.71
4.67138,5,0.3686,0.023,0.020,5.327,5.884,0.9878,0.00958,270.29,53.34,0.56691448,0.7199813896,2.25,2.056531e-08,1.056716e-08,1.978434e-08,1.003151e-08,88.51,86.14,8363.14,8138.91,42.03,40.68
4.67162,5,0.3687,0.023,0.020,5.327,5.884,0.9878,0.00958,270.29,53.34,0.56691352,0.7199801704,2.25,2.052534e-08,1.055083e-08,1.977971e-08,1.003586e-08,88.61,86.28,8372.27,8152.15,42.08,40.76
4.67188,5,0.3687,0.023,0.020,5.327,5.884,0.9878,0.00958,270.29,53.34,0.5669124799999999,0.7199788495999999,2.25,2.048776e-08,1.052426e-08,1.978583e-08,1.003548e-08,88.48,86.22,8360.42,8146.41,42.01,40.72
4.67213,5,0.3687,0.023,0.020,5.327,5.884,0.9878,0.00958,270.29,53.34,0.5669114799999999,0.7199775795999999,2.25,2.047112e-08,1.049978e-08,1.976502e-08,1.00264e-08,88.21,86.24,8334.41,8148.84,41.85,40.74
4.67237,5,0.3688,0.023,0.020,5.327,5.884,0.9878,0.00958,270.29,53.34,0.56691052,0.7199763604,2.25,2.042202e-08,1.048273e-08,1.977795e-08,1.001962e-08,88.37,86.04,8349.98,8129.09,41.95,40.62
4.67263,5,0.3688,0.023,0.020,5.327,5.884,0.9878,0.00958,270.29,53.34,0.56690948,0.7199750396,2.25,2.038569e-08,1.04585e-08,1.977973e-08,1.00152e-08,88.28,85.94,8340.83,8120.34,41.89,40.57
4.67288,5,0.3688,0.023,0.020,5.327,5.884,0.9878,0.00958,270.29,53.34,0.5669084799999999,0.7199737695999999,2.25,2.035125e-08,1.0436e-08,1.974409e-08,9.999638e-09,88.19,85.99,8332.91,8124.43,41.84,40.59
4.67312,5,0.3689,0.023,0.020,5.326,5.884,0.9878,0.00958,270.29,53.34,0.56690752,0.7199725504,2.25,2.030052e-08,1.041193e-08,1.971581e-08,9.997174e-09,88.25,86.22,8338.36,8146.21,41.88,40.72
4.67338,5,0.3689,0.023,0.020,5.326,5.884,0.9878,0.00958,270.29,53.34,0.56690648,0.7199712296,2.25,2.026415e-08,1.038637e-08,1.97081e-08,9.983669e-09,88.13,86.05,8327.00,8130.36,41.81,40.63
4.67363,5,0.3689,0.023,0.020,5.326,5.884,0.9878,0.00958,270.29,53.34,0.56690548,0.7199699596,2.25,2.021928e-08,1.035844e-08,1.969654e-08,9.976757e-09,88.04,86.03,8318.87,8128.62,41.76,40.62
4.67387,5,0.3690,0.023,0.020,5.326,5.884,0.9878,0.00958,270.29,53.34,0.5669045199999999,0.7199687403999999,2.25,2.017771e-08,1.032922e-08,1.967811e-08,9.959187e-09,87.93,85.91,8308.06,8117.22,41.69,40.55
4.67413,5,0.3690,0.022,0.020,5.326,5.884,0.9878,0.00958,270.29,53.34,0.5669034799999999,0.7199674195999999,2.25,2.011086e-08,1.031051e-08,1.963456e-08,9.940469e-09,88.20,85.97,8333.65,8122.62,41.85,40.58
4.67438,5,0.3690,0.022,0.020,5.326,5.884,0.9878,0.00958,270.29,53.34,0.56690248,0.7199661495999999,2.25,2.006483e-08,1.027896e-08,1.961824e-08,9.914467e-09,88.06,85.66,8320.44,8093.29,41.77,40.41
4.67462,5,0.3691,0.022,0.020,5.326,5.884,0.9878,0.00958,270.29,53.34,0.5669015199999999,0.7199649304,2.25,2.002421e-08,1.024732e-08,1.958547e-08,9.897243e-09,87.89,85.67,8304.70,8094.39,41.67,40.41
4.67488,5,0.3691,0.022,0.020,5.326,5.884,0.9878,0.00958,270.29,53.34,0.5669004799999999,0.7199636095999999,2.25,1.995454e-08,1.021234e-08,1.952699e-08,9.882751e-09,87.91,85.93,8305.82,8119.40,41.68,40.56
4.67513,5,0.3691,0.022,0.020,5.326,5.884,0.9878,0.00958,270.29,53.34,0.56689948,0.7199623396,2.25,1.990054e-08,1.017743e-08,1.950275e-08,9.864398e-09,87.78,85.83,8293.68,8109.27,41.61,40.50
4.67537,5,0.3692,0.022,0.020,5.326,5.884,0.9878,0.00958,270.29,53.34,0.56689852,0.7199611203999999,2.25,1.983595e-08,1.014494e-08,1.945741e-08,9.834934e-09,87.81,85.73,8296.83,8100.59,41.63,40.45
4.67563,5,0.3692,0.022,0.020,5.326,5.884,0.9878,0.00958,270.29,53.34,0.56689748,0.7199597996,2.25,1.978474e-08,1.011312e-08,1.943357e-08,9.810766e-09,87.71,85.52,8287.39,8080.40,41.57,40.33
4.67587,5,0.3692,0.022,0.020,5.326,5.884,0.9878,0.00958,270.29,53.34,0.56689652,0.7199585804,2.25,1.974571e-08,1.008498e-08,1.938631e-08,9.791217e-09,87.57,85.60,8273.64,8087.59,41.49,40.37
4.67612,5,0.3693,0.022,0.020,5.326,5.884,0.9878,0.00959,270.29,53.34,0.56689552,0.7199573104,2.25,1.965668e-08,1.005047e-08,1.935278e-08,9.768477e-09,87.79,85.52,8294.38,8080.08,41.61,40.33
4.67638,5,0.3693,0.022,0.020,5.326,5.884,0.9878,0.00959,270.29,53.34,0.56689448,0.7199559896,2.25,1.960312e-08,1.001787e-08,1.931614e-08,9.730078e-09,87.69,85.17,8285.55,8046.84,41.56,40.13
4.67662,5,0.3693,0.022,0.020,5.326,5.884,0.9878,0.00959,270.29,53.34,0.5668935199999999,0.7199547703999999,2.25,1.954741e-08,9.976872e-09,1.926641e-08,9.707273e-09,87.47,85.20,8264.33,8050.59,41.43,40.15
4.67687,5,0.3694,0.022,0.020,5.326,5.884,0.9878,0.00959,270.29,53.34,0.56689252,0.7199535004000001,2.25,1.946996e-08,9.936316e-09,1.921346e-08,9.680546e-09,87.47,85.23,8264.82,8052.69,41.43,40.16
4.67713,5,0.3694,0.022,0.020,5.326,5.884,0.9878,0.00959,270.29,53.34,0.56689148,0.7199521796,2.25,1.940216e-08,9.907414e-09,1.916196e-08,9.656888e-09,87.58,85.27,8274.54,8056.54,41.49,40.18
4.67737,5,0.3694,0.022,0.020,5.326,5.884,0.9878,0.00959,270.29,53.34,0.56689052,0.7199509604,2.25,1.933981e-08,9.866907e-09,1.91153e-08,9.627903e-09,87.42,85.17,8259.71,8047.33,41.40,40.13
4.67762,5,0.3695,0.022,0.020,5.325,5.884,0.9878,0.00959,270.29,53.34,0.5668895199999999,0.7199496903999999,2.25,1.926764e-08,9.835022e-09,1.90716e-08,9.601725e-09,87.53,85.12,8270.42,8042.47,41.47,40.10
4.67788,5,0.3695,0.022,0.020,5.325,5.884,0.9878,0.00959,270.29,53.34,0.5668884799999999,0.7199483695999999,2.25,1.918835e-08,9.793141e-09,1.902144e-08,9.575422e-09,87.51,85.10,8267.99,8040.70,41.45,40.09
4.67812,5,0.3695,0.022,0.020,5.325,5.884,0.9878,0.00959,270.29,53.34,0.56688752,0.7199471504,2.25,1.912691e-08,9.750643e-09,1.896352e-08,9.539927e-09,87.30,84.99,8248.74,8029.95,41.34,40.02
4.67837,5,0.3695,0.022,0.020,5.326,5.884,0.9878,0.00959,270.29,53.34,0.56688652,0.7199458804,2.25,1.904309e-08,9.715222e-09,1.893023e-08,9.514565e-09,87.44,84.83,8261.42,8015.35,41.41,39.94
4.67863,5,0.3696,0.022,0.020,5.325,5.884,0.9878,0.00959,270.29,53.34,0.5668854799999999,0.7199445595999999,2.25,1.898423e-08,9.674618e-09,1.889682e-08,9.488777e-09,87.27,84.69,8245.26,8002.27,41.32,39.86
4.67887,5,0.3696,0.022,0.020,5.325,5.884,0.9878,0.00959,270.29,53.34,0.56688452,0.7199433404,2.25,1.892407e-08,9.636318e-09,1.884872e-08,9.453887e-09,87.12,84.50,8231.95,7984.05,41.24,39.75
4.67912,5,0.3696,0.022,0.020,5.325,5.884,0.9878,0.00959,270.29,53.34,0.56688352,0.7199420704,2.25,1.885728e-08,9.597281e-09,1.878942e-08,9.423331e-09,87.03,84.49,8223.17,7982.67,41.18,39.74
4.67938,5,0.3697,0.022,0.020,5.325,5.884,0.9878,0.00959,270.29,53.34,0.56688248,0.7199407496,2.25,1.877638e-08,9.556627e-09,1.875231e-08,9.403418e-09,87.06,84.49,8226.31,7982.61,41.20,39.74
4.67962,5,0.3697,0.022,0.020,5.325,5.884,0.9878,0.00959,270.29,53.34,0.5668815199999999,0.7199395303999999,2.25,1.869784e-08,9.523522e-09,1.869766e-08,9.381959e-09,87.19,84.59,8238.41,7992.77,41.27,39.80
4.67988,5,0.3697,0.022,0.020,5.325,5.884,0.9878,0.00959,270.29,53.34,0.5668804799999999,0.7199382095999999,2.25,1.86475e-08,9.485347e-09,1.865437e-08,9.348631e-09,86.96,84.38,8216.28,7972.91,41.14,39.68
4.68013,5,0.3698,0.022,0.020,5.325,5.884,0.9878,0.00959,270.29,53.34,0.56687948,0.7199369396,2.25,1.858179e-08,9.452875e-09,1.86198e-08,9.3262e-09,87.00,84.31,8220.19,7966.32,41.16,39.64
4.68037,5,0.3698,0.022,0.020,5.325,5.884,0.9878,0.00959,270.29,53.34,0.5668785199999999,0.7199357204,2.25,1.852288e-08,9.41671e-09,1.85721e-08,9.291192e-09,86.88,84.11,8209.19,7947.27,41.10,39.53
4.68063,5,0.3698,0.022,0.020,5.325,5.884,0.9878,0.00959,270.29,53.34,0.5668774799999999,0.7199343995999999,2.25,1.843984e-08,9.382791e-09,1.85388e-08,9.271674e-09,87.04,84.06,8223.98,7942.37,41.19,39.50
4.68088,5,0.3699,0.022,0.020,5.325,5.884,0.9878,0.00959,270.29,53.34,0.5668764799999999,0.7199331295999999,2.25,1.840212e-08,9.343699e-09,1.849075e-08,9.243086e-09,86.69,84.00,8190.69,7936.69,40.99,39.46
4.68112,5,0.3699,0.022,0.020,5.325,5.884,0.9878,0.00959,270.29,53.34,0.56687552,0.7199319103999999,2.25,1.833635e-08,9.312769e-09,1.845818e-08,9.228507e-09,86.73,84.03,8195.10,7939.62,41.01,39.48
4.68138,5,0.3699,0.022,0.020,5.325,5.884,0.9878,0.00959,270.29,53.34,0.56687448,0.7199305896,2.25,1.826792e-08,9.28166e-09,1.841806e-08,9.196238e-09,86.80,83.81,8201.65,7918.59,41.05,39.35
4.68163,5,0.3700,0.022,0.020,5.325,5.884,0.9878,0.00959,270.29,53.34,0.5668734799999999,0.7199293196,2.25,1.821042e-08,9.247281e-09,1.837691e-08,9.173267e-09,86.73,83.79,8194.56,7916.55,41.01,39.34
4.68187,5,0.3700,0.022,0.020,5.325,5.884,0.9878,0.00959,270.29,53.34,0.56687252,0.7199281004,2.25,1.816013e-08,9.22247e-09,1.83461e-08,9.154252e-09,86.74,83.72,8195.87,7910.28,41.02,39.30
4.68213,5,0.3700,0.022,0.020,5.325,5.884,0.9878,0.00959,270.29,53.34,0.56687148,0.7199267796,2.25,1.811556e-08,9.186857e-09,1.830079e-08,9.130345e-09,86.49,83.70,8172.41,7908.03,40.88,39.29
4.68238,5,0.3701,0.022,0.020,5.325,5.884,0.9878,0.00959,270.29,53.34,0.56687048,0.7199255095999999,2.25,1.80671e-08,9.167247e-09,1.826605e-08,9.110241e-09,86.61,83.67,8183.62,7905.37,40.94,39.27
4.68262,5,0.3701,0.022,0.020,5.325,5.884,0.9878,0.00959,270.29,53.34,0.56686952,0.7199242904,2.25,1.802407e-08,9.13621e-09,1.822995e-08,9.085745e-09,86.44,83.55,8166.91,7894.12,40.84,39.21
4.68288,5,0.3701,0.022,0.020,5.325,5.884,0.9878,0.00959,270.29,53.34,0.56686848,0.7199229696,2.25,1.796917e-08,9.108629e-09,1.819347e-08,9.065637e-09,86.44,83.51,8167.36,7890.78,40.85,39.19
4.68313,5,0.3702,0.022,0.020,5.324,5.884,0.9878,0.00959,270.29,53.34,0.56686748,0.7199216996,2.25,1.792223e-08,9.083945e-09,1.815204e-08,9.044457e-09,86.45,83.53,8167.95,7891.98,40.85,39.19
4.68337,5,0.3702,0.022,0.020,5.324,5.884,0.9878,0.00959,270.29,53.34,0.5668665199999999,0.7199204803999999,2.25,1.786645e-08,9.068774e-09,1.812112e-08,9.025818e-09,86.70,83.47,8191.95,7886.35,40.99,39.16
4.68363,5,0.3702,0.022,0.020,5.324,5.884,0.9878,0.00959,270.29,53.34,0.5668654799999999,0.7199191595999999,2.25,1.783198e-08,9.040421e-09,1.807928e-08,9.001464e-09,86.49,83.40,8172.02,7880.22,40.87,39.12
4.68387,5,0.3703,0.022,0.020,5.324,5.884,0.9878,0.00959,270.29,53.34,0.56686452,0.7199179404,2.25,1.780123e-08,9.010998e-09,1.805965e-08,8.979902e-09,86.24,83.21,8148.85,7861.79,40.74,39.01
4.68412,5,0.3703,0.022,0.020,5.324,5.884,0.9878,0.00959,270.29,53.34,0.56686352,0.7199166704,2.25,1.776597e-08,8.993978e-09,1.801701e-08,8.958101e-09,86.26,83.20,8150.37,7860.75,40.74,39.01
4.68438,5,0.3703,0.022,0.020,5.324,5.884,0.9878,0.00959,270.29,53.34,0.56686248,0.7199153495999999,2.25,1.772417e-08,8.975004e-09,1.79792e-08,8.94334e-09,86.30,83.27,8154.40,7867.81,40.77,39.05
4.68462,5,0.3704,0.022,0.020,5.324,5.884,0.9878,0.00959,270.29,53.34,0.56686152,0.7199141304000001,2.25,1.769157e-08,8.955981e-09,1.794067e-08,8.918837e-09,86.28,83.19,8151.96,7860.58,40.75,39.01
4.68487,5,0.3704,0.022,0.020,5.324,5.884,0.9878,0.00959,270.29,53.34,0.56686052,0.7199128604,2.25,1.766278e-08,8.942965e-09,1.790854e-08,8.898196e-09,86.31,83.11,8154.84,7852.39,40.77,38.96
4.68513,5,0.3704,0.022,0.020,5.324,5.884,0.9878,0.00959,270.29,53.34,0.56685948,0.7199115396,2.25,1.763493e-08,8.918027e-09,1.785444e-08,8.873932e-09,86.10,83.16,8134.81,7856.99,40.65,38.98
4.68537,5,0.3705,0.022,0.020,5.324,5.884,0.9878,0.00959,270.29,53.34,0.5668585199999999,0.7199103203999999,2.25,1.759505e-08,8.909042e-09,1.782957e-08,8.850055e-09,86.34,82.96,8157.72,7838.83,40.79,38.87
4.68562,5,0.3705,0.022,0.020,5.324,5.884,0.9878,0.00959,270.29,53.34,0.56685752,0.7199090504,2.25,1.757752e-08,8.890472e-09,1.779155e-08,8.826326e-09,86.15,82.87,8139.75,7830.28,40.68,38.82
4.68588,5,0.3705,0.022,0.020,5.324,5.884,0.9878,0.00959,270.29,53.34,0.56685648,0.7199077296,2.25,1.755188e-08,8.874093e-09,1.771608e-08,8.805623e-09,86.08,83.19,8133.42,7859.92,40.64,39.00
4.68612,5,0.3706,0.022,0.020,5.324,5.884,0.9878,0.00959,270.29,53.34,0.56685552,0.7199065104,2.25,1.750909e-08,8.859896e-09,1.767985e-08,8.784328e-09,86.25,83.15,8149.45,7856.20,40.74,38.98
4.68637,5,0.3706,0.022,0.020,5.324,5.884,0.9878,0.00959,270.29,53.34,0.5668545199999999,0.7199052403999999,2.25,1.748275e-08,8.846198e-09,1.76393e-08,8.752888e-09,86.24,82.93,8148.76,7836.11,40.73,38.86
4.68663,5,0.3706,0.022,0.020,5.324,5.884,0.9878,0.00959,270.29,53.34,0.5668534799999999,0.7199039195999999,2.25,1.747035e-08,8.832677e-09,1.759549e-08,8.724883e-09,86.10,82.82,8135.25,7824.95,40.65,38.79
4.68687,5,0.3707,0.022,0.020,5.324,5.884,0.9878,0.00959,270.29,53.34,0.56685252,0.7199027003999999,2.25,1.742533e-08,8.821015e-09,1.754678e-08,8.707688e-09,86.34,82.97,8158.21,7839.49,40.79,38.88
4.68712,5,0.3707,0.022,0.020,5.324,5.884,0.9878,0.00959,270.29,53.34,0.5668515199999999,0.7199014304,2.25,1.74088e-08,8.809157e-09,1.749034e-08,8.683823e-09,86.27,83.05,8151.67,7846.92,40.75,38.92
4.68738,5,0.3707,0.022,0.020,5.324,5.884,0.9878,0.00959,270.29,53.34,0.5668504799999999,0.7199001096,2.25,1.738103e-08,8.78983e-09,1.743361e-08,8.658682e-09,86.17,83.11,8141.78,7852.37,40.69,38.96
4.68762,5,0.3708,0.022,0.020,5.324,5.884,0.9878,0.00959,270.29,53.34,0.56684952,0.7198988904,2.25,1.737271e-08,8.776927e-09,1.739143e-08,8.626222e-09,86.02,82.91,8127.68,7833.72,40.61,38.84
4.68788,5,0.3708,0.022,0.020,5.324,5.884,0.9878,0.00959,270.29,53.34,0.56684848,0.7198975696,2.25,1.732455e-08,8.760048e-09,1.733384e-08,8.601067e-09,86.17,82.97,8141.68,7839.89,40.69,38.88
4.68813,5,0.3708,0.022,0.020,5.324,5.884,0.9878,0.00959,270.29,53.34,0.56684748,0.7198962996,2.25,1.730612e-08,8.751122e-09,1.727436e-08,8.57167e-09,86.18,82.98,8142.42,7840.10,40.70,38.88
4.68837,5,0.3709,0.022,0.020,5.323,5.884,0.9878,0.00959,270.29,53.34,0.5668465199999999,0.7198950803999999,2.25,1.728051e-08,8.737484e-09,1.721727e-08,8.543323e-09,86.19,83.00,8143.32,7842.18,40.70,38.89
4.68863,5,0.3709,0.022,0.020,5.323,5.884,0.9878,0.00959,270.29,53.34,0.56684548,0.7198937596,2.25,1.724371e-08,8.722851e-09,1.714383e-08,8.505768e-09,86.27,82.98,8150.83,7840.14,40.75,38.88
4.68888,5,0.3709,0.022,0.020,5.323,5.884,0.9878,0.00959,270.29,53.34,0.56684448,0.7198924896,2.25,1.720912e-08,8.711758e-09,1.708711e-08,8.482067e-09,86.39,83.06,8162.98,7848.30,40.82,38.93
4.68912,5,0.3710,0.022,0.020,5.323,5.884,0.9878,0.00959,270.29,53.34,0.5668435199999999,0.7198912703999999,2.25,1.719875e-08,8.70002e-09,1.70311e-08,8.457848e-09,86.29,83.16,8152.86,7857.03,40.76,38.98
4.68938,5,0.3710,0.022,0.020,5.323,5.884,0.9878,0.00959,270.29,53.34,0.5668424799999999,0.7198899496,2.25,1.717058e-08,8.683597e-09,1.697226e-08,8.423901e-09,86.24,83.06,8148.74,7848.28,40.73,38.93
4.68963,5,0.3710,0.022,0.020,5.323,5.884,0.9878,0.00959,270.29,53.34,0.56684148,0.7198886796,2.25,1.713556e-08,8.663165e-09,1.691394e-08,8.391211e-09,86.19,82.99,8143.56,7841.33,40.70,38.89
4.68987,5,0.3711,0.022,0.020,5.323,5.884,0.9878,0.00959,270.29,53.34,0.56684052,0.7198874604,2.25,1.710368e-08,8.648646e-09,1.685987e-08,8.358925e-09,86.24,82.91,8148.80,7833.29,40.73,38.84
4.69013,5,0.3711,0.022,0.020,5.323,5.884,0.9878,0.00959,270.29,53.34,0.56683948,0.7198861395999999,2.25,1.707418e-08,8.637e-09,1.680806e-08,8.326385e-09,86.31,82.77,8155.05,7820.52,40.77,38.76
4.69038,5,0.3711,0.022,0.020,5.323,5.884,0.9878,0.00959,270.29,53.34,0.5668384799999999,0.7198848695999999,2.25,1.70339e-08,8.622131e-09,1.674053e-08,8.292343e-09,86.42,82.76,8165.60,7819.42,40.83,38.76
4.69062,5,0.3712,0.022,0.020,5.323,5.884,0.9878,0.00959,270.29,53.34,0.56683752,0.7198836504,2.25,1.700167e-08,8.600093e-09,1.667998e-08,8.267453e-09,86.33,82.88,8156.81,7831.11,40.78,38.83
4.69088,5,0.3712,0.022,0.020,5.323,5.884,0.9878,0.00959,270.29,53.34,0.56683648,0.7198823296,2.25,1.69597e-08,8.587109e-09,1.662085e-08,8.240783e-09,86.50,82.93,8172.69,7836.08,40.88,38.86
4.69113,5,0.3712,0.022,0.020,5.323,5.884,0.9878,0.00959,270.29,53.34,0.56683548,0.7198810595999999,2.25,1.693509e-08,8.567452e-09,1.655517e-08,8.204566e-09,86.35,82.86,8158.81,7829.17,40.79,38.81
4.69137,5,0.3713,0.022,0.020,5.323,5.884,0.9878,0.00959,270.29,53.34,0.56683452,0.7198798404,2.25,1.689268e-08,8.550079e-09,1.650152e-08,8.171572e-09,86.46,82.76,8168.90,7819.13,40.85,38.75
4.69163,5,0.3713,0.022,0.020,5.323,5.884,0.9878,0.00959,270.29,53.34,0.56683348,0.7198785196,2.25,1.686496e-08,8.534953e-09,1.643527e-08,8.137425e-09,86.43,82.73,8166.78,7816.58,40.84,38.74
4.69187,5,0.3713,0.022,0.020,5.323,5.884,0.9878,0.00959,270.29,53.34,0.56683252,0.7198773004,2.25,1.683915e-08,8.511168e-09,1.638819e-08,8.10353e-09,86.21,82.51,8146.00,7796.41,40.72,38.62
4.69212,5,0.3714,0.022,0.020,5.323,5.884,0.9878,0.00959,270.29,53.34,0.5668315199999999,0.7198760303999999,2.25,1.67833e-08,8.493328e-09,1.632635e-08,8.076327e-09,86.45,82.61,8168.40,7804.96,40.85,38.67
4.69238,5,0.3714,0.022,0.020,5.323,5.884,0.9878,0.00959,270.29,53.34,0.5668304799999999,0.7198747095999999,2.25,1.673983e-08,8.470798e-09,1.627212e-08,8.046985e-09,86.44,82.55,8167.36,7800.13,40.84,38.64
4.69262,5,0.3714,0.022,0.020,5.323,5.884,0.9878,0.00959,270.29,53.34,0.56682952,0.7198734903999999,2.25,1.669053e-08,8.452196e-09,1.620215e-08,8.019151e-09,86.57,82.69,8179.79,7813.18,40.92,38.72
4.69287,5,0.3715,0.022,0.020,5.323,5.884,0.9878,0.00959,270.29,53.34,0.56682852,0.7198722204,2.25,1.667553e-08,8.434067e-09,1.615733e-08,7.993211e-09,86.38,82.64,8161.34,7808.02,40.81,38.69
4.69313,5,0.3715,0.022,0.020,5.323,5.884,0.9878,0.00959,270.29,53.34,0.5668274799999999,0.7198708996,2.25,1.66221e-08,8.419314e-09,1.611173e-08,7.964984e-09,86.63,82.52,8185.48,7797.04,40.95,38.62
4.69337,5,0.3715,0.022,0.020,5.323,5.884,0.9878,0.00959,270.29,53.34,0.56682652,0.7198696804,2.25,1.660161e-08,8.398041e-09,1.606794e-08,7.937267e-09,86.41,82.40,8164.02,7785.26,40.82,38.55
4.69362,5,0.3716,0.022,0.020,5.322,5.884,0.9878,0.00959,270.29,53.34,0.56682552,0.7198684103999999,2.25,1.654927e-08,8.37816e-09,1.603106e-08,7.915872e-09,86.57,82.35,8179.25,7781.19,40.91,38.53
4.69388,5,0.3716,0.022,0.020,5.322,5.884,0.9878,0.00959,270.29,53.34,0.56682448,0.7198670896,2.25,1.651857e-08,8.35607e-09,1.599532e-08,7.887618e-09,86.43,82.14,8166.29,7760.57,40.84,38.40
4.69412,5,0.3716,0.022,0.020,5.322,5.884,0.9878,0.00959,270.29,53.34,0.5668235199999999,0.7198658703999999,2.25,1.647701e-08,8.335021e-09,1.593208e-08,7.872742e-09,86.43,82.47,8166.24,7792.42,40.84,38.59
4.69437,5,0.3717,0.022,0.020,5.322,5.884,0.9878,0.00959,270.29,53.34,0.56682252,0.7198646004,2.25,1.644269e-08,8.316924e-09,1.589507e-08,7.841376e-09,86.44,82.22,8166.97,7768.90,40.84,38.45
4.69463,5,0.3717,0.022,0.020,5.322,5.884,0.9878,0.00959,270.30,53.34,0.56682148,0.7198632796,2.25,1.639898e-08,8.296477e-09,1.585242e-08,7.823947e-09,86.47,82.30,8170.28,7775.99,40.86,38.49
4.69487,5,0.3717,0.022,0.020,5.322,5.884,0.9878,0.00959,270.30,53.34,0.5668205199999999,0.7198620603999999,2.25,1.63534e-08,8.28639e-09,1.581768e-08,7.806465e-09,86.75,82.29,8196.25,7775.33,41.02,38.49
4.69512,5,0.3718,0.022,0.020,5.322,5.884,0.9878,0.00959,270.30,53.34,0.5668195199999999,0.7198607904,2.25,1.6329e-08,8.266256e-09,1.577738e-08,7.778885e-09,86.60,82.15,8182.86,7762.27,40.94,38.41
4.69538,5,0.3718,0.022,0.020,5.322,5.884,0.9878,0.00959,270.30,53.34,0.56681848,0.7198594696,2.25,1.629948e-08,8.25319e-09,1.574623e-08,7.766947e-09,86.64,82.22,8186.64,7769.01,40.96,38.45
4.69562,5,0.3718,0.022,0.020,5.322,5.884,0.9878,0.00959,270.30,53.34,0.56681752,0.7198582504,2.25,1.627009e-08,8.236833e-09,1.570904e-08,7.747227e-09,86.61,82.20,8183.67,7766.29,40.94,38.44
4.69588,5,0.3719,0.022,0.020,5.322,5.884,0.9878,0.00959,270.30,53.34,0.56681648,0.7198569295999999,2.25,1.623446e-08,8.219256e-09,1.567176e-08,7.728834e-09,86.65,82.22,8186.80,7768.37,40.96,38.45
4.69613,5,0.3719,0.022,0.020,5.322,5.884,0.9878,0.00959,270.30,53.34,0.5668154799999999,0.7198556595999999,2.25,1.620179e-08,8.204085e-09,1.564802e-08,7.712428e-09,86.68,82.12,8189.57,7759.04,40.98,38.39
4.69637,5,0.3719,0.022,0.020,5.322,5.884,0.9878,0.00959,270.30,53.34,0.56681452,0.7198544404,2.25,1.61856e-08,8.189712e-09,1.560585e-08,7.699302e-09,86.54,82.28,8177.08,7774.29,40.90,38.48
4.69663,5,0.3720,0.022,0.020,5.322,5.884,0.9878,0.00959,270.30,53.34,0.56681348,0.7198531196,2.25,1.615173e-08,8.178686e-09,1.558939e-08,7.686427e-09,86.70,82.20,8191.67,7766.90,40.99,38.44
4.69688,5,0.3720,0.022,0.020,5.322,5.884,0.9878,0.00959,270.30,53.34,0.56681248,0.7198518495999999,2.25,1.612731e-08,8.16304e-09,1.556072e-08,7.672533e-09,86.63,82.21,8185.00,7767.38,40.95,38.44
4.69712,5,0.3720,0.022,0.020,5.322,5.884,0.9878,0.00959,270.30,53.34,0.56681152,0.7198506304000001,2.25,1.609734e-08,8.144698e-09,1.552984e-08,7.658694e-09,86.56,82.24,8178.55,7770.16,40.91,38.46
4.69738,5,0.3721,0.022,0.020,5.322,5.884,0.9878,0.00959,270.30,53.34,0.56681048,0.7198493096,2.25,1.609181e-08,8.143568e-09,1.549256e-08,7.646631e-09,86.62,82.39,8184.14,7784.94,40.94,38.55
4.69763,5,0.3721,0.022,0.020,5.322,5.884,0.9878,0.00959,270.30,53.34,0.56680948,0.7198480396,2.25,1.606413e-08,8.13227e-09,1.546772e-08,7.625758e-09,86.68,82.21,8189.67,7767.62,40.98,38.44
4.69787,5,0.3721,0.022,0.020,5.322,5.884,0.9878,0.00959,270.30,53.34,0.5668085199999999,0.7198468203999999,2.25,1.60505e-08,8.124047e-09,1.544652e-08,7.606479e-09,86.65,82.02,8186.97,7749.88,40.96,38.34
4.69813,5,0.3722,0.022,0.020,5.322,5.884,0.9878,0.00959,270.30,53.34,0.5668074799999999,0.7198454995999999,2.25,1.603477e-08,8.122032e-09,1.542486e-08,7.596052e-09,86.80,82.05,8201.33,7752.44,41.05,38.35
4.69838,5,0.3722,0.022,0.020,5.322,5.884,0.9878,0.00959,270.30,53.34,0.56680648,0.7198442296,2.25,1.60166e-08,8.104426e-09,1.538956e-08,7.587818e-09,86.62,82.24,8184.14,7770.91,40.94,38.46
4.69862,5,0.3722,0.022,0.020,5.322,5.884,0.9878,0.00959,270.30,53.34,0.56680552,0.7198430104,2.25,1.600571e-08,8.103552e-09,1.535386e-08,7.569891e-09,86.72,82.24,8193.62,7770.25,41.00,38.46
4.69888,5,0.3723,0.022,0.020,5.321,5.884,0.9878,0.00959,270.30,53.34,0.5668044799999999,0.7198416896,2.25,1.599698e-08,8.096847e-09,1.532621e-08,7.553289e-09,86.69,82.20,8191.14,7766.31,40.98,38.44
4.69913,5,0.3723,0.022,0.020,5.321,5.884,0.9878,0.00959,270.30,53.34,0.5668034799999999,0.7198404195999999,2.25,1.598528e-08,8.097294e-09,1.528589e-08,7.541156e-09,86.83,82.36,8204.21,7782.06,41.06,38.53
4.69937,5,0.3723,0.022,0.020,5.321,5.884,0.9878,0.00959,270.30,53.34,0.56680252,0.7198392003999999,2.25,1.597756e-08,8.094558e-09,1.527621e-08,7.521828e-09,86.86,82.05,8206.62,7752.45,41.08,38.35
4.69963,5,0.3724,0.022,0.020,5.321,5.884,0.9878,0.00959,270.30,53.34,0.56680148,0.7198378796,2.25,1.597988e-08,8.087654e-09,1.523402e-08,7.507455e-09,86.70,82.21,8192.24,7767.58,40.99,38.44
4.69987,5,0.3724,0.022,0.020,5.321,5.884,0.9878,0.00959,270.30,53.34,0.5668005199999999,0.7198366603999999,2.25,1.598103e-08,8.087755e-09,1.520755e-08,7.501177e-09,86.69,82.36,8191.25,7781.42,40.98,38.53
4.70012,5,0.3724,0.022,0.020,5.321,5.884,0.9878,0.00959,270.30,53.34,0.56679952,0.7198353904,2.25,1.597935e-08,8.088945e-09,1.517852e-08,7.477801e-09,86.74,82.16,8195.44,7762.87,41.01,38.41
4.70038,5,0.3725,0.022,0.020,5.321,5.884,0.9878,0.00959,270.30,53.34,0.56679848,0.7198340696,2.25,1.597301e-08,8.08885e-09,1.514262e-08,7.466705e-09,86.83,82.33,8204.04,7778.49,41.06,38.51
4.70062,5,0.3725,0.022,0.020,5.321,5.884,0.9878,0.00959,270.30,53.34,0.5667975199999999,0.7198328503999999,2.25,1.59733e-08,8.089634e-09,1.511157e-08,7.446991e-09,86.84,82.23,8205.35,7769.42,41.07,38.45
4.70087,5,0.3725,0.022,0.020,5.321,5.884,0.9878,0.00959,270.30,53.34,0.5667965199999999,0.7198315804,2.25,1.597815e-08,8.090233e-09,1.508157e-08,7.429472e-09,86.80,82.17,8201.53,7763.79,41.05,38.42
4.70113,5,0.3726,0.022,0.020,5.321,5.884,0.9878,0.00959,270.30,53.34,0.5667954799999999,0.7198302595999999,2.25,1.597892e-08,8.08542e-09,1.504088e-08,7.412898e-09,86.71,82.27,8193.05,7773.05,40.99,38.47
4.70137,5,0.3726,0.022,0.020,5.321,5.884,0.9878,0.00959,270.30,53.34,0.56679452,0.7198290404,2.25,1.598636e-08,8.086402e-09,1.501121e-08,7.395588e-09,86.65,82.21,8187.35,7767.48,40.96,38.44
4.70162,5,0.3726,0.022,0.020,5.321,5.884,0.9878,0.00959,270.30,53.34,0.5667935199999999,0.7198277703999999,2.25,1.598487e-08,8.091631e-09,1.497068e-08,7.374882e-09,86.78,82.19,8199.62,7765.95,41.03,38.43
4.70188,5,0.3727,0.022,0.020,5.321,5.884,0.9878,0.00959,270.30,53.34,0.5667924799999999,0.7198264496,2.25,1.598911e-08,8.097838e-09,1.493613e-08,7.358057e-09,86.89,82.22,8210.16,7768.44,41.10,38.45
4.70212,5,0.3727,0.022,0.020,5.321,5.884,0.9878,0.00959,270.30,53.34,0.56679152,0.7198252304,2.25,1.600269e-08,8.101643e-09,1.489149e-08,7.336544e-09,86.83,82.23,8203.85,7769.44,41.06,38.45
4.70237,5,0.3727,0.022,0.020,5.321,5.884,0.9878,0.00959,270.30,53.34,0.56679052,0.7198239604,2.25,1.600981e-08,8.0983e-09,1.486152e-08,7.327136e-09,86.68,82.35,8189.62,7780.65,40.97,38.52
4.70263,5,0.3728,0.022,0.020,5.321,5.884,0.9878,0.00959,270.30,53.34,0.56678948,0.7198226395999999,2.25,1.602011e-08,8.107727e-09,1.482388e-08,7.300723e-09,86.79,82.20,8200.45,7766.25,41.04,38.43
4.70287,5,0.3728,0.022,0.020,5.321,5.884,0.9878,0.00959,270.30,53.34,0.5667885199999999,0.7198214203999999,2.25,1.602518e-08,8.110669e-09,1.479791e-08,7.280448e-09,86.80,82.03,8201.22,7750.55,41.04,38.34
4.70312,5,0.3728,0.022,0.020,5.321,5.884,0.9878,0.00959,270.30,53.34,0.56678752,0.7198201504,2.25,1.602637e-08,8.116877e-09,1.474774e-08,7.262171e-09,86.92,82.17,8212.70,7764.04,41.11,38.42
4.70338,5,0.3729,0.022,0.020,5.321,5.884,0.9878,0.00959,270.30,53.34,0.56678648,0.7198188296,2.25,1.604778e-08,8.115021e-09,1.469411e-08,7.241383e-09,86.67,82.32,8188.94,7778.01,40.97,38.50
4.70362,5,0.3729,0.022,0.020,5.321,5.884,0.9878,0.00959,270.30,53.34,0.5667855199999999,0.7198176103999999,2.25,1.60495e-08,8.123516e-09,1.465752e-08,7.222615e-09,86.83,82.30,8204.52,7776.45,41.06,38.49
4.70388,5,0.3729,0.022,0.020,5.321,5.884,0.9878,0.00959,270.30,53.34,0.5667844799999999,0.7198162895999999,2.25,1.6057e-08,8.123093e-09,1.461711e-08,7.207872e-09,86.74,82.42,8195.90,7787.46,41.01,38.56
4.70413,5,0.3730,0.022,0.020,5.320,5.884,0.9878,0.00959,270.30,53.34,0.56678348,0.7198150196,2.25,1.606469e-08,8.126638e-09,1.458544e-08,7.184563e-09,86.76,82.27,8197.39,7773.13,41.02,38.47
4.70437,5,0.3730,0.022,0.020,5.320,5.884,0.9878,0.00959,270.30,53.34,0.56678252,0.7198138004,2.25,1.605804e-08,8.126626e-09,1.454875e-08,7.159798e-09,86.83,82.12,8204.24,7758.84,41.06,38.39
4.70463,5,0.3730,0.022,0.020,5.320,5.884,0.9878,0.00959,270.30,53.34,0.56678148,0.7198124795999999,2.25,1.607489e-08,8.129462e-09,1.450218e-08,7.139648e-09,86.71,82.18,8192.63,7764.77,40.99,38.42
4.70488,5,0.3731,0.022,0.020,5.320,5.884,0.9878,0.00959,270.30,53.34,0.5667804799999999,0.7198112095999999,2.25,1.606618e-08,8.129788e-09,1.446151e-08,7.123341e-09,86.83,82.29,8204.49,7774.84,41.06,38.48
4.70512,5,0.3731,0.022,0.020,5.320,5.884,0.9878,0.00959,270.30,53.34,0.56677952,0.7198099903999999,2.25,1.608198e-08,8.130853e-09,1.440983e-08,7.103588e-09,86.68,82.42,8190.35,7787.16,40.98,38.56
4.70538,5,0.3731,0.022,0.020,5.320,5.884,0.9878,0.00959,270.30,53.34,0.56677848,0.7198086696,2.25,1.608495e-08,8.138258e-09,1.438165e-08,7.080895e-09,86.81,82.22,8202.39,7768.11,41.05,38.44
4.70563,5,0.3732,0.022,0.020,5.320,5.884,0.9878,0.00959,270.30,53.34,0.56677748,0.7198073996,2.25,1.608494e-08,8.136999e-09,1.433706e-08,7.062592e-09,86.81,82.32,8202.03,7778.12,41.05,38.50
4.70587,5,0.3732,0.022,0.020,5.320,5.884,0.9878,0.00959,270.30,53.34,0.56677652,0.7198061804,2.25,1.607917e-08,8.133597e-09,1.429446e-08,7.03756e-09,86.80,82.23,8201.04,7769.31,41.04,38.45
4.74413,6,0.3783,0.022,0.019,5.340,5.911,0.9878,0.00960,270.31,52.88,0.56662348,0.7196118196,2.22,1.367565e-08,7.330384e-09,9.323191e-09,4.800269e-09,99.29,91.22,9381.84,8619.02,48.11,43.54
4.74437,6,0.3783,0.022,0.019,5.340,5.911,0.9878,0.00960,270.31,52.88,0.5666225199999999,0.7196106003999999,2.22,1.361888e-08,7.312222e-09,9.283834e-09,4.78333e-09,99.65,91.35,9415.89,8631.38,48.32,43.61
4.74463,6,0.3783,0.022,0.019,5.340,5.911,0.9878,0.00960,270.31,52.88,0.56662148,0.7196092796,2.22,1.352994e-08,7.254555e-09,9.23848e-09,4.759102e-09,99.36,91.32,9388.18,8628.17,48.15,43.59
4.74488,6,0.3784,0.022,0.019,5.339,5.911,0.9878,0.00960,270.31,52.88,0.56662048,0.7196080096,2.22,1.344919e-08,7.215518e-09,9.196655e-09,4.741306e-09,99.51,91.49,9402.63,8644.55,48.24,43.69
4.74512,6,0.3784,0.022,0.019,5.339,5.911,0.9878,0.00960,270.31,52.88,0.5666195199999999,0.7196067904,2.22,1.336653e-08,7.177676e-09,9.15789e-09,4.725423e-09,99.71,91.66,9421.06,8660.07,48.35,43.78
4.74538,6,0.3784,0.022,0.019,5.339,5.911,0.9878,0.00960,270.31,52.88,0.5666184799999999,0.7196054695999999,2.22,1.329303e-08,7.145411e-09,9.114094e-09,4.705575e-09,99.93,91.77,9441.61,8670.54,48.47,43.85
4.74563,6,0.3785,0.021,0.019,5.339,5.911,0.9878,0.00960,270.31,52.88,0.56661748,0.7196041996,2.22,1.324316e-08,7.106747e-09,9.082044e-09,4.693338e-09,99.59,91.96,9410.05,8689.23,48.28,43.96
4.74587,6,0.3785,0.021,0.019,5.339,5.911,0.9878,0.00960,270.31,52.88,0.56661652,0.7196029803999999,2.22,1.31608e-08,7.081596e-09,9.051575e-09,4.675436e-09,100.17,91.88,9464.99,8680.94,48.61,43.91
4.74613,6,0.3785,0.021,0.019,5.339,5.911,0.9878,0.00960,270.31,52.88,0.56661548,0.7196016596,2.22,1.310295e-08,7.043672e-09,9.017001e-09,4.661531e-09,99.97,92.04,9445.26,8696.19,48.49,44.00
4.74637,6,0.3786,0.021,0.019,5.339,5.911,0.9878,0.00960,270.31,52.88,0.56661452,0.7196004404,2.22,1.304854e-08,7.021913e-09,8.994535e-09,4.648677e-09,100.22,92.01,9469.60,8693.69,48.64,43.98
4.74662,6,0.3786,0.021,0.019,5.339,5.911,0.9878,0.00960,270.31,52.88,0.56661352,0.7195991704,2.22,1.298974e-08,6.992427e-09,8.970593e-09,4.638325e-09,100.29,92.09,9475.93,8701.54,48.68,44.03
4.74688,6,0.3786,0.021,0.019,5.339,5.911,0.9878,0.00960,270.31,52.88,0.56661248,0.7195978496,2.22,1.293867e-08,6.971642e-09,8.946877e-09,4.632543e-09,100.50,92.36,9495.71,8726.82,48.79,44.18
4.74712,6,0.3787,0.021,0.019,5.339,5.911,0.9878,0.00960,270.31,52.88,0.5666115199999999,0.7195966303999999,2.22,1.289687e-08,6.957527e-09,8.931007e-09,4.62489e-09,100.79,92.41,9523.17,8731.34,48.96,44.21
4.74737,6,0.3787,0.021,0.019,5.339,5.911,0.9878,0.00960,270.31,52.88,0.56661052,0.7195953604,2.22,1.28591e-08,6.936879e-09,8.909582e-09,4.613526e-09,100.78,92.40,9522.36,8730.28,48.95,44.20
4.74763,6,0.3787,0.021,0.019,5.339,5.911,0.9878,0.00960,270.31,52.88,0.56660948,0.7195940396,2.22,1.282551e-08,6.924424e-09,8.897035e-09,4.611148e-09,100.96,92.57,9539.31,8746.48,49.06,44.30
4.74787,6,0.3788,0.021,0.019,5.339,5.911,0.9878,0.00960,270.31,52.88,0.56660852,0.7195928203999999,2.22,1.279102e-08,6.903484e-09,8.880333e-09,4.607674e-09,100.91,92.81,9534.86,8769.27,49.03,44.44
4.74812,6,0.3788,0.021,0.019,5.339,5.911,0.9878,0.00960,270.31,52.88,0.5666075199999999,0.7195915503999999,2.22,1.277275e-08,6.902622e-09,8.878677e-09,4.604725e-09,101.20,92.72,9561.95,8761.00,49.19,44.39
4.74838,6,0.3788,0.021,0.019,5.339,5.911,0.9878,0.00960,270.31,52.88,0.5666064799999999,0.7195902295999999,2.22,1.275272e-08,6.891629e-09,8.870631e-09,4.603869e-09,101.20,92.86,9561.44,8774.14,49.19,44.47
4.74862,6,0.3789,0.021,0.019,5.339,5.911,0.9878,0.00960,270.31,52.88,0.56660552,0.7195890104,2.22,1.274981e-08,6.895873e-09,8.867875e-09,4.605009e-09,101.41,93.00,9581.55,8786.65,49.31,44.54
4.74887,6,0.3789,0.021,0.019,5.339,5.911,0.9878,0.00960,270.31,52.88,0.56660452,0.7195877404,2.22,1.273204e-08,6.891998e-09,8.867056e-09,4.604777e-09,101.59,93.00,9598.95,8787.42,49.41,44.55
4.74913,6,0.3789,0.021,0.019,5.339,5.911,0.9878,0.00960,270.31,52.88,0.5666034799999999,0.7195864195999999,2.22,1.273467e-08,6.895192e-09,8.870486e-09,4.610992e-09,101.65,93.19,9604.32,8805.03,49.44,44.65
4.74937,6,0.3790,0.021,0.019,5.338,5.911,0.9878,0.00960,270.31,52.88,0.56660252,0.7195852004,2.22,1.27312e-08,6.894909e-09,8.871694e-09,4.611597e-09,101.73,93.21,9611.71,8807.26,49.49,44.66
4.74962,6,0.3790,0.021,0.019,5.338,5.911,0.9878,0.00960,270.31,52.88,0.56660152,0.7195839304,2.22,1.273534e-08,6.903568e-09,8.878613e-09,4.6145e-09,101.93,93.18,9631.24,8804.51,49.61,44.65
4.74988,6,0.3790,0.021,0.019,5.338,5.911,0.9878,0.00960,270.31,52.88,0.56660048,0.7195826096,2.22,1.274697e-08,6.913818e-09,8.885633e-09,4.623758e-09,102.06,93.42,9643.26,8826.80,49.68,44.78
4.75012,6,0.3791,0.021,0.019,5.338,5.911,0.9878,0.00960,270.31,52.88,0.5665995199999999,0.7195813903999999,2.22,1.276036e-08,6.929413e-09,8.899066e-09,4.629888e-09,102.36,93.41,9671.21,8825.71,49.85,44.78
4.75038,6,0.3791,0.021,0.019,5.338,5.911,0.9878,0.00960,270.31,52.88,0.5665984799999999,0.7195800695999999,2.22,1.277872e-08,6.941886e-09,8.906947e-09,4.6391e-09,102.44,93.62,9678.85,8846.03,49.89,44.90
4.75063,6,0.3791,0.021,0.019,5.338,5.911,0.9878,0.00960,270.31,52.88,0.56659748,0.7195787996,2.22,1.279106e-08,6.954716e-09,8.920288e-09,4.643867e-09,102.64,93.53,9697.55,8837.37,50.00,44.84
4.75087,6,0.3792,0.021,0.019,5.338,5.911,0.9878,0.00960,270.31,52.88,0.5665965199999999,0.7195775804,2.22,1.281824e-08,6.976402e-09,8.922813e-09,4.652069e-09,102.89,93.85,9721.21,8867.08,50.14,45.02
4.75113,6,0.3792,0.021,0.019,5.338,5.911,0.9878,0.00960,270.31,52.88,0.5665954799999999,0.7195762595999999,2.22,1.284906e-08,6.998505e-09,8.9378e-09,4.662487e-09,103.06,93.96,9737.47,8877.44,50.24,45.09
4.75138,6,0.3792,0.021,0.019,5.338,5.911,0.9878,0.00960,270.31,52.88,0.56659448,0.7195749896,2.22,1.288369e-08,7.014865e-09,8.951229e-09,4.673553e-09,102.98,94.13,9729.85,8893.60,50.20,45.18
4.75162,6,0.3793,0.021,0.019,5.338,5.911,0.9878,0.00960,270.31,52.88,0.56659352,0.7195737703999999,2.22,1.290508e-08,7.033727e-09,8.965123e-09,4.679344e-09,103.24,94.09,9754.39,8890.12,50.34,45.16
4.75188,6,0.3793,0.021,0.019,5.338,5.911,0.9878,0.00960,270.31,52.88,0.56659248,0.7195724496,2.22,1.293556e-08,7.053753e-09,8.975105e-09,4.688339e-09,103.35,94.25,9764.77,8905.16,50.41,45.25
4.75213,6,0.3793,0.021,0.019,5.338,5.911,0.9878,0.00960,270.31,52.88,0.5665914799999999,0.7195711795999999,2.22,1.296478e-08,7.079984e-09,8.98634e-09,4.698557e-09,103.68,94.43,9796.11,8922.45,50.59,45.35
4.75237,6,0.3794,0.021,0.019,5.338,5.911,0.9878,0.00961,270.31,52.88,0.56659052,0.7195699604,2.22,1.299581e-08,7.102786e-09,8.993352e-09,4.70315e-09,103.90,94.50,9816.52,8928.49,50.72,45.39
4.75263,6,0.3794,0.021,0.019,5.338,5.911,0.9878,0.00961,270.31,52.88,0.56658948,0.7195686396,2.22,1.301959e-08,7.123106e-09,9.000965e-09,4.709425e-09,104.13,94.59,9838.83,8937.62,50.85,45.45
4.75288,6,0.3794,0.021,0.019,5.338,5.911,0.9878,0.00961,270.31,52.88,0.56658848,0.7195673695999999,2.22,1.304242e-08,7.145788e-09,9.002149e-09,4.716826e-09,104.46,94.88,9869.91,8964.65,51.04,45.61
4.75312,6,0.3795,0.021,0.019,5.338,5.911,0.9878,0.00961,270.31,52.88,0.56658752,0.7195661504,2.22,1.308069e-08,7.165478e-09,9.016402e-09,4.721737e-09,104.45,94.80,9868.62,8956.82,51.03,45.56
4.75338,6,0.3795,0.021,0.019,5.338,5.911,0.9878,0.00961,270.31,52.88,0.56658648,0.7195648296,2.22,1.309779e-08,7.184095e-09,9.011003e-09,4.722489e-09,104.74,94.95,9896.80,8971.10,51.20,45.65
4.75363,6,0.3795,0.021,0.019,5.338,5.911,0.9878,0.00961,270.31,52.88,0.56658548,0.7195635596,2.22,1.311882e-08,7.200295e-09,9.013972e-09,4.72789e-09,104.90,95.11,9911.02,8986.46,51.28,45.74
4.75387,6,0.3796,0.021,0.019,5.338,5.911,0.9878,0.00961,270.31,52.88,0.5665845199999999,0.7195623403999999,2.22,1.313522e-08,7.221802e-09,9.011266e-09,4.728938e-09,105.33,95.24,9951.83,8998.70,51.53,45.81
4.75413,6,0.3796,0.021,0.019,5.338,5.911,0.9878,0.00961,270.31,52.88,0.5665834799999999,0.7195610195999999,2.22,1.315517e-08,7.236596e-09,9.015888e-09,4.728918e-09,105.45,95.14,9963.53,8988.92,51.60,45.75
4.75437,6,0.3796,0.021,0.019,5.338,5.911,0.9878,0.00961,270.31,52.88,0.56658252,0.7195598004,2.22,1.316757e-08,7.248315e-09,9.004889e-09,4.725312e-09,105.61,95.23,9978.52,8997.58,51.69,45.80
4.75462,6,0.3797,0.021,0.019,5.337,5.911,0.9878,0.00961,270.31,52.88,0.56658152,0.7195585304,2.22,1.31633e-08,7.249993e-09,8.992822e-09,4.72367e-09,105.77,95.45,9993.50,9018.79,51.78,45.93
4.75488,6,0.3797,0.021,0.019,5.337,5.911,0.9878,0.00961,270.31,52.88,0.5665804799999999,0.7195572095999999,2.22,1.317107e-08,7.25966e-09,8.978396e-09,4.721584e-09,105.94,95.69,10010.03,9040.94,51.88,46.06
4.75512,6,0.3797,0.021,0.019,5.337,5.911,0.9878,0.00961,270.31,52.88,0.56657952,0.7195559904000001,2.22,1.317169e-08,7.271499e-09,8.963867e-09,4.71399e-09,106.32,95.69,10045.42,9041.13,52.09,46.07
4.75537,6,0.3798,0.021,0.019,5.337,5.911,0.9878,0.00961,270.31,52.88,0.56657852,0.7195547204,2.22,1.315893e-08,7.264526e-09,8.949e-09,4.709779e-09,106.35,95.87,10048.29,9058.14,52.10,46.17
4.75563,6,0.3798,0.021,0.019,5.337,5.911,0.9878,0.00961,270.31,52.88,0.56657748,0.7195533996,2.22,1.315235e-08,7.270828e-09,8.937711e-09,4.702413e-09,106.67,95.81,10079.03,9052.35,52.29,46.13
4.75587,6,0.3798,0.021,0.019,5.337,5.911,0.9878,0.00961,270.31,52.88,0.5665765199999999,0.7195521803999999,2.22,1.313681e-08,7.265409e-09,8.918017e-09,4.692517e-09,106.78,95.83,10088.88,9054.25,52.35,46.14
4.75612,6,0.3799,0.021,0.019,5.337,5.911,0.9878,0.00961,270.31,52.88,0.56657552,0.7195509104,2.22,1.311633e-08,7.264366e-09,8.884266e-09,4.68357e-09,107.15,96.23,10123.60,9092.74,52.56,46.37
4.75638,6,0.3799,0.021,0.019,5.337,5.911,0.9878,0.00961,270.31,52.88,0.56657448,0.7195495896,2.22,1.309063e-08,7.25952e-09,8.857619e-09,4.674903e-09,107.46,96.47,10153.03,9114.93,52.73,46.51
4.75662,6,0.3799,0.021,0.019,5.337,5.911,0.9878,0.00961,270.31,52.88,0.5665735199999999,0.7195483704,2.22,1.307195e-08,7.249338e-09,8.833116e-09,4.662619e-09,107.46,96.50,10153.59,9117.61,52.74,46.52
4.75687,6,0.3800,0.021,0.019,5.337,5.911,0.9878,0.00961,270.31,52.88,0.5665725199999999,0.7195471003999999,2.22,1.302842e-08,7.232827e-09,8.806554e-09,4.653506e-09,107.75,96.74,10180.37,9140.43,52.90,46.66
4.75713,6,0.3800,0.021,0.019,5.337,5.911,0.9878,0.00961,270.31,52.88,0.5665714799999999,0.7195457795999999,2.22,1.300049e-08,7.220967e-09,8.783378e-09,4.637237e-09,107.87,96.56,10191.94,9123.65,52.97,46.56
4.75737,6,0.3800,0.021,0.019,5.337,5.911,0.9878,0.00961,270.31,52.88,0.56657052,0.7195445603999999,2.22,1.296096e-08,7.208107e-09,8.745221e-09,4.627774e-09,108.18,97.04,10220.95,9168.48,53.14,46.83
4.75762,6,0.3801,0.021,0.019,5.337,5.911,0.9878,0.00961,270.31,52.88,0.5665695199999999,0.7195432904,2.22,1.292785e-08,7.196582e-09,8.722507e-09,4.617056e-09,108.44,97.12,10245.74,9176.39,53.29,46.88
4.75788,6,0.3801,0.021,0.019,5.337,5.911,0.9878,0.00961,270.31,52.88,0.5665684799999999,0.7195419695999999,2.22,1.287088e-08,7.179376e-09,8.689153e-09,4.596791e-09,108.93,97.00,10292.65,9165.34,53.57,46.81
4.75812,6,0.3801,0.021,0.019,5.337,5.911,0.9878,0.00961,270.31,52.88,0.56656752,0.7195407504,2.22,1.282955e-08,7.157539e-09,8.663418e-09,4.587534e-09,108.98,97.20,10296.61,9183.86,53.59,46.92
4.75838,6,0.3802,0.021,0.019,5.337,5.911,0.9878,0.00961,270.31,52.88,0.56656648,0.7195394296,2.22,1.279078e-08,7.140537e-09,8.632916e-09,4.574403e-09,109.16,97.36,10314.44,9199.19,53.70,47.01
4.75863,6,0.3802,0.021,0.019,5.337,5.911,0.9878,0.00961,270.31,52.88,0.56656548,0.7195381596,2.22,1.274735e-08,7.118811e-09,8.608197e-09,4.560742e-09,109.25,97.34,10322.71,9196.77,53.75,47.00
4.75887,6,0.3802,0.021,0.019,5.337,5.911,0.9878,0.00961,270.31,52.88,0.56656452,0.7195369404,2.22,1.270771e-08,7.096798e-09,8.571723e-09,4.549699e-09,109.26,97.71,10323.12,9232.51,53.75,47.21
4.75913,6,0.3803,0.021,0.019,5.337,5.911,0.9878,0.00961,270.31,52.88,0.56656348,0.7195356196,2.22,1.265898e-08,7.077928e-09,8.551848e-09,4.535977e-09,109.58,97.59,10353.48,9221.19,53.93,47.14
4.75938,6,0.3803,0.021,0.019,5.337,5.911,0.9878,0.00961,270.31,52.88,0.56656248,0.7195343496,2.22,1.261719e-08,7.05972e-09,8.528334e-09,4.529332e-09,109.76,97.86,10370.66,9246.53,54.04,47.30
4.75962,6,0.3803,0.021,0.019,5.337,5.911,0.9878,0.00961,270.31,52.88,0.5665615199999999,0.7195331303999999,2.22,1.256991e-08,7.041598e-09,8.502652e-09,4.520484e-09,110.06,98.08,10398.60,9267.48,54.20,47.42
4.75988,6,0.3804,0.021,0.019,5.336,5.911,0.9878,0.00961,270.31,52.88,0.5665604799999999,0.7195318096,2.22,1.254425e-08,7.026054e-09,8.484454e-09,4.505256e-09,110.04,97.85,10397.40,9245.58,54.20,47.29
4.76013,6,0.3804,0.021,0.019,5.336,5.911,0.9878,0.00961,270.31,52.88,0.56655948,0.7195305396,2.22,1.250995e-08,7.005571e-09,8.464001e-09,4.50158e-09,110.00,98.19,10393.11,9277.15,54.17,47.48
4.76037,6,0.3804,0.021,0.019,5.336,5.911,0.9878,0.00961,270.31,52.88,0.56655852,0.7195293204,2.22,1.246915e-08,6.998895e-09,8.454182e-09,4.494257e-09,110.58,98.09,10447.98,9267.90,54.50,47.42
4.76063,6,0.3805,0.021,0.019,5.336,5.911,0.9878,0.00961,270.31,52.88,0.56655748,0.7195279995999999,2.22,1.244396e-08,6.987732e-09,8.436078e-09,4.488759e-09,110.71,98.31,10460.88,9288.56,54.58,47.55
4.76088,6,0.3805,0.021,0.019,5.336,5.911,0.9878,0.00961,270.31,52.88,0.5665564799999999,0.7195267295999999,2.22,1.242165e-08,6.971972e-09,8.424158e-09,4.487389e-09,110.60,98.54,10449.83,9310.61,54.51,47.68
4.76112,6,0.3805,0.021,0.019,5.336,5.911,0.9878,0.00961,270.31,52.88,0.56655552,0.7195255104,2.22,1.239768e-08,6.966361e-09,8.413988e-09,4.482293e-09,110.88,98.56,10476.71,9312.04,54.67,47.69
4.76138,6,0.3806,0.021,0.019,5.336,5.911,0.9878,0.00961,270.31,52.88,0.56655448,0.7195241896,2.22,1.239155e-08,6.956134e-09,8.412161e-09,4.482862e-09,110.67,98.65,10456.20,9321.35,54.55,47.74
4.76163,6,0.3806,0.021,0.019,5.336,5.911,0.9878,0.00961,270.31,52.88,0.5665534799999999,0.7195229195999999,2.22,1.237857e-08,6.950006e-09,8.411631e-09,4.484873e-09,110.71,98.76,10460.17,9331.57,54.57,47.80
4.76187,6,0.3806,0.021,0.019,5.336,5.911,0.9878,0.00961,270.31,52.88,0.56655252,0.7195217004,2.22,1.23627e-08,6.948332e-09,8.402802e-09,4.483673e-09,110.97,98.93,10485.07,9347.23,54.72,47.90
4.76213,6,0.3807,0.021,0.019,5.336,5.911,0.9878,0.00961,270.31,52.88,0.56655148,0.7195203796,2.22,1.236234e-08,6.957075e-09,8.411063e-09,4.49089e-09,111.33,99.09,10518.71,9362.24,54.92,47.99
4.76237,6,0.3807,0.021,0.019,5.336,5.911,0.9878,0.00961,270.31,52.88,0.56655052,0.7195191604,2.22,1.236584e-08,6.953323e-09,8.420398e-09,4.496299e-09,111.12,99.11,10498.95,9364.14,54.80,48.00
4.76262,6,0.3807,0.021,0.019,5.336,5.911,0.9878,0.00961,270.31,52.88,0.5665495199999999,0.7195178903999999,2.22,1.237433e-08,6.959882e-09,8.427637e-09,4.499058e-09,111.18,99.05,10505.10,9359.20,54.84,47.97
4.76288,6,0.3808,0.021,0.019,5.336,5.911,0.9878,0.00961,270.31,52.88,0.5665484799999999,0.7195165695999999,2.22,1.238322e-08,6.967325e-09,8.435978e-09,4.504766e-09,111.30,99.14,10516.29,9367.26,54.91,48.02
4.76312,6,0.3808,0.021,0.019,5.336,5.911,0.9878,0.00961,270.31,52.88,0.56654752,0.7195153503999999,2.22,1.239372e-08,6.982303e-09,8.452596e-09,4.517276e-09,111.63,99.31,10547.62,9383.47,55.10,48.11
4.76337,6,0.3808,0.021,0.019,5.336,5.911,0.9878,0.00961,270.31,52.88,0.5665465199999999,0.7195140804,2.22,1.241586e-08,6.9952e-09,8.468882e-09,4.529734e-09,111.65,99.49,10549.08,9400.20,55.10,48.22
4.76363,6,0.3809,0.021,0.019,5.336,5.911,0.9878,0.00961,270.31,52.88,0.5665454799999999,0.7195127595999999,2.22,1.244026e-08,7.010843e-09,8.487935e-09,4.540527e-09,111.75,99.54,10558.39,9405.35,55.16,48.25
4.76387,6,0.3809,0.021,0.019,5.336,5.911,0.9878,0.00961,270.31,52.88,0.56654452,0.7195115404,2.22,1.246763e-08,7.02385e-09,8.510363e-09,4.554182e-09,111.66,99.62,10550.07,9412.72,55.11,48.29
4.76412,6,0.3809,0.021,0.019,5.336,5.911,0.9878,0.00961,270.31,52.88,0.56654352,0.7195102703999999,2.22,1.250045e-08,7.04671e-09,8.528575e-09,4.568578e-09,111.82,99.84,10565.08,9433.37,55.20,48.41
4.76438,6,0.3810,0.021,0.019,5.336,5.911,0.9878,0.00961,270.31,52.88,0.56654248,0.7195089496,2.22,1.253501e-08,7.068694e-09,8.563466e-09,4.585285e-09,111.94,99.77,10576.43,9427.07,55.27,48.38
4.76462,6,0.3810,0.021,0.019,5.336,5.911,0.9878,0.00961,270.31,52.88,0.5665415199999999,0.7195077303999999,2.22,1.258156e-08,7.091021e-09,8.587334e-09,4.603368e-09,111.80,100.02,10563.03,9450.50,55.19,48.52
4.76487,6,0.3810,0.021,0.019,5.336,5.911,0.9878,0.00961,270.32,52.88,0.56654052,0.7195064604,2.22,1.261901e-08,7.123801e-09,8.618474e-09,4.61861e-09,112.22,99.95,10602.84,9444.10,55.43,48.48
4.76513,6,0.3811,0.021,0.019,5.335,5.911,0.9878,0.00961,270.32,52.88,0.56653948,0.7195051396,2.22,1.267137e-08,7.143776e-09,8.645584e-09,4.637025e-09,111.90,100.16,10573.05,9463.68,55.25,48.59
4.76537,6,0.3811,0.021,0.019,5.335,5.911,0.9878,0.00961,270.32,52.88,0.5665385199999999,0.7195039203999999,2.22,1.271379e-08,7.177199e-09,8.679601e-09,4.656199e-09,112.24,100.20,10605.26,9467.75,55.44,48.62
4.76562,6,0.3811,0.021,0.019,5.335,5.911,0.9878,0.00961,270.32,52.88,0.5665375199999999,0.7195026503999999,2.22,1.277317e-08,7.20532e-09,8.717684e-09,4.674678e-09,112.05,100.11,10587.04,9459.24,55.33,48.57
4.76588,6,0.3812,0.021,0.019,5.335,5.911,0.9878,0.00961,270.32,52.88,0.56653648,0.7195013296,2.22,1.28194e-08,7.232332e-09,8.750412e-09,4.699246e-09,112.11,100.46,10592.95,9492.29,55.37,48.77
4.76612,6,0.3812,0.021,0.019,5.335,5.911,0.9878,0.00961,270.32,52.88,0.56653552,0.7195001104,2.22,1.287401e-08,7.26549e-09,8.789824e-09,4.714381e-09,112.20,100.19,10600.82,9466.13,55.41,48.61
4.76638,6,0.3812,0.021,0.019,5.335,5.911,0.9878,0.00961,270.32,52.88,0.56653448,0.7194987895999999,2.22,1.292804e-08,7.294323e-09,8.825711e-09,4.734905e-09,112.14,100.24,10595.28,9471.64,55.38,48.64
4.76663,6,0.3813,0.021,0.019,5.335,5.911,0.9878,0.00961,270.32,52.88,0.5665334799999999,0.7194975195999999,2.22,1.298606e-08,7.324866e-09,8.863468e-09,4.758655e-09,112.09,100.43,10590.79,9489.15,55.35,48.75
4.76687,6,0.3813,0.021,0.019,5.335,5.911,0.9878,0.00961,270.32,52.88,0.56653252,0.7194963004,2.22,1.303724e-08,7.359162e-09,8.889272e-09,4.777724e-09,112.28,100.67,10608.73,9511.57,55.46,48.88
4.76713,6,0.3813,0.021,0.019,5.335,5.911,0.9878,0.00961,270.32,52.88,0.56653148,0.7194949796,2.22,1.308899e-08,7.389683e-09,8.930344e-09,4.796752e-09,112.33,100.53,10613.05,9498.53,55.49,48.80
4.76738,6,0.3814,0.021,0.019,5.335,5.911,0.9878,0.00961,270.32,52.88,0.56653048,0.7194937095999999,2.22,1.314042e-08,7.417176e-09,8.959307e-09,4.818264e-09,112.30,100.83,10610.77,9526.45,55.47,48.97
4.76762,6,0.3814,0.021,0.019,5.335,5.911,0.9878,0.00961,270.32,52.88,0.56652952,0.7194924904000001,2.22,1.318648e-08,7.44764e-09,8.995791e-09,4.83465e-09,112.46,100.68,10625.39,9512.68,55.56,48.89
4.76788,6,0.3814,0.021,0.019,5.335,5.911,0.9878,0.00961,270.32,52.88,0.56652848,0.7194911696,2.22,1.323032e-08,7.47313e-09,9.024121e-09,4.855289e-09,112.48,100.92,10627.78,9535.67,55.57,49.03
4.76813,6,0.3815,0.021,0.019,5.335,5.911,0.9878,0.00961,270.32,52.88,0.56652748,0.7194898996,2.22,1.327965e-08,7.497891e-09,9.058702e-09,4.872004e-09,112.40,100.86,10620.46,9530.16,55.53,48.99
4.76837,6,0.3815,0.021,0.019,5.335,5.911,0.9878,0.00961,270.32,52.88,0.5665265199999999,0.7194886803999999,2.22,1.332142e-08,7.520491e-09,9.080744e-09,4.887313e-09,112.37,101.02,10617.27,9544.76,55.51,49.08
4.76863,6,0.3815,0.021,0.019,5.335,5.911,0.9878,0.00961,270.32,52.88,0.5665254799999999,0.7194873595999999,2.22,1.335113e-08,7.541174e-09,9.117039e-09,4.902714e-09,112.50,100.83,10629.93,9527.37,55.59,48.98
4.76888,6,0.3816,0.021,0.019,5.335,5.911,0.9878,0.00961,270.32,52.88,0.56652448,0.7194860896,2.22,1.338186e-08,7.561887e-09,9.141092e-09,4.918491e-09,112.65,100.99,10643.57,9541.79,55.67,49.06
4.76912,6,0.3816,0.021,0.019,5.335,5.911,0.9878,0.00961,270.32,52.88,0.56652352,0.7194848704,2.22,1.34135e-08,7.571914e-09,9.15397e-09,4.932345e-09,112.38,101.30,10618.25,9570.88,55.52,49.24
4.76938,6,0.3816,0.021,0.019,5.335,5.911,0.9878,0.00961,270.32,52.88,0.5665224799999999,0.7194835495999999,2.22,1.342279e-08,7.590905e-09,9.179423e-09,4.942394e-09,112.85,101.13,10662.59,9555.51,55.78,49.14
4.76962,6,0.3817,0.021,0.019,5.335,5.911,0.9878,0.00961,270.32,52.88,0.56652152,0.7194823304,2.22,1.344769e-08,7.597098e-09,9.197193e-09,4.955329e-09,112.61,101.31,10639.96,9572.11,55.65,49.24
4.76987,6,0.3817,0.021,0.019,5.335,5.911,0.9878,0.00961,270.32,52.88,0.56652052,0.7194810603999999,2.22,1.344876e-08,7.60989e-09,9.216356e-09,4.964868e-09,113.03,101.27,10679.27,9568.83,55.88,49.22
4.77013,6,0.3817,0.021,0.019,5.335,5.911,0.9878,0.00961,270.32,52.88,0.56651948,0.7194797396,2.22,1.346424e-08,7.610905e-09,9.221831e-09,4.973828e-09,112.76,101.54,10654.30,9593.96,55.73,49.37
4.77037,6,0.3818,0.021,0.019,5.334,5.911,0.9878,0.00961,270.32,52.88,0.5665185199999999,0.7194785203999999,2.22,1.34684e-08,7.613482e-09,9.242606e-09,4.980335e-09,112.80,101.36,10657.81,9576.86,55.75,49.27
4.77062,6,0.3818,0.021,0.019,5.334,5.911,0.9878,0.00961,270.32,52.88,0.56651752,0.7194772504,2.22,1.345187e-08,7.610581e-09,9.247703e-09,4.986622e-09,113.02,101.51,10678.61,9591.63,55.88,49.36
4.77088,6,0.3818,0.021,0.019,5.334,5.911,0.9878,0.00961,270.32,52.88,0.56651648,0.7194759296,2.22,1.345224e-08,7.610005e-09,9.262989e-09,4.994342e-09,112.99,101.49,10676.07,9589.45,55.86,49.35
4.77112,6,0.3819,0.021,0.019,5.334,5.911,0.9878,0.00961,270.32,52.88,0.5665155199999999,0.7194747103999999,2.22,1.342996e-08,7.603029e-09,9.272768e-09,4.996457e-09,113.21,101.38,10697.10,9578.83,55.99,49.28
4.77137,6,0.3819,0.021,0.019,5.334,5.911,0.9878,0.00961,270.32,52.88,0.5665145199999999,0.7194734403999999,2.22,1.341614e-08,7.59128e-09,9.269161e-09,4.998664e-09,113.08,101.56,10684.37,9596.10,55.91,49.39
4.77163,6,0.3819,0.021,0.019,5.334,5.911,0.9878,0.00961,270.32,52.88,0.56651348,0.7194721196,2.22,1.339198e-08,7.58237e-09,9.276485e-09,5.003973e-09,113.24,101.62,10699.84,9601.76,56.00,49.42
4.77187,6,0.3820,0.021,0.019,5.334,5.911,0.9878,0.00961,270.32,52.88,0.56651252,0.7194709004,2.22,1.336472e-08,7.570326e-09,9.273957e-09,5.006139e-09,113.39,101.80,10713.70,9619.00,56.09,49.52
4.77212,6,0.3820,0.021,0.019,5.334,5.911,0.9878,0.00961,270.32,52.88,0.5665115199999999,0.7194696303999999,2.22,1.334044e-08,7.555131e-09,9.277835e-09,5.009486e-09,113.34,101.86,10708.99,9624.24,56.06,49.55
4.77238,6,0.3820,0.021,0.019,5.334,5.911,0.9878,0.00961,270.32,52.88,0.5665104799999999,0.7194683096,2.22,1.330032e-08,7.536185e-09,9.28256e-09,5.007521e-09,113.47,101.66,10721.38,9605.41,56.13,49.44
4.77262,6,0.3821,0.021,0.019,5.334,5.911,0.9878,0.00961,270.32,52.88,0.56650952,0.7194670904,2.22,1.32724e-08,7.522623e-09,9.282593e-09,5.011111e-09,113.58,101.84,10731.61,9622.82,56.19,49.55
4.77287,6,0.3821,0.021,0.019,5.334,5.911,0.9878,0.00961,270.32,52.88,0.56650852,0.7194658204,2.22,1.323805e-08,7.503916e-09,9.281876e-09,5.011587e-09,113.61,101.88,10734.13,9626.42,56.21,49.57
4.77313,6,0.3821,0.021,0.019,5.334,5.911,0.9878,0.00961,270.32,52.88,0.56650748,0.7194644995999999,2.22,1.320035e-08,7.485315e-09,9.282949e-09,5.011568e-09,113.70,101.86,10743.31,9623.92,56.26,49.55
4.77337,6,0.3822,0.021,0.019,5.334,5.911,0.9878,0.00961,270.32,52.88,0.56650652,0.7194632804000001,2.22,1.315496e-08,7.46666e-09,9.278207e-09,5.011482e-09,113.98,101.99,10769.72,9636.78,56.42,49.63
4.77363,6,0.3822,0.021,0.019,5.334,5.911,0.9878,0.00961,270.32,52.88,0.56650548,0.7194619596,2.22,1.311807e-08,7.443011e-09,9.281166e-09,5.011019e-09,113.89,101.90,10760.65,9628.17,56.37,49.58
4.77388,6,0.3822,0.021,0.019,5.334,5.911,0.9878,0.00961,270.32,52.88,0.56650448,0.7194606896,2.22,1.307969e-08,7.425992e-09,9.276552e-09,5.009207e-09,114.06,101.93,10776.61,9631.01,56.46,49.59
4.77412,6,0.3823,0.021,0.019,5.334,5.911,0.9878,0.00961,270.32,52.88,0.5665035199999999,0.7194594703999999,2.22,1.302356e-08,7.399798e-09,9.284086e-09,5.011714e-09,114.29,101.89,10798.59,9627.01,56.60,49.57
4.77438,6,0.3823,0.021,0.019,5.334,5.911,0.9878,0.00961,270.32,52.88,0.5665024799999999,0.7194581495999999,2.22,1.299412e-08,7.38701e-09,9.287637e-09,5.014293e-09,114.43,101.92,10811.94,9629.77,56.68,49.59
4.77463,6,0.3823,0.021,0.019,5.334,5.911,0.9878,0.00961,270.32,52.88,0.56650148,0.7194568796,2.22,1.29704e-08,7.370029e-09,9.29239e-09,5.023345e-09,114.30,102.21,10800.07,9656.87,56.60,49.75
4.77487,6,0.3824,0.021,0.019,5.334,5.911,0.9878,0.00961,270.32,52.88,0.56650052,0.7194556604,2.22,1.291646e-08,7.352193e-09,9.294292e-09,5.01918e-09,114.80,102.00,10846.67,9637.69,56.88,49.63
4.77513,6,0.3824,0.021,0.019,5.334,5.911,0.9878,0.00961,270.32,52.88,0.5664994799999999,0.7194543395999999,2.22,1.288734e-08,7.334862e-09,9.296237e-09,5.027302e-09,114.77,102.32,10844.08,9667.25,56.87,49.81
4.77538,6,0.3824,0.021,0.019,5.334,5.911,0.9878,0.00961,270.32,52.88,0.5664984799999999,0.7194530695999999,2.22,1.286237e-08,7.32078e-09,9.305231e-09,5.030794e-09,114.78,102.25,10844.53,9661.51,56.87,49.78
4.77562,6,0.3825,0.021,0.019,5.333,5.911,0.9878,0.00961,270.32,52.88,0.56649752,0.7194518503999999,2.22,1.284245e-08,7.310532e-09,9.316812e-09,5.037434e-09,114.84,102.30,10851.12,9665.62,56.91,49.80
4.77588,6,0.3825,0.021,0.019,5.333,5.911,0.9878,0.00961,270.32,52.88,0.56649648,0.7194505296,2.22,1.281715e-08,7.296999e-09,9.324491e-09,5.045578e-09,114.88,102.47,10854.12,9682.30,56.93,49.90
4.77613,6,0.3825,0.021,0.019,5.333,5.911,0.9878,0.00961,270.32,52.88,0.5664954799999999,0.7194492596,2.22,1.279212e-08,7.292153e-09,9.349984e-09,5.05268e-09,115.22,102.18,10886.71,9654.44,57.12,49.73
4.77637,6,0.3826,0.021,0.019,5.333,5.911,0.9878,0.00961,270.32,52.88,0.56649452,0.7194480404,2.22,1.277729e-08,7.28527e-09,9.360321e-09,5.059295e-09,115.31,102.25,10895.02,9661.23,57.17,49.77
4.77663,6,0.3826,0.021,0.019,5.333,5.911,0.9878,0.00961,270.32,52.88,0.56649348,0.7194467196,2.22,1.27601e-08,7.281574e-09,9.372117e-09,5.071062e-09,115.53,102.49,10916.32,9683.64,57.30,49.91
4.77688,6,0.3826,0.021,0.019,5.333,5.911,0.9878,0.00961,270.32,52.88,0.56649248,0.7194454496,2.22,1.275376e-08,7.277939e-09,9.402273e-09,5.081623e-09,115.53,102.24,10916.26,9659.80,57.30,49.77
4.77712,6,0.3827,0.021,0.019,5.333,5.911,0.9878,0.00961,270.32,52.88,0.5664915199999999,0.7194442303999999,2.22,1.275265e-08,7.2803e-09,9.411766e-09,5.097795e-09,115.68,102.75,10929.58,9708.08,57.38,50.06
4.77738,6,0.3827,0.021,0.019,5.333,5.911,0.9878,0.00961,270.32,52.88,0.5664904799999999,0.7194429095999999,2.22,1.275589e-08,7.280398e-09,9.443214e-09,5.110887e-09,115.61,102.57,10923.46,9691.77,57.34,49.96
4.77762,6,0.3827,0.021,0.019,5.333,5.911,0.9878,0.00961,270.32,52.88,0.56648952,0.7194416904,2.22,1.27575e-08,7.293756e-09,9.462712e-09,5.123838e-09,116.07,102.68,10967.03,9701.67,57.60,50.02
4.77787,6,0.3828,0.021,0.019,5.333,5.911,0.9878,0.00961,270.32,52.88,0.5664885199999999,0.7194404203999999,2.22,1.277446e-08,7.299402e-09,9.486505e-09,5.135494e-09,115.95,102.65,10955.70,9699.15,57.54,50.00
4.77813,6,0.3828,0.021,0.019,5.333,5.911,0.9878,0.00961,270.32,52.88,0.5664874799999999,0.7194390996,2.22,1.276877e-08,7.31623e-09,9.516246e-09,5.148344e-09,116.70,102.51,11026.31,9685.82,57.96,49.92
4.77837,6,0.3828,0.021,0.019,5.333,5.911,0.9878,0.00961,270.32,52.88,0.56648652,0.7194378804,2.22,1.279614e-08,7.322721e-09,9.552616e-09,5.169901e-09,116.36,102.59,10993.99,9693.50,57.76,49.97
4.77862,6,0.3829,0.021,0.019,5.333,5.911,0.9878,0.00961,270.32,52.88,0.56648552,0.7194366104,2.22,1.282116e-08,7.338656e-09,9.577455e-09,5.186368e-09,116.45,102.75,11002.53,9708.37,57.82,50.06
4.77888,6,0.3829,0.021,0.019,5.333,5.911,0.9878,0.00961,270.32,52.88,0.56648448,0.7194352895999999,2.22,1.284162e-08,7.358925e-09,9.616423e-09,5.206081e-09,116.76,102.69,11032.54,9702.73,58.00,50.02
4.77912,6,0.3829,0.021,0.019,5.333,5.911,0.9878,0.00961,270.32,52.88,0.5664835199999999,0.7194340703999998,2.22,1.286481e-08,7.377183e-09,9.647547e-09,5.226553e-09,116.95,102.85,11049.97,9717.41,58.10,50.11
4.77937,6,0.3830,0.021,0.019,5.333,5.911,0.9878,0.00961,270.32,52.88,0.56648252,0.7194328004,2.22,1.290327e-08,7.396478e-09,9.683824e-09,5.247798e-09,116.88,102.94,11043.20,9726.39,58.06,50.16
4.77963,6,0.3830,0.021,0.019,5.333,5.911,0.9878,0.00961,270.32,52.88,0.56648148,0.7194314796,2.22,1.293835e-08,7.423557e-09,9.721355e-09,5.266807e-09,117.14,102.88,11067.55,9721.03,58.21,50.13
4.77987,6,0.3830,0.021,0.019,5.333,5.911,0.9878,0.00961,270.32,52.88,0.5664805199999999,0.7194302603999999,2.22,1.297911e-08,7.447745e-09,9.75145e-09,5.287395e-09,117.17,103.07,11070.34,9738.25,58.22,50.24
4.78012,6,0.3831,0.021,0.019,5.333,5.911,0.9878,0.00961,270.32,52.88,0.5664795199999999,0.7194289903999999,2.22,1.301716e-08,7.47608e-09,9.792229e-09,5.309474e-09,117.44,103.09,11095.87,9740.66,58.37,50.25
4.78038,6,0.3831,0.021,0.019,5.333,5.911,0.9878,0.00961,270.32,52.88,0.56647848,0.7194276696,2.22,1.306748e-08,7.504706e-09,9.834136e-09,5.328866e-09,117.43,102.95,11094.92,9727.38,58.37,50.17
4.78062,6,0.3831,0.021,0.019,5.333,5.911,0.9878,0.00961,270.32,52.88,0.56647752,0.7194264504,2.22,1.310117e-08,7.531657e-09,9.869023e-09,5.348298e-09,117.70,102.97,11121.29,9729.47,58.53,50.18
4.78087,6,0.3832,0.021,0.019,5.332,5.911,0.9878,0.00961,270.32,52.88,0.5664765199999999,0.7194251803999999,2.22,1.314734e-08,7.56614e-09,9.912022e-09,5.371752e-09,118.03,103.01,11151.72,9732.61,58.71,50.20
4.78113,6,0.3832,0.021,0.019,5.332,5.911,0.9878,0.00961,270.32,52.88,0.5664754799999999,0.7194238595999999,2.22,1.31991e-08,7.592588e-09,9.94592e-09,5.392325e-09,117.90,103.10,11140.18,9741.30,58.64,50.25
4.78137,6,0.3832,0.021,0.019,5.332,5.911,0.9878,0.00961,270.32,52.88,0.56647452,0.7194226404,2.22,1.325329e-08,7.618916e-09,9.977632e-09,5.415337e-09,117.73,103.34,11123.53,9764.21,58.54,50.39
4.78163,6,0.3833,0.021,0.019,5.332,5.911,0.9878,0.00961,270.32,52.88,0.56647348,0.7194213196,2.22,1.329901e-08,7.652128e-09,1.00187e-08,5.430931e-09,118.01,103.09,11150.18,9740.50,58.70,50.25
4.78188,6,0.3833,0.021,0.019,5.332,5.911,0.9878,0.00961,270.32,52.88,0.56647248,0.7194200496,2.22,1.333671e-08,7.680553e-09,1.005213e-08,5.454134e-09,118.25,103.30,11173.25,9760.36,58.84,50.37
4.78212,6,0.3833,0.021,0.019,5.332,5.911,0.9878,0.00961,270.32,52.88,0.56647152,0.7194188304,2.22,1.338761e-08,7.709331e-09,1.009187e-08,5.474229e-09,118.23,103.24,11171.42,9754.64,58.83,50.33
4.78238,6,0.3834,0.021,0.019,5.332,5.911,0.9878,0.00961,270.32,52.88,0.56647048,0.7194175096000001,2.22,1.343653e-08,7.741037e-09,1.012003e-08,5.489349e-09,118.39,103.26,11186.38,9756.58,58.92,50.34
4.78263,6,0.3834,0.021,0.019,5.332,5.911,0.9878,0.00961,270.32,52.88,0.56646948,0.7194162396,2.22,1.348091e-08,7.766749e-09,1.015314e-08,5.509723e-09,118.40,103.36,11186.87,9765.94,58.92,50.40
4.78287,6,0.3834,0.021,0.019,5.332,5.911,0.9878,0.00961,270.32,52.88,0.5664685199999999,0.7194150203999999,2.22,1.352551e-08,7.797786e-09,1.01773e-08,5.524368e-09,118.59,103.42,11204.98,9771.87,59.03,50.44
4.78313,6,0.3835,0.021,0.019,5.332,5.911,0.9878,0.00961,270.32,52.88,0.5664674799999999,0.7194136995999999,2.22,1.356843e-08,7.811671e-09,1.020721e-08,5.536667e-09,118.23,103.29,11171.23,9759.24,58.83,50.36
4.78338,6,0.3835,0.021,0.019,5.332,5.911,0.9878,0.00961,270.32,52.88,0.56646648,0.7194124296,2.22,1.361679e-08,7.84077e-09,1.022777e-08,5.55397e-09,118.28,103.54,11175.45,9782.92,58.85,50.50
4.78362,6,0.3835,0.021,0.019,5.332,5.911,0.9878,0.00961,270.32,52.88,0.56646552,0.7194112103999999,2.22,1.364443e-08,7.86446e-09,1.025565e-08,5.567101e-09,118.55,103.46,11201.56,9775.20,59.01,50.46
4.78388,6,0.3836,0.021,0.019,5.332,5.911,0.9878,0.00961,270.32,52.88,0.5664644799999999,0.7194098896,2.22,1.366912e-08,7.881611e-09,1.027136e-08,5.579725e-09,118.69,103.65,11214.29,9793.48,59.08,50.56
4.78413,6,0.3836,0.021,0.019,5.332,5.911,0.9878,0.00961,270.32,52.88,0.5664634799999999,0.7194086195999999,2.22,1.369847e-08,7.898512e-09,1.029544e-08,5.585351e-09,118.69,103.35,11214.21,9764.94,59.08,50.39
4.78437,6,0.3836,0.021,0.019,5.332,5.911,0.9878,0.00961,270.32,52.88,0.56646252,0.7194074004,2.22,1.372311e-08,7.914925e-09,1.030977e-08,5.594277e-09,118.77,103.40,11221.60,9769.34,59.13,50.42
4.78463,6,0.3837,0.021,0.019,5.332,5.911,0.9878,0.00961,270.32,52.88,0.56646148,0.7194060795999999,2.22,1.374112e-08,7.925689e-09,1.032193e-08,5.608878e-09,118.81,103.75,11225.78,9802.46,59.15,50.62
4.78488,6,0.3837,0.021,0.019,5.332,5.911,0.9878,0.00961,270.32,52.88,0.5664604799999999,0.7194048096,2.22,1.376066e-08,7.933435e-09,1.033687e-08,5.613035e-09,118.69,103.59,11214.01,9787.34,59.08,50.53
4.78512,6,0.3837,0.021,0.019,5.332,5.911,0.9878,0.00961,270.32,52.88,0.56645952,0.7194035904,2.22,1.377471e-08,7.941919e-09,1.034285e-08,5.617148e-09,118.70,103.62,11215.29,9790.64,59.09,50.55
4.78538,6,0.3838,0.021,0.019,5.331,5.911,0.9878,0.00961,270.32,52.88,0.56645848,0.7194022696,2.22,1.378143e-08,7.947246e-09,1.035074e-08,5.623682e-09,118.78,103.74,11223.06,9801.77,59.13,50.61
4.78562,6,0.3838,0.021,0.019,5.331,5.911,0.9878,0.00961,270.32,52.88,0.5664575199999999,0.7194010503999999,2.22,1.378143e-08,7.945955e-09,1.036212e-08,5.630405e-09,118.74,103.76,11218.75,9803.83,59.11,50.63
4.78587,6,0.3838,0.021,0.019,5.331,5.911,0.9878,0.00961,270.32,52.88,0.5664565199999999,0.7193997803999999,2.22,1.379224e-08,7.940477e-09,1.036527e-08,5.629008e-09,118.32,103.64,11179.81,9791.99,58.88,50.55
4.78613,6,0.3839,0.021,0.019,5.331,5.911,0.9878,0.00961,270.32,52.88,0.56645548,0.7193984596,2.22,1.377445e-08,7.939177e-09,1.03675e-08,5.633328e-09,118.67,103.79,11212.49,9806.38,59.07,50.64
4.78637,6,0.3839,0.021,0.019,5.331,5.911,0.9878,0.00961,270.32,52.88,0.56645452,0.7193972404,2.22,1.376392e-08,7.932774e-09,1.036857e-08,5.633868e-09,118.66,103.79,11211.38,9806.22,59.06,50.64
4.78662,6,0.3839,0.021,0.019,5.331,5.911,0.9878,0.00961,270.32,52.88,0.5664535199999999,0.7193959703999999,2.22,1.374771e-08,7.925376e-09,1.036979e-08,5.636509e-09,118.73,103.87,11217.87,9813.77,59.10,50.69
4.78688,6,0.3840,0.021,0.019,5.331,5.911,0.9878,0.00961,270.32,52.88,0.5664524799999999,0.7193946495999999,2.22,1.373896e-08,7.910918e-09,1.036487e-08,5.63793e-09,118.42,104.06,11189.36,9831.97,58.93,50.79
4.78712,6,0.3840,0.021,0.019,5.331,5.911,0.9878,0.00961,270.32,52.88,0.56645152,0.7193934304,2.22,1.371554e-08,7.904434e-09,1.036982e-08,5.642921e-09,118.67,104.15,11212.77,9840.76,59.07,50.85
4.78737,6,0.3840,0.021,0.019,5.331,5.911,0.9878,0.00961,270.32,52.88,0.56645052,0.7193921604,2.22,1.369192e-08,7.890722e-09,1.036416e-08,5.637574e-09,118.67,104.06,11212.44,9832.08,59.07,50.79
4.78763,6,0.3841,0.021,0.019,5.331,5.911,0.9878,0.00961,270.32,52.88,0.56644948,0.7193908395999999,2.22,1.367302e-08,7.873066e-09,1.036802e-08,5.635608e-09,118.46,103.92,11192.66,9819.11,58.95,50.72
4.78787,6,0.3841,0.021,0.019,5.331,5.911,0.9878,0.00961,270.32,52.88,0.56644852,0.7193896204,2.22,1.365309e-08,7.859046e-09,1.036782e-08,5.635671e-09,118.37,103.93,11184.13,9819.77,58.90,50.72
4.78812,6,0.3841,0.021,0.019,5.331,5.911,0.9878,0.00961,270.32,52.88,0.56644752,0.7193883504,2.22,1.362773e-08,7.847571e-09,1.036691e-08,5.637715e-09,118.48,104.03,11194.62,9829.47,58.96,50.78
4.78838,6,0.3842,0.021,0.019,5.331,5.911,0.9878,0.00961,270.32,52.88,0.56644648,0.7193870296,2.22,1.359107e-08,7.828768e-09,1.036135e-08,5.637661e-09,118.59,104.18,11205.32,9843.39,59.03,50.86
4.78862,6,0.3842,0.021,0.019,5.331,5.911,0.9878,0.00961,270.32,52.88,0.5664455199999999,0.7193858103999999,2.22,1.357044e-08,7.813788e-09,1.036484e-08,5.633418e-09,118.48,103.93,11194.86,9819.91,58.96,50.72
4.78887,6,0.3842,0.021,0.019,5.331,5.911,0.9878,0.00961,270.32,52.88,0.56644452,0.7193845404,2.22,1.353926e-08,7.793381e-09,1.036374e-08,5.64001e-09,118.40,104.22,11186.56,9847.41,58.91,50.89
4.78913,6,0.3843,0.021,0.019,5.331,5.911,0.9878,0.00961,270.32,52.88,0.56644348,0.7193832196,2.22,1.351658e-08,7.778677e-09,1.037583e-08,5.640718e-09,118.37,104.01,11183.88,9827.53,58.90,50.77
4.78937,6,0.3843,0.021,0.019,5.331,5.911,0.9878,0.00961,270.32,52.88,0.56644252,0.7193820004,2.22,1.348738e-08,7.763044e-09,1.036916e-08,5.645059e-09,118.41,104.33,11187.86,9858.01,58.92,50.95
4.78963,6,0.3843,0.021,0.019,5.331,5.911,0.9878,0.00961,270.32,52.88,0.5664414799999999,0.7193806796,2.22,1.346196e-08,7.743768e-09,1.038657e-08,5.649417e-09,118.24,104.13,11172.07,9838.44,58.83,50.83
4.78988,6,0.3844,0.021,0.019,5.331,5.911,0.9878,0.00961,270.32,52.88,0.5664404799999999,0.7193794095999999,2.22,1.343186e-08,7.731184e-09,1.038497e-08,5.64654e-09,118.44,104.07,11191.10,9833.34,58.94,50.80
4.79012,6,0.3844,0.021,0.019,5.331,5.911,0.9878,0.00961,270.32,52.88,0.56643952,0.7193781904,2.22,1.341181e-08,7.713651e-09,1.039334e-08,5.651308e-09,118.23,104.08,11170.65,9834.17,58.82,50.81
4.79038,6,0.3844,0.021,0.019,5.331,5.911,0.9878,0.00961,270.32,52.88,0.56643848,0.7193768695999999,2.22,1.33995e-08,7.700812e-09,1.040479e-08,5.659055e-09,118.02,104.14,11151.02,9839.96,58.70,50.84
4.79063,6,0.3845,0.021,0.019,5.330,5.911,0.9878,0.00962,270.32,52.88,0.5664374799999999,0.7193755996,2.22,1.338105e-08,7.68282e-09,1.042048e-08,5.664278e-09,117.78,104.04,11128.76,9829.93,58.57,50.78
4.79087,6,0.3845,0.021,0.019,5.330,5.911,0.9878,0.00962,270.32,52.88,0.56643652,0.7193743804,2.22,1.336458e-08,7.681153e-09,1.043817e-08,5.673148e-09,118.06,104.01,11155.32,9827.10,58.73,50.76
4.79113,6,0.3845,0.021,0.019,5.330,5.911,0.9878,0.00962,270.32,52.88,0.56643548,0.7193730596,2.22,1.336054e-08,7.67296e-09,1.046123e-08,5.685662e-09,117.85,104.01,11135.29,9827.02,58.61,50.76
4.79138,6,0.3846,0.021,0.019,5.330,5.911,0.9878,0.00962,270.32,52.88,0.56643448,0.7193717895999999,2.22,1.335025e-08,7.659143e-09,1.046979e-08,5.693023e-09,117.60,104.14,11111.24,9839.84,58.46,50.84
4.79162,6,0.3846,0.021,0.019,5.330,5.911,0.9878,0.00962,270.32,52.88,0.5664335199999999,0.7193705703999999,2.22,1.334717e-08,7.662414e-09,1.04916e-08,5.704099e-09,117.78,104.11,11128.40,9836.87,58.56,50.82
4.79188,6,0.3846,0.021,0.019,5.330,5.911,0.9878,0.00962,270.32,52.88,0.56643248,0.7193692496,2.22,1.334159e-08,7.659997e-09,1.05177e-08,5.719437e-09,117.81,104.16,11131.08,9841.20,58.58,50.85
4.79213,6,0.3847,0.021,0.019,5.330,5.911,0.9878,0.00962,270.32,52.88,0.56643148,0.7193679796,2.22,1.335108e-08,7.657807e-09,1.055343e-08,5.727115e-09,117.56,103.72,11107.96,9799.68,58.44,50.60
4.79237,6,0.3847,0.021,0.019,5.330,5.911,0.9878,0.00962,270.32,52.88,0.5664305199999999,0.7193667603999999,2.22,1.335892e-08,7.660474e-09,1.057377e-08,5.742284e-09,117.50,103.88,11101.74,9815.12,58.40,50.69
4.79263,6,0.3847,0.021,0.019,5.330,5.911,0.9878,0.00962,270.32,52.88,0.5664294799999999,0.7193654395999999,2.22,1.336487e-08,7.668755e-09,1.060995e-08,5.761753e-09,117.67,103.87,11118.29,9814.46,58.50,50.69
4.79288,6,0.3848,0.021,0.019,5.330,5.911,0.9878,0.00962,270.32,52.88,0.56642848,0.7193641696,2.22,1.3375e-08,7.674652e-09,1.063579e-08,5.78405e-09,117.71,104.23,11121.47,9847.80,58.52,50.89
4.79312,6,0.3848,0.021,0.019,5.330,5.911,0.9878,0.00962,270.32,52.88,0.56642752,0.7193629504,2.22,1.339704e-08,7.692128e-09,1.067321e-08,5.801233e-09,117.88,104.10,11137.87,9836.03,58.62,50.82
4.79338,6,0.3848,0.021,0.019,5.330,5.911,0.9878,0.00962,270.32,52.88,0.56642648,0.7193616295999999,2.22,1.341969e-08,7.702277e-09,1.070495e-08,5.82121e-09,117.78,104.21,11128.18,9846.13,58.56,50.88
4.79362,6,0.3849,0.021,0.019,5.330,5.911,0.9878,0.00962,270.32,52.88,0.5664255199999999,0.7193604103999999,2.22,1.344429e-08,7.716836e-09,1.074981e-08,5.838515e-09,117.82,103.96,11132.56,9822.54,58.59,50.73
4.79387,6,0.3849,0.021,0.019,5.330,5.911,0.9878,0.00962,270.32,52.88,0.56642452,0.7193591404,2.22,1.347836e-08,7.733752e-09,1.078608e-08,5.859017e-09,117.73,103.99,11123.65,9825.49,58.53,50.75
4.79413,6,0.3849,0.021,0.019,5.330,5.911,0.9878,0.00962,270.32,52.88,0.56642348,0.7193578196,2.22,1.35012e-08,7.749512e-09,1.082902e-08,5.881355e-09,117.82,103.95,11132.60,9821.88,58.59,50.73
4.79437,6,0.3850,0.021,0.019,5.330,5.911,0.9878,0.00962,270.32,52.88,0.5664225199999999,0.7193566003999999,2.22,1.355395e-08,7.771893e-09,1.087458e-08,5.903939e-09,117.57,103.90,11109.00,9816.57,58.45,50.70
4.79462,6,0.3850,0.021,0.019,5.330,5.911,0.9878,0.00962,270.32,52.88,0.56642152,0.7193553304,2.22,1.35893e-08,7.787532e-09,1.091569e-08,5.930338e-09,117.41,104.05,11093.53,9831.37,58.35,50.79
4.79488,6,0.3850,0.021,0.019,5.330,5.911,0.9878,0.00962,270.32,52.88,0.56642048,0.7193540096000001,2.22,1.362301e-08,7.816765e-09,1.095928e-08,5.954624e-09,117.76,104.08,11126.59,9833.55,58.55,50.80
4.79512,6,0.3851,0.021,0.019,5.330,5.911,0.9878,0.00962,270.32,52.88,0.56641952,0.7193527904,2.22,1.367259e-08,7.842012e-09,1.099813e-08,5.975097e-09,117.68,104.08,11118.83,9833.82,58.51,50.80
4.79537,6,0.3851,0.021,0.019,5.330,5.911,0.9878,0.00962,270.32,52.88,0.5664185199999999,0.7193515203999999,2.22,1.371722e-08,7.872706e-09,1.104876e-08,6.000866e-09,117.86,104.01,11135.73,9827.59,58.61,50.76
4.79563,6,0.3851,0.021,0.019,5.330,5.911,0.9878,0.00962,270.32,52.88,0.5664174799999999,0.7193501995999999,2.22,1.375746e-08,7.898471e-09,1.108834e-08,6.024809e-09,117.95,104.10,11144.58,9836.33,58.66,50.82
4.79587,6,0.3852,0.021,0.019,5.329,5.911,0.9878,0.00962,270.32,52.88,0.56641652,0.7193489804,2.22,1.381495e-08,7.928483e-09,1.113988e-08,6.046041e-09,117.88,103.88,11137.59,9814.81,58.62,50.69
4.79612,6,0.3852,0.021,0.019,5.329,5.911,0.9878,0.00962,270.32,52.88,0.56641552,0.7193477103999999,2.22,1.385821e-08,7.962304e-09,1.118216e-08,6.068055e-09,118.19,103.84,11167.20,9811.51,58.79,50.67
4.79638,6,0.3852,0.021,0.019,5.329,5.911,0.9878,0.00962,270.32,52.88,0.5664144799999999,0.7193463896,2.22,1.391631e-08,7.997132e-09,1.122175e-08,6.092209e-09,118.24,103.94,11171.95,9820.92,58.82,50.72
4.79662,6,0.3853,0.021,0.019,5.329,5.911,0.9878,0.00962,270.32,52.88,0.56641352,0.7193451704,2.22,1.396785e-08,8.026609e-09,1.12602e-08,6.116895e-09,118.27,104.11,11174.38,9836.88,58.84,50.82
4.79688,6,0.3853,0.021,0.019,5.329,5.911,0.9878,0.00962,270.32,52.88,0.56641248,0.7193438496,2.22,1.401936e-08,8.057443e-09,1.130511e-08,6.134543e-09,118.31,103.86,11178.41,9813.25,58.86,50.68
4.79713,6,0.3853,0.021,0.019,5.329,5.911,0.9878,0.00962,270.32,52.88,0.56641148,0.7193425795999999,2.22,1.408126e-08,8.087342e-09,1.134722e-08,6.163176e-09,118.11,104.07,11159.99,9833.42,58.75,50.80
4.79737,6,0.3854,0.021,0.019,5.329,5.911,0.9878,0.00962,270.32,52.88,0.5664105199999999,0.7193413603999999,2.22,1.412446e-08,8.121983e-09,1.138833e-08,6.176491e-09,118.48,103.77,11194.71,9804.65,58.96,50.63
4.79763,6,0.3854,0.021,0.019,5.329,5.911,0.9878,0.00962,270.32,52.88,0.5664094799999999,0.7193400395999999,2.22,1.417131e-08,8.153068e-09,1.141059e-08,6.191265e-09,118.62,103.87,11208.12,9814.01,59.04,50.68
4.79788,6,0.3854,0.021,0.019,5.329,5.911,0.9878,0.00962,270.32,52.88,0.56640848,0.7193387696,2.22,1.422799e-08,8.18148e-09,1.14419e-08,6.21733e-09,118.48,104.20,11194.60,9845.43,58.96,50.87
4.79812,6,0.3855,0.021,0.019,5.329,5.911,0.9878,0.00962,270.32,52.88,0.5664075199999999,0.7193375503999999,2.22,1.42775e-08,8.210812e-09,1.147963e-08,6.228294e-09,118.54,103.88,11200.27,9815.07,58.99,50.69
4.79838,6,0.3855,0.021,0.019,5.329,5.911,0.9878,0.00962,270.32,52.88,0.5664064799999999,0.7193362295999999,2.22,1.433007e-08,8.248488e-09,1.150889e-08,6.245409e-09,118.79,103.92,11224.11,9819.33,59.13,50.71
4.79863,6,0.3855,0.021,0.019,5.329,5.911,0.9878,0.00962,270.32,52.88,0.5664054799999999,0.7193349595999999,2.22,1.437152e-08,8.276748e-09,1.153143e-08,6.257336e-09,118.94,103.91,11238.19,9818.29,59.22,50.71
4.79887,6,0.3856,0.021,0.019,5.329,5.911,0.9878,0.00962,270.32,52.88,0.56640452,0.7193337404,2.22,1.441282e-08,8.299699e-09,1.15499e-08,6.272943e-09,118.94,104.14,11238.44,9839.99,59.22,50.84
4.79913,6,0.3856,0.021,0.019,5.329,5.911,0.9878,0.00962,270.32,52.88,0.56640348,0.7193324195999999,2.22,1.445831e-08,8.326011e-09,1.157573e-08,6.281168e-09,118.95,103.93,11238.81,9820.13,59.22,50.72
4.79938,6,0.3856,0.021,0.019,5.329,5.911,0.9878,0.00962,270.32,52.88,0.5664024799999999,0.7193311495999999,2.22,1.449155e-08,8.349246e-09,1.159882e-08,6.290447e-09,119.09,103.82,11251.82,9809.05,59.30,50.65
4.79962,6,0.3857,0.021,0.019,5.329,5.911,0.9878,0.00962,270.32,52.88,0.56640152,0.7193299304,2.22,1.452485e-08,8.375102e-09,1.161375e-08,6.303369e-09,119.34,104.02,11275.92,9828.03,59.44,50.77
4.79988,6,0.3857,0.021,0.019,5.329,5.911,0.9878,0.00962,270.32,52.88,0.56640048,0.7193286096,2.22,1.456292e-08,8.394523e-09,1.161876e-08,6.305092e-09,119.26,103.98,11267.90,9824.63,59.40,50.74
4.80013,6,0.3857,0.021,0.019,5.329,5.912,0.9878,0.00962,270.33,52.88,0.56639948,0.7193273396,2.22,1.459644e-08,8.413015e-09,1.163284e-08,6.312221e-09,119.23,103.96,11265.28,9822.89,59.38,50.73
4.80037,6,0.3858,0.021,0.019,5.329,5.912,0.9878,0.00962,270.33,52.88,0.5663985199999999,0.7193261203999999,2.22,1.460903e-08,8.430657e-09,1.164221e-08,6.314781e-09,119.61,103.90,11301.06,9816.86,59.59,50.70
4.80063,6,0.3858,0.021,0.019,5.329,5.912,0.9878,0.00962,270.33,52.88,0.56639748,0.7193247996000001,2.22,1.465919e-08,8.45194e-09,1.165054e-08,6.319116e-09,119.35,103.89,11276.88,9816.24,59.45,50.69
4.80087,6,0.3858,0.021,0.019,5.329,5.912,0.9878,0.00962,270.33,52.88,0.56639652,0.7193235804,2.22,1.468264e-08,8.45988e-09,1.165561e-08,6.321011e-09,119.17,103.86,11259.34,9813.34,59.34,50.68
4.80112,6,0.3859,0.021,0.019,5.328,5.912,0.9878,0.00962,270.33,52.88,0.5663955199999999,0.7193223103999999,2.22,1.470217e-08,8.472618e-09,1.165652e-08,6.328237e-09,119.25,104.13,11266.92,9838.75,59.39,50.83
4.80138,6,0.3859,0.021,0.019,5.328,5.912,0.9878,0.00962,270.33,52.88,0.5663944799999999,0.7193209895999999,2.22,1.471072e-08,8.489422e-09,1.165839e-08,6.327038e-09,119.64,104.05,11304.24,9831.22,59.61,50.78
4.80162,6,0.3859,0.021,0.019,5.328,5.912,0.9878,0.00962,270.33,52.88,0.56639352,0.7193197704,2.22,1.472948e-08,8.497219e-09,1.167147e-08,6.326331e-09,119.54,103.77,11294.72,9804.77,59.56,50.62
4.80187,6,0.3860,0.021,0.019,5.328,5.912,0.9878,0.00962,270.33,52.88,0.56639252,0.7193185004,2.22,1.475235e-08,8.51533e-09,1.166494e-08,6.328263e-09,119.73,103.99,11313.09,9825.86,59.67,50.75
4.80213,6,0.3860,0.021,0.019,5.328,5.912,0.9878,0.00962,270.33,52.88,0.56639148,0.7193171796,2.22,1.474137e-08,8.522932e-09,1.166791e-08,6.327198e-09,120.20,103.90,11357.03,9816.78,59.93,50.70
4.80237,6,0.3860,0.021,0.019,5.328,5.912,0.9878,0.00962,270.33,52.88,0.56639052,0.7193159604,2.22,1.476922e-08,8.530956e-09,1.166689e-08,6.326797e-09,119.93,103.90,11331.59,9817.30,59.78,50.70
4.80262,6,0.3861,0.021,0.019,5.328,5.912,0.9878,0.00962,270.33,52.88,0.56638952,0.7193146904,2.22,1.477705e-08,8.533823e-09,1.1664e-08,6.322255e-09,119.91,103.82,11329.32,9809.76,59.76,50.65
4.80288,6,0.3861,0.021,0.019,5.328,5.912,0.9878,0.00962,270.33,52.88,0.56638848,0.7193133696,2.22,1.480431e-08,8.543954e-09,1.167058e-08,6.324995e-09,119.72,103.79,11311.74,9806.96,59.66,50.64
4.80312,6,0.3861,0.021,0.019,5.328,5.912,0.9878,0.00962,270.33,52.88,0.5663875199999999,0.7193121504,2.22,1.480733e-08,8.558998e-09,1.166637e-08,6.323661e-09,120.16,103.83,11353.46,9810.17,59.91,50.66
4.80337,6,0.3862,0.021,0.019,5.328,5.912,0.9878,0.00962,270.33,52.88,0.56638652,0.7193108804,2.22,1.480867e-08,8.55394e-09,1.167141e-08,6.326093e-09,120.00,103.84,11338.08,9811.69,59.81,50.66
4.80363,6,0.3862,0.021,0.019,5.328,5.912,0.9878,0.00962,270.33,52.88,0.56638548,0.7193095596,2.22,1.482585e-08,8.565489e-09,1.167179e-08,6.32394e-09,120.05,103.76,11343.18,9803.71,59.85,50.62
4.80387,6,0.3862,0.021,0.019,5.328,5.912,0.9878,0.00962,270.33,52.88,0.56638452,0.7193083403999999,2.22,1.483343e-08,8.568778e-09,1.167881e-08,6.327946e-09,120.02,103.77,11339.76,9804.39,59.82,50.62
4.80412,6,0.3863,0.021,0.018,5.328,5.912,0.9878,0.00962,270.33,52.88,0.5663835199999999,0.7193070703999999,2.22,1.484668e-08,8.575388e-09,1.168058e-08,6.32887e-09,120.01,103.79,11339.56,9806.93,59.82,50.64
4.80438,6,0.3863,0.021,0.018,5.328,5.912,0.9878,0.00962,270.33,52.88,0.5663824799999999,0.7193057495999999,2.22,1.486008e-08,8.586599e-09,1.169123e-08,6.336774e-09,120.13,103.87,11350.42,9814.14,59.89,50.68
4.80462,6,0.3863,0.021,0.018,5.328,5.912,0.9878,0.00962,270.33,52.88,0.56638152,0.7193045304,2.22,1.487299e-08,8.604349e-09,1.169491e-08,6.339846e-09,120.47,103.91,11382.66,9817.78,60.08,50.70
4.80488,6,0.3864,0.021,0.018,5.328,5.912,0.9878,0.00962,270.33,52.88,0.56638048,0.7193032095999999,2.22,1.489473e-08,8.613751e-09,1.171332e-08,6.349904e-09,120.40,103.94,11375.66,9820.59,60.04,50.72
4.80513,6,0.3864,0.021,0.018,5.328,5.912,0.9878,0.00962,270.33,52.88,0.5663794799999999,0.7193019395999999,2.22,1.490673e-08,8.6214e-09,1.17087e-08,6.353681e-09,120.42,104.16,11377.88,9841.83,60.05,50.85
4.80537,6,0.3864,0.021,0.018,5.328,5.912,0.9878,0.00962,270.33,52.88,0.56637852,0.7193007204,2.22,1.492865e-08,8.632907e-09,1.172461e-08,6.359906e-09,120.38,104.08,11374.22,9833.69,60.03,50.80
4.80563,6,0.3865,0.021,0.018,5.328,5.912,0.9878,0.00962,270.33,52.88,0.56637748,0.7192993996,2.22,1.495959e-08,8.648049e-09,1.175905e-08,6.371171e-09,120.32,103.84,11368.59,9811.28,60.00,50.66
4.80588,6,0.3865,0.021,0.018,5.328,5.912,0.9878,0.00962,270.33,52.88,0.56637648,0.7192981296,2.22,1.498684e-08,8.664226e-09,1.177149e-08,6.380049e-09,120.34,103.92,11369.91,9818.46,60.01,50.71
4.80612,6,0.3865,0.021,0.018,5.328,5.912,0.9878,0.00962,270.33,52.88,0.5663755199999999,0.7192969103999999,2.22,1.501943e-08,8.679838e-09,1.179205e-08,6.394725e-09,120.23,104.04,11359.90,9830.31,59.95,50.78
4.80638,6,0.3866,0.021,0.018,5.327,5.912,0.9878,0.00962,270.33,52.88,0.56637448,0.7192955896000001,2.22,1.504779e-08,8.701013e-09,1.181742e-08,6.404642e-09,120.42,103.93,11377.66,9819.99,60.05,50.71
4.80663,6,0.3866,0.021,0.018,5.327,5.912,0.9878,0.00962,270.33,52.88,0.56637348,0.7192943196,2.22,1.508434e-08,8.720678e-09,1.183681e-08,6.419087e-09,120.37,104.07,11373.12,9833.15,60.02,50.79
4.80687,6,0.3866,0.021,0.018,5.327,5.912,0.9878,0.00962,270.33,52.88,0.5663725199999999,0.7192931003999999,2.22,1.512855e-08,8.751359e-09,1.187779e-08,6.437791e-09,120.54,103.95,11388.92,9821.42,60.12,50.72
4.80713,6,0.3867,0.021,0.018,5.327,5.912,0.9878,0.00962,270.33,52.88,0.5663714799999999,0.7192917795999999,2.22,1.51757e-08,8.771801e-09,1.189776e-08,6.45744e-09,120.35,104.28,11370.85,9853.37,60.01,50.91
4.80738,6,0.3867,0.021,0.018,5.327,5.912,0.9878,0.00962,270.33,52.88,0.56637048,0.7192905096000001,2.22,1.521233e-08,8.795653e-09,1.194249e-08,6.470391e-09,120.43,103.89,11379.07,9815.79,60.06,50.69
4.80762,6,0.3867,0.021,0.018,5.327,5.912,0.9878,0.00962,270.33,52.88,0.56636952,0.7192892904,2.22,1.526507e-08,8.831897e-09,1.198246e-08,6.491001e-09,120.62,103.85,11396.66,9812.34,60.16,50.67
4.80788,6,0.3868,0.021,0.018,5.327,5.912,0.9878,0.00962,270.33,52.88,0.56636848,0.7192879696,2.22,1.532289e-08,8.862505e-09,1.200844e-08,6.510027e-09,120.56,104.05,11390.93,9831.20,60.13,50.78
4.80813,6,0.3868,0.021,0.018,5.327,5.912,0.9878,0.00962,270.33,52.88,0.5663674799999999,0.7192866995999999,2.22,1.539648e-08,8.900821e-09,1.205986e-08,6.531554e-09,120.42,103.83,11378.05,9810.37,60.05,50.66
4.80837,6,0.3868,0.021,0.018,5.327,5.912,0.9878,0.00962,270.33,52.88,0.56636652,0.7192854804,2.22,1.545326e-08,8.936493e-09,1.210106e-08,6.558125e-09,120.51,103.98,11386.65,9824.28,60.10,50.74
4.80863,6,0.3869,0.021,0.018,5.327,5.912,0.9878,0.00962,270.33,52.88,0.56636548,0.7192841596,2.22,1.551401e-08,8.96882e-09,1.213916e-08,6.584282e-09,120.45,104.19,11381.15,9844.81,60.07,50.86
4.80887,6,0.3869,0.021,0.018,5.327,5.912,0.9878,0.00962,270.33,52.88,0.5663645199999999,0.7192829404,2.22,1.559403e-08,9.00294e-09,1.218877e-08,6.606469e-09,120.07,104.03,11344.89,9829.45,59.85,50.77
4.80912,6,0.3869,0.021,0.018,5.327,5.912,0.9878,0.00962,270.33,52.88,0.56636352,0.7192816704,2.22,1.565999e-08,9.048891e-09,1.224227e-08,6.631777e-09,120.32,103.91,11368.29,9817.53,59.99,50.70
4.80938,6,0.3870,0.021,0.018,5.327,5.912,0.9878,0.00962,270.33,52.88,0.56636248,0.7192803496,2.22,1.572975e-08,9.090752e-09,1.228561e-08,6.661637e-09,120.40,104.15,11375.82,9840.64,60.04,50.84
4.80962,6,0.3870,0.021,0.018,5.327,5.912,0.9878,0.00962,270.33,52.88,0.56636152,0.7192791303999999,2.22,1.581362e-08,9.134097e-09,1.233782e-08,6.684489e-09,120.24,103.96,11360.72,9823.12,59.95,50.73
4.80987,6,0.3870,0.021,0.018,5.327,5.912,0.9878,0.00962,270.33,52.88,0.5663605199999999,0.7192778603999999,2.22,1.590296e-08,9.174616e-09,1.23882e-08,6.708774e-09,119.90,103.86,11328.31,9813.51,59.75,50.67
4.81013,6,0.3871,0.021,0.018,5.327,5.912,0.9878,0.00962,270.33,52.88,0.5663594799999999,0.7192765395999999,2.22,1.597639e-08,9.224076e-09,1.245008e-08,6.732264e-09,120.14,103.55,11351.88,9784.28,59.90,50.50
4.81037,6,0.3871,0.021,0.018,5.327,5.912,0.9878,0.00962,270.33,52.88,0.56635852,0.7192753204,2.22,1.60504e-08,9.268952e-09,1.249157e-08,6.769205e-09,120.21,104.04,11358.11,9830.14,59.93,50.77
4.81062,6,0.3871,0.021,0.018,5.327,5.912,0.9878,0.00962,270.33,52.88,0.56635752,0.7192740503999999,2.22,1.614038e-08,9.316785e-09,1.25409e-08,6.789203e-09,120.08,103.81,11346.20,9808.90,59.86,50.65
4.81088,6,0.3872,0.021,0.018,5.327,5.912,0.9878,0.00962,270.33,52.88,0.5663564799999999,0.7192727295999999,2.22,1.622245e-08,9.365439e-09,1.259681e-08,6.824413e-09,120.15,104.01,11352.80,9826.96,59.90,50.75
4.81112,6,0.3872,0.021,0.018,5.327,5.912,0.9878,0.00962,270.33,52.88,0.56635552,0.7192715104,2.22,1.63213e-08,9.41488e-09,1.265663e-08,6.849372e-09,119.92,103.76,11331.09,9803.69,59.77,50.61
4.81137,6,0.3872,0.021,0.018,5.327,5.912,0.9878,0.00962,270.33,52.88,0.56635452,0.7192702404,2.22,1.640749e-08,9.468106e-09,1.270327e-08,6.87502e-09,120.03,103.77,11341.02,9804.96,59.83,50.62
4.81163,6,0.3873,0.021,0.018,5.326,5.912,0.9878,0.00962,270.33,52.88,0.56635348,0.7192689196,2.22,1.649294e-08,9.516279e-09,1.275366e-08,6.898343e-09,120.03,103.67,11340.74,9795.27,59.83,50.56
4.81187,6,0.3873,0.021,0.018,5.326,5.912,0.9878,0.00962,270.33,52.88,0.5663525199999999,0.7192677003999999,2.22,1.656929e-08,9.56152e-09,1.280008e-08,6.929053e-09,120.06,103.85,11344.08,9812.55,59.85,50.67
4.81212,6,0.3873,0.021,0.018,5.326,5.912,0.9878,0.00962,270.33,52.88,0.56635152,0.7192664304,2.22,1.665332e-08,9.610742e-09,1.285078e-08,6.951288e-09,120.08,103.68,11346.12,9796.54,59.86,50.57
4.81238,6,0.3874,0.021,0.018,5.326,5.912,0.9878,0.00962,270.33,52.88,0.56635048,0.7192651096,2.22,1.67431e-08,9.652442e-09,1.289002e-08,6.979941e-09,119.82,103.95,11321.00,9821.83,59.71,50.72
4.81262,6,0.3874,0.021,0.018,5.326,5.912,0.9878,0.00962,270.33,52.88,0.5663495199999999,0.7192638903999999,2.22,1.681632e-08,9.703897e-09,1.294793e-08,6.999038e-09,120.09,103.56,11346.52,9784.45,59.86,50.50
4.81288,6,0.3874,0.021,0.018,5.326,5.912,0.9878,0.00962,270.33,52.88,0.5663484799999999,0.7192625695999999,2.22,1.689354e-08,9.740355e-09,1.298752e-08,7.028695e-09,119.85,103.82,11324.25,9809.53,59.73,50.65
4.81313,6,0.3875,0.021,0.018,5.326,5.912,0.9878,0.00962,270.33,52.88,0.5663474799999999,0.7192612995999998,2.22,1.697304e-08,9.7859e-09,1.303221e-08,7.051502e-09,119.87,103.80,11326.37,9807.88,59.74,50.64
4.81337,6,0.3875,0.021,0.018,5.326,5.912,0.9878,0.00962,270.33,52.88,0.56634652,0.7192600804,2.22,1.706752e-08,9.83156e-09,1.306533e-08,7.065406e-09,119.62,103.68,11302.45,9795.75,59.60,50.57
4.81363,6,0.3875,0.021,0.018,5.326,5.912,0.9878,0.00962,270.33,52.88,0.56634548,0.7192587596,2.22,1.712182e-08,9.865935e-09,1.310715e-08,7.087262e-09,119.71,103.65,11310.82,9793.46,59.65,50.55
4.81388,6,0.3876,0.021,0.018,5.326,5.912,0.9878,0.00962,270.33,52.88,0.5663444799999999,0.7192574895999999,2.22,1.720359e-08,9.914522e-09,1.314659e-08,7.102991e-09,119.78,103.50,11317.70,9779.21,59.69,50.47
4.81412,6,0.3876,0.021,0.018,5.326,5.912,0.9878,0.00962,270.33,52.88,0.56634352,0.7192562704,2.22,1.725763e-08,9.947804e-09,1.317281e-08,7.121213e-09,119.84,103.63,11323.44,9791.34,59.72,50.54
4.81438,6,0.3876,0.021,0.018,5.326,5.912,0.9878,0.00962,270.33,52.88,0.56634248,0.7192549496,2.22,1.732309e-08,9.981894e-09,1.320648e-08,7.135897e-09,119.74,103.52,11313.69,9780.85,59.66,50.48
4.81463,6,0.3877,0.021,0.018,5.326,5.912,0.9878,0.00962,270.33,52.88,0.56634148,0.7192536796,2.22,1.737705e-08,1.00195e-08,1.32414e-08,7.152048e-09,119.96,103.46,11334.00,9775.29,59.79,50.44
4.81487,6,0.3877,0.021,0.018,5.326,5.912,0.9878,0.00962,270.33,52.88,0.56634052,0.7192524604,2.22,1.744085e-08,1.004058e-08,1.327311e-08,7.168503e-09,119.51,103.44,11292.28,9773.30,59.54,50.43
4.81513,6,0.3877,0.021,0.018,5.326,5.912,0.9878,0.00962,270.33,52.88,0.56633948,0.7192511396,2.22,1.74921e-08,1.006995e-08,1.329303e-08,7.178468e-09,119.51,103.41,11291.92,9770.95,59.53,50.42
4.81538,6,0.3878,0.021,0.018,5.326,5.912,0.9878,0.00962,270.33,52.88,0.56633848,0.7192498696,2.22,1.752911e-08,1.009901e-08,1.331106e-08,7.194703e-09,119.76,103.64,11315.31,9792.70,59.67,50.55
4.81562,6,0.3878,0.021,0.018,5.326,5.912,0.9878,0.00962,270.33,52.88,0.5663375199999999,0.7192486504,2.22,1.758472e-08,1.012478e-08,1.335725e-08,7.205567e-09,119.58,103.20,11298.81,9751.17,59.57,50.30
4.81588,6,0.3879,0.021,0.018,5.326,5.912,0.9878,0.00962,270.33,52.88,0.5663364799999999,0.7192473295999999,2.22,1.762443e-08,1.013999e-08,1.335721e-08,7.213714e-09,119.40,103.48,11281.65,9777.72,59.47,50.46
4.81613,6,0.3879,0.021,0.018,5.326,5.912,0.9878,0.00962,270.33,52.88,0.56633548,0.7192460596,2.22,1.766816e-08,1.016662e-08,1.338532e-08,7.225269e-09,119.44,103.37,11285.49,9767.06,59.49,50.39
4.81637,6,0.3879,0.021,0.018,5.326,5.912,0.9878,0.00962,270.33,52.88,0.56633452,0.7192448403999999,2.22,1.769723e-08,1.018547e-08,1.340355e-08,7.231882e-09,119.50,103.27,11291.03,9757.60,59.53,50.34
4.81663,6,0.3880,0.021,0.018,5.325,5.912,0.9878,0.00962,270.33,52.88,0.56633348,0.7192435196,2.22,1.77324e-08,1.020747e-08,1.342751e-08,7.236076e-09,119.58,103.03,11298.53,9734.60,59.57,50.20
4.81687,6,0.3880,0.021,0.018,5.325,5.912,0.9878,0.00962,270.33,52.88,0.56633252,0.7192423004,2.22,1.776527e-08,1.021047e-08,1.34448e-08,7.245526e-09,119.14,103.03,11257.16,9734.99,59.32,50.20
4.81712,6,0.3880,0.021,0.018,5.325,5.912,0.9878,0.00962,270.33,52.88,0.56633152,0.7192410304,2.22,1.779747e-08,1.023195e-08,1.346462e-08,7.256303e-09,119.22,103.04,11264.86,9735.26,59.37,50.20
4.81738,6,0.3881,0.021,0.018,5.325,5.912,0.9878,0.00962,270.33,52.88,0.56633048,0.7192397095999999,2.22,1.782685e-08,1.024597e-08,1.346865e-08,7.26068e-09,119.18,103.13,11260.34,9744.19,59.34,50.26
4.81762,6,0.3881,0.021,0.018,5.325,5.912,0.9878,0.00962,270.33,52.88,0.5663295199999999,0.7192384903999999,2.22,1.783972e-08,1.025895e-08,1.349615e-08,7.273171e-09,119.33,103.06,11274.77,9737.41,59.43,50.21
4.81787,6,0.3881,0.021,0.018,5.325,5.912,0.9878,0.00962,270.33,52.88,0.56632852,0.7192372204,2.22,1.787886e-08,1.027465e-08,1.351495e-08,7.278907e-09,119.14,102.92,11257.22,9724.68,59.32,50.14
4.81813,6,0.3882,0.021,0.018,5.325,5.912,0.9878,0.00962,270.33,52.88,0.56632748,0.7192358996,2.22,1.790887e-08,1.028679e-08,1.354087e-08,7.287455e-09,119.03,102.78,11246.99,9711.55,59.26,50.06
4.81837,6,0.3882,0.021,0.018,5.325,5.912,0.9878,0.00962,270.33,52.88,0.5663265199999999,0.7192346803999999,2.22,1.793807e-08,1.029995e-08,1.355556e-08,7.300471e-09,118.94,102.94,11237.73,9726.29,59.21,50.15
4.81862,6,0.3882,0.021,0.018,5.325,5.912,0.9878,0.00962,270.33,52.88,0.5663255199999999,0.7192334103999999,2.22,1.795959e-08,1.031545e-08,1.35784e-08,7.308043e-09,119.02,102.80,11245.78,9712.67,59.26,50.07
4.81888,6,0.3883,0.021,0.018,5.325,5.912,0.9878,0.00962,270.33,52.88,0.5663244799999999,0.7192320895999998,2.22,1.79804e-08,1.032784e-08,1.360264e-08,7.317805e-09,119.06,102.72,11249.80,9705.74,59.28,50.02
4.81912,6,0.3883,0.021,0.018,5.325,5.912,0.9878,0.00962,270.33,52.88,0.56632352,0.7192308704,2.22,1.80187e-08,1.034472e-08,1.362499e-08,7.330838e-09,118.93,102.75,11236.73,9708.64,59.20,50.04
4.81937,6,0.3883,0.021,0.018,5.325,5.912,0.9878,0.00962,270.33,52.88,0.5663225199999999,0.7192296004,2.22,1.806016e-08,1.036048e-08,1.365905e-08,7.340673e-09,118.71,102.50,11216.29,9684.39,59.08,49.90
4.81963,6,0.3884,0.021,0.018,5.325,5.912,0.9878,0.00962,270.33,52.88,0.5663214799999999,0.7192282795999999,2.22,1.809815e-08,1.03814e-08,1.367433e-08,7.355057e-09,118.72,102.71,11216.96,9704.49,59.08,50.02
4.81987,6,0.3884,0.021,0.018,5.325,5.912,0.9878,0.00962,270.33,52.88,0.56632052,0.7192270604,2.22,1.813574e-08,1.039787e-08,1.370543e-08,7.36991e-09,118.58,102.65,11204.09,9699.15,59.00,49.98
4.82012,6,0.3884,0.021,0.018,5.325,5.912,0.9878,0.00962,270.33,52.88,0.56631952,0.7192257904,2.22,1.815837e-08,1.042376e-08,1.374329e-08,7.386306e-09,118.93,102.53,11236.72,9687.91,59.20,49.92
4.82038,6,0.3885,0.021,0.018,5.325,5.912,0.9878,0.00962,270.33,52.88,0.56631848,0.7192244696,2.22,1.820304e-08,1.04507e-08,1.376652e-08,7.397397e-09,118.99,102.52,11242.89,9686.45,59.24,49.91
4.82062,6,0.3885,0.021,0.018,5.325,5.912,0.9878,0.00962,270.33,52.88,0.5663175199999999,0.7192232503999999,2.22,1.826298e-08,1.046717e-08,1.381325e-08,7.421235e-09,118.51,102.48,11197.82,9682.87,58.97,49.89
4.82088,6,0.3885,0.021,0.018,5.325,5.912,0.9878,0.00962,270.33,52.88,0.56631648,0.7192219296,2.22,1.829703e-08,1.049074e-08,1.385778e-08,7.442052e-09,118.62,102.39,11207.97,9674.14,59.03,49.83
4.82113,6,0.3886,0.021,0.018,5.325,5.912,0.9878,0.00962,270.33,52.88,0.56631548,0.7192206596,2.22,1.834788e-08,1.052272e-08,1.390125e-08,7.459621e-09,118.73,102.24,11217.91,9660.47,59.09,49.75
4.82137,6,0.3886,0.021,0.018,5.325,5.912,0.9878,0.00962,270.33,52.88,0.5663145199999999,0.7192194404,2.22,1.840525e-08,1.05516e-08,1.394548e-08,7.485413e-09,118.62,102.30,11207.90,9666.21,59.03,49.79
4.82163,6,0.3886,0.020,0.018,5.325,5.912,0.9878,0.00962,270.33,52.88,0.5663134799999999,0.7192181195999999,2.22,1.847703e-08,1.05891e-08,1.399583e-08,7.506472e-09,118.52,102.13,11198.72,9649.54,58.97,49.69
4.82188,6,0.3887,0.020,0.018,5.324,5.912,0.9878,0.00962,270.33,52.88,0.56631248,0.7192168496,2.22,1.852668e-08,1.062656e-08,1.403787e-08,7.533236e-09,118.79,102.28,11223.88,9663.69,59.12,49.77
4.82212,6,0.3887,0.020,0.018,5.324,5.912,0.9878,0.00962,270.33,52.88,0.56631152,0.7192156303999999,2.22,1.860387e-08,1.065666e-08,1.408433e-08,7.562944e-09,118.42,102.42,11188.98,9676.87,58.91,49.85
4.82238,6,0.3887,0.020,0.018,5.324,5.912,0.9878,0.00962,270.33,52.88,0.56631048,0.7192143096,2.22,1.868712e-08,1.069838e-08,1.414476e-08,7.583701e-09,118.27,102.08,11174.39,9644.76,58.83,49.66
4.82263,6,0.3888,0.020,0.018,5.324,5.912,0.9878,0.00962,270.33,52.88,0.5663094799999999,0.7192130395999999,2.22,1.87536e-08,1.073696e-08,1.420653e-08,7.61712e-09,118.31,102.11,11178.53,9648.06,58.85,49.68
4.82287,6,0.3888,0.020,0.018,5.324,5.912,0.9878,0.00962,270.33,52.88,0.56630852,0.7192118204,2.22,1.883312e-08,1.078788e-08,1.426735e-08,7.644899e-09,118.45,101.97,11191.62,9634.94,58.93,49.60
4.82313,6,0.3888,0.020,0.018,5.324,5.912,0.9878,0.00962,270.33,52.88,0.56630748,0.7192104995999999,2.22,1.891681e-08,1.082903e-08,1.433292e-08,7.672391e-09,118.28,101.75,11175.22,9614.30,58.83,49.47
4.82338,6,0.3889,0.020,0.018,5.324,5.912,0.9878,0.00962,270.33,52.88,0.56630648,0.7192092295999999,2.22,1.900346e-08,1.087909e-08,1.438964e-08,7.716109e-09,118.32,102.16,11179.19,9652.73,58.85,49.70
4.82362,6,0.3889,0.020,0.018,5.324,5.912,0.9878,0.00962,270.33,52.88,0.56630552,0.7192080104,2.22,1.909656e-08,1.092923e-08,1.445965e-08,7.737162e-09,118.24,101.69,11171.64,9608.58,58.81,49.44
4.82388,6,0.3889,0.020,0.018,5.324,5.912,0.9878,0.00962,270.33,52.88,0.56630448,0.7192066896,2.22,1.917951e-08,1.097872e-08,1.452002e-08,7.771939e-09,118.29,101.76,11176.44,9615.16,58.84,49.48
4.82413,6,0.3890,0.020,0.018,5.324,5.912,0.9878,0.00962,270.33,52.88,0.56630348,0.7192054196,2.22,1.92854e-08,1.1031e-08,1.458296e-08,7.811324e-09,118.11,101.95,11159.60,9632.75,58.74,49.58
4.82437,6,0.3890,0.020,0.018,5.324,5.912,0.9878,0.00962,270.33,52.88,0.5663025199999999,0.7192042003999999,2.22,1.936708e-08,1.108997e-08,1.465603e-08,7.848038e-09,118.42,101.88,11188.47,9626.34,58.91,49.55
4.82463,6,0.3890,0.020,0.018,5.324,5.912,0.9878,0.00962,270.33,52.88,0.5663014799999999,0.7192028795999998,2.22,1.946792e-08,1.113537e-08,1.471473e-08,7.881924e-09,118.11,101.95,11159.53,9632.79,58.74,49.58
4.82487,6,0.3891,0.020,0.018,5.324,5.912,0.9878,0.00962,270.33,52.88,0.56630052,0.7192016604,2.22,1.957035e-08,1.119682e-08,1.480317e-08,7.923854e-09,118.21,101.83,11169.07,9621.04,58.79,49.51
4.82512,6,0.3891,0.020,0.018,5.324,5.912,0.9878,0.00962,270.33,52.88,0.56629952,0.7192003904,2.22,1.965245e-08,1.124726e-08,1.486527e-08,7.957302e-09,118.30,101.83,11177.12,9621.58,58.84,49.52
4.82538,6,0.3891,0.020,0.018,5.324,5.912,0.9878,0.00962,270.33,52.88,0.5662984799999999,0.7191990695999999,2.22,1.977425e-08,1.130361e-08,1.492801e-08,7.993644e-09,117.97,101.91,11146.33,9628.73,58.66,49.56
4.82562,6,0.3892,0.020,0.018,5.324,5.912,0.9878,0.00962,270.33,52.88,0.56629752,0.7191978504000001,2.22,1.986205e-08,1.136266e-08,1.499768e-08,8.026365e-09,118.21,101.81,11169.52,9619.37,58.79,49.50
4.82587,6,0.3892,0.020,0.018,5.324,5.912,0.9878,0.00962,270.33,52.88,0.56629652,0.7191965804,2.22,1.997098e-08,1.141238e-08,1.506965e-08,8.061611e-09,117.91,101.72,11140.79,9610.98,58.62,49.45
4.82613,6,0.3892,0.020,0.018,5.324,5.912,0.9878,0.00962,270.33,52.88,0.56629548,0.7191952596,2.22,2.005375e-08,1.1463e-08,1.513861e-08,8.092972e-09,117.99,101.57,11148.32,9596.88,58.67,49.37
4.82637,6,0.3893,0.020,0.018,5.323,5.912,0.9878,0.00962,270.33,52.88,0.5662945199999999,0.7191940403999999,2.22,2.015404e-08,1.151586e-08,1.5195e-08,8.130577e-09,117.91,101.80,11141.10,9618.31,58.62,49.50
4.82662,6,0.3893,0.020,0.018,5.323,5.912,0.9878,0.00962,270.33,52.88,0.56629352,0.7191927704,2.22,2.025597e-08,1.15746e-08,1.526137e-08,8.157523e-09,117.93,101.57,11142.22,9596.63,58.63,49.37
4.82688,6,0.3893,0.020,0.018,5.323,5.912,0.9878,0.00962,270.33,52.88,0.56629248,0.7191914496,2.22,2.03484e-08,1.162532e-08,1.533236e-08,8.187986e-09,117.88,101.37,11137.53,9577.82,58.60,49.25
4.82712,6,0.3894,0.020,0.018,5.323,5.912,0.9878,0.00962,270.33,52.88,0.5662915199999999,0.7191902304,2.22,2.043318e-08,1.166446e-08,1.538663e-08,8.225511e-09,117.69,101.62,11119.72,9601.69,58.50,49.40
4.82737,6,0.3894,0.020,0.018,5.323,5.912,0.9878,0.00962,270.33,52.88,0.5662905199999999,0.7191889603999999,2.22,2.051169e-08,1.17072e-08,1.545334e-08,8.255817e-09,117.64,101.48,11115.12,9588.32,58.47,49.32
4.82763,6,0.3894,0.020,0.018,5.323,5.912,0.9878,0.00962,270.33,52.88,0.56628948,0.7191876396,2.22,2.057502e-08,1.17519e-08,1.550149e-08,8.27891e-09,117.84,101.41,11134.00,9581.78,58.58,49.28
4.82787,6,0.3895,0.020,0.018,5.323,5.912,0.9878,0.00962,270.33,52.88,0.56628852,0.7191864203999999,2.22,2.066661e-08,1.178792e-08,1.555541e-08,8.299961e-09,117.49,101.23,11101.08,9565.08,58.38,49.18
4.82812,6,0.3895,0.020,0.018,5.323,5.912,0.9878,0.00962,270.33,52.88,0.5662875199999999,0.7191851504,2.22,2.073246e-08,1.184194e-08,1.560269e-08,8.325899e-09,117.87,101.25,11137.11,9566.83,58.60,49.19
4.82838,6,0.3895,0.020,0.018,5.323,5.912,0.9878,0.00962,270.33,52.88,0.5662864799999999,0.7191838295999999,2.22,2.077639e-08,1.187301e-08,1.56583e-08,8.352638e-09,118.01,101.18,11150.21,9559.63,58.68,49.14
4.82862,6,0.3896,0.020,0.018,5.323,5.912,0.9878,0.00963,270.33,52.88,0.56628552,0.7191826104,2.22,2.08412e-08,1.189449e-08,1.568967e-08,8.377985e-09,117.68,101.43,11119.13,9583.20,58.49,49.29
4.82888,6,0.3896,0.020,0.018,5.323,5.912,0.9878,0.00963,270.33,52.88,0.56628448,0.7191812895999999,2.22,2.090181e-08,1.192003e-08,1.573113e-08,8.390797e-09,117.47,101.18,11099.50,9560.40,58.37,49.15
4.82913,6,0.3896,0.020,0.018,5.323,5.912,0.9878,0.00963,270.33,52.88,0.56628348,0.7191800196,2.22,2.093102e-08,1.193992e-08,1.576456e-08,8.404749e-09,117.55,101.08,11106.50,9550.95,58.42,49.09
4.82937,6,0.3897,0.020,0.018,5.323,5.912,0.9878,0.00963,270.33,52.88,0.56628252,0.7191788004,2.22,2.096326e-08,1.196039e-08,1.580402e-08,8.423189e-09,117.63,101.04,11113.84,9547.09,58.46,49.07
4.82963,6,0.3897,0.020,0.018,5.323,5.912,0.9878,0.00963,270.33,52.88,0.56628148,0.7191774796,2.22,2.100244e-08,1.198147e-08,1.58292e-08,8.435267e-09,117.60,101.01,11111.09,9543.84,58.44,49.05
4.82988,6,0.3897,0.020,0.018,5.323,5.912,0.9878,0.00963,270.33,52.88,0.56628048,0.7191762096,2.22,2.103271e-08,1.198648e-08,1.584782e-08,8.441231e-09,117.32,100.91,11084.70,9534.27,58.28,48.99
4.83012,6,0.3898,0.020,0.018,5.323,5.912,0.9878,0.00963,270.33,52.88,0.5662795199999999,0.7191749903999999,2.22,2.103253e-08,1.199424e-08,1.587289e-08,8.458475e-09,117.53,101.03,11104.47,9546.11,58.40,49.06
4.83038,6,0.3898,0.020,0.018,5.323,5.912,0.9878,0.00963,270.33,52.88,0.5662784799999999,0.7191736696,2.22,2.105177e-08,1.199494e-08,1.589047e-08,8.467762e-09,117.29,101.03,11082.38,9545.92,58.27,49.06
4.83063,6,0.3898,0.020,0.018,5.323,5.912,0.9878,0.00963,270.33,52.88,0.56627748,0.7191723996,2.22,2.106172e-08,1.200372e-08,1.591431e-08,8.470098e-09,117.36,100.77,11089.06,9520.97,58.31,48.91
4.83087,6,0.3899,0.020,0.018,5.323,5.912,0.9878,0.00963,270.33,52.88,0.56627652,0.7191711803999999,2.22,2.105921e-08,1.199885e-08,1.591479e-08,8.474772e-09,117.32,100.91,11084.52,9534.04,58.28,48.99
4.83113,6,0.3899,0.020,0.018,5.323,5.912,0.9878,0.00963,270.33,52.88,0.5662754799999999,0.7191698595999999,2.22,2.106404e-08,1.198884e-08,1.593821e-08,8.47272e-09,117.03,100.54,11057.16,9499.21,58.12,48.78
4.83138,6,0.3899,0.020,0.018,5.323,5.912,0.9878,0.00963,270.33,52.88,0.5662744799999999,0.7191685895999999,2.22,2.104509e-08,1.198285e-08,1.593906e-08,8.473362e-09,117.13,100.54,11067.44,9499.66,58.18,48.78
4.83162,6,0.3900,0.020,0.018,5.322,5.912,0.9878,0.00963,270.33,52.88,0.56627352,0.7191673704,2.22,2.101414e-08,1.197084e-08,1.594029e-08,8.479749e-09,117.29,100.71,11082.35,9515.83,58.27,48.88
4.83188,6,0.3900,0.020,0.018,5.322,5.912,0.9878,0.00963,270.33,52.88,0.56627248,0.7191660496,2.22,2.099536e-08,1.195207e-08,1.5944e-08,8.479988e-09,117.11,100.67,11064.98,9511.68,58.17,48.86
4.83212,6,0.3900,0.020,0.018,5.322,5.912,0.9878,0.00963,270.33,52.88,0.5662715199999999,0.7191648303999999,2.22,2.09865e-08,1.192321e-08,1.595151e-08,8.481151e-09,116.57,100.60,11013.91,9504.90,57.86,48.82
4.83237,6,0.3901,0.020,0.018,5.322,5.912,0.9878,0.00963,270.33,52.88,0.56627052,0.7191635604,2.22,2.093984e-08,1.191554e-08,1.595803e-08,8.470637e-09,117.03,100.27,11057.21,9473.95,58.12,48.63
4.83263,6,0.3901,0.020,0.018,5.322,5.912,0.9878,0.00963,270.33,52.88,0.56626948,0.7191622396,2.22,2.092283e-08,1.190632e-08,1.59432e-08,8.476157e-09,117.04,100.61,11058.20,9505.96,58.12,48.82
4.83287,6,0.3901,0.020,0.018,5.322,5.912,0.9878,0.00963,270.33,52.88,0.5662685199999999,0.7191610204,2.22,2.089092e-08,1.187311e-08,1.595178e-08,8.472383e-09,116.69,100.40,11025.77,9486.03,57.93,48.70
4.83312,6,0.3902,0.020,0.018,5.322,5.912,0.9878,0.00963,270.33,52.88,0.5662675199999999,0.7191597503999999,2.22,2.085682e-08,1.185735e-08,1.594045e-08,8.467453e-09,116.81,100.45,11036.40,9491.06,57.99,48.73
4.83338,6,0.3902,0.020,0.018,5.322,5.912,0.9878,0.00963,270.33,52.88,0.5662664799999999,0.7191584295999999,2.22,2.079619e-08,1.182553e-08,1.594303e-08,8.469078e-09,116.87,100.46,11042.13,9491.67,58.03,48.74
4.83362,6,0.3902,0.020,0.018,5.322,5.912,0.9878,0.00963,270.33,52.88,0.56626552,0.7191572103999999,2.22,2.076636e-08,1.180687e-08,1.594539e-08,8.459611e-09,116.83,100.19,11038.45,9466.08,58.01,48.58
4.83387,6,0.3903,0.020,0.018,5.322,5.912,0.9878,0.00963,270.33,52.88,0.5662645199999999,0.7191559404,2.22,2.072463e-08,1.177566e-08,1.593665e-08,8.455649e-09,116.69,100.23,11025.04,9470.12,57.92,48.61
4.83413,6,0.3903,0.020,0.018,5.322,5.912,0.9878,0.00963,270.33,52.88,0.5662634799999999,0.7191546195999999,2.22,2.066834e-08,1.175338e-08,1.593725e-08,8.452595e-09,116.91,100.14,11046.16,9462.07,58.05,48.56
4.83437,6,0.3903,0.020,0.018,5.322,5.912,0.9878,0.00963,270.33,52.88,0.56626252,0.7191534004,2.22,2.06442e-08,1.172955e-08,1.594366e-08,8.452385e-09,116.68,100.05,11024.15,9453.48,57.92,48.51
4.83462,6,0.3904,0.020,0.018,5.322,5.912,0.9878,0.00963,270.33,52.88,0.56626152,0.7191521303999999,2.22,2.061688e-08,1.170228e-08,1.593674e-08,8.450843e-09,116.44,100.13,11001.40,9460.97,57.78,48.55
4.83488,6,0.3904,0.020,0.018,5.322,5.912,0.9878,0.00963,270.33,52.88,0.56626048,0.7191508096,2.22,2.057516e-08,1.168192e-08,1.593346e-08,8.441608e-09,116.51,99.94,11008.64,9443.12,57.83,48.44
4.83512,6,0.3904,0.020,0.018,5.322,5.912,0.9878,0.00963,270.33,52.88,0.56625952,0.7191495904,2.22,2.054531e-08,1.166186e-08,1.594117e-08,8.443295e-09,116.44,99.88,11001.84,9437.42,57.79,48.41
4.83537,6,0.3905,0.020,0.018,5.322,5.912,0.9878,0.00963,270.33,52.88,0.56625852,0.7191483204,2.22,2.050918e-08,1.163343e-08,1.593171e-08,8.441602e-09,116.29,99.99,10987.36,9447.73,57.70,48.47
4.83563,6,0.3905,0.020,0.018,5.322,5.912,0.9878,0.00963,270.34,52.88,0.56625748,0.7191469996,2.22,2.049139e-08,1.16162e-08,1.593403e-08,8.440546e-09,116.12,99.93,10971.78,9442.29,57.60,48.44
4.83587,6,0.3905,0.020,0.018,5.322,5.912,0.9878,0.00963,270.34,52.88,0.5662565199999999,0.7191457803999999,2.22,2.044351e-08,1.159725e-08,1.593971e-08,8.447005e-09,116.31,100.02,10989.70,9450.50,57.71,48.49
4.83613,6,0.3906,0.020,0.018,5.322,5.912,0.9878,0.00963,270.34,52.88,0.5662554799999999,0.7191444596,2.22,2.04247e-08,1.157756e-08,1.59438e-08,8.441322e-09,116.13,99.85,10972.76,9434.25,57.61,48.39
4.83638,6,0.3906,0.020,0.018,5.322,5.912,0.9878,0.00963,270.34,52.88,0.56625448,0.7191431896,2.22,2.040476e-08,1.155941e-08,1.59634e-08,8.44621e-09,115.97,99.71,10957.78,9421.24,57.52,48.31
4.83662,6,0.3906,0.020,0.018,5.322,5.912,0.9878,0.00963,270.34,52.88,0.56625352,0.7191419703999999,2.22,2.03723e-08,1.155213e-08,1.596635e-08,8.452217e-09,116.23,99.82,10982.14,9431.78,57.67,48.38
4.83688,6,0.3907,0.020,0.018,5.321,5.912,0.9878,0.00963,270.34,52.88,0.56625248,0.7191406495999999,2.22,2.036466e-08,1.153639e-08,1.597675e-08,8.457675e-09,116.00,99.85,10959.92,9434.08,57.53,48.39
4.83713,6,0.3907,0.020,0.018,5.321,5.912,0.9878,0.00963,270.34,52.88,0.5662514799999999,0.7191393796,2.22,2.033169e-08,1.152291e-08,1.59924e-08,8.45951e-09,116.12,99.69,10971.33,9418.82,57.60,48.30
4.83737,6,0.3907,0.020,0.018,5.321,5.912,0.9878,0.00963,270.34,52.88,0.56625052,0.7191381604,2.22,2.033687e-08,1.151497e-08,1.6004e-08,8.459043e-09,115.86,99.52,10947.47,9403.24,57.46,48.20
4.83763,6,0.3908,0.020,0.018,5.321,5.912,0.9878,0.00963,270.34,52.88,0.56624948,0.7191368396,2.22,2.032405e-08,1.151137e-08,1.60206e-08,8.461969e-09,115.98,99.40,10958.30,9391.88,57.52,48.14
4.83788,6,0.3908,0.020,0.018,5.321,5.912,0.9878,0.00963,270.34,52.88,0.5662484799999999,0.7191355695999999,2.22,2.03046e-08,1.149614e-08,1.604109e-08,8.469203e-09,115.88,99.31,10949.04,9383.45,57.47,48.08
4.83812,6,0.3908,0.020,0.018,5.321,5.912,0.9878,0.00963,270.34,52.88,0.56624752,0.7191343504000001,2.22,2.031257e-08,1.150322e-08,1.604168e-08,8.477196e-09,115.94,99.50,10954.68,9401.50,57.50,48.19
4.83838,6,0.3909,0.020,0.018,5.321,5.912,0.9878,0.00963,270.34,52.88,0.56624648,0.7191330296,2.22,2.030388e-08,1.149311e-08,1.605978e-08,8.482541e-09,115.85,99.42,10946.09,9393.99,57.45,48.15
4.83863,6,0.3909,0.020,0.018,5.321,5.912,0.9878,0.00963,270.34,52.88,0.56624548,0.7191317596,2.22,2.030665e-08,1.149778e-08,1.608614e-08,8.489798e-09,115.92,99.26,10952.90,9378.38,57.49,48.05
4.83887,6,0.3909,0.020,0.018,5.321,5.912,0.9878,0.00963,270.34,52.88,0.5662445199999999,0.7191305403999999,2.22,2.031034e-08,1.14943e-08,1.609393e-08,8.499711e-09,115.79,99.40,10940.68,9391.96,57.42,48.14
4.83913,6,0.3910,0.020,0.018,5.321,5.912,0.9878,0.00963,270.34,52.88,0.5662434799999999,0.7191292195999999,2.22,2.029799e-08,1.148785e-08,1.610803e-08,8.507375e-09,115.83,99.43,10944.66,9394.87,57.44,48.15
4.83938,6,0.3910,0.020,0.018,5.321,5.912,0.9878,0.00963,270.34,52.88,0.56624248,0.7191279496,2.22,2.029336e-08,1.149029e-08,1.613435e-08,8.516393e-09,115.95,99.31,10955.77,9383.47,57.51,48.08
4.83962,6,0.3910,0.020,0.018,5.321,5.912,0.9878,0.00963,270.34,52.88,0.5662415199999999,0.7191267304,2.22,2.031124e-08,1.149413e-08,1.614588e-08,8.515928e-09,115.81,99.15,10941.98,9368.21,57.42,47.99
4.83988,6,0.3911,0.020,0.018,5.321,5.912,0.9878,0.00963,270.34,52.88,0.5662404799999999,0.7191254095999999,2.22,2.031779e-08,1.149163e-08,1.616634e-08,8.527823e-09,115.69,99.20,10931.18,9373.17,57.36,48.02
4.84012,6,0.3911,0.020,0.018,5.321,5.912,0.9878,0.00963,270.34,52.88,0.56623952,0.7191241904,2.22,2.032504e-08,1.149118e-08,1.617982e-08,8.534409e-09,115.59,99.19,10921.23,9371.95,57.30,48.02
4.84037,6,0.3911,0.020,0.018,5.321,5.912,0.9878,0.00963,270.34,52.88,0.56623852,0.7191229203999999,2.22,2.032131e-08,1.149513e-08,1.620609e-08,8.537749e-09,115.73,98.93,10934.49,9347.58,57.38,47.87
4.84063,6,0.3912,0.020,0.018,5.321,5.912,0.9878,0.00963,270.34,52.88,0.56623748,0.7191215996,2.22,2.033081e-08,1.149011e-08,1.622079e-08,8.548746e-09,115.52,99.04,10914.55,9357.50,57.26,47.93
4.84087,6,0.3912,0.020,0.018,5.321,5.912,0.9878,0.00963,270.34,52.88,0.5662365199999999,0.7191203803999999,2.22,2.034582e-08,1.149207e-08,1.62088e-08,8.545898e-09,115.37,99.12,10900.32,9365.54,57.17,47.98
4.84112,6,0.3912,0.020,0.018,5.321,5.912,0.9878,0.00963,270.34,52.88,0.56623552,0.7191191104,2.22,2.032847e-08,1.14948e-08,1.623709e-08,8.552814e-09,115.66,98.93,10927.70,9347.05,57.34,47.87
4.84138,6,0.3913,0.020,0.018,5.321,5.912,0.9878,0.00963,270.34,52.88,0.56623448,0.7191177896,2.22,2.033069e-08,1.14912e-08,1.622633e-08,8.555796e-09,115.57,99.16,10919.87,9369.45,57.29,48.00
4.84162,6,0.3913,0.020,0.018,5.321,5.912,0.9878,0.00963,270.34,52.88,0.5662335199999999,0.7191165703999999,2.22,2.032552e-08,1.149387e-08,1.624253e-08,8.550285e-09,115.70,98.82,10932.10,9336.99,57.36,47.81
4.84187,6,0.3913,0.020,0.018,5.321,5.912,0.9878,0.00963,270.34,52.88,0.5662325199999999,0.7191153003999999,2.22,2.031259e-08,1.14792e-08,1.625797e-08,8.558275e-09,115.53,98.82,10916.00,9336.67,57.27,47.80
4.84213,6,0.3914,0.020,0.018,5.320,5.912,0.9878,0.00963,270.34,52.88,0.56623148,0.7191139796,2.22,2.031498e-08,1.147676e-08,1.625265e-08,8.562825e-09,115.47,99.02,10910.50,9356.02,57.23,47.92
4.84237,6,0.3914,0.020,0.018,5.320,5.912,0.9878,0.00963,270.34,52.88,0.56623052,0.7191127603999999,2.22,2.030291e-08,1.146354e-08,1.623977e-08,8.560308e-09,115.33,99.13,10896.52,9365.89,57.15,47.98
4.84262,6,0.3914,0.020,0.018,5.320,5.912,0.9878,0.00963,270.34,52.88,0.5662295199999999,0.7191114903999999,2.22,2.028863e-08,1.146665e-08,1.625029e-08,8.560262e-09,115.58,98.99,10920.96,9352.97,57.30,47.90
4.84288,6,0.3915,0.020,0.018,5.320,5.912,0.9878,0.00963,270.34,52.88,0.5662284799999999,0.7191101696,2.22,2.025732e-08,1.144617e-08,1.623487e-08,8.548465e-09,115.55,98.92,10917.64,9346.87,57.28,47.86
4.84312,6,0.3915,0.020,0.018,5.320,5.912,0.9878,0.00963,270.34,52.88,0.56622752,0.7191089504,2.22,2.022931e-08,1.143175e-08,1.621693e-08,8.544418e-09,115.58,99.06,10920.73,9359.36,57.30,47.94
4.84337,6,0.3915,0.020,0.018,5.320,5.912,0.9878,0.00963,270.34,52.88,0.56622652,0.7191076804,2.22,2.02098e-08,1.141228e-08,1.620665e-08,8.533188e-09,115.39,98.91,10902.18,9345.90,57.18,47.86
4.84363,6,0.3916,0.020,0.018,5.320,5.912,0.9878,0.00963,270.34,52.88,0.56622548,0.7191063595999999,2.22,2.017231e-08,1.139261e-08,1.619589e-08,8.520326e-09,115.45,98.76,10908.27,9331.64,57.22,47.77
4.84387,6,0.3916,0.020,0.018,5.320,5.912,0.9878,0.00963,270.34,52.88,0.56622452,0.7191051404000001,2.22,2.013503e-08,1.137736e-08,1.617262e-08,8.510871e-09,115.59,98.83,10921.07,9338.09,57.30,47.81
4.84413,6,0.3916,0.020,0.018,5.320,5.912,0.9878,0.00963,270.34,52.88,0.56622348,0.7191038196,2.22,2.010171e-08,1.134981e-08,1.614797e-08,8.504292e-09,115.38,98.99,10901.81,9352.94,57.18,47.90
4.84438,6,0.3917,0.020,0.018,5.320,5.912,0.9878,0.00963,270.34,52.88,0.56622248,0.7191025496,2.22,2.006208e-08,1.132288e-08,1.613001e-08,8.484971e-09,115.30,98.77,10894.52,9332.41,57.14,47.78
4.84462,6,0.3917,0.020,0.018,5.320,5.912,0.9878,0.00963,270.34,52.88,0.5662215199999999,0.7191013303999999,2.22,2.000859e-08,1.129832e-08,1.609787e-08,8.467519e-09,115.44,98.76,10907.00,9331.14,57.21,47.77
4.84488,6,0.3917,0.020,0.018,5.320,5.912,0.9878,0.00963,270.34,52.88,0.5662204799999999,0.7191000095999999,2.22,1.995132e-08,1.126534e-08,1.606812e-08,8.449684e-09,115.42,98.70,10905.57,9326.05,57.20,47.74
4.84513,6,0.3918,0.020,0.018,5.320,5.912,0.9878,0.00963,270.34,52.88,0.56621948,0.7190987396,2.22,1.989163e-08,1.123807e-08,1.603457e-08,8.433757e-09,115.60,98.77,10922.72,9332.43,57.31,47.78
4.84537,6,0.3918,0.020,0.018,5.320,5.912,0.9878,0.00963,270.34,52.88,0.56621852,0.7190975204,2.22,1.982387e-08,1.119653e-08,1.599277e-08,8.41216e-09,115.53,98.78,10915.42,9333.34,57.26,47.78
4.84563,6,0.3918,0.020,0.018,5.320,5.912,0.9878,0.00963,270.34,52.88,0.5662174799999999,0.7190961995999999,2.22,1.976709e-08,1.115716e-08,1.594833e-08,8.390892e-09,115.35,98.83,10899.03,9338.29,57.16,47.81
4.84588,6,0.3919,0.020,0.018,5.320,5.912,0.9878,0.00963,270.34,52.88,0.5662164799999999,0.7190949295999999,2.22,1.969425e-08,1.112016e-08,1.591773e-08,8.369152e-09,115.48,98.72,10911.08,9327.41,57.24,47.75
4.84612,6,0.3919,0.020,0.018,5.320,5.912,0.9878,0.00963,270.34,52.88,0.56621552,0.7190937104,2.22,1.962907e-08,1.108529e-08,1.587258e-08,8.349221e-09,115.53,98.81,10915.45,9336.39,57.26,47.80
4.84638,6,0.3919,0.020,0.018,5.320,5.912,0.9878,0.00963,270.34,52.88,0.56621448,0.7190923896,2.22,1.955638e-08,1.103449e-08,1.583804e-08,8.326949e-09,115.29,98.71,10893.34,9326.69,57.13,47.74
4.84663,6,0.3920,0.020,0.018,5.320,5.912,0.9878,0.00963,270.34,52.88,0.5662134799999999,0.7190911195999999,2.22,1.948129e-08,1.099591e-08,1.579565e-08,8.30289e-09,115.41,98.69,10904.74,9324.87,57.20,47.73
4.84687,6,0.3920,0.020,0.018,5.320,5.912,0.9878,0.00963,270.34,52.88,0.56621252,0.7190899004,2.22,1.939532e-08,1.095117e-08,1.573714e-08,8.268078e-09,115.50,98.59,10913.40,9315.24,57.25,47.67
4.84713,6,0.3920,0.020,0.018,5.320,5.912,0.9878,0.00963,270.34,52.88,0.56621148,0.7190885795999999,2.22,1.933461e-08,1.090135e-08,1.570399e-08,8.248423e-09,115.13,98.53,10877.78,9309.92,57.04,47.64
4.84738,6,0.3921,0.020,0.018,5.319,5.912,0.9878,0.00963,270.34,52.88,0.56621048,0.7190873096,2.22,1.925079e-08,1.086653e-08,1.565208e-08,8.228037e-09,115.46,98.73,10909.19,9328.72,57.22,47.75
4.84762,6,0.3921,0.020,0.018,5.319,5.912,0.9878,0.00963,270.34,52.88,0.5662095199999999,0.7190860903999999,2.22,1.918337e-08,1.081377e-08,1.56049e-08,8.188842e-09,115.10,98.37,10875.24,9294.28,57.02,47.55
4.84788,6,0.3921,0.020,0.018,5.319,5.912,0.9878,0.00963,270.34,52.88,0.56620848,0.7190847696,2.22,1.909408e-08,1.07663e-08,1.555579e-08,8.171451e-09,115.17,98.58,10881.87,9314.38,57.06,47.67
4.84812,6,0.3922,0.020,0.018,5.319,5.912,0.9878,0.00963,270.34,52.88,0.56620752,0.7190835503999999,2.22,1.903161e-08,1.072293e-08,1.551466e-08,8.146289e-09,115.00,98.52,10865.72,9308.19,56.96,47.63
4.84837,6,0.3922,0.020,0.018,5.319,5.912,0.9878,0.00963,270.34,52.88,0.5662065199999999,0.7190822803999999,2.22,1.893149e-08,1.067891e-08,1.545563e-08,8.121104e-09,115.31,98.66,10894.67,9322.24,57.14,47.71
4.84863,6,0.3922,0.020,0.018,5.319,5.912,0.9878,0.00963,270.34,52.88,0.5662054799999999,0.7190809596,2.22,1.885439e-08,1.063404e-08,1.54106e-08,8.094584e-09,115.27,98.59,10891.43,9315.30,57.12,47.67
4.84887,6,0.3923,0.020,0.018,5.319,5.912,0.9878,0.00963,270.34,52.88,0.56620452,0.7190797404,2.22,1.878943e-08,1.059428e-08,1.536501e-08,8.075995e-09,115.22,98.75,10886.85,9330.72,57.09,47.76
4.84912,6,0.3923,0.020,0.018,5.319,5.912,0.9878,0.00963,270.34,52.88,0.56620352,0.7190784704,2.22,1.871788e-08,1.054614e-08,1.531759e-08,8.046116e-09,115.03,98.63,10868.43,9318.62,56.98,47.69
4.84938,6,0.3923,0.020,0.018,5.319,5.912,0.9878,0.00963,270.34,52.88,0.56620248,0.7190771495999999,2.22,1.864692e-08,1.050785e-08,1.528431e-08,8.027231e-09,115.07,98.59,10872.44,9315.19,57.00,47.67
4.84962,6,0.3924,0.020,0.018,5.319,5.912,0.9878,0.00963,270.34,52.88,0.56620152,0.7190759304000001,2.22,1.858301e-08,1.046006e-08,1.522528e-08,7.997979e-09,114.80,98.66,10847.23,9321.86,56.85,47.71
4.84987,6,0.3924,0.020,0.018,5.319,5.912,0.9878,0.00963,270.34,52.88,0.56620052,0.7190746604,2.22,1.852815e-08,1.042115e-08,1.518797e-08,7.976192e-09,114.60,98.60,10828.14,9316.48,56.74,47.68
4.85013,6,0.3924,0.020,0.018,5.319,5.912,0.9878,0.00963,270.34,52.88,0.56619948,0.7190733396,2.22,1.845403e-08,1.038825e-08,1.515134e-08,7.951809e-09,114.82,98.47,10849.12,9303.80,56.86,47.60
4.85037,6,0.3925,0.020,0.018,5.319,5.912,0.9878,0.00963,270.34,52.88,0.5661985199999999,0.7190721203999999,2.22,1.839127e-08,1.035986e-08,1.51214e-08,7.932031e-09,115.03,98.39,10868.54,9296.14,56.98,47.56
4.85062,6,0.3925,0.020,0.018,5.319,5.912,0.9878,0.00963,270.34,52.88,0.56619752,0.7190708504000001,2.22,1.833015e-08,1.031343e-08,1.508116e-08,7.913378e-09,114.72,98.45,10839.66,9302.21,56.81,47.59
4.85088,6,0.3925,0.020,0.018,5.319,5.912,0.9878,0.00963,270.34,52.88,0.56619648,0.7190695296,2.22,1.828249e-08,1.028771e-08,1.504253e-08,7.891e-09,114.75,98.40,10842.30,9296.99,56.82,47.56
4.85112,6,0.3926,0.020,0.018,5.319,5.912,0.9878,0.00963,270.34,52.88,0.56619552,0.7190683104,2.22,1.823634e-08,1.025463e-08,1.49916e-08,7.877106e-09,114.60,98.76,10827.89,9331.31,56.74,47.77
4.85137,6,0.3926,0.020,0.018,5.319,5.912,0.9878,0.00963,270.34,52.88,0.5661945199999999,0.7190670403999999,2.22,1.81837e-08,1.022394e-08,1.497111e-08,7.851154e-09,114.57,98.36,10825.25,9293.43,56.72,47.54
4.85163,6,0.3926,0.020,0.018,5.319,5.912,0.9878,0.00963,270.34,52.88,0.5661934799999999,0.7190657195999999,2.22,1.815175e-08,1.019804e-08,1.49309e-08,7.837856e-09,114.37,98.56,10806.04,9312.89,56.60,47.66
4.85187,6,0.3927,0.020,0.018,5.319,5.912,0.9878,0.00963,270.34,52.88,0.56619252,0.7190645004,2.22,1.811384e-08,1.017021e-08,1.490388e-08,7.817791e-09,114.23,98.43,10792.98,9300.53,56.53,47.58
4.85213,6,0.3927,0.020,0.018,5.319,5.912,0.9878,0.00963,270.34,52.88,0.56619148,0.7190631796,2.22,1.808223e-08,1.015427e-08,1.488196e-08,7.801003e-09,114.28,98.29,10797.36,9287.29,56.55,47.50
4.85238,6,0.3927,0.020,0.018,5.319,5.912,0.9878,0.00963,270.34,52.88,0.5661904799999999,0.7190619095999999,2.22,1.804428e-08,1.012504e-08,1.485277e-08,7.795449e-09,114.07,98.55,10778.13,9311.76,56.44,47.65
4.85262,6,0.3928,0.020,0.018,5.318,5.912,0.9878,0.00963,270.34,52.88,0.56618952,0.7190606904,2.22,1.801493e-08,1.010785e-08,1.482145e-08,7.770925e-09,114.08,98.36,10779.13,9293.78,56.44,47.54
4.85288,6,0.3928,0.020,0.018,5.318,5.912,0.9878,0.00963,270.34,52.88,0.56618848,0.7190593696,2.22,1.797748e-08,1.009103e-08,1.479953e-08,7.763209e-09,114.19,98.46,10789.34,9303.29,56.50,47.60
4.85313,6,0.3928,0.020,0.018,5.318,5.912,0.9878,0.00963,270.34,52.88,0.56618748,0.7190580996,2.22,1.796124e-08,1.00776e-08,1.477268e-08,7.746476e-09,114.08,98.39,10778.82,9296.60,56.44,47.56
4.85337,6,0.3929,0.020,0.018,5.318,5.912,0.9878,0.00963,270.34,52.88,0.5661865199999999,0.7190568803999999,2.22,1.794774e-08,1.00504e-08,1.476072e-08,7.73462e-09,113.60,98.27,10733.81,9284.88,56.17,47.49
4.85363,6,0.3929,0.020,0.018,5.318,5.912,0.9878,0.00963,270.34,52.88,0.5661854799999999,0.7190555595999999,2.22,1.792328e-08,1.004354e-08,1.474545e-08,7.725145e-09,113.78,98.23,10750.44,9281.16,56.27,47.47
4.85388,6,0.3929,0.020,0.018,5.318,5.912,0.9878,0.00963,270.34,52.88,0.56618448,0.7190542896,2.22,1.789383e-08,1.003865e-08,1.472078e-08,7.702512e-09,114.08,97.97,10778.81,9256.65,56.44,47.32
4.85412,6,0.3930,0.020,0.018,5.318,5.912,0.9878,0.00963,270.34,52.88,0.5661835199999999,0.7190530703999999,2.22,1.789388e-08,1.001853e-08,1.470377e-08,7.69768e-09,113.59,98.10,10732.38,9269.28,56.16,47.39
4.85438,6,0.3930,0.020,0.018,5.318,5.912,0.9878,0.00963,270.34,52.88,0.5661824799999999,0.7190517496,2.22,1.788217e-08,1.001436e-08,1.467759e-08,7.685544e-09,113.65,98.15,10738.20,9273.26,56.20,47.42
4.85463,6,0.3930,0.020,0.018,5.318,5.912,0.9878,0.00963,270.34,52.88,0.56618148,0.7190504796,2.22,1.788131e-08,9.996439e-09,1.467075e-08,7.672422e-09,113.20,97.89,10695.79,9249.12,55.94,47.27
4.85487,6,0.3931,0.020,0.018,5.318,5.912,0.9878,0.00963,270.34,52.88,0.56618052,0.7190492604,2.22,1.786556e-08,9.99528e-09,1.464887e-08,7.663471e-09,113.43,97.98,10717.10,9257.78,56.07,47.33
4.85513,6,0.3931,0.020,0.018,5.318,5.912,0.9878,0.00963,270.34,52.88,0.56617948,0.7190479395999999,2.22,1.786118e-08,9.979022e-09,1.46331e-08,7.649061e-09,113.07,97.82,10683.54,9242.17,55.87,47.23
4.85538,6,0.3931,0.020,0.018,5.318,5.912,0.9878,0.00963,270.34,52.88,0.5661784799999999,0.7190466696,2.22,1.785165e-08,9.972402e-09,1.460955e-08,7.640283e-09,113.04,97.91,10680.40,9251.13,55.85,47.29
4.85562,6,0.3932,0.020,0.018,5.318,5.912,0.9878,0.00963,270.34,52.88,0.56617752,0.7190454504,2.22,1.784228e-08,9.968371e-09,1.458868e-08,7.630957e-09,113.10,97.98,10686.04,9257.52,55.88,47.32
4.85588,6,0.3932,0.020,0.018,5.318,5.912,0.9878,0.00963,270.34,52.88,0.56617648,0.7190441296,2.22,1.784247e-08,9.961169e-09,1.457391e-08,7.625647e-09,112.91,98.04,10668.30,9263.68,55.78,47.36
4.85612,6,0.3932,0.020,0.018,5.318,5.912,0.9878,0.00963,270.34,52.88,0.5661755199999999,0.7190429103999999,2.22,1.783862e-08,9.957729e-09,1.455227e-08,7.607036e-09,112.88,97.85,10665.17,9245.10,55.76,47.25
4.85637,6,0.3933,0.020,0.018,5.318,5.912,0.9878,0.00963,270.34,52.88,0.5661745199999999,0.7190416403999998,2.22,1.782555e-08,9.949987e-09,1.45415e-08,7.59604e-09,112.89,97.73,10666.80,9233.78,55.77,47.18
4.85663,6,0.3933,0.020,0.018,5.318,5.912,0.9878,0.00963,270.34,52.88,0.56617348,0.7190403196,2.22,1.78305e-08,9.94558e-09,1.452917e-08,7.58683e-09,112.71,97.65,10649.43,9226.73,55.66,47.14
4.85687,6,0.3933,0.020,0.018,5.318,5.912,0.9878,0.00963,270.34,52.88,0.56617252,0.7190391004,2.22,1.782087e-08,9.933765e-09,1.449435e-08,7.563512e-09,112.55,97.51,10633.83,9213.64,55.57,47.06
4.85712,6,0.3934,0.020,0.018,5.318,5.912,0.9878,0.00963,270.34,52.88,0.5661715199999999,0.7190378303999999,2.22,1.780228e-08,9.924447e-09,1.447864e-08,7.559882e-09,112.60,97.66,10639.06,9227.64,55.60,47.14
4.85738,6,0.3934,0.020,0.018,5.318,5.912,0.9878,0.00963,270.34,52.88,0.5661704799999999,0.7190365095999999,2.22,1.778902e-08,9.905695e-09,1.445642e-08,7.538803e-09,112.31,97.41,10611.56,9203.43,55.44,47.00
4.85762,6,0.3934,0.020,0.018,5.318,5.912,0.9878,0.00963,270.34,52.88,0.56616952,0.7190352904,2.22,1.778534e-08,9.906335e-09,1.442657e-08,7.526253e-09,112.38,97.49,10618.07,9211.14,55.48,47.04
4.85787,6,0.3935,0.020,0.018,5.317,5.912,0.9878,0.00963,270.34,52.88,0.56616852,0.7190340204,2.22,1.776689e-08,9.898384e-09,1.440113e-08,7.511262e-09,112.47,97.47,10626.40,9209.08,55.53,47.03
4.85813,6,0.3935,0.020,0.018,5.317,5.912,0.9878,0.00963,270.34,52.88,0.56616748,0.7190326995999999,2.22,1.775176e-08,9.887483e-09,1.438877e-08,7.498233e-09,112.40,97.29,10620.41,9192.21,55.49,46.93
4.85837,6,0.3935,0.020,0.018,5.317,5.912,0.9878,0.00963,270.34,52.88,0.56616652,0.7190314804,2.22,1.77296e-08,9.867838e-09,1.435371e-08,7.480176e-09,112.22,97.29,10602.70,9192.76,55.38,46.93
4.85862,6,0.3936,0.020,0.018,5.317,5.912,0.9878,0.00963,270.34,52.88,0.56616552,0.7190302104,2.22,1.772082e-08,9.857116e-09,1.433545e-08,7.465046e-09,112.09,97.17,10591.25,9180.68,55.31,46.86
4.85888,6,0.3936,0.020,0.018,5.317,5.912,0.9878,0.00963,270.34,52.88,0.56616448,0.7190288896,2.22,1.769094e-08,9.837539e-09,1.430747e-08,7.445566e-09,112.02,97.03,10584.08,9168.06,55.27,46.79
4.85912,6,0.3936,0.020,0.018,5.317,5.912,0.9878,0.00963,270.34,52.88,0.5661635199999999,0.7190276703999999,2.22,1.766324e-08,9.825556e-09,1.427183e-08,7.430739e-09,112.11,97.13,10592.39,9177.64,55.32,46.84
4.85938,6,0.3937,0.020,0.018,5.317,5.912,0.9878,0.00963,270.34,52.88,0.5661624799999999,0.7190263495999999,2.22,1.765439e-08,9.806305e-09,1.424184e-08,7.408476e-09,111.77,96.98,10560.31,9162.82,55.13,46.75
4.85963,6,0.3937,0.020,0.018,5.317,5.912,0.9878,0.00963,270.34,52.88,0.56616148,0.7190250796,2.22,1.761758e-08,9.790545e-09,1.420108e-08,7.385816e-09,111.89,96.94,10571.69,9159.05,55.20,46.73
4.85987,6,0.3937,0.020,0.018,5.317,5.912,0.9878,0.00963,270.34,52.88,0.56616052,0.7190238604,2.22,1.758853e-08,9.775022e-09,1.416516e-08,7.36654e-09,111.90,96.92,10573.20,9157.51,55.21,46.72
4.86013,6,0.3938,0.020,0.018,5.317,5.912,0.9878,0.00963,270.34,52.88,0.5661594799999999,0.7190225396,2.22,1.755343e-08,9.748287e-09,1.412834e-08,7.34526e-09,111.75,96.89,10558.27,9154.31,55.12,46.70
4.86038,6,0.3938,0.020,0.018,5.317,5.912,0.9878,0.00963,270.34,52.88,0.5661584799999999,0.7190212695999999,2.22,1.75126e-08,9.731187e-09,1.409746e-08,7.320931e-09,111.89,96.66,10571.89,9132.80,55.20,46.57
4.86062,6,0.3939,0.020,0.018,5.317,5.912,0.9878,0.00963,270.34,52.88,0.56615752,0.7190200503999999,2.22,1.749072e-08,9.704761e-09,1.405974e-08,7.306141e-09,111.55,96.82,10539.70,9147.62,55.00,46.66
4.86088,6,0.3939,0.020,0.018,5.317,5.912,0.9878,0.00963,270.34,52.88,0.56615648,0.7190187296,2.22,1.746367e-08,9.683861e-09,1.402015e-08,7.285577e-09,111.40,96.82,10525.31,9147.64,54.92,46.66
4.86113,6,0.3939,0.020,0.018,5.317,5.912,0.9878,0.00963,270.34,52.88,0.5661554799999999,0.7190174596,2.22,1.742376e-08,9.661351e-09,1.399033e-08,7.264522e-09,111.39,96.66,10524.39,9133.10,54.91,46.58
4.86137,6,0.3940,0.020,0.018,5.317,5.912,0.9878,0.00963,270.34,52.88,0.56615452,0.7190162404,2.22,1.737846e-08,9.639487e-09,1.394584e-08,7.244806e-09,111.50,96.78,10535.04,9144.30,54.98,46.64
4.86163,6,0.3940,0.020,0.018,5.317,5.912,0.9878,0.00963,270.34,52.88,0.56615348,0.7190149196,2.22,1.735362e-08,9.627086e-09,1.39038e-08,7.21845e-09,111.54,96.65,10538.43,9132.41,55.00,46.57
4.86188,6,0.3940,0.020,0.018,5.317,5.912,0.9878,0.00963,270.34,52.88,0.56615248,0.7190136495999999,2.22,1.73164e-08,9.592929e-09,1.388131e-08,7.195164e-09,111.18,96.33,10505.20,9101.87,54.80,46.39
4.86212,6,0.3941,0.020,0.018,5.317,5.912,0.9878,0.00963,270.34,52.88,0.5661515199999999,0.7190124303999998,2.22,1.726749e-08,9.570178e-09,1.383712e-08,7.181966e-09,111.33,96.63,10518.57,9129.80,54.88,46.56
4.86238,6,0.3941,0.020,0.018,5.317,5.912,0.9878,0.00963,270.34,52.88,0.56615048,0.7190111096,2.22,1.723894e-08,9.549002e-09,1.380814e-08,7.157874e-09,111.19,96.37,10505.36,9105.86,54.80,46.41
4.86263,6,0.3941,0.020,0.018,5.317,5.912,0.9878,0.00963,270.34,52.88,0.56614948,0.7190098396,2.22,1.719601e-08,9.528562e-09,1.377376e-08,7.137739e-09,111.27,96.31,10513.62,9099.74,54.85,46.38
4.86287,6,0.3942,0.020,0.018,5.316,5.912,0.9878,0.00963,270.34,52.88,0.5661485199999999,0.7190086203999999,2.22,1.715587e-08,9.503312e-09,1.372149e-08,7.118877e-09,111.22,96.56,10508.83,9123.92,54.82,46.52
4.86313,6,0.3942,0.020,0.018,5.316,5.912,0.9878,0.00963,270.34,52.88,0.5661474799999999,0.7190072995999999,2.22,1.712026e-08,9.480402e-09,1.369346e-08,7.086649e-09,111.14,96.07,10500.92,9076.85,54.77,46.24
4.86337,6,0.3942,0.020,0.018,5.316,5.912,0.9878,0.00963,270.34,52.88,0.56614652,0.7190060804,2.22,1.709937e-08,9.460305e-09,1.365646e-08,7.074813e-09,110.91,96.27,10479.75,9096.33,54.64,46.35
4.86362,6,0.3943,0.020,0.018,5.316,5.912,0.9878,0.00963,270.34,52.88,0.56614552,0.7190048104,2.22,1.70633e-08,9.443098e-09,1.362628e-08,7.04902e-09,111.01,96.01,10489.24,9071.52,54.70,46.21
4.86388,6,0.3943,0.020,0.018,5.316,5.912,0.9878,0.00963,270.34,52.88,0.56614448,0.7190034895999999,2.22,1.703176e-08,9.424562e-09,1.358873e-08,7.040604e-09,110.99,96.32,10486.55,9101.00,54.68,46.38
4.86412,6,0.3943,0.020,0.018,5.316,5.912,0.9878,0.00963,270.34,52.88,0.56614352,0.7190022704,2.22,1.70067e-08,9.401865e-09,1.356969e-08,7.020237e-09,110.75,96.02,10464.55,9072.83,54.55,46.21
4.86437,6,0.3944,0.020,0.018,5.316,5.912,0.9878,0.00963,270.34,52.88,0.56614252,0.7190010004,2.22,1.69903e-08,9.390309e-09,1.353342e-08,6.998387e-09,110.72,95.96,10461.00,9066.85,54.53,46.18
4.86463,6,0.3944,0.020,0.018,5.316,5.912,0.9878,0.00963,270.34,52.88,0.56614148,0.7189996796,2.22,1.693282e-08,9.376143e-09,1.350103e-08,6.980378e-09,111.18,95.92,10505.09,9063.46,54.80,46.16
4.86487,6,0.3944,0.020,0.018,5.316,5.912,0.9878,0.00963,270.34,52.88,0.5661405199999999,0.7189984603999999,2.22,1.692394e-08,9.36157e-09,1.347825e-08,6.968393e-09,110.93,95.92,10480.86,9062.91,54.65,46.15
4.86512,6,0.3945,0.020,0.018,5.316,5.912,0.9878,0.00963,270.34,52.88,0.56613952,0.7189971904,2.22,1.691564e-08,9.348417e-09,1.346742e-08,6.952768e-09,110.73,95.66,10462.08,9038.22,54.54,46.01
4.86538,6,0.3945,0.020,0.018,5.316,5.912,0.9878,0.00963,270.34,52.88,0.56613848,0.7189958696000001,2.22,1.690197e-08,9.33745e-09,1.34388e-08,6.943964e-09,110.64,95.83,10453.54,9054.32,54.49,46.10
4.86562,6,0.3945,0.020,0.018,5.316,5.912,0.9878,0.00963,270.34,52.88,0.56613752,0.7189946504,2.22,1.688578e-08,9.333778e-09,1.341178e-08,6.925806e-09,110.78,95.71,10466.75,9042.98,54.56,46.03
4.86587,6,0.3946,0.020,0.018,5.316,5.912,0.9878,0.00963,270.34,52.88,0.5661365199999999,0.7189933803999999,2.22,1.688227e-08,9.323192e-09,1.339642e-08,6.915426e-09,110.58,95.66,10447.74,9038.66,54.45,46.01
4.86613,6,0.3946,0.020,0.018,5.316,5.912,0.9878,0.00963,270.34,52.88,0.5661354799999999,0.7189920595999999,2.22,1.686878e-08,9.314502e-09,1.336726e-08,6.903896e-09,110.54,95.76,10444.63,9048.20,54.43,46.07
4.86637,6,0.3946,0.020,0.018,5.316,5.912,0.9878,0.00963,270.34,52.88,0.56613452,0.7189908403999999,2.22,1.686355e-08,9.316439e-09,1.33692e-08,6.892498e-09,110.67,95.41,10456.73,9014.66,54.50,45.86
4.86662,6,0.3947,0.020,0.018,5.316,5.912,0.9878,0.00963,270.34,52.88,0.56613352,0.7189895703999999,2.22,1.68752e-08,9.310087e-09,1.333785e-08,6.888528e-09,110.36,95.78,10427.37,9050.01,54.33,46.08
4.86688,6,0.3947,0.020,0.018,5.316,5.912,0.9878,0.00964,270.34,52.88,0.5661324799999999,0.7189882496,2.22,1.687629e-08,9.307212e-09,1.334227e-08,6.877726e-09,110.27,95.41,10418.69,9014.54,54.28,45.86
4.86712,6,0.3947,0.020,0.018,5.316,5.912,0.9878,0.00964,270.34,52.88,0.56613152,0.7189870304,2.22,1.687766e-08,9.30677e-09,1.332579e-08,6.873e-09,110.24,95.52,10415.70,9024.75,54.26,45.92
4.86738,6,0.3948,0.020,0.018,5.315,5.912,0.9878,0.00964,270.34,52.88,0.56613048,0.7189857096,2.22,1.688298e-08,9.306492e-09,1.332104e-08,6.869787e-09,110.18,95.52,10410.33,9024.97,54.23,45.93
4.86763,6,0.3948,0.020,0.018,5.315,5.912,0.9878,0.00964,270.34,52.88,0.56612948,0.7189844395999999,2.22,1.689474e-08,9.312262e-09,1.331716e-08,6.861058e-09,110.16,95.32,10408.56,9006.73,54.22,45.82
4.86787,6,0.3948,0.020,0.018,5.315,5.912,0.9878,0.00964,270.34,52.88,0.5661285199999999,0.7189832203999998,2.22,1.691445e-08,9.326944e-09,1.329804e-08,6.854292e-09,110.26,95.41,10418.06,9015.10,54.27,45.87
4.86813,6,0.3949,0.020,0.018,5.315,5.912,0.9878,0.00964,270.34,52.88,0.56612748,0.7189818996,2.22,1.693303e-08,9.327635e-09,1.329557e-08,6.855485e-09,110.04,95.51,10396.96,9024.08,54.15,45.92
4.86838,6,0.3949,0.020,0.018,5.315,5.912,0.9878,0.00964,270.34,52.88,0.56612648,0.7189806296,2.22,1.694382e-08,9.333288e-09,1.330186e-08,6.852089e-09,110.03,95.32,10396.24,9006.07,54.14,45.81
4.86862,6,0.3949,0.020,0.018,5.315,5.912,0.9878,0.00964,270.34,52.88,0.5661255199999999,0.7189794103999999,2.22,1.697056e-08,9.347021e-09,1.33027e-08,6.845113e-09,110.00,95.11,10393.77,8986.01,54.13,45.69
4.86888,6,0.3950,0.020,0.018,5.315,5.912,0.9878,0.00964,270.34,52.88,0.5661244799999999,0.7189780895999999,2.22,1.699417e-08,9.354904e-09,1.328845e-08,6.846377e-09,109.90,95.38,10383.75,9011.60,54.07,45.84
4.86913,6,0.3950,0.020,0.018,5.315,5.912,0.9878,0.00964,270.34,52.88,0.56612348,0.7189768196,2.22,1.70249e-08,9.368021e-09,1.329643e-08,6.849874e-09,109.80,95.36,10374.39,9009.93,54.01,45.83
4.86937,6,0.3950,0.020,0.018,5.315,5.912,0.9878,0.00964,270.34,52.88,0.56612252,0.7189756004,2.22,1.7059e-08,9.375447e-09,1.329378e-08,6.848989e-09,109.50,95.37,10346.57,9011.23,53.84,45.84
4.86963,6,0.3951,0.020,0.018,5.315,5.912,0.9878,0.00964,270.34,52.88,0.56612148,0.7189742795999999,2.22,1.706395e-08,9.385737e-09,1.329933e-08,6.84634e-09,109.73,95.24,10367.75,8998.58,53.97,45.77
4.86988,6,0.3951,0.020,0.018,5.315,5.912,0.9878,0.00964,270.34,52.88,0.5661204799999999,0.7189730095999999,2.22,1.711103e-08,9.40555e-09,1.329958e-08,6.852236e-09,109.57,95.40,10352.87,9014.21,53.88,45.86
4.87012,6,0.3951,0.020,0.018,5.315,5.912,0.9878,0.00964,270.34,52.88,0.56611952,0.7189717904,2.22,1.714145e-08,9.420489e-09,1.331444e-08,6.852438e-09,109.53,95.19,10348.53,8994.03,53.85,45.74
4.87038,6,0.3952,0.020,0.018,5.315,5.912,0.9878,0.00964,270.34,52.88,0.56611848,0.7189704696,2.22,1.716172e-08,9.429472e-09,1.332157e-08,6.852999e-09,109.50,95.13,10345.89,8987.91,53.84,45.70
4.87063,6,0.3952,0.020,0.018,5.315,5.912,0.9878,0.00964,270.34,52.88,0.56611748,0.7189691995999999,2.22,1.720128e-08,9.441368e-09,1.332802e-08,6.855111e-09,109.25,95.09,10322.01,8984.65,53.70,45.68
4.87087,6,0.3952,0.020,0.018,5.315,5.912,0.9878,0.00964,270.34,52.88,0.56611652,0.7189679804,2.22,1.723965e-08,9.458009e-09,1.332582e-08,6.86296e-09,109.13,95.35,10311.33,9008.93,53.63,45.83
4.87113,6,0.3953,0.020,0.018,5.315,5.912,0.9878,0.00964,270.34,52.88,0.56611548,0.7189666596000001,2.22,1.726732e-08,9.471639e-09,1.334012e-08,6.864931e-09,109.12,95.22,10310.20,8996.63,53.62,45.75
4.87137,6,0.3953,0.020,0.018,5.315,5.912,0.9878,0.00964,270.35,52.88,0.56611452,0.7189654404,2.22,1.730327e-08,9.488026e-09,1.334936e-08,6.866728e-09,109.04,95.13,10302.19,8988.65,53.58,45.71
4.87162,6,0.3953,0.020,0.018,5.315,5.912,0.9878,0.00964,270.35,52.88,0.5661135199999999,0.7189641703999999,2.22,1.733198e-08,9.501701e-09,1.334967e-08,6.871665e-09,108.98,95.27,10297.23,9001.54,53.55,45.78
4.87188,6,0.3954,0.020,0.018,5.315,5.912,0.9878,0.00964,270.35,52.88,0.5661124799999999,0.7189628495999999,2.22,1.736699e-08,9.519335e-09,1.336438e-08,6.870146e-09,108.97,95.03,10296.10,8979.33,53.54,45.65
4.87212,6,0.3954,0.020,0.018,5.315,5.912,0.9878,0.00964,270.35,52.88,0.56611152,0.7189616303999999,2.22,1.739047e-08,9.532839e-09,1.337737e-08,6.876832e-09,108.99,95.03,10297.62,8979.36,53.55,45.65
4.87237,6,0.3954,0.020,0.018,5.315,5.912,0.9878,0.00964,270.35,52.88,0.56611052,0.7189603604,2.22,1.741941e-08,9.545598e-09,1.338526e-08,6.882984e-09,108.91,95.09,10290.21,8984.99,53.50,45.68
4.87263,6,0.3955,0.020,0.018,5.314,5.912,0.9878,0.00964,270.35,52.88,0.5661094799999999,0.7189590396,2.22,1.745057e-08,9.554667e-09,1.33867e-08,6.887998e-09,108.73,95.24,10273.77,8998.75,53.41,45.77
4.87287,6,0.3955,0.020,0.018,5.314,5.912,0.9878,0.00964,270.35,52.88,0.56610852,0.7189578204,2.22,1.748482e-08,9.573474e-09,1.340459e-08,6.891673e-09,108.74,95.08,10273.89,8983.90,53.41,45.68
4.87312,6,0.3955,0.020,0.018,5.314,5.912,0.9878,0.00964,270.35,52.88,0.56610752,0.7189565504,2.22,1.750437e-08,9.584469e-09,1.340354e-08,6.891991e-09,108.74,95.11,10274.58,8986.20,53.41,45.69
4.87338,6,0.3956,0.020,0.018,5.314,5.912,0.9878,0.00964,270.35,52.88,0.56610648,0.7189552296,2.22,1.752713e-08,9.587133e-09,1.341337e-08,6.898384e-09,108.53,95.17,10254.02,8992.07,53.29,45.73
4.87362,6,0.3956,0.020,0.018,5.314,5.912,0.9878,0.00964,270.35,52.88,0.5661055199999999,0.7189540104,2.22,1.755627e-08,9.594753e-09,1.342121e-08,6.902345e-09,108.32,95.17,10234.43,8991.88,53.17,45.72
4.87387,6,0.3956,0.020,0.018,5.314,5.912,0.9878,0.00964,270.35,52.88,0.56610452,0.7189527404,2.22,1.758529e-08,9.613978e-09,1.34284e-08,6.908338e-09,108.40,95.23,10242.34,8998.03,53.22,45.76
4.87413,6,0.3957,0.020,0.018,5.314,5.912,0.9878,0.00964,270.35,52.88,0.56610348,0.7189514196,2.22,1.760377e-08,9.616799e-09,1.345011e-08,6.907817e-09,108.25,94.93,10227.84,8969.05,53.13,45.59
4.87437,6,0.3957,0.020,0.018,5.314,5.912,0.9878,0.00964,270.35,52.88,0.5661025199999999,0.7189502003999999,2.22,1.761662e-08,9.62391e-09,1.346076e-08,6.914103e-09,108.25,94.95,10228.05,8971.22,53.13,45.60
4.87462,6,0.3957,0.020,0.018,5.314,5.912,0.9878,0.00964,270.35,52.88,0.5661015199999999,0.7189489303999999,2.22,1.763633e-08,9.638023e-09,1.347158e-08,6.921435e-09,108.33,95.00,10235.88,8975.96,53.18,45.63
4.87488,6,0.3958,0.020,0.018,5.314,5.912,0.9878,0.00964,270.35,52.88,0.5661004799999999,0.7189476095999999,2.22,1.766108e-08,9.634143e-09,1.347851e-08,6.924736e-09,107.93,95.02,10197.85,8977.53,52.95,45.64
4.87512,6,0.3958,0.020,0.018,5.314,5.912,0.9878,0.00964,270.35,52.88,0.56609952,0.7189463904,2.22,1.767248e-08,9.644262e-09,1.348184e-08,6.928868e-09,108.03,95.08,10206.93,8983.99,53.00,45.68
4.87538,6,0.3958,0.020,0.018,5.314,5.912,0.9878,0.00964,270.35,52.88,0.56609848,0.7189450695999999,2.22,1.768521e-08,9.649548e-09,1.348917e-08,6.931483e-09,107.99,95.05,10203.06,8980.92,52.98,45.66
4.87563,6,0.3959,0.020,0.018,5.314,5.912,0.9878,0.00964,270.35,52.88,0.5660974799999999,0.7189437995999999,2.22,1.770201e-08,9.651108e-09,1.349952e-08,6.935033e-09,107.83,95.03,10187.97,8978.48,52.89,45.64
4.87587,6,0.3959,0.020,0.018,5.314,5.912,0.9878,0.00964,270.35,52.88,0.56609652,0.7189425804,2.22,1.771061e-08,9.664425e-09,1.351466e-08,6.943067e-09,108.04,95.03,10208.01,8979.16,53.01,45.65
4.87613,6,0.3959,0.020,0.018,5.314,5.912,0.9878,0.00964,270.35,52.88,0.56609548,0.7189412596,2.22,1.772419e-08,9.656974e-09,1.352061e-08,6.944209e-09,107.67,94.98,10173.54,8974.07,52.80,45.62
4.87638,6,0.3960,0.020,0.018,5.314,5.912,0.9878,0.00964,270.35,52.88,0.56609448,0.7189399895999999,2.22,1.774566e-08,9.664631e-09,1.353512e-08,6.947527e-09,107.60,94.89,10166.77,8965.37,52.76,45.56
4.87662,6,0.3960,0.020,0.018,5.314,5.912,0.9878,0.00964,270.35,52.88,0.5660935199999999,0.7189387703999999,2.22,1.775129e-08,9.669202e-09,1.353584e-08,6.958876e-09,107.64,95.20,10170.25,8994.52,52.78,45.74
4.87688,6,0.3960,0.020,0.018,5.314,5.912,0.9878,0.00964,270.35,52.88,0.56609248,0.7189374496000001,2.22,1.775456e-08,9.666474e-09,1.355891e-08,6.95491e-09,107.53,94.75,10159.84,8952.60,52.72,45.49
4.87713,6,0.3961,0.020,0.018,5.314,5.912,0.9878,0.00964,270.35,52.88,0.56609148,0.7189361796,2.22,1.776796e-08,9.675368e-09,1.356874e-08,6.967274e-09,107.59,94.98,10166.09,8974.22,52.76,45.62
4.87737,6,0.3961,0.020,0.018,5.314,5.912,0.9878,0.00964,270.35,52.88,0.5660905199999999,0.7189349603999999,2.22,1.778486e-08,9.673149e-09,1.357399e-08,6.967352e-09,107.32,94.91,10139.81,8967.30,52.60,45.58
4.87763,6,0.3961,0.020,0.018,5.314,5.912,0.9878,0.00964,270.35,52.88,0.5660894799999999,0.7189336395999999,2.22,1.779102e-08,9.678645e-09,1.35809e-08,6.973639e-09,107.37,94.98,10144.74,8974.54,52.63,45.62
4.87788,6,0.3962,0.020,0.018,5.313,5.912,0.9878,0.00964,270.35,52.88,0.56608848,0.7189323696000001,2.22,1.779668e-08,9.679836e-09,1.359656e-08,6.98062e-09,107.35,94.98,10142.96,8974.00,52.62,45.62
4.87812,6,0.3962,0.020,0.018,5.313,5.912,0.9878,0.00964,270.35,52.88,0.56608752,0.7189311504,2.22,1.78187e-08,9.680648e-09,1.360462e-08,6.984507e-09,107.08,94.97,10117.37,8973.34,52.47,45.61
4.87838,6,0.3962,0.020,0.018,5.313,5.912,0.9878,0.00964,270.35,52.88,0.56608648,0.7189298296,2.22,1.782492e-08,9.682535e-09,1.36267e-08,6.987452e-09,107.04,94.74,10113.96,8951.25,52.45,45.48
4.87863,6,0.3963,0.020,0.018,5.313,5.912,0.9878,0.00964,270.35,52.88,0.5660854799999999,0.7189285595999999,2.22,1.782944e-08,9.681812e-09,1.365137e-08,6.99767e-09,106.99,94.69,10109.25,8947.13,52.42,45.45
4.87887,6,0.3963,0.020,0.018,5.313,5.912,0.9878,0.00964,270.35,52.88,0.56608452,0.7189273404,2.22,1.785091e-08,9.69234e-09,1.36624e-08,7.004887e-09,106.97,94.74,10106.67,8951.23,52.40,45.48
4.87913,6,0.3963,0.020,0.018,5.313,5.912,0.9878,0.00964,270.35,52.88,0.56608348,0.7189260196,2.22,1.786466e-08,9.694184e-09,1.368507e-08,7.018476e-09,106.83,94.79,10093.86,8956.37,52.32,45.51
4.87937,6,0.3964,0.020,0.018,5.313,5.912,0.9878,0.00964,270.35,52.88,0.5660825199999999,0.7189248004,2.22,1.787499e-08,9.696533e-09,1.369278e-08,7.025186e-09,106.78,94.89,10089.00,8965.85,52.30,45.57
4.87962,6,0.3964,0.020,0.018,5.313,5.912,0.9878,0.00964,270.35,52.88,0.56608152,0.7189235304,2.22,1.789726e-08,9.704035e-09,1.372198e-08,7.032383e-09,106.67,94.68,10078.61,8945.52,52.23,45.44
4.87988,6,0.3964,0.020,0.018,5.313,5.912,0.9878,0.00964,270.35,52.88,0.56608048,0.7189222096,2.22,1.791591e-08,9.709986e-09,1.374432e-08,7.043437e-09,106.57,94.67,10069.18,8944.49,52.18,45.44
4.88012,6,0.3965,0.020,0.018,5.313,5.912,0.9878,0.00964,270.35,52.88,0.56607952,0.7189209903999999,2.22,1.793477e-08,9.72126e-09,1.375616e-08,7.057318e-09,106.62,94.91,10074.10,8967.11,52.21,45.57
4.88037,6,0.3965,0.020,0.018,5.313,5.912,0.9878,0.00964,270.35,52.88,0.5660785199999999,0.7189197204,2.22,1.795321e-08,9.725432e-09,1.378683e-08,7.070134e-09,106.48,94.82,10060.95,8959.52,52.13,45.53
4.88063,6,0.3965,0.020,0.018,5.313,5.912,0.9878,0.00964,270.35,52.88,0.5660774799999999,0.7189183995999999,2.22,1.797989e-08,9.731206e-09,1.380725e-08,7.075873e-09,106.28,94.69,10041.41,8947.23,52.01,45.45
4.88087,6,0.3966,0.020,0.018,5.313,5.912,0.9878,0.00964,270.35,52.88,0.56607652,0.7189171804,2.22,1.80138e-08,9.744932e-09,1.384048e-08,7.090438e-09,106.19,94.65,10033.55,8943.11,51.96,45.43
4.88112,6,0.3966,0.020,0.018,5.313,5.912,0.9878,0.00964,270.35,52.88,0.5660755199999999,0.7189159103999999,2.22,1.802773e-08,9.748098e-09,1.38674e-08,7.102245e-09,106.09,94.60,10023.77,8937.99,51.90,45.40
4.88138,6,0.3966,0.020,0.018,5.313,5.912,0.9878,0.00964,270.35,52.88,0.5660744799999999,0.7189145895999999,2.22,1.806236e-08,9.769751e-09,1.389127e-08,7.113645e-09,106.16,94.57,10030.31,8935.87,51.94,45.39
4.88162,6,0.3967,0.020,0.018,5.313,5.912,0.9878,0.00964,270.35,52.88,0.56607352,0.7189133704,2.22,1.807899e-08,9.776321e-09,1.392403e-08,7.12998e-09,106.13,94.59,10027.42,8936.99,51.93,45.39
4.88187,6,0.3967,0.020,0.018,5.313,5.912,0.9878,0.00964,270.35,52.88,0.56607252,0.7189121004,2.22,1.811457e-08,9.787875e-09,1.395656e-08,7.14758e-09,105.95,94.61,10010.31,8939.40,51.82,45.41
4.88213,6,0.3967,0.020,0.018,5.313,5.912,0.9878,0.00964,270.35,52.88,0.56607148,0.7189107795999999,2.22,1.815607e-08,9.804745e-09,1.399367e-08,7.169632e-09,105.82,94.69,9997.99,8947.20,51.75,45.45
4.88237,6,0.3968,0.020,0.018,5.313,5.912,0.9878,0.00964,270.35,52.88,0.5660705199999999,0.7189095603999999,2.22,1.819804e-08,9.824311e-09,1.402409e-08,7.186714e-09,105.77,94.76,9993.65,8953.27,51.72,45.49
4.88262,6,0.3968,0.020,0.018,5.313,5.912,0.9878,0.00964,270.35,52.88,0.56606952,0.7189082904,2.22,1.8224e-08,9.837438e-09,1.406603e-08,7.198521e-09,105.75,94.50,9991.69,8928.63,51.71,45.34
4.88288,6,0.3968,0.020,0.018,5.313,5.912,0.9878,0.00964,270.35,52.88,0.56606848,0.7189069696,2.22,1.825505e-08,9.849858e-09,1.409363e-08,7.216651e-09,105.65,94.61,9982.13,8938.80,51.65,45.40
4.88312,6,0.3969,0.020,0.018,5.312,5.912,0.9878,0.00964,270.35,52.88,0.5660675199999999,0.7189057503999999,2.22,1.828835e-08,9.864582e-09,1.41389e-08,7.243104e-09,105.60,94.72,9977.52,8949.34,51.63,45.47
4.88338,6,0.3969,0.020,0.018,5.312,5.912,0.9878,0.00964,270.35,52.88,0.5660664799999999,0.7189044295999999,2.22,1.833197e-08,9.893923e-09,1.417466e-08,7.261445e-09,105.73,94.72,9990.27,8949.39,51.70,45.47
4.88363,6,0.3969,0.020,0.018,5.312,5.912,0.9878,0.00964,270.35,52.88,0.56606548,0.7189031596000001,2.22,1.837681e-08,9.902721e-09,1.421851e-08,7.280998e-09,105.38,94.64,9956.62,8942.06,51.50,45.42
4.88387,6,0.3970,0.020,0.018,5.312,5.912,0.9878,0.00964,270.35,52.88,0.56606452,0.7189019404,2.22,1.840303e-08,9.918998e-09,1.42598e-08,7.299104e-09,105.45,94.58,9963.81,8936.69,51.54,45.39
4.88413,6,0.3970,0.020,0.018,5.312,5.912,0.9878,0.00964,270.35,52.88,0.56606348,0.7189006196,2.22,1.84483e-08,9.942812e-09,1.428682e-08,7.321153e-09,105.44,94.80,9962.53,8957.29,51.54,45.51
4.88438,6,0.3970,0.020,0.018,5.312,5.912,0.9878,0.00964,270.35,52.88,0.5660624799999999,0.7188993495999999,2.22,1.849395e-08,9.957801e-09,1.433548e-08,7.344532e-09,105.22,94.76,9941.72,8953.40,51.41,45.49
4.88462,6,0.3971,0.020,0.018,5.312,5.912,0.9878,0.00964,270.35,52.88,0.56606152,0.7188981304,2.22,1.854623e-08,9.976197e-09,1.438525e-08,7.365477e-09,105.02,94.66,9923.20,8944.31,51.30,45.44
4.88488,6,0.3971,0.020,0.018,5.312,5.912,0.9878,0.00964,270.35,52.88,0.56606048,0.7188968096,2.22,1.858541e-08,9.998605e-09,1.442057e-08,7.387947e-09,105.05,94.78,9926.06,8955.21,51.32,45.50
4.88513,6,0.3971,0.020,0.018,5.312,5.912,0.9878,0.00964,270.35,52.88,0.56605948,0.7188955396,2.22,1.861958e-08,1.002229e-08,1.445554e-08,7.411862e-09,105.17,94.94,9937.44,8970.10,51.39,45.59
4.88537,6,0.3972,0.020,0.018,5.312,5.912,0.9878,0.00964,270.35,52.88,0.56605852,0.7188943204,2.22,1.866109e-08,1.004228e-08,1.450247e-08,7.428932e-09,105.15,94.78,9934.90,8955.06,51.37,45.50
4.88563,6,0.3972,0.020,0.018,5.312,5.912,0.9878,0.00964,270.35,52.88,0.56605748,0.7188929996,2.22,1.871132e-08,1.005856e-08,1.45537e-08,7.453591e-09,104.91,94.74,9911.96,8951.16,51.23,45.48
4.88588,6,0.3972,0.020,0.018,5.312,5.912,0.9878,0.00964,270.35,52.88,0.56605648,0.7188917296,2.22,1.87553e-08,1.007747e-08,1.460816e-08,7.475225e-09,104.80,94.57,9901.91,8935.82,51.17,45.38
4.88612,6,0.3973,0.020,0.018,5.312,5.912,0.9878,0.00964,270.35,52.88,0.5660555199999999,0.7188905104,2.22,1.878813e-08,1.009536e-08,1.46373e-08,7.497942e-09,104.83,94.80,9904.93,8957.17,51.19,45.51
4.88638,6,0.3973,0.020,0.018,5.312,5.912,0.9878,0.00964,270.35,52.88,0.5660544799999999,0.7188891895999999,2.22,1.882097e-08,1.011547e-08,1.469529e-08,7.520181e-09,104.89,94.61,9910.15,8938.97,51.22,45.40
4.88663,6,0.3973,0.020,0.018,5.312,5.912,0.9878,0.00964,270.35,52.88,0.56605348,0.7188879196,2.22,1.886716e-08,1.012918e-08,1.47227e-08,7.546265e-09,104.64,94.92,9886.70,8968.32,51.08,45.58
4.88687,6,0.3974,0.020,0.018,5.312,5.912,0.9878,0.00964,270.35,52.88,0.56605252,0.7188867003999999,2.22,1.89045e-08,1.014769e-08,1.476987e-08,7.564685e-09,104.63,94.79,9885.95,8956.59,51.08,45.51
4.88713,6,0.3974,0.020,0.018,5.312,5.912,0.9878,0.00964,270.35,52.88,0.5660514799999999,0.7188853796,2.22,1.895638e-08,1.016859e-08,1.481016e-08,7.582664e-09,104.48,94.73,9871.39,8950.17,50.99,45.47
4.88737,6,0.3974,0.020,0.018,5.312,5.912,0.9878,0.00964,270.35,52.88,0.56605052,0.7188841604,2.22,1.897566e-08,1.018619e-08,1.486367e-08,7.612555e-09,104.64,94.79,9886.58,8956.18,51.08,45.51
4.88762,6,0.3975,0.020,0.018,5.312,5.912,0.9878,0.00964,270.35,52.88,0.56604952,0.7188828904,2.22,1.902185e-08,1.021071e-08,1.488721e-08,7.632807e-09,104.66,95.02,9888.50,8978.20,51.09,45.64
4.88788,6,0.3975,0.020,0.018,5.312,5.912,0.9878,0.00964,270.35,52.88,0.56604848,0.7188815695999999,2.22,1.905128e-08,1.021867e-08,1.494576e-08,7.653798e-09,104.48,94.79,9872.15,8956.52,50.99,45.51
4.88812,6,0.3975,0.020,0.018,5.312,5.912,0.9878,0.00964,270.35,52.88,0.5660475199999999,0.7188803503999999,2.22,1.909247e-08,1.022258e-08,1.498038e-08,7.672771e-09,104.08,94.82,9834.42,8959.49,50.77,45.53
4.88837,6,0.3976,0.020,0.018,5.311,5.912,0.9878,0.00964,270.35,52.88,0.56604652,0.7188790804,2.22,1.910346e-08,1.024362e-08,1.501555e-08,7.689901e-09,104.44,94.83,9868.32,8959.64,50.97,45.53
4.88863,6,0.3976,0.020,0.018,5.311,5.912,0.9878,0.00964,270.35,52.88,0.56604548,0.7188777596,2.22,1.913962e-08,1.02576e-08,1.504903e-08,7.710705e-09,104.32,94.92,9857.11,8968.36,50.90,45.58
4.88887,6,0.3976,0.020,0.018,5.311,5.912,0.9878,0.00964,270.35,52.88,0.5660445199999999,0.7188765403999999,2.22,1.915295e-08,1.026556e-08,1.50946e-08,7.730224e-09,104.34,94.82,9858.80,8959.25,50.91,45.52
4.88912,6,0.3977,0.020,0.018,5.311,5.912,0.9878,0.00964,270.35,52.88,0.5660435199999999,0.7188752703999999,2.22,1.918302e-08,1.028046e-08,1.512913e-08,7.751654e-09,104.34,94.94,9858.77,8970.39,50.91,45.59
4.88938,6,0.3977,0.020,0.018,5.311,5.912,0.9878,0.00964,270.35,52.88,0.5660424799999999,0.7188739495999998,2.22,1.921203e-08,1.028992e-08,1.518358e-08,7.766631e-09,104.21,94.62,9846.22,8939.89,50.84,45.41
4.88962,6,0.3977,0.020,0.018,5.311,5.912,0.9878,0.00964,270.35,52.88,0.56604152,0.7188727304,2.22,1.922346e-08,1.029805e-08,1.521119e-08,7.788958e-09,104.25,94.82,9850.35,8959.21,50.86,45.52
4.88987,6,0.3978,0.020,0.018,5.311,5.912,0.9878,0.00964,270.35,52.88,0.5660405199999999,0.7188714603999999,2.22,1.923944e-08,1.030106e-08,1.523449e-08,7.799059e-09,104.16,94.80,9841.41,8957.16,50.81,45.51
4.89013,6,0.3978,0.020,0.018,5.311,5.912,0.9878,0.00964,270.35,52.88,0.5660394799999999,0.7188701395999999,2.22,1.924942e-08,1.030904e-08,1.527639e-08,7.821635e-09,104.22,94.83,9846.83,8959.80,50.84,45.53
4.89037,6,0.3978,0.020,0.018,5.311,5.912,0.9878,0.00964,270.35,52.88,0.56603852,0.7188689203999999,2.22,1.927254e-08,1.031846e-08,1.530402e-08,7.83338e-09,104.15,94.77,9840.75,8954.17,50.80,45.49
4.89062,6,0.3979,0.020,0.018,5.311,5.912,0.9878,0.00964,270.35,52.88,0.56603752,0.7188676504,2.22,1.928795e-08,1.031224e-08,1.534018e-08,7.852523e-09,103.86,94.81,9813.58,8957.91,50.64,45.51
4.89088,6,0.3979,0.020,0.018,5.311,5.912,0.9878,0.00964,270.35,52.88,0.56603648,0.7188663296,2.22,1.929704e-08,1.031446e-08,1.536799e-08,7.868881e-09,103.81,94.86,9808.19,8962.86,50.61,45.54
4.89112,6,0.3979,0.020,0.018,5.311,5.912,0.9878,0.00964,270.35,52.88,0.56603552,0.7188651104,2.22,1.929295e-08,1.032693e-08,1.540153e-08,7.886908e-09,104.12,94.88,9838.18,8964.85,50.79,45.56
4.89138,6,0.3980,0.020,0.018,5.311,5.912,0.9878,0.00964,270.35,52.88,0.56603448,0.7188637896,2.22,1.931161e-08,1.032143e-08,1.543846e-08,7.898863e-09,103.82,94.73,9808.98,8950.94,50.61,45.47
4.89163,6,0.3980,0.020,0.018,5.311,5.912,0.9878,0.00964,270.35,52.88,0.56603348,0.7188625196,2.22,1.930796e-08,1.033322e-08,1.545174e-08,7.908339e-09,104.11,94.80,9837.08,8957.16,50.78,45.51
4.89187,6,0.3980,0.020,0.018,5.311,5.912,0.9878,0.00964,270.35,52.88,0.5660325199999999,0.7188613004,2.22,1.930809e-08,1.032708e-08,1.549205e-08,7.923251e-09,103.98,94.66,9824.37,8943.94,50.70,45.43
4.89213,6,0.3981,0.020,0.018,5.311,5.912,0.9878,0.00964,270.35,52.88,0.5660314799999999,0.7188599795999999,2.22,1.932067e-08,1.033011e-08,1.551438e-08,7.936769e-09,103.92,94.73,9819.28,8951.03,50.67,45.47
4.89238,6,0.3981,0.020,0.018,5.311,5.912,0.9878,0.00964,270.35,52.88,0.56603048,0.7188587096,2.22,1.932686e-08,1.032492e-08,1.556362e-08,7.9553e-09,103.74,94.57,9801.94,8935.71,50.57,45.38
4.89262,6,0.3981,0.020,0.018,5.311,5.912,0.9878,0.00964,270.35,52.88,0.56602952,0.7188574903999999,2.22,1.933503e-08,1.032412e-08,1.556811e-08,7.965674e-09,103.63,94.77,9791.42,8954.29,50.51,45.49
4.89288,6,0.3982,0.020,0.018,5.311,5.912,0.9878,0.00964,270.35,52.88,0.56602848,0.7188561696,2.22,1.933661e-08,1.032136e-08,1.560424e-08,7.980637e-09,103.58,94.71,9786.55,8948.45,50.48,45.46
4.89313,6,0.3982,0.020,0.018,5.311,5.912,0.9878,0.00964,270.35,52.88,0.5660274799999999,0.7188548995999999,2.22,1.934665e-08,1.032047e-08,1.563924e-08,7.992766e-09,103.44,94.57,9773.86,8935.24,50.40,45.38
4.89337,6,0.3982,0.020,0.018,5.311,5.912,0.9878,0.00964,270.35,52.88,0.56602652,0.7188536804,2.22,1.932045e-08,1.031744e-08,1.565339e-08,8.006719e-09,103.68,94.73,9796.14,8950.61,50.54,45.47
4.89363,6,0.3983,0.020,0.018,5.310,5.912,0.9878,0.00964,270.35,52.88,0.56602548,0.7188523595999999,2.22,1.934418e-08,1.032009e-08,1.568599e-08,8.022182e-09,103.49,94.73,9778.22,8950.09,50.43,45.47
4.89388,6,0.3983,0.020,0.018,5.310,5.912,0.9878,0.00964,270.35,52.88,0.5660244799999999,0.7188510895999999,2.22,1.93373e-08,1.031741e-08,1.570862e-08,8.032043e-09,103.51,94.68,9780.23,8946.19,50.44,45.44
4.89412,6,0.3983,0.020,0.018,5.310,5.912,0.9878,0.00964,270.35,52.88,0.56602352,0.7188498704,2.22,1.932926e-08,1.031061e-08,1.574077e-08,8.047575e-09,103.46,94.66,9775.13,8944.13,50.41,45.43
4.89438,6,0.3984,0.020,0.018,5.310,5.912,0.9878,0.00964,270.35,52.88,0.56602248,0.7188485496,2.22,1.934042e-08,1.031804e-08,1.577637e-08,8.061878e-09,103.51,94.59,9780.58,8937.53,50.44,45.39
4.89462,6,0.3984,0.020,0.018,5.310,5.912,0.9878,0.00964,270.35,52.88,0.56602152,0.7188473303999999,2.22,1.935536e-08,1.030618e-08,1.581046e-08,8.07157e-09,103.09,94.41,9740.41,8920.06,50.20,45.29
4.89487,6,0.3984,0.020,0.018,5.310,5.912,0.9878,0.00964,270.35,52.88,0.5660205199999999,0.7188460603999999,2.22,1.933011e-08,1.029938e-08,1.583078e-08,8.088238e-09,103.23,94.56,9753.87,8934.27,50.28,45.37
4.89513,6,0.3985,0.020,0.018,5.310,5.912,0.9878,0.00964,270.35,52.88,0.5660194799999999,0.7188447396,2.22,1.933217e-08,1.030715e-08,1.585438e-08,8.102407e-09,103.40,94.63,9769.85,8941.27,50.38,45.41
4.89537,6,0.3985,0.020,0.018,5.310,5.912,0.9878,0.00964,270.35,52.88,0.56601852,0.7188435204,2.22,1.933756e-08,1.030226e-08,1.589692e-08,8.113715e-09,103.23,94.38,9754.11,8917.82,50.28,45.27
4.89562,6,0.3985,0.020,0.018,5.310,5.912,0.9878,0.00964,270.35,52.88,0.5660175199999999,0.7188422503999999,2.22,1.934025e-08,1.03067e-08,1.591122e-08,8.130653e-09,103.30,94.61,9760.20,8939.47,50.32,45.40
4.89588,6,0.3986,0.020,0.018,5.310,5.912,0.9878,0.00964,270.35,52.88,0.5660164799999999,0.7188409295999999,2.22,1.93453e-08,1.031139e-08,1.59499e-08,8.148161e-09,103.37,94.58,9766.70,8936.65,50.36,45.39
4.89612,6,0.3986,0.020,0.018,5.310,5.912,0.9878,0.00964,270.35,52.88,0.56601552,0.7188397104,2.22,1.934691e-08,1.0301e-08,1.599805e-08,8.164364e-09,103.13,94.38,9743.92,8917.90,50.22,45.27
4.89637,6,0.3986,0.020,0.018,5.310,5.912,0.9878,0.00964,270.35,52.88,0.56601452,0.7188384404,2.22,1.935196e-08,1.030255e-08,1.601586e-08,8.17542e-09,103.10,94.43,9741.62,8922.29,50.21,45.30
4.89663,6,0.3987,0.020,0.018,5.310,5.912,0.9878,0.00964,270.35,52.88,0.56601348,0.7188371196,2.22,1.935788e-08,1.030236e-08,1.605029e-08,8.195064e-09,103.06,94.50,9737.31,8929.13,50.18,45.34
4.89687,6,0.3987,0.020,0.018,5.310,5.912,0.9878,0.00964,270.35,52.88,0.5660125199999999,0.7188359003999999,2.22,1.934945e-08,1.03037e-08,1.608366e-08,8.212957e-09,103.18,94.52,9749.09,8931.03,50.25,45.35
4.89712,6,0.3988,0.020,0.018,5.310,5.912,0.9878,0.00964,270.35,52.88,0.56601152,0.7188346304,2.22,1.934802e-08,1.030567e-08,1.612441e-08,8.230654e-09,103.27,94.47,9757.07,8926.37,50.30,45.32
4.89738,6,0.3988,0.020,0.018,5.310,5.912,0.9878,0.00964,270.35,52.88,0.56601048,0.7188333096,2.22,1.935225e-08,1.030964e-08,1.61527e-08,8.2516e-09,103.30,94.63,9760.55,8940.77,50.32,45.41
4.89762,6,0.3988,0.020,0.018,5.310,5.912,0.9878,0.00964,270.35,52.88,0.5660095199999999,0.7188320904,2.22,1.936291e-08,1.031034e-08,1.620417e-08,8.267392e-09,103.20,94.38,9750.47,8917.62,50.26,45.27
4.89787,6,0.3989,0.020,0.018,5.310,5.912,0.9878,0.00964,270.35,52.88,0.56600852,0.7188308204,2.22,1.9366e-08,1.030906e-08,1.62342e-08,8.290301e-09,103.16,94.58,9747.00,8936.55,50.24,45.38
4.89813,6,0.3989,0.020,0.018,5.310,5.912,0.9878,0.00964,270.35,52.88,0.56600748,0.7188294996,2.22,1.937229e-08,1.031593e-08,1.627165e-08,8.307972e-09,103.23,94.55,9754.12,8933.36,50.28,45.36
4.89837,6,0.3989,0.020,0.018,5.310,5.912,0.9878,0.00964,270.35,52.88,0.56600652,0.7188282803999999,2.22,1.938064e-08,1.031497e-08,1.631675e-08,8.330047e-09,103.12,94.53,9743.20,8931.27,50.22,45.35
4.89863,6,0.3990,0.020,0.018,5.309,5.912,0.9878,0.00964,270.35,52.88,0.56600548,0.7188269596,2.22,1.939297e-08,1.031825e-08,1.63507e-08,8.348518e-09,103.07,94.58,9739.01,8936.00,50.19,45.38
4.89888,6,0.3990,0.020,0.018,5.309,5.912,0.9878,0.00964,270.35,52.88,0.5660044799999999,0.7188256895999999,2.22,1.938943e-08,1.032909e-08,1.637546e-08,8.370074e-09,103.35,94.78,9764.72,8955.49,50.34,45.50
4.89912,6,0.3990,0.020,0.018,5.309,5.912,0.9878,0.00964,270.35,52.88,0.56600352,0.7188244704,2.22,1.939774e-08,1.033019e-08,1.642129e-08,8.392188e-09,103.28,94.75,9757.99,8952.63,50.30,45.48
4.89938,6,0.3991,0.020,0.018,5.309,5.912,0.9878,0.00964,270.35,52.88,0.56600248,0.7188231495999999,2.22,1.940553e-08,1.033686e-08,1.647602e-08,8.408835e-09,103.36,94.52,9765.54,8930.28,50.35,45.35
4.89963,6,0.3991,0.020,0.018,5.309,5.912,0.9878,0.00964,270.35,52.88,0.56600148,0.7188218796,2.22,1.941723e-08,1.033557e-08,1.650968e-08,8.43872e-09,103.19,94.81,9750.35,8957.82,50.26,45.51
4.89987,6,0.3991,0.020,0.018,5.309,5.912,0.9878,0.00964,270.35,52.88,0.56600052,0.7188206604,2.22,1.942302e-08,1.034598e-08,1.655873e-08,8.458554e-09,103.35,94.69,9765.14,8946.49,50.35,45.44
4.90013,6,0.3992,0.020,0.018,5.309,5.912,0.9878,0.00964,270.35,52.88,0.56599948,0.7188193396,2.22,1.943935e-08,1.035242e-08,1.660663e-08,8.479124e-09,103.33,94.62,9763.03,8940.33,50.33,45.41
4.90038,6,0.3992,0.020,0.018,5.309,5.912,0.9878,0.00964,270.35,52.88,0.56599848,0.7188180695999999,2.22,1.943746e-08,1.035125e-08,1.664374e-08,8.499715e-09,103.33,94.66,9762.70,8943.86,50.33,45.43
4.90062,6,0.3992,0.020,0.018,5.309,5.912,0.9878,0.00964,270.35,52.88,0.5659975199999999,0.7188168503999999,2.22,1.944174e-08,1.036077e-08,1.668999e-08,8.526263e-09,103.48,94.73,9777.32,8950.15,50.42,45.46
4.90088,6,0.3993,0.020,0.018,5.309,5.912,0.9878,0.00964,270.35,52.88,0.5659964799999999,0.7188155296,2.22,1.943866e-08,1.036279e-08,1.672921e-08,8.540329e-09,103.58,94.61,9787.17,8939.61,50.48,45.40
4.90113,6,0.3993,0.020,0.018,5.309,5.912,0.9878,0.00964,270.35,52.88,0.56599548,0.7188142596,2.22,1.945375e-08,1.037212e-08,1.677779e-08,8.562012e-09,103.61,94.54,9789.77,8932.97,50.49,45.36
4.90137,6,0.3993,0.020,0.018,5.309,5.912,0.9878,0.00964,270.35,52.88,0.56599452,0.7188130403999999,2.22,1.944487e-08,1.037532e-08,1.682639e-08,8.582095e-09,103.78,94.44,9805.83,8922.95,50.59,45.30
4.90163,6,0.3994,0.020,0.018,5.309,5.912,0.9878,0.00964,270.35,52.88,0.5659934799999999,0.7188117195999999,2.22,1.946202e-08,1.037544e-08,1.687154e-08,8.610651e-09,103.61,94.59,9790.02,8936.89,50.50,45.38
4.90188,6,0.3994,0.020,0.018,5.309,5.912,0.9878,0.00964,270.35,52.88,0.5659924799999999,0.7188104495999998,2.22,1.948224e-08,1.039192e-08,1.691357e-08,8.63505e-09,103.74,94.65,9801.53,8943.13,50.56,45.42
4.90212,6,0.3994,0.020,0.018,5.309,5.912,0.9878,0.00964,270.35,52.88,0.56599152,0.7188092304,2.22,1.946521e-08,1.038923e-08,1.695507e-08,8.654194e-09,103.87,94.61,9814.48,8938.82,50.64,45.40
4.90238,6,0.3995,0.019,0.018,5.309,5.912,0.9878,0.00964,270.35,52.88,0.56599048,0.7188079096,2.22,1.947143e-08,1.038831e-08,1.700188e-08,8.676647e-09,103.81,94.60,9808.24,8937.93,50.60,45.39
4.90262,6,0.3995,0.019,0.018,5.309,5.912,0.9878,0.00964,270.35,52.88,0.5659895199999999,0.7188066903999999,2.22,1.947231e-08,1.040446e-08,1.704557e-08,8.698538e-09,104.14,94.59,9840.03,8937.08,50.79,45.39
4.90287,6,0.3995,0.019,0.018,5.309,5.912,0.9878,0.00964,270.35,52.88,0.56598852,0.7188054204,2.22,1.947939e-08,1.039516e-08,1.708147e-08,8.721901e-09,103.86,94.70,9813.51,8947.64,50.64,45.45
4.90313,6,0.3996,0.019,0.018,5.309,5.912,0.9878,0.00964,270.35,52.88,0.56598748,0.7188040996,2.22,1.947042e-08,1.039654e-08,1.712741e-08,8.73946e-09,104.02,94.59,9828.47,8937.56,50.72,45.39
4.90337,6,0.3996,0.019,0.018,5.309,5.912,0.9878,0.00964,270.35,52.88,0.5659865199999999,0.7188028804,2.22,1.948627e-08,1.040601e-08,1.716806e-08,8.763603e-09,104.04,94.67,9830.51,8944.64,50.74,45.43
4.90362,6,0.3996,0.019,0.018,5.309,5.912,0.9878,0.00964,270.35,52.88,0.5659855199999999,0.7188016103999999,2.22,1.946855e-08,1.040386e-08,1.719967e-08,8.785877e-09,104.20,94.80,9845.36,8957.43,50.83,45.51
4.90388,6,0.3997,0.019,0.018,5.308,5.912,0.9878,0.00964,270.35,52.88,0.56598448,0.7188002896,2.22,1.946372e-08,1.041155e-08,1.724905e-08,8.808628e-09,104.45,94.77,9868.73,8954.53,50.97,45.49
4.90412,6,0.3997,0.019,0.018,5.308,5.912,0.9878,0.00964,270.35,52.88,0.56598352,0.7187990704,2.22,1.946539e-08,1.041432e-08,1.727998e-08,8.824451e-09,104.49,94.77,9872.56,8954.59,50.99,45.49
4.90437,6,0.3997,0.019,0.018,5.308,5.912,0.9878,0.00964,270.35,52.88,0.5659825199999999,0.7187978004,2.22,1.946767e-08,1.040768e-08,1.732686e-08,8.849089e-09,104.32,94.79,9856.55,8956.03,50.89,45.50
4.90463,6,0.3998,0.019,0.018,5.308,5.912,0.9878,0.00964,270.35,52.88,0.5659814799999999,0.7187964795999999,2.22,1.945993e-08,1.041564e-08,1.735451e-08,8.869051e-09,104.61,94.94,9883.68,8970.34,51.05,45.58
4.90487,6,0.3998,0.019,0.018,5.308,5.912,0.9878,0.00964,270.35,52.88,0.56598052,0.7187952604,2.22,1.94541e-08,1.040838e-08,1.739841e-08,8.881366e-09,104.52,94.72,9875.23,8949.49,51.00,45.46
4.90512,6,0.3998,0.019,0.018,5.308,5.912,0.9878,0.00965,270.35,52.88,0.56597952,0.7187939903999999,2.22,1.943938e-08,1.040617e-08,1.744466e-08,8.908328e-09,104.64,94.79,9886.81,8956.37,51.07,45.50
4.90538,6,0.3999,0.019,0.018,5.308,5.912,0.9878,0.00965,270.35,52.88,0.56597848,0.7187926696,2.22,1.943024e-08,1.040547e-08,1.747055e-08,8.92549e-09,104.76,94.90,9897.86,8966.70,51.14,45.56
4.90562,6,0.3999,0.019,0.018,5.308,5.912,0.9878,0.00965,270.35,52.88,0.56597752,0.7187914504,2.22,1.941675e-08,1.039954e-08,1.751492e-08,8.949597e-09,104.78,94.93,9900.52,8969.65,51.16,45.58
4.90587,6,0.3999,0.019,0.018,5.308,5.912,0.9878,0.00965,270.35,52.88,0.56597652,0.7187901804,2.22,1.942138e-08,1.040591e-08,1.75509e-08,8.953196e-09,104.87,94.61,9908.49,8939.46,51.20,45.40
4.90613,6,0.4000,0.019,0.018,5.308,5.912,0.9878,0.00965,270.35,52.88,0.56597548,0.7187888595999999,2.22,1.939519e-08,1.039168e-08,1.758854e-08,8.97876e-09,104.89,94.77,9910.56,8954.65,51.22,45.49
4.90637,6,0.4000,0.019,0.018,5.308,5.912,0.9878,0.00965,270.35,52.88,0.5659745199999999,0.7187876403999999,2.22,1.939311e-08,1.039748e-08,1.761637e-08,8.996571e-09,105.04,94.85,9924.78,8961.99,51.30,45.53
4.90663,6,0.4000,0.019,0.018,5.308,5.912,0.9878,0.00965,270.35,52.88,0.5659734799999999,0.7187863196,2.22,1.938747e-08,1.039119e-08,1.765414e-08,9.015834e-09,104.97,94.85,9918.06,8961.94,51.26,45.53
4.90688,6,0.4001,0.019,0.018,5.308,5.912,0.9878,0.00965,270.35,52.88,0.56597248,0.7187850496,2.22,1.936653e-08,1.038196e-08,1.767979e-08,9.026115e-09,105.04,94.81,9924.65,8958.46,51.30,45.51
4.90712,6,0.4001,0.019,0.017,5.308,5.912,0.9878,0.00965,270.35,52.88,0.56597152,0.7187838303999999,2.22,1.936246e-08,1.038388e-08,1.771525e-08,9.042756e-09,105.13,94.78,9933.22,8955.60,51.35,45.50
4.90738,6,0.4001,0.019,0.017,5.308,5.912,0.9878,0.00965,270.36,52.88,0.5659704799999999,0.7187825095999999,2.22,1.93421e-08,1.038636e-08,1.773935e-08,9.067864e-09,105.42,95.06,9960.93,8981.51,51.52,45.65
4.90763,6,0.4002,0.019,0.017,5.308,5.912,0.9878,0.00965,270.36,52.88,0.5659694799999999,0.7187812396,2.22,1.93265e-08,1.036717e-08,1.77938e-08,9.074435e-09,105.21,94.63,9941.02,8940.90,51.40,45.41
4.90787,6,0.4002,0.019,0.017,5.308,5.912,0.9878,0.00965,270.36,52.88,0.56596852,0.7187800204,2.22,1.934005e-08,1.037261e-08,1.781131e-08,9.092425e-09,105.17,94.82,9937.24,8959.12,51.38,45.52
4.90813,6,0.4002,0.019,0.017,5.308,5.912,0.9878,0.00965,270.36,52.88,0.56596748,0.7187786996,2.22,1.930814e-08,1.036268e-08,1.784013e-08,9.09936e-09,105.33,94.66,9952.12,8943.50,51.46,45.42
4.90838,6,0.4003,0.019,0.017,5.308,5.912,0.9878,0.00965,270.36,52.88,0.5659664799999999,0.7187774295999999,2.22,1.931003e-08,1.03635e-08,1.787861e-08,9.121812e-09,105.35,94.74,9954.21,8951.39,51.48,45.47
4.90862,6,0.4003,0.019,0.017,5.308,5.912,0.9878,0.00965,270.36,52.88,0.56596552,0.7187762104000001,2.22,1.92944e-08,1.035593e-08,1.790202e-08,9.144632e-09,105.37,94.97,9955.91,8973.18,51.49,45.60
4.90888,6,0.4003,0.019,0.017,5.308,5.912,0.9878,0.00965,270.36,52.88,0.56596448,0.7187748896,2.22,1.926825e-08,1.034478e-08,1.794844e-08,9.159287e-09,105.43,94.78,9961.90,8955.08,51.52,45.49
4.90913,6,0.4004,0.019,0.017,5.307,5.912,0.9878,0.00965,270.36,52.88,0.56596348,0.7187736196,2.22,1.926274e-08,1.035131e-08,1.796168e-08,9.172913e-09,105.67,94.95,9984.15,8971.04,51.66,45.59
4.90937,6,0.4004,0.019,0.017,5.307,5.912,0.9878,0.00965,270.36,52.88,0.5659625199999999,0.7187724003999999,2.22,1.925856e-08,1.033982e-08,1.800568e-08,9.18444e-09,105.47,94.72,9964.90,8949.24,51.54,45.46
4.90963,6,0.4004,0.019,0.017,5.307,5.912,0.9878,0.00965,270.36,52.88,0.5659614799999999,0.7187710795999999,2.22,1.924782e-08,1.034203e-08,1.803505e-08,9.203172e-09,105.64,94.79,9981.52,8956.70,51.64,45.50
4.90988,6,0.4005,0.019,0.017,5.307,5.912,0.9878,0.00965,270.36,52.88,0.56596048,0.7187698096,2.22,1.925667e-08,1.03294e-08,1.807703e-08,9.226685e-09,105.28,94.86,9947.83,8963.08,51.44,45.54
4.91012,6,0.4005,0.019,0.017,5.307,5.912,0.9878,0.00965,270.36,52.88,0.5659595199999999,0.7187685904,2.22,1.924222e-08,1.032486e-08,1.809117e-08,9.23852e-09,105.36,94.96,9954.50,8972.24,51.48,45.59
4.91038,6,0.4005,0.019,0.017,5.307,5.912,0.9878,0.00965,270.36,52.88,0.5659584799999999,0.7187672695999999,2.22,1.9236e-08,1.033255e-08,1.813001e-08,9.258407e-09,105.60,94.96,9977.48,8972.34,51.62,45.59
4.91062,6,0.4006,0.019,0.017,5.307,5.912,0.9878,0.00965,270.36,52.88,0.56595752,0.7187660504,2.22,1.922439e-08,1.032582e-08,1.815825e-08,9.272409e-09,105.61,94.98,9978.94,8973.76,51.62,45.60
4.91087,6,0.4006,0.019,0.017,5.307,5.912,0.9878,0.00965,270.36,52.88,0.56595652,0.7187647803999999,2.22,1.923827e-08,1.033316e-08,1.82141e-08,9.286344e-09,105.61,94.67,9978.70,8945.05,51.62,45.43
4.91113,6,0.4006,0.019,0.017,5.307,5.912,0.9878,0.00965,270.36,52.88,0.56595548,0.7187634596,2.22,1.923863e-08,1.032826e-08,1.825259e-08,9.310614e-09,105.50,94.77,9968.08,8954.16,51.56,45.49
4.91137,6,0.4007,0.019,0.017,5.307,5.912,0.9878,0.00965,270.36,52.88,0.56595452,0.7187622404,2.22,1.924151e-08,1.033985e-08,1.828706e-08,9.328969e-09,105.75,94.81,9991.53,8957.91,51.70,45.51
4.91162,6,0.4007,0.019,0.017,5.307,5.912,0.9878,0.00965,270.36,52.88,0.56595352,0.7187609704,2.22,1.924121e-08,1.033663e-08,1.831894e-08,9.349669e-09,105.68,94.90,9985.14,8966.60,51.66,45.56
4.91188,6,0.4007,0.019,0.017,5.307,5.912,0.9878,0.00965,270.36,52.88,0.56595248,0.7187596495999999,2.22,1.924001e-08,1.033016e-08,1.834511e-08,9.36547e-09,105.55,94.95,9972.99,8971.38,51.59,45.59
4.91212,6,0.4008,0.019,0.017,5.307,5.912,0.9878,0.00965,270.36,52.88,0.5659515199999999,0.7187584303999999,2.22,1.925498e-08,1.034551e-08,1.839761e-08,9.379247e-09,105.74,94.71,9990.73,8948.23,51.69,45.45
4.91237,6,0.4008,0.019,0.017,5.307,5.912,0.9878,0.00965,270.36,52.88,0.56595052,0.7187571604,2.22,1.926405e-08,1.034233e-08,1.843984e-08,9.407347e-09,105.56,94.84,9973.94,8961.00,51.59,45.53
4.91263,6,0.4008,0.019,0.017,5.307,5.912,0.9878,0.00965,270.36,52.88,0.56594948,0.7187558396,2.22,1.927566e-08,1.034851e-08,1.85004e-08,9.42639e-09,105.56,94.60,9973.83,8938.06,51.59,45.39
4.91287,6,0.4009,0.019,0.017,5.307,5.912,0.9878,0.00965,270.36,52.88,0.56594852,0.7187546203999999,2.22,1.928025e-08,1.034853e-08,1.851562e-08,9.445953e-09,105.53,94.86,9971.23,8963.13,51.58,45.54
4.91312,6,0.4009,0.019,0.017,5.307,5.912,0.9878,0.00965,270.36,52.88,0.5659475199999999,0.7187533503999999,2.22,1.930319e-08,1.035394e-08,1.856757e-08,9.462319e-09,105.38,94.66,9956.90,8943.57,51.49,45.42
4.91338,6,0.4009,0.019,0.017,5.307,5.912,0.9878,0.00965,270.36,52.88,0.5659464799999999,0.7187520296,2.22,1.933256e-08,1.036822e-08,1.861601e-08,9.501306e-09,105.35,94.95,9953.85,8971.11,51.47,45.59
4.91362,6,0.4010,0.019,0.017,5.306,5.912,0.9878,0.00965,270.36,52.88,0.56594552,0.7187508104,2.22,1.932643e-08,1.036773e-08,1.865791e-08,9.512522e-09,105.44,94.76,9962.13,8953.80,51.52,45.48
4.91387,6,0.4010,0.019,0.017,5.306,5.912,0.9878,0.00965,270.36,52.88,0.56594452,0.7187495403999999,2.22,1.935605e-08,1.037068e-08,1.871334e-08,9.540229e-09,105.15,94.75,9935.39,8952.74,51.36,45.48
4.91413,6,0.4010,0.019,0.017,5.306,5.912,0.9878,0.00965,270.36,52.88,0.5659434799999999,0.7187482195999999,2.22,1.937222e-08,1.038944e-08,1.876479e-08,9.560126e-09,105.37,94.63,9956.23,8940.65,51.49,45.40
4.91437,6,0.4011,0.019,0.017,5.306,5.912,0.9878,0.00965,270.36,52.88,0.56594252,0.7187470004000001,2.22,1.938086e-08,1.039537e-08,1.880559e-08,9.585198e-09,105.43,94.74,9961.39,8951.04,51.52,45.47
4.91463,6,0.4011,0.019,0.017,5.306,5.912,0.9878,0.00965,270.36,52.88,0.56594148,0.7187456796,2.22,1.940736e-08,1.040281e-08,1.886752e-08,9.60706e-09,105.28,94.54,9947.42,8932.64,51.43,45.36
4.91488,6,0.4011,0.019,0.017,5.306,5.912,0.9878,0.00965,270.36,52.88,0.56594048,0.7187444096,2.22,1.942422e-08,1.040763e-08,1.891637e-08,9.63549e-09,105.19,94.61,9938.74,8939.36,51.38,45.40
4.91512,6,0.4012,0.019,0.017,5.306,5.912,0.9878,0.00965,270.36,52.88,0.5659395199999999,0.7187431903999999,2.22,1.945497e-08,1.043035e-08,1.896207e-08,9.653841e-09,105.35,94.54,9954.06,8932.30,51.47,45.35
4.91538,6,0.4012,0.019,0.017,5.306,5.912,0.9878,0.00965,270.36,52.88,0.5659384799999999,0.7187418695999999,2.22,1.947521e-08,1.042547e-08,1.901596e-08,9.681915e-09,105.01,94.55,9921.78,8933.50,51.28,45.36
4.91563,6,0.4012,0.019,0.017,5.306,5.912,0.9878,0.00965,270.36,52.88,0.56593748,0.7187405996,2.22,1.94961e-08,1.044921e-08,1.907497e-08,9.708673e-09,105.28,94.48,9947.51,8927.34,51.43,45.32
4.91587,6,0.4013,0.019,0.017,5.306,5.912,0.9878,0.00965,270.36,52.88,0.5659365199999999,0.7187393804,2.22,1.951514e-08,1.04601e-08,1.913089e-08,9.733099e-09,105.32,94.43,9951.39,8922.03,51.46,45.29
4.91613,6,0.4013,0.019,0.017,5.306,5.912,0.9878,0.00965,270.36,52.88,0.5659354799999999,0.7187380595999999,2.22,1.956825e-08,1.046381e-08,1.917072e-08,9.757565e-09,104.79,94.51,9900.91,8929.86,51.15,45.34
4.91638,6,0.4013,0.019,0.017,5.306,5.912,0.9878,0.00965,270.36,52.88,0.5659344799999999,0.7187367895999999,2.22,1.958391e-08,1.048854e-08,1.923883e-08,9.781577e-09,105.14,94.30,9934.20,8910.09,51.35,45.22
4.91662,6,0.4014,0.019,0.017,5.306,5.912,0.9878,0.00965,270.36,52.88,0.56593352,0.7187355704,2.22,1.961999e-08,1.049887e-08,1.931174e-08,9.81147e-09,104.97,94.19,9918.39,8899.07,51.26,45.15
4.91688,6,0.4014,0.019,0.017,5.306,5.912,0.9878,0.00965,270.36,52.88,0.56593248,0.7187342496,2.22,1.963672e-08,1.051041e-08,1.935713e-08,9.838611e-09,105.03,94.26,9923.64,8906.58,51.29,45.20
4.91713,6,0.4014,0.019,0.017,5.306,5.912,0.9878,0.00965,270.36,52.88,0.5659314799999999,0.7187329795999999,2.22,1.96634e-08,1.052673e-08,1.941422e-08,9.866348e-09,105.07,94.24,9927.78,8904.23,51.31,45.18
4.91737,6,0.4015,0.019,0.017,5.306,5.912,0.9878,0.00965,270.36,52.88,0.56593052,0.7187317604,2.22,1.970975e-08,1.054664e-08,1.946691e-08,9.895917e-09,104.99,94.32,9920.33,8911.56,51.27,45.23
4.91763,6,0.4015,0.019,0.017,5.306,5.912,0.9878,0.00965,270.36,52.88,0.56592948,0.7187304395999999,2.22,1.971893e-08,1.055641e-08,1.952747e-08,9.919847e-09,105.10,94.18,9930.16,8899.05,51.33,45.15
4.91788,6,0.4015,0.019,0.017,5.306,5.912,0.9878,0.00965,270.36,52.88,0.56592848,0.7187291696,2.22,1.976665e-08,1.056547e-08,1.955964e-08,9.948761e-09,104.75,94.43,9896.92,8921.97,51.13,45.29
4.91812,6,0.4016,0.019,0.017,5.306,5.912,0.9878,0.00965,270.36,52.88,0.5659275199999999,0.7187279503999999,2.22,1.979282e-08,1.058919e-08,1.963698e-08,9.972481e-09,104.98,94.15,9918.97,8895.84,51.26,45.13
4.91838,6,0.4016,0.019,0.017,5.306,5.912,0.9878,0.00965,270.36,52.88,0.56592648,0.7187266296,2.22,1.982652e-08,1.060027e-08,1.968144e-08,1.000425e-08,104.83,94.33,9905.00,8912.47,51.18,45.23
4.91862,6,0.4016,0.019,0.017,5.306,5.912,0.9878,0.00965,270.36,52.88,0.56592552,0.7187254103999999,2.22,1.986223e-08,1.06201e-08,1.973676e-08,1.002893e-08,104.85,94.26,9906.48,8906.26,51.19,45.20
4.91887,6,0.4017,0.019,0.017,5.305,5.912,0.9878,0.00965,270.36,52.88,0.5659245199999999,0.7187241403999999,2.22,1.988557e-08,1.063399e-08,1.979987e-08,1.004626e-08,104.90,94.00,9911.77,8881.99,51.22,45.05
4.91913,6,0.4017,0.019,0.017,5.305,5.912,0.9878,0.00965,270.36,52.88,0.5659234799999999,0.7187228196,2.22,1.99196e-08,1.06381e-08,1.985831e-08,1.007773e-08,104.61,94.04,9883.64,8885.24,51.05,45.07
4.91937,6,0.4017,0.019,0.017,5.305,5.912,0.9878,0.00965,270.36,52.88,0.56592252,0.7187216004,2.22,1.994754e-08,1.065926e-08,1.990382e-08,1.01038e-08,104.74,94.09,9896.07,8890.55,51.12,45.10
4.91962,6,0.4018,0.019,0.017,5.305,5.912,0.9878,0.00965,270.36,52.88,0.56592152,0.7187203303999999,2.22,1.99672e-08,1.067073e-08,1.994877e-08,1.012878e-08,104.78,94.16,9900.46,8896.62,51.15,45.14
4.91988,6,0.4018,0.019,0.017,5.305,5.912,0.9878,0.00965,270.36,52.88,0.56592048,0.7187190095999999,2.22,2.000219e-08,1.068655e-08,2.000921e-08,1.015121e-08,104.72,94.00,9894.73,8881.95,51.12,45.05
4.92012,6,0.4018,0.019,0.017,5.305,5.912,0.9878,0.00965,270.36,52.88,0.56591952,0.7187177904000001,2.22,2.003085e-08,1.069891e-08,2.005684e-08,1.018058e-08,104.66,94.10,9888.87,8891.18,51.08,45.10
4.92037,6,0.4019,0.019,0.017,5.305,5.912,0.9878,0.00965,270.36,52.88,0.56591852,0.7187165204,2.22,2.008167e-08,1.071514e-08,2.010134e-08,1.020537e-08,104.46,94.17,9869.75,8897.29,50.97,45.14
4.92063,6,0.4019,0.019,0.017,5.305,5.912,0.9878,0.00965,270.36,52.88,0.56591748,0.7187151996,2.22,2.010122e-08,1.073147e-08,2.015322e-08,1.022924e-08,104.58,94.12,9881.40,8892.93,51.04,45.12
4.92087,6,0.4019,0.019,0.017,5.305,5.912,0.9878,0.00965,270.36,52.88,0.5659165199999999,0.7187139803999999,2.22,2.013344e-08,1.074402e-08,2.020596e-08,1.024924e-08,104.48,93.99,9872.23,8881.02,50.98,45.04
4.92112,6,0.4020,0.019,0.017,5.305,5.912,0.9878,0.00965,270.36,52.88,0.56591552,0.7187127104000001,2.22,2.015428e-08,1.077118e-08,2.025945e-08,1.027231e-08,104.85,93.94,9906.32,8876.10,51.18,45.01
4.92138,6,0.4020,0.019,0.017,5.305,5.912,0.9878,0.00965,270.36,52.88,0.56591448,0.7187113896,2.22,2.020059e-08,1.078209e-08,2.030429e-08,1.029962e-08,104.56,94.03,9879.08,8884.11,51.02,45.06
4.92162,6,0.4020,0.019,0.017,5.305,5.912,0.9878,0.00965,270.36,52.88,0.56591352,0.7187101704,2.22,2.023765e-08,1.079505e-08,2.03309e-08,1.032484e-08,104.42,94.24,9865.71,8904.62,50.94,45.18
4.92188,6,0.4021,0.019,0.017,5.305,5.912,0.9878,0.00965,270.36,52.88,0.5659124799999999,0.7187088495999999,2.22,2.026781e-08,1.080934e-08,2.040071e-08,1.034074e-08,104.40,93.91,9864.65,8872.75,50.93,44.99
4.92213,6,0.4021,0.019,0.017,5.305,5.912,0.9878,0.00965,270.36,52.88,0.5659114799999999,0.7187075795999999,2.22,2.029735e-08,1.083502e-08,2.043625e-08,1.036039e-08,104.61,93.94,9884.05,8875.59,51.05,45.01
4.92237,6,0.4021,0.019,0.017,5.305,5.912,0.9878,0.00965,270.36,52.88,0.56591052,0.7187063604,2.22,2.033152e-08,1.084302e-08,2.048043e-08,1.038074e-08,104.40,93.90,9864.07,8872.04,50.93,44.99
4.92263,6,0.4022,0.019,0.017,5.305,5.912,0.9878,0.00965,270.36,52.88,0.56590948,0.7187050396,2.22,2.0366e-08,1.08664e-08,2.0533e-08,1.040585e-08,104.53,93.89,9876.24,8871.59,51.00,44.99
4.92288,6,0.4022,0.019,0.017,5.305,5.912,0.9878,0.00965,270.36,52.88,0.5659084799999999,0.7187037695999999,2.22,2.03869e-08,1.088086e-08,2.055363e-08,1.042882e-08,104.60,94.12,9882.68,8893.23,51.04,45.12
4.92312,6,0.4022,0.019,0.017,5.305,5.912,0.9878,0.00965,270.36,52.88,0.56590752,0.7187025504,2.22,2.043651e-08,1.09e-08,2.06225e-08,1.045048e-08,104.44,93.88,9868.44,8870.34,50.96,44.98
4.92338,6,0.4023,0.019,0.017,5.305,5.912,0.9878,0.00965,270.36,52.88,0.56590648,0.7187012296,2.22,2.04708e-08,1.092351e-08,2.065022e-08,1.047036e-08,104.58,94.01,9881.01,8882.58,51.03,45.05
4.92363,6,0.4023,0.019,0.017,5.305,5.912,0.9878,0.00965,270.36,52.88,0.56590548,0.7186999596,2.22,2.051038e-08,1.093334e-08,2.071243e-08,1.048596e-08,104.35,93.72,9859.18,8855.27,50.90,44.89
4.92387,6,0.4023,0.019,0.017,5.305,5.912,0.9878,0.00965,270.36,52.88,0.5659045199999999,0.7186987403999999,2.22,2.055373e-08,1.095589e-08,2.075226e-08,1.051518e-08,104.34,93.89,9858.10,8870.74,50.89,44.98
4.92413,6,0.4024,0.019,0.017,5.304,5.912,0.9878,0.00965,270.36,52.88,0.56590348,0.7186974196,2.22,2.058827e-08,1.09858e-08,2.080113e-08,1.05348e-08,104.60,93.82,9882.71,8864.17,51.04,44.94
4.92438,6,0.4024,0.019,0.017,5.304,5.912,0.9878,0.00965,270.36,52.88,0.56590248,0.7186961496,2.22,2.061032e-08,1.099671e-08,2.08463e-08,1.05642e-08,104.58,93.93,9881.06,8875.28,51.03,45.01
4.92462,6,0.4024,0.019,0.017,5.304,5.912,0.9878,0.00965,270.36,52.88,0.5659015199999999,0.7186949303999999,2.22,2.064647e-08,1.102199e-08,2.089229e-08,1.058738e-08,104.70,93.93,9892.59,8875.06,51.10,45.01
4.92488,6,0.4025,0.019,0.017,5.304,5.912,0.9878,0.00965,270.36,52.88,0.5659004799999999,0.7186936096,2.22,2.069358e-08,1.103911e-08,2.093429e-08,1.060794e-08,104.56,93.94,9879.63,8876.04,51.02,45.01
4.92513,6,0.4025,0.019,0.017,5.304,5.912,0.9878,0.00965,270.36,52.88,0.56589948,0.7186923396,2.22,2.071253e-08,1.105998e-08,2.097178e-08,1.063105e-08,104.78,94.02,9900.28,8883.01,51.15,45.05
4.92537,6,0.4025,0.019,0.017,5.304,5.912,0.9878,0.00965,270.36,52.88,0.56589852,0.7186911203999999,2.22,2.076365e-08,1.108611e-08,2.102315e-08,1.06578e-08,104.76,94.03,9898.04,8884.21,51.13,45.06
4.92563,6,0.4026,0.019,0.017,5.304,5.912,0.9878,0.00965,270.36,52.88,0.56589748,0.7186897995999999,2.22,2.082027e-08,1.110178e-08,2.108094e-08,1.068396e-08,104.49,94.00,9872.72,8881.13,50.98,45.04
4.92587,6,0.4026,0.019,0.017,5.304,5.912,0.9878,0.00965,270.36,52.88,0.56589652,0.7186885804,2.22,2.08398e-08,1.113203e-08,2.113063e-08,1.070835e-08,104.89,93.98,9910.55,8879.79,51.21,45.03
4.92612,6,0.4026,0.019,0.017,5.304,5.912,0.9878,0.00965,270.36,52.88,0.56589552,0.7186873104,2.22,2.088828e-08,1.115201e-08,2.118329e-08,1.072902e-08,104.77,93.87,9899.28,8869.71,51.14,44.97
4.92638,6,0.4027,0.019,0.017,5.304,5.912,0.9878,0.00965,270.36,52.88,0.56589448,0.7186859896,2.22,2.09416e-08,1.117842e-08,2.12271e-08,1.075747e-08,104.76,94.01,9897.83,8882.39,51.13,45.05
4.92662,6,0.4027,0.019,0.017,5.304,5.912,0.9878,0.00965,270.36,52.88,0.5658935199999999,0.7186847703999999,2.22,2.097584e-08,1.120609e-08,2.128435e-08,1.077996e-08,104.94,93.89,9915.66,8871.50,51.24,44.98
4.92687,6,0.4027,0.019,0.017,5.304,5.912,0.9878,0.00965,270.36,52.88,0.56589252,0.7186835004000001,2.22,2.101256e-08,1.122546e-08,2.133525e-08,1.080958e-08,104.94,93.96,9915.19,8877.89,51.24,45.02
4.92713,6,0.4028,0.019,0.017,5.304,5.912,0.9878,0.00965,270.36,52.88,0.56589148,0.7186821796,2.22,2.107308e-08,1.125942e-08,2.140543e-08,1.084117e-08,105.00,93.91,9920.73,8873.52,51.27,45.00
4.92737,6,0.4028,0.019,0.017,5.304,5.912,0.9878,0.00965,270.36,52.88,0.56589052,0.7186809604,2.22,2.112825e-08,1.127744e-08,2.145898e-08,1.087102e-08,104.77,93.96,9899.14,8878.03,51.14,45.02
4.92762,6,0.4028,0.019,0.017,5.304,5.912,0.9878,0.00965,270.36,52.88,0.5658895199999999,0.7186796903999999,2.22,2.114697e-08,1.130659e-08,2.152092e-08,1.089519e-08,105.15,93.84,9935.24,8866.14,51.36,44.95
4.92788,6,0.4029,0.019,0.017,5.304,5.912,0.9878,0.00965,270.36,52.88,0.5658884799999999,0.7186783695999999,2.22,2.121834e-08,1.132849e-08,2.157882e-08,1.092994e-08,104.85,93.95,9907.15,8877.29,51.19,45.02
4.92812,6,0.4029,0.019,0.017,5.304,5.912,0.9878,0.00965,270.36,52.88,0.56588752,0.7186771504,2.22,2.126573e-08,1.135329e-08,2.164421e-08,1.096624e-08,104.84,94.01,9906.21,8882.51,51.18,45.05
4.92837,6,0.4029,0.019,0.017,5.304,5.912,0.9878,0.00965,270.36,52.88,0.56588652,0.7186758804,2.22,2.129114e-08,1.137728e-08,2.171528e-08,1.100037e-08,105.05,93.98,9925.72,8879.43,51.30,45.03
4.92863,6,0.4030,0.019,0.017,5.304,5.912,0.9878,0.00965,270.36,52.88,0.5658854799999999,0.7186745595999999,2.22,2.13569e-08,1.141662e-08,2.177404e-08,1.102902e-08,105.16,93.98,9936.04,8879.82,51.36,45.03
4.92887,6,0.4030,0.019,0.017,5.304,5.912,0.9878,0.00965,270.36,52.88,0.56588452,0.7186733404,2.22,2.141076e-08,1.143582e-08,2.184155e-08,1.106668e-08,104.97,94.04,9918.16,8885.45,51.25,45.07
4.92912,6,0.4030,0.019,0.017,5.304,5.912,0.9878,0.00965,270.36,52.88,0.56588352,0.7186720704,2.22,2.146055e-08,1.146531e-08,2.191399e-08,1.110824e-08,105.03,94.12,9923.54,8893.33,51.28,45.11
4.92938,6,0.4031,0.019,0.017,5.303,5.912,0.9878,0.00965,270.36,52.88,0.56588248,0.7186707496,2.22,2.149959e-08,1.149599e-08,2.198455e-08,1.114038e-08,105.25,94.09,9944.25,8889.67,51.41,45.09
4.92962,6,0.4031,0.019,0.017,5.303,5.912,0.9878,0.00965,270.36,52.88,0.5658815199999999,0.7186695303999999,2.22,2.15377e-08,1.15142e-08,2.206778e-08,1.118487e-08,105.20,94.13,9940.23,8893.40,51.38,45.11
4.92988,6,0.4031,0.019,0.017,5.303,5.912,0.9878,0.00965,270.36,52.88,0.5658804799999999,0.7186682095999999,2.22,2.159783e-08,1.153422e-08,2.21497e-08,1.122168e-08,104.97,94.04,9917.82,8885.84,51.25,45.07
4.93013,6,0.4032,0.019,0.017,5.303,5.912,0.9878,0.00965,270.36,52.88,0.56587948,0.7186669395999999,2.22,2.165784e-08,1.156412e-08,2.223074e-08,1.126061e-08,104.95,94.03,9916.33,8884.64,51.24,45.06
4.93037,6,0.4032,0.019,0.017,5.303,5.912,0.9878,0.00965,270.36,52.88,0.5658785199999999,0.7186657204,2.22,2.171175e-08,1.159884e-08,2.231897e-08,1.130706e-08,105.07,94.06,9927.23,8887.44,51.31,45.08
4.93063,6,0.4032,0.019,0.017,5.303,5.912,0.9878,0.00965,270.36,52.88,0.5658774799999999,0.7186643996,2.22,2.175705e-08,1.161507e-08,2.240402e-08,1.134292e-08,104.91,93.94,9912.63,8875.98,51.22,45.01
4.93088,6,0.4033,0.019,0.017,5.303,5.912,0.9878,0.00965,270.36,52.88,0.56587648,0.7186631296,2.22,2.181043e-08,1.164282e-08,2.248387e-08,1.138531e-08,104.92,94.00,9913.72,8881.28,51.22,45.04
4.93112,6,0.4033,0.019,0.017,5.303,5.912,0.9878,0.00965,270.36,52.88,0.56587552,0.7186619103999999,2.22,2.186783e-08,1.166681e-08,2.256669e-08,1.143674e-08,104.80,94.16,9901.61,8896.24,51.15,45.13
4.93138,6,0.4033,0.019,0.017,5.303,5.912,0.9878,0.00965,270.36,52.88,0.56587448,0.7186605896,2.22,2.189758e-08,1.169151e-08,2.267562e-08,1.148293e-08,104.97,94.01,9917.67,8882.10,51.25,45.05
4.93163,6,0.4034,0.019,0.017,5.303,5.912,0.9878,0.00965,270.36,52.88,0.5658734799999999,0.7186593196,2.22,2.196003e-08,1.170924e-08,2.274033e-08,1.15277e-08,104.69,94.23,9891.83,8903.08,51.09,45.17
4.93187,6,0.4034,0.019,0.017,5.303,5.912,0.9878,0.00965,270.36,52.88,0.56587252,0.7186581004,2.22,2.200835e-08,1.173546e-08,2.282611e-08,1.156283e-08,104.70,94.09,9892.65,8890.05,51.10,45.09
4.93213,6,0.4034,0.019,0.017,5.303,5.912,0.9878,0.00965,270.36,52.88,0.56587148,0.7186567796,2.22,2.205479e-08,1.175787e-08,2.294269e-08,1.161741e-08,104.66,94.02,9888.41,8883.12,51.07,45.05
4.93238,6,0.4035,0.019,0.017,5.303,5.912,0.9878,0.00965,270.36,52.88,0.56587048,0.7186555095999999,2.22,2.208791e-08,1.179251e-08,2.303262e-08,1.167034e-08,105.01,94.16,9921.46,8896.74,51.27,45.13
4.93262,6,0.4035,0.019,0.017,5.303,5.912,0.9878,0.00965,270.36,52.88,0.5658695199999999,0.7186542903999998,2.22,2.215133e-08,1.181684e-08,2.313208e-08,1.171409e-08,104.82,94.05,9904.33,8886.52,51.17,45.07
4.93288,6,0.4035,0.019,0.017,5.303,5.912,0.9878,0.00965,270.36,52.88,0.56586848,0.7186529696,2.22,2.220374e-08,1.183108e-08,2.321888e-08,1.175757e-08,104.56,94.04,9879.77,8885.79,51.02,45.07
4.93313,6,0.4036,0.019,0.017,5.303,5.912,0.9878,0.00965,270.36,52.88,0.56586748,0.7186516996,2.22,2.224472e-08,1.185161e-08,2.332158e-08,1.180814e-08,104.57,94.04,9879.89,8885.80,51.02,45.07
4.93337,6,0.4036,0.019,0.017,5.303,5.912,0.9878,0.00965,270.36,52.88,0.5658665199999999,0.7186504803999999,2.22,2.227716e-08,1.187453e-08,2.34183e-08,1.185965e-08,104.67,94.09,9889.94,8889.66,51.08,45.09
4.93363,6,0.4036,0.019,0.017,5.303,5.912,0.9878,0.00965,270.36,52.88,0.5658654799999999,0.7186491595999999,2.22,2.234056e-08,1.189777e-08,2.35242e-08,1.190392e-08,104.47,93.94,9871.19,8875.52,50.97,45.01
4.93387,6,0.4037,0.019,0.017,5.303,5.912,0.9878,0.00965,270.36,52.88,0.56586452,0.7186479404,2.22,2.238954e-08,1.192211e-08,2.36339e-08,1.195412e-08,104.47,93.87,9870.54,8869.74,50.97,44.97
4.93412,6,0.4037,0.019,0.017,5.303,5.912,0.9878,0.00965,270.36,52.88,0.56586352,0.7186466704,2.22,2.244584e-08,1.193707e-08,2.372647e-08,1.199987e-08,104.19,93.86,9844.05,8868.14,50.81,44.96
4.93438,6,0.4037,0.019,0.017,5.303,5.912,0.9878,0.00965,270.36,52.88,0.56586248,0.7186453495999999,2.22,2.248444e-08,1.196099e-08,2.382226e-08,1.20487e-08,104.25,93.86,9850.02,8868.71,50.84,44.96
4.93462,6,0.4038,0.019,0.017,5.302,5.912,0.9878,0.00965,270.36,52.88,0.56586152,0.7186441304,2.22,2.253993e-08,1.198014e-08,2.392911e-08,1.210001e-08,104.08,93.84,9834.27,8866.85,50.75,44.95
4.93487,6,0.4038,0.019,0.017,5.302,5.912,0.9878,0.00965,270.36,52.88,0.56586052,0.7186428604,2.22,2.259769e-08,1.200078e-08,2.403433e-08,1.2154e-08,103.90,93.86,9816.70,8868.01,50.64,44.96
4.93513,6,0.4038,0.019,0.017,5.302,5.912,0.9878,0.00965,270.36,52.88,0.56585948,0.7186415396,2.22,2.263616e-08,1.202774e-08,2.412613e-08,1.220101e-08,104.02,93.87,9828.08,8868.87,50.71,44.97
4.93537,6,0.4039,0.019,0.017,5.302,5.912,0.9878,0.00965,270.36,52.88,0.5658585199999999,0.7186403203999999,2.22,2.268608e-08,1.204529e-08,2.422384e-08,1.224047e-08,103.88,93.73,9814.91,8856.50,50.63,44.89
4.93562,6,0.4039,0.019,0.017,5.302,5.912,0.9878,0.00965,270.36,52.88,0.56585752,0.7186390504,2.22,2.27383e-08,1.207101e-08,2.43118e-08,1.229464e-08,103.84,93.88,9811.44,8870.68,50.61,44.98
4.93588,6,0.4039,0.019,0.017,5.302,5.912,0.9878,0.00965,270.36,52.88,0.56585648,0.7186377296,2.22,2.277811e-08,1.208604e-08,2.441212e-08,1.2335e-08,103.73,93.73,9800.88,8855.62,50.55,44.89
4.93612,6,0.4040,0.019,0.017,5.302,5.912,0.9878,0.00965,270.36,52.88,0.56585552,0.7186365104,2.22,2.282411e-08,1.210227e-08,2.450771e-08,1.23891e-08,103.61,93.84,9789.22,8866.20,50.48,44.95
4.93637,6,0.4040,0.019,0.017,5.302,5.912,0.9878,0.00965,270.36,52.88,0.5658545199999999,0.7186352403999999,2.22,2.28658e-08,1.212226e-08,2.459272e-08,1.2423e-08,103.57,93.70,9785.58,8853.12,50.46,44.87
4.93663,6,0.4040,0.019,0.017,5.302,5.912,0.9878,0.00965,270.36,52.88,0.5658534799999999,0.7186339195999999,2.22,2.290977e-08,1.21392e-08,2.468576e-08,1.247193e-08,103.45,93.73,9774.67,8855.89,50.39,44.89
4.93687,6,0.4041,0.019,0.017,5.302,5.912,0.9878,0.00965,270.36,52.88,0.56585252,0.7186327003999999,2.22,2.295117e-08,1.216457e-08,2.477235e-08,1.251431e-08,103.54,93.73,9782.96,8856.13,50.44,44.89
4.93712,6,0.4041,0.019,0.017,5.302,5.912,0.9878,0.00965,270.36,52.88,0.5658515199999999,0.7186314303999999,2.22,2.301183e-08,1.218234e-08,2.485572e-08,1.255039e-08,103.28,93.64,9758.45,8847.53,50.29,44.84
4.93738,6,0.4041,0.019,0.017,5.302,5.912,0.9878,0.00965,270.36,52.88,0.5658504799999999,0.7186301096,2.22,2.304905e-08,1.220183e-08,2.496156e-08,1.259218e-08,103.28,93.46,9758.08,8831.02,50.29,44.74
4.93762,6,0.4042,0.019,0.017,5.302,5.912,0.9878,0.00965,270.36,52.88,0.56584952,0.7186288904,2.22,2.308979e-08,1.222489e-08,2.504624e-08,1.264189e-08,103.33,93.59,9763.03,8843.08,50.32,44.81
4.93788,6,0.4042,0.019,0.017,5.302,5.912,0.9878,0.00965,270.36,52.88,0.56584848,0.7186275696,2.22,2.315208e-08,1.22404e-08,2.511613e-08,1.268125e-08,103.02,93.65,9733.51,8848.83,50.14,44.84
4.93813,6,0.4042,0.019,0.017,5.302,5.912,0.9878,0.00965,270.36,52.88,0.56584748,0.7186262995999999,2.22,2.318852e-08,1.226434e-08,2.520618e-08,1.272644e-08,103.10,93.65,9741.39,8848.44,50.19,44.84
4.93837,6,0.4043,0.019,0.017,5.302,5.912,0.9878,0.00965,270.36,52.88,0.5658465199999999,0.7186250804,2.22,2.323177e-08,1.22829e-08,2.530208e-08,1.276526e-08,103.05,93.53,9736.54,8837.21,50.16,44.77
4.93863,6,0.4043,0.019,0.017,5.302,5.912,0.9878,0.00965,270.36,52.88,0.56584548,0.7186237596,2.22,2.328062e-08,1.229752e-08,2.537145e-08,1.279502e-08,102.85,93.45,9717.75,8829.91,50.05,44.73
4.93888,6,0.4044,0.019,0.017,5.302,5.912,0.9878,0.00965,270.36,52.88,0.56584448,0.7186224896,2.22,2.331035e-08,1.232654e-08,2.545946e-08,1.282851e-08,103.11,93.32,9742.46,8816.99,50.20,44.65
4.93912,6,0.4044,0.019,0.017,5.302,5.912,0.9878,0.00965,270.36,52.88,0.5658435199999999,0.7186212703999999,2.22,2.335481e-08,1.234287e-08,2.552498e-08,1.286313e-08,102.98,93.34,9730.44,8819.21,50.12,44.67
4.93938,6,0.4044,0.019,0.017,5.302,5.912,0.9878,0.00965,270.36,52.88,0.5658424799999999,0.7186199495999999,2.22,2.340196e-08,1.235997e-08,2.559663e-08,1.290045e-08,102.85,93.36,9717.41,8820.88,50.05,44.68
4.93963,6,0.4045,0.019,0.017,5.301,5.912,0.9878,0.00965,270.36,52.88,0.56584148,0.7186186796,2.22,2.343677e-08,1.238006e-08,2.566522e-08,1.294175e-08,102.90,93.48,9722.65,8832.33,50.08,44.75
4.93987,6,0.4045,0.019,0.017,5.301,5.912,0.9878,0.00965,270.36,52.88,0.56584052,0.7186174604,2.22,2.348715e-08,1.239542e-08,2.573988e-08,1.298083e-08,102.70,93.50,9703.97,8834.29,49.97,44.76
4.94013,6,0.4045,0.019,0.017,5.301,5.912,0.9878,0.00965,270.36,52.88,0.56583948,0.7186161395999999,2.22,2.35335e-08,1.24059e-08,2.580424e-08,1.300674e-08,102.46,93.40,9680.87,8825.33,49.83,44.70
4.94038,6,0.4046,0.019,0.017,5.301,5.912,0.9878,0.00965,270.36,52.88,0.5658384799999999,0.7186148695999999,2.22,2.356081e-08,1.243209e-08,2.587184e-08,1.304557e-08,102.69,93.50,9702.73,8834.01,49.96,44.75
4.94062,6,0.4046,0.019,0.017,5.301,5.912,0.9878,0.00965,270.36,52.88,0.56583752,0.7186136504,2.22,2.359122e-08,1.244588e-08,2.596322e-08,1.306771e-08,102.65,93.15,9699.01,8801.49,49.93,44.56
4.94088,6,0.4046,0.019,0.017,5.301,5.912,0.9878,0.00965,270.36,52.88,0.56583648,0.7186123296,2.22,2.362837e-08,1.246439e-08,2.601009e-08,1.310586e-08,102.63,93.36,9697.22,8821.22,49.92,44.68
4.94113,6,0.4047,0.019,0.017,5.301,5.912,0.9878,0.00965,270.36,52.88,0.56583548,0.7186110595999999,2.22,2.366008e-08,1.247749e-08,2.606212e-08,1.31352e-08,102.59,93.43,9693.65,8827.63,49.90,44.72
4.94137,6,0.4047,0.019,0.017,5.301,5.912,0.9878,0.00965,270.36,52.88,0.56583452,0.7186098404,2.22,2.371295e-08,1.248818e-08,2.614451e-08,1.31701e-08,102.30,93.33,9665.49,8818.69,49.73,44.66
4.94163,6,0.4047,0.019,0.017,5.301,5.912,0.9878,0.00965,270.36,52.88,0.56583348,0.7186085196,2.22,2.374876e-08,1.251431e-08,2.619432e-08,1.318825e-08,102.42,93.24,9677.37,8809.34,49.80,44.61
4.94187,6,0.4048,0.019,0.017,5.301,5.912,0.9878,0.00965,270.36,52.88,0.56583252,0.7186073004,2.22,2.377925e-08,1.251554e-08,2.628262e-08,1.323502e-08,102.19,93.29,9655.57,8814.62,49.67,44.64
4.94212,6,0.4048,0.019,0.017,5.301,5.912,0.9878,0.00965,270.36,52.88,0.5658315199999999,0.7186060303999999,2.22,2.382005e-08,1.25427e-08,2.635547e-08,1.326093e-08,102.29,93.14,9664.82,8800.22,49.73,44.55
4.94238,6,0.4048,0.019,0.017,5.301,5.912,0.9878,0.00965,270.36,52.88,0.5658304799999999,0.7186047095999999,2.22,2.385506e-08,1.25488e-08,2.641215e-08,1.328089e-08,102.08,93.02,9644.79,8788.82,49.61,44.48
4.94262,6,0.4049,0.019,0.017,5.301,5.912,0.9878,0.00965,270.36,52.88,0.56582952,0.7186034903999999,2.22,2.387796e-08,1.256109e-08,2.648188e-08,1.331593e-08,102.11,93.04,9647.57,8790.96,49.63,44.50
4.94287,6,0.4049,0.019,0.017,5.301,5.912,0.9878,0.00965,270.36,52.88,0.56582852,0.7186022204,2.22,2.389848e-08,1.256659e-08,2.652905e-08,1.334405e-08,102.02,93.10,9639.00,8796.79,49.57,44.53
4.94313,6,0.4049,0.019,0.017,5.301,5.912,0.9878,0.00965,270.36,52.88,0.5658274799999999,0.7186008996,2.22,2.392191e-08,1.257612e-08,2.660437e-08,1.338004e-08,101.97,93.08,9634.49,8794.29,49.55,44.52
4.94337,6,0.4050,0.019,0.017,5.301,5.912,0.9878,0.00965,270.37,52.88,0.56582652,0.7185996804,2.22,2.395667e-08,1.25931e-08,2.667046e-08,1.340715e-08,101.97,93.01,9634.79,8788.38,49.55,44.48
4.94362,6,0.4050,0.019,0.017,5.301,5.912,0.9878,0.00966,270.37,52.88,0.56582552,0.7185984103999999,2.22,2.398992e-08,1.26045e-08,2.673759e-08,1.342998e-08,101.87,92.86,9625.00,8774.04,49.49,44.39
4.94388,6,0.4050,0.019,0.017,5.301,5.912,0.9878,0.00966,270.37,52.88,0.56582448,0.7185970896,2.22,2.401814e-08,1.260702e-08,2.680069e-08,1.346933e-08,101.66,92.97,9605.24,8784.07,49.37,44.45
4.94412,6,0.4051,0.019,0.017,5.301,5.912,0.9878,0.00966,270.37,52.88,0.5658235199999999,0.7185958704,2.22,2.40202e-08,1.261785e-08,2.687291e-08,1.350366e-08,101.85,92.96,9623.26,8783.67,49.48,44.45
4.94437,6,0.4051,0.019,0.017,5.301,5.912,0.9878,0.00966,270.37,52.88,0.56582252,0.7185946004,2.22,2.40391e-08,1.264157e-08,2.693734e-08,1.353396e-08,102.08,92.93,9645.43,8780.96,49.61,44.44
4.94463,6,0.4051,0.019,0.017,5.301,5.912,0.9878,0.00966,270.37,52.88,0.56582148,0.7185932796,2.22,2.407411e-08,1.264018e-08,2.700639e-08,1.356316e-08,101.75,92.86,9613.67,8773.82,49.42,44.39
4.94487,6,0.4052,0.019,0.017,5.300,5.912,0.9878,0.00966,270.37,52.88,0.5658205199999999,0.7185920603999999,2.22,2.409118e-08,1.264726e-08,2.708888e-08,1.359913e-08,101.74,92.81,9613.03,8768.91,49.42,44.36
4.94512,6,0.4052,0.019,0.017,5.300,5.912,0.9878,0.00966,270.37,52.88,0.5658195199999999,0.7185907903999998,2.22,2.409404e-08,1.264548e-08,2.714581e-08,1.362556e-08,101.69,92.78,9607.78,8766.14,49.39,44.35
4.94538,6,0.4052,0.019,0.017,5.300,5.912,0.9878,0.00966,270.37,52.88,0.56581848,0.7185894696,2.22,2.413399e-08,1.26531e-08,2.723554e-08,1.366162e-08,101.46,92.66,9586.50,8754.58,49.26,44.28
4.94562,6,0.4053,0.019,0.017,5.300,5.912,0.9877,0.00966,270.37,52.88,0.56581752,0.7185882504,2.22,2.413816e-08,1.265789e-08,2.729479e-08,1.369802e-08,101.52,92.76,9592.04,8764.43,49.29,44.34
4.94588,6,0.4053,0.019,0.017,5.300,5.912,0.9877,0.00966,270.37,52.88,0.56581648,0.7185869295999999,2.22,2.416585e-08,1.266578e-08,2.737459e-08,1.372569e-08,101.41,92.59,9581.49,8748.60,49.23,44.24
4.94613,6,0.4053,0.019,0.017,5.300,5.912,0.9877,0.00966,270.37,52.88,0.5658154799999999,0.7185856595999999,2.22,2.416552e-08,1.268221e-08,2.745703e-08,1.375942e-08,101.69,92.49,9607.93,8738.91,49.39,44.18
4.94637,6,0.4054,0.019,0.017,5.300,5.912,0.9877,0.00966,270.37,52.88,0.56581452,0.7185844404,2.22,2.417426e-08,1.268089e-08,2.750956e-08,1.379649e-08,101.61,92.66,9600.89,8754.73,49.34,44.28
4.94663,6,0.4054,0.019,0.017,5.300,5.912,0.9877,0.00966,270.37,52.88,0.56581348,0.7185831196,2.22,2.420317e-08,1.268866e-08,2.759509e-08,1.382622e-08,101.49,92.48,9589.13,8738.04,49.27,44.18
4.94688,6,0.4054,0.019,0.017,5.300,5.912,0.9877,0.00966,270.37,52.88,0.56581248,0.7185818495999999,2.22,2.421916e-08,1.268626e-08,2.767249e-08,1.38706e-08,101.31,92.56,9572.03,8745.12,49.17,44.22
4.94712,6,0.4055,0.019,0.017,5.300,5.912,0.9877,0.00966,270.37,52.88,0.56581152,0.7185806304,2.22,2.422465e-08,1.26963e-08,2.774974e-08,1.390768e-08,101.45,92.56,9585.75,8745.21,49.25,44.22
4.94738,6,0.4055,0.019,0.017,5.300,5.912,0.9877,0.00966,270.37,52.88,0.56581048,0.7185793096,2.22,2.423851e-08,1.270215e-08,2.782127e-08,1.393604e-08,101.43,92.46,9583.51,8735.79,49.24,44.16
4.94763,6,0.4055,0.019,0.017,5.300,5.912,0.9877,0.00966,270.37,52.88,0.56580948,0.7185780396,2.22,2.42213e-08,1.269402e-08,2.789869e-08,1.397055e-08,101.44,92.40,9584.92,8730.45,49.25,44.13
4.94787,6,0.4056,0.019,0.017,5.300,5.912,0.9877,0.00966,270.37,52.88,0.5658085199999999,0.7185768203999999,2.22,2.425144e-08,1.271255e-08,2.798559e-08,1.400922e-08,101.51,92.36,9591.62,8726.55,49.29,44.11
4.94813,6,0.4056,0.019,0.017,5.300,5.912,0.9877,0.00966,270.37,52.88,0.5658074799999999,0.7185754995999999,2.22,2.427581e-08,1.270884e-08,2.804925e-08,1.404409e-08,101.24,92.40,9565.54,8730.29,49.13,44.13
4.94838,6,0.4056,0.019,0.017,5.300,5.912,0.9877,0.00966,270.37,52.88,0.56580648,0.7185742296000001,2.22,2.427693e-08,1.271091e-08,2.811675e-08,1.40773e-08,101.26,92.39,9567.88,8729.56,49.15,44.13
4.94862,6,0.4057,0.019,0.017,5.300,5.912,0.9877,0.00966,270.37,52.88,0.56580552,0.7185730104,2.22,2.429368e-08,1.272025e-08,2.817626e-08,1.410722e-08,101.30,92.42,9571.14,8731.87,49.17,44.14
4.94888,6,0.4057,0.019,0.017,5.300,5.912,0.9877,0.00966,270.37,52.88,0.5658044799999999,0.7185716896,2.22,2.429222e-08,1.271471e-08,2.828311e-08,1.414298e-08,101.22,92.18,9563.60,8709.99,49.12,44.01
4.94913,6,0.4057,0.019,0.017,5.300,5.912,0.9877,0.00966,270.37,52.88,0.5658034799999999,0.7185704195999999,2.22,2.431591e-08,1.271862e-08,2.833944e-08,1.417905e-08,101.08,92.29,9550.23,8719.71,49.04,44.07
4.94937,6,0.4058,0.019,0.017,5.300,5.912,0.9877,0.00966,270.37,52.88,0.56580252,0.7185692003999999,2.22,2.432427e-08,1.271955e-08,2.839726e-08,1.420428e-08,101.04,92.26,9547.16,8717.32,49.02,44.05
4.94963,6,0.4058,0.019,0.017,5.300,5.912,0.9877,0.00966,270.37,52.88,0.56580148,0.7185678796,2.22,2.432041e-08,1.272037e-08,2.846797e-08,1.422401e-08,101.09,92.06,9551.63,8698.18,49.05,43.94
4.94987,6,0.4058,0.019,0.017,5.300,5.912,0.9877,0.00966,270.37,52.88,0.5658005199999999,0.7185666604,2.22,2.434414e-08,1.272521e-08,2.853642e-08,1.426013e-08,100.97,92.08,9539.73,8700.52,48.98,43.95
4.95012,6,0.4059,0.019,0.017,5.299,5.912,0.9877,0.00966,270.37,52.88,0.56579952,0.7185653904,2.22,2.43487e-08,1.273714e-08,2.858163e-08,1.42877e-08,101.15,92.17,9557.09,8708.73,49.08,44.00
4.95038,6,0.4059,0.019,0.017,5.299,5.912,0.9877,0.00966,270.37,52.88,0.56579848,0.7185640696,2.22,2.435294e-08,1.274284e-08,2.864549e-08,1.432186e-08,101.21,92.20,9562.57,8711.45,49.11,44.02
4.95062,6,0.4059,0.019,0.017,5.299,5.912,0.9877,0.00966,270.37,52.88,0.5657975199999999,0.7185628503999999,2.22,2.436018e-08,1.273383e-08,2.871161e-08,1.434061e-08,100.99,92.02,9542.45,8694.10,48.99,43.91
4.95087,6,0.4060,0.019,0.017,5.299,5.912,0.9877,0.00966,270.37,52.88,0.5657965199999999,0.7185615804,2.22,2.438075e-08,1.274088e-08,2.877088e-08,1.436622e-08,100.96,91.99,9538.99,8691.42,48.97,43.90
4.95113,6,0.4060,0.019,0.017,5.299,5.912,0.9877,0.00966,270.37,52.88,0.5657954799999999,0.7185602595999999,2.22,2.439207e-08,1.274415e-08,2.882352e-08,1.438923e-08,100.91,91.95,9534.85,8687.47,48.95,43.87
4.95137,6,0.4060,0.019,0.017,5.299,5.912,0.9877,0.00966,270.37,52.88,0.56579452,0.7185590404,2.22,2.439181e-08,1.274206e-08,2.888439e-08,1.440639e-08,100.88,91.78,9531.79,8671.57,48.93,43.78
4.95162,6,0.4061,0.019,0.017,5.299,5.912,0.9877,0.00966,270.37,52.88,0.5657935199999999,0.7185577703999999,2.22,2.439285e-08,1.275016e-08,2.890228e-08,1.442763e-08,101.03,91.96,9545.98,8688.51,49.01,43.88
4.95188,6,0.4061,0.019,0.017,5.299,5.912,0.9877,0.00966,270.37,52.88,0.5657924799999999,0.7185564495999999,2.22,2.440111e-08,1.274736e-08,2.89521e-08,1.444102e-08,100.91,91.81,9534.82,8674.74,48.95,43.80
4.95212,6,0.4061,0.019,0.017,5.299,5.912,0.9877,0.00966,270.37,52.88,0.56579152,0.7185552304,2.22,2.441439e-08,1.274588e-08,2.898963e-08,1.446285e-08,100.77,91.85,9521.66,8678.46,48.87,43.82
4.95237,6,0.4062,0.019,0.017,5.299,5.912,0.9877,0.00966,270.37,52.88,0.56579052,0.7185539604,2.22,2.442511e-08,1.273953e-08,2.903605e-08,1.447792e-08,100.60,91.77,9505.35,8670.93,48.77,43.77
4.95263,6,0.4062,0.019,0.017,5.299,5.912,0.9877,0.00966,270.37,52.88,0.56578948,0.7185526395999999,2.22,2.442746e-08,1.273541e-08,2.908261e-08,1.449571e-08,100.51,91.70,9497.02,8664.46,48.72,43.74
4.95287,6,0.4062,0.019,0.017,5.299,5.912,0.9877,0.00966,270.37,52.88,0.5657885199999999,0.7185514203999999,2.22,2.443693e-08,1.274451e-08,2.909928e-08,1.450435e-08,100.58,91.71,9503.51,8664.86,48.76,43.74
4.95312,6,0.4063,0.019,0.017,5.299,5.912,0.9877,0.00966,270.37,52.88,0.56578752,0.7185501504,2.22,2.442776e-08,1.273681e-08,2.912912e-08,1.451478e-08,100.56,91.67,9501.30,8661.70,48.75,43.72
4.95338,6,0.4063,0.019,0.017,5.299,5.912,0.9877,0.00966,270.37,52.88,0.56578648,0.7185488296,2.22,2.443266e-08,1.274513e-08,2.914293e-08,1.452726e-08,100.65,91.74,9510.28,8668.36,48.80,43.76
4.95362,6,0.4063,0.019,0.017,5.299,5.912,0.9877,0.00966,270.37,52.88,0.5657855199999999,0.7185476103999999,2.22,2.442582e-08,1.273159e-08,2.917901e-08,1.45264e-08,100.49,91.51,9494.74,8646.00,48.71,43.62
4.95388,6,0.4064,0.019,0.017,5.299,5.912,0.9877,0.00966,270.37,52.88,0.5657844799999999,0.7185462895999999,2.22,2.442978e-08,1.271624e-08,2.922576e-08,1.453697e-08,100.23,91.37,9469.99,8633.10,48.56,43.55
4.95413,6,0.4064,0.019,0.017,5.299,5.912,0.9877,0.00966,270.37,52.88,0.56578348,0.7185450196000001,2.22,2.443977e-08,1.271997e-08,2.922231e-08,1.454474e-08,100.20,91.49,9467.71,8644.32,48.54,43.61
4.95437,6,0.4064,0.019,0.017,5.299,5.912,0.9877,0.00966,270.37,52.88,0.56578252,0.7185438004,2.22,2.441705e-08,1.27135e-08,2.921967e-08,1.454677e-08,100.29,91.53,9476.03,8648.27,48.59,43.64
4.95463,6,0.4065,0.019,0.017,5.298,5.912,0.9877,0.00966,270.37,52.88,0.56578148,0.7185424796,2.22,2.442632e-08,1.270699e-08,2.922372e-08,1.455087e-08,100.13,91.58,9460.75,8652.87,48.50,43.66
4.95488,6,0.4065,0.019,0.017,5.298,5.912,0.9877,0.00966,270.37,52.88,0.5657804799999999,0.7185412095999999,2.22,2.440417e-08,1.27016e-08,2.925456e-08,1.453568e-08,100.23,91.20,9470.28,8616.81,48.56,43.45
4.95512,6,0.4065,0.019,0.017,5.298,5.912,0.9877,0.00966,270.37,52.88,0.56577952,0.7185399903999999,2.22,2.440859e-08,1.268353e-08,2.924306e-08,1.453361e-08,99.90,91.24,9438.67,8621.10,48.37,43.47
4.95538,6,0.4066,0.019,0.017,5.298,5.912,0.9877,0.00966,270.37,52.88,0.56577848,0.7185386696,2.22,2.438976e-08,1.266756e-08,2.924556e-08,1.453781e-08,99.82,91.30,9431.40,8626.71,48.33,43.51
4.95563,6,0.4066,0.019,0.017,5.298,5.912,0.9877,0.00966,270.37,52.88,0.5657774799999999,0.7185373996,2.22,2.437741e-08,1.266108e-08,2.925964e-08,1.453513e-08,99.82,91.18,9431.30,8615.30,48.33,43.44
4.95587,6,0.4066,0.019,0.017,5.298,5.912,0.9877,0.00966,270.37,52.88,0.56577652,0.7185361804,2.22,2.436773e-08,1.264031e-08,2.925511e-08,1.452962e-08,99.56,91.14,9406.93,8611.46,48.18,43.42
4.95613,6,0.4067,0.019,0.017,5.298,5.912,0.9877,0.00966,270.37,52.88,0.56577548,0.7185348596,2.22,2.434665e-08,1.262581e-08,2.923382e-08,1.451333e-08,99.53,91.09,9403.72,8606.85,48.16,43.39
4.95638,6,0.4067,0.019,0.017,5.298,5.912,0.9877,0.00966,270.37,52.88,0.56577448,0.7185335896,2.22,2.432228e-08,1.261627e-08,2.923941e-08,1.450561e-08,99.58,90.96,9408.52,8594.50,48.19,43.31
4.95662,6,0.4067,0.019,0.017,5.298,5.912,0.9877,0.00966,270.37,52.88,0.5657735199999999,0.7185323704,2.22,2.432673e-08,1.259773e-08,2.922889e-08,1.449943e-08,99.24,90.95,9376.28,8593.37,48.00,43.31
4.95688,6,0.4068,0.019,0.017,5.298,5.912,0.9877,0.00966,270.37,52.88,0.5657724799999999,0.7185310495999999,2.22,2.429154e-08,1.257045e-08,2.92209e-08,1.450472e-08,99.11,91.09,9364.59,8606.38,47.93,43.39
4.95712,6,0.4068,0.019,0.017,5.298,5.912,0.9877,0.00966,270.37,52.88,0.56577152,0.7185298304,2.22,2.426224e-08,1.254621e-08,2.92219e-08,1.447845e-08,98.96,90.75,9350.57,8574.90,47.84,43.20
4.95737,6,0.4068,0.019,0.017,5.298,5.912,0.9877,0.00966,270.37,52.88,0.5657705199999999,0.7185285603999999,2.22,2.424039e-08,1.253632e-08,2.923023e-08,1.448248e-08,98.99,90.75,9352.75,8574.79,47.85,43.20
4.95763,6,0.4069,0.019,0.017,5.298,5.912,0.9877,0.00966,270.37,52.88,0.5657694799999999,0.7185272396,2.22,2.420325e-08,1.251022e-08,2.922352e-08,1.446727e-08,98.90,90.63,9344.39,8562.95,47.80,43.13
4.95787,6,0.4069,0.019,0.017,5.298,5.912,0.9877,0.00966,270.37,52.88,0.56576852,0.7185260204,2.22,2.417245e-08,1.248786e-08,2.923341e-08,1.4468e-08,98.79,90.58,9334.42,8558.07,47.74,43.10
4.95812,6,0.4069,0.019,0.017,5.298,5.912,0.9877,0.00966,270.37,52.88,0.56576752,0.7185247504,2.22,2.414487e-08,1.246121e-08,2.919903e-08,1.445742e-08,98.59,90.66,9315.24,8565.62,47.63,43.14
4.95838,6,0.4070,0.019,0.017,5.298,5.912,0.9877,0.00966,270.37,52.88,0.56576648,0.7185234295999999,2.22,2.411598e-08,1.244322e-08,2.92026e-08,1.445392e-08,98.56,90.61,9312.77,8561.54,47.61,43.12
4.95862,6,0.4070,0.019,0.017,5.298,5.912,0.9877,0.00966,270.37,52.88,0.5657655199999999,0.7185222103999999,2.22,2.406644e-08,1.241127e-08,2.920098e-08,1.443929e-08,98.46,90.44,9302.87,8545.34,47.56,43.02
4.95887,6,0.4070,0.019,0.017,5.298,5.912,0.9877,0.00966,270.37,52.88,0.56576452,0.7185209404,2.22,2.402105e-08,1.238734e-08,2.919986e-08,1.443911e-08,98.45,90.45,9302.07,8545.78,47.55,43.02
4.95913,6,0.4071,0.019,0.017,5.298,5.912,0.9877,0.00966,270.37,52.88,0.56576348,0.7185196196,2.22,2.39938e-08,1.235731e-08,2.919762e-08,1.441983e-08,98.21,90.24,9279.58,8526.62,47.42,42.91
4.95937,6,0.4071,0.019,0.017,5.298,5.912,0.9877,0.00966,270.37,52.88,0.5657625199999999,0.7185184003999999,2.22,2.395884e-08,1.234128e-08,2.917982e-08,1.442491e-08,98.24,90.41,9282.64,8542.85,47.43,43.00
4.95962,6,0.4071,0.019,0.017,5.298,5.912,0.9877,0.00966,270.37,52.88,0.5657615199999999,0.7185171303999999,2.22,2.391833e-08,1.230168e-08,2.919255e-08,1.44131e-08,97.94,90.19,9253.58,8521.68,47.26,42.88
4.95988,6,0.4072,0.019,0.017,5.297,5.912,0.9877,0.00966,270.37,52.88,0.56576048,0.7185158096,2.22,2.388125e-08,1.227923e-08,2.918743e-08,1.440691e-08,97.91,90.17,9250.61,8519.50,47.24,42.86
4.96012,6,0.4072,0.019,0.017,5.297,5.912,0.9877,0.00966,270.37,52.88,0.56575952,0.7185145904,2.22,2.382839e-08,1.226047e-08,2.917479e-08,1.440571e-08,98.04,90.23,9263.71,8525.39,47.32,42.90
4.96037,6,0.4072,0.019,0.017,5.297,5.912,0.9877,0.00966,270.37,52.88,0.5657585199999999,0.7185133203999999,2.22,2.379231e-08,1.223074e-08,2.918586e-08,1.440713e-08,97.86,90.18,9246.32,8520.66,47.22,42.87
4.96063,6,0.4073,0.019,0.017,5.297,5.912,0.9877,0.00966,270.37,52.88,0.5657574799999999,0.7185119995999999,2.22,2.374323e-08,1.219546e-08,2.918033e-08,1.439234e-08,97.72,90.05,9232.93,8508.67,47.14,42.80
4.96087,6,0.4073,0.019,0.017,5.297,5.912,0.9877,0.00966,270.37,52.88,0.56575652,0.7185107803999999,2.22,2.372431e-08,1.216595e-08,2.921137e-08,1.438684e-08,97.39,89.80,9202.15,8484.46,46.95,42.65
4.96113,6,0.4073,0.019,0.017,5.297,5.912,0.9877,0.00966,270.37,52.88,0.56575548,0.7185094596,2.22,2.366885e-08,1.215081e-08,2.920764e-08,1.438102e-08,97.61,89.75,9222.87,8479.83,47.08,42.63
4.96138,6,0.4074,0.019,0.017,5.297,5.912,0.9877,0.00966,270.37,52.88,0.56575448,0.7185081896,2.22,2.362089e-08,1.211726e-08,2.921606e-08,1.437745e-08,97.49,89.68,9211.19,8472.95,47.01,42.59
4.96162,6,0.4074,0.019,0.017,5.297,5.912,0.9877,0.00966,270.37,52.88,0.56575352,0.7185069704,2.22,2.359112e-08,1.209077e-08,2.919667e-08,1.437221e-08,97.30,89.73,9193.67,8477.95,46.90,42.61
4.96188,6,0.4074,0.019,0.017,5.297,5.912,0.9877,0.00966,270.37,52.88,0.56575248,0.7185056496,2.22,2.354187e-08,1.2062e-08,2.921637e-08,1.437878e-08,97.24,89.69,9188.16,8474.32,46.87,42.59
4.96213,6,0.4075,0.019,0.017,5.297,5.912,0.9877,0.00966,270.37,52.88,0.56575148,0.7185043796,2.22,2.35115e-08,1.203702e-08,2.922332e-08,1.43785e-08,97.11,89.67,9175.69,8472.11,46.79,42.58
4.96237,6,0.4075,0.019,0.017,5.297,5.912,0.9877,0.00966,270.37,52.88,0.5657505199999999,0.7185031604,2.22,2.346005e-08,1.201648e-08,2.922057e-08,1.436815e-08,97.21,89.56,9184.77,8461.68,46.85,42.52
4.96263,6,0.4075,0.019,0.017,5.297,5.912,0.9877,0.00966,270.37,52.88,0.5657494799999999,0.7185018395999999,2.22,2.342524e-08,1.198888e-08,2.923526e-08,1.436473e-08,97.05,89.43,9169.46,8449.36,46.76,42.44
4.96288,6,0.4076,0.019,0.017,5.297,5.912,0.9877,0.00966,270.37,52.88,0.56574848,0.7185005696,2.22,2.340922e-08,1.196607e-08,2.924182e-08,1.436824e-08,96.83,89.45,9148.82,8451.76,46.63,42.46
4.96312,6,0.4076,0.019,0.017,5.297,5.912,0.9877,0.00966,270.37,52.88,0.56574752,0.7184993503999999,2.22,2.335322e-08,1.194789e-08,2.924463e-08,1.435785e-08,97.00,89.31,9165.22,8438.16,46.73,42.38
4.96338,6,0.4076,0.019,0.017,5.297,5.912,0.9877,0.00966,270.37,52.88,0.5657464799999999,0.7184980296,2.22,2.333526e-08,1.192147e-08,2.924716e-08,1.436122e-08,96.72,89.33,9138.17,8440.62,46.57,42.39
4.96363,6,0.4077,0.019,0.017,5.297,5.912,0.9877,0.00966,270.37,52.88,0.5657454799999999,0.7184967595999999,2.22,2.32721e-08,1.191224e-08,2.922587e-08,1.435668e-08,97.12,89.43,9176.70,8449.53,46.80,42.44
4.96387,6,0.4077,0.019,0.017,5.297,5.912,0.9877,0.00966,270.37,52.88,0.56574452,0.7184955404,2.22,2.325807e-08,1.188238e-08,2.923946e-08,1.435119e-08,96.75,89.28,9140.95,8435.47,46.58,42.36
4.96413,6,0.4077,0.019,0.017,5.297,5.912,0.9877,0.00966,270.37,52.88,0.56574348,0.7184942195999999,2.22,2.323911e-08,1.187005e-08,2.925681e-08,1.434824e-08,96.70,89.14,9136.79,8422.26,46.56,42.28
4.96438,6,0.4078,0.019,0.017,5.297,5.912,0.9877,0.00966,270.37,52.88,0.5657424799999999,0.7184929495999999,2.22,2.3203e-08,1.185323e-08,2.924471e-08,1.434541e-08,96.75,89.20,9141.60,8427.90,46.59,42.31
4.96462,6,0.4078,0.019,0.017,5.297,5.912,0.9877,0.00966,270.37,52.88,0.56574152,0.7184917304,2.22,2.316363e-08,1.183579e-08,2.925638e-08,1.433278e-08,96.80,88.97,9145.82,8406.77,46.61,42.19
4.96488,6,0.4078,0.019,0.017,5.297,5.912,0.9877,0.00966,270.37,52.88,0.56574048,0.7184904096,2.22,2.314978e-08,1.182458e-08,2.922299e-08,1.43263e-08,96.73,89.10,9139.28,8418.15,46.57,42.26
4.96512,6,0.4079,0.019,0.017,5.296,5.912,0.9877,0.00966,270.37,52.88,0.5657395199999999,0.7184891903999999,2.22,2.312462e-08,1.180584e-08,2.922627e-08,1.431545e-08,96.65,88.97,9132.21,8405.86,46.53,42.18
4.96537,6,0.4079,0.019,0.017,5.296,5.912,0.9877,0.00966,270.37,52.88,0.5657385199999999,0.7184879203999999,2.22,2.309014e-08,1.179638e-08,2.921175e-08,1.430323e-08,96.79,88.90,9145.11,8399.98,46.61,42.15
4.96563,6,0.4079,0.019,0.017,5.296,5.912,0.9877,0.00966,270.37,52.88,0.5657374799999999,0.7184865995999999,2.22,2.309711e-08,1.178356e-08,2.922054e-08,1.4305e-08,96.51,88.87,9119.19,8397.07,46.45,42.13
4.96587,6,0.4080,0.019,0.017,5.296,5.912,0.9877,0.00966,270.37,52.88,0.56573652,0.7184853804,2.22,2.305839e-08,1.177646e-08,2.920435e-08,1.428184e-08,96.75,88.71,9141.48,8381.61,46.59,42.04
4.96612,6,0.4080,0.019,0.017,5.296,5.912,0.9877,0.00966,270.37,52.88,0.5657355199999999,0.7184841103999999,2.22,2.304826e-08,1.176757e-08,2.919286e-08,1.427521e-08,96.69,88.70,9135.59,8380.45,46.55,42.03
4.96638,6,0.4080,0.019,0.017,5.296,5.912,0.9877,0.00966,270.37,52.88,0.5657344799999999,0.7184827895999999,2.22,2.30369e-08,1.175791e-08,2.916969e-08,1.425593e-08,96.62,88.60,9129.46,8371.32,46.51,41.97
4.96662,6,0.4081,0.019,0.017,5.296,5.912,0.9877,0.00966,270.37,52.88,0.56573352,0.7184815704,2.22,2.301355e-08,1.175052e-08,2.914374e-08,1.424768e-08,96.72,88.68,9138.89,8378.47,46.57,42.02
4.96687,6,0.4081,0.019,0.017,5.296,5.912,0.9877,0.00966,270.37,52.88,0.56573252,0.7184803004,2.22,2.301323e-08,1.174276e-08,2.911433e-08,1.421975e-08,96.60,88.51,9126.83,8362.87,46.50,41.92
4.96713,6,0.4081,0.019,0.017,5.296,5.912,0.9877,0.00966,270.37,52.88,0.56573148,0.7184789796,2.22,2.30058e-08,1.173569e-08,2.907394e-08,1.421912e-08,96.54,88.74,9121.62,8384.88,46.47,42.06
4.96737,6,0.4082,0.019,0.017,5.296,5.912,0.9877,0.00966,270.37,52.88,0.56573052,0.7184777604,2.22,2.298642e-08,1.173429e-08,2.906026e-08,1.418698e-08,96.71,88.45,9137.35,8357.60,46.56,41.89
4.96762,6,0.4082,0.019,0.017,5.296,5.912,0.9877,0.00966,270.37,52.88,0.56572952,0.7184764904,2.22,2.298002e-08,1.173089e-08,2.900444e-08,1.41669e-08,96.70,88.54,9137.14,8365.87,46.56,41.94
4.96788,6,0.4082,0.019,0.017,5.296,5.912,0.9877,0.00966,270.37,52.88,0.56572848,0.7184751696,2.22,2.297358e-08,1.172031e-08,2.897016e-08,1.414653e-08,96.58,88.50,9125.54,8361.68,46.49,41.92
4.96812,6,0.4083,0.019,0.017,5.296,5.912,0.9877,0.00966,270.37,52.88,0.5657275199999999,0.7184739504,2.22,2.296988e-08,1.171991e-08,2.894025e-08,1.413173e-08,96.63,88.52,9130.14,8363.50,46.52,41.93
4.96837,6,0.4083,0.019,0.017,5.296,5.912,0.9877,0.00966,270.37,52.88,0.56572652,0.7184726804,2.22,2.296002e-08,1.17205e-08,2.889648e-08,1.409442e-08,96.73,88.32,9139.09,8345.06,46.57,41.82
4.96863,6,0.4083,0.019,0.017,5.296,5.912,0.9877,0.00966,270.37,52.88,0.56572548,0.7184713596,2.22,2.295206e-08,1.17189e-08,2.88572e-08,1.406579e-08,96.77,88.21,9143.01,8334.11,46.59,41.75
4.96887,6,0.4084,0.019,0.017,5.296,5.912,0.9877,0.00966,270.37,52.88,0.56572452,0.7184701403999999,2.22,2.295824e-08,1.170929e-08,2.88005e-08,1.404623e-08,96.58,88.33,9124.93,8345.51,46.49,41.82
4.96913,6,0.4084,0.019,0.017,5.296,5.912,0.9877,0.00966,270.37,52.88,0.56572348,0.7184688196,2.22,2.294039e-08,1.171455e-08,2.875716e-08,1.401156e-08,96.82,88.16,9147.82,8329.81,46.62,41.73
4.96938,6,0.4084,0.019,0.017,5.296,5.912,0.9877,0.00966,270.37,52.88,0.5657224799999999,0.7184675495999999,2.22,2.294526e-08,1.170155e-08,2.869884e-08,1.398625e-08,96.56,88.20,9123.15,8333.41,46.48,41.75
4.96962,6,0.4085,0.019,0.017,5.296,5.912,0.9877,0.00966,270.37,52.88,0.56572152,0.7184663304,2.22,2.293933e-08,1.16979e-08,2.863587e-08,1.393783e-08,96.57,88.00,9124.38,8314.82,46.48,41.64
4.96988,6,0.4085,0.019,0.017,5.296,5.912,0.9877,0.00966,270.37,52.88,0.56572048,0.7184650095999999,2.22,2.29442e-08,1.169699e-08,2.857263e-08,1.39079e-08,96.51,88.01,9118.98,8315.81,46.45,41.64
4.97013,6,0.4085,0.019,0.017,5.296,5.912,0.9877,0.00966,270.37,52.88,0.5657194799999999,0.7184637396,2.22,2.294823e-08,1.170689e-08,2.854462e-08,1.3885e-08,96.64,87.90,9131.47,8305.01,46.52,41.58
4.97037,6,0.4086,0.019,0.017,5.295,5.912,0.9877,0.00966,270.37,52.88,0.56571852,0.7184625204,2.22,2.294075e-08,1.169607e-08,2.84524e-08,1.385963e-08,96.55,88.16,9122.55,8329.85,46.47,41.73
4.97063,6,0.4086,0.019,0.017,5.295,5.912,0.9877,0.00966,270.37,52.88,0.56571748,0.7184611996,2.22,2.292688e-08,1.169507e-08,2.840761e-08,1.381919e-08,96.65,87.93,9132.22,8308.03,46.53,41.59
4.97088,6,0.4086,0.019,0.017,5.295,5.912,0.9877,0.00966,270.37,52.88,0.56571648,0.7184599295999999,2.22,2.292037e-08,1.169392e-08,2.832213e-08,1.379015e-08,96.69,88.09,9135.69,8322.77,46.55,41.68
4.97112,6,0.4087,0.019,0.017,5.295,5.912,0.9877,0.00966,270.37,52.88,0.5657155199999999,0.7184587103999999,2.22,2.292443e-08,1.169266e-08,2.827872e-08,1.374152e-08,96.66,87.76,9132.61,8292.47,46.53,41.50
4.97138,6,0.4087,0.019,0.017,5.295,5.912,0.9877,0.00966,270.37,52.88,0.5657144799999999,0.7184573895999999,2.22,2.292641e-08,1.169068e-08,2.821293e-08,1.372043e-08,96.61,87.90,9127.84,8305.28,46.50,41.58
4.97163,6,0.4087,0.019,0.017,5.295,5.912,0.9877,0.00966,270.37,52.88,0.56571348,0.7184561196,2.22,2.292309e-08,1.169093e-08,2.814733e-08,1.368522e-08,96.64,87.86,9130.94,8301.37,46.52,41.55
4.97187,6,0.4088,0.019,0.017,5.295,5.912,0.9877,0.00966,270.37,52.88,0.5657125199999999,0.7184549003999999,2.22,2.293143e-08,1.167565e-08,2.807746e-08,1.36425e-08,96.33,87.77,9102.10,8293.05,46.35,41.50
4.97213,6,0.4088,0.019,0.017,5.295,5.912,0.9877,0.00966,270.37,52.88,0.5657114799999999,0.7184535795999999,2.22,2.29364e-08,1.16712e-08,2.800974e-08,1.361921e-08,96.22,87.89,9091.02,8304.45,46.28,41.57
4.97238,6,0.4088,0.019,0.017,5.295,5.912,0.9877,0.00966,270.37,52.88,0.5657104799999999,0.7184523095999998,2.22,2.292053e-08,1.167295e-08,2.795569e-08,1.357998e-08,96.38,87.73,9106.63,8289.07,46.38,41.48
4.97262,6,0.4089,0.019,0.017,5.295,5.912,0.9877,0.00966,270.37,52.88,0.56570952,0.7184510904,2.22,2.292123e-08,1.167101e-08,2.789292e-08,1.35558e-08,96.37,87.83,9105.20,8298.61,46.37,41.54
4.97288,6,0.4089,0.019,0.017,5.295,5.912,0.9877,0.00966,270.37,52.88,0.56570848,0.7184497696,2.22,2.290341e-08,1.166803e-08,2.783484e-08,1.351901e-08,96.47,87.72,9114.90,8288.40,46.42,41.48
4.97312,6,0.4089,0.019,0.017,5.295,5.912,0.9877,0.00966,270.37,52.88,0.5657075199999999,0.7184485503999999,2.22,2.290652e-08,1.166768e-08,2.777953e-08,1.349639e-08,96.44,87.78,9111.82,8293.47,46.41,41.51
4.97337,6,0.4090,0.019,0.017,5.295,5.912,0.9877,0.00966,270.37,52.88,0.56570652,0.7184472803999999,2.22,2.289978e-08,1.165981e-08,2.774405e-08,1.346848e-08,96.39,87.66,9106.99,8282.73,46.38,41.44
4.97363,6,0.4090,0.019,0.017,5.295,5.912,0.9877,0.00966,270.37,52.88,0.56570548,0.7184459596,2.22,2.28951e-08,1.166292e-08,2.766573e-08,1.343761e-08,96.48,87.75,9115.73,8291.31,46.43,41.49
4.97387,6,0.4090,0.019,0.017,5.295,5.912,0.9877,0.00966,270.37,52.88,0.5657045199999999,0.7184447404,2.22,2.289579e-08,1.165314e-08,2.760541e-08,1.34114e-08,96.31,87.79,9099.61,8295.02,46.33,41.52
4.97412,6,0.4091,0.019,0.017,5.295,5.912,0.9877,0.00966,270.37,52.88,0.56570352,0.7184434704,2.22,2.289589e-08,1.16486e-08,2.757461e-08,1.339375e-08,96.25,87.78,9094.53,8293.81,46.30,41.51
4.97438,6,0.4091,0.019,0.017,5.295,5.912,0.9877,0.00966,270.37,52.88,0.56570248,0.7184421496,2.22,2.290034e-08,1.164681e-08,2.754371e-08,1.33676e-08,96.19,87.64,9088.09,8280.39,46.26,41.43
4.97462,6,0.4091,0.019,0.017,5.295,5.912,0.9877,0.00966,270.37,52.88,0.56570152,0.7184409304,2.22,2.289009e-08,1.163457e-08,2.7475e-08,1.334122e-08,96.07,87.73,9076.94,8288.80,46.20,41.48
4.97487,6,0.4092,0.019,0.017,5.295,5.912,0.9877,0.00966,270.37,52.88,0.5657005199999999,0.7184396604,2.22,2.290314e-08,1.16437e-08,2.74535e-08,1.333114e-08,96.13,87.75,9083.12,8291.26,46.23,41.49
4.97513,6,0.4092,0.019,0.017,5.295,5.912,0.9877,0.00966,270.37,52.88,0.5656994799999999,0.7184383395999999,2.22,2.289851e-08,1.163139e-08,2.74326e-08,1.330924e-08,95.97,87.60,9067.33,8277.06,46.14,41.41
4.97537,6,0.4092,0.019,0.017,5.295,5.912,0.9877,0.00966,270.37,52.88,0.56569852,0.7184371204,2.22,2.289276e-08,1.163745e-08,2.736992e-08,1.328631e-08,96.12,87.70,9081.57,8286.12,46.22,41.46
4.97562,6,0.4093,0.019,0.017,5.294,5.912,0.9877,0.00966,270.37,52.88,0.56569752,0.7184358503999999,2.22,2.290579e-08,1.162822e-08,2.733256e-08,1.327168e-08,95.87,87.76,9058.67,8292.40,46.09,41.50
4.97588,6,0.4093,0.019,0.017,5.294,5.912,0.9877,0.00966,270.37,52.88,0.56569648,0.7184345296,2.22,2.291753e-08,1.162902e-08,2.731279e-08,1.325109e-08,95.79,87.62,9050.52,8279.05,46.04,41.42
4.97612,6,0.4093,0.019,0.017,5.294,5.912,0.9877,0.00966,270.37,52.88,0.56569552,0.7184333104,2.22,2.290587e-08,1.162267e-08,2.731191e-08,1.324379e-08,95.78,87.53,9049.83,8270.72,46.03,41.37
4.97637,6,0.4094,0.019,0.017,5.294,5.912,0.9877,0.00966,270.37,52.88,0.56569452,0.7184320404,2.22,2.291362e-08,1.162389e-08,2.726943e-08,1.323085e-08,95.76,87.65,9047.76,8282.04,46.02,41.44
4.97663,6,0.4094,0.019,0.017,5.294,5.912,0.9877,0.00966,270.37,52.88,0.56569348,0.7184307195999999,2.22,2.292716e-08,1.162976e-08,2.727632e-08,1.322717e-08,95.74,87.56,9046.18,8273.51,46.01,41.39
4.97687,6,0.4094,0.019,0.017,5.294,5.912,0.9877,0.00966,270.37,52.88,0.5656925199999999,0.7184295003999999,2.22,2.291468e-08,1.163111e-08,2.724281e-08,1.322088e-08,95.87,87.69,9058.32,8285.63,46.08,41.46
4.97713,6,0.4095,0.019,0.017,5.294,5.912,0.9877,0.00966,270.37,52.88,0.5656914799999999,0.7184281795999999,2.22,2.292787e-08,1.163024e-08,2.723017e-08,1.320891e-08,95.77,87.64,9048.58,8280.55,46.03,41.43
4.97738,6,0.4095,0.019,0.017,5.294,5.912,0.9877,0.00966,270.37,52.88,0.56569048,0.7184269096,2.22,2.295057e-08,1.162186e-08,2.721688e-08,1.321499e-08,95.44,87.80,9017.25,8295.82,45.84,41.52
4.97762,6,0.4095,0.019,0.017,5.294,5.912,0.9877,0.00966,270.37,52.88,0.56568952,0.7184256903999999,2.22,2.296882e-08,1.163166e-08,2.72106e-08,1.31938e-08,95.45,87.57,9018.13,8273.70,45.84,41.39
4.97788,6,0.4096,0.019,0.017,5.294,5.912,0.9877,0.00966,270.37,52.88,0.5656884799999999,0.7184243695999999,2.22,2.296848e-08,1.163905e-08,2.719939e-08,1.320427e-08,95.59,87.79,9032.22,8295.12,45.93,41.51
4.97813,6,0.4096,0.019,0.017,5.294,5.912,0.9877,0.00966,270.37,52.88,0.5656874799999999,0.7184230996,2.22,2.298988e-08,1.163773e-08,2.718955e-08,1.318407e-08,95.39,87.59,9013.12,8276.31,45.81,41.40
4.97837,6,0.4096,0.019,0.017,5.294,5.912,0.9877,0.00966,270.37,52.88,0.56568652,0.7184218804,2.22,2.300805e-08,1.164558e-08,2.720995e-08,1.320404e-08,95.37,87.72,9011.01,8288.59,45.80,41.48
4.97863,6,0.4097,0.019,0.017,5.294,5.912,0.9877,0.00966,270.37,52.88,0.56568548,0.7184205596,2.22,2.302165e-08,1.165319e-08,2.719534e-08,1.319475e-08,95.41,87.72,9014.35,8287.93,45.82,41.47
4.97888,6,0.4097,0.019,0.017,5.294,5.912,0.9877,0.00966,270.37,52.88,0.5656844799999999,0.7184192895999999,2.22,2.304127e-08,1.165783e-08,2.720237e-08,1.318486e-08,95.32,87.55,9006.07,8271.72,45.77,41.37
4.97912,6,0.4097,0.019,0.017,5.294,5.912,0.9877,0.00966,270.37,52.88,0.56568352,0.7184180704,2.22,2.306748e-08,1.166574e-08,2.718539e-08,1.317875e-08,95.23,87.57,8997.71,8274.30,45.72,41.39
4.97938,6,0.4098,0.019,0.017,5.294,5.912,0.9877,0.00966,270.37,52.88,0.56568248,0.7184167496,2.22,2.309178e-08,1.167138e-08,2.718356e-08,1.318123e-08,95.14,87.64,8989.55,8280.43,45.67,41.43
4.97963,6,0.4098,0.019,0.017,5.294,5.912,0.9877,0.00966,270.38,52.88,0.56568148,0.7184154796,2.22,2.312291e-08,1.168064e-08,2.71992e-08,1.318439e-08,95.04,87.58,8979.49,8275.04,45.61,41.39
4.97987,6,0.4098,0.019,0.017,5.294,5.912,0.9877,0.00966,270.38,52.88,0.5656805199999999,0.7184142603999999,2.22,2.314624e-08,1.168412e-08,2.719876e-08,1.319371e-08,94.90,87.70,8966.61,8286.66,45.53,41.46
4.98013,6,0.4099,0.019,0.017,5.294,5.912,0.9877,0.00966,270.38,52.88,0.56567948,0.7184129396000001,2.22,2.318585e-08,1.170496e-08,2.722311e-08,1.317987e-08,94.94,87.39,8970.10,8257.47,45.55,41.29
4.98038,6,0.4099,0.019,0.017,5.294,5.912,0.9877,0.00966,270.38,52.88,0.56567848,0.7184116696,2.22,2.319992e-08,1.172413e-08,2.720275e-08,1.319081e-08,95.13,87.66,8988.79,8282.78,45.67,41.44
4.98062,6,0.4100,0.019,0.017,5.293,5.912,0.9877,0.00966,270.38,52.88,0.5656775199999999,0.7184104504,2.22,2.324224e-08,1.172569e-08,2.720331e-08,1.318981e-08,94.83,87.67,8960.35,8283.25,45.50,41.44
4.98088,6,0.4100,0.019,0.017,5.293,5.912,0.9877,0.00966,270.38,52.88,0.5656764799999999,0.7184091295999999,2.22,2.328539e-08,1.173875e-08,2.722943e-08,1.318787e-08,94.69,87.48,8946.95,8265.48,45.42,41.34
4.98112,6,0.4100,0.019,0.017,5.293,5.912,0.9877,0.00966,270.38,52.88,0.56567552,0.7184079104,2.22,2.330651e-08,1.175904e-08,2.720422e-08,1.318237e-08,94.85,87.57,8961.77,8273.65,45.50,41.38
4.98137,6,0.4101,0.019,0.017,5.293,5.912,0.9877,0.00966,270.38,52.88,0.56567452,0.7184066403999999,2.22,2.333765e-08,1.176371e-08,2.721319e-08,1.317775e-08,94.69,87.47,8947.01,8264.76,45.42,41.33
4.98163,6,0.4101,0.019,0.017,5.293,5.912,0.9877,0.00966,270.38,52.88,0.56567348,0.7184053196,2.22,2.337177e-08,1.17883e-08,2.721628e-08,1.317897e-08,94.81,87.47,8958.34,8264.42,45.48,41.33
4.98187,6,0.4101,0.019,0.017,5.293,5.912,0.9877,0.00967,270.38,52.88,0.56567252,0.7184041004,2.22,2.342129e-08,1.180709e-08,2.721058e-08,1.317228e-08,94.71,87.42,8948.87,8259.64,45.43,41.30
4.98212,6,0.4102,0.019,0.017,5.293,5.912,0.9877,0.00967,270.38,52.88,0.56567152,0.7184028304,2.22,2.343694e-08,1.182568e-08,2.719547e-08,1.317632e-08,94.91,87.59,8967.42,8275.48,45.54,41.40
4.98238,6,0.4102,0.019,0.017,5.293,5.912,0.9877,0.00967,270.38,52.88,0.56567048,0.7184015095999999,2.22,2.348404e-08,1.183398e-08,2.721156e-08,1.317799e-08,94.66,87.51,8943.83,8268.02,45.40,41.35
4.98262,6,0.4102,0.019,0.017,5.293,5.912,0.9877,0.00967,270.38,52.88,0.5656695199999999,0.7184002903999999,2.22,2.353136e-08,1.185475e-08,2.717652e-08,1.317211e-08,94.61,87.65,8939.15,8281.54,45.37,41.43
4.98287,6,0.4103,0.019,0.017,5.293,5.912,0.9877,0.00967,270.38,52.88,0.56566852,0.7183990204,2.22,2.358522e-08,1.186604e-08,2.719391e-08,1.316665e-08,94.38,87.49,8917.34,8266.64,45.24,41.34
4.98313,6,0.4103,0.019,0.017,5.293,5.912,0.9877,0.00967,270.38,52.88,0.56566748,0.7183976996,2.22,2.360477e-08,1.189044e-08,2.715494e-08,1.315058e-08,94.61,87.53,8939.37,8270.05,45.37,41.36
4.98337,6,0.4103,0.019,0.017,5.293,5.912,0.9877,0.00967,270.38,52.88,0.56566652,0.7183964803999999,2.22,2.364555e-08,1.191037e-08,2.716501e-08,1.313548e-08,94.60,87.27,8938.45,8245.74,45.36,41.22
4.98362,6,0.4104,0.019,0.017,5.293,5.912,0.9877,0.00967,270.38,52.88,0.5656655199999999,0.7183952103999999,2.22,2.371645e-08,1.192226e-08,2.712378e-08,1.313199e-08,94.25,87.50,8904.77,8267.79,45.16,41.35
4.98388,6,0.4104,0.019,0.017,5.293,5.912,0.9877,0.00967,270.38,52.88,0.5656644799999999,0.7183938896,2.22,2.374848e-08,1.194181e-08,2.711687e-08,1.313139e-08,94.30,87.54,8909.95,8271.15,45.19,41.37
4.98412,6,0.4104,0.019,0.017,5.293,5.912,0.9877,0.00967,270.38,52.88,0.56566352,0.7183926704,2.22,2.379778e-08,1.196626e-08,2.711402e-08,1.311486e-08,94.29,87.34,8909.44,8252.66,45.19,41.26
4.98438,6,0.4105,0.019,0.017,5.293,5.912,0.9877,0.00967,270.38,52.88,0.56566248,0.7183913496,2.22,2.385118e-08,1.197335e-08,2.709792e-08,1.310111e-08,94.01,87.29,8882.12,8247.40,45.03,41.23
4.98463,6,0.4105,0.019,0.017,5.293,5.912,0.9877,0.00967,270.38,52.88,0.5656614799999999,0.7183900795999999,2.22,2.388198e-08,1.199996e-08,2.706897e-08,1.310009e-08,94.18,87.46,8898.72,8263.25,45.13,41.32
4.98487,6,0.4105,0.019,0.017,5.293,5.912,0.9877,0.00967,270.38,52.88,0.56566052,0.7183888604,2.22,2.392844e-08,1.200646e-08,2.705122e-08,1.308086e-08,93.92,87.32,8873.70,8250.25,44.98,41.24
4.98513,6,0.4106,0.019,0.017,5.293,5.912,0.9877,0.00967,270.38,52.88,0.56565948,0.7183875396,2.22,2.397011e-08,1.202703e-08,2.705442e-08,1.30671e-08,93.93,87.14,8875.36,8233.58,44.99,41.14
4.98538,6,0.4106,0.019,0.017,5.293,5.912,0.9877,0.00967,270.38,52.88,0.56565848,0.7183862696,2.22,2.399416e-08,1.204288e-08,2.701728e-08,1.305837e-08,93.99,87.26,8880.96,8244.83,45.02,41.21
4.98562,6,0.4106,0.019,0.017,5.293,5.912,0.9877,0.00967,270.38,52.88,0.5656575199999999,0.7183850503999999,2.22,2.405007e-08,1.20772e-08,2.697317e-08,1.304311e-08,94.09,87.34,8890.21,8252.25,45.07,41.26
4.98588,6,0.4107,0.019,0.017,5.292,5.912,0.9877,0.00967,270.38,52.88,0.5656564799999999,0.7183837295999999,2.22,2.409402e-08,1.209014e-08,2.69658e-08,1.303439e-08,93.97,87.29,8878.91,8247.94,45.01,41.23
4.98613,6,0.4107,0.019,0.017,5.292,5.912,0.9877,0.00967,270.38,52.88,0.56565548,0.7183824596,2.22,2.413665e-08,1.209135e-08,2.693679e-08,1.30216e-08,93.66,87.31,8849.26,8249.45,44.83,41.24
4.98637,6,0.4107,0.019,0.017,5.292,5.912,0.9877,0.00967,270.38,52.88,0.5656545199999999,0.7183812404,2.22,2.416706e-08,1.21125e-08,2.692418e-08,1.301418e-08,93.75,87.29,8857.93,8247.83,44.88,41.23
4.98663,6,0.4108,0.019,0.017,5.292,5.912,0.9877,0.00967,270.38,52.88,0.5656534799999999,0.7183799195999999,2.22,2.422214e-08,1.213917e-08,2.690955e-08,1.299801e-08,93.76,87.20,8858.72,8238.67,44.89,41.17
4.98688,6,0.4108,0.019,0.017,5.292,5.912,0.9877,0.00967,270.38,52.88,0.56565248,0.7183786496,2.22,2.42715e-08,1.21609e-08,2.689606e-08,1.29947e-08,93.71,87.24,8854.33,8242.60,44.86,41.20
4.98712,6,0.4108,0.019,0.017,5.292,5.912,0.9877,0.00967,270.38,52.88,0.56565152,0.7183774304,2.22,2.430905e-08,1.218219e-08,2.688677e-08,1.29753e-08,93.75,87.04,8857.94,8224.32,44.88,41.09
4.98738,6,0.4109,0.019,0.017,5.292,5.912,0.9877,0.00967,270.38,52.88,0.56565048,0.7183761096,2.22,2.435113e-08,1.220059e-08,2.685578e-08,1.296785e-08,93.73,87.16,8856.18,8235.53,44.87,41.15
4.98763,6,0.4109,0.019,0.017,5.292,5.912,0.9877,0.00967,270.38,52.88,0.5656494799999999,0.7183748395999999,2.22,2.438204e-08,1.220164e-08,2.683923e-08,1.296009e-08,93.51,87.17,8835.23,8235.82,44.74,41.16
4.98787,6,0.4109,0.019,0.017,5.292,5.912,0.9877,0.00967,270.38,52.88,0.56564852,0.7183736204,2.22,2.441704e-08,1.222565e-08,2.684041e-08,1.294506e-08,93.61,86.96,8844.64,8216.67,44.80,41.04
4.98813,6,0.4110,0.018,0.017,5.292,5.912,0.9877,0.00967,270.38,52.88,0.56564748,0.7183722995999999,2.22,2.445776e-08,1.22475e-08,2.682451e-08,1.294109e-08,93.65,87.03,8848.81,8223.12,44.83,41.08
4.98837,6,0.4110,0.018,0.017,5.292,5.939,0.9877,0.00967,270.38,52.88,0.5656465199999999,0.7183710804,2.22,2.452488e-08,1.226839e-08,2.679953e-08,1.293176e-08,93.46,87.07,8830.47,8226.46,44.69,41.07
4.98862,6,0.4110,0.018,0.017,5.292,5.939,0.9877,0.00967,270.38,52.88,0.56564552,0.7183698104,2.22,2.453659e-08,1.228689e-08,2.680734e-08,1.293147e-08,93.65,87.01,8848.69,8221.48,44.80,41.04
4.98888,6,0.4111,0.018,0.017,5.292,5.939,0.9877,0.00967,270.38,52.88,0.56564448,0.7183684896,2.22,2.461362e-08,1.230492e-08,2.679389e-08,1.291707e-08,93.36,86.93,8821.34,8213.76,44.63,41.00
4.98912,6,0.4111,0.018,0.017,5.292,5.939,0.9877,0.00967,270.38,52.88,0.56564352,0.7183672703999999,2.22,2.465342e-08,1.232289e-08,2.679468e-08,1.29191e-08,93.33,86.95,8818.58,8215.78,44.62,41.01
4.98937,6,0.4111,0.018,0.017,5.292,5.939,0.9877,0.00967,270.38,52.88,0.5656425199999999,0.7183660003999999,2.22,2.46966e-08,1.23464e-08,2.67917e-08,1.291643e-08,93.36,86.94,8821.33,8214.27,44.63,41.00
4.98963,6,0.4112,0.018,0.017,5.292,5.939,0.9877,0.00967,270.38,52.88,0.5656414799999999,0.7183646796,2.22,2.472519e-08,1.236458e-08,2.678762e-08,1.291088e-08,93.44,86.91,8829.03,8211.87,44.68,40.98
4.98987,6,0.4112,0.018,0.017,5.292,5.939,0.9877,0.00967,270.38,52.88,0.56564052,0.7183634604,2.22,2.478844e-08,1.2381e-08,2.678471e-08,1.291637e-08,93.21,87.00,8807.39,8220.33,44.55,41.04
4.99012,6,0.4112,0.018,0.017,5.292,5.939,0.9877,0.00967,270.38,52.88,0.56563952,0.7183621903999999,2.22,2.482532e-08,1.240438e-08,2.680497e-08,1.292342e-08,93.29,86.97,8814.43,8216.99,44.59,41.02
4.99038,6,0.4113,0.018,0.017,5.292,5.939,0.9877,0.00967,270.38,52.88,0.5656384799999999,0.7183608695999999,2.22,2.486572e-08,1.243408e-08,2.679975e-08,1.291905e-08,93.45,86.96,8830.07,8216.72,44.69,41.01
4.99062,6,0.4113,0.018,0.017,5.292,5.939,0.9877,0.00967,270.38,52.88,0.56563752,0.7183596504,2.22,2.492366e-08,1.24454e-08,2.680307e-08,1.292029e-08,93.19,86.96,8805.09,8216.27,44.54,41.01
4.99087,6,0.4113,0.018,0.017,5.292,5.939,0.9877,0.00967,270.38,52.88,0.56563652,0.7183583804,2.22,2.498684e-08,1.247425e-08,2.682427e-08,1.292465e-08,93.15,86.88,8801.29,8209.09,44.51,40.97
4.99113,6,0.4114,0.018,0.017,5.291,5.939,0.9877,0.00967,270.38,52.88,0.56563548,0.7183570596,2.22,2.501802e-08,1.250298e-08,2.68273e-08,1.294355e-08,93.37,87.13,8821.98,8232.49,44.64,41.11
4.99137,6,0.4114,0.018,0.017,5.291,5.939,0.9877,0.00967,270.38,52.88,0.5656345199999999,0.7183558403999999,2.22,2.50929e-08,1.251912e-08,2.684992e-08,1.294209e-08,93.05,86.97,8792.10,8217.31,44.46,41.02
4.99162,6,0.4114,0.018,0.017,5.291,5.939,0.9877,0.00967,270.38,52.88,0.56563352,0.7183545704000001,2.22,2.512749e-08,1.255622e-08,2.687629e-08,1.295581e-08,93.35,86.98,8819.92,8218.55,44.62,41.02
4.99188,6,0.4115,0.018,0.017,5.291,5.939,0.9877,0.00967,270.38,52.88,0.56563248,0.7183532496,2.22,2.519483e-08,1.257038e-08,2.688017e-08,1.29595e-08,93.08,87.03,8794.80,8222.77,44.47,41.05
4.99212,6,0.4115,0.018,0.017,5.291,5.939,0.9877,0.00967,270.38,52.88,0.5656315199999999,0.7183520304,2.22,2.527773e-08,1.261628e-08,2.69162e-08,1.298038e-08,93.15,87.07,8801.12,8227.07,44.51,41.08
4.99238,6,0.4115,0.018,0.017,5.291,5.939,0.9877,0.00967,270.38,52.88,0.5656304799999999,0.7183507095999999,2.22,2.532197e-08,1.262705e-08,2.694382e-08,1.298533e-08,92.98,86.96,8785.41,8216.84,44.42,41.01
4.99263,6,0.4116,0.018,0.017,5.291,5.939,0.9877,0.00967,270.38,52.88,0.5656294799999999,0.7183494395999999,2.22,2.538078e-08,1.265785e-08,2.697639e-08,1.299306e-08,93.03,86.88,8789.59,8209.12,44.44,40.97
4.99287,6,0.4116,0.018,0.017,5.291,5.939,0.9877,0.00967,270.38,52.88,0.56562852,0.7183482204,2.22,2.54361e-08,1.268526e-08,2.699792e-08,1.300238e-08,93.02,86.87,8789.34,8207.84,44.44,40.96
4.99313,6,0.4116,0.018,0.017,5.291,5.939,0.9877,0.00967,270.38,52.88,0.56562748,0.7183468996,2.22,2.551879e-08,1.272292e-08,2.70032e-08,1.302355e-08,92.97,87.11,8784.41,8230.55,44.41,41.10
4.99338,6,0.4117,0.018,0.017,5.291,5.939,0.9877,0.00967,270.38,52.88,0.5656264799999999,0.7183456295999999,2.22,2.559006e-08,1.275709e-08,2.704452e-08,1.304053e-08,92.97,87.09,8784.68,8228.96,44.41,41.09
4.99362,6,0.4117,0.018,0.017,5.291,5.939,0.9877,0.00967,270.38,52.88,0.56562552,0.7183444104,2.22,2.565879e-08,1.279493e-08,2.708015e-08,1.306717e-08,93.03,87.21,8789.58,8240.48,44.44,41.15
4.99388,6,0.4118,0.018,0.017,5.291,5.939,0.9877,0.00967,270.38,52.88,0.56562448,0.7183430896,2.22,2.571804e-08,1.282478e-08,2.71226e-08,1.307081e-08,93.05,87.02,8792.13,8222.00,44.46,41.04
4.99413,6,0.4118,0.018,0.017,5.291,5.939,0.9877,0.00967,270.38,52.88,0.56562348,0.7183418196,2.22,2.578062e-08,1.285562e-08,2.712409e-08,1.308822e-08,93.05,87.23,8791.63,8242.29,44.45,41.17
4.99437,6,0.4118,0.018,0.017,5.291,5.939,0.9877,0.00967,270.38,52.88,0.5656225199999999,0.7183406003999999,2.22,2.585086e-08,1.289629e-08,2.717305e-08,1.309274e-08,93.13,86.99,8799.31,8219.12,44.50,41.03
4.99463,6,0.4119,0.018,0.017,5.291,5.939,0.9877,0.00967,270.38,52.88,0.56562148,0.7183392796,2.22,2.591204e-08,1.292629e-08,2.720239e-08,1.311298e-08,93.14,87.09,8800.74,8228.50,44.51,41.08
4.99488,6,0.4119,0.018,0.017,5.291,5.939,0.9877,0.00967,270.38,52.88,0.56562048,0.7183380095999999,2.22,2.598229e-08,1.29692e-08,2.72375e-08,1.312389e-08,93.26,87.01,8811.40,8221.23,44.57,41.04
4.99512,6,0.4119,0.018,0.017,5.291,5.939,0.9877,0.00967,270.38,52.88,0.5656195199999999,0.7183367903999999,2.22,2.607143e-08,1.301267e-08,2.727408e-08,1.313922e-08,93.24,86.98,8810.02,8218.46,44.56,41.02
4.99538,6,0.4120,0.018,0.017,5.291,5.939,0.9877,0.00967,270.38,52.88,0.5656184799999999,0.7183354695999999,2.22,2.615046e-08,1.304351e-08,2.728876e-08,1.315831e-08,93.14,87.16,8800.56,8234.96,44.51,41.12
4.99563,6,0.4120,0.018,0.017,5.291,5.939,0.9877,0.00967,270.38,52.88,0.56561748,0.7183341996,2.22,2.621882e-08,1.307566e-08,2.73194e-08,1.316925e-08,93.11,87.11,8797.95,8230.34,44.49,41.09
4.99587,6,0.4120,0.018,0.017,5.291,5.939,0.9877,0.00967,270.38,52.88,0.56561652,0.7183329803999999,2.22,2.631995e-08,1.312257e-08,2.734553e-08,1.318789e-08,93.06,87.18,8793.24,8237.63,44.46,41.14
4.99613,6,0.4121,0.018,0.017,5.290,5.939,0.9877,0.00967,270.38,52.88,0.56561548,0.7183316595999999,2.22,2.638224e-08,1.315831e-08,2.738081e-08,1.319161e-08,93.15,87.04,8801.62,8223.62,44.51,41.05
4.99637,6,0.4121,0.018,0.017,5.290,5.939,0.9877,0.00967,270.38,52.88,0.56561452,0.7183304404,2.22,2.647383e-08,1.320456e-08,2.739706e-08,1.321673e-08,93.16,87.26,8802.38,8244.43,44.52,41.18
4.99662,6,0.4121,0.018,0.017,5.290,5.939,0.9877,0.00967,270.38,52.88,0.56561352,0.7183291704,2.22,2.653326e-08,1.323468e-08,2.740637e-08,1.322733e-08,93.17,87.33,8803.01,8251.79,44.52,41.22
4.99688,6,0.4122,0.018,0.017,5.290,5.939,0.9877,0.00967,270.38,52.88,0.56561248,0.7183278496,2.22,2.66098e-08,1.32726e-08,2.742264e-08,1.324633e-08,93.19,87.50,8804.80,8267.24,44.53,41.31
4.99712,6,0.4122,0.018,0.017,5.290,5.939,0.9877,0.00967,270.38,52.88,0.5656115199999999,0.7183266303999999,2.22,2.669511e-08,1.330728e-08,2.745012e-08,1.325378e-08,93.08,87.42,8794.43,8260.22,44.47,41.27
4.99737,6,0.4122,0.018,0.017,5.290,5.939,0.9877,0.00967,270.38,52.88,0.56561052,0.7183253604000001,2.22,2.679412e-08,1.3353e-08,2.748439e-08,1.326391e-08,93.03,87.34,8789.65,8252.50,44.44,41.23
4.99763,6,0.4123,0.018,0.017,5.290,5.939,0.9877,0.00967,270.38,52.88,0.56560948,0.7183240396,2.22,2.684361e-08,1.338041e-08,2.750633e-08,1.327271e-08,93.09,87.34,8795.38,8252.36,44.48,41.22
4.99787,6,0.4123,0.018,0.017,5.290,5.939,0.9877,0.00967,270.38,52.88,0.56560852,0.7183228204,2.22,2.692994e-08,1.342388e-08,2.751233e-08,1.329028e-08,93.09,87.53,8795.96,8270.00,44.48,41.33
4.99812,6,0.4123,0.018,0.017,5.290,5.939,0.9877,0.00967,270.38,52.88,0.5656075199999999,0.7183215503999999,2.22,2.69934e-08,1.345101e-08,2.752081e-08,1.329819e-08,93.03,87.58,8790.09,8274.59,44.44,41.36
4.99838,6,0.4124,0.018,0.017,5.290,5.939,0.9877,0.00967,270.38,52.88,0.5656064799999999,0.7183202295999999,2.22,2.70797e-08,1.349819e-08,2.753035e-08,1.330138e-08,93.11,87.58,8797.65,8274.89,44.49,41.36
4.99862,6,0.4124,0.018,0.017,5.290,5.939,0.9877,0.00967,270.38,52.88,0.56560552,0.7183190104,2.22,2.713724e-08,1.353363e-08,2.755051e-08,1.331127e-08,93.20,87.58,8806.42,8275.07,44.54,41.36
4.99887,6,0.4124,0.018,0.017,5.290,5.939,0.9877,0.00967,270.38,52.88,0.5656045199999999,0.7183177404,2.22,2.721708e-08,1.357792e-08,2.754065e-08,1.331835e-08,93.27,87.73,8812.21,8289.33,44.58,41.45
4.99913,6,0.4125,0.018,0.017,5.290,5.939,0.9877,0.00967,270.38,52.88,0.5656034799999999,0.7183164195999999,2.22,2.728295e-08,1.360909e-08,2.756237e-08,1.332526e-08,93.27,87.71,8812.16,8287.02,44.58,41.43
4.99937,6,0.4125,0.018,0.017,5.290,5.939,0.9877,0.00967,270.38,52.88,0.56560252,0.7183152004,2.22,2.734313e-08,1.363927e-08,2.755021e-08,1.332662e-08,93.27,87.80,8812.37,8295.74,44.58,41.48
4.99962,6,0.4125,0.018,0.017,5.290,5.939,0.9877,0.00967,270.38,52.88,0.56560152,0.7183139304,2.22,2.741996e-08,1.366114e-08,2.755686e-08,1.333502e-08,93.04,87.87,8791.24,8301.99,44.45,41.52
4.99988,6,0.4126,0.018,0.017,5.290,5.939,0.9877,0.00967,270.38,52.88,0.56560048,0.7183126096,2.22,2.746628e-08,1.369665e-08,2.754276e-08,1.333734e-08,93.23,88.00,8809.31,8315.05,44.56,41.60
5.00012,6,0.4126,0.018,0.017,5.290,5.939,0.9877,0.00967,270.38,52.88,0.5655995199999999,0.7183113903999999,2.22,2.753822e-08,1.373144e-08,2.755433e-08,1.334659e-08,93.22,88.05,8807.92,8319.46,44.55,41.63
5.00038,6,0.4126,0.018,0.017,5.290,5.939,0.9877,0.00967,270.38,52.88,0.56559848,0.7183100696,2.22,2.77305e-08,1.388597e-08,2.769184e-08,1.343923e-08,94.01,88.38,8882.75,8350.83,45.00,41.81
5.00063,6,0.4127,0.018,0.017,5.289,5.939,0.9877,0.00967,270.38,52.88,0.56559748,0.7183087996,2.22,2.765915e-08,1.378809e-08,2.756034e-08,1.334467e-08,93.19,88.01,8805.40,8315.63,44.53,41.60
5.00087,6,0.4127,0.018,0.017,5.289,5.939,0.9877,0.00967,270.38,52.88,0.5655965199999999,0.7183075804,2.22,2.771894e-08,1.381025e-08,2.754411e-08,1.334716e-08,93.09,88.14,8795.70,8328.15,44.48,41.68
5.00113,6,0.4127,0.018,0.017,5.289,5.939,0.9877,0.00967,270.38,52.88,0.5655954799999999,0.7183062595999999,2.22,2.775627e-08,1.38385e-08,2.755015e-08,1.33518e-08,93.22,88.16,8807.94,8330.23,44.55,41.69
5.00138,6,0.4128,0.018,0.017,5.289,5.939,0.9877,0.00967,270.38,52.88,0.56559448,0.7183049896,2.22,2.782206e-08,1.386236e-08,2.754787e-08,1.334913e-08,93.12,88.17,8798.75,8330.35,44.49,41.69
5.00162,6,0.4128,0.018,0.017,5.289,5.939,0.9877,0.00967,270.38,52.88,0.56559352,0.7183037703999999,2.22,2.786592e-08,1.389787e-08,2.755155e-08,1.334728e-08,93.31,88.12,8816.02,8325.95,44.60,41.66
5.00188,6,0.4128,0.018,0.017,5.289,5.939,0.9877,0.00967,270.38,52.88,0.56559248,0.7183024496,2.22,2.790629e-08,1.391362e-08,2.755997e-08,1.335212e-08,93.25,88.13,8810.48,8326.87,44.56,41.67
5.00213,6,0.4129,0.018,0.017,5.289,5.939,0.9877,0.00967,270.38,52.88,0.5655914799999999,0.7183011796,2.22,2.796297e-08,1.393785e-08,2.755708e-08,1.335172e-08,93.22,88.16,8807.54,8330.10,44.55,41.69
5.00237,6,0.4129,0.018,0.017,5.289,5.939,0.9877,0.00967,270.38,52.88,0.56559052,0.7182999604,2.22,2.799781e-08,1.395693e-08,2.755281e-08,1.334727e-08,93.24,88.13,8809.69,8327.22,44.56,41.67
5.00263,6,0.4129,0.018,0.017,5.289,5.939,0.9877,0.00967,270.38,52.88,0.56558948,0.7182986396,2.22,2.801999e-08,1.398582e-08,2.756481e-08,1.336001e-08,93.48,88.22,8832.15,8335.60,44.69,41.72
5.00288,6,0.4130,0.018,0.017,5.289,5.939,0.9877,0.00967,270.38,52.88,0.56558848,0.7182973695999999,2.22,2.806382e-08,1.3999e-08,2.755498e-08,1.33553e-08,93.38,88.24,8823.35,8337.69,44.64,41.73
5.00312,6,0.4130,0.018,0.017,5.289,5.939,0.9877,0.00967,270.38,52.88,0.56558752,0.7182961504,2.22,2.812562e-08,1.400678e-08,2.754454e-08,1.336425e-08,93.08,88.42,8794.47,8354.68,44.47,41.84
5.00338,6,0.4130,0.018,0.017,5.289,5.939,0.9877,0.00967,270.38,52.88,0.56558648,0.7182948296,2.22,2.813656e-08,1.403041e-08,2.756779e-08,1.335132e-08,93.32,88.11,8817.23,8325.36,44.60,41.66
5.00363,6,0.4131,0.018,0.017,5.289,5.939,0.9877,0.00967,270.38,52.88,0.56558548,0.7182935596,2.22,2.814925e-08,1.404043e-08,2.75577e-08,1.336581e-08,93.39,88.38,8824.00,8350.85,44.64,41.81
5.00387,6,0.4131,0.018,0.017,5.289,5.939,0.9877,0.00967,270.38,52.88,0.5655845199999999,0.7182923403999999,2.22,2.81755e-08,1.406064e-08,2.757332e-08,1.337406e-08,93.48,88.39,8832.92,8351.67,44.70,41.82
5.00413,6,0.4131,0.018,0.017,5.289,5.939,0.9877,0.00967,270.38,52.88,0.5655834799999999,0.7182910195999999,2.22,2.819953e-08,1.406902e-08,2.755183e-08,1.338001e-08,93.44,88.60,8828.39,8371.56,44.67,41.94
5.00437,6,0.4132,0.018,0.017,5.289,5.939,0.9877,0.00967,270.38,52.88,0.56558252,0.7182898004,2.22,2.825628e-08,1.408349e-08,2.757787e-08,1.337822e-08,93.28,88.44,8813.24,8356.06,44.58,41.84
5.00462,6,0.4132,0.018,0.017,5.289,5.939,0.9877,0.00967,270.38,52.88,0.56558152,0.7182885304,2.22,2.826135e-08,1.410396e-08,2.759091e-08,1.33868e-08,93.51,88.47,8835.65,8358.79,44.71,41.86
5.00488,6,0.4132,0.018,0.017,5.289,5.939,0.9877,0.00967,270.38,52.88,0.5655804799999999,0.7182872095999999,2.22,2.827005e-08,1.411527e-08,2.758667e-08,1.338498e-08,93.61,88.47,8844.37,8359.08,44.77,41.86
5.00512,6,0.4133,0.018,0.017,5.289,5.939,0.9877,0.00967,270.38,52.88,0.56557952,0.7182859904,2.22,2.82825e-08,1.411694e-08,2.758314e-08,1.339455e-08,93.57,88.64,8840.82,8374.80,44.74,41.95
5.00537,6,0.4133,0.018,0.017,5.289,5.939,0.9877,0.00967,270.38,52.88,0.56557852,0.7182847204,2.22,2.832925e-08,1.413626e-08,2.760919e-08,1.340249e-08,93.52,88.58,8835.81,8369.09,44.71,41.92
5.00563,6,0.4133,0.018,0.017,5.289,5.939,0.9877,0.00967,270.38,52.88,0.56557748,0.7182833996,2.22,2.833267e-08,1.415109e-08,2.761039e-08,1.341123e-08,93.69,88.68,8852.20,8378.99,44.81,41.98
5.00587,6,0.4134,0.018,0.017,5.288,5.939,0.9877,0.00967,270.38,52.88,0.5655765199999999,0.7182821803999999,2.22,2.836386e-08,1.415775e-08,2.762204e-08,1.342214e-08,93.59,88.77,8843.21,8387.40,44.76,42.03
5.00612,6,0.4134,0.018,0.017,5.288,5.939,0.9877,0.00967,270.38,52.88,0.56557552,0.7182809104,2.22,2.83641e-08,1.416108e-08,2.765457e-08,1.343425e-08,93.64,88.72,8847.21,8382.91,44.78,42.00
5.00638,6,0.4134,0.018,0.017,5.288,5.939,0.9877,0.00967,270.38,52.88,0.56557448,0.7182795896,2.22,2.83846e-08,1.416809e-08,2.76428e-08,1.342986e-08,93.59,88.74,8843.19,8384.52,44.76,42.01
5.00662,6,0.4135,0.018,0.017,5.288,5.939,0.9877,0.00967,270.38,52.88,0.5655735199999999,0.7182783704,2.22,2.840714e-08,1.418243e-08,2.766392e-08,1.343843e-08,93.66,88.74,8849.18,8384.50,44.79,42.01
5.00687,6,0.4135,0.018,0.017,5.288,5.939,0.9877,0.00967,270.38,52.88,0.5655725199999999,0.7182771003999999,2.22,2.838989e-08,1.419323e-08,2.769025e-08,1.344876e-08,93.91,88.71,8873.42,8381.52,44.94,41.99
5.00713,6,0.4135,0.018,0.017,5.288,5.939,0.9877,0.00967,270.38,52.88,0.56557148,0.7182757796,2.22,2.843597e-08,1.420216e-08,2.768835e-08,1.345217e-08,93.73,88.76,8855.83,8386.77,44.83,42.03
5.00737,6,0.4136,0.018,0.017,5.288,5.939,0.9877,0.00967,270.38,52.88,0.56557052,0.7182745603999999,2.22,2.84399e-08,1.420127e-08,2.770844e-08,1.346121e-08,93.71,88.78,8854.42,8387.93,44.82,42.03
5.00762,6,0.4136,0.018,0.017,5.288,5.939,0.9877,0.00967,270.38,52.88,0.5655695199999999,0.7182732903999999,2.22,2.845588e-08,1.422319e-08,2.771437e-08,1.346971e-08,93.90,88.85,8871.78,8394.74,44.93,42.07
5.00788,6,0.4137,0.018,0.017,5.288,5.939,0.9877,0.00967,270.38,52.88,0.5655684799999999,0.7182719696,2.22,2.845223e-08,1.423616e-08,2.772743e-08,1.347986e-08,94.11,88.92,8892.40,8401.38,45.05,42.11
5.00812,6,0.4137,0.018,0.017,5.288,5.939,0.9877,0.00967,270.38,52.88,0.56556752,0.7182707504,2.22,2.847889e-08,1.423657e-08,2.773481e-08,1.348327e-08,93.94,88.92,8876.27,8401.16,44.96,42.11
5.00838,6,0.4137,0.018,0.017,5.288,5.939,0.9877,0.00967,270.38,52.88,0.56556648,0.7182694296,2.22,2.84954e-08,1.42466e-08,2.773205e-08,1.349562e-08,93.97,89.09,8878.48,8417.78,44.97,42.21
5.00863,6,0.4138,0.018,0.017,5.288,5.939,0.9877,0.00967,270.38,52.88,0.56556548,0.7182681595999999,2.22,2.852122e-08,1.426163e-08,2.775654e-08,1.350092e-08,94.02,89.03,8883.27,8411.78,45.00,42.18
5.00887,6,0.4138,0.018,0.017,5.288,5.939,0.9877,0.00967,270.38,52.88,0.5655645199999999,0.7182669403999999,2.22,2.853466e-08,1.426255e-08,2.776453e-08,1.349759e-08,93.94,88.94,8876.05,8403.04,44.95,42.12
5.00913,6,0.4138,0.018,0.017,5.288,5.939,0.9877,0.00967,270.38,52.88,0.56556348,0.7182656196,2.22,2.85563e-08,1.427477e-08,2.77633e-08,1.350591e-08,93.96,89.05,8877.80,8413.85,44.96,42.19
5.00938,6,0.4139,0.018,0.017,5.288,5.939,0.9877,0.00967,270.38,52.88,0.56556248,0.7182643496,2.22,2.854862e-08,1.42786e-08,2.778429e-08,1.350879e-08,94.08,88.98,8889.49,8407.00,45.03,42.15
5.00962,6,0.4139,0.018,0.017,5.288,5.939,0.9877,0.00967,270.38,52.88,0.5655615199999999,0.7182631303999999,2.22,2.857212e-08,1.429183e-08,2.776562e-08,1.350551e-08,94.10,89.05,8891.33,8414.03,45.05,42.19
5.00988,6,0.4139,0.018,0.017,5.288,5.939,0.9877,0.00967,270.38,52.88,0.5655604799999999,0.7182618095999999,2.22,2.85785e-08,1.429734e-08,2.776551e-08,1.351414e-08,94.13,89.16,8894.21,8424.57,45.06,42.25
5.01013,6,0.4140,0.018,0.017,5.288,5.939,0.9877,0.00967,270.38,52.88,0.56555948,0.7182605396,2.22,2.859288e-08,1.431196e-08,2.776077e-08,1.351153e-08,94.25,89.18,8905.61,8426.23,45.13,42.26
5.01037,6,0.4140,0.018,0.017,5.288,5.939,0.9877,0.00967,270.38,52.88,0.56555852,0.7182593204,2.22,2.859083e-08,1.432414e-08,2.774649e-08,1.351123e-08,94.43,89.27,8922.08,8434.32,45.23,42.31
5.01063,6,0.4140,0.018,0.017,5.288,5.939,0.9877,0.00967,270.38,52.88,0.56555748,0.7182579995999999,2.22,2.85991e-08,1.432461e-08,2.773114e-08,1.350757e-08,94.38,89.32,8917.50,8438.97,45.20,42.34
5.01088,6,0.4141,0.018,0.017,5.287,5.939,0.9877,0.00967,270.38,52.88,0.5655564799999999,0.7182567295999999,2.22,2.861056e-08,1.433244e-08,2.771273e-08,1.35051e-08,94.43,89.42,8922.26,8448.93,45.23,42.40
5.01112,6,0.4141,0.018,0.017,5.287,5.939,0.9877,0.00967,270.38,52.88,0.56555552,0.7182555104,2.22,2.861899e-08,1.434762e-08,2.768708e-08,1.350259e-08,94.58,89.55,8935.93,8461.14,45.31,42.47
5.01138,6,0.4141,0.018,0.017,5.287,5.939,0.9877,0.00967,270.38,52.88,0.56555448,0.7182541896,2.22,2.861086e-08,1.435283e-08,2.767914e-08,1.349176e-08,94.70,89.46,8947.54,8452.63,45.38,42.42
5.01163,6,0.4142,0.018,0.017,5.287,5.939,0.9877,0.00967,270.38,52.88,0.5655534799999999,0.7182529195999999,2.22,2.863417e-08,1.435335e-08,2.765944e-08,1.348542e-08,94.57,89.52,8935.74,8458.67,45.31,42.45
5.01187,6,0.4142,0.018,0.017,5.287,5.939,0.9877,0.00967,270.38,52.88,0.56555252,0.7182517004,2.22,2.861605e-08,1.436276e-08,2.76065e-08,1.346849e-08,94.82,89.64,8958.87,8469.56,45.45,42.52
5.01213,6,0.4142,0.018,0.017,5.287,5.939,0.9877,0.00967,270.38,52.88,0.56555148,0.7182503796,2.22,2.863411e-08,1.436697e-08,2.759192e-08,1.345744e-08,94.75,89.59,8952.80,8464.73,45.41,42.49
5.01237,6,0.4143,0.018,0.017,5.287,5.939,0.9877,0.00967,270.38,52.88,0.56555052,0.7182491604,2.22,2.86482e-08,1.436294e-08,2.754581e-08,1.34445e-08,94.63,89.73,8941.09,8478.53,45.34,42.57
5.01262,6,0.4143,0.018,0.017,5.287,5.939,0.9877,0.00967,270.38,52.88,0.5655495199999999,0.7182478903999999,2.22,2.864152e-08,1.438055e-08,2.751658e-08,1.343345e-08,94.91,89.78,8967.30,8482.50,45.50,42.60
5.01288,6,0.4143,0.018,0.017,5.287,5.939,0.9877,0.00967,270.38,52.88,0.5655484799999999,0.7182465695999999,2.22,2.864979e-08,1.438447e-08,2.746924e-08,1.341758e-08,94.90,89.87,8967.01,8491.45,45.50,42.65
5.01312,6,0.4144,0.018,0.017,5.287,5.939,0.9877,0.00967,270.38,52.88,0.56554752,0.7182453503999999,2.22,2.864524e-08,1.437968e-08,2.742365e-08,1.33998e-08,94.89,89.95,8966.04,8499.07,45.49,42.70
5.01337,6,0.4144,0.018,0.017,5.287,5.939,0.9877,0.00967,270.38,52.88,0.5655465199999999,0.7182440804,2.22,2.862187e-08,1.438957e-08,2.735986e-08,1.33849e-08,95.18,90.17,8993.17,8519.31,45.65,42.82
5.01363,6,0.4144,0.018,0.017,5.287,5.939,0.9877,0.00967,270.38,52.88,0.5655454799999999,0.7182427596,2.22,2.862917e-08,1.439729e-08,2.734144e-08,1.336558e-08,95.23,90.03,8998.26,8506.47,45.68,42.74
5.01387,6,0.4145,0.018,0.017,5.287,5.939,0.9877,0.00967,270.38,52.88,0.56554452,0.7182415404,2.22,2.861213e-08,1.439804e-08,2.728585e-08,1.333848e-08,95.38,90.05,9012.17,8508.62,45.77,42.75
5.01412,6,0.4145,0.018,0.017,5.287,5.939,0.9877,0.00967,270.38,52.88,0.56554352,0.7182402703999999,2.22,2.857894e-08,1.438168e-08,2.724403e-08,1.331875e-08,95.39,90.06,9012.60,8509.51,45.77,42.76
5.01438,6,0.4145,0.018,0.017,5.287,5.939,0.9877,0.00967,270.38,52.88,0.56554248,0.7182389496,2.22,2.857357e-08,1.438493e-08,2.718408e-08,1.329768e-08,95.47,90.17,9020.11,8519.83,45.81,42.82
5.01462,6,0.4146,0.018,0.017,5.287,5.939,0.9877,0.00967,270.38,52.88,0.5655415199999999,0.7182377303999999,2.22,2.852309e-08,1.437157e-08,2.711712e-08,1.327505e-08,95.65,90.33,9037.55,8534.63,45.92,42.91
5.01487,6,0.4146,0.018,0.017,5.287,5.939,0.9877,0.00967,270.38,52.88,0.56554052,0.7182364604,2.22,2.851446e-08,1.438036e-08,2.706461e-08,1.325829e-08,95.83,90.45,9054.22,8545.93,46.02,42.98
5.01513,6,0.4146,0.018,0.017,5.287,5.939,0.9877,0.00967,270.38,52.88,0.56553948,0.7182351396,2.22,2.850522e-08,1.437602e-08,2.698929e-08,1.322903e-08,95.83,90.55,9054.63,8555.61,46.02,43.03
5.01537,6,0.4147,0.018,0.017,5.287,5.939,0.9877,0.00967,270.38,52.88,0.5655385199999999,0.7182339203999999,2.22,2.845585e-08,1.43609e-08,2.692852e-08,1.319848e-08,95.99,90.56,9069.27,8556.70,46.11,43.04
5.01562,6,0.4147,0.018,0.017,5.287,5.939,0.9877,0.00967,270.38,52.88,0.5655375199999999,0.7182326503999998,2.22,2.84431e-08,1.436296e-08,2.68724e-08,1.317117e-08,96.10,90.56,9080.12,8556.95,46.17,43.04
5.01588,6,0.4147,0.018,0.017,5.287,5.939,0.9877,0.00967,270.38,52.88,0.56553648,0.7182313296,2.22,2.840287e-08,1.434351e-08,2.681609e-08,1.31525e-08,96.11,90.68,9081.22,8568.36,46.18,43.11
5.01612,6,0.4148,0.018,0.017,5.286,5.939,0.9877,0.00967,270.39,52.88,0.56553552,0.7182301104,2.22,2.834734e-08,1.433198e-08,2.67551e-08,1.312727e-08,96.36,90.77,9104.60,8576.44,46.32,43.16
5.01638,6,0.4148,0.018,0.017,5.286,5.939,0.9877,0.00967,270.39,52.88,0.56553448,0.7182287895999999,2.22,2.835009e-08,1.432392e-08,2.670249e-08,1.310751e-08,96.23,90.85,9092.47,8584.22,46.25,43.20
5.01663,6,0.4148,0.018,0.017,5.286,5.939,0.9877,0.00967,270.39,52.88,0.5655334799999999,0.7182275195999999,2.22,2.827639e-08,1.430137e-08,2.664537e-08,1.307421e-08,96.43,90.78,9111.38,8577.44,46.36,43.16
5.01687,6,0.4149,0.018,0.017,5.286,5.939,0.9877,0.00967,270.39,52.88,0.56553252,0.7182263004,2.22,2.82548e-08,1.428695e-08,2.655755e-08,1.305756e-08,96.41,91.17,9109.06,8613.75,46.35,43.38
5.01713,6,0.4149,0.018,0.017,5.286,5.939,0.9877,0.00967,270.39,52.88,0.56553148,0.7182249796,2.22,2.818875e-08,1.427729e-08,2.651325e-08,1.302372e-08,96.73,91.00,9139.80,8598.09,46.53,43.29
5.01738,6,0.4149,0.018,0.017,5.286,5.939,0.9877,0.00967,270.39,52.88,0.56553048,0.7182237095999999,2.22,2.81512e-08,1.426733e-08,2.643414e-08,1.300514e-08,96.86,91.28,9151.58,8624.52,46.60,43.45
5.01762,6,0.4150,0.018,0.017,5.286,5.939,0.9877,0.00967,270.39,52.88,0.56552952,0.7182224904,2.22,2.809693e-08,1.42403e-08,2.640882e-08,1.298102e-08,96.89,91.14,9154.40,8611.37,46.62,43.37
5.01788,6,0.4150,0.018,0.017,5.286,5.939,0.9877,0.00967,270.39,52.88,0.56552848,0.7182211696,2.22,2.801482e-08,1.422858e-08,2.634706e-08,1.296161e-08,97.30,91.29,9193.57,8625.70,46.85,43.45
5.01813,6,0.4150,0.018,0.017,5.286,5.939,0.9877,0.00967,270.39,52.88,0.56552748,0.7182198996,2.22,2.797941e-08,1.419367e-08,2.630291e-08,1.294334e-08,97.07,91.34,9171.35,8630.23,46.72,43.48
5.01837,6,0.4151,0.018,0.017,5.286,5.939,0.9877,0.00967,270.39,52.88,0.5655265199999999,0.7182186803999999,2.22,2.793073e-08,1.417962e-08,2.623711e-08,1.292354e-08,97.24,91.54,9187.55,8648.88,46.81,43.59
5.01863,6,0.4151,0.018,0.016,5.286,5.939,0.9877,0.00967,270.39,52.88,0.5655254799999999,0.7182173595999999,2.22,2.787556e-08,1.415279e-08,2.616881e-08,1.289927e-08,97.26,91.67,9189.21,8661.38,46.83,43.67
5.01888,6,0.4151,0.018,0.016,5.286,5.939,0.9877,0.00967,270.39,52.88,0.56552448,0.7182160896,2.22,2.779853e-08,1.413284e-08,2.612845e-08,1.288038e-08,97.52,91.68,9214.58,8662.71,46.98,43.67
5.01912,6,0.4152,0.018,0.016,5.286,5.939,0.9877,0.00967,270.39,52.88,0.56552352,0.7182148704,2.22,2.773687e-08,1.412243e-08,2.608535e-08,1.286326e-08,97.84,91.76,9244.68,8670.28,47.16,43.72
5.01938,6,0.4152,0.018,0.016,5.286,5.939,0.9877,0.00967,270.39,52.88,0.5655224799999999,0.7182135496,2.22,2.76525e-08,1.40974e-08,2.604966e-08,1.285153e-08,98.10,91.85,9268.70,8678.10,47.30,43.77
5.01962,6,0.4152,0.018,0.016,5.286,5.939,0.9877,0.00967,270.39,52.88,0.56552152,0.7182123304,2.22,2.758546e-08,1.407503e-08,2.598813e-08,1.283921e-08,98.27,92.10,9284.58,8702.23,47.40,43.91
5.01987,6,0.4153,0.018,0.016,5.286,5.939,0.9877,0.00967,270.39,52.88,0.56552052,0.7182110603999999,2.22,2.754799e-08,1.404238e-08,2.596349e-08,1.282719e-08,98.10,92.13,9268.58,8704.53,47.30,43.92
5.02013,6,0.4153,0.018,0.016,5.286,5.939,0.9877,0.00968,270.39,52.88,0.56551948,0.7182097396,2.22,2.747465e-08,1.402598e-08,2.590033e-08,1.281417e-08,98.40,92.39,9296.96,8729.01,47.47,44.07
5.02037,6,0.4153,0.018,0.016,5.286,5.939,0.9877,0.00968,270.39,52.88,0.5655185199999999,0.7182085203999999,2.22,2.740513e-08,1.399868e-08,2.584848e-08,1.279222e-08,98.51,92.44,9308.08,8734.02,47.54,44.10
5.02062,6,0.4154,0.018,0.016,5.286,5.939,0.9877,0.00968,270.39,52.88,0.56551752,0.7182072504,2.22,2.734346e-08,1.397765e-08,2.582768e-08,1.278193e-08,98.69,92.46,9324.60,8736.12,47.64,44.11
5.02088,6,0.4154,0.018,0.016,5.286,5.939,0.9877,0.00968,270.39,52.88,0.56551648,0.7182059296,2.22,2.72801e-08,1.395272e-08,2.579963e-08,1.277411e-08,98.80,92.55,9334.81,8744.34,47.70,44.16
5.02112,6,0.4154,0.018,0.016,5.286,5.939,0.9877,0.00968,270.39,52.88,0.5655155199999999,0.7182047103999999,2.22,2.721059e-08,1.392734e-08,2.575886e-08,1.276808e-08,98.94,92.75,9348.79,8763.59,47.78,44.28
5.02137,6,0.4155,0.018,0.016,5.285,5.939,0.9877,0.00968,270.39,52.88,0.5655145199999999,0.7182034404,2.22,2.714525e-08,1.390709e-08,2.571083e-08,1.275963e-08,99.16,93.00,9369.25,8786.66,47.90,44.42
5.02163,6,0.4155,0.018,0.016,5.285,5.939,0.9877,0.00968,270.39,52.88,0.56551348,0.7182021196,2.22,2.707889e-08,1.388045e-08,2.568938e-08,1.274343e-08,99.27,92.91,9379.44,8779.07,47.96,44.37
5.02187,6,0.4156,0.018,0.016,5.285,5.939,0.9877,0.00968,270.39,52.88,0.56551252,0.7182009004,2.22,2.701409e-08,1.386199e-08,2.565105e-08,1.274908e-08,99.51,93.30,9402.23,8815.02,48.10,44.58
5.02212,6,0.4156,0.018,0.016,5.285,5.939,0.9877,0.00968,270.39,52.88,0.5655115199999999,0.7181996303999999,2.22,2.696382e-08,1.383255e-08,2.562213e-08,1.273229e-08,99.46,93.26,9397.15,8811.70,48.07,44.56
5.02238,6,0.4156,0.018,0.016,5.285,5.939,0.9877,0.00968,270.39,52.88,0.5655104799999999,0.7181983095999999,2.22,2.688121e-08,1.381402e-08,2.559877e-08,1.27252e-08,99.81,93.33,9430.58,8817.92,48.27,44.60
5.02262,6,0.4157,0.018,0.016,5.285,5.939,0.9877,0.00968,270.39,52.88,0.56550952,0.7181970904,2.22,2.680777e-08,1.378326e-08,2.556119e-08,1.271548e-08,99.94,93.48,9442.69,8832.42,48.34,44.69
5.02287,6,0.4157,0.018,0.016,5.285,5.939,0.9877,0.00968,270.39,52.88,0.56550852,0.7181958204,2.22,2.677513e-08,1.377043e-08,2.552764e-08,1.270849e-08,100.00,93.62,9448.27,8845.85,48.37,44.77
5.02313,6,0.4157,0.018,0.016,5.285,5.939,0.9877,0.00968,270.39,52.88,0.56550748,0.7181944995999999,2.22,2.669482e-08,1.375057e-08,2.550037e-08,1.270086e-08,100.32,93.71,9478.70,8854.11,48.56,44.82
5.02337,6,0.4158,0.018,0.016,5.285,5.939,0.9877,0.00968,270.39,52.88,0.56550652,0.7181932804000001,2.22,2.66261e-08,1.372886e-08,2.545074e-08,1.268615e-08,100.55,93.88,9500.51,8870.18,48.69,44.91
5.02363,6,0.4158,0.018,0.016,5.285,5.939,0.9877,0.00968,270.39,52.88,0.56550548,0.7181919596,2.22,2.657137e-08,1.370731e-08,2.542094e-08,1.268158e-08,100.65,94.03,9510.07,8884.55,48.74,45.00
5.02388,6,0.4158,0.018,0.016,5.285,5.939,0.9877,0.00968,270.39,52.88,0.56550448,0.7181906896,2.22,2.650559e-08,1.36933e-08,2.537295e-08,1.267132e-08,100.96,94.23,9538.74,8903.73,48.92,45.11
5.02412,6,0.4159,0.018,0.016,5.285,5.939,0.9877,0.00968,270.39,52.88,0.5655035199999999,0.7181894703999999,2.22,2.645109e-08,1.366073e-08,2.535077e-08,1.266246e-08,100.91,94.29,9534.66,8908.98,48.89,45.15
5.02438,6,0.4159,0.018,0.016,5.285,5.939,0.9877,0.00968,270.39,52.88,0.5655024799999999,0.7181881495999999,2.22,2.639412e-08,1.364254e-08,2.530635e-08,1.265138e-08,101.08,94.46,9550.92,8924.64,48.99,45.24
5.02463,6,0.4159,0.018,0.016,5.285,5.939,0.9877,0.00968,270.39,52.88,0.56550148,0.7181868796,2.22,2.635064e-08,1.36337e-08,2.526206e-08,1.263638e-08,101.29,94.56,9570.73,8934.74,49.11,45.30
5.02487,6,0.4160,0.018,0.016,5.285,5.939,0.9877,0.00968,270.39,52.88,0.56550052,0.7181856604,2.22,2.628079e-08,1.361059e-08,2.522663e-08,1.262346e-08,101.52,94.66,9592.06,8943.69,49.23,45.35
5.02513,6,0.4160,0.018,0.016,5.285,5.939,0.9877,0.00968,270.39,52.88,0.5654994799999999,0.7181843395999999,2.22,2.62256e-08,1.359401e-08,2.517577e-08,1.260594e-08,101.71,94.78,9609.66,8954.97,49.34,45.42
5.02538,6,0.4160,0.018,0.016,5.285,5.939,0.9877,0.00968,270.39,52.88,0.5654984799999999,0.7181830695999999,2.22,2.61823e-08,1.358416e-08,2.512977e-08,1.259273e-08,101.90,94.92,9628.19,8968.98,49.45,45.50
5.02562,6,0.4161,0.018,0.016,5.285,5.939,0.9877,0.00968,270.39,52.88,0.56549752,0.7181818503999999,2.22,2.612621e-08,1.355159e-08,2.509177e-08,1.257219e-08,101.87,94.93,9625.38,8969.00,49.43,45.50
5.02588,6,0.4161,0.018,0.016,5.285,5.939,0.9877,0.00968,270.39,52.88,0.56549648,0.7181805296,2.22,2.60725e-08,1.353827e-08,2.503794e-08,1.255137e-08,102.10,95.02,9646.91,8977.81,49.56,45.56
5.02613,6,0.4161,0.018,0.016,5.285,5.939,0.9877,0.00968,270.39,52.88,0.5654954799999999,0.7181792596,2.22,2.603955e-08,1.352759e-08,2.495939e-08,1.253394e-08,102.20,95.35,9656.46,9009.45,49.62,45.75
5.02637,6,0.4162,0.018,0.016,5.284,5.939,0.9877,0.00968,270.39,52.88,0.56549452,0.7181780404,2.22,2.596797e-08,1.352281e-08,2.491014e-08,1.251353e-08,102.74,95.44,9707.19,9017.87,49.92,45.80
5.02663,6,0.4162,0.018,0.016,5.284,5.939,0.9877,0.00968,270.39,52.88,0.56549348,0.7181767196,2.22,2.591896e-08,1.350022e-08,2.484219e-08,1.248256e-08,102.78,95.49,9711.59,9022.47,49.95,45.82
5.02688,6,0.4162,0.018,0.016,5.284,5.939,0.9877,0.00968,270.39,52.88,0.56549248,0.7181754496,2.22,2.58618e-08,1.347576e-08,2.477483e-08,1.247077e-08,102.87,95.83,9719.59,9054.65,50.00,46.02
5.02712,6,0.4163,0.018,0.016,5.284,5.939,0.9877,0.00968,270.39,52.88,0.5654915199999999,0.7181742304,2.22,2.582864e-08,1.345512e-08,2.471512e-08,1.244593e-08,102.84,95.94,9716.85,9064.48,49.98,46.08
5.02738,6,0.4163,0.018,0.016,5.284,5.939,0.9877,0.00968,270.39,52.88,0.5654904799999999,0.7181729095999999,2.22,2.578056e-08,1.343852e-08,2.463049e-08,1.241909e-08,102.98,96.18,9729.62,9087.74,50.06,46.21
5.02762,6,0.4163,0.018,0.016,5.284,5.939,0.9877,0.00968,270.39,52.88,0.56548952,0.7181716904,2.22,2.570784e-08,1.343226e-08,2.45809e-08,1.238674e-08,103.48,96.07,9777.74,9076.88,50.34,46.15
5.02787,6,0.4164,0.018,0.016,5.284,5.939,0.9877,0.00968,270.39,52.88,0.5654885199999999,0.7181704203999999,2.22,2.566111e-08,1.341424e-08,2.451241e-08,1.236018e-08,103.61,96.21,9789.86,9090.85,50.42,46.23
5.02813,6,0.4164,0.018,0.016,5.284,5.939,0.9877,0.00968,270.39,52.88,0.5654874799999999,0.7181690996,2.22,2.559825e-08,1.339897e-08,2.443572e-08,1.232892e-08,103.90,96.33,9816.87,9101.88,50.58,46.30
5.02837,6,0.4164,0.018,0.016,5.284,5.939,0.9877,0.00968,270.39,52.88,0.56548652,0.7181678804,2.22,2.555046e-08,1.336605e-08,2.435986e-08,1.230207e-08,103.77,96.51,9804.70,9118.98,50.51,46.40
5.02862,6,0.4165,0.018,0.016,5.284,5.939,0.9877,0.00968,270.39,52.88,0.56548552,0.7181666104,2.22,2.549168e-08,1.335616e-08,2.430319e-08,1.227374e-08,104.14,96.54,9839.28,9121.60,50.71,46.42
5.02888,6,0.4165,0.018,0.016,5.284,5.939,0.9877,0.00968,270.39,52.88,0.56548448,0.7181652895999999,2.22,2.54416e-08,1.332767e-08,2.420653e-08,1.223754e-08,104.10,96.74,9835.79,9140.64,50.69,46.53
5.02912,6,0.4165,0.018,0.016,5.284,5.939,0.9877,0.00968,270.39,52.88,0.5654835199999999,0.7181640703999999,2.22,2.538302e-08,1.330769e-08,2.414036e-08,1.221205e-08,104.28,96.87,9852.44,9152.71,50.79,46.60
5.02937,6,0.4166,0.018,0.016,5.284,5.939,0.9877,0.00968,270.39,52.88,0.56548252,0.7181628004,2.22,2.53267e-08,1.330133e-08,2.405461e-08,1.216742e-08,104.68,96.87,9891.01,9153.00,51.02,46.60
5.02963,6,0.4166,0.018,0.016,5.284,5.939,0.9877,0.00968,270.39,52.88,0.56548148,0.7181614796,2.22,2.526769e-08,1.328115e-08,2.397682e-08,1.214703e-08,104.86,97.18,9908.00,9182.00,51.12,46.78
5.02987,6,0.4166,0.018,0.016,5.284,5.939,0.9877,0.00968,270.39,52.88,0.5654805199999999,0.7181602603999999,2.22,2.522135e-08,1.325922e-08,2.390807e-08,1.210479e-08,104.90,97.06,9911.83,9170.62,51.15,46.71
5.03012,6,0.4167,0.018,0.016,5.284,5.939,0.9877,0.00968,270.39,52.88,0.56547952,0.7181589904,2.22,2.515595e-08,1.322013e-08,2.382766e-08,1.207863e-08,104.85,97.32,9906.77,9195.26,51.12,46.86
5.03038,6,0.4167,0.018,0.016,5.284,5.939,0.9877,0.00968,270.39,52.88,0.56547848,0.7181576696,2.22,2.509756e-08,1.319806e-08,2.376159e-08,1.204112e-08,104.99,97.25,9920.41,9189.04,51.20,46.82
5.03062,6,0.4167,0.018,0.016,5.284,5.939,0.9877,0.00968,270.39,52.88,0.56547752,0.7181564504,2.22,2.50282e-08,1.319272e-08,2.365922e-08,1.201124e-08,105.52,97.62,9970.04,9223.29,51.49,47.02
5.03087,6,0.4168,0.018,0.016,5.284,5.939,0.9877,0.00968,270.39,52.88,0.5654765199999999,0.7181551803999999,2.22,2.497735e-08,1.31607e-08,2.360508e-08,1.198629e-08,105.46,97.68,9964.08,9229.46,51.46,47.06
5.03113,6,0.4168,0.018,0.016,5.284,5.939,0.9877,0.00968,270.39,52.88,0.5654754799999999,0.7181538595999999,2.22,2.492967e-08,1.313461e-08,2.355024e-08,1.1953e-08,105.44,97.59,9962.53,9220.93,51.45,47.01
5.03137,6,0.4168,0.018,0.016,5.284,5.939,0.9877,0.00968,270.39,52.88,0.56547452,0.7181526403999999,2.22,2.485215e-08,1.311722e-08,2.346587e-08,1.192416e-08,105.84,97.82,10000.32,9242.94,51.67,47.14
5.03163,6,0.4169,0.018,0.016,5.283,5.939,0.9877,0.00968,270.39,52.88,0.56547348,0.7181513196,2.22,2.478875e-08,1.308614e-08,2.341e-08,1.189391e-08,105.91,97.82,10006.58,9242.22,51.71,47.14
5.03188,6,0.4169,0.018,0.016,5.283,5.939,0.9877,0.00968,270.39,52.88,0.5654724799999999,0.7181500496,2.22,2.472154e-08,1.306719e-08,2.333059e-08,1.18608e-08,106.19,97.94,10033.47,9253.70,51.87,47.21
5.03212,6,0.4169,0.018,0.016,5.283,5.939,0.9877,0.00968,270.39,52.88,0.56547152,0.7181488304,2.22,2.464498e-08,1.30415e-08,2.328099e-08,1.183688e-08,106.45,97.96,10057.64,9255.76,52.02,47.22
5.03238,6,0.4170,0.018,0.016,5.283,5.939,0.9877,0.00968,270.39,52.88,0.56547048,0.7181475096,2.22,2.459821e-08,1.300282e-08,2.319949e-08,1.181242e-08,106.23,98.27,10037.21,9285.13,51.90,47.39
5.03263,6,0.4170,0.018,0.016,5.283,5.939,0.9877,0.00968,270.39,52.88,0.56546948,0.7181462396,2.22,2.45109e-08,1.298966e-08,2.316185e-08,1.178806e-08,106.81,98.18,10091.59,9276.80,52.22,47.34
5.03287,6,0.4170,0.018,0.016,5.283,5.939,0.9877,0.00968,270.39,52.88,0.5654685199999999,0.7181450204,2.22,2.445818e-08,1.294767e-08,2.30942e-08,1.176725e-08,106.56,98.41,10068.34,9298.72,52.08,47.48
5.03313,6,0.4171,0.018,0.016,5.283,5.939,0.9877,0.00968,270.39,52.88,0.5654674799999999,0.7181436995999999,2.22,2.44089e-08,1.29243e-08,2.305346e-08,1.175454e-08,106.63,98.58,10075.26,9313.95,52.12,47.57
5.03338,6,0.4171,0.018,0.016,5.283,5.939,0.9877,0.00968,270.39,52.88,0.56546648,0.7181424296,2.22,2.433744e-08,1.290441e-08,2.29981e-08,1.172854e-08,106.95,98.61,10105.13,9317.56,52.30,47.59
5.03362,6,0.4171,0.018,0.016,5.283,5.939,0.9877,0.00968,270.39,52.88,0.5654655199999999,0.7181412103999999,2.22,2.429474e-08,1.287821e-08,2.295529e-08,1.171031e-08,106.89,98.68,10099.19,9323.41,52.27,47.62
5.03388,6,0.4172,0.018,0.016,5.283,5.939,0.9877,0.00968,270.39,52.88,0.5654644799999999,0.7181398896,2.22,2.42347e-08,1.283543e-08,2.290875e-08,1.16989e-08,106.72,98.91,10083.30,9345.76,52.17,47.76
5.03413,6,0.4172,0.018,0.016,5.283,5.939,0.9877,0.00968,270.39,52.88,0.5654634799999999,0.7181386195999999,2.22,2.416594e-08,1.281427e-08,2.287152e-08,1.168238e-08,106.99,98.96,10108.89,9349.83,52.32,47.78
5.03437,6,0.4172,0.018,0.016,5.283,5.939,0.9877,0.00968,270.39,52.88,0.56546252,0.7181374004,2.22,2.410478e-08,1.280647e-08,2.283668e-08,1.166176e-08,107.43,98.91,10150.45,9345.21,52.57,47.75
5.03463,6,0.4173,0.018,0.016,5.283,5.939,0.9877,0.00968,270.39,52.88,0.56546148,0.7181360795999999,2.22,2.405964e-08,1.278016e-08,2.280688e-08,1.166345e-08,107.41,99.22,10148.94,9375.22,52.56,47.93
5.03488,6,0.4173,0.018,0.016,5.283,5.939,0.9877,0.00968,270.39,52.88,0.5654604799999999,0.7181348096,2.22,2.402011e-08,1.274755e-08,2.277781e-08,1.164694e-08,107.20,99.20,10129.25,9372.51,52.45,47.92
5.03512,6,0.4173,0.018,0.016,5.283,5.939,0.9877,0.00968,270.39,52.88,0.56545952,0.7181335904,2.22,2.394996e-08,1.273216e-08,2.275641e-08,1.164617e-08,107.60,99.37,10166.41,9389.30,52.67,48.02
5.03538,6,0.4174,0.018,0.016,5.283,5.939,0.9877,0.00968,270.39,52.88,0.56545848,0.7181322696,2.22,2.391128e-08,1.271036e-08,2.273875e-08,1.164101e-08,107.60,99.47,10166.74,9397.96,52.67,48.07
5.03562,6,0.4174,0.018,0.016,5.283,5.939,0.9877,0.00968,270.39,52.88,0.5654575199999999,0.7181310503999999,2.22,2.386011e-08,1.269757e-08,2.272119e-08,1.163343e-08,107.86,99.49,10191.43,9400.29,52.82,48.08
5.03587,6,0.4175,0.018,0.016,5.283,5.939,0.9877,0.00968,270.39,52.88,0.5654565199999999,0.7181297803999999,2.22,2.383875e-08,1.26768e-08,2.270304e-08,1.163137e-08,107.72,99.64,10177.73,9414.54,52.73,48.17
5.03613,6,0.4175,0.018,0.016,5.283,5.939,0.9877,0.00968,270.39,52.88,0.56545548,0.7181284596,2.22,2.376211e-08,1.265483e-08,2.269913e-08,1.161751e-08,108.06,99.43,10210.10,9394.88,52.93,48.05
5.03637,6,0.4175,0.018,0.016,5.283,5.939,0.9877,0.00968,270.39,52.88,0.56545452,0.7181272404,2.22,2.37423e-08,1.264381e-08,2.267708e-08,1.162457e-08,108.05,99.75,10209.29,9425.35,52.92,48.23
5.03662,6,0.4176,0.018,0.016,5.282,5.939,0.9877,0.00968,270.39,52.88,0.5654535199999999,0.7181259703999999,2.22,2.369398e-08,1.262994e-08,2.267387e-08,1.16336e-08,108.30,99.97,10232.29,9445.39,53.06,48.35
5.03688,6,0.4176,0.018,0.016,5.282,5.939,0.9877,0.00968,270.39,52.88,0.5654524799999999,0.7181246495999999,2.22,2.365873e-08,1.262663e-08,2.266148e-08,1.162462e-08,108.58,99.92,10259.23,9441.01,53.22,48.33
5.03712,6,0.4176,0.018,0.016,5.282,5.939,0.9877,0.00968,270.39,52.88,0.56545152,0.7181234304,2.22,2.363134e-08,1.260427e-08,2.264568e-08,1.162039e-08,108.44,99.99,10245.73,9447.48,53.14,48.36
5.03737,6,0.4177,0.018,0.016,5.282,5.939,0.9877,0.00968,270.39,52.88,0.56545052,0.7181221604,2.22,2.360438e-08,1.25875e-08,2.265589e-08,1.162275e-08,108.42,99.96,10244.02,9444.94,53.13,48.35
5.03763,6,0.4177,0.018,0.016,5.282,5.939,0.9877,0.00968,270.39,52.88,0.56544948,0.7181208396,2.22,2.359336e-08,1.25785e-08,2.264681e-08,1.163297e-08,108.36,100.23,10238.57,9469.81,53.10,48.50
5.03787,6,0.4177,0.018,0.016,5.282,5.939,0.9877,0.00968,270.39,52.88,0.56544852,0.7181196204,2.22,2.35601e-08,1.258158e-08,2.264058e-08,1.165409e-08,108.75,100.66,10274.97,9510.62,53.32,48.74
5.03812,6,0.4178,0.018,0.016,5.282,5.939,0.9877,0.00968,270.39,52.88,0.56544752,0.7181183503999999,2.22,2.35476e-08,1.257568e-08,2.262239e-08,1.164389e-08,108.79,100.67,10278.79,9511.49,53.34,48.75
5.03838,6,0.4178,0.018,0.016,5.282,5.939,0.9877,0.00968,270.39,52.88,0.56544648,0.7181170296,2.22,2.350552e-08,1.256715e-08,2.262361e-08,1.164434e-08,109.05,100.66,10303.33,9511.19,53.49,48.74
5.03862,6,0.4178,0.018,0.016,5.282,5.939,0.9877,0.00968,270.39,52.88,0.5654455199999999,0.7181158103999999,2.22,2.35013e-08,1.256745e-08,2.261877e-08,1.165254e-08,109.09,100.85,10307.83,9529.20,53.51,48.85
5.03887,6,0.4179,0.018,0.016,5.282,5.939,0.9877,0.00968,270.39,52.88,0.56544452,0.7181145404,2.22,2.348656e-08,1.255826e-08,2.262788e-08,1.165146e-08,109.10,100.78,10307.99,9521.75,53.51,48.81
5.03913,6,0.4179,0.018,0.016,5.282,5.939,0.9877,0.00968,270.39,52.88,0.56544348,0.7181132196,2.22,2.349056e-08,1.2556e-08,2.261402e-08,1.165088e-08,109.01,100.89,10300.24,9532.81,53.47,48.87
5.03937,6,0.4179,0.018,0.016,5.282,5.939,0.9877,0.00968,270.39,52.88,0.56544252,0.7181120003999999,2.22,2.347856e-08,1.256502e-08,2.259607e-08,1.166501e-08,109.30,101.31,10327.49,9572.38,53.63,49.11
5.03963,6,0.4180,0.018,0.016,5.282,5.939,0.9877,0.00968,270.39,52.88,0.5654414799999999,0.7181106796,2.22,2.346341e-08,1.256372e-08,2.260455e-08,1.165814e-08,109.46,101.13,10342.02,9555.62,53.72,49.01
5.03988,6,0.4180,0.018,0.016,5.282,5.939,0.9877,0.00968,270.39,52.88,0.5654404799999999,0.7181094095999999,2.22,2.345279e-08,1.257054e-08,2.257501e-08,1.165644e-08,109.69,101.38,10364.22,9578.58,53.85,49.15
5.04012,6,0.4180,0.018,0.016,5.282,5.939,0.9877,0.00968,270.39,52.88,0.56543952,0.7181081904,2.22,2.344038e-08,1.256728e-08,2.257437e-08,1.165862e-08,109.76,101.42,10370.25,9582.85,53.89,49.17
5.04038,6,0.4181,0.018,0.016,5.282,5.939,0.9877,0.00968,270.39,52.88,0.56543848,0.7181068695999999,2.22,2.344691e-08,1.257333e-08,2.256208e-08,1.165846e-08,109.83,101.56,10377.26,9595.68,53.93,49.25
5.04063,6,0.4181,0.018,0.016,5.282,5.939,0.9877,0.00968,270.39,52.88,0.5654374799999999,0.7181055996,2.22,2.342792e-08,1.257594e-08,2.252876e-08,1.164801e-08,110.07,101.68,10400.08,9607.23,54.06,49.32
5.04087,6,0.4181,0.018,0.016,5.282,5.939,0.9877,0.00968,270.39,52.88,0.56543652,0.7181043804,2.22,2.343969e-08,1.258691e-08,2.252224e-08,1.164974e-08,110.16,101.77,10408.38,9615.94,54.11,49.37
5.04113,6,0.4182,0.018,0.016,5.282,5.939,0.9877,0.00968,270.39,52.88,0.56543548,0.7181030596,2.22,2.342467e-08,1.259358e-08,2.249671e-08,1.164247e-08,110.46,101.90,10437.25,9628.41,54.29,49.45
5.04138,6,0.4182,0.018,0.016,5.282,5.939,0.9877,0.00968,270.39,52.88,0.56543448,0.7181017895999999,2.22,2.342619e-08,1.260529e-08,2.247545e-08,1.163839e-08,110.67,102.03,10456.79,9640.30,54.40,49.52
5.04162,6,0.4182,0.018,0.016,5.282,5.939,0.9877,0.00968,270.39,52.88,0.5654335199999999,0.7181005703999999,2.22,2.342978e-08,1.259159e-08,2.243748e-08,1.162611e-08,110.37,102.16,10428.76,9653.01,54.23,49.59
5.04188,6,0.4183,0.018,0.016,5.281,5.939,0.9877,0.00968,270.39,52.88,0.5654324799999999,0.7180992495999999,2.22,2.342357e-08,1.260667e-08,2.242068e-08,1.162281e-08,110.75,102.29,10464.30,9664.64,54.45,49.66
5.04213,6,0.4183,0.018,0.016,5.281,5.939,0.9877,0.00968,270.39,52.88,0.56543148,0.7180979796,2.22,2.341643e-08,1.261617e-08,2.239654e-08,1.161689e-08,111.01,102.41,10488.32,9676.05,54.59,49.73
5.04237,6,0.4183,0.018,0.016,5.281,5.939,0.9877,0.00968,270.39,52.88,0.5654305199999999,0.7180967603999999,2.22,2.33926e-08,1.261991e-08,2.237161e-08,1.159767e-08,111.32,102.29,10518.28,9665.16,54.77,49.66
5.04263,6,0.4184,0.018,0.016,5.281,5.939,0.9877,0.00968,270.39,52.88,0.5654294799999999,0.7180954395999999,2.22,2.339436e-08,1.263133e-08,2.232199e-08,1.159701e-08,111.55,102.78,10539.77,9711.05,54.90,49.94
5.04288,6,0.4184,0.018,0.016,5.281,5.939,0.9877,0.00968,270.39,52.88,0.56542848,0.7180941696,2.22,2.337381e-08,1.261979e-08,2.229378e-08,1.157918e-08,111.54,102.72,10538.96,9705.51,54.89,49.91
5.04312,6,0.4184,0.018,0.016,5.281,5.939,0.9877,0.00968,270.39,52.88,0.56542752,0.7180929504,2.22,2.337378e-08,1.263795e-08,2.225351e-08,1.155967e-08,111.89,102.75,10572.01,9707.97,55.09,49.92
5.04338,6,0.4185,0.018,0.016,5.281,5.939,0.9877,0.00968,270.39,52.88,0.56542648,0.7180916296,2.22,2.336939e-08,1.264033e-08,2.220927e-08,1.155069e-08,112.01,103.03,10583.20,9734.84,55.16,50.08
5.04362,6,0.4185,0.018,0.016,5.281,5.939,0.9877,0.00968,270.39,52.88,0.56542552,0.7180904104,2.22,2.334497e-08,1.264111e-08,2.216967e-08,1.153678e-08,112.28,103.16,10608.77,9746.61,55.31,50.15
5.04387,6,0.4185,0.018,0.016,5.281,5.939,0.9877,0.00968,270.39,52.88,0.56542452,0.7180891404,2.22,2.33348e-08,1.264417e-08,2.21172e-08,1.152202e-08,112.45,103.39,10624.47,9768.79,55.40,50.28
5.04413,6,0.4186,0.018,0.016,5.281,5.939,0.9877,0.00968,270.39,52.88,0.56542348,0.7180878196,2.22,2.33325e-08,1.264466e-08,2.207003e-08,1.150359e-08,112.51,103.53,10630.20,9782.03,55.44,50.36
5.04437,6,0.4186,0.018,0.016,5.281,5.939,0.9877,0.00968,270.39,52.88,0.5654225199999999,0.7180866003999999,2.22,2.331048e-08,1.263377e-08,2.201494e-08,1.149136e-08,112.53,103.84,10632.11,9811.42,55.45,50.54
5.04462,6,0.4186,0.018,0.016,5.281,5.939,0.9877,0.00968,270.39,52.88,0.56542152,0.7180853304,2.22,2.329543e-08,1.263923e-08,2.198262e-08,1.147352e-08,112.79,103.82,10657.18,9809.69,55.60,50.53
5.04488,6,0.4187,0.018,0.016,5.281,5.939,0.9877,0.00968,270.39,52.88,0.56542048,0.7180840096,2.22,2.327694e-08,1.263226e-08,2.194967e-08,1.1449e-08,112.88,103.71,10665.38,9798.92,55.65,50.46
5.04512,6,0.4187,0.018,0.016,5.281,5.939,0.9877,0.00968,270.39,52.88,0.56541952,0.7180827904,2.22,2.324871e-08,1.262922e-08,2.19043e-08,1.14371e-08,113.12,103.93,10688.11,9820.04,55.79,50.59
5.04537,6,0.4187,0.018,0.016,5.281,5.939,0.9877,0.00968,270.39,52.88,0.5654185199999999,0.7180815204,2.22,2.321557e-08,1.262008e-08,2.18545e-08,1.142956e-08,113.29,104.28,10704.56,9853.35,55.88,50.79
5.04563,6,0.4188,0.018,0.016,5.281,5.939,0.9877,0.00968,270.39,52.88,0.5654174799999999,0.7180801995999999,2.22,2.317218e-08,1.26192e-08,2.181634e-08,1.142036e-08,113.77,104.52,10749.50,9875.20,56.15,50.92
5.04587,6,0.4188,0.018,0.016,5.281,5.939,0.9877,0.00968,270.39,52.88,0.56541652,0.7180789804,2.22,2.315451e-08,1.260944e-08,2.176771e-08,1.140117e-08,113.77,104.64,10749.24,9886.60,56.15,50.99
5.04612,6,0.4188,0.018,0.016,5.281,5.939,0.9877,0.00968,270.39,52.88,0.56541552,0.7180777103999999,2.22,2.313229e-08,1.260347e-08,2.172215e-08,1.138836e-08,113.89,104.85,10760.74,9906.79,56.22,51.11
5.04638,6,0.4189,0.018,0.016,5.280,5.939,0.9877,0.00968,270.39,52.88,0.5654144799999999,0.7180763896,2.22,2.308397e-08,1.259709e-08,2.169339e-08,1.137436e-08,114.31,104.90,10800.88,9911.13,56.46,51.13
5.04662,6,0.4189,0.018,0.016,5.280,5.939,0.9877,0.00968,270.39,52.88,0.56541352,0.7180751704,2.22,2.302889e-08,1.258862e-08,2.166467e-08,1.136607e-08,114.75,105.03,10841.81,9923.56,56.70,51.21
5.04688,6,0.4189,0.018,0.016,5.280,5.939,0.9877,0.00968,270.39,52.88,0.56541248,0.7180738496,2.22,2.302637e-08,1.257332e-08,2.163037e-08,1.135565e-08,114.47,105.18,10815.39,9937.50,56.55,51.29
5.04713,6,0.4190,0.018,0.016,5.280,5.939,0.9877,0.00968,270.39,52.88,0.56541148,0.7180725795999999,2.22,2.297496e-08,1.255031e-08,2.160976e-08,1.134749e-08,114.60,105.25,10827.59,9944.78,56.62,51.34
5.04737,6,0.4190,0.018,0.016,5.280,5.939,0.9877,0.00968,270.39,52.88,0.5654105199999999,0.7180713603999999,2.22,2.295374e-08,1.254221e-08,2.157358e-08,1.134062e-08,114.67,105.49,10834.24,9967.23,56.66,51.47
5.04763,6,0.4190,0.018,0.016,5.280,5.939,0.9877,0.00968,270.39,52.88,0.5654094799999999,0.7180700395999999,2.22,2.290062e-08,1.25406e-08,2.15534e-08,1.133322e-08,115.22,105.55,10886.71,9973.18,56.97,51.51
5.04788,6,0.4191,0.018,0.016,5.280,5.939,0.9877,0.00968,270.39,52.88,0.56540848,0.7180687696,2.22,2.289033e-08,1.252607e-08,2.154116e-08,1.133301e-08,115.07,105.70,10872.24,9987.13,56.89,51.59
5.04812,6,0.4191,0.018,0.016,5.280,5.939,0.9877,0.00968,270.39,52.88,0.5654075199999999,0.7180675503999999,2.22,2.283391e-08,1.250591e-08,2.150141e-08,1.132929e-08,115.29,106.04,10892.85,10019.22,57.01,51.78
5.04838,6,0.4191,0.018,0.016,5.280,5.939,0.9877,0.00968,270.39,52.88,0.5654064799999999,0.7180662295999999,2.22,2.277855e-08,1.249214e-08,2.149361e-08,1.133826e-08,115.63,106.30,10924.85,10043.71,57.20,51.93
5.04863,6,0.4192,0.018,0.016,5.280,5.939,0.9877,0.00968,270.39,52.88,0.5654054799999999,0.7180649595999999,2.22,2.274985e-08,1.248356e-08,2.147853e-08,1.134105e-08,115.80,106.54,10941.35,10066.29,57.30,52.06
5.04887,6,0.4192,0.018,0.016,5.280,5.939,0.9877,0.00968,270.39,52.88,0.56540452,0.7180637404,2.22,2.271875e-08,1.246796e-08,2.149442e-08,1.133749e-08,115.83,106.30,10944.20,10043.86,57.32,51.93
5.04913,6,0.4192,0.018,0.016,5.280,5.939,0.9877,0.00968,270.39,52.88,0.56540348,0.7180624196,2.22,2.267817e-08,1.244802e-08,2.147902e-08,1.135349e-08,115.88,106.78,10948.75,10089.22,57.34,52.20
5.04938,6,0.4193,0.018,0.016,5.280,5.939,0.9877,0.00968,270.39,52.88,0.5654024799999999,0.7180611495999999,2.22,2.263102e-08,1.244396e-08,2.146892e-08,1.135715e-08,116.36,106.99,10994.09,10108.62,57.61,52.32
5.04962,6,0.4193,0.018,0.016,5.280,5.939,0.9877,0.00968,270.39,52.88,0.56540152,0.7180599304,2.22,2.260997e-08,1.243133e-08,2.148296e-08,1.13656e-08,116.34,107.01,10992.02,10110.55,57.60,52.33
5.04988,6,0.4194,0.018,0.016,5.280,5.939,0.9877,0.00968,270.39,52.88,0.56540048,0.7180586096,2.22,2.256696e-08,1.241854e-08,2.150189e-08,1.137139e-08,116.59,106.95,11016.04,10104.99,57.75,52.29
5.05013,6,0.4194,0.018,0.016,5.280,5.939,0.9877,0.00968,270.39,52.88,0.56539948,0.7180573396,2.22,2.251661e-08,1.24011e-08,2.150609e-08,1.138707e-08,116.81,107.22,11036.36,10130.41,57.87,52.45
5.05037,6,0.4194,0.018,0.016,5.280,5.939,0.9877,0.00968,270.39,52.88,0.56539852,0.7180561204,2.22,2.250364e-08,1.2399e-08,2.151743e-08,1.140541e-08,116.91,107.46,11046.36,10153.75,57.93,52.59
5.05063,6,0.4195,0.018,0.016,5.280,5.939,0.9877,0.00968,270.39,52.88,0.56539748,0.7180547996000001,2.22,2.247538e-08,1.239074e-08,2.15223e-08,1.141617e-08,117.09,107.65,11063.53,10171.67,58.03,52.69
5.05087,6,0.4195,0.018,0.016,5.280,5.939,0.9877,0.00968,270.39,52.88,0.56539652,0.7180535804,2.22,2.245736e-08,1.237562e-08,2.156308e-08,1.14404e-08,116.98,107.71,11053.21,10176.60,57.97,52.72
5.05112,6,0.4195,0.018,0.016,5.280,5.939,0.9877,0.00968,270.39,52.88,0.5653955199999999,0.7180523104,2.22,2.241946e-08,1.23653e-08,2.157649e-08,1.145618e-08,117.21,107.88,11074.29,10193.02,58.09,52.82
5.05138,6,0.4196,0.018,0.016,5.279,5.939,0.9877,0.00968,270.39,52.88,0.5653944799999999,0.7180509895999999,2.22,2.241981e-08,1.236606e-08,2.160888e-08,1.14724e-08,117.25,107.89,11078.06,10193.60,58.12,52.82
5.05162,6,0.4196,0.018,0.016,5.279,5.939,0.9877,0.00968,270.39,52.88,0.56539352,0.7180497704,2.22,2.240036e-08,1.235213e-08,2.164165e-08,1.150824e-08,117.18,108.26,11071.66,10228.54,58.08,53.03
5.05187,6,0.4196,0.018,0.016,5.306,5.939,0.9877,0.00968,270.39,52.88,0.56539252,0.7180485003999999,2.22,2.237832e-08,1.234729e-08,2.166688e-08,1.152537e-08,117.33,108.33,11086.30,10235.58,58.16,53.07
5.05213,6,0.4197,0.018,0.016,5.306,5.939,0.9877,0.00968,270.39,52.88,0.56539148,0.7180471796,2.22,2.23568e-08,1.235195e-08,2.170399e-08,1.155035e-08,117.71,108.46,11122.15,10247.96,58.38,53.15
5.05237,6,0.4197,0.018,0.016,5.306,5.939,0.9877,0.00968,270.39,52.88,0.56539052,0.7180459604,2.22,2.235282e-08,1.233693e-08,2.172529e-08,1.157989e-08,117.44,108.83,11096.38,10282.51,58.22,53.35
5.05262,6,0.4197,0.018,0.016,5.306,5.939,0.9877,0.00968,270.40,52.88,0.56538952,0.7180446904,2.22,2.232855e-08,1.234523e-08,2.176628e-08,1.15978e-08,117.90,108.75,11140.07,10275.04,58.49,53.31
5.05288,6,0.4198,0.018,0.016,5.306,5.939,0.9877,0.00968,270.40,52.88,0.56538848,0.7180433695999999,2.22,2.232374e-08,1.233847e-08,2.180877e-08,1.162139e-08,117.84,108.79,11134.45,10279.28,58.45,53.34
5.05312,6,0.4198,0.018,0.016,5.306,5.939,0.9877,0.00968,270.40,52.88,0.5653875199999999,0.7180421503999999,2.22,2.231197e-08,1.232686e-08,2.184084e-08,1.165339e-08,117.73,109.09,11124.15,10307.52,58.39,53.50
5.05337,6,0.4198,0.018,0.016,5.306,5.939,0.9877,0.00968,270.40,52.88,0.56538652,0.7180408804,2.22,2.231597e-08,1.234063e-08,2.18832e-08,1.168166e-08,117.98,109.21,11147.49,10318.25,58.53,53.57
5.05363,6,0.4199,0.018,0.016,5.306,5.939,0.9877,0.00968,270.40,52.88,0.56538548,0.7180395596,2.22,2.231391e-08,1.233603e-08,2.192447e-08,1.170697e-08,117.94,109.30,11143.15,10326.91,58.50,53.62
5.05387,6,0.4199,0.018,0.016,5.306,5.939,0.9877,0.00968,270.40,52.88,0.56538452,0.7180383403999999,2.22,2.230959e-08,1.235291e-08,2.194993e-08,1.173691e-08,118.35,109.62,11182.15,10357.87,58.74,53.80
5.05412,6,0.4199,0.018,0.016,5.306,5.939,0.9877,0.00968,270.40,52.88,0.5653835199999999,0.7180370703999999,2.22,2.231969e-08,1.235011e-08,2.197883e-08,1.17662e-08,118.17,109.90,11165.15,10384.11,58.64,53.96
5.05438,6,0.4200,0.018,0.016,5.306,5.939,0.9877,0.00968,270.40,52.88,0.5653824799999999,0.7180357495999999,2.22,2.230711e-08,1.234357e-08,2.202617e-08,1.178544e-08,118.21,109.81,11168.67,10375.02,58.66,53.91
5.05462,6,0.4200,0.018,0.016,5.306,5.939,0.9877,0.00968,270.40,52.88,0.56538152,0.7180345304,2.22,2.229369e-08,1.235005e-08,2.206712e-08,1.181524e-08,118.50,109.96,11196.89,10389.94,58.83,54.00
5.05488,6,0.4200,0.018,0.016,5.306,5.939,0.9877,0.00968,270.40,52.88,0.56538048,0.7180332095999999,2.22,2.230475e-08,1.236037e-08,2.210924e-08,1.183484e-08,118.59,109.90,11205.41,10384.37,58.88,53.96
5.05513,6,0.4201,0.018,0.016,5.306,5.939,0.9877,0.00968,270.40,52.88,0.5653794799999999,0.7180319395999999,2.22,2.231788e-08,1.235763e-08,2.214066e-08,1.18639e-08,118.41,110.18,11187.74,10409.95,58.77,54.12
5.05537,6,0.4201,0.018,0.016,5.306,5.939,0.9877,0.00968,270.40,52.88,0.56537852,0.7180307204,2.22,2.230601e-08,1.235599e-08,2.216625e-08,1.187958e-08,118.51,110.22,11197.76,10413.67,58.83,54.14
5.05563,6,0.4201,0.018,0.016,5.306,5.939,0.9877,0.00968,270.40,52.88,0.56537748,0.7180293996,2.22,2.231216e-08,1.235796e-08,2.219638e-08,1.190372e-08,118.48,110.37,11194.84,10428.76,58.81,54.23
5.05588,6,0.4202,0.018,0.016,5.305,5.939,0.9877,0.00968,270.40,52.88,0.56537648,0.7180281296,2.22,2.232467e-08,1.23709e-08,2.224432e-08,1.192048e-08,118.64,110.22,11209.72,10414.38,58.90,54.14
5.05612,6,0.4202,0.018,0.016,5.305,5.939,0.9877,0.00968,270.40,52.88,0.5653755199999999,0.7180269103999999,2.22,2.231096e-08,1.236796e-08,2.224806e-08,1.193899e-08,118.74,110.55,11219.19,10445.49,58.96,54.33
5.05638,6,0.4202,0.018,0.016,5.305,5.939,0.9877,0.00968,270.40,52.88,0.56537448,0.7180255896000001,2.22,2.231366e-08,1.237106e-08,2.227209e-08,1.195753e-08,118.77,110.66,11222.45,10456.15,58.98,54.39
5.05663,6,0.4203,0.018,0.016,5.305,5.939,0.9877,0.00968,270.40,52.88,0.56537348,0.7180243196,2.22,2.231122e-08,1.238013e-08,2.229888e-08,1.196986e-08,119.03,110.65,11246.37,10454.76,59.12,54.38
5.05687,6,0.4203,0.018,0.016,5.305,5.939,0.9877,0.00968,270.40,52.88,0.5653725199999999,0.7180231004,2.22,2.23018e-08,1.238776e-08,2.23204e-08,1.199441e-08,119.31,110.91,11272.66,10479.28,59.28,54.53
5.05713,6,0.4203,0.018,0.016,5.305,5.939,0.9877,0.00968,270.40,52.88,0.5653714799999999,0.7180217795999999,2.22,2.230804e-08,1.238373e-08,2.233647e-08,1.200364e-08,119.14,110.92,11257.33,10480.40,59.19,54.54
5.05738,6,0.4204,0.018,0.016,5.305,5.939,0.9877,0.00968,270.40,52.88,0.56537048,0.7180205096,2.22,2.229661e-08,1.238344e-08,2.234236e-08,1.202336e-08,119.30,111.28,11272.40,10514.19,59.28,54.74
5.05762,6,0.4204,0.018,0.016,5.305,5.939,0.9877,0.00968,270.40,52.88,0.56536952,0.7180192904,2.22,2.227807e-08,1.23807e-08,2.235133e-08,1.202701e-08,119.47,111.26,11287.89,10511.96,59.37,54.73
5.05788,6,0.4204,0.018,0.016,5.305,5.939,0.9877,0.00968,270.40,52.88,0.56536848,0.7180179696,2.22,2.227427e-08,1.237503e-08,2.236656e-08,1.203524e-08,119.39,111.26,11280.59,10512.03,59.32,54.73
5.05813,6,0.4205,0.018,0.016,5.305,5.939,0.9877,0.00968,270.40,52.88,0.5653674799999999,0.7180166995999999,2.22,2.227165e-08,1.237762e-08,2.235716e-08,1.203802e-08,119.51,111.44,11291.58,10529.37,59.39,54.83
5.05837,6,0.4205,0.018,0.016,5.305,5.939,0.9877,0.00968,270.40,52.88,0.56536652,0.7180154804,2.22,2.226219e-08,1.237588e-08,2.237489e-08,1.203595e-08,119.58,111.21,11298.81,10507.40,59.43,54.70
5.05863,6,0.4205,0.018,0.016,5.305,5.939,0.9877,0.00969,270.40,52.88,0.56536548,0.7180141596,2.22,2.223541e-08,1.237181e-08,2.23744e-08,1.20535e-08,119.82,111.56,11321.10,10541.11,59.57,54.90
5.05887,6,0.4206,0.018,0.016,5.305,5.939,0.9877,0.00969,270.40,52.88,0.5653645199999999,0.7180129404,2.22,2.221276e-08,1.236189e-08,2.236186e-08,1.205315e-08,119.91,111.72,11329.33,10555.78,59.62,54.99
5.05912,6,0.4206,0.018,0.016,5.305,5.939,0.9877,0.00969,270.40,52.88,0.56536352,0.7180116704,2.22,2.218185e-08,1.234846e-08,2.236252e-08,1.205774e-08,119.99,111.80,11337.14,10563.83,59.66,55.04
5.05938,6,0.4206,0.018,0.016,5.305,5.939,0.9877,0.00969,270.40,52.88,0.56536248,0.7180103496,2.22,2.215663e-08,1.233288e-08,2.236502e-08,1.206465e-08,119.96,111.92,11333.95,10574.41,59.64,55.10
5.05962,6,0.4207,0.018,0.016,5.305,5.939,0.9877,0.00969,270.40,52.88,0.56536152,0.7180091303999999,2.22,2.212305e-08,1.233357e-08,2.237266e-08,1.206216e-08,120.41,111.81,11376.97,10564.35,59.90,55.04
5.05987,6,0.4207,0.018,0.016,5.305,5.939,0.9877,0.00969,270.40,52.88,0.5653605199999999,0.7180078603999999,2.22,2.2102e-08,1.232757e-08,2.236158e-08,1.206148e-08,120.54,111.92,11388.94,10574.42,59.97,55.10
5.06013,6,0.4207,0.018,0.016,5.305,5.939,0.9877,0.00969,270.40,52.88,0.5653594799999999,0.7180065395999999,2.22,2.204361e-08,1.231688e-08,2.235587e-08,1.206978e-08,121.02,112.15,11434.87,10596.11,60.25,55.23
5.06037,6,0.4208,0.018,0.016,5.305,5.939,0.9877,0.00969,270.40,52.88,0.56535852,0.7180053204,2.22,2.204095e-08,1.229279e-08,2.234368e-08,1.205998e-08,120.55,112.11,11390.12,10592.48,59.98,55.21
5.06062,6,0.4208,0.018,0.016,5.305,5.939,0.9877,0.00969,270.40,52.88,0.56535752,0.7180040503999999,2.22,2.199478e-08,1.228744e-08,2.231983e-08,1.20624e-08,121.00,112.42,11433.04,10621.74,60.24,55.38
5.06088,6,0.4208,0.018,0.016,5.305,5.939,0.9877,0.00969,270.40,52.88,0.5653564799999999,0.7180027295999999,2.22,2.195878e-08,1.227052e-08,2.233707e-08,1.206859e-08,121.08,112.35,11439.78,10615.76,60.28,55.34
5.06112,6,0.4209,0.018,0.016,5.304,5.939,0.9877,0.00969,270.40,52.88,0.56535552,0.7180015104,2.22,2.190823e-08,1.226052e-08,2.233051e-08,1.20702e-08,121.51,112.49,11481.23,10628.15,60.52,55.42
5.06137,6,0.4209,0.018,0.016,5.304,5.939,0.9877,0.00969,270.40,52.88,0.56535452,0.7180002404,2.22,2.187219e-08,1.223363e-08,2.231146e-08,1.206071e-08,121.36,112.50,11466.92,10629.70,60.44,55.43
5.06163,6,0.4209,0.018,0.016,5.304,5.939,0.9877,0.00969,270.40,52.88,0.56535348,0.7179989196,2.22,2.182279e-08,1.220732e-08,2.232533e-08,1.206212e-08,121.39,112.38,11469.74,10618.04,60.45,55.36
5.06187,6,0.4210,0.018,0.016,5.304,5.939,0.9877,0.00969,270.40,52.88,0.5653525199999999,0.7179977003999999,2.22,2.176608e-08,1.219157e-08,2.231949e-08,1.205481e-08,121.78,112.32,11506.68,10612.60,60.68,55.33
5.06212,6,0.4210,0.018,0.016,5.304,5.939,0.9877,0.00969,270.40,52.88,0.56535152,0.7179964304,2.22,2.173113e-08,1.216962e-08,2.23215e-08,1.206209e-08,121.73,112.45,11501.58,10624.47,60.64,55.40
5.06238,6,0.4210,0.018,0.016,5.304,5.939,0.9877,0.00969,270.40,52.88,0.56535048,0.7179951096,2.22,2.167442e-08,1.214623e-08,2.231995e-08,1.208015e-08,121.92,112.83,11519.62,10660.75,60.75,55.61
5.06262,6,0.4211,0.018,0.016,5.304,5.939,0.9877,0.00969,270.40,52.88,0.5653495199999999,0.7179938904,2.22,2.162498e-08,1.212579e-08,2.232222e-08,1.208759e-08,122.12,112.98,11538.08,10675.24,60.86,55.70
5.06288,6,0.4211,0.018,0.016,5.304,5.939,0.9877,0.00969,270.40,52.88,0.5653484799999999,0.7179925695999999,2.22,2.157697e-08,1.210566e-08,2.232696e-08,1.208785e-08,122.27,112.94,11552.83,10670.80,60.95,55.67
5.06313,6,0.4211,0.018,0.016,5.304,5.939,0.9877,0.00969,270.40,52.88,0.56534748,0.7179912996000001,2.22,2.152522e-08,1.208203e-08,2.233374e-08,1.209158e-08,122.40,112.94,11564.62,10670.91,61.02,55.67
5.06337,6,0.4212,0.018,0.016,5.304,5.939,0.9877,0.00969,270.40,52.88,0.56534652,0.7179900804,2.22,2.146639e-08,1.20642e-08,2.234445e-08,1.210431e-08,122.78,113.11,11600.66,10686.79,61.24,55.77
5.06363,6,0.4212,0.018,0.016,5.304,5.939,0.9877,0.00969,270.40,52.88,0.56534548,0.7179887596,2.22,2.139874e-08,1.203279e-08,2.236881e-08,1.211287e-08,122.93,113.01,11615.23,10677.87,61.32,55.72
5.06388,6,0.4212,0.018,0.016,5.304,5.939,0.9877,0.00969,270.40,52.88,0.5653444799999999,0.7179874895999999,2.22,2.135513e-08,1.201482e-08,2.236037e-08,1.212277e-08,123.09,113.31,11629.72,10705.75,61.41,55.88
5.06412,6,0.4213,0.018,0.016,5.304,5.939,0.9877,0.00969,270.40,52.88,0.56534352,0.7179862704,2.22,2.131153e-08,1.199141e-08,2.237931e-08,1.213079e-08,123.14,113.29,11634.96,10703.95,61.44,55.87
5.06438,6,0.4213,0.018,0.016,5.304,5.939,0.9877,0.00969,270.40,52.88,0.56534248,0.7179849496,2.22,2.125688e-08,1.197365e-08,2.240929e-08,1.215054e-08,123.45,113.36,11663.90,10710.69,61.61,55.91
5.06463,6,0.4214,0.018,0.016,5.304,5.939,0.9877,0.00969,270.40,52.88,0.56534148,0.7179836796,2.22,2.119734e-08,1.194334e-08,2.243135e-08,1.216879e-08,123.55,113.51,11673.89,10725.34,61.67,56.00
5.06487,6,0.4214,0.018,0.016,5.304,5.939,0.9877,0.00969,270.40,52.88,0.56534052,0.7179824604,2.22,2.114757e-08,1.192182e-08,2.243736e-08,1.218146e-08,123.71,113.71,11688.54,10743.48,61.76,56.11
5.06513,6,0.4214,0.018,0.016,5.304,5.939,0.9877,0.00969,270.40,52.88,0.56533948,0.7179811396,2.22,2.110437e-08,1.190461e-08,2.245298e-08,1.220082e-08,123.88,113.93,11704.64,10764.48,61.86,56.23
5.06538,6,0.4215,0.018,0.016,5.304,5.939,0.9877,0.00969,270.40,52.88,0.56533848,0.7179798695999999,2.22,2.103983e-08,1.187093e-08,2.249743e-08,1.221456e-08,123.97,113.74,11713.59,10746.97,61.91,56.13
5.06562,6,0.4215,0.018,0.016,5.304,5.939,0.9877,0.00969,270.40,52.88,0.5653375199999999,0.7179786503999999,2.22,2.100636e-08,1.185556e-08,2.250378e-08,1.222976e-08,124.06,113.98,11721.56,10769.61,61.96,56.26
5.06588,6,0.4215,0.018,0.016,5.304,5.939,0.9877,0.00969,270.40,52.88,0.5653364799999999,0.7179773295999999,2.22,2.094679e-08,1.183725e-08,2.255198e-08,1.225559e-08,124.43,113.97,11756.47,10768.91,62.17,56.26
5.06613,6,0.4216,0.018,0.016,5.303,5.939,0.9877,0.00969,270.40,52.88,0.56533548,0.7179760596,2.22,2.089923e-08,1.182717e-08,2.256833e-08,1.227575e-08,124.86,114.23,11797.78,10793.17,62.42,56.40
5.06637,6,0.4216,0.018,0.016,5.303,5.939,0.9877,0.00969,270.40,52.88,0.56533452,0.7179748403999999,2.22,2.087038e-08,1.180396e-08,2.261248e-08,1.22885e-08,124.70,114.00,11781.95,10771.52,62.32,56.27
5.06663,6,0.4216,0.018,0.016,5.303,5.939,0.9877,0.00969,270.40,52.88,0.5653334799999999,0.7179735195999999,2.22,2.081234e-08,1.178265e-08,2.264948e-08,1.231562e-08,124.98,114.14,11808.52,10784.97,62.48,56.35
5.06687,6,0.4217,0.018,0.016,5.303,5.939,0.9877,0.00969,270.40,52.88,0.56533252,0.7179723004,2.22,2.07851e-08,1.175891e-08,2.268545e-08,1.23427e-08,124.80,114.32,11792.10,10801.96,62.38,56.46
5.06712,6,0.4217,0.018,0.016,5.303,5.939,0.9877,0.00969,270.40,52.88,0.56533152,0.7179710304,2.22,2.074511e-08,1.174944e-08,2.272742e-08,1.236706e-08,125.13,114.36,11822.57,10804.88,62.56,56.47
5.06738,6,0.4217,0.018,0.016,5.303,5.939,0.9877,0.00969,270.40,52.88,0.56533048,0.7179697096,2.22,2.071975e-08,1.173346e-08,2.274762e-08,1.238402e-08,125.09,114.48,11818.82,10816.32,62.54,56.54
5.06762,6,0.4218,0.018,0.016,5.303,5.939,0.9877,0.00969,270.40,52.88,0.5653295199999999,0.7179684903999999,2.22,2.066369e-08,1.172094e-08,2.278924e-08,1.240373e-08,125.59,114.44,11866.50,10813.24,62.83,56.52
5.06787,6,0.4218,0.018,0.016,5.303,5.939,0.9877,0.00969,270.40,52.88,0.56532852,0.7179672204,2.22,2.063431e-08,1.171081e-08,2.282387e-08,1.243164e-08,125.75,114.63,11881.82,10830.56,62.92,56.63
5.06813,6,0.4218,0.018,0.016,5.303,5.939,0.9877,0.00969,270.40,52.88,0.56532748,0.7179658996,2.22,2.062007e-08,1.169273e-08,2.286979e-08,1.244348e-08,125.51,114.36,11858.38,10805.44,62.78,56.48
5.06837,6,0.4219,0.018,0.016,5.303,5.939,0.9877,0.00969,270.40,52.88,0.5653265199999999,0.7179646803999999,2.22,2.055452e-08,1.169186e-08,2.286516e-08,1.247688e-08,126.44,115.12,11946.86,10876.69,63.31,56.90
5.06862,6,0.4219,0.018,0.016,5.303,5.939,0.9877,0.00969,270.40,52.88,0.5653255199999999,0.7179634103999999,2.22,2.054325e-08,1.167567e-08,2.293554e-08,1.24942e-08,126.20,114.69,11923.70,10836.44,63.17,56.66
5.06888,6,0.4219,0.018,0.016,5.303,5.939,0.9877,0.00969,270.40,52.88,0.5653244799999999,0.7179620895999999,2.22,2.051452e-08,1.165928e-08,2.29533e-08,1.25137e-08,126.20,114.89,11923.55,10855.16,63.17,56.77
5.06912,6,0.4220,0.018,0.016,5.303,5.939,0.9877,0.00969,270.40,52.88,0.56532352,0.7179608704,2.22,2.049462e-08,1.1652e-08,2.298388e-08,1.253273e-08,126.33,114.96,11935.94,10862.23,63.24,56.82
5.06937,6,0.4220,0.018,0.016,5.303,5.939,0.9877,0.00969,270.40,52.88,0.5653225199999999,0.7179596004,2.22,2.046251e-08,1.163537e-08,2.302039e-08,1.255965e-08,126.37,115.10,11939.81,10875.58,63.26,56.90
5.06963,6,0.4220,0.018,0.016,5.303,5.939,0.9877,0.00969,270.40,52.88,0.5653214799999999,0.7179582795999999,2.22,2.045655e-08,1.162539e-08,2.305589e-08,1.257525e-08,126.20,115.03,11924.14,10868.41,63.17,56.85
5.06987,6,0.4221,0.018,0.016,5.303,5.939,0.9877,0.00969,270.40,52.88,0.56532052,0.7179570604,2.22,2.042169e-08,1.162626e-08,2.30802e-08,1.259353e-08,126.75,115.16,11976.31,10880.53,63.48,56.93
5.07012,6,0.4221,0.018,0.016,5.303,5.939,0.9877,0.00969,270.40,52.88,0.56531952,0.7179557904,2.22,2.039068e-08,1.161875e-08,2.311302e-08,1.260442e-08,127.01,115.02,12000.64,10867.21,63.63,56.85
5.07038,6,0.4221,0.018,0.016,5.303,5.939,0.9877,0.00969,270.40,52.88,0.56531848,0.7179544696,2.22,2.03763e-08,1.161037e-08,2.312002e-08,1.261986e-08,127.01,115.25,12000.19,10889.27,63.62,56.98
5.07062,6,0.4222,0.018,0.016,5.303,5.939,0.9877,0.00969,270.40,52.88,0.5653175199999999,0.7179532503999999,2.22,2.035907e-08,1.160793e-08,2.315361e-08,1.26384e-08,127.22,115.28,12020.80,10892.24,63.75,56.99
5.07088,6,0.4222,0.018,0.016,5.303,5.939,0.9877,0.00969,270.40,52.88,0.56531648,0.7179519296,2.22,2.033494e-08,1.159097e-08,2.318263e-08,1.264813e-08,127.14,115.16,12013.07,10880.66,63.70,56.93
5.07113,6,0.4222,0.018,0.016,5.303,5.939,0.9877,0.00969,270.40,52.88,0.56531548,0.7179506596,2.22,2.031887e-08,1.15904e-08,2.31803e-08,1.265044e-08,127.36,115.23,12033.82,10887.45,63.82,56.97
5.07137,6,0.4223,0.018,0.016,5.302,5.939,0.9877,0.00969,270.40,52.88,0.5653145199999999,0.7179494404,2.22,2.030992e-08,1.158655e-08,2.320137e-08,1.267287e-08,127.42,115.48,12039.70,10910.74,63.86,57.11
5.07163,6,0.4223,0.018,0.016,5.302,5.939,0.9877,0.00969,270.40,52.88,0.5653134799999999,0.7179481195999999,2.22,2.027858e-08,1.157545e-08,2.321989e-08,1.268409e-08,127.60,115.50,12056.14,10912.84,63.96,57.12
5.07188,6,0.4223,0.018,0.016,5.302,5.939,0.9877,0.00969,270.40,52.88,0.56531248,0.7179468496,2.22,2.026151e-08,1.157439e-08,2.324329e-08,1.26893e-08,127.82,115.35,12077.25,10898.50,64.08,57.03
5.07212,6,0.4224,0.018,0.016,5.302,5.939,0.9877,0.00969,270.40,52.88,0.56531152,0.7179456303999999,2.22,2.024667e-08,1.156151e-08,2.323112e-08,1.269364e-08,127.74,115.59,12069.39,10921.90,64.04,57.17
5.07238,6,0.4224,0.018,0.016,5.302,5.939,0.9877,0.00969,270.40,52.88,0.56531048,0.7179443096,2.22,2.021911e-08,1.155936e-08,2.323516e-08,1.269552e-08,128.09,115.59,12102.56,10921.28,64.24,57.17
5.07263,6,0.4224,0.018,0.016,5.302,5.939,0.9877,0.00969,270.40,52.88,0.5653094799999999,0.7179430395999999,2.22,2.020335e-08,1.153944e-08,2.323717e-08,1.270291e-08,127.81,115.71,12075.90,10933.22,64.08,57.24
5.07287,6,0.4225,0.018,0.016,5.302,5.939,0.9877,0.00969,270.40,52.88,0.56530852,0.7179418204,2.22,2.018178e-08,1.153616e-08,2.323323e-08,1.270813e-08,128.07,115.89,12100.87,10949.82,64.23,57.34
5.07313,6,0.4225,0.018,0.016,5.302,5.939,0.9877,0.00969,270.40,52.88,0.56530748,0.7179404996,2.22,2.015728e-08,1.152963e-08,2.322385e-08,1.270454e-08,128.27,115.92,12119.21,10952.75,64.33,57.36
5.07338,6,0.4225,0.018,0.016,5.302,5.939,0.9877,0.00969,270.40,52.88,0.56530648,0.7179392295999999,2.22,2.013633e-08,1.151755e-08,2.323534e-08,1.271049e-08,128.26,115.91,12118.97,10952.11,64.33,57.35
5.07362,6,0.4226,0.018,0.016,5.302,5.939,0.9877,0.00969,270.40,52.88,0.56530552,0.7179380104,2.22,2.011607e-08,1.150783e-08,2.323157e-08,1.270592e-08,128.34,115.89,12126.44,10949.93,64.38,57.34
5.07388,6,0.4226,0.018,0.016,5.302,5.939,0.9877,0.00969,270.40,52.88,0.56530448,0.7179366896,2.22,2.009932e-08,1.149475e-08,2.323404e-08,1.271423e-08,128.25,116.03,12117.82,10963.18,64.33,57.42
5.07413,6,0.4226,0.018,0.016,5.302,5.939,0.9877,0.00969,270.40,52.88,0.56530348,0.7179354196,2.22,2.00611e-08,1.148277e-08,2.321887e-08,1.270916e-08,128.51,116.10,12142.22,10969.34,64.47,57.45
5.07437,6,0.4227,0.018,0.016,5.302,5.939,0.9877,0.00969,270.40,52.88,0.5653025199999999,0.7179342003999999,2.22,2.004336e-08,1.146871e-08,2.321492e-08,1.270711e-08,128.44,116.13,12135.43,10972.15,64.43,57.47
5.07463,6,0.4227,0.018,0.016,5.302,5.939,0.9877,0.00969,270.40,52.88,0.5653014799999999,0.7179328795999999,2.22,2.001961e-08,1.145656e-08,2.321517e-08,1.271473e-08,128.48,116.28,12139.00,10986.43,64.45,57.56
5.07487,6,0.4227,0.018,0.016,5.302,5.939,0.9877,0.00969,270.40,52.88,0.56530052,0.7179316604,2.22,1.998627e-08,1.144292e-08,2.322338e-08,1.27061e-08,128.62,116.01,12152.50,10961.40,64.53,57.41
5.07512,6,0.4228,0.018,0.016,5.302,5.939,0.9877,0.00969,270.40,52.88,0.5652995199999999,0.7179303904,2.22,1.995517e-08,1.142719e-08,2.321277e-08,1.270255e-08,128.70,116.08,12160.55,10968.29,64.58,57.45
5.07538,6,0.4228,0.018,0.016,5.302,5.939,0.9877,0.00969,270.40,52.88,0.5652984799999999,0.7179290695999999,2.22,1.992273e-08,1.142201e-08,2.319716e-08,1.270232e-08,129.06,116.25,12194.01,10984.16,64.78,57.54
5.07562,6,0.4228,0.018,0.016,5.302,5.939,0.9877,0.00969,270.40,52.88,0.56529752,0.7179278504,2.22,1.990367e-08,1.139839e-08,2.3184e-08,1.27026e-08,128.72,116.40,12162.27,10998.49,64.59,57.63
5.07587,6,0.4229,0.018,0.016,5.302,5.939,0.9877,0.00969,270.40,52.88,0.56529652,0.7179265804,2.22,1.988337e-08,1.138258e-08,2.318019e-08,1.270192e-08,128.64,116.46,12154.69,11003.79,64.55,57.66
5.07613,6,0.4229,0.018,0.016,5.302,5.939,0.9877,0.00969,270.40,52.88,0.56529548,0.7179252596,2.22,1.98428e-08,1.136624e-08,2.318125e-08,1.269169e-08,128.82,116.24,12171.94,10983.09,64.65,57.54
5.07637,6,0.4229,0.018,0.016,5.302,5.939,0.9877,0.00969,270.40,52.88,0.5652945199999999,0.7179240403999999,2.22,1.98091e-08,1.134489e-08,2.318593e-08,1.270028e-08,128.77,116.36,12166.80,10994.63,64.62,57.60
5.07662,6,0.4230,0.018,0.016,5.301,5.939,0.9877,0.00969,270.40,52.88,0.56529352,0.7179227704,2.22,1.977804e-08,1.13427e-08,2.318567e-08,1.269929e-08,129.22,116.37,12208.97,10995.60,64.87,57.61
5.07688,6,0.4230,0.018,0.016,5.301,5.939,0.9877,0.00969,270.40,52.88,0.56529248,0.7179214496,2.22,1.974784e-08,1.131417e-08,2.318476e-08,1.26968e-08,128.92,116.33,12180.67,10991.79,64.70,57.59
5.07712,6,0.4230,0.018,0.016,5.301,5.939,0.9877,0.00969,270.40,52.88,0.5652915199999999,0.7179202304,2.22,1.970464e-08,1.129617e-08,2.318842e-08,1.270017e-08,129.10,116.36,12197.74,10994.40,64.80,57.60
5.07737,6,0.4231,0.018,0.016,5.301,5.939,0.9877,0.00969,270.40,52.88,0.5652905199999999,0.7179189603999999,2.22,1.968131e-08,1.127852e-08,2.320115e-08,1.270686e-08,129.01,116.38,12189.80,10996.46,64.75,57.62
5.07763,6,0.4231,0.018,0.016,5.301,5.939,0.9877,0.00969,270.40,52.88,0.56528948,0.7179176396,2.22,1.964563e-08,1.125263e-08,2.320694e-08,1.270751e-08,128.87,116.33,12176.00,10991.64,64.67,57.59
5.07787,6,0.4231,0.018,0.016,5.301,5.939,0.9877,0.00969,270.40,52.88,0.56528852,0.7179164203999999,2.22,1.962314e-08,1.124131e-08,2.32007e-08,1.271313e-08,128.91,116.52,12179.96,11008.94,64.70,57.69
5.07812,6,0.4232,0.018,0.016,5.301,5.939,0.9877,0.00969,270.40,52.88,0.5652875199999999,0.7179151504,2.22,1.958253e-08,1.121791e-08,2.322085e-08,1.270725e-08,128.94,116.20,12182.49,10979.20,64.71,57.51
5.07838,6,0.4232,0.018,0.016,5.301,5.939,0.9877,0.00969,270.40,52.88,0.5652864799999999,0.7179138295999999,2.22,1.954703e-08,1.120315e-08,2.324439e-08,1.272973e-08,129.09,116.39,12196.71,10997.51,64.80,57.62
5.07862,6,0.4232,0.018,0.016,5.301,5.939,0.9877,0.00969,270.40,52.88,0.56528552,0.7179126104,2.22,1.953032e-08,1.118734e-08,2.323928e-08,1.272782e-08,128.92,116.41,12180.81,10999.21,64.70,57.63
5.07888,6,0.4233,0.018,0.016,5.301,5.939,0.9877,0.00969,270.40,52.88,0.56528448,0.7179112896,2.22,1.949866e-08,1.116697e-08,2.326573e-08,1.274684e-08,128.89,116.53,12177.98,11010.47,64.68,57.70
5.07913,6,0.4233,0.018,0.016,5.301,5.939,0.9877,0.00969,270.40,52.88,0.56528348,0.7179100195999999,2.22,1.947365e-08,1.115497e-08,2.329976e-08,1.275608e-08,128.95,116.34,12183.92,10992.54,64.72,57.59
5.07937,6,0.4233,0.018,0.016,5.301,5.939,0.9877,0.00969,270.40,52.88,0.56528252,0.7179088004,2.22,1.944577e-08,1.114272e-08,2.333565e-08,1.276368e-08,129.05,116.10,12193.45,10969.66,64.78,57.45
5.07963,6,0.4234,0.018,0.016,5.301,5.939,0.9877,0.00969,270.40,52.88,0.56528148,0.7179074796,2.22,1.941295e-08,1.112814e-08,2.334896e-08,1.278626e-08,129.20,116.43,12207.19,11001.31,64.86,57.64
5.07988,6,0.4234,0.018,0.016,5.301,5.939,0.9877,0.00969,270.40,52.88,0.56528048,0.7179062096,2.22,1.939432e-08,1.111402e-08,2.33848e-08,1.279724e-08,129.10,116.26,12198.34,10984.90,64.80,57.54
5.08012,6,0.4234,0.017,0.016,5.301,5.939,0.9877,0.00969,270.40,52.88,0.5652795199999999,0.7179049903999999,2.22,1.937688e-08,1.10928e-08,2.340505e-08,1.282628e-08,128.80,116.62,12169.37,11018.86,64.63,57.75
5.08038,6,0.4235,0.017,0.016,5.301,5.939,0.9877,0.00969,270.40,52.88,0.5652784799999999,0.7179036695999998,2.22,1.936204e-08,1.108659e-08,2.345306e-08,1.282659e-08,128.89,116.13,12178.11,10972.25,64.68,57.47
5.08063,6,0.4235,0.017,0.016,5.301,5.939,0.9877,0.00969,270.40,52.88,0.56527748,0.7179023996,2.22,1.933619e-08,1.10712e-08,2.347825e-08,1.285664e-08,128.87,116.45,12176.60,11002.99,64.67,57.65
5.08087,6,0.4236,0.017,0.016,5.301,5.939,0.9877,0.00969,270.40,52.88,0.56527652,0.7179011804,2.22,1.931767e-08,1.106354e-08,2.351876e-08,1.28714e-08,128.98,116.33,12187.06,10991.58,64.74,57.58
5.08113,6,0.4236,0.017,0.016,5.301,5.939,0.9877,0.00969,270.40,52.88,0.5652754799999999,0.7178998595999999,2.22,1.932197e-08,1.105492e-08,2.357438e-08,1.288692e-08,128.68,116.03,12158.54,10963.54,64.57,57.42
5.08138,6,0.4236,0.017,0.016,5.301,5.939,0.9877,0.00969,270.40,52.88,0.5652744799999999,0.7178985895999999,2.22,1.92938e-08,1.104044e-08,2.360609e-08,1.290547e-08,128.73,116.06,12162.75,10965.82,64.59,57.43
5.08162,6,0.4237,0.017,0.016,5.300,5.939,0.9877,0.00969,270.40,52.88,0.56527352,0.7178973704,2.22,1.928277e-08,1.102918e-08,2.36714e-08,1.292874e-08,128.62,115.84,12152.88,10945.18,64.53,57.31
5.08188,6,0.4237,0.017,0.016,5.300,5.939,0.9877,0.00969,270.40,52.88,0.56527248,0.7178960496,2.22,1.927463e-08,1.102736e-08,2.369566e-08,1.295348e-08,128.70,116.07,12160.18,10966.62,64.58,57.43
5.08212,6,0.4237,0.017,0.016,5.300,5.939,0.9877,0.00969,270.40,52.88,0.5652715199999999,0.7178948303999999,2.22,1.925683e-08,1.102811e-08,2.374341e-08,1.296846e-08,129.00,115.85,12188.42,10945.91,64.74,57.31
5.08237,6,0.4238,0.017,0.016,5.300,5.939,0.9877,0.00969,270.40,52.88,0.56527052,0.7178935604,2.22,1.927737e-08,1.102501e-08,2.379922e-08,1.299089e-08,128.62,115.72,12152.96,10933.56,64.53,57.24
5.08263,6,0.4238,0.017,0.016,5.300,5.939,0.9877,0.00969,270.40,52.88,0.56526948,0.7178922396,2.22,1.926943e-08,1.102594e-08,2.384285e-08,1.300766e-08,128.77,115.58,12167.06,10920.53,64.62,57.16
5.08287,6,0.4238,0.017,0.016,5.300,5.939,0.9877,0.00969,270.40,52.88,0.5652685199999999,0.7178910204,2.22,1.927153e-08,1.101934e-08,2.389277e-08,1.304678e-08,128.56,115.81,12146.96,10942.47,64.50,57.29
5.08312,6,0.4239,0.017,0.016,5.300,5.939,0.9877,0.00969,270.40,52.88,0.5652675199999999,0.7178897503999999,2.22,1.927012e-08,1.10266e-08,2.394355e-08,1.306996e-08,128.81,115.75,12170.62,10936.67,64.64,57.25
5.08338,6,0.4239,0.017,0.016,5.300,5.939,0.9877,0.00969,270.40,52.88,0.56526648,0.7178884296,2.22,1.927413e-08,1.103169e-08,2.39755e-08,1.308698e-08,128.89,115.74,12177.83,10935.89,64.68,57.25
5.08362,6,0.4239,0.017,0.016,5.300,5.939,0.9877,0.00969,270.40,52.88,0.56526552,0.7178872103999999,2.22,1.927519e-08,1.103156e-08,2.401204e-08,1.310378e-08,128.87,115.68,12175.93,10930.12,64.67,57.22
5.08387,6,0.4240,0.017,0.016,5.300,5.939,0.9877,0.00969,270.40,52.88,0.5652645199999999,0.7178859404,2.22,1.927959e-08,1.103541e-08,2.406422e-08,1.312019e-08,128.93,115.47,12182.24,10910.61,64.71,57.10
5.08413,6,0.4240,0.017,0.016,5.300,5.939,0.9877,0.00969,270.40,52.88,0.5652634799999999,0.7178846195999999,2.22,1.928624e-08,1.103817e-08,2.41242e-08,1.314936e-08,128.90,115.41,12179.54,10904.17,64.69,57.06
5.08437,6,0.4240,0.017,0.016,5.300,5.939,0.9877,0.00969,270.40,52.88,0.56526252,0.7178834004,2.22,1.929485e-08,1.103763e-08,2.41584e-08,1.31593e-08,128.76,115.24,12165.45,10888.34,64.61,56.97
5.08462,6,0.4241,0.017,0.016,5.300,5.939,0.9877,0.00969,270.40,52.88,0.56526152,0.7178821303999999,2.22,1.931878e-08,1.104696e-08,2.419771e-08,1.317727e-08,128.67,115.20,12157.11,10884.66,64.56,56.94
5.08488,6,0.4241,0.017,0.016,5.300,5.939,0.9877,0.00969,270.40,52.88,0.56526048,0.7178808096,2.22,1.932725e-08,1.104551e-08,2.424563e-08,1.319552e-08,128.50,115.05,12140.95,10870.47,64.46,56.86
5.08512,6,0.4241,0.017,0.016,5.300,5.939,0.9877,0.00969,270.40,52.88,0.5652595199999999,0.7178795903999999,2.22,1.934679e-08,1.105941e-08,2.427729e-08,1.321562e-08,128.57,115.10,12147.96,10875.65,64.50,56.89
5.08537,6,0.4242,0.017,0.016,5.300,5.939,0.9877,0.00969,270.40,52.88,0.56525852,0.7178783204,2.22,1.936541e-08,1.106978e-08,2.431354e-08,1.323532e-08,128.59,115.13,12150.12,10878.16,64.51,56.90
5.08563,6,0.4242,0.017,0.016,5.300,5.939,0.9877,0.00969,270.40,52.88,0.56525748,0.7178769996,2.22,1.937946e-08,1.108302e-08,2.434615e-08,1.323605e-08,128.73,114.81,12163.46,10847.54,64.59,56.72
5.08587,6,0.4242,0.017,0.016,5.300,5.939,0.9877,0.00969,270.40,52.88,0.5652565199999999,0.7178757803999999,2.22,1.940293e-08,1.108893e-08,2.437239e-08,1.326132e-08,128.53,115.02,12144.25,10867.30,64.48,56.84
5.08613,6,0.4243,0.017,0.016,5.299,5.939,0.9877,0.00969,270.40,52.88,0.5652554799999999,0.7178744596,2.22,1.942425e-08,1.110151e-08,2.440948e-08,1.326752e-08,128.57,114.78,12148.12,10844.80,64.50,56.70
5.08638,6,0.4243,0.017,0.016,5.299,5.939,0.9877,0.00969,270.40,52.88,0.56525448,0.7178731896,2.22,1.944541e-08,1.111336e-08,2.44435e-08,1.326768e-08,128.57,114.43,12147.50,10812.07,64.50,56.51
5.08662,6,0.4243,0.017,0.016,5.299,5.939,0.9877,0.00969,270.40,52.88,0.56525352,0.7178719704,2.22,1.946411e-08,1.112361e-08,2.446925e-08,1.328788e-08,128.55,114.55,12146.38,10823.16,64.49,56.57
5.08688,6,0.4244,0.017,0.016,5.299,5.939,0.9877,0.00969,270.40,52.88,0.56525248,0.7178706495999999,2.22,1.947839e-08,1.113347e-08,2.449507e-08,1.33146e-08,128.63,114.82,12153.57,10848.35,64.53,56.72
5.08713,6,0.4244,0.017,0.016,5.299,5.939,0.9877,0.00969,270.40,52.88,0.5652514799999999,0.7178693795999999,2.22,1.949118e-08,1.114593e-08,2.452056e-08,1.33137e-08,128.77,114.54,12166.69,10822.07,64.61,56.57
5.08737,6,0.4244,0.017,0.016,5.299,5.939,0.9877,0.00969,270.40,52.88,0.56525052,0.7178681604,2.22,1.95142e-08,1.116463e-08,2.452522e-08,1.332444e-08,128.92,114.69,12180.80,10836.68,64.70,56.65
5.08763,6,0.4245,0.017,0.016,5.299,5.939,0.9877,0.00969,270.40,52.88,0.56524948,0.7178668396,2.22,1.953326e-08,1.116715e-08,2.455348e-08,1.332924e-08,128.72,114.52,12162.33,10820.48,64.59,56.56
5.08788,6,0.4245,0.017,0.016,5.299,5.939,0.9877,0.00969,270.40,52.88,0.5652484799999999,0.7178655695999999,2.22,1.955737e-08,1.11777e-08,2.458807e-08,1.333663e-08,128.64,114.31,12154.12,10800.30,64.54,56.44
5.08812,6,0.4245,0.017,0.016,5.299,5.939,0.9877,0.00969,270.40,52.88,0.56524752,0.7178643504,2.22,1.956703e-08,1.119726e-08,2.461264e-08,1.333848e-08,129.01,114.09,12189.79,10780.03,64.75,56.32
5.08838,6,0.4246,0.017,0.016,5.299,5.939,0.9877,0.00969,270.40,52.88,0.56524648,0.7178630296,2.22,1.959935e-08,1.119715e-08,2.460918e-08,1.33478e-08,128.54,114.33,12145.48,10802.35,64.48,56.45
5.08863,6,0.4246,0.017,0.016,5.299,5.939,0.9877,0.00969,270.40,52.88,0.56524548,0.7178617596,2.22,1.960192e-08,1.120992e-08,2.460864e-08,1.335432e-08,128.85,114.46,12174.11,10814.41,64.66,56.52
5.08887,6,0.4246,0.017,0.016,5.299,5.939,0.9877,0.00969,270.40,52.88,0.5652445199999999,0.7178605403999999,2.22,1.961688e-08,1.122976e-08,2.464534e-08,1.336211e-08,129.15,114.23,12202.75,10792.99,64.83,56.39
5.08913,6,0.4247,0.017,0.016,5.299,5.939,0.9877,0.00969,270.40,52.88,0.5652434799999999,0.7178592195999999,2.22,1.963996e-08,1.123266e-08,2.464909e-08,1.337311e-08,128.90,114.42,12179.48,10811.37,64.69,56.50
5.08938,6,0.4247,0.017,0.016,5.299,5.939,0.9877,0.00969,270.41,52.88,0.56524248,0.7178579496,2.22,1.966056e-08,1.12447e-08,2.467865e-08,1.338302e-08,128.91,114.31,12180.13,10800.56,64.69,56.44
5.08962,6,0.4247,0.017,0.016,5.299,5.939,0.9877,0.00969,270.41,52.88,0.5652415199999999,0.7178567304,2.22,1.968045e-08,1.125187e-08,2.469269e-08,1.338948e-08,128.80,114.29,12169.50,10798.52,64.63,56.43
5.08988,6,0.4248,0.017,0.016,5.299,5.939,0.9877,0.00969,270.41,52.88,0.5652404799999999,0.7178554095999999,2.22,1.968039e-08,1.126692e-08,2.474135e-08,1.339339e-08,129.23,113.90,12210.54,10761.62,64.87,56.20
5.09012,6,0.4248,0.017,0.016,5.299,5.939,0.9877,0.00969,270.41,52.88,0.56523952,0.7178541904,2.22,1.97059e-08,1.126486e-08,2.475804e-08,1.340294e-08,128.79,113.91,12168.43,10762.52,64.62,56.21
5.09037,6,0.4248,0.017,0.016,5.299,5.939,0.9877,0.00969,270.41,52.88,0.56523852,0.7178529203999999,2.22,1.971716e-08,1.12848e-08,2.476145e-08,1.341031e-08,129.15,114.01,12202.52,10772.19,64.82,56.27
5.09063,6,0.4249,0.017,0.016,5.299,5.939,0.9877,0.00969,270.41,52.88,0.56523748,0.7178515996,2.22,1.973273e-08,1.128723e-08,2.47902e-08,1.342517e-08,129.00,114.02,12189.03,10773.48,64.74,56.28
5.09087,6,0.4249,0.017,0.016,5.299,5.939,0.9877,0.00969,270.41,52.88,0.5652365199999999,0.7178503803999999,2.22,1.975439e-08,1.130759e-08,2.480273e-08,1.344071e-08,129.22,114.19,12209.13,10788.81,64.86,56.37
5.09112,6,0.4249,0.017,0.016,5.299,5.939,0.9877,0.00969,270.41,52.88,0.56523552,0.7178491104,2.22,1.97571e-08,1.130467e-08,2.485131e-08,1.345236e-08,129.10,113.91,12197.85,10763.18,64.80,56.21
5.09138,6,0.4250,0.017,0.016,5.298,5.939,0.9877,0.00969,270.41,52.88,0.56523448,0.7178477896,2.22,1.976316e-08,1.130542e-08,2.489193e-08,1.346398e-08,129.06,113.75,12193.87,10747.67,64.77,56.12
5.09162,6,0.4250,0.017,0.016,5.298,5.939,0.9877,0.00969,270.41,52.88,0.5652335199999999,0.7178465703999999,2.22,1.978119e-08,1.131762e-08,2.491654e-08,1.348309e-08,129.11,113.86,12198.62,10757.75,64.80,56.18
5.09187,6,0.4250,0.017,0.016,5.298,5.939,0.9877,0.00969,270.41,52.88,0.5652325199999999,0.7178453003999999,2.22,1.979056e-08,1.132248e-08,2.49443e-08,1.350573e-08,129.09,114.00,12197.36,10770.99,64.79,56.26
5.09213,6,0.4251,0.017,0.016,5.298,5.939,0.9877,0.00969,270.41,52.88,0.56523148,0.7178439796,2.22,1.981134e-08,1.132706e-08,2.500562e-08,1.353e-08,128.93,113.86,12181.86,10758.04,64.70,56.18
5.09237,6,0.4251,0.017,0.016,5.298,5.939,0.9877,0.00969,270.41,52.88,0.56523052,0.7178427604,2.22,1.982261e-08,1.134417e-08,2.504009e-08,1.354842e-08,129.21,113.86,12208.66,10757.64,64.86,56.18
5.09262,6,0.4251,0.017,0.016,5.298,5.939,0.9877,0.00969,270.41,52.88,0.5652295199999999,0.7178414903999999,2.22,1.983873e-08,1.13436e-08,2.508936e-08,1.358299e-08,128.95,114.00,12184.07,10771.31,64.71,56.26
5.09288,6,0.4252,0.017,0.016,5.298,5.939,0.9877,0.00969,270.41,52.88,0.5652284799999999,0.7178401696,2.22,1.98648e-08,1.135432e-08,2.514377e-08,1.361464e-08,128.87,114.07,12176.45,10777.63,64.67,56.30
5.09312,6,0.4252,0.017,0.016,5.298,5.939,0.9877,0.00969,270.41,52.88,0.56522752,0.7178389504,2.22,1.987334e-08,1.13623e-08,2.519818e-08,1.363897e-08,128.95,113.97,12184.20,10768.79,64.71,56.25
5.09337,6,0.4252,0.017,0.016,5.298,5.939,0.9877,0.00969,270.41,52.88,0.56522652,0.7178376804,2.22,1.987174e-08,1.136176e-08,2.525048e-08,1.367385e-08,128.96,114.09,12185.14,10780.08,64.72,56.31
5.09363,6,0.4253,0.017,0.016,5.298,5.939,0.9877,0.00969,270.41,52.88,0.56522548,0.7178363595999999,2.22,1.990841e-08,1.137534e-08,2.533501e-08,1.369938e-08,128.80,113.75,12169.56,10747.97,64.63,56.12
5.09387,6,0.4253,0.017,0.016,5.298,5.939,0.9877,0.00969,270.41,52.88,0.56522452,0.7178351404000001,2.22,1.992599e-08,1.138467e-08,2.540696e-08,1.374485e-08,128.78,113.87,12167.77,10759.16,64.61,56.19
5.09413,6,0.4253,0.017,0.016,5.298,5.939,0.9877,0.00969,270.41,52.88,0.56522348,0.7178338196,2.22,1.994085e-08,1.139775e-08,2.546912e-08,1.376854e-08,128.90,113.69,12179.21,10742.27,64.68,56.09
5.09438,6,0.4254,0.017,0.016,5.298,5.939,0.9877,0.00969,270.41,52.88,0.56522248,0.7178325496,2.22,1.997626e-08,1.14084e-08,2.555597e-08,1.382e-08,128.68,113.80,12158.22,10752.43,64.56,56.15
5.09462,6,0.4254,0.017,0.016,5.298,5.939,0.9877,0.00969,270.41,52.88,0.5652215199999999,0.7178313303999999,2.22,1.997047e-08,1.142097e-08,2.563664e-08,1.385815e-08,129.10,113.70,12197.76,10743.19,64.79,56.09
5.09488,6,0.4255,0.017,0.016,5.298,5.939,0.9877,0.00969,270.41,52.88,0.5652204799999999,0.7178300095999999,2.22,2.001786e-08,1.142747e-08,2.572501e-08,1.391219e-08,128.59,113.84,12149.46,10756.27,64.50,56.17
5.09513,6,0.4255,0.017,0.016,5.298,5.939,0.9877,0.00969,270.41,52.88,0.56521948,0.7178287396,2.22,2.004417e-08,1.14429e-08,2.581792e-08,1.394932e-08,128.60,113.61,12150.48,10734.29,64.51,56.04
5.09537,6,0.4255,0.017,0.016,5.298,5.939,0.9877,0.00969,270.41,52.88,0.56521852,0.7178275204,2.22,2.006481e-08,1.145873e-08,2.590688e-08,1.399036e-08,128.70,113.48,12160.49,10722.58,64.57,55.97
5.09563,6,0.4256,0.017,0.016,5.298,5.939,0.9877,0.00969,270.41,52.88,0.5652174799999999,0.7178261995999999,2.22,2.009286e-08,1.147424e-08,2.599221e-08,1.405454e-08,128.72,113.83,12162.09,10755.21,64.58,56.16
5.09588,6,0.4256,0.017,0.016,5.298,5.939,0.9877,0.00969,270.41,52.88,0.5652164799999999,0.7178249295999999,2.22,2.012424e-08,1.149401e-08,2.609519e-08,1.411389e-08,128.77,113.89,12166.65,10761.30,64.61,56.20
5.09612,6,0.4256,0.017,0.016,5.298,5.939,0.9877,0.00969,270.41,52.88,0.56521552,0.7178237103999999,2.22,2.016465e-08,1.151188e-08,2.623673e-08,1.41552e-08,128.63,113.28,12153.82,10703.26,64.53,55.85
5.09638,6,0.4257,0.017,0.016,5.297,5.939,0.9877,0.00969,270.41,52.88,0.56521448,0.7178223896,2.22,2.022511e-08,1.153221e-08,2.631488e-08,1.421871e-08,128.29,113.68,12121.93,10740.79,64.34,56.08
5.09663,6,0.4257,0.017,0.016,5.297,5.939,0.9877,0.00969,270.41,52.88,0.5652134799999999,0.7178211196,2.22,2.026585e-08,1.154658e-08,2.642839e-08,1.427341e-08,128.07,113.56,12100.33,10729.94,64.21,56.01
5.09687,6,0.4257,0.017,0.016,5.297,5.939,0.9877,0.00970,270.41,52.88,0.56521252,0.7178199004,2.22,2.030431e-08,1.157187e-08,2.653447e-08,1.432707e-08,128.15,113.50,12108.54,10724.03,64.26,55.98
5.09713,6,0.4258,0.017,0.016,5.297,5.939,0.9877,0.00970,270.41,52.88,0.56521148,0.7178185796,2.22,2.035633e-08,1.15974e-08,2.664613e-08,1.438727e-08,128.08,113.52,12101.40,10726.41,64.22,55.99
5.09738,6,0.4258,0.017,0.016,5.297,5.939,0.9877,0.00970,270.41,52.88,0.56521048,0.7178173096,2.22,2.040302e-08,1.161515e-08,2.676064e-08,1.44414e-08,127.85,113.39,12080.00,10713.99,64.09,55.92
5.09762,6,0.4258,0.017,0.016,5.297,5.939,0.9877,0.00970,270.41,52.88,0.5652095199999999,0.7178160903999999,2.22,2.045338e-08,1.164126e-08,2.685185e-08,1.45042e-08,127.79,113.62,12073.84,10735.82,64.05,56.05
5.09788,6,0.4259,0.017,0.016,5.297,5.939,0.9877,0.00970,270.41,52.88,0.56520848,0.7178147696,2.22,2.05198e-08,1.166766e-08,2.700199e-08,1.456397e-08,127.53,113.29,12049.34,10704.25,63.90,55.86
5.09812,6,0.4259,0.017,0.016,5.297,5.939,0.9877,0.00970,270.41,52.88,0.56520752,0.7178135504,2.22,2.057477e-08,1.169619e-08,2.711856e-08,1.461638e-08,127.46,113.11,12042.84,10687.64,63.87,55.76
5.09837,6,0.4259,0.017,0.016,5.297,5.939,0.9877,0.00970,270.41,52.88,0.5652065199999999,0.7178122803999999,2.22,2.063306e-08,1.172857e-08,2.723521e-08,1.468195e-08,127.44,113.16,12041.04,10691.91,63.85,55.78
5.09863,6,0.4260,0.017,0.016,5.297,5.939,0.9877,0.00970,270.41,52.88,0.5652054799999999,0.7178109596,2.22,2.069433e-08,1.176426e-08,2.732683e-08,1.474584e-08,127.49,113.43,12045.91,10717.28,63.88,55.94
5.09887,6,0.4260,0.017,0.016,5.297,5.939,0.9877,0.00970,270.41,52.88,0.56520452,0.7178097404,2.22,2.076424e-08,1.179882e-08,2.74526e-08,1.48084e-08,127.36,113.34,12033.66,10708.94,63.81,55.89
5.09912,6,0.4260,0.017,0.016,5.297,5.939,0.9877,0.00970,270.41,52.88,0.56520352,0.7178084704,2.22,2.082448e-08,1.183191e-08,2.757442e-08,1.485975e-08,127.33,113.10,12030.98,10686.52,63.79,55.75
5.09938,6,0.4261,0.017,0.016,5.297,5.939,0.9877,0.00970,270.41,52.88,0.56520248,0.7178071495999999,2.22,2.089632e-08,1.18635e-08,2.769533e-08,1.491308e-08,127.13,112.94,12012.16,10670.67,63.68,55.66
5.09962,6,0.4261,0.017,0.016,5.297,5.939,0.9877,0.00970,270.41,52.88,0.56520152,0.7178059304000001,2.22,2.097253e-08,1.190118e-08,2.777407e-08,1.497115e-08,127.00,113.19,11999.13,10694.93,63.60,55.80
5.09987,6,0.4261,0.017,0.016,5.297,5.939,0.9877,0.00970,270.41,52.88,0.56520052,0.7178046604,2.22,2.103199e-08,1.193641e-08,2.790834e-08,1.502571e-08,127.03,112.90,12002.59,10667.49,63.62,55.64
5.10013,6,0.4262,0.017,0.016,5.297,5.939,0.9877,0.00970,270.41,52.88,0.56519948,0.7178033396,2.22,2.112555e-08,1.197939e-08,2.801762e-08,1.50809e-08,126.81,112.87,11982.01,10664.41,63.50,55.62
5.10037,6,0.4262,0.017,0.016,5.297,5.939,0.9877,0.00970,270.41,52.88,0.5651985199999999,0.7178021203999999,2.22,2.1191e-08,1.201045e-08,2.811847e-08,1.513673e-08,126.67,112.89,11968.07,10666.77,63.42,55.63
5.10062,6,0.4262,0.017,0.016,5.297,5.939,0.9877,0.00970,270.41,52.88,0.56519752,0.7178008504,2.22,2.125184e-08,1.20618e-08,2.8224e-08,1.519131e-08,127.08,112.86,12006.83,10663.38,63.65,55.61
5.10088,6,0.4263,0.017,0.016,5.297,5.939,0.9877,0.00970,270.41,52.88,0.56519648,0.7177995296,2.22,2.136438e-08,1.208909e-08,2.832706e-08,1.523019e-08,126.22,112.62,11926.19,10640.78,63.17,55.48
5.10112,6,0.4263,0.017,0.016,5.297,5.939,0.9877,0.00970,270.41,52.88,0.56519552,0.7177983104,2.22,2.142836e-08,1.212943e-08,2.842695e-08,1.527815e-08,126.32,112.53,11935.57,10632.13,63.22,55.42
5.10137,6,0.4263,0.017,0.016,5.297,5.939,0.9877,0.00970,270.41,52.88,0.5651945199999999,0.7177970403999999,2.22,2.152733e-08,1.217398e-08,2.850663e-08,1.533576e-08,126.05,112.76,11909.70,10654.34,63.07,55.56
5.10163,6,0.4264,0.017,0.016,5.296,5.939,0.9877,0.00970,270.41,52.88,0.5651934799999999,0.7177957195999999,2.22,2.157172e-08,1.221569e-08,2.861472e-08,1.538226e-08,126.47,112.60,11949.89,10639.40,63.31,55.47
5.10187,6,0.4264,0.017,0.016,5.296,5.939,0.9877,0.00970,270.41,52.88,0.56519252,0.7177945004,2.22,2.168105e-08,1.225647e-08,2.871451e-08,1.541948e-08,125.97,112.35,11902.57,10614.95,63.02,55.32
5.10213,6,0.4264,0.017,0.016,5.296,5.939,0.9877,0.00970,270.41,52.88,0.56519148,0.7177931796,2.22,2.174239e-08,1.228771e-08,2.882252e-08,1.546897e-08,125.89,112.21,11894.92,10602.35,62.98,55.25
5.10238,6,0.4265,0.017,0.016,5.296,5.939,0.9877,0.00970,270.41,52.88,0.5651904799999999,0.7177919095999999,2.22,2.182915e-08,1.233404e-08,2.889598e-08,1.552173e-08,125.86,112.45,11891.72,10624.54,62.96,55.38
5.10262,6,0.4265,0.017,0.016,5.296,5.939,0.9877,0.00970,270.41,52.88,0.56518952,0.7177906904,2.22,2.191594e-08,1.238166e-08,2.899756e-08,1.555287e-08,125.83,112.08,11888.59,10590.07,62.94,55.17
5.10288,6,0.4265,0.017,0.016,5.296,5.939,0.9877,0.00970,270.41,52.88,0.56518848,0.7177893696,2.22,2.198694e-08,1.241475e-08,2.908276e-08,1.559702e-08,125.66,112.06,11873.15,10587.81,62.85,55.16
5.10313,6,0.4266,0.017,0.016,5.296,5.939,0.9877,0.00970,270.41,52.88,0.56518748,0.7177880996,2.22,2.206082e-08,1.244782e-08,2.915912e-08,1.562434e-08,125.49,111.87,11857.02,10570.40,62.75,55.05
5.10337,6,0.4266,0.017,0.016,5.296,5.939,0.9877,0.00970,270.41,52.88,0.5651865199999999,0.7177868803999999,2.22,2.214266e-08,1.248267e-08,2.923891e-08,1.567845e-08,125.23,112.05,11832.37,10586.92,62.60,55.15
5.10363,6,0.4266,0.017,0.016,5.296,5.939,0.9877,0.00970,270.41,52.88,0.5651854799999999,0.7177855595999999,2.22,2.223616e-08,1.252609e-08,2.934208e-08,1.571914e-08,125.02,111.82,11812.29,10565.72,62.48,55.03
5.10388,6,0.4267,0.017,0.016,5.296,5.939,0.9877,0.00970,270.41,52.88,0.56518448,0.7177842896,2.22,2.22932e-08,1.25579e-08,2.942773e-08,1.5746e-08,125.04,111.56,11814.37,10540.76,62.50,54.88
5.10412,6,0.4267,0.017,0.016,5.296,5.939,0.9877,0.00970,270.41,52.88,0.5651835199999999,0.7177830703999999,2.22,2.235384e-08,1.258931e-08,2.949249e-08,1.580362e-08,124.98,111.91,11808.47,10573.82,62.46,55.07
5.10438,6,0.4267,0.017,0.016,5.296,5.939,0.9877,0.00970,270.41,52.88,0.5651824799999999,0.7177817496,2.22,2.245192e-08,1.262703e-08,2.956978e-08,1.582508e-08,124.58,111.61,11771.08,10545.17,62.24,54.90
5.10463,6,0.4268,0.017,0.016,5.296,5.939,0.9877,0.00970,270.41,52.88,0.5651814799999999,0.7177804795999999,2.22,2.251268e-08,1.26574e-08,2.964985e-08,1.58656e-08,124.53,111.60,11765.77,10544.31,62.20,54.90
5.10487,6,0.4268,0.017,0.016,5.296,5.939,0.9877,0.00970,270.41,52.88,0.56518052,0.7177792604,2.22,2.259821e-08,1.268861e-08,2.973225e-08,1.591031e-08,124.15,111.61,11730.12,10545.19,61.99,54.90
5.10513,6,0.4268,0.017,0.016,5.296,5.939,0.9877,0.00970,270.41,52.88,0.56517948,0.7177779395999999,2.22,2.264093e-08,1.271975e-08,2.98236e-08,1.594678e-08,124.31,111.42,11745.19,10527.56,62.08,54.80
5.10538,6,0.4269,0.017,0.016,5.296,5.939,0.9877,0.00970,270.41,52.88,0.5651784799999999,0.7177766696,2.22,2.270528e-08,1.274262e-08,2.988874e-08,1.597216e-08,124.04,111.30,11720.06,10516.65,61.93,54.73
5.10562,6,0.4269,0.017,0.016,5.296,5.939,0.9877,0.00970,270.41,52.88,0.56517752,0.7177754504,2.22,2.278474e-08,1.27784e-08,2.99808e-08,1.601956e-08,123.85,111.28,11701.66,10514.12,61.82,54.72
5.10588,6,0.4269,0.017,0.016,5.296,5.939,0.9877,0.00970,270.41,52.88,0.56517648,0.7177741296,2.22,2.281974e-08,1.280817e-08,3.006626e-08,1.605131e-08,124.07,111.07,11722.80,10494.59,61.95,54.60
5.10612,6,0.4270,0.017,0.016,5.296,5.939,0.9877,0.00970,270.41,52.88,0.5651755199999999,0.7177729103999999,2.22,2.288726e-08,1.283044e-08,3.016894e-08,1.609202e-08,123.76,110.89,11693.08,10477.34,61.77,54.50
5.10637,6,0.4270,0.017,0.016,5.296,5.939,0.9877,0.00970,270.41,52.88,0.56517452,0.7177716404000001,2.22,2.293754e-08,1.284216e-08,3.024211e-08,1.613779e-08,123.40,110.99,11659.06,10486.73,61.57,54.55
5.10663,6,0.4270,0.017,0.016,5.296,5.939,0.9877,0.00970,270.41,52.88,0.56517348,0.7177703196,2.22,2.298215e-08,1.28742e-08,3.035107e-08,1.616688e-08,123.55,110.56,11673.61,10446.48,61.65,54.31
5.10687,6,0.4271,0.017,0.016,5.295,5.939,0.9877,0.00970,270.41,52.88,0.56517252,0.7177691004,2.22,2.305622e-08,1.289674e-08,3.04074e-08,1.623652e-08,123.17,111.17,11637.46,10503.79,61.44,54.65
5.10712,6,0.4271,0.017,0.016,5.295,5.939,0.9877,0.00970,270.41,52.88,0.5651715199999999,0.7177678303999999,2.22,2.309536e-08,1.291741e-08,3.052023e-08,1.62696e-08,123.14,110.77,11634.96,10466.29,61.42,54.43
5.10738,6,0.4271,0.017,0.016,5.295,5.939,0.9877,0.00970,270.41,52.88,0.5651704799999999,0.7177665095999999,2.22,2.313378e-08,1.293681e-08,3.064351e-08,1.632382e-08,123.10,110.61,11630.70,10450.52,61.40,54.34
5.10762,6,0.4272,0.017,0.016,5.295,5.939,0.9877,0.00970,270.41,52.88,0.56516952,0.7177652904,2.22,2.316849e-08,1.29525e-08,3.074647e-08,1.636935e-08,123.04,110.50,11625.85,10440.25,61.37,54.27
5.10787,6,0.4272,0.017,0.016,5.295,5.939,0.9877,0.00970,270.41,52.88,0.56516852,0.7177640204,2.22,2.321774e-08,1.298179e-08,3.08499e-08,1.642477e-08,123.08,110.50,11629.42,10440.73,61.39,54.28
5.10813,6,0.4272,0.017,0.016,5.295,5.939,0.9877,0.00970,270.41,52.88,0.5651674799999999,0.7177626995999999,2.22,2.325786e-08,1.298003e-08,3.095638e-08,1.647065e-08,122.56,110.35,11580.46,10426.10,61.09,54.19
5.10837,6,0.4273,0.017,0.016,5.295,5.939,0.9877,0.00970,270.41,52.88,0.56516652,0.7177614804,2.22,2.329745e-08,1.300601e-08,3.106906e-08,1.652016e-08,122.68,110.22,11591.00,10414.47,61.16,54.12
5.10862,6,0.4273,0.017,0.016,5.295,5.939,0.9877,0.00970,270.41,52.88,0.56516552,0.7177602103999999,2.22,2.334467e-08,1.301787e-08,3.120535e-08,1.658944e-08,122.37,110.18,11561.85,10410.20,60.98,54.09
5.10888,6,0.4273,0.017,0.016,5.295,5.939,0.9877,0.00970,270.41,52.88,0.56516448,0.7177588896,2.22,2.3405e-08,1.303561e-08,3.132566e-08,1.665111e-08,122.03,110.15,11530.05,10407.14,60.79,54.08
5.10912,6,0.4274,0.017,0.016,5.295,5.939,0.9877,0.00970,270.41,52.88,0.5651635199999999,0.7177576703999999,2.22,2.339415e-08,1.305264e-08,3.147236e-08,1.670161e-08,122.55,109.79,11578.95,10373.15,61.08,53.87
5.10938,6,0.4274,0.017,0.016,5.295,5.939,0.9877,0.00970,270.41,52.88,0.5651624799999999,0.7177563495999999,2.22,2.346893e-08,1.307415e-08,3.157517e-08,1.677591e-08,122.12,110.06,11538.59,10399.22,60.84,54.03
5.10963,6,0.4274,0.017,0.016,5.295,5.939,0.9877,0.00970,270.41,52.88,0.56516148,0.7177550796,2.22,2.34872e-08,1.3089e-08,3.173151e-08,1.682412e-08,122.22,109.58,11547.90,10353.46,60.90,53.75
5.10987,6,0.4275,0.017,0.016,5.295,5.939,0.9877,0.00970,270.41,52.88,0.5651605199999999,0.7177538603999999,2.22,2.352048e-08,1.310196e-08,3.186782e-08,1.689294e-08,122.13,109.56,11539.49,10351.38,60.85,53.74
5.11013,6,0.4275,0.017,0.016,5.295,5.939,0.9877,0.00970,270.41,52.88,0.5651594799999999,0.7177525396,2.22,2.356978e-08,1.311536e-08,3.199668e-08,1.696177e-08,121.84,109.56,11511.62,10352.06,60.68,53.75
5.11038,6,0.4276,0.017,0.016,5.295,5.939,0.9877,0.00970,270.41,52.88,0.5651584799999999,0.7177512695999999,2.22,2.360528e-08,1.313396e-08,3.214085e-08,1.703348e-08,121.84,109.52,11512.04,10348.38,60.68,53.72
5.11062,6,0.4276,0.017,0.016,5.295,5.939,0.9877,0.00970,270.41,52.88,0.56515752,0.7177500504,2.22,2.363178e-08,1.314276e-08,3.228453e-08,1.71082e-08,121.72,109.50,11500.31,10346.55,60.61,53.71
5.11088,6,0.4276,0.017,0.016,5.295,5.939,0.9877,0.00970,270.41,52.88,0.56515648,0.7177487295999999,2.22,2.365594e-08,1.316214e-08,3.244173e-08,1.717345e-08,121.84,109.26,11512.02,10323.46,60.68,53.57
5.11113,6,0.4277,0.017,0.016,5.295,5.939,0.9877,0.00970,270.41,52.88,0.5651554799999999,0.7177474596,2.22,2.370816e-08,1.318192e-08,3.260348e-08,1.724801e-08,121.68,109.14,11496.48,10311.82,60.59,53.50
5.11137,6,0.4277,0.017,0.016,5.295,5.939,0.9877,0.00970,270.41,52.88,0.56515452,0.7177462404,2.22,2.374578e-08,1.319591e-08,3.276887e-08,1.73341e-08,121.53,109.12,11482.90,10310.05,60.51,53.49
5.11163,6,0.4277,0.017,0.016,5.295,5.939,0.9877,0.00970,270.41,52.88,0.56515348,0.7177449196,2.22,2.378976e-08,1.320877e-08,3.288899e-08,1.738928e-08,121.29,109.01,11460.29,10299.53,60.37,53.43
5.11188,6,0.4278,0.017,0.016,5.294,5.939,0.9877,0.00970,270.41,52.88,0.56515248,0.7177436495999999,2.22,2.383661e-08,1.323027e-08,3.304702e-08,1.749925e-08,121.23,109.38,11454.18,10335.04,60.34,53.64
5.11212,6,0.4278,0.017,0.016,5.294,5.939,0.9877,0.00970,270.41,52.88,0.5651515199999999,0.7177424303999999,2.22,2.386591e-08,1.324968e-08,3.321702e-08,1.755108e-08,121.29,108.88,11460.30,10287.47,60.37,53.36
5.11238,6,0.4278,0.017,0.016,5.294,5.939,0.9877,0.00970,270.41,52.88,0.56515048,0.7177411096,2.22,2.390106e-08,1.327419e-08,3.337688e-08,1.76245e-08,121.40,108.73,11470.01,10273.81,60.43,53.28
5.11263,6,0.4279,0.017,0.016,5.294,5.939,0.9877,0.00970,270.41,52.88,0.56514948,0.7177398396,2.22,2.394507e-08,1.328154e-08,3.354491e-08,1.769437e-08,121.07,108.52,11439.58,10253.06,60.25,53.15
5.11287,6,0.4279,0.017,0.016,5.294,5.939,0.9877,0.00970,270.41,52.88,0.5651485199999999,0.7177386203999999,2.22,2.397111e-08,1.331002e-08,3.369953e-08,1.778055e-08,121.36,108.57,11466.73,10258.70,60.41,53.19
5.11313,6,0.4279,0.017,0.016,5.294,5.939,0.9877,0.00970,270.41,52.88,0.5651474799999999,0.7177372995999999,2.22,2.402044e-08,1.332094e-08,3.382959e-08,1.785478e-08,121.02,108.65,11434.94,10265.53,60.22,53.23
5.11337,6,0.4280,0.017,0.016,5.294,5.939,0.9877,0.00970,270.41,52.88,0.56514652,0.7177360804,2.22,2.40686e-08,1.334648e-08,3.399406e-08,1.791814e-08,121.03,108.37,11435.37,10239.55,60.22,53.07
5.11362,6,0.4280,0.017,0.016,5.294,5.939,0.9877,0.00970,270.41,52.88,0.56514552,0.7177348104,2.22,2.411738e-08,1.337318e-08,3.414655e-08,1.798455e-08,121.02,108.19,11434.70,10222.77,60.22,52.97
5.11388,6,0.4280,0.017,0.016,5.294,5.939,0.9877,0.00970,270.41,52.88,0.56514448,0.7177334895999999,2.22,2.417147e-08,1.338634e-08,3.425691e-08,1.80543e-08,120.68,108.34,11402.51,10236.69,60.03,53.05
5.11412,6,0.4281,0.017,0.016,5.294,5.939,0.9877,0.00970,270.41,52.88,0.56514352,0.7177322704,2.22,2.421003e-08,1.34074e-08,3.443589e-08,1.813206e-08,120.70,108.16,11404.61,10219.34,60.04,52.95
5.11437,6,0.4281,0.017,0.016,5.294,5.939,0.9877,0.00970,270.41,52.88,0.56514252,0.7177310004,2.22,2.423864e-08,1.342897e-08,3.459958e-08,1.82031e-08,120.82,107.97,11415.52,10201.41,60.10,52.84
5.11463,6,0.4281,0.017,0.016,5.294,5.939,0.9877,0.00970,270.41,52.88,0.56514148,0.7177296796,2.22,2.428152e-08,1.344574e-08,3.469274e-08,1.826386e-08,120.68,108.12,11402.23,10215.28,60.02,52.93
5.11487,6,0.4282,0.017,0.016,5.294,5.939,0.9877,0.00970,270.41,52.88,0.5651405199999999,0.7177284603999999,2.22,2.430792e-08,1.345814e-08,3.484458e-08,1.831434e-08,120.66,107.77,11400.69,10183.08,60.02,52.73
5.11512,6,0.4282,0.017,0.016,5.294,5.939,0.9877,0.00970,270.41,52.88,0.56513952,0.7177271904,2.22,2.434895e-08,1.348931e-08,3.495591e-08,1.836788e-08,120.83,107.71,11416.72,10177.27,60.11,52.70
5.11538,6,0.4282,0.017,0.016,5.294,5.939,0.9877,0.00970,270.41,52.88,0.56513848,0.7177258696,2.22,2.440842e-08,1.35052e-08,3.509492e-08,1.843722e-08,120.49,107.67,11384.48,10172.96,59.92,52.67
5.11562,6,0.4283,0.017,0.016,5.294,5.939,0.9877,0.00970,270.41,52.88,0.56513752,0.7177246504,2.22,2.443404e-08,1.351995e-08,3.518237e-08,1.847866e-08,120.53,107.64,11388.22,10170.11,59.94,52.65
5.11587,6,0.4283,0.017,0.016,5.294,5.939,0.9877,0.00970,270.41,52.88,0.5651365199999999,0.7177233803999999,2.22,2.447004e-08,1.353773e-08,3.531389e-08,1.854291e-08,120.49,107.58,11384.19,10164.54,59.92,52.62
5.11613,6,0.4283,0.017,0.016,5.294,5.939,0.9877,0.00970,270.41,52.88,0.5651354799999999,0.7177220595999999,2.22,2.452e-08,1.354977e-08,3.543409e-08,1.858378e-08,120.18,107.31,11354.93,10138.98,59.74,52.47
5.11637,6,0.4284,0.017,0.016,5.294,5.939,0.9877,0.00970,270.41,52.88,0.56513452,0.7177208404,2.22,2.453653e-08,1.357345e-08,3.550765e-08,1.862456e-08,120.49,107.36,11384.85,10143.87,59.92,52.50
5.11662,6,0.4284,0.017,0.016,5.294,5.939,0.9877,0.00970,270.41,52.88,0.56513352,0.7177195703999999,2.22,2.458017e-08,1.358618e-08,3.561397e-08,1.868188e-08,120.27,107.38,11363.49,10145.65,59.79,52.51
5.11688,6,0.4284,0.017,0.016,5.294,5.939,0.9877,0.00970,270.41,52.88,0.5651324799999999,0.7177182496,2.22,2.460857e-08,1.359381e-08,3.568925e-08,1.870326e-08,120.11,107.16,11348.43,10125.03,59.70,52.38
5.11712,6,0.4285,0.017,0.016,5.293,5.939,0.9877,0.00970,270.41,52.88,0.56513152,0.7177170304,2.22,2.4628e-08,1.360794e-08,3.575397e-08,1.874024e-08,120.20,107.22,11357.41,10130.87,59.76,52.42
5.11738,6,0.4285,0.017,0.016,5.293,5.939,0.9877,0.00970,270.41,52.88,0.56513048,0.7177157096,2.22,2.462623e-08,1.361861e-08,3.582236e-08,1.876579e-08,120.43,107.10,11379.17,10119.20,59.89,52.35
5.11763,6,0.4285,0.017,0.016,5.293,5.939,0.9877,0.00970,270.41,52.88,0.56512948,0.7177144395999999,2.22,2.465628e-08,1.361736e-08,3.590902e-08,1.879368e-08,120.08,106.89,11345.86,10099.44,59.69,52.23
5.11787,6,0.4286,0.017,0.016,5.293,5.939,0.9877,0.00970,270.41,52.88,0.5651285199999999,0.7177132203999999,2.22,2.46791e-08,1.363162e-08,3.595847e-08,1.881493e-08,120.14,106.86,11351.59,10096.58,59.72,52.21
5.11813,6,0.4286,0.017,0.016,5.293,5.939,0.9877,0.00970,270.41,52.88,0.5651274799999999,0.7177118995999999,2.22,2.469664e-08,1.363353e-08,3.603588e-08,1.882684e-08,119.99,106.52,11337.14,10064.52,59.63,52.02
5.11838,6,0.4286,0.017,0.016,5.293,5.939,0.9877,0.00970,270.41,52.88,0.56512648,0.7177106296,2.22,2.470691e-08,1.362788e-08,3.607495e-08,1.885633e-08,119.77,106.63,11316.16,10074.68,59.51,52.08
5.11862,6,0.4287,0.017,0.016,5.293,5.939,0.9877,0.00970,270.41,52.88,0.5651255199999999,0.7177094103999999,2.22,2.470606e-08,1.362525e-08,3.612939e-08,1.887416e-08,119.75,106.53,11314.79,10065.16,59.50,52.03
5.11888,6,0.4287,0.017,0.016,5.293,5.939,0.9877,0.00970,270.41,52.88,0.5651244799999999,0.7177080895999999,2.22,2.471082e-08,1.361262e-08,3.617804e-08,1.887416e-08,119.45,106.23,11286.59,10036.86,59.33,51.86
5.11913,6,0.4287,0.017,0.016,5.293,5.939,0.9877,0.00970,270.41,52.88,0.56512348,0.7177068196,2.22,2.470393e-08,1.361031e-08,3.623939e-08,1.888059e-08,119.48,105.93,11289.34,10008.51,59.35,51.69
5.11937,6,0.4288,0.017,0.016,5.293,5.939,0.9877,0.00970,270.41,52.88,0.56512252,0.7177056004,2.22,2.47075e-08,1.360681e-08,3.626754e-08,1.889606e-08,119.40,105.96,11281.88,10011.74,59.30,51.71
5.11963,6,0.4288,0.017,0.016,5.293,5.939,0.9877,0.00970,270.41,52.88,0.56512148,0.7177042795999999,2.22,2.468276e-08,1.358699e-08,3.630241e-08,1.890474e-08,119.28,105.85,11270.44,10001.26,59.23,51.64
5.11988,6,0.4288,0.017,0.016,5.293,5.939,0.9877,0.00970,270.41,52.88,0.5651204799999999,0.7177030095999999,2.22,2.467316e-08,1.358089e-08,3.631316e-08,1.890406e-08,119.27,105.78,11268.93,9994.33,59.23,51.60
5.12012,6,0.4289,0.017,0.016,5.293,5.939,0.9877,0.00970,270.41,52.88,0.56511952,0.7177017904,2.22,2.464957e-08,1.356086e-08,3.634408e-08,1.890637e-08,119.16,105.64,11258.55,9981.48,59.16,51.52
5.12038,6,0.4289,0.017,0.016,5.293,5.939,0.9877,0.00970,270.41,52.88,0.56511848,0.7177004696,2.22,2.462032e-08,1.354467e-08,3.638191e-08,1.892046e-08,119.16,105.58,11258.37,9975.34,59.16,51.49
5.12063,6,0.4289,0.017,0.016,5.293,5.939,0.9877,0.00970,270.41,52.88,0.56511748,0.7176991996,2.22,2.45998e-08,1.352655e-08,3.642356e-08,1.892235e-08,119.02,105.35,11245.74,9953.67,59.09,51.36
5.12087,6,0.4290,0.017,0.016,5.293,5.939,0.9877,0.00970,270.41,52.88,0.56511652,0.7176979804,2.22,2.457456e-08,1.350279e-08,3.643128e-08,1.89118e-08,118.86,105.20,11230.11,9940.06,58.99,51.28
5.12113,6,0.4290,0.017,0.016,5.293,5.939,0.9877,0.00970,270.41,52.88,0.56511548,0.7176966596000001,2.22,2.453588e-08,1.347377e-08,3.643844e-08,1.891465e-08,118.70,105.19,11215.76,9939.12,58.91,51.27
5.12137,6,0.4290,0.017,0.016,5.293,5.939,0.9877,0.00970,270.41,52.88,0.56511452,0.7176954404,2.22,2.449918e-08,1.344005e-08,3.644799e-08,1.891476e-08,118.44,105.14,11190.70,9933.82,58.76,51.24
5.12162,6,0.4291,0.017,0.016,5.293,5.939,0.9877,0.00970,270.41,52.88,0.5651135199999999,0.7176941703999999,2.22,2.447048e-08,1.34168e-08,3.649273e-08,1.89258e-08,118.32,105.02,11179.46,9922.87,58.69,51.17
5.12188,6,0.4291,0.017,0.016,5.293,5.939,0.9877,0.00970,270.41,52.88,0.5651124799999999,0.7176928495999999,2.22,2.443275e-08,1.337463e-08,3.651321e-08,1.891468e-08,117.90,104.77,11139.85,9899.23,58.45,51.03
5.12212,6,0.4291,0.017,0.016,5.293,5.939,0.9877,0.00970,270.41,52.88,0.56511152,0.7176916304,2.22,2.437595e-08,1.335087e-08,3.653085e-08,1.891273e-08,118.04,104.64,11153.38,9887.20,58.53,50.96
5.12237,6,0.4292,0.017,0.016,5.292,5.939,0.9877,0.00970,270.41,52.88,0.56511052,0.7176903603999999,2.22,2.433094e-08,1.331729e-08,3.657599e-08,1.892237e-08,117.90,104.51,11139.47,9874.65,58.45,50.88
5.12263,6,0.4292,0.017,0.016,5.292,5.939,0.9877,0.00970,270.41,52.88,0.5651094799999999,0.7176890396,2.22,2.428591e-08,1.328066e-08,3.658946e-08,1.890291e-08,117.66,104.21,11117.31,9846.13,58.32,50.71
5.12287,6,0.4292,0.017,0.016,5.292,5.939,0.9877,0.00970,270.41,52.88,0.56510852,0.7176878204,2.22,2.422848e-08,1.323112e-08,3.661797e-08,1.889276e-08,117.31,103.93,11083.78,9819.38,58.12,50.55
5.12312,6,0.4293,0.017,0.016,5.292,5.939,0.9877,0.00970,270.41,52.88,0.56510752,0.7176865504,2.22,2.417845e-08,1.320488e-08,3.662979e-08,1.891035e-08,117.36,104.08,11088.37,9834.01,58.14,50.64
5.12338,6,0.4293,0.017,0.016,5.292,5.939,0.9877,0.00970,270.41,52.88,0.56510648,0.7176852295999999,2.22,2.412126e-08,1.315689e-08,3.667556e-08,1.890635e-08,117.03,103.77,11057.34,9804.39,57.96,50.46
5.12362,6,0.4293,0.017,0.016,5.292,5.939,0.9877,0.00970,270.41,52.88,0.5651055199999999,0.7176840103999998,2.22,2.405757e-08,1.311624e-08,3.667828e-08,1.890265e-08,116.91,103.71,11046.39,9798.93,57.89,50.43
5.12387,6,0.4294,0.017,0.016,5.292,5.939,0.9877,0.00970,270.41,52.88,0.56510452,0.7176827404,2.22,2.400446e-08,1.308109e-08,3.668752e-08,1.890003e-08,116.82,103.65,11037.47,9793.32,57.84,50.40
5.12413,6,0.4294,0.017,0.016,5.292,5.939,0.9877,0.00970,270.41,52.88,0.56510348,0.7176814196,2.22,2.395026e-08,1.303715e-08,3.675287e-08,1.891895e-08,116.53,103.48,11010.74,9777.60,57.68,50.30
5.12437,6,0.4295,0.017,0.016,5.292,5.939,0.9877,0.00970,270.41,52.88,0.5651025199999999,0.7176802003999999,2.22,2.389244e-08,1.299114e-08,3.676209e-08,1.891062e-08,116.28,103.36,10986.32,9765.96,57.53,50.23
5.12462,6,0.4295,0.017,0.016,5.292,5.939,0.9877,0.00970,270.41,52.88,0.5651015199999999,0.7176789303999999,2.22,2.382017e-08,1.295563e-08,3.679979e-08,1.891681e-08,116.35,103.21,10993.36,9751.95,57.57,50.15
5.12488,6,0.4295,0.017,0.016,5.292,5.939,0.9877,0.00970,270.41,52.88,0.5651004799999999,0.7176776095999999,2.22,2.374292e-08,1.290971e-08,3.68516e-08,1.890523e-08,116.27,102.78,10986.08,9711.55,57.53,49.91
5.12512,6,0.4296,0.017,0.016,5.292,5.939,0.9877,0.00970,270.41,52.88,0.56509952,0.7176763904,2.22,2.371163e-08,1.285165e-08,3.688039e-08,1.893149e-08,115.49,102.94,10912.25,9725.94,57.09,49.99
5.12538,6,0.4296,0.017,0.016,5.292,5.939,0.9877,0.00970,270.41,52.88,0.56509848,0.7176750695999999,2.22,2.363512e-08,1.280973e-08,3.691671e-08,1.89256e-08,115.48,102.66,10911.41,9700.10,57.08,49.84
5.12563,6,0.4296,0.017,0.016,5.292,5.939,0.9877,0.00970,270.41,52.88,0.5650974799999999,0.7176737995999999,2.22,2.35809e-08,1.27745e-08,3.691776e-08,1.892104e-08,115.37,102.61,10900.52,9694.74,57.02,49.81
5.12587,6,0.4297,0.017,0.016,5.292,5.939,0.9877,0.00970,270.41,52.88,0.56509652,0.7176725804,2.22,2.34999e-08,1.272057e-08,3.693709e-08,1.892084e-08,115.20,102.52,10884.30,9686.38,56.92,49.76
5.12613,6,0.4297,0.017,0.016,5.292,5.939,0.9877,0.00970,270.42,52.88,0.56509548,0.7176712596,2.22,2.343097e-08,1.267238e-08,3.70237e-08,1.89282e-08,114.98,102.11,10863.97,9647.71,56.80,49.53
5.12638,6,0.4297,0.017,0.016,5.292,5.939,0.9877,0.00970,270.42,52.88,0.56509448,0.7176699896,2.22,2.338904e-08,1.263772e-08,3.701828e-08,1.892184e-08,114.74,102.07,10841.58,9643.97,56.67,49.50
5.12662,6,0.4298,0.017,0.016,5.292,5.939,0.9877,0.00970,270.42,52.88,0.56509352,0.7176687704,2.22,2.330497e-08,1.25912e-08,3.702687e-08,1.894092e-08,114.75,102.25,10842.05,9661.54,56.67,49.61
5.12688,6,0.4298,0.017,0.016,5.292,5.939,0.9877,0.00970,270.42,52.88,0.56509248,0.7176674496000001,2.22,2.323238e-08,1.25422e-08,3.704782e-08,1.891614e-08,114.55,101.86,10823.69,9624.56,56.56,49.39
5.12713,6,0.4298,0.017,0.016,5.292,5.939,0.9877,0.00970,270.42,52.88,0.56509148,0.7176661796,2.22,2.318615e-08,1.249773e-08,3.707113e-08,1.890843e-08,114.17,101.65,10787.09,9604.21,56.34,49.27
5.12737,6,0.4299,0.017,0.016,5.291,5.939,0.9877,0.00970,270.42,52.88,0.5650905199999999,0.7176649603999999,2.22,2.310767e-08,1.245765e-08,3.707339e-08,1.891556e-08,114.24,101.74,10793.77,9612.65,56.38,49.32
5.12763,6,0.4299,0.017,0.016,5.291,5.939,0.9877,0.00970,270.42,52.88,0.5650894799999999,0.7176636395999999,2.22,2.30447e-08,1.240065e-08,3.709136e-08,1.889665e-08,113.78,101.43,10750.41,9583.57,56.12,49.14
5.12788,6,0.4299,0.017,0.016,5.291,5.939,0.9877,0.00970,270.42,52.88,0.56508848,0.7176623696,2.22,2.296493e-08,1.236337e-08,3.708887e-08,1.8882e-08,113.89,101.28,10761.05,9569.74,56.18,49.06
5.12812,6,0.4300,0.017,0.016,5.291,5.939,0.9877,0.00970,270.42,52.88,0.56508752,0.7176611504,2.22,2.288371e-08,1.231292e-08,3.706454e-08,1.885401e-08,113.78,101.14,10750.84,9555.86,56.12,48.98
5.12838,6,0.4300,0.017,0.016,5.291,5.939,0.9877,0.00970,270.42,52.88,0.56508648,0.7176598296,2.22,2.282307e-08,1.226284e-08,3.705254e-08,1.884059e-08,113.43,101.06,10717.82,9548.31,55.93,48.93
5.12863,6,0.4300,0.017,0.016,5.291,5.939,0.9877,0.00970,270.42,52.88,0.5650854799999999,0.7176585595999999,2.22,2.272275e-08,1.220446e-08,3.702979e-08,1.879921e-08,113.34,100.73,10709.32,9517.61,55.87,48.75
5.12887,6,0.4301,0.017,0.016,5.291,5.939,0.9877,0.00970,270.42,52.88,0.56508452,0.7176573404,2.22,2.264727e-08,1.215323e-08,3.697905e-08,1.876822e-08,113.16,100.70,10691.50,9514.43,55.77,48.73
5.12913,6,0.4301,0.017,0.016,5.291,5.939,0.9877,0.00970,270.42,52.88,0.56508348,0.7176560196,2.22,2.254975e-08,1.20852e-08,3.689178e-08,1.871574e-08,112.84,100.61,10661.61,9505.99,55.59,48.68
5.12937,6,0.4301,0.017,0.016,5.291,5.939,0.9877,0.00970,270.42,52.88,0.5650825199999999,0.7176548004,2.22,2.245057e-08,1.203283e-08,3.681991e-08,1.867236e-08,112.86,100.53,10663.11,9498.85,55.60,48.63
5.12962,6,0.4302,0.017,0.016,5.291,5.939,0.9877,0.00970,270.42,52.88,0.56508152,0.7176535304,2.22,2.233884e-08,1.196059e-08,3.672383e-08,1.860543e-08,112.63,100.36,10641.90,9482.23,55.47,48.53
5.12988,6,0.4302,0.017,0.016,5.291,5.939,0.9877,0.00970,270.42,52.88,0.56508048,0.7176522096,2.22,2.222337e-08,1.190284e-08,3.662525e-08,1.853615e-08,112.71,100.15,10649.74,9462.22,55.52,48.42
5.13012,6,0.4302,0.017,0.016,5.291,5.939,0.9877,0.00970,270.42,52.88,0.56507952,0.7176509903999999,2.22,2.210858e-08,1.183747e-08,3.64809e-08,1.845373e-08,112.63,100.04,10642.22,9452.51,55.47,48.36
5.13037,6,0.4303,0.017,0.016,5.291,5.939,0.9877,0.00970,270.42,52.88,0.5650785199999999,0.7176497203999999,2.22,2.200624e-08,1.176607e-08,3.633124e-08,1.837634e-08,112.32,100.05,10612.45,9452.95,55.29,48.36
5.13063,6,0.4303,0.017,0.016,5.291,5.939,0.9877,0.00970,270.42,52.88,0.5650774799999999,0.7176483995999999,2.22,2.189581e-08,1.169526e-08,3.614294e-08,1.828504e-08,112.08,100.09,10589.56,9457.08,55.16,48.38
5.13087,6,0.4303,0.017,0.016,5.291,5.939,0.9877,0.00970,270.42,52.88,0.56507652,0.7176471804,2.22,2.177738e-08,1.163419e-08,3.600899e-08,1.818183e-08,112.12,99.70,10593.83,9419.91,55.18,48.16
5.13112,6,0.4304,0.017,0.016,5.291,5.939,0.9877,0.00970,270.42,52.88,0.5650755199999999,0.7176459103999999,2.22,2.168798e-08,1.158544e-08,3.583222e-08,1.809406e-08,112.13,99.74,10594.35,9423.67,55.19,48.18
5.13138,6,0.4304,0.017,0.016,5.291,5.939,0.9877,0.00970,270.42,52.88,0.5650744799999999,0.7176445895999999,2.22,2.162975e-08,1.153606e-08,3.567777e-08,1.800167e-08,111.75,99.58,10558.45,9408.47,54.97,48.09
5.13162,6,0.4304,0.017,0.016,5.291,5.939,0.9877,0.00970,270.42,52.88,0.56507352,0.7176433704,2.22,2.159399e-08,1.150586e-08,3.555072e-08,1.793223e-08,111.52,99.52,10536.61,9402.82,54.84,48.06
5.13187,6,0.4305,0.017,0.016,5.291,5.939,0.9877,0.00970,270.42,52.88,0.56507252,0.7176421004,2.22,2.156367e-08,1.148991e-08,3.543744e-08,1.78698e-08,111.55,99.48,10539.46,9399.39,54.86,48.04
5.13213,6,0.4305,0.017,0.016,5.291,5.939,0.9877,0.00970,270.42,52.88,0.56507148,0.7176407796,2.22,2.155387e-08,1.147508e-08,3.536586e-08,1.78184e-08,111.35,99.31,10520.60,9383.13,54.74,47.94
5.13237,6,0.4305,0.017,0.016,5.291,5.939,0.9877,0.00970,270.42,52.88,0.5650705199999999,0.7176395603999999,2.22,2.155054e-08,1.147278e-08,3.533091e-08,1.780417e-08,111.34,99.35,10519.57,9386.72,54.74,47.96
5.13262,6,0.4306,0.017,0.016,5.290,5.939,0.9877,0.00970,270.42,52.88,0.56506952,0.7176382904,2.22,2.155844e-08,1.147661e-08,3.536191e-08,1.780774e-08,111.35,99.23,10521.28,9376.11,54.75,47.90
5.13288,6,0.4306,0.017,0.016,5.290,5.939,0.9877,0.00970,270.42,52.88,0.56506848,0.7176369696,2.22,2.155875e-08,1.146675e-08,3.53911e-08,1.779142e-08,111.15,98.89,10501.64,9343.30,54.63,47.70
5.13312,6,0.4306,0.017,0.016,5.290,5.939,0.9877,0.00970,270.42,52.88,0.5650675199999999,0.7176357503999999,2.22,2.155357e-08,1.146435e-08,3.541003e-08,1.781658e-08,111.15,99.06,10502.34,9359.82,54.63,47.80
5.13338,6,0.4307,0.017,0.016,5.290,5.939,0.9877,0.00970,270.42,52.88,0.5650664799999999,0.7176344295999999,2.22,2.155953e-08,1.145703e-08,3.544872e-08,1.783512e-08,110.96,99.07,10484.27,9361.02,54.53,47.81
5.13363,6,0.4307,0.017,0.016,5.290,5.939,0.9877,0.00970,270.42,52.88,0.56506548,0.7176331596000001,2.22,2.153513e-08,1.14497e-08,3.553447e-08,1.783746e-08,111.08,98.62,10495.30,9318.12,54.59,47.55
5.13387,6,0.4307,0.017,0.016,5.290,5.939,0.9877,0.00970,270.42,52.88,0.56506452,0.7176319404,2.22,2.15345e-08,1.143923e-08,3.55056e-08,1.783745e-08,110.87,98.78,10475.48,9333.33,54.47,47.64
5.13413,6,0.4308,0.017,0.016,5.290,5.939,0.9877,0.00970,270.42,52.88,0.56506348,0.7176306196,2.22,2.15099e-08,1.141852e-08,3.552459e-08,1.784476e-08,110.74,98.78,10462.97,9333.16,54.40,47.64
5.13438,6,0.4308,0.017,0.016,5.290,5.939,0.9877,0.00970,270.42,52.88,0.5650624799999999,0.7176293495999999,2.22,2.145784e-08,1.138987e-08,3.549599e-08,1.782899e-08,110.72,98.76,10460.99,9331.68,54.39,47.63
5.13462,6,0.4308,0.017,0.016,5.290,5.939,0.9877,0.00970,270.42,52.88,0.56506152,0.7176281304,2.22,2.14399e-08,1.136378e-08,3.548099e-08,1.781164e-08,110.37,98.65,10428.58,9321.36,54.19,47.57
5.13488,6,0.4309,0.017,0.016,5.290,5.939,0.9877,0.00970,270.42,52.88,0.56506048,0.7176268096,2.22,2.137541e-08,1.134175e-08,3.543492e-08,1.777704e-08,110.65,98.55,10454.84,9311.46,54.35,47.51
5.13513,6,0.4309,0.017,0.016,5.290,5.939,0.9877,0.00970,270.42,52.88,0.56505948,0.7176255396,2.22,2.132907e-08,1.130776e-08,3.537828e-08,1.77457e-08,110.46,98.52,10436.35,9308.38,54.24,47.49
5.13537,6,0.4309,0.017,0.016,5.290,5.939,0.9877,0.00971,270.42,52.88,0.56505852,0.7176243204,2.22,2.129114e-08,1.127689e-08,3.53334e-08,1.771728e-08,110.23,98.45,10415.20,9302.15,54.11,47.46
5.13563,6,0.4310,0.017,0.016,5.290,5.939,0.9877,0.00971,270.42,52.88,0.56505748,0.7176229996,2.22,2.12325e-08,1.124436e-08,3.526535e-08,1.767975e-08,110.23,98.44,10414.72,9300.72,54.11,47.45
5.13588,6,0.4310,0.017,0.016,5.290,5.939,0.9877,0.00971,270.42,52.88,0.56505648,0.7176217295999999,2.22,2.115244e-08,1.119867e-08,3.517944e-08,1.762163e-08,110.16,98.27,10408.22,9284.81,54.07,47.35
5.13612,6,0.4310,0.017,0.016,5.290,5.939,0.9877,0.00971,270.42,52.88,0.5650555199999999,0.7176205104,2.22,2.108247e-08,1.116493e-08,3.511149e-08,1.759738e-08,110.23,98.38,10414.77,9295.17,54.11,47.41
5.13638,6,0.4311,0.017,0.016,5.290,5.939,0.9877,0.00971,270.42,52.88,0.5650544799999999,0.7176191895999999,2.22,2.101953e-08,1.112359e-08,3.504249e-08,1.753017e-08,110.08,98.03,10401.26,9262.77,54.03,47.22
5.13663,6,0.4311,0.017,0.016,5.290,5.939,0.9877,0.00971,270.42,52.88,0.56505348,0.7176179196,2.22,2.094322e-08,1.107036e-08,3.494433e-08,1.749513e-08,109.81,98.19,10375.69,9277.69,53.88,47.31
5.13687,6,0.4311,0.017,0.016,5.290,5.939,0.9877,0.00971,270.42,52.88,0.56505252,0.7176167003999999,2.22,2.086497e-08,1.103214e-08,3.48565e-08,1.744144e-08,109.88,98.08,10381.96,9267.35,53.91,47.25
5.13713,6,0.4312,0.017,0.016,5.289,5.939,0.9877,0.00971,270.42,52.88,0.5650514799999999,0.7176153795999999,2.22,2.080235e-08,1.099635e-08,3.4768e-08,1.739242e-08,109.85,98.05,10379.00,9264.45,53.89,47.23
5.13737,6,0.4312,0.017,0.016,5.289,5.939,0.9877,0.00971,270.42,52.88,0.56505052,0.7176141604,2.22,2.071172e-08,1.094049e-08,3.46759e-08,1.733814e-08,109.68,97.96,10363.02,9255.68,53.80,47.18
5.13762,6,0.4312,0.017,0.016,5.289,5.939,0.9877,0.00971,270.42,52.88,0.56504952,0.7176128904,2.22,2.062723e-08,1.089727e-08,3.457373e-08,1.728718e-08,109.71,97.96,10365.87,9255.82,53.82,47.18
5.13788,6,0.4313,0.017,0.016,5.289,5.939,0.9877,0.00971,270.42,52.88,0.56504848,0.7176115695999999,2.22,2.055631e-08,1.084973e-08,3.449504e-08,1.723194e-08,109.52,97.80,10347.90,9240.92,53.71,47.09
5.13812,6,0.4313,0.017,0.016,5.289,5.939,0.9877,0.00971,270.42,52.88,0.5650475199999999,0.7176103503999999,2.22,2.047717e-08,1.079981e-08,3.439562e-08,1.718641e-08,109.34,97.85,10331.39,9245.36,53.61,47.11
5.13837,6,0.4314,0.017,0.016,5.289,5.939,0.9877,0.00971,270.42,52.88,0.56504652,0.7176090804,2.22,2.038739e-08,1.075939e-08,3.429739e-08,1.713487e-08,109.52,97.84,10347.89,9244.85,53.71,47.11
5.13863,6,0.4314,0.017,0.016,5.289,5.939,0.9877,0.00971,270.42,52.88,0.56504548,0.7176077596,2.22,2.030334e-08,1.071117e-08,3.422692e-08,1.708732e-08,109.44,97.70,10340.00,9231.53,53.66,47.03
5.13887,6,0.4314,0.017,0.016,5.289,5.939,0.9877,0.00971,270.42,52.88,0.5650445199999999,0.7176065403999999,2.22,2.021944e-08,1.066793e-08,3.412924e-08,1.703387e-08,109.46,97.65,10342.09,9226.46,53.67,47.00
5.13912,6,0.4315,0.017,0.016,5.289,5.939,0.9877,0.00971,270.42,52.88,0.5650435199999999,0.7176052703999999,2.22,2.013741e-08,1.060975e-08,3.406005e-08,1.698981e-08,109.16,97.56,10313.83,9218.28,53.50,46.95
5.13938,6,0.4315,0.017,0.016,5.289,5.939,0.9877,0.00971,270.42,52.88,0.56504248,0.7176039496000001,2.22,2.006407e-08,1.056523e-08,3.395861e-08,1.693453e-08,109.03,97.51,10301.71,9213.20,53.43,46.92
5.13962,6,0.4315,0.017,0.015,5.289,5.939,0.9877,0.00971,270.42,52.88,0.56504152,0.7176027304,2.22,1.998132e-08,1.051515e-08,3.388364e-08,1.689273e-08,108.89,97.46,10288.37,9208.49,53.35,46.89
5.13987,6,0.4316,0.017,0.015,5.289,5.939,0.9877,0.00971,270.42,52.88,0.5650405199999999,0.7176014604,2.22,1.990711e-08,1.048258e-08,3.381325e-08,1.684086e-08,109.06,97.29,10304.21,9192.37,53.45,46.80
5.14013,6,0.4316,0.017,0.015,5.289,5.939,0.9877,0.00971,270.42,52.88,0.5650394799999999,0.7176001395999999,2.22,1.983277e-08,1.043884e-08,3.371994e-08,1.680098e-08,108.96,97.37,10294.64,9199.56,53.39,46.84
5.14037,6,0.4316,0.017,0.015,5.289,5.939,0.9877,0.00971,270.42,52.88,0.56503852,0.7175989204,2.22,1.975677e-08,1.038243e-08,3.365374e-08,1.675984e-08,108.59,97.27,10260.40,9190.65,53.19,46.79
5.14062,6,0.4317,0.017,0.015,5.289,5.939,0.9877,0.00971,270.42,52.88,0.56503752,0.7175976504,2.22,1.96634e-08,1.034575e-08,3.356042e-08,1.670754e-08,108.89,97.23,10288.74,9186.39,53.35,46.76
5.14088,6,0.4317,0.017,0.015,5.289,5.939,0.9877,0.00971,270.42,52.88,0.56503648,0.7175963296,2.22,1.961123e-08,1.030137e-08,3.350335e-08,1.667958e-08,108.52,97.23,10253.18,9186.89,53.14,46.77
5.14112,6,0.4317,0.017,0.015,5.289,5.939,0.9877,0.00971,270.42,52.88,0.56503552,0.7175951104,2.22,1.954176e-08,1.025652e-08,3.343911e-08,1.66369e-08,108.33,97.11,10235.61,9175.14,53.04,46.69
5.14138,6,0.4318,0.017,0.015,5.289,5.939,0.9877,0.00971,270.42,52.88,0.56503448,0.7175937896,2.22,1.944973e-08,1.021099e-08,3.335498e-08,1.659912e-08,108.42,97.18,10243.83,9181.75,53.09,46.73
5.14163,6,0.4318,0.017,0.015,5.289,5.939,0.9877,0.00971,270.42,52.88,0.56503348,0.7175925196,2.22,1.938395e-08,1.017259e-08,3.326511e-08,1.655166e-08,108.33,97.14,10235.64,9178.73,53.04,46.72
5.14187,6,0.4318,0.017,0.015,5.289,5.939,0.9877,0.00971,270.42,52.88,0.5650325199999999,0.7175913004,2.22,1.932517e-08,1.013265e-08,3.322283e-08,1.650839e-08,108.13,96.89,10216.35,9154.19,52.92,46.57
5.14213,6,0.4319,0.017,0.015,5.288,5.939,0.9877,0.00971,270.42,52.88,0.5650314799999999,0.7175899795999999,2.22,1.925738e-08,1.009674e-08,3.312347e-08,1.647227e-08,108.14,97.06,10217.94,9170.98,52.93,46.67
5.14238,6,0.4319,0.017,0.015,5.288,5.939,0.9877,0.00971,270.42,52.88,0.56503048,0.7175887096,2.22,1.918415e-08,1.006695e-08,3.30488e-08,1.642656e-08,108.34,96.96,10236.33,9161.46,53.04,46.61
5.14262,6,0.4319,0.017,0.015,5.288,5.939,0.9877,0.00971,270.42,52.88,0.56502952,0.7175874903999999,2.22,1.91374e-08,1.00228e-08,3.297351e-08,1.639283e-08,107.89,97.01,10194.34,9165.57,52.79,46.64
5.14288,6,0.4320,0.017,0.015,5.288,5.939,0.9877,0.00971,270.42,52.88,0.5650284799999999,0.7175861696,2.22,1.906283e-08,9.983116e-09,3.294388e-08,1.634789e-08,107.90,96.67,10195.35,9134.12,52.80,46.45
5.14313,6,0.4320,0.017,0.015,5.288,5.939,0.9877,0.00971,270.42,52.88,0.5650274799999999,0.7175848995999999,2.22,1.900651e-08,9.954446e-09,3.286156e-08,1.63038e-08,107.92,96.63,10197.13,9130.52,52.81,46.43
5.14337,6,0.4320,0.017,0.015,5.288,5.939,0.9877,0.00971,270.42,52.88,0.56502652,0.7175836804,2.22,1.895864e-08,9.91888e-09,3.275684e-08,1.62702e-08,107.68,96.85,10174.52,9151.01,52.67,46.55
5.14363,6,0.4321,0.017,0.015,5.288,5.939,0.9877,0.00971,270.42,52.88,0.56502548,0.7175823595999999,2.22,1.89016e-08,9.87769e-09,3.26961e-08,1.621144e-08,107.45,96.54,10152.42,9121.17,52.54,46.37
5.14388,6,0.4321,0.017,0.015,5.288,5.939,0.9877,0.00971,270.42,52.88,0.5650244799999999,0.7175810895999999,2.22,1.883713e-08,9.847652e-09,3.261984e-08,1.618301e-08,107.53,96.65,10160.31,9131.67,52.59,46.43
5.14412,6,0.4321,0.017,0.015,5.288,5.939,0.9877,0.00971,270.42,52.88,0.56502352,0.7175798704,2.22,1.87765e-08,9.822491e-09,3.254629e-08,1.613556e-08,107.68,96.52,10174.50,9119.37,52.67,46.36
5.14438,6,0.4322,0.017,0.015,5.288,5.939,0.9877,0.00971,270.42,52.88,0.56502248,0.7175785496,2.22,1.873124e-08,9.779909e-09,3.247778e-08,1.609097e-08,107.27,96.41,10135.77,9109.56,52.44,46.30
5.14462,6,0.4322,0.017,0.015,5.288,5.939,0.9877,0.00971,270.42,52.88,0.5650215199999999,0.7175773303999999,2.22,1.868174e-08,9.753248e-09,3.237976e-08,1.603754e-08,107.26,96.35,10133.99,9104.08,52.43,46.27
5.14487,6,0.4322,0.017,0.015,5.288,5.939,0.9877,0.00971,270.42,52.88,0.5650205199999999,0.7175760603999999,2.22,1.86205e-08,9.728987e-09,3.228868e-08,1.599058e-08,107.43,96.33,10150.82,9102.00,52.53,46.26
5.14513,6,0.4323,0.017,0.015,5.288,5.939,0.9877,0.00971,270.42,52.88,0.5650194799999999,0.7175747395999998,2.22,1.858193e-08,9.695604e-09,3.220965e-08,1.593243e-08,107.15,96.13,10124.24,9082.63,52.37,46.14
5.14537,6,0.4323,0.017,0.015,5.288,5.939,0.9877,0.00971,270.42,52.88,0.56501852,0.7175735204,2.22,1.853178e-08,9.667344e-09,3.21149e-08,1.588704e-08,107.10,96.15,10119.66,9084.30,52.34,46.15
5.14562,6,0.4323,0.017,0.015,5.288,5.939,0.9877,0.00971,270.42,52.88,0.5650175199999999,0.7175722504,2.22,1.846985e-08,9.636276e-09,3.202833e-08,1.58352e-08,107.13,96.04,10122.38,9074.08,52.36,46.09
5.14588,6,0.4324,0.017,0.015,5.288,5.939,0.9877,0.00971,270.42,52.88,0.5650164799999999,0.7175709295999999,2.22,1.843532e-08,9.612353e-09,3.193796e-08,1.577743e-08,107.02,95.90,10111.73,9061.31,52.29,46.01
5.14612,6,0.4324,0.017,0.015,5.288,5.939,0.9877,0.00971,270.42,52.88,0.56501552,0.7175697104,2.22,1.837607e-08,9.577098e-09,3.18282e-08,1.572749e-08,106.92,95.95,10102.11,9066.19,52.24,46.04
5.14637,6,0.4324,0.017,0.015,5.288,5.939,0.9877,0.00971,270.42,52.88,0.56501452,0.7175684404,2.22,1.833961e-08,9.553791e-09,3.173275e-08,1.566805e-08,106.82,95.81,10092.62,9052.17,52.18,45.96
5.14663,6,0.4325,0.017,0.015,5.288,5.939,0.9877,0.00971,270.42,52.88,0.56501348,0.7175671196,2.22,1.828469e-08,9.523072e-09,3.163943e-08,1.561567e-08,106.79,95.75,10090.29,9047.05,52.17,45.93
5.14687,6,0.4325,0.017,0.015,5.288,5.939,0.9877,0.00971,270.42,52.88,0.5650125199999999,0.7175659003999999,2.22,1.823667e-08,9.50151e-09,3.15194e-08,1.555935e-08,106.87,95.79,10097.93,9050.40,52.21,45.95
5.14712,6,0.4325,0.017,0.015,5.288,5.939,0.9877,0.00971,270.42,52.88,0.56501152,0.7175646304,2.22,1.818951e-08,9.465572e-09,3.140559e-08,1.549628e-08,106.61,95.70,10072.68,9042.46,52.06,45.90
5.14738,6,0.4326,0.017,0.015,5.287,5.939,0.9877,0.00971,270.42,52.88,0.56501048,0.7175633096,2.22,1.815922e-08,9.44071e-09,3.129353e-08,1.543958e-08,106.42,95.71,10054.80,9042.93,51.95,45.90
5.14762,6,0.4326,0.017,0.015,5.287,5.939,0.9877,0.00971,270.42,52.88,0.5650095199999999,0.7175620904,2.22,1.810643e-08,9.404967e-09,3.116073e-08,1.537695e-08,106.22,95.74,10036.36,9046.29,51.84,45.92
5.14787,6,0.4326,0.017,0.015,5.287,5.939,0.9877,0.00971,270.42,52.88,0.5650085199999999,0.7175608203999999,2.22,1.805413e-08,9.386233e-09,3.108116e-08,1.53128e-08,106.42,95.44,10055.15,9017.36,51.95,45.75
5.14813,6,0.4327,0.017,0.015,5.287,5.939,0.9877,0.00971,270.42,52.88,0.56500748,0.7175594996,2.22,1.800963e-08,9.356937e-09,3.094306e-08,1.524964e-08,106.30,95.52,10043.70,9025.13,51.89,45.80
5.14837,6,0.4327,0.017,0.015,5.287,5.939,0.9877,0.00971,270.42,52.88,0.56500652,0.7175582803999999,2.22,1.797329e-08,9.332239e-09,3.083281e-08,1.518938e-08,106.16,95.45,10030.69,9018.19,51.81,45.75
5.14863,6,0.4327,0.017,0.015,5.287,5.939,0.9877,0.00971,270.42,52.88,0.56500548,0.7175569596,2.22,1.793743e-08,9.295142e-09,3.072498e-08,1.511815e-08,105.72,95.22,9989.39,8996.95,51.56,45.63
5.14888,6,0.4328,0.017,0.015,5.287,5.939,0.9877,0.00971,270.42,52.88,0.5650044799999999,0.7175556895999999,2.22,1.787808e-08,9.28067e-09,3.060486e-08,1.504378e-08,106.14,95.05,10028.21,8981.09,51.79,45.53
5.14912,6,0.4328,0.017,0.015,5.287,5.939,0.9877,0.00971,270.42,52.88,0.56500352,0.7175544704,2.22,1.784435e-08,9.248333e-09,3.047381e-08,1.49793e-08,105.78,95.05,9994.89,8981.02,51.59,45.53
5.14938,6,0.4328,0.017,0.015,5.287,5.939,0.9877,0.00971,270.42,52.88,0.56500248,0.7175531495999999,2.22,1.778695e-08,9.221566e-09,3.037644e-08,1.493616e-08,105.85,95.11,10001.60,8986.60,51.63,45.56
5.14963,6,0.4329,0.017,0.015,5.287,5.939,0.9877,0.00971,270.42,52.88,0.56500148,0.7175518795999999,2.22,1.773783e-08,9.187604e-09,3.02515e-08,1.485871e-08,105.68,94.93,9984.74,8969.66,51.53,45.46
5.14987,6,0.4329,0.017,0.015,5.287,5.939,0.9877,0.00971,270.42,52.88,0.56500052,0.7175506604,2.22,1.769167e-08,9.165053e-09,3.012777e-08,1.479543e-08,105.71,94.90,9987.81,8966.67,51.55,45.44
5.15013,6,0.4329,0.017,0.015,5.287,5.939,0.9877,0.00971,270.42,52.88,0.56499948,0.7175493396,2.22,1.764774e-08,9.133967e-09,3.001641e-08,1.472646e-08,105.51,94.72,9968.95,8949.62,51.44,45.34
5.15038,6,0.4330,0.017,0.015,5.287,5.939,0.9877,0.00971,270.42,52.88,0.56499848,0.7175480696,2.22,1.760979e-08,9.10678e-09,2.99297e-08,1.467139e-08,105.35,94.58,9954.16,8936.70,51.35,45.27
5.15062,6,0.4330,0.017,0.015,5.287,5.939,0.9877,0.00971,270.42,52.88,0.5649975199999999,0.7175468503999999,2.22,1.756852e-08,9.080032e-09,2.979904e-08,1.461319e-08,105.22,94.66,9941.90,8943.72,51.28,45.31
5.15088,6,0.4330,0.017,0.015,5.287,5.939,0.9877,0.00971,270.42,52.88,0.5649964799999999,0.7175455296,2.22,1.75217e-08,9.048543e-09,2.969773e-08,1.454899e-08,105.05,94.47,9925.35,8926.25,51.18,45.20
5.15113,6,0.4331,0.017,0.015,5.287,5.939,0.9877,0.00971,270.42,52.88,0.56499548,0.7175442596,2.22,1.747686e-08,9.025979e-09,2.958491e-08,1.449226e-08,105.09,94.48,9928.99,8926.54,51.20,45.20
5.15137,6,0.4331,0.017,0.015,5.287,5.939,0.9877,0.00971,270.42,52.88,0.56499452,0.7175430403999999,2.22,1.742495e-08,8.993203e-09,2.945615e-08,1.444503e-08,104.94,94.68,9915.39,8945.78,51.12,45.32
5.15163,6,0.4332,0.017,0.015,5.287,5.939,0.9877,0.00971,270.42,52.88,0.5649934799999999,0.7175417195999999,2.22,1.737451e-08,8.961519e-09,2.939128e-08,1.438821e-08,104.83,94.38,9904.77,8917.43,51.05,45.15
5.15188,6,0.4332,0.017,0.015,5.287,5.939,0.9877,0.00971,270.42,52.88,0.5649924799999999,0.7175404495999999,2.22,1.734647e-08,8.940019e-09,2.927468e-08,1.432706e-08,104.66,94.33,9888.69,8912.47,50.96,45.12
5.15212,6,0.4332,0.017,0.015,5.287,5.939,0.9877,0.00971,270.42,52.88,0.56499152,0.7175392304,2.22,1.731513e-08,8.916078e-09,2.917646e-08,1.427926e-08,104.47,94.33,9870.90,8912.80,50.85,45.12
5.15238,6,0.4333,0.017,0.015,5.286,5.939,0.9877,0.00971,270.42,52.88,0.56499048,0.7175379096,2.22,1.724808e-08,8.893256e-09,2.909823e-08,1.423166e-08,104.78,94.23,9900.04,8903.44,51.03,45.07
5.15262,6,0.4333,0.017,0.015,5.286,5.939,0.9877,0.00971,270.42,52.88,0.5649895199999999,0.7175366903999999,2.22,1.721981e-08,8.865258e-09,2.900255e-08,1.418131e-08,104.45,94.19,9869.19,8899.08,50.84,45.04
5.15287,6,0.4333,0.017,0.015,5.286,5.939,0.9877,0.00971,270.42,52.88,0.56498852,0.7175354204,2.22,1.716647e-08,8.839864e-09,2.892679e-08,1.413465e-08,104.50,94.06,9873.95,8887.25,50.87,44.97
5.15313,6,0.4334,0.017,0.015,5.286,5.939,0.9877,0.00971,270.42,52.88,0.56498748,0.7175340996,2.22,1.712657e-08,8.817985e-09,2.884282e-08,1.409114e-08,104.49,94.05,9873.15,8886.24,50.86,44.96
5.15337,6,0.4334,0.017,0.015,5.286,5.939,0.9877,0.00971,270.42,52.88,0.5649865199999999,0.7175328804,2.22,1.709827e-08,8.792065e-09,2.875789e-08,1.40449e-08,104.22,93.99,9846.95,8880.37,50.71,44.93
5.15362,6,0.4334,0.017,0.015,5.286,5.939,0.9877,0.00971,270.42,52.88,0.5649855199999999,0.7175316103999999,2.22,1.706127e-08,8.771869e-09,2.870447e-08,1.400351e-08,104.19,93.79,9844.25,8861.45,50.69,44.81
5.15388,6,0.4335,0.017,0.015,5.286,5.939,0.9877,0.00971,270.42,52.88,0.56498448,0.7175302896,2.22,1.702103e-08,8.744935e-09,2.861511e-08,1.395464e-08,104.06,93.74,9832.07,8856.95,50.62,44.79
5.15412,6,0.4335,0.017,0.015,5.286,5.939,0.9877,0.00971,270.42,52.88,0.56498352,0.7175290703999999,2.22,1.699286e-08,8.725729e-09,2.857064e-08,1.393332e-08,103.94,93.74,9821.11,8857.41,50.55,44.79
5.15437,6,0.4335,0.017,0.015,5.286,5.939,0.9877,0.00971,270.42,52.88,0.5649825199999999,0.7175278004,2.22,1.695573e-08,8.704157e-09,2.849784e-08,1.389009e-08,103.88,93.64,9815.30,8847.80,50.52,44.73
5.15463,6,0.4336,0.017,0.015,5.286,5.939,0.9877,0.00971,270.42,52.88,0.5649814799999999,0.7175264795999999,2.22,1.692059e-08,8.679686e-09,2.843276e-08,1.386235e-08,103.75,93.72,9802.64,8854.80,50.44,44.77
5.15487,6,0.4336,0.017,0.015,5.286,5.939,0.9877,0.00971,270.42,52.88,0.56498052,0.7175252604,2.22,1.689765e-08,8.667359e-09,2.837971e-08,1.382977e-08,103.73,93.63,9801.34,8846.42,50.43,44.72
5.15512,6,0.4336,0.017,0.015,5.286,5.939,0.9877,0.00971,270.42,52.88,0.56497952,0.7175239903999999,2.22,1.686325e-08,8.641004e-09,2.832515e-08,1.379315e-08,103.52,93.50,9781.10,8833.89,50.31,44.65
5.15538,6,0.4337,0.017,0.015,5.286,5.939,0.9877,0.00971,270.42,52.88,0.56497848,0.7175226696,2.22,1.684432e-08,8.626608e-09,2.828186e-08,1.376851e-08,103.43,93.47,9772.44,8831.48,50.26,44.63
5.15562,6,0.4337,0.017,0.015,5.286,5.939,0.9877,0.00971,270.42,52.88,0.56497752,0.7175214504,2.22,1.68217e-08,8.603874e-09,2.822694e-08,1.37362e-08,103.15,93.40,9746.55,8824.50,50.11,44.59
5.15587,6,0.4337,0.017,0.015,5.286,5.939,0.9877,0.00971,270.42,52.88,0.56497652,0.7175201804,2.22,1.678495e-08,8.596571e-09,2.819553e-08,1.371355e-08,103.44,93.30,9773.30,8815.28,50.27,44.54
5.15613,6,0.4338,0.017,0.015,5.286,5.939,0.9877,0.00971,270.42,52.88,0.56497548,0.7175188596,2.22,1.677236e-08,8.576477e-09,2.815707e-08,1.367976e-08,103.13,93.12,9743.78,8798.42,50.09,44.44
5.15637,6,0.4338,0.017,0.015,5.286,5.939,0.9877,0.00971,270.42,52.88,0.5649745199999999,0.7175176403999999,2.22,1.676043e-08,8.570914e-09,2.813566e-08,1.366881e-08,103.14,93.11,9745.03,8797.73,50.10,44.43
5.15663,6,0.4338,0.017,0.015,5.286,5.939,0.9877,0.00971,270.42,52.88,0.5649734799999999,0.7175163196,2.22,1.672547e-08,8.552951e-09,2.809012e-08,1.364442e-08,103.14,93.08,9744.83,8794.89,50.10,44.42
5.15688,6,0.4339,0.017,0.015,5.286,5.939,0.9877,0.00971,270.42,52.88,0.56497248,0.7175150496,2.22,1.671388e-08,8.536868e-09,2.804084e-08,1.362985e-08,102.91,93.23,9723.40,8808.69,49.97,44.50
5.15712,6,0.4339,0.017,0.015,5.286,5.939,0.9877,0.00971,270.42,52.88,0.56497152,0.7175138303999999,2.22,1.670334e-08,8.533258e-09,2.801133e-08,1.360503e-08,102.95,93.09,9727.53,8795.51,49.99,44.42
5.15738,6,0.4339,0.017,0.015,5.286,5.939,0.9877,0.00971,270.42,52.88,0.5649704799999999,0.7175125095999999,2.22,1.66934e-08,8.522694e-09,2.796257e-08,1.357823e-08,102.82,93.05,9714.75,8791.59,49.92,44.40
5.15763,6,0.4340,0.017,0.015,5.285,5.939,0.9877,0.00971,270.42,52.88,0.5649694799999999,0.7175112395999999,2.22,1.6676e-08,8.51481e-09,2.795654e-08,1.355458e-08,102.87,92.79,9719.32,8767.56,49.94,44.25
5.15787,6,0.4340,0.017,0.015,5.285,5.939,0.9877,0.00971,270.42,52.88,0.56496852,0.7175100204,2.22,1.667302e-08,8.507871e-09,2.791668e-08,1.353789e-08,102.73,92.83,9706.69,8770.88,49.87,44.27
5.15813,6,0.4340,0.017,0.015,5.285,5.939,0.9877,0.00971,270.42,52.88,0.56496748,0.7175086996,2.22,1.666677e-08,8.494523e-09,2.786209e-08,1.351881e-08,102.48,92.93,9683.04,8780.20,49.73,44.33
5.15838,6,0.4341,0.017,0.015,5.285,5.939,0.9877,0.00971,270.42,52.88,0.5649664799999999,0.7175074295999999,2.22,1.664785e-08,8.49121e-09,2.784725e-08,1.348564e-08,102.66,92.60,9700.02,8749.49,49.83,44.14
5.15862,6,0.4341,0.017,0.015,5.285,5.939,0.9877,0.00971,270.42,52.88,0.56496552,0.7175062104,2.22,1.663951e-08,8.492647e-09,2.781222e-08,1.346615e-08,102.80,92.57,9713.30,8746.31,49.91,44.12
5.15888,6,0.4341,0.017,0.015,5.285,5.939,0.9877,0.00971,270.42,52.88,0.56496448,0.7175048896,2.22,1.664404e-08,8.478207e-09,2.776574e-08,1.345331e-08,102.39,92.70,9674.26,8758.51,49.67,44.20
5.15913,6,0.4342,0.017,0.015,5.285,5.939,0.9877,0.00971,270.42,52.88,0.56496348,0.7175036196,2.22,1.664433e-08,8.477494e-09,2.774046e-08,1.342995e-08,102.39,92.57,9674.49,8746.49,49.67,44.12
5.15937,6,0.4342,0.017,0.015,5.285,5.939,0.9877,0.00971,270.42,52.88,0.5649625199999999,0.7175024003999999,2.22,1.663619e-08,8.474327e-09,2.770308e-08,1.341474e-08,102.42,92.61,9676.77,8750.14,49.69,44.15
5.15963,6,0.4342,0.017,0.015,5.285,5.939,0.9877,0.00971,270.42,52.88,0.56496148,0.7175010796,2.22,1.66457e-08,8.471496e-09,2.765585e-08,1.339027e-08,102.23,92.59,9658.93,8748.11,49.58,44.13
5.15988,6,0.4343,0.017,0.015,5.285,5.939,0.9877,0.00971,270.42,52.88,0.56496048,0.7174998096,2.22,1.66503e-08,8.471352e-09,2.760904e-08,1.336527e-08,102.19,92.58,9655.39,8747.16,49.56,44.13
5.16012,6,0.4343,0.017,0.015,5.285,5.939,0.9877,0.00971,270.42,52.88,0.5649595199999999,0.7174985904,2.22,1.664272e-08,8.46855e-09,2.757801e-08,1.334341e-08,102.22,92.49,9657.83,8738.48,49.57,44.08
5.16038,6,0.4343,0.017,0.015,5.285,5.939,0.9877,0.00971,270.42,52.88,0.5649584799999999,0.7174972695999999,2.22,1.664771e-08,8.466213e-09,2.753473e-08,1.331645e-08,102.10,92.40,9646.52,8730.84,49.51,44.03
5.16062,6,0.4344,0.017,0.015,5.285,5.939,0.9877,0.00971,270.42,52.88,0.56495752,0.7174960504,2.22,1.664253e-08,8.462238e-09,2.749999e-08,1.329371e-08,102.09,92.35,9645.63,8725.30,49.50,44.00
5.16087,6,0.4344,0.017,0.015,5.285,5.939,0.9877,0.00971,270.42,52.88,0.56495652,0.7174947803999999,2.22,1.664154e-08,8.46286e-09,2.743007e-08,1.327203e-08,102.11,92.51,9648.24,8740.75,49.52,44.09
5.16113,6,0.4344,0.017,0.015,5.285,5.939,0.9877,0.00971,270.42,52.88,0.56495548,0.7174934596,2.22,1.664723e-08,8.462102e-09,2.739395e-08,1.323934e-08,102.02,92.30,9639.78,8721.33,49.47,43.97
5.16137,6,0.4345,0.017,0.015,5.285,5.939,0.9877,0.00971,270.42,52.88,0.5649545199999999,0.7174922403999999,2.22,1.665124e-08,8.45992e-09,2.733687e-08,1.32129e-08,101.94,92.34,9632.23,8724.80,49.42,43.99
5.16162,6,0.4345,0.017,0.015,5.285,5.939,0.9877,0.00971,270.42,52.88,0.56495352,0.7174909704,2.22,1.665423e-08,8.464282e-09,2.729509e-08,1.317228e-08,102.01,92.06,9638.81,8698.70,49.46,43.84
5.16188,6,0.4345,0.017,0.015,5.285,5.939,0.9877,0.00971,270.42,52.88,0.56495248,0.7174896496,2.22,1.665709e-08,8.46592e-09,2.723685e-08,1.315393e-08,102.02,92.20,9639.23,8711.18,49.46,43.91
5.16212,6,0.4346,0.017,0.015,5.285,5.939,0.9877,0.00971,270.42,52.88,0.5649515199999999,0.7174884303999999,2.22,1.666373e-08,8.458588e-09,2.717201e-08,1.311972e-08,101.78,92.18,9616.70,8709.47,49.33,43.90
5.16237,6,0.4346,0.017,0.015,5.285,5.939,0.9877,0.00971,270.42,52.88,0.56495052,0.7174871604,2.22,1.666197e-08,8.455019e-09,2.710321e-08,1.308433e-08,101.71,92.15,9610.52,8706.68,49.29,43.89
5.16263,6,0.4346,0.017,0.015,5.285,5.939,0.9877,0.00971,270.42,52.88,0.56494948,0.7174858396,2.22,1.665269e-08,8.459765e-09,2.704355e-08,1.305025e-08,101.95,92.08,9632.38,8699.87,49.42,43.84
5.16287,6,0.4347,0.017,0.015,5.284,5.939,0.9877,0.00971,270.42,52.88,0.56494852,0.7174846203999999,2.22,1.666209e-08,8.463403e-09,2.698219e-08,1.301952e-08,101.94,92.08,9631.97,8700.43,49.42,43.85
5.16312,6,0.4347,0.017,0.015,5.284,5.939,0.9877,0.00971,270.42,52.88,0.5649475199999999,0.7174833503999999,2.22,1.667502e-08,8.45497e-09,2.69211e-08,1.298929e-08,101.58,92.07,9597.36,8699.46,49.21,43.84
5.16338,6,0.4347,0.017,0.015,5.284,5.939,0.9877,0.00971,270.43,52.88,0.5649464799999999,0.7174820296,2.22,1.666224e-08,8.457669e-09,2.68723e-08,1.295839e-08,101.80,91.97,9618.54,8689.93,49.34,43.78
5.16362,6,0.4348,0.017,0.015,5.284,5.939,0.9877,0.00971,270.43,52.88,0.56494552,0.7174808104,2.22,1.66761e-08,8.452831e-09,2.67921e-08,1.291722e-08,101.53,91.96,9593.38,8688.68,49.19,43.78
5.16387,6,0.4348,0.017,0.015,5.284,5.939,0.9877,0.00971,270.43,52.88,0.56494452,0.7174795404,2.22,1.666016e-08,8.445229e-09,2.673504e-08,1.288793e-08,101.55,91.93,9594.48,8686.37,49.19,43.76
5.16413,6,0.4348,0.017,0.015,5.284,5.939,0.9877,0.00971,270.43,52.88,0.5649434799999999,0.7174782195999999,2.22,1.666045e-08,8.446825e-09,2.667076e-08,1.284491e-08,101.58,91.77,9597.82,8670.68,49.21,43.67
5.16437,6,0.4349,0.017,0.015,5.284,5.939,0.9877,0.00971,270.43,52.88,0.56494252,0.7174770004000001,2.22,1.666108e-08,8.44768e-09,2.660191e-08,1.280796e-08,101.62,91.74,9601.26,8667.73,49.23,43.65
5.16463,6,0.4349,0.017,0.015,5.284,5.939,0.9877,0.00971,270.43,52.88,0.56494148,0.7174756796,2.22,1.666264e-08,8.446208e-09,2.653527e-08,1.277205e-08,101.56,91.68,9596.05,8662.72,49.20,43.62
5.16488,6,0.4349,0.017,0.015,5.284,5.939,0.9877,0.00971,270.43,52.88,0.56494048,0.7174744096,2.22,1.665512e-08,8.437099e-09,2.648525e-08,1.275034e-08,101.43,91.72,9583.85,8665.82,49.13,43.64
5.16512,6,0.4350,0.017,0.015,5.284,5.939,0.9877,0.00971,270.43,52.88,0.5649395199999999,0.7174731903999999,2.22,1.665372e-08,8.435323e-09,2.640061e-08,1.270022e-08,101.43,91.61,9583.59,8655.50,49.13,43.58
5.16538,6,0.4350,0.017,0.015,5.284,5.939,0.9877,0.00971,270.43,52.88,0.5649384799999999,0.7174718695999999,2.22,1.664466e-08,8.430507e-09,2.635365e-08,1.26808e-08,101.42,91.65,9583.07,8659.67,49.12,43.60
5.16563,6,0.4351,0.017,0.015,5.284,5.939,0.9877,0.00971,270.43,52.88,0.56493748,0.7174705996,2.22,1.663522e-08,8.429189e-09,2.627707e-08,1.264752e-08,101.53,91.72,9593.26,8666.38,49.19,43.64
5.16587,6,0.4351,0.017,0.015,5.284,5.939,0.9877,0.00971,270.43,52.88,0.5649365199999999,0.7174693804,2.22,1.662633e-08,8.416428e-09,2.62338e-08,1.261946e-08,101.33,91.62,9574.22,8656.81,49.07,43.59
5.16613,6,0.4351,0.017,0.015,5.284,5.939,0.9877,0.00971,270.43,52.88,0.5649354799999999,0.7174680595999999,2.22,1.66259e-08,8.414985e-09,2.617587e-08,1.258415e-08,101.30,91.52,9571.40,8646.95,49.05,43.53
5.16638,6,0.4352,0.017,0.015,5.284,5.939,0.9877,0.00971,270.43,52.88,0.5649344799999999,0.7174667895999999,2.22,1.661077e-08,8.402998e-09,2.610949e-08,1.255155e-08,101.22,91.53,9563.62,8648.03,49.01,43.53
5.16662,6,0.4352,0.017,0.015,5.284,5.939,0.9877,0.00971,270.43,52.88,0.56493352,0.7174655703999999,2.22,1.659151e-08,8.404211e-09,2.605171e-08,1.252231e-08,101.49,91.51,9588.92,8646.08,49.16,43.52
5.16688,6,0.4352,0.017,0.015,5.284,5.939,0.9877,0.00971,270.43,52.88,0.56493248,0.7174642496,2.22,1.660283e-08,8.397926e-09,2.60081e-08,1.250153e-08,101.19,91.51,9561.19,8646.32,48.99,43.52
5.16713,6,0.4353,0.017,0.015,5.284,5.939,0.9877,0.00971,270.43,52.88,0.5649314799999999,0.7174629795999999,2.22,1.658259e-08,8.385e-09,2.594929e-08,1.247816e-08,101.15,91.60,9557.19,8654.85,48.97,43.57
5.16737,6,0.4353,0.017,0.015,5.284,5.939,0.9877,0.00971,270.43,52.88,0.56493052,0.7174617604,2.22,1.656695e-08,8.376438e-09,2.590862e-08,1.244382e-08,101.13,91.39,9555.68,8635.09,48.96,43.46
5.16763,6,0.4353,0.017,0.015,5.284,5.939,0.9877,0.00971,270.43,52.88,0.56492948,0.7174604395999999,2.22,1.655544e-08,8.373831e-09,2.588354e-08,1.242927e-08,101.21,91.36,9563.10,8631.75,49.00,43.44
5.16788,6,0.4354,0.017,0.015,5.283,5.939,0.9877,0.00971,270.43,52.88,0.56492848,0.7174591696,2.22,1.653755e-08,8.364483e-09,2.58325e-08,1.240026e-08,101.23,91.31,9564.60,8627.71,49.01,43.41
5.16812,6,0.4354,0.017,0.015,5.283,5.939,0.9877,0.00971,270.43,52.88,0.5649275199999999,0.7174579503999999,2.22,1.651994e-08,8.354779e-09,2.579267e-08,1.238231e-08,101.21,91.33,9562.76,8629.27,49.00,43.42
5.16838,6,0.4354,0.017,0.015,5.283,5.939,0.9877,0.00971,270.43,52.88,0.56492648,0.7174566296,2.22,1.651555e-08,8.345715e-09,2.576895e-08,1.23666e-08,101.04,91.27,9546.92,8623.48,48.91,43.39
5.16862,6,0.4355,0.017,0.015,5.283,5.939,0.9877,0.00971,270.43,52.88,0.56492552,0.7174554103999999,2.22,1.650261e-08,8.339317e-09,2.57251e-08,1.235963e-08,101.07,91.49,9549.44,8644.38,48.92,43.51
5.16887,6,0.4355,0.017,0.015,5.283,5.939,0.9877,0.00971,270.43,52.88,0.5649245199999999,0.7174541403999999,2.22,1.648392e-08,8.329017e-09,2.570675e-08,1.234495e-08,101.05,91.41,9547.46,8636.49,48.91,43.46
5.16913,6,0.4355,0.017,0.015,5.283,5.939,0.9877,0.00971,270.43,52.88,0.5649234799999999,0.7174528196,2.22,1.64736e-08,8.321506e-09,2.568241e-08,1.232186e-08,100.99,91.24,9542.13,8621.14,48.88,43.37
5.16937,6,0.4356,0.017,0.015,5.283,5.939,0.9877,0.00971,270.43,52.88,0.56492252,0.7174516004,2.22,1.646633e-08,8.311929e-09,2.568959e-08,1.231517e-08,100.87,91.12,9530.64,8609.50,48.81,43.30
5.16962,6,0.4356,0.017,0.015,5.283,5.939,0.9877,0.00971,270.43,52.88,0.56492152,0.7174503304,2.22,1.644531e-08,8.301114e-09,2.565059e-08,1.230215e-08,100.86,91.20,9530.17,8617.14,48.81,43.35
5.16988,6,0.4356,0.017,0.015,5.283,5.939,0.9877,0.00971,270.43,52.88,0.56492048,0.7174490095999999,2.22,1.644573e-08,8.291791e-09,2.565405e-08,1.230465e-08,100.63,91.21,9508.09,8618.27,48.67,43.35
5.17012,6,0.4357,0.017,0.015,5.283,5.939,0.9877,0.00971,270.43,52.88,0.56491952,0.7174477904000001,2.22,1.643719e-08,8.284484e-09,2.563231e-08,1.22911e-08,100.58,91.19,9503.33,8616.04,48.65,43.34
5.17037,6,0.4357,0.017,0.015,5.283,5.939,0.9877,0.00971,270.43,52.88,0.56491852,0.7174465204,2.22,1.641632e-08,8.276208e-09,2.561942e-08,1.228475e-08,100.64,91.19,9508.52,8615.81,48.68,43.34
5.17063,6,0.4357,0.017,0.015,5.283,5.939,0.9877,0.00971,270.43,52.88,0.56491748,0.7174451996,2.22,1.639023e-08,8.266346e-09,2.562196e-08,1.228342e-08,100.72,91.15,9516.16,8612.38,48.72,43.32
5.17087,6,0.4358,0.017,0.015,5.283,5.939,0.9877,0.00971,270.43,52.88,0.5649165199999999,0.7174439803999999,2.22,1.638063e-08,8.258389e-09,2.562468e-08,1.22856e-08,100.66,91.18,9511.11,8615.53,48.69,43.34
5.17112,6,0.4358,0.017,0.015,5.283,5.939,0.9877,0.00971,270.43,52.88,0.56491552,0.7174427104,2.22,1.637185e-08,8.254383e-09,2.561762e-08,1.227336e-08,100.67,91.06,9512.09,8603.61,48.70,43.27
5.17138,6,0.4358,0.017,0.015,5.283,5.939,0.9877,0.00971,270.43,52.88,0.56491448,0.7174413896,2.22,1.636741e-08,8.243559e-09,2.561001e-08,1.228875e-08,100.46,91.33,9492.15,8629.27,48.58,43.42
5.17162,6,0.4359,0.017,0.015,5.283,5.940,0.9877,0.00971,270.43,52.88,0.56491352,0.7174401704,2.22,1.63584e-08,8.237321e-09,2.562289e-08,1.228634e-08,100.44,91.23,9490.38,8619.67,48.57,43.36
5.17188,6,0.4359,0.017,0.015,5.283,5.940,0.9877,0.00971,270.43,52.88,0.5649124799999999,0.7174388495999999,2.22,1.633555e-08,8.231472e-09,2.562859e-08,1.229132e-08,100.58,91.26,9503.54,8622.69,48.65,43.38
5.17213,6,0.4359,0.017,0.015,5.283,5.940,0.9877,0.00971,270.43,52.88,0.5649114799999999,0.7174375795999999,2.22,1.633081e-08,8.224895e-09,2.563117e-08,1.229294e-08,100.48,91.27,9493.79,8623.21,48.59,43.38
5.17237,6,0.4360,0.017,0.015,5.283,5.940,0.9877,0.00971,270.43,52.88,0.56491052,0.7174363604,2.22,1.630982e-08,8.216315e-09,2.565879e-08,1.22969e-08,100.55,91.15,9500.61,8612.69,48.63,43.32
5.17263,6,0.4360,0.017,0.015,5.283,5.940,0.9877,0.00971,270.43,52.88,0.56490948,0.7174350396,2.22,1.6315e-08,8.218367e-09,2.564252e-08,1.230419e-08,100.54,91.37,9499.31,8633.02,48.62,43.44
5.17288,6,0.4360,0.017,0.015,5.283,5.940,0.9877,0.00971,270.43,52.88,0.5649084799999999,0.7174337695999999,2.22,1.629468e-08,8.202052e-09,2.565847e-08,1.230291e-08,100.39,91.24,9485.14,8620.98,48.53,43.37
5.17312,6,0.4361,0.017,0.015,5.282,5.940,0.9877,0.00971,270.43,52.88,0.56490752,0.7174325504,2.22,1.62828e-08,8.195434e-09,2.569412e-08,1.230899e-08,100.40,91.11,9485.83,8608.16,48.54,43.29
5.17338,6,0.4361,0.017,0.015,5.282,5.940,0.9877,0.00971,270.43,52.88,0.56490648,0.7174312295999999,2.22,1.627027e-08,8.191581e-09,2.567383e-08,1.231676e-08,100.46,91.36,9491.56,8631.69,48.57,43.43
5.17363,6,0.4361,0.017,0.015,5.282,5.940,0.9877,0.00972,270.43,52.88,0.56490548,0.7174299596,2.22,1.626909e-08,8.179653e-09,2.568998e-08,1.232447e-08,100.18,91.35,9465.14,8631.64,48.42,43.43
5.17387,6,0.4362,0.017,0.015,5.282,5.940,0.9877,0.00972,270.43,52.88,0.5649045199999999,0.7174287403999999,2.22,1.624686e-08,8.176946e-09,2.570986e-08,1.232275e-08,100.41,91.22,9487.08,8618.49,48.55,43.35
5.17413,6,0.4362,0.017,0.015,5.282,5.940,0.9877,0.00972,270.43,52.88,0.56490348,0.7174274196,2.22,1.623879e-08,8.17016e-09,2.571818e-08,1.233529e-08,100.34,91.34,9480.71,8629.98,48.51,43.42
5.17438,6,0.4362,0.017,0.015,5.282,5.940,0.9877,0.00972,270.43,52.88,0.56490248,0.7174261496,2.22,1.623365e-08,8.15785e-09,2.573837e-08,1.233353e-08,100.10,91.17,9458.02,8614.62,48.37,43.33
5.17462,6,0.4363,0.017,0.015,5.282,5.940,0.9877,0.00972,270.43,52.88,0.5649015199999999,0.7174249303999999,2.22,1.621904e-08,8.15837e-09,2.57463e-08,1.234724e-08,100.32,91.34,9478.55,8629.89,48.49,43.42
5.17488,6,0.4363,0.017,0.015,5.282,5.940,0.9877,0.00972,270.43,52.88,0.5649004799999999,0.7174236096,2.22,1.621148e-08,8.146952e-09,2.575092e-08,1.23434e-08,100.13,91.25,9460.76,8621.76,48.39,43.37
5.17513,6,0.4363,0.017,0.015,5.282,5.940,0.9877,0.00972,270.43,52.88,0.56489948,0.7174223396,2.22,1.621311e-08,8.149842e-09,2.575282e-08,1.234145e-08,100.18,91.21,9465.59,8617.93,48.42,43.35
5.17537,6,0.4364,0.017,0.015,5.282,5.940,0.9877,0.00972,270.43,52.88,0.56489852,0.7174211204,2.22,1.618802e-08,8.137735e-09,2.57526e-08,1.233637e-08,100.22,91.16,9468.94,8613.23,48.44,43.32
5.17563,6,0.4364,0.017,0.015,5.282,5.940,0.9877,0.00972,270.43,52.88,0.56489748,0.7174197995999999,2.22,1.618039e-08,8.132099e-09,2.573353e-08,1.232911e-08,100.17,91.19,9464.73,8615.75,48.41,43.34
5.17587,6,0.4364,0.017,0.015,5.282,5.940,0.9877,0.00972,270.43,52.88,0.56489652,0.7174185804000001,2.22,1.617386e-08,8.120104e-09,2.573515e-08,1.233851e-08,99.96,91.31,9444.36,8627.32,48.29,43.41
5.17612,6,0.4365,0.017,0.015,5.282,5.940,0.9877,0.00972,270.43,52.88,0.56489552,0.7174173104,2.22,1.615678e-08,8.110953e-09,2.573693e-08,1.233942e-08,99.96,91.33,9445.17,8629.38,48.29,43.42
5.17638,6,0.4365,0.017,0.015,5.282,5.940,0.9877,0.00972,270.43,52.88,0.56489448,0.7174159896,2.22,1.614157e-08,8.104017e-09,2.572274e-08,1.233346e-08,99.98,91.34,9446.81,8630.51,48.30,43.42
5.17662,6,0.4365,0.017,0.015,5.282,5.940,0.9877,0.00972,270.43,52.88,0.5648935199999999,0.7174147703999999,2.22,1.612128e-08,8.092739e-09,2.573277e-08,1.232598e-08,99.96,91.17,9444.25,8614.01,48.29,43.33
5.17687,6,0.4366,0.017,0.015,5.282,5.940,0.9877,0.00972,270.43,52.88,0.56489252,0.7174135004000001,2.22,1.610439e-08,8.090765e-09,2.569934e-08,1.231309e-08,100.14,91.23,9461.69,8620.18,48.39,43.36
5.17713,6,0.4366,0.017,0.015,5.282,5.940,0.9877,0.00972,270.43,52.88,0.56489148,0.7174121796,2.22,1.610129e-08,8.074737e-09,2.569678e-08,1.231322e-08,99.78,91.25,9427.74,8622.00,48.19,43.37
5.17737,6,0.4366,0.017,0.015,5.282,5.940,0.9877,0.00972,270.43,52.88,0.56489052,0.7174109604,2.22,1.60828e-08,8.069395e-09,2.566274e-08,1.230658e-08,99.88,91.39,9436.96,8635.03,48.25,43.45
5.17762,6,0.4367,0.017,0.015,5.282,5.940,0.9877,0.00972,270.43,52.88,0.5648895199999999,0.7174096903999999,2.22,1.605769e-08,8.058143e-09,2.563124e-08,1.22841e-08,99.93,91.31,9442.29,8627.06,48.28,43.40
5.17788,6,0.4367,0.017,0.015,5.282,5.940,0.9877,0.00972,270.43,52.88,0.5648884799999999,0.7174083695999999,2.22,1.604037e-08,8.04416e-09,2.560722e-08,1.228281e-08,99.80,91.45,9429.84,8640.87,48.20,43.49
5.17812,6,0.4367,0.017,0.015,5.282,5.940,0.9877,0.00972,270.43,52.88,0.56488752,0.7174071504,2.22,1.602213e-08,8.039197e-09,2.559257e-08,1.226369e-08,99.91,91.28,9439.69,8624.53,48.26,43.39
5.17837,6,0.4368,0.017,0.015,5.281,5.940,0.9877,0.00972,270.43,52.88,0.56488652,0.7174058804,2.22,1.599043e-08,8.022418e-09,2.557454e-08,1.225248e-08,99.91,91.26,9439.79,8623.03,48.26,43.38
5.17863,6,0.4368,0.017,0.015,5.281,5.940,0.9877,0.00972,270.43,52.88,0.5648854799999999,0.7174045595999999,2.22,1.598666e-08,8.008823e-09,2.552142e-08,1.224214e-08,99.62,91.48,9412.19,8643.51,48.10,43.50
5.17887,6,0.4368,0.016,0.015,5.281,5.940,0.9877,0.00972,270.43,52.88,0.56488452,0.7174033404,2.22,1.596377e-08,7.991636e-09,2.549693e-08,1.222791e-08,99.47,91.44,9398.62,8640.05,48.02,43.48
5.17912,6,0.4369,0.016,0.015,5.281,5.940,0.9877,0.00972,270.43,52.88,0.56488352,0.7174020703999999,2.22,1.594208e-08,7.981397e-09,2.544599e-08,1.220099e-08,99.51,91.43,9402.23,8638.64,48.04,43.47
5.17938,6,0.4369,0.016,0.015,5.281,5.940,0.9877,0.00972,270.43,52.88,0.56488248,0.7174007496,2.22,1.590532e-08,7.969617e-09,2.541536e-08,1.218796e-08,99.68,91.45,9417.90,8640.89,48.13,43.48
5.17962,6,0.4369,0.016,0.015,5.281,5.940,0.9877,0.00972,270.43,52.88,0.5648815199999999,0.7173995303999999,2.22,1.587652e-08,7.957632e-09,2.538423e-08,1.216374e-08,99.74,91.32,9423.71,8628.23,48.16,43.41
5.17988,6,0.4370,0.016,0.015,5.281,5.940,0.9877,0.00972,270.43,52.88,0.5648804799999999,0.7173982095999999,2.22,1.585499e-08,7.939095e-09,2.5339e-08,1.214977e-08,99.57,91.45,9407.46,8640.73,48.07,43.48
5.18013,6,0.4370,0.016,0.015,5.281,5.940,0.9877,0.00972,270.43,52.88,0.56487948,0.7173969396,2.22,1.581931e-08,7.922448e-09,2.528107e-08,1.211466e-08,99.60,91.34,9410.36,8630.69,48.08,43.42
5.18037,6,0.4371,0.016,0.015,5.281,5.940,0.9877,0.00972,270.43,52.88,0.5648785199999999,0.7173957203999999,2.22,1.579403e-08,7.90841e-09,2.523314e-08,1.210139e-08,99.58,91.51,9409.23,8645.97,48.08,43.51
5.18063,6,0.4371,0.016,0.015,5.281,5.940,0.9877,0.00972,270.43,52.88,0.5648774799999999,0.7173943996,2.22,1.576221e-08,7.892527e-09,2.518119e-08,1.207537e-08,99.59,91.49,9409.35,8644.45,48.08,43.51
5.18088,6,0.4371,0.016,0.015,5.281,5.940,0.9877,0.00972,270.43,52.88,0.5648764799999999,0.7173931295999999,2.22,1.573156e-08,7.877526e-09,2.515452e-08,1.205082e-08,99.59,91.32,9410.18,8628.27,48.08,43.41
5.18112,6,0.4372,0.016,0.015,5.281,5.940,0.9877,0.00972,270.43,52.88,0.56487552,0.7173919103999999,2.22,1.569286e-08,7.865298e-09,2.509392e-08,1.202717e-08,99.80,91.42,9429.51,8637.66,48.20,43.46
5.18138,6,0.4372,0.016,0.015,5.281,5.940,0.9877,0.00972,270.43,52.88,0.56487448,0.7173905895999999,2.22,1.566898e-08,7.843459e-09,2.504175e-08,1.20059e-08,99.55,91.47,9405.78,8642.82,48.06,43.50
5.18163,6,0.4372,0.016,0.015,5.281,5.940,0.9877,0.00972,270.43,52.88,0.5648734799999999,0.7173893196,2.22,1.563196e-08,7.82996e-09,2.498893e-08,1.196977e-08,99.68,91.31,9417.90,8627.86,48.13,43.41
5.18187,6,0.4373,0.016,0.015,5.281,5.940,0.9877,0.00972,270.43,52.88,0.56487252,0.7173881004,2.22,1.560374e-08,7.813314e-09,2.492349e-08,1.195105e-08,99.63,91.52,9413.99,8647.37,48.11,43.52
5.18213,6,0.4373,0.016,0.015,5.281,5.940,0.9877,0.00972,270.43,52.88,0.56487148,0.7173867796,2.22,1.555814e-08,7.791939e-09,2.488933e-08,1.192432e-08,99.67,91.37,9417.52,8632.97,48.13,43.44
5.18238,6,0.4373,0.016,0.015,5.281,5.940,0.9877,0.00972,270.43,52.88,0.56487048,0.7173855095999999,2.22,1.552999e-08,7.775006e-09,2.484091e-08,1.189572e-08,99.60,91.29,9410.65,8625.45,48.09,43.39
5.18262,6,0.4374,0.016,0.015,5.281,5.940,0.9877,0.00972,270.43,52.88,0.56486952,0.7173842904000001,2.22,1.549584e-08,7.752587e-09,2.478744e-08,1.188414e-08,99.49,91.52,9399.88,8647.01,48.02,43.52
5.18288,6,0.4374,0.016,0.015,5.281,5.940,0.9877,0.00972,270.43,52.88,0.56486848,0.7173829696,2.22,1.545947e-08,7.74226e-09,2.471649e-08,1.185696e-08,99.69,91.62,9419.03,8656.60,48.14,43.58
5.18313,6,0.4374,0.016,0.015,5.281,5.940,0.9877,0.00972,270.43,52.88,0.56486748,0.7173816996,2.22,1.54153e-08,7.72364e-09,2.466479e-08,1.183492e-08,99.78,91.66,9427.59,8660.48,48.19,43.60
5.18337,6,0.4375,0.016,0.015,5.280,5.940,0.9877,0.00972,270.43,52.88,0.5648665199999999,0.7173804803999999,2.22,1.538195e-08,7.704022e-09,2.46323e-08,1.181446e-08,99.73,91.61,9422.62,8655.60,48.16,43.57
5.18363,6,0.4375,0.016,0.015,5.280,5.940,0.9877,0.00972,270.43,52.88,0.5648654799999999,0.7173791595999999,2.22,1.534998e-08,7.683285e-09,2.457489e-08,1.178636e-08,99.60,91.60,9411.03,8654.80,48.09,43.57
5.18387,6,0.4375,0.016,0.015,5.280,5.940,0.9877,0.00972,270.43,52.88,0.56486452,0.7173779404,2.22,1.531918e-08,7.669302e-09,2.451369e-08,1.17593e-08,99.64,91.63,9414.55,8658.05,48.11,43.59
5.18412,6,0.4376,0.016,0.015,5.280,5.940,0.9877,0.00972,270.43,52.88,0.56486352,0.7173766704,2.22,1.528864e-08,7.652264e-09,2.447656e-08,1.174324e-08,99.62,91.68,9412.39,8662.51,48.10,43.61
5.18438,6,0.4376,0.016,0.015,5.280,5.940,0.9877,0.00972,270.43,52.88,0.56486248,0.7173753495999999,2.22,1.524834e-08,7.634994e-09,2.443362e-08,1.171962e-08,99.69,91.64,9419.56,8658.22,48.14,43.59
5.18462,6,0.4376,0.016,0.015,5.280,5.940,0.9877,0.00972,270.43,52.88,0.56486152,0.7173741304,2.22,1.520866e-08,7.624028e-09,2.43943e-08,1.170247e-08,99.93,91.66,9441.64,8660.65,48.27,43.60
5.18487,6,0.4377,0.016,0.015,5.280,5.940,0.9877,0.00972,270.43,52.88,0.56486052,0.7173728604,2.22,1.517509e-08,7.607285e-09,2.432121e-08,1.168164e-08,99.95,91.90,9444.01,8682.97,48.28,43.73
5.18513,6,0.4377,0.016,0.015,5.280,5.940,0.9877,0.00972,270.43,52.88,0.56485948,0.7173715396,2.22,1.514928e-08,7.590116e-09,2.429519e-08,1.166224e-08,99.84,91.79,9433.47,8673.09,48.22,43.68
5.18537,6,0.4377,0.016,0.015,5.280,5.940,0.9877,0.00972,270.43,52.88,0.5648585199999999,0.7173703203999999,2.22,1.511393e-08,7.573383e-09,2.425362e-08,1.164059e-08,99.87,91.77,9435.91,8670.66,48.24,43.66
5.18562,6,0.4378,0.016,0.015,5.280,5.940,0.9877,0.00972,270.43,52.88,0.56485752,0.7173690504,2.22,1.508112e-08,7.55902e-09,2.422516e-08,1.162378e-08,99.94,91.74,9443.27,8668.12,48.28,43.65
5.18588,6,0.4378,0.016,0.015,5.280,5.940,0.9877,0.00972,270.43,52.88,0.56485648,0.7173677296,2.22,1.505334e-08,7.549411e-09,2.416642e-08,1.16117e-08,100.06,91.99,9454.10,8691.30,48.34,43.78
5.18612,6,0.4378,0.016,0.015,5.280,5.940,0.9877,0.00972,270.43,52.88,0.5648555199999999,0.7173665104,2.22,1.501824e-08,7.53848e-09,2.41328e-08,1.159548e-08,100.24,91.99,9470.92,8691.20,48.44,43.78
5.18637,6,0.4379,0.016,0.015,5.280,5.940,0.9877,0.00972,270.43,52.88,0.5648545199999999,0.7173652403999999,2.22,1.49873e-08,7.516729e-09,2.410574e-08,1.157395e-08,100.09,91.88,9457.37,8680.88,48.36,43.72
5.18663,6,0.4379,0.016,0.015,5.280,5.940,0.9877,0.00972,270.43,52.88,0.5648534799999999,0.7173639195999999,2.22,1.495503e-08,7.507426e-09,2.407509e-08,1.154992e-08,100.28,91.73,9474.79,8667.43,48.47,43.64
5.18687,6,0.4379,0.016,0.015,5.280,5.940,0.9877,0.00972,270.43,52.88,0.56485252,0.7173627003999999,2.22,1.492474e-08,7.492221e-09,2.402981e-08,1.155206e-08,100.28,92.10,9474.79,8701.98,48.47,43.85
5.18712,6,0.4380,0.016,0.015,5.280,5.940,0.9877,0.00972,270.43,52.88,0.5648515199999999,0.7173614303999999,2.22,1.490567e-08,7.483338e-09,2.399105e-08,1.152789e-08,100.32,92.04,9478.71,8695.93,48.49,43.81
5.18738,6,0.4380,0.016,0.015,5.280,5.940,0.9877,0.00972,270.43,52.88,0.5648504799999999,0.7173601096,2.22,1.487233e-08,7.470674e-09,2.39781e-08,1.150737e-08,100.43,91.82,9489.10,8675.18,48.55,43.69
5.18762,6,0.4380,0.016,0.015,5.280,5.940,0.9877,0.00972,270.43,52.88,0.56484952,0.7173588904,2.22,1.484965e-08,7.455898e-09,2.392352e-08,1.150266e-08,100.34,92.15,9480.46,8706.44,48.50,43.87
5.18788,6,0.4381,0.016,0.015,5.279,5.940,0.9877,0.00972,270.43,52.88,0.56484848,0.7173575696,2.22,1.482391e-08,7.445802e-09,2.389636e-08,1.148972e-08,100.44,92.17,9489.86,8708.61,48.56,43.89
5.18813,6,0.4381,0.016,0.015,5.279,5.940,0.9877,0.00972,270.43,52.88,0.56484748,0.7173562995999999,2.22,1.479079e-08,7.437641e-09,2.388241e-08,1.147126e-08,100.67,91.99,9511.64,8691.45,48.69,43.78
5.18837,6,0.4381,0.016,0.015,5.279,5.940,0.9877,0.00972,270.43,52.88,0.5648465199999999,0.7173550803999998,2.22,1.476993e-08,7.430741e-09,2.383485e-08,1.146332e-08,100.77,92.22,9520.89,8713.25,48.74,43.91
5.18863,6,0.4382,0.016,0.015,5.279,5.940,0.9877,0.00972,270.43,52.88,0.56484548,0.7173537596,2.22,1.473438e-08,7.415768e-09,2.380926e-08,1.145071e-08,100.87,92.23,9530.59,8714.80,48.80,43.92
5.18888,6,0.4382,0.016,0.015,5.279,5.940,0.9877,0.00972,270.43,52.88,0.56484448,0.7173524896,2.22,1.471862e-08,7.405933e-09,2.377934e-08,1.144071e-08,100.82,92.30,9525.66,8721.25,48.77,43.96
5.18912,6,0.4382,0.016,0.015,5.279,5.940,0.9877,0.00972,270.43,52.88,0.5648435199999999,0.7173512703999999,2.22,1.468653e-08,7.394231e-09,2.374834e-08,1.142377e-08,100.94,92.27,9537.20,8718.27,48.84,43.94
5.18938,6,0.4383,0.016,0.015,5.279,5.940,0.9877,0.00972,270.43,52.88,0.5648424799999999,0.7173499495999999,2.22,1.467284e-08,7.390141e-09,2.373339e-08,1.141624e-08,101.04,92.29,9546.67,8719.76,48.90,43.95
5.18963,6,0.4383,0.016,0.015,5.279,5.940,0.9877,0.00972,270.43,52.88,0.56484148,0.7173486796,2.22,1.465671e-08,7.375021e-09,2.369268e-08,1.140414e-08,100.85,92.40,9528.46,8730.80,48.79,44.02
5.18987,6,0.4383,0.016,0.015,5.279,5.940,0.9877,0.00972,270.43,52.88,0.56484052,0.7173474604,2.22,1.461644e-08,7.368424e-09,2.365902e-08,1.13815e-08,101.22,92.30,9564.16,8721.28,49.00,43.96
5.19013,6,0.4384,0.016,0.015,5.279,5.940,0.9877,0.00972,270.43,52.88,0.56483948,0.7173461395999999,2.22,1.459563e-08,7.361077e-09,2.363414e-08,1.137637e-08,101.33,92.43,9574.59,8733.39,49.06,44.03
5.19038,6,0.4384,0.016,0.015,5.279,5.940,0.9877,0.00972,270.43,52.88,0.5648384799999999,0.7173448695999999,2.22,1.457339e-08,7.341132e-09,2.359867e-08,1.136653e-08,101.09,92.55,9551.68,8744.12,48.93,44.10
5.19062,6,0.4384,0.016,0.015,5.279,5.940,0.9877,0.00972,270.43,52.88,0.56483752,0.7173436504,2.22,1.455237e-08,7.333301e-09,2.356123e-08,1.13536e-08,101.17,92.63,9558.92,8751.71,48.97,44.14
5.19088,6,0.4385,0.016,0.015,5.279,5.940,0.9877,0.00972,270.43,52.88,0.56483648,0.7173423296,2.22,1.451978e-08,7.323101e-09,2.352052e-08,1.134025e-08,101.37,92.75,9577.51,8763.05,49.08,44.21
5.19113,6,0.4385,0.016,0.015,5.279,5.940,0.9877,0.00972,270.43,52.88,0.56483548,0.7173410595999999,2.22,1.449272e-08,7.312655e-09,2.347955e-08,1.131907e-08,101.46,92.72,9585.98,8760.92,49.13,44.20
5.19137,6,0.4385,0.016,0.015,5.279,5.940,0.9877,0.00972,270.43,52.88,0.56483452,0.7173398404,2.22,1.446084e-08,7.300016e-09,2.344911e-08,1.131658e-08,101.55,92.92,9595.12,8779.17,49.18,44.31
5.19163,6,0.4386,0.016,0.015,5.279,5.940,0.9877,0.00972,270.43,52.88,0.56483348,0.7173385196000001,2.22,1.444516e-08,7.286733e-09,2.342823e-08,1.130106e-08,101.42,92.85,9583.06,8773.01,49.11,44.27
5.19187,6,0.4386,0.016,0.015,5.279,5.940,0.9877,0.00972,270.43,52.88,0.56483252,0.7173373004,2.22,1.441869e-08,7.276459e-09,2.338632e-08,1.129499e-08,101.51,93.08,9591.24,8794.28,49.16,44.40
5.19212,6,0.4386,0.016,0.015,5.279,5.940,0.9877,0.00972,270.43,52.88,0.5648315199999999,0.7173360303999999,2.22,1.437839e-08,7.265388e-09,2.337399e-08,1.127752e-08,101.77,92.89,9616.00,8776.95,49.31,44.29
5.19238,6,0.4387,0.016,0.015,5.279,5.940,0.9877,0.00972,270.43,52.88,0.5648304799999999,0.7173347095999999,2.22,1.436298e-08,7.250506e-09,2.331571e-08,1.126694e-08,101.60,93.19,9599.21,8805.44,49.21,44.46
5.19262,6,0.4387,0.016,0.015,5.279,5.940,0.9877,0.00972,270.43,52.88,0.56482952,0.7173334903999999,2.22,1.43227e-08,7.243169e-09,2.330023e-08,1.124269e-08,101.96,92.93,9634.12,8780.10,49.42,44.31
5.19287,6,0.4387,0.016,0.015,5.279,5.940,0.9877,0.00972,270.43,52.88,0.56482852,0.7173322203999999,2.22,1.429209e-08,7.22199e-09,2.32549e-08,1.124057e-08,101.80,93.24,9618.76,8810.01,49.33,44.49
5.19313,6,0.4388,0.016,0.015,5.278,5.940,0.9877,0.00972,270.43,52.88,0.5648274799999999,0.7173308996,2.22,1.426659e-08,7.211266e-09,2.321796e-08,1.123001e-08,101.89,93.38,9626.79,8823.12,49.37,44.57
5.19337,6,0.4388,0.016,0.015,5.278,5.940,0.9877,0.00972,270.43,52.88,0.56482652,0.7173296804,2.22,1.422682e-08,7.196113e-09,2.318234e-08,1.120067e-08,102.03,93.19,9640.19,8804.68,49.45,44.46
5.19362,6,0.4388,0.016,0.015,5.278,5.940,0.9877,0.00972,270.43,52.88,0.56482552,0.7173284104,2.22,1.419189e-08,7.177146e-09,2.314217e-08,1.119051e-08,101.99,93.34,9636.66,8818.78,49.43,44.54
5.19388,6,0.4389,0.016,0.015,5.278,5.940,0.9877,0.00972,270.43,52.88,0.56482448,0.7173270895999999,2.22,1.415993e-08,7.163873e-09,2.311486e-08,1.118267e-08,102.10,93.44,9646.73,8828.99,49.49,44.60
5.19412,6,0.4389,0.016,0.015,5.278,5.940,0.9877,0.00972,270.43,52.88,0.5648235199999999,0.7173258704,2.22,1.412546e-08,7.144226e-09,2.307827e-08,1.117551e-08,102.03,93.61,9640.70,8845.15,49.46,44.70
5.19437,6,0.4389,0.016,0.015,5.278,5.940,0.9877,0.00972,270.43,52.88,0.56482252,0.7173246004,2.22,1.40898e-08,7.132063e-09,2.304078e-08,1.115535e-08,102.20,93.58,9656.79,8842.07,49.55,44.68
5.19463,6,0.4390,0.016,0.015,5.278,5.940,0.9877,0.00972,270.43,52.88,0.56482148,0.7173232796,2.22,1.404867e-08,7.106863e-09,2.300423e-08,1.114938e-08,102.10,93.79,9646.95,8862.15,49.49,44.80
5.19487,6,0.4390,0.016,0.015,5.278,5.940,0.9877,0.00972,270.43,52.88,0.5648205199999999,0.7173220603999999,2.22,1.401054e-08,7.095208e-09,2.297772e-08,1.112316e-08,102.32,93.58,9668.00,8841.53,49.62,44.68
5.19512,6,0.4391,0.016,0.015,5.278,5.940,0.9877,0.00972,270.43,52.88,0.5648195199999999,0.7173207903999999,2.22,1.396795e-08,7.082967e-09,2.293849e-08,1.111018e-08,102.62,93.70,9696.07,8852.83,49.79,44.75
5.19538,6,0.4391,0.016,0.015,5.278,5.940,0.9877,0.00972,270.43,52.88,0.56481848,0.7173194696,2.22,1.392231e-08,7.057313e-09,2.289936e-08,1.109857e-08,102.55,93.82,9689.08,8864.20,49.75,44.81
5.19562,6,0.4391,0.016,0.015,5.278,5.940,0.9877,0.00972,270.43,52.88,0.56481752,0.7173182504,2.22,1.388058e-08,7.039377e-09,2.287798e-08,1.109552e-08,102.64,93.94,9698.07,8875.55,49.80,44.88
5.19588,6,0.4392,0.016,0.015,5.278,5.940,0.9877,0.00972,270.43,52.88,0.56481648,0.7173169295999999,2.22,1.383473e-08,7.016566e-09,2.284586e-08,1.108205e-08,102.68,93.99,9701.52,8880.85,49.82,44.91
5.19613,6,0.4392,0.016,0.015,5.278,5.940,0.9877,0.00972,270.43,52.88,0.5648154799999999,0.7173156595999999,2.22,1.379372e-08,6.999441e-09,2.28264e-08,1.106017e-08,102.79,93.79,9711.86,8861.49,49.88,44.80
5.19637,6,0.4392,0.016,0.015,5.278,5.940,0.9877,0.00972,270.43,52.88,0.56481452,0.7173144404,2.22,1.37427e-08,6.981598e-09,2.279103e-08,1.106117e-08,103.03,94.09,9734.64,8889.77,50.02,44.97
5.19663,6,0.4393,0.016,0.015,5.278,5.940,0.9877,0.00972,270.43,52.88,0.56481348,0.7173131196,2.22,1.371498e-08,6.962218e-09,2.275105e-08,1.10485e-08,102.89,94.22,9721.82,8902.34,49.94,45.04
5.19688,6,0.4393,0.016,0.015,5.278,5.940,0.9877,0.00972,270.43,52.88,0.56481248,0.7173118495999999,2.22,1.367072e-08,6.940056e-09,2.272994e-08,1.103847e-08,102.90,94.22,9722.69,8902.69,49.95,45.04
5.19712,6,0.4393,0.016,0.015,5.278,5.940,0.9877,0.00972,270.43,52.88,0.56481152,0.7173106304,2.22,1.363017e-08,6.920027e-09,2.269475e-08,1.102317e-08,102.92,94.25,9724.28,8905.50,49.95,45.06
5.19738,6,0.4394,0.016,0.015,5.278,5.940,0.9877,0.00972,270.43,52.88,0.56481048,0.7173093096000001,2.22,1.358665e-08,6.901971e-09,2.26807e-08,1.102232e-08,103.06,94.37,9738.07,8916.92,50.04,45.13
5.19763,6,0.4394,0.016,0.015,5.278,5.940,0.9877,0.00972,270.43,52.88,0.56480948,0.7173080396,2.22,1.354159e-08,6.879055e-09,2.268146e-08,1.101501e-08,103.06,94.25,9737.99,8904.84,50.04,45.06
5.19787,6,0.4394,0.016,0.015,5.278,5.940,0.9877,0.00972,270.43,52.88,0.5648085199999999,0.7173068203999999,2.22,1.35012e-08,6.860725e-09,2.266082e-08,1.101408e-08,103.13,94.40,9744.31,8919.16,50.07,45.14
5.19813,6,0.4395,0.016,0.015,5.277,5.940,0.9877,0.00972,270.43,52.88,0.5648074799999999,0.7173054995999999,2.22,1.345123e-08,6.84563e-09,2.263138e-08,1.09977e-08,103.47,94.38,9776.43,8917.92,50.27,45.13
5.19838,6,0.4395,0.016,0.015,5.277,5.940,0.9877,0.00972,270.43,52.88,0.56480648,0.7173042296000001,2.22,1.34186e-08,6.823666e-09,2.261475e-08,1.099091e-08,103.31,94.41,9760.82,8919.96,50.17,45.15
5.19862,6,0.4395,0.016,0.015,5.277,5.940,0.9877,0.00972,270.43,52.88,0.56480552,0.7173030104,2.22,1.338074e-08,6.802675e-09,2.259947e-08,1.098989e-08,103.25,94.51,9755.75,8930.09,50.14,45.21
5.19888,6,0.4396,0.016,0.015,5.277,5.940,0.9877,0.00972,270.43,52.88,0.5648044799999999,0.7173016896,2.22,1.333916e-08,6.786793e-09,2.258687e-08,1.099052e-08,103.44,94.65,9773.37,8942.82,50.25,45.28
5.19913,6,0.4396,0.016,0.015,5.277,5.940,0.9877,0.00972,270.43,52.88,0.5648034799999999,0.7173004195999999,2.22,1.330057e-08,6.764613e-09,2.258487e-08,1.099314e-08,103.36,94.71,9765.88,8948.52,50.20,45.32
5.19937,6,0.4396,0.016,0.015,5.277,5.940,0.9877,0.00972,270.43,52.88,0.56480252,0.7172992004,2.22,1.325432e-08,6.751517e-09,2.258333e-08,1.098765e-08,103.68,94.63,9796.67,8941.01,50.39,45.27
5.19963,6,0.4397,0.016,0.015,5.277,5.940,0.9877,0.00972,270.43,52.88,0.56480148,0.7172978796,2.22,1.322056e-08,6.733022e-09,2.256673e-08,1.099391e-08,103.67,94.89,9795.05,8965.81,50.38,45.42
5.19987,6,0.4397,0.016,0.015,5.277,5.940,0.9877,0.00972,270.43,52.88,0.5648005199999999,0.7172966604,2.22,1.317944e-08,6.716715e-09,2.255999e-08,1.09864e-08,103.81,94.82,9808.84,8959.09,50.46,45.38
5.20012,6,0.4397,0.016,0.015,5.277,5.940,0.9877,0.00972,270.43,52.88,0.56479952,0.7172953904,2.22,1.315456e-08,6.699353e-09,2.2565e-08,1.099208e-08,103.67,94.87,9794.88,8964.24,50.38,45.41
5.20038,6,0.4398,0.016,0.015,5.277,5.940,0.9877,0.00972,270.44,52.88,0.56479848,0.7172940696,2.22,1.311055e-08,6.688685e-09,2.257133e-08,1.099908e-08,104.06,94.96,9832.30,8972.51,50.60,45.46
5.20062,6,0.4398,0.016,0.015,5.277,5.940,0.9877,0.00972,270.44,52.88,0.5647975199999999,0.7172928503999999,2.22,1.309116e-08,6.670045e-09,2.254985e-08,1.09962e-08,103.78,95.09,9806.04,8984.60,50.44,45.53
5.20087,6,0.4398,0.016,0.015,5.277,5.940,0.9877,0.00972,270.44,52.88,0.5647965199999999,0.7172915803999999,2.22,1.30579e-08,6.661245e-09,2.255666e-08,1.099622e-08,104.04,95.03,9830.55,8979.34,50.59,45.50
5.20113,6,0.4399,0.016,0.015,5.277,5.940,0.9877,0.00972,270.44,52.88,0.5647954799999999,0.7172902595999999,2.22,1.302855e-08,6.644815e-09,2.257118e-08,1.099367e-08,104.02,94.89,9828.38,8966.06,50.58,45.42
5.20137,6,0.4399,0.016,0.015,5.277,5.940,0.9877,0.00972,270.44,52.88,0.56479452,0.7172890404,2.22,1.300428e-08,6.631402e-09,2.256255e-08,1.100716e-08,103.99,95.19,9825.25,8994.25,50.56,45.59
5.20162,6,0.4399,0.016,0.015,5.277,5.940,0.9877,0.00972,270.44,52.88,0.5647935199999999,0.7172877703999999,2.22,1.297482e-08,6.617872e-09,2.257864e-08,1.101454e-08,104.04,95.18,9829.78,8993.50,50.58,45.58
5.20188,6,0.4400,0.016,0.015,5.277,5.940,0.9877,0.00972,270.44,52.88,0.5647924799999999,0.7172864495999999,2.22,1.296458e-08,6.611281e-09,2.258703e-08,1.101256e-08,104.02,95.10,9827.86,8985.87,50.57,45.54
5.20212,6,0.4400,0.016,0.015,5.277,5.940,0.9877,0.00972,270.44,52.88,0.56479152,0.7172852304,2.22,1.292446e-08,6.600834e-09,2.257975e-08,1.10075e-08,104.34,95.08,9858.38,8983.46,50.75,45.52
5.20237,6,0.4400,0.016,0.015,5.277,5.940,0.9877,0.00972,270.44,52.88,0.56479052,0.7172839604,2.22,1.291681e-08,6.591315e-09,2.259564e-08,1.103097e-08,104.16,95.34,9841.25,9008.52,50.65,45.67
5.20263,6,0.4401,0.016,0.015,5.277,5.940,0.9877,0.00972,270.44,52.88,0.56478948,0.7172826395999999,2.22,1.289919e-08,6.57991e-09,2.26023e-08,1.102751e-08,104.10,95.25,9836.12,8999.86,50.62,45.62
5.20287,6,0.4401,0.016,0.015,5.277,5.940,0.9877,0.00972,270.44,52.88,0.56478852,0.7172814204,2.22,1.288165e-08,6.571672e-09,2.261933e-08,1.10332e-08,104.13,95.21,9838.29,8995.69,50.63,45.60
5.20312,6,0.4401,0.016,0.015,5.277,5.940,0.9877,0.00972,270.44,52.88,0.56478752,0.7172801504,2.22,1.285819e-08,6.563459e-09,2.261991e-08,1.103785e-08,104.25,95.28,9849.79,9002.65,50.70,45.64
5.20338,6,0.4402,0.016,0.015,5.276,5.940,0.9877,0.00972,270.44,52.88,0.56478648,0.7172788296,2.22,1.283732e-08,6.559578e-09,2.264175e-08,1.10457e-08,104.49,95.26,9872.85,9000.22,50.84,45.62
5.20362,6,0.4402,0.016,0.015,5.276,5.940,0.9877,0.00972,270.44,52.88,0.5647855199999999,0.7172776103999999,2.22,1.283576e-08,6.554996e-09,2.264927e-08,1.105323e-08,104.37,95.32,9861.21,9006.37,50.77,45.66
5.20388,6,0.4402,0.016,0.015,5.276,5.940,0.9877,0.00972,270.44,52.88,0.5647844799999999,0.7172762895999999,2.22,1.281399e-08,6.54579e-09,2.265103e-08,1.106528e-08,104.43,95.51,9867.10,9024.19,50.81,45.77
5.20413,6,0.4403,0.016,0.015,5.276,5.940,0.9877,0.00972,270.44,52.88,0.56478348,0.7172750196000001,2.22,1.279317e-08,6.539347e-09,2.264106e-08,1.106503e-08,104.59,95.61,9882.29,9033.62,50.90,45.82
5.20437,6,0.4403,0.016,0.015,5.276,5.940,0.9877,0.00972,270.44,52.88,0.56478252,0.7172738004,2.22,1.279455e-08,6.535465e-09,2.267258e-08,1.107114e-08,104.44,95.45,9868.12,9018.81,50.81,45.73
5.20463,6,0.4403,0.016,0.015,5.276,5.940,0.9877,0.00972,270.44,52.88,0.56478148,0.7172724796,2.22,1.277489e-08,6.531391e-09,2.267673e-08,1.107322e-08,104.64,95.45,9886.59,9018.90,50.92,45.74
5.20488,6,0.4404,0.016,0.015,5.276,5.940,0.9877,0.00972,270.44,52.88,0.5647804799999999,0.7172712095999999,2.22,1.276287e-08,6.524109e-09,2.267359e-08,1.108023e-08,104.62,95.62,9885.31,9034.56,50.91,45.83
5.20512,6,0.4404,0.016,0.015,5.276,5.940,0.9877,0.00972,270.44,52.88,0.56477952,0.7172699904,2.22,1.275848e-08,6.520223e-09,2.269547e-08,1.108911e-08,104.57,95.59,9880.22,9031.67,50.88,45.81
5.20538,6,0.4404,0.016,0.015,5.276,5.940,0.9877,0.00972,270.44,52.88,0.56477848,0.7172686696,2.22,1.274546e-08,6.511077e-09,2.267909e-08,1.109571e-08,104.49,95.84,9872.49,9054.97,50.84,45.95
5.20563,6,0.4405,0.016,0.015,5.276,5.940,0.9877,0.00972,270.44,52.88,0.5647774799999999,0.7172673996,2.22,1.273596e-08,6.509774e-09,2.27081e-08,1.109395e-08,104.63,95.59,9885.75,9031.60,50.92,45.81
5.20587,6,0.4405,0.016,0.015,5.276,5.940,0.9877,0.00972,270.44,52.88,0.56477652,0.7172661804,2.22,1.272262e-08,6.506288e-09,2.270613e-08,1.110196e-08,104.74,95.74,9896.12,9045.90,50.98,45.90
5.20613,6,0.4405,0.016,0.015,5.276,5.940,0.9877,0.00972,270.44,52.88,0.56477548,0.7172648596,2.22,1.272869e-08,6.503645e-09,2.269582e-08,1.110431e-08,104.55,95.86,9878.26,9057.69,50.87,45.97
5.20638,6,0.4406,0.016,0.015,5.276,5.940,0.9877,0.00972,270.44,52.88,0.56477448,0.7172635895999999,2.22,1.272551e-08,6.498966e-09,2.270605e-08,1.110146e-08,104.47,95.75,9871.01,9047.21,50.83,45.90
5.20662,6,0.4406,0.016,0.015,5.276,5.940,0.9877,0.00972,270.44,52.88,0.5647735199999999,0.7172623704,2.22,1.269748e-08,6.495398e-09,2.271334e-08,1.110621e-08,104.83,95.77,9904.51,9049.10,51.03,45.92
5.20688,6,0.4406,0.016,0.015,5.276,5.940,0.9877,0.00972,270.44,52.88,0.5647724799999999,0.7172610495999999,2.22,1.269014e-08,6.494369e-09,2.272517e-08,1.111131e-08,104.92,95.76,9913.02,9048.01,51.08,45.91
5.20712,6,0.4407,0.016,0.015,5.276,5.940,0.9877,0.00972,270.44,52.88,0.56477152,0.7172598304,2.22,1.268121e-08,6.487885e-09,2.271165e-08,1.111471e-08,104.88,95.95,9909.29,9066.05,51.06,46.02
5.20737,6,0.4407,0.016,0.015,5.276,5.940,0.9877,0.00972,270.44,52.88,0.5647705199999999,0.7172585603999999,2.22,1.266562e-08,6.482718e-09,2.270813e-08,1.111925e-08,104.97,96.06,9918.09,9076.06,51.11,46.08
5.20763,6,0.4407,0.016,0.015,5.276,5.940,0.9877,0.00972,270.44,52.88,0.5647694799999999,0.7172572395999999,2.22,1.266917e-08,6.476427e-09,2.273218e-08,1.111554e-08,104.70,95.80,9892.72,9051.35,50.96,45.93
5.20787,6,0.4408,0.016,0.015,5.276,5.940,0.9877,0.00972,270.44,52.88,0.56476852,0.7172560204,2.22,1.265238e-08,6.472709e-09,2.271808e-08,1.11281e-08,104.89,96.15,9910.20,9084.48,51.06,46.13
5.20812,6,0.4408,0.016,0.015,5.276,5.940,0.9877,0.00972,270.44,52.88,0.56476752,0.7172547504,2.22,1.263639e-08,6.465997e-09,2.271818e-08,1.112243e-08,104.94,96.05,9914.81,9075.33,51.09,46.07
5.20838,6,0.4408,0.016,0.015,5.276,5.940,0.9877,0.00972,270.44,52.88,0.56476648,0.7172534295999999,2.22,1.262726e-08,6.46706e-09,2.271466e-08,1.113229e-08,105.13,96.25,9932.85,9093.87,51.20,46.18
5.20862,6,0.4409,0.016,0.015,5.275,5.940,0.9877,0.00972,270.44,52.88,0.5647655199999999,0.7172522103999999,2.22,1.260794e-08,6.455047e-09,2.270782e-08,1.11289e-08,105.08,96.27,9928.42,9095.87,51.17,46.19
5.20887,6,0.4409,0.016,0.015,5.275,5.940,0.9877,0.00972,270.44,52.88,0.56476452,0.7172509404,2.22,1.259818e-08,6.451723e-09,2.271302e-08,1.112454e-08,105.14,96.15,9933.70,9084.81,51.20,46.13
5.20913,6,0.4409,0.016,0.015,5.275,5.940,0.9877,0.00972,270.44,52.88,0.56476348,0.7172496196,2.22,1.258136e-08,6.44628e-09,2.272386e-08,1.11333e-08,105.24,96.21,9943.73,9090.33,51.26,46.16
5.20937,6,0.4410,0.016,0.015,5.275,5.940,0.9877,0.00972,270.44,52.88,0.5647625199999999,0.7172484003999999,2.22,1.257117e-08,6.434316e-09,2.273576e-08,1.113886e-08,105.04,96.23,9924.65,9091.96,51.15,46.17
5.20962,6,0.4410,0.016,0.015,5.275,5.940,0.9877,0.00972,270.44,52.88,0.5647615199999999,0.7172471303999999,2.22,1.25607e-08,6.420157e-09,2.272473e-08,1.113678e-08,104.75,96.28,9896.86,9097.28,50.98,46.20
5.20988,6,0.4411,0.016,0.015,5.275,5.940,0.9877,0.00972,270.44,52.88,0.56476048,0.7172458096000001,2.22,1.253547e-08,6.416741e-09,2.271312e-08,1.113352e-08,105.09,96.35,9929.11,9103.24,51.17,46.24
5.21012,6,0.4411,0.016,0.015,5.275,5.940,0.9877,0.00972,270.44,52.88,0.56475952,0.7172445904,2.22,1.25201e-08,6.40813e-09,2.27165e-08,1.114053e-08,105.06,96.44,9926.75,9111.83,51.16,46.29
5.21037,6,0.4411,0.016,0.015,5.275,5.940,0.9877,0.00972,270.44,52.88,0.5647585199999999,0.7172433203999999,2.22,1.249684e-08,6.401021e-09,2.273154e-08,1.114986e-08,105.22,96.47,9942.01,9114.96,51.25,46.31
5.21063,6,0.4412,0.016,0.015,5.275,5.940,0.9877,0.00972,270.44,52.88,0.5647574799999999,0.7172419995999999,2.22,1.249746e-08,6.39536e-09,2.273565e-08,1.115217e-08,105.05,96.50,9925.25,9117.50,51.15,46.32
5.21087,6,0.4412,0.016,0.015,5.275,5.940,0.9877,0.00972,270.44,52.88,0.56475652,0.7172407803999999,2.22,1.246867e-08,6.38423e-09,2.273739e-08,1.115931e-08,105.17,96.60,9936.73,9127.60,51.22,46.38
5.21113,6,0.4412,0.016,0.015,5.275,5.940,0.9877,0.00972,270.44,52.88,0.56475548,0.7172394596,2.22,1.245153e-08,6.37708e-09,2.274652e-08,1.115679e-08,105.22,96.48,9941.93,9116.36,51.25,46.32
5.21138,6,0.4413,0.016,0.015,5.275,5.940,0.9877,0.00972,270.44,52.88,0.56475448,0.7172381896,2.22,1.243617e-08,6.368975e-09,2.276741e-08,1.11683e-08,105.24,96.53,9943.42,9120.45,51.26,46.34
5.21162,6,0.4413,0.016,0.015,5.275,5.940,0.9877,0.00972,270.44,52.88,0.56475352,0.7172369704,2.22,1.241961e-08,6.35785e-09,2.275953e-08,1.116861e-08,105.15,96.60,9934.95,9127.15,51.21,46.38
5.21188,6,0.4413,0.016,0.015,5.275,5.940,0.9877,0.00972,270.44,52.88,0.56475248,0.7172356496,2.22,1.240172e-08,6.349789e-09,2.278066e-08,1.117628e-08,105.19,96.55,9938.47,9122.83,51.23,46.35
5.21213,6,0.4414,0.016,0.015,5.275,5.940,0.9877,0.00973,270.44,52.88,0.56475148,0.7172343796,2.22,1.237208e-08,6.337127e-09,2.277503e-08,1.118557e-08,105.30,96.78,9948.81,9144.23,51.29,46.48
5.21237,6,0.4414,0.016,0.015,5.275,5.940,0.9877,0.00973,270.44,52.88,0.5647505199999999,0.7172331604,2.22,1.235541e-08,6.331283e-09,2.279817e-08,1.11918e-08,105.39,96.69,9957.49,9136.00,51.34,46.43
5.21263,6,0.4414,0.016,0.015,5.275,5.940,0.9877,0.00973,270.44,52.88,0.5647494799999999,0.7172318395999999,2.22,1.233938e-08,6.320456e-09,2.282003e-08,1.120952e-08,105.30,96.81,9949.06,9147.20,51.29,46.50
5.21288,6,0.4415,0.016,0.015,5.275,5.940,0.9877,0.00973,270.44,52.88,0.56474848,0.7172305696,2.22,1.231906e-08,6.310809e-09,2.283632e-08,1.121346e-08,105.35,96.76,9953.77,9142.76,51.32,46.47
5.21312,6,0.4415,0.016,0.015,5.275,5.940,0.9877,0.00973,270.44,52.88,0.56474752,0.7172293503999999,2.22,1.229569e-08,6.29867e-09,2.285525e-08,1.122578e-08,105.34,96.82,9953.23,9147.60,51.32,46.50
5.21338,6,0.4415,0.016,0.015,5.275,5.940,0.9877,0.00973,270.44,52.88,0.5647464799999999,0.7172280296,2.22,1.227589e-08,6.294635e-09,2.287187e-08,1.124209e-08,105.55,96.95,9973.07,9160.65,51.44,46.58
5.21363,6,0.4416,0.016,0.015,5.274,5.940,0.9877,0.00973,270.44,52.88,0.5647454799999999,0.7172267595999999,2.22,1.226225e-08,6.28477e-09,2.290436e-08,1.125849e-08,105.48,96.98,9965.99,9163.42,51.39,46.60
5.21387,6,0.4416,0.016,0.015,5.274,5.940,0.9877,0.00973,270.44,52.88,0.56474452,0.7172255404,2.22,1.224139e-08,6.27752e-09,2.293318e-08,1.126672e-08,105.60,96.88,9977.21,9153.93,51.46,46.54
5.21413,6,0.4416,0.016,0.015,5.274,5.940,0.9877,0.00973,270.44,52.88,0.56474348,0.7172242195999999,2.22,1.2233e-08,6.266211e-09,2.295526e-08,1.128585e-08,105.35,97.02,9954.36,9167.15,51.32,46.62
5.21438,6,0.4417,0.016,0.015,5.274,5.940,0.9877,0.00973,270.44,52.88,0.5647424799999999,0.7172229495999999,2.22,1.221662e-08,6.263441e-09,2.298702e-08,1.130136e-08,105.57,97.04,9974.97,9169.06,51.45,46.63
5.21462,6,0.4417,0.016,0.015,5.274,5.940,0.9877,0.00973,270.44,52.88,0.56474152,0.7172217304,2.22,1.219389e-08,6.252124e-09,2.302008e-08,1.132275e-08,105.58,97.13,9976.07,9177.25,51.45,46.68
5.21488,6,0.4417,0.016,0.015,5.274,5.940,0.9877,0.00973,270.44,52.88,0.56474048,0.7172204096,2.22,1.218783e-08,6.247616e-09,2.306072e-08,1.134126e-08,105.54,97.10,9971.48,9174.90,51.42,46.66
5.21512,6,0.4418,0.016,0.015,5.274,5.940,0.9877,0.00973,270.44,52.88,0.5647395199999999,0.7172191903999999,2.22,1.217779e-08,6.242133e-09,2.309731e-08,1.136114e-08,105.55,97.16,9972.64,9179.97,51.43,46.69
5.21537,6,0.4418,0.016,0.015,5.274,5.940,0.9877,0.00973,270.44,52.88,0.5647385199999999,0.7172179203999999,2.22,1.216001e-08,6.236505e-09,2.313909e-08,1.137959e-08,105.67,97.12,9984.09,9176.64,51.50,46.67
5.21563,6,0.4418,0.016,0.015,5.274,5.940,0.9877,0.00973,270.44,52.88,0.56473748,0.7172165996000001,2.22,1.215228e-08,6.232051e-09,2.317469e-08,1.140342e-08,105.65,97.23,9982.48,9186.66,51.49,46.73
5.21587,6,0.4419,0.016,0.015,5.274,5.940,0.9877,0.00973,270.44,52.88,0.56473652,0.7172153804,2.22,1.214564e-08,6.228916e-09,2.321714e-08,1.142668e-08,105.68,97.29,9985.62,9192.49,51.51,46.77
5.21612,6,0.4419,0.016,0.015,5.274,5.940,0.9877,0.00973,270.44,52.88,0.5647355199999999,0.7172141103999999,2.22,1.213191e-08,6.224018e-09,2.325581e-08,1.144513e-08,105.76,97.28,9992.69,9191.57,51.55,46.76
5.21638,6,0.4419,0.016,0.015,5.274,5.940,0.9877,0.00973,270.44,52.88,0.5647344799999999,0.7172127895999999,2.22,1.211978e-08,6.213601e-09,2.330042e-08,1.147682e-08,105.61,97.44,9978.86,9206.95,51.47,46.85
5.21662,6,0.4420,0.016,0.015,5.274,5.940,0.9877,0.00973,270.44,52.88,0.56473352,0.7172115703999999,2.22,1.210736e-08,6.212322e-09,2.334177e-08,1.149158e-08,105.81,97.37,9997.92,9200.19,51.58,46.81
5.21687,6,0.4420,0.016,0.015,5.274,5.940,0.9877,0.00973,270.44,52.88,0.56473252,0.7172103004,2.22,1.210754e-08,6.211361e-09,2.340119e-08,1.15146e-08,105.78,97.27,9994.44,9190.39,51.56,46.76
5.21713,6,0.4420,0.016,0.015,5.274,5.940,0.9877,0.00973,270.44,52.88,0.56473148,0.7172089796,2.22,1.210328e-08,6.207344e-09,2.343438e-08,1.154794e-08,105.71,97.55,9988.39,9217.12,51.53,46.92
5.21737,6,0.4421,0.016,0.015,5.274,5.940,0.9877,0.00973,270.44,52.88,0.56473052,0.7172077604,2.22,1.20934e-08,6.209083e-09,2.348917e-08,1.158071e-08,105.98,97.67,10013.18,9228.27,51.67,46.98
5.21762,6,0.4421,0.016,0.015,5.274,5.940,0.9877,0.00973,270.44,52.88,0.56472952,0.7172064904,2.22,1.209066e-08,6.203835e-09,2.352697e-08,1.159942e-08,105.84,97.67,10000.45,9228.38,51.60,46.98
5.21788,6,0.4421,0.016,0.015,5.274,5.940,0.9877,0.00973,270.44,52.88,0.56472848,0.7172051696,2.22,1.208963e-08,6.203886e-09,2.360343e-08,1.162584e-08,105.86,97.48,10002.37,9210.76,51.61,46.88
5.21812,6,0.4422,0.016,0.015,5.274,5.940,0.9877,0.00973,270.44,52.88,0.5647275199999999,0.7172039504,2.22,1.208943e-08,6.202316e-09,2.363262e-08,1.165508e-08,105.83,97.75,9999.78,9236.05,51.59,47.03
5.21837,6,0.4422,0.016,0.015,5.274,5.940,0.9877,0.00973,270.44,52.88,0.56472652,0.7172026804,2.22,1.208484e-08,6.205189e-09,2.36903e-08,1.167427e-08,106.02,97.60,10017.11,9221.63,51.70,46.94
5.21863,6,0.4422,0.016,0.015,5.274,5.940,0.9877,0.00973,270.44,52.88,0.56472548,0.7172013596,2.22,1.208801e-08,6.206117e-09,2.374109e-08,1.169878e-08,105.99,97.59,10014.79,9220.82,51.68,46.94
5.21887,6,0.4423,0.016,0.015,5.273,5.940,0.9877,0.00973,270.44,52.88,0.56472452,0.7172001403999999,2.22,1.209325e-08,6.209395e-09,2.377106e-08,1.173202e-08,106.04,97.92,10019.00,9251.62,51.71,47.12
5.21913,6,0.4423,0.016,0.015,5.273,5.940,0.9877,0.00973,270.44,52.88,0.5647234799999999,0.7171988196,2.22,1.208967e-08,6.208248e-09,2.383224e-08,1.175079e-08,106.06,97.73,10021.29,9233.90,51.72,47.01
5.21938,6,0.4423,0.016,0.015,5.273,5.940,0.9877,0.00973,270.44,52.88,0.5647224799999999,0.7171975495999999,2.22,1.208385e-08,6.208565e-09,2.385696e-08,1.177348e-08,106.18,97.90,10032.27,9250.17,51.79,47.11
5.21962,6,0.4424,0.016,0.015,5.273,5.940,0.9877,0.00973,270.44,52.88,0.56472152,0.7171963304,2.22,1.208987e-08,6.211168e-09,2.390499e-08,1.180754e-08,106.19,98.09,10032.91,9268.32,51.79,47.22
5.21988,6,0.4424,0.016,0.015,5.273,5.940,0.9877,0.00973,270.44,52.88,0.56472048,0.7171950095999999,2.22,1.210105e-08,6.216454e-09,2.397732e-08,1.182336e-08,106.17,97.77,10031.39,9237.58,51.78,47.04
5.22013,6,0.4424,0.016,0.015,5.273,5.940,0.9877,0.00973,270.44,52.88,0.5647194799999999,0.7171937395999999,2.22,1.210869e-08,6.213963e-09,2.400886e-08,1.184656e-08,105.94,97.89,10010.14,9249.36,51.65,47.11
5.22037,6,0.4425,0.016,0.015,5.273,5.940,0.9877,0.00973,270.44,52.88,0.56471852,0.7171925204,2.22,1.211343e-08,6.217431e-09,2.405177e-08,1.187531e-08,106.00,98.04,10015.83,9263.12,51.69,47.19
5.22063,6,0.4425,0.016,0.015,5.273,5.940,0.9877,0.00973,270.44,52.88,0.56471748,0.7171911996,2.22,1.210688e-08,6.220878e-09,2.409848e-08,1.188537e-08,106.24,97.83,10038.40,9243.15,51.82,47.07
5.22088,6,0.4425,0.016,0.015,5.273,5.940,0.9877,0.00973,270.44,52.88,0.56471648,0.7171899295999999,2.22,1.211274e-08,6.222399e-09,2.414131e-08,1.192061e-08,106.19,98.06,10033.46,9264.79,51.79,47.20
5.22112,6,0.4426,0.016,0.015,5.273,5.940,0.9877,0.00973,270.44,52.88,0.5647155199999999,0.7171887103999999,2.22,1.211662e-08,6.225825e-09,2.419425e-08,1.19311e-08,106.27,97.82,10040.48,9242.94,51.83,47.07
5.22138,6,0.4426,0.016,0.015,5.273,5.940,0.9877,0.00973,270.44,52.88,0.5647144799999999,0.7171873896,2.22,1.212447e-08,6.22567e-09,2.422593e-08,1.194732e-08,106.12,97.83,10026.61,9243.85,51.75,47.07
5.22163,6,0.4426,0.016,0.015,5.273,5.940,0.9877,0.00973,270.44,52.88,0.56471348,0.7171861196,2.22,1.212896e-08,6.229792e-09,2.425248e-08,1.196857e-08,106.18,97.97,10032.62,9256.29,51.79,47.15
5.22187,6,0.4427,0.016,0.015,5.273,5.940,0.9877,0.00973,270.44,52.88,0.5647125199999999,0.7171849003999999,2.22,1.214086e-08,6.231861e-09,2.429422e-08,1.199837e-08,106.06,98.14,10021.52,9272.42,51.72,47.24
5.22213,6,0.4427,0.016,0.015,5.273,5.940,0.9877,0.00973,270.44,52.88,0.5647114799999999,0.7171835795999999,2.22,1.213842e-08,6.228423e-09,2.435036e-08,1.20086e-08,105.99,97.85,10014.30,9245.81,51.68,47.08
5.22238,6,0.4427,0.016,0.015,5.273,5.940,0.9877,0.00973,270.44,52.88,0.56471048,0.7171823096000001,2.22,1.21455e-08,6.230084e-09,2.436535e-08,1.202763e-08,105.92,98.04,10007.79,9263.49,51.64,47.19
5.22262,6,0.4428,0.016,0.015,5.273,5.940,0.9877,0.00973,270.44,52.88,0.56470952,0.7171810904,2.22,1.214254e-08,6.228285e-09,2.438198e-08,1.203843e-08,105.93,98.11,10009.13,9269.52,51.65,47.23
5.22288,6,0.4428,0.016,0.015,5.273,5.940,0.9877,0.00973,270.44,52.88,0.56470848,0.7171797696,2.22,1.214857e-08,6.230532e-09,2.441952e-08,1.205173e-08,105.90,98.02,10006.34,9261.58,51.63,47.18
5.22312,6,0.4428,0.016,0.015,5.273,5.940,0.9877,0.00973,270.44,52.88,0.5647075199999999,0.7171785503999999,2.22,1.214002e-08,6.228019e-09,2.445257e-08,1.207238e-08,105.97,98.09,10012.51,9268.15,51.67,47.22
5.22337,6,0.4429,0.016,0.015,5.273,5.940,0.9877,0.00973,270.44,52.88,0.56470652,0.7171772804,2.22,1.213803e-08,6.230963e-09,2.447369e-08,1.208321e-08,106.13,98.12,10027.88,9270.86,51.76,47.23
5.22363,6,0.4429,0.016,0.015,5.273,5.940,0.9877,0.00973,270.44,52.88,0.56470548,0.7171759596,2.22,1.214551e-08,6.227094e-09,2.450324e-08,1.209246e-08,105.86,98.03,10002.43,9262.78,51.61,47.19
5.22387,6,0.4429,0.016,0.015,5.273,5.940,0.9877,0.00973,270.44,52.88,0.5647045199999999,0.7171747404,2.22,1.213653e-08,6.228889e-09,2.452251e-08,1.210694e-08,106.09,98.11,10023.57,9270.29,51.73,47.23
5.22412,6,0.4430,0.016,0.015,5.272,5.940,0.9877,0.00973,270.44,52.88,0.5647035199999999,0.7171734703999999,2.22,1.21272e-08,6.228618e-09,2.454908e-08,1.212016e-08,106.27,98.14,10040.79,9272.54,51.84,47.24
5.22438,6,0.4430,0.016,0.015,5.272,5.940,0.9877,0.00973,270.44,52.88,0.56470248,0.7171721496,2.22,1.213404e-08,6.227282e-09,2.456605e-08,1.213669e-08,106.10,98.27,10024.74,9284.86,51.74,47.32
5.22462,6,0.4430,0.016,0.015,5.272,5.940,0.9877,0.00973,270.44,52.88,0.56470152,0.7171709303999999,2.22,1.213051e-08,6.222591e-09,2.456093e-08,1.214279e-08,106.00,98.41,10015.22,9297.92,51.68,47.40
5.22487,6,0.4431,0.016,0.015,5.272,5.940,0.9877,0.00973,270.44,52.88,0.5647005199999999,0.7171696604,2.22,1.21204e-08,6.217594e-09,2.461911e-08,1.214807e-08,106.03,98.05,10018.11,9264.59,51.70,47.20
5.22513,6,0.4431,0.016,0.015,5.272,5.940,0.9877,0.00973,270.44,52.88,0.5646994799999999,0.7171683395999999,2.22,1.210669e-08,6.211372e-09,2.461818e-08,1.215833e-08,106.06,98.22,10020.79,9280.75,51.72,47.29
5.22537,6,0.4432,0.016,0.015,5.272,5.940,0.9877,0.00973,270.44,52.88,0.56469852,0.7171671204,2.22,1.211073e-08,6.207671e-09,2.465412e-08,1.217407e-08,105.88,98.21,10003.95,9279.81,51.61,47.29
5.22562,6,0.4432,0.016,0.015,5.272,5.940,0.9877,0.00973,270.44,52.88,0.56469752,0.7171658503999999,2.22,1.210119e-08,6.201865e-09,2.466616e-08,1.217341e-08,105.85,98.11,10000.92,9269.88,51.60,47.23
5.22588,6,0.4432,0.016,0.015,5.272,5.940,0.9877,0.00973,270.44,52.88,0.56469648,0.7171645296,2.22,1.208734e-08,6.194085e-09,2.468115e-08,1.217956e-08,105.82,98.09,9998.66,9268.00,51.58,47.22
5.22612,6,0.4433,0.016,0.015,5.272,5.940,0.9877,0.00973,270.44,52.88,0.56469552,0.7171633104,2.22,1.207106e-08,6.186948e-09,2.469358e-08,1.219874e-08,105.89,98.32,10004.91,9289.71,51.62,47.35
5.22637,6,0.4433,0.016,0.015,5.272,5.940,0.9877,0.00973,270.44,52.88,0.56469452,0.7171620404,2.22,1.206375e-08,6.184989e-09,2.47063e-08,1.220913e-08,105.95,98.38,10010.85,9295.89,51.66,47.38
5.22663,6,0.4433,0.016,0.015,5.272,5.940,0.9877,0.00973,270.44,52.88,0.56469348,0.7171607195999999,2.22,1.204621e-08,6.173742e-09,2.473271e-08,1.221282e-08,105.87,98.24,10003.35,9281.82,51.61,47.30
5.22687,6,0.4434,0.016,0.015,5.272,5.940,0.9877,0.00973,270.44,52.88,0.5646925199999999,0.7171595003999999,2.22,1.203553e-08,6.166342e-09,2.476127e-08,1.222216e-08,105.83,98.18,9999.20,9276.77,51.59,47.27
5.22713,6,0.4434,0.016,0.015,5.272,5.940,0.9877,0.00973,270.44,52.88,0.5646914799999999,0.7171581796,2.22,1.20228e-08,6.159076e-09,2.477954e-08,1.222788e-08,105.80,98.13,9996.73,9271.84,51.57,47.24
5.22738,6,0.4434,0.016,0.015,5.272,5.940,0.9877,0.00973,270.44,52.88,0.56469048,0.7171569096,2.22,1.19992e-08,6.149864e-09,2.478568e-08,1.223267e-08,105.90,98.16,10006.33,9274.47,51.63,47.25
5.22762,6,0.4435,0.016,0.015,5.272,5.940,0.9877,0.00973,270.44,52.88,0.56468952,0.7171556903999999,2.22,1.198645e-08,6.13987e-09,2.480123e-08,1.22506e-08,105.81,98.34,9997.03,9291.92,51.57,47.36
5.22788,6,0.4435,0.016,0.015,5.272,5.940,0.9877,0.00973,270.44,52.88,0.5646884799999999,0.7171543695999999,2.22,1.196563e-08,6.132132e-09,2.482545e-08,1.22617e-08,105.91,98.33,10006.82,9290.63,51.63,47.35
5.22813,6,0.4435,0.016,0.015,5.272,5.940,0.9877,0.00973,270.44,52.88,0.5646874799999999,0.7171530995999998,2.22,1.195221e-08,6.126957e-09,2.484375e-08,1.22582e-08,105.97,98.13,10012.53,9271.89,51.66,47.24
5.22837,6,0.4436,0.016,0.015,5.272,5.940,0.9877,0.00973,270.44,52.88,0.56468652,0.7171518804,2.22,1.193331e-08,6.11502e-09,2.486941e-08,1.227066e-08,105.91,98.15,10007.24,9273.68,51.63,47.25
5.22863,6,0.4436,0.016,0.015,5.272,5.940,0.9877,0.00973,270.44,52.88,0.56468548,0.7171505596,2.22,1.191357e-08,6.105728e-09,2.489191e-08,1.228202e-08,105.94,98.15,10010.00,9274.06,51.65,47.25
5.22888,6,0.4436,0.016,0.015,5.272,5.940,0.9877,0.00973,270.44,52.88,0.5646844799999999,0.7171492895999999,2.22,1.189524e-08,6.097967e-09,2.490485e-08,1.229524e-08,106.00,98.26,10015.51,9284.25,51.68,47.31
5.22912,6,0.4437,0.016,0.015,5.271,5.940,0.9877,0.00973,270.44,52.88,0.56468352,0.7171480704,2.22,1.188541e-08,6.086972e-09,2.491505e-08,1.231018e-08,105.81,98.44,9997.69,9301.13,51.58,47.41
5.22938,6,0.4437,0.016,0.015,5.271,5.940,0.9877,0.00973,270.44,52.88,0.56468248,0.7171467496,2.22,1.1868e-08,6.072685e-09,2.497935e-08,1.231533e-08,105.62,98.02,9979.60,9261.56,51.47,47.18
5.22963,6,0.4437,0.016,0.015,5.271,5.940,0.9877,0.00973,270.44,52.88,0.56468148,0.7171454796,2.22,1.184691e-08,6.067108e-09,2.498917e-08,1.232555e-08,105.81,98.11,9997.20,9269.53,51.57,47.22
5.22987,6,0.4438,0.016,0.015,5.271,5.940,0.9877,0.00973,270.44,52.88,0.5646805199999999,0.7171442603999999,2.22,1.18279e-08,6.05354e-09,2.500713e-08,1.233942e-08,105.69,98.21,9986.49,9279.06,51.51,47.28
5.23013,6,0.4438,0.016,0.015,5.271,5.940,0.9877,0.00973,270.44,52.88,0.56467948,0.7171429396,2.22,1.181288e-08,6.043003e-09,2.502349e-08,1.235397e-08,105.59,98.31,9976.85,9288.67,51.45,47.34
5.23038,6,0.4438,0.016,0.015,5.271,5.940,0.9877,0.00973,270.44,52.88,0.56467848,0.7171416696,2.22,1.178842e-08,6.03856e-09,2.506152e-08,1.236372e-08,105.88,98.17,10004.23,9275.30,51.61,47.26
5.23062,6,0.4439,0.016,0.015,5.271,5.940,0.9877,0.00973,270.44,52.88,0.5646775199999999,0.7171404504,2.22,1.17647e-08,6.026671e-09,2.508205e-08,1.237066e-08,105.91,98.14,10007.37,9272.67,51.63,47.24
5.23088,6,0.4439,0.016,0.015,5.271,5.940,0.9877,0.00973,270.44,52.88,0.5646764799999999,0.7171391295999999,2.22,1.175428e-08,6.015763e-09,2.512184e-08,1.238697e-08,105.71,98.09,9988.41,9267.78,51.52,47.21
5.23112,6,0.4439,0.016,0.015,5.271,5.940,0.9877,0.00973,270.44,52.88,0.56467552,0.7171379104,2.22,1.172412e-08,6.012581e-09,2.512104e-08,1.239249e-08,106.16,98.18,10030.28,9276.52,51.77,47.26
5.23137,6,0.4440,0.016,0.015,5.271,5.940,0.9877,0.00973,270.44,52.88,0.56467452,0.7171366403999999,2.22,1.171789e-08,6.003215e-09,2.513963e-08,1.241204e-08,105.96,98.36,10011.41,9293.94,51.66,47.37
5.23163,6,0.4440,0.016,0.015,5.271,5.940,0.9877,0.00973,270.44,52.88,0.56467348,0.7171353196,2.22,1.169337e-08,5.992309e-09,2.51897e-08,1.242254e-08,106.02,98.14,10017.09,9272.98,51.69,47.24
5.23187,6,0.4440,0.016,0.015,5.271,5.940,0.9877,0.00973,270.44,52.88,0.56467252,0.7171341004,2.22,1.168246e-08,5.984286e-09,2.522391e-08,1.243983e-08,105.93,98.15,10008.75,9273.59,51.64,47.25
5.23212,6,0.4441,0.016,0.015,5.271,5.940,0.9877,0.00973,270.44,52.88,0.56467152,0.7171328304,2.22,1.166023e-08,5.975815e-09,2.524152e-08,1.245132e-08,106.06,98.21,10021.03,9279.81,51.71,47.28
5.23238,6,0.4441,0.016,0.015,5.271,5.940,0.9877,0.00973,270.44,52.88,0.56467048,0.7171315095999999,2.22,1.16525e-08,5.969668e-09,2.526211e-08,1.246081e-08,105.98,98.20,10013.51,9278.83,51.67,47.28
5.23262,6,0.4441,0.016,0.015,5.271,5.940,0.9877,0.00973,270.44,52.88,0.5646695199999999,0.7171302903999999,2.22,1.163441e-08,5.960231e-09,2.528138e-08,1.245958e-08,105.97,98.04,10012.92,9263.08,51.67,47.18
5.23287,6,0.4442,0.016,0.015,5.271,5.940,0.9877,0.00973,270.44,52.88,0.56466852,0.7171290204,2.22,1.161792e-08,5.956698e-09,2.531743e-08,1.248273e-08,106.18,98.14,10032.15,9273.05,51.78,47.24
5.23313,6,0.4442,0.016,0.015,5.271,5.940,0.9877,0.00973,270.44,52.88,0.56466748,0.7171276996,2.22,1.160875e-08,5.947843e-09,2.532714e-08,1.248967e-08,106.03,98.18,10017.79,9276.20,51.69,47.26
5.23337,6,0.4442,0.016,0.015,5.271,5.940,0.9877,0.00973,270.44,52.88,0.56466652,0.7171264803999999,2.22,1.158673e-08,5.94168e-09,2.535149e-08,1.250442e-08,106.21,98.22,10035.52,9280.22,51.80,47.29
5.23362,6,0.4443,0.016,0.015,5.271,5.940,0.9877,0.00973,270.44,52.88,0.5646655199999999,0.7171252103999999,2.22,1.157206e-08,5.930016e-09,2.536092e-08,1.251124e-08,106.08,98.27,10023.42,9285.48,51.73,47.32
5.23388,6,0.4443,0.016,0.015,5.271,5.940,0.9877,0.00973,270.44,52.88,0.5646644799999999,0.7171238896,2.22,1.156872e-08,5.925656e-09,2.538799e-08,1.252186e-08,105.99,98.23,10014.24,9281.48,51.67,47.29
5.23412,6,0.4443,0.016,0.015,5.271,5.940,0.9877,0.00973,270.44,52.88,0.56466352,0.7171226704,2.22,1.154884e-08,5.916591e-09,2.540381e-08,1.252873e-08,106.03,98.22,10018.12,9280.12,51.70,47.29
5.23438,6,0.4444,0.016,0.015,5.270,5.940,0.9877,0.00973,270.44,52.88,0.56466248,0.7171213496,2.22,1.153529e-08,5.916141e-09,2.540598e-08,1.25407e-08,106.29,98.41,10042.97,9298.15,51.84,47.39
5.23463,6,0.4444,0.016,0.015,5.270,5.940,0.9877,0.00973,270.44,52.88,0.5646614799999999,0.7171200795999999,2.22,1.150965e-08,5.908483e-09,2.54374e-08,1.254011e-08,106.49,98.16,10062.17,9274.64,51.96,47.25
5.23487,6,0.4444,0.016,0.015,5.270,5.940,0.9877,0.00973,270.44,52.88,0.56466052,0.7171188604000001,2.22,1.150466e-08,5.901782e-09,2.544292e-08,1.256234e-08,106.34,98.46,10047.69,9303.13,51.87,47.42
5.23513,6,0.4445,0.016,0.015,5.270,5.940,0.9877,0.00973,270.44,52.88,0.56465948,0.7171175396,2.22,1.14993e-08,5.896311e-09,2.545752e-08,1.256002e-08,106.26,98.34,10040.43,9291.30,51.83,47.35
5.23538,6,0.4445,0.016,0.015,5.270,5.940,0.9877,0.00973,270.44,52.88,0.56465848,0.7171162696,2.22,1.148524e-08,5.896276e-09,2.546237e-08,1.25606e-08,106.53,98.31,10065.57,9288.66,51.98,47.34
5.23562,6,0.4445,0.016,0.015,5.270,5.940,0.9877,0.00973,270.44,52.88,0.5646575199999999,0.7171150503999999,2.22,1.146721e-08,5.885402e-09,2.546946e-08,1.255416e-08,106.47,98.15,10059.89,9274.17,51.94,47.25
5.23588,6,0.4446,0.016,0.015,5.270,5.940,0.9877,0.00973,270.44,52.88,0.56465648,0.7171137296000001,2.22,1.145109e-08,5.8801e-09,2.546655e-08,1.256399e-08,106.61,98.35,10072.61,9292.68,52.02,47.36
5.23613,6,0.4446,0.016,0.015,5.270,5.940,0.9877,0.00973,270.44,52.88,0.56465548,0.7171124596,2.22,1.143975e-08,5.873961e-09,2.545322e-08,1.256041e-08,106.59,98.40,10071.49,9297.06,52.01,47.39
5.23637,6,0.4446,0.016,0.015,5.270,5.940,0.9877,0.00973,270.44,52.88,0.5646545199999999,0.7171112404,2.22,1.14254e-08,5.863658e-09,2.545956e-08,1.256538e-08,106.48,98.43,10061.14,9299.75,51.95,47.40
5.23663,6,0.4447,0.016,0.015,5.270,5.940,0.9877,0.00973,270.44,52.88,0.5646534799999999,0.7171099195999999,2.22,1.140674e-08,5.860331e-09,2.54515e-08,1.255613e-08,106.74,98.37,10085.50,9294.14,52.10,47.37
5.23688,6,0.4447,0.016,0.015,5.270,5.940,0.9877,0.00973,270.44,52.88,0.56465248,0.7171086496,2.22,1.139954e-08,5.853501e-09,2.545566e-08,1.255555e-08,106.62,98.33,10074.42,9290.30,52.03,47.34
5.23712,6,0.4447,0.016,0.015,5.270,5.940,0.9877,0.00973,270.44,52.88,0.56465152,0.7171074303999999,2.22,1.13839e-08,5.84915e-09,2.543428e-08,1.255524e-08,106.76,98.48,10087.46,9305.26,52.11,47.43
5.23738,6,0.4448,0.016,0.015,5.270,5.940,0.9877,0.00973,270.44,52.88,0.56465048,0.7171061096,2.22,1.136632e-08,5.837017e-09,2.541519e-08,1.255013e-08,106.67,98.57,10078.72,9313.68,52.06,47.48
5.23763,6,0.4448,0.016,0.015,5.270,5.940,0.9877,0.00973,270.45,52.88,0.5646494799999999,0.7171048395999999,2.22,1.134751e-08,5.829751e-09,2.541521e-08,1.254092e-08,106.76,98.43,10087.23,9300.17,52.11,47.40
5.23787,6,0.4448,0.016,0.015,5.270,5.940,0.9877,0.00973,270.45,52.88,0.56464852,0.7171036204,2.22,1.133754e-08,5.826371e-09,2.540319e-08,1.253638e-08,106.83,98.45,10093.44,9302.21,52.14,47.42
5.23813,6,0.4449,0.016,0.015,5.270,5.940,0.9877,0.00973,270.45,52.88,0.56464748,0.7171022995999999,2.22,1.131116e-08,5.814078e-09,2.537741e-08,1.253069e-08,106.90,98.58,10100.23,9314.62,52.18,47.49
5.23837,6,0.4449,0.016,0.015,5.270,5.940,0.9877,0.00973,270.45,52.88,0.5646465199999999,0.7171010803999999,2.22,1.130238e-08,5.807497e-09,2.535466e-08,1.252122e-08,106.82,98.61,10092.83,9317.21,52.14,47.51
5.23862,6,0.4449,0.016,0.015,5.270,5.940,0.9877,0.00973,270.45,52.88,0.56464552,0.7170998104,2.22,1.128402e-08,5.795262e-09,2.533012e-08,1.2509e-08,106.71,98.61,10082.81,9317.06,52.08,47.50
5.23888,6,0.4450,0.016,0.015,5.270,5.940,0.9877,0.00973,270.45,52.88,0.56464448,0.7170984896,2.22,1.126463e-08,5.787397e-09,2.532513e-08,1.249778e-08,106.82,98.49,10092.58,9306.28,52.14,47.44
5.23912,6,0.4450,0.016,0.015,5.270,5.940,0.9877,0.00973,270.45,52.88,0.56464352,0.7170972703999999,2.22,1.123879e-08,5.775699e-09,2.528013e-08,1.249684e-08,106.88,98.83,10098.25,9337.65,52.17,47.63
5.23937,6,0.4450,0.016,0.015,5.270,5.940,0.9877,0.00973,270.45,52.88,0.5646425199999999,0.7170960003999999,2.22,1.121972e-08,5.765807e-09,2.525135e-08,1.247964e-08,106.87,98.78,10097.92,9333.25,52.17,47.60
5.23963,6,0.4451,0.016,0.015,5.269,5.940,0.9877,0.00973,270.45,52.88,0.5646414799999999,0.7170946796,2.22,1.120044e-08,5.753282e-09,2.522248e-08,1.246363e-08,106.80,98.78,10090.75,9332.77,52.13,47.60
5.23987,6,0.4451,0.016,0.015,5.269,5.940,0.9877,0.00973,270.45,52.88,0.56464052,0.7170934604,2.22,1.117605e-08,5.742246e-09,2.519788e-08,1.244474e-08,106.85,98.67,10096.14,9322.80,52.16,47.54
5.24012,6,0.4452,0.016,0.015,5.269,5.940,0.9877,0.00973,270.45,52.88,0.56463952,0.7170921903999999,2.22,1.114947e-08,5.73041e-09,2.517668e-08,1.243947e-08,106.95,98.77,10105.01,9332.60,52.21,47.60
5.24038,6,0.4452,0.016,0.015,5.269,5.940,0.9877,0.00973,270.45,52.88,0.5646384799999999,0.7170908695999999,2.22,1.112853e-08,5.720912e-09,2.513526e-08,1.242404e-08,107.00,98.85,10109.61,9340.08,52.24,47.64
5.24062,6,0.4452,0.016,0.015,5.269,5.940,0.9877,0.00973,270.45,52.88,0.56463752,0.7170896504000001,2.22,1.110421e-08,5.698094e-09,2.510861e-08,1.240334e-08,106.60,98.73,10072.09,9328.89,52.02,47.57
5.24087,6,0.4453,0.016,0.015,5.269,5.940,0.9877,0.00973,270.45,52.88,0.56463652,0.7170883804,2.22,1.108176e-08,5.688093e-09,2.507387e-08,1.238351e-08,106.68,98.71,10079.88,9327.01,52.06,47.56
5.24113,6,0.4453,0.016,0.015,5.269,5.940,0.9877,0.00973,270.45,52.88,0.56463548,0.7170870596,2.22,1.104988e-08,5.675033e-09,2.50485e-08,1.237423e-08,106.81,98.77,10091.95,9331.85,52.13,47.59
5.24137,6,0.4453,0.016,0.015,5.269,5.940,0.9877,0.00973,270.45,52.88,0.5646345199999999,0.7170858403999999,2.22,1.101233e-08,5.661236e-09,2.50039e-08,1.235744e-08,107.02,98.85,10112.10,9339.69,52.25,47.64
5.24162,6,0.4454,0.016,0.015,5.269,5.940,0.9877,0.00973,270.45,52.88,0.56463352,0.7170845704000001,2.22,1.099612e-08,5.646157e-09,2.496401e-08,1.234152e-08,106.78,98.93,10089.56,9347.47,52.12,47.68
5.24188,6,0.4454,0.016,0.015,5.269,5.940,0.9877,0.00973,270.45,52.88,0.56463248,0.7170832496,2.22,1.096552e-08,5.627684e-09,2.495922e-08,1.232982e-08,106.68,98.78,10079.40,9333.49,52.06,47.60
5.24212,6,0.4454,0.016,0.015,5.269,5.940,0.9877,0.00973,270.45,52.88,0.5646315199999999,0.7170820304,2.22,1.093359e-08,5.609114e-09,2.491051e-08,1.230595e-08,106.59,98.79,10071.35,9333.78,52.01,47.60
5.24238,6,0.4455,0.016,0.015,5.269,5.940,0.9877,0.00973,270.45,52.88,0.5646304799999999,0.7170807095999999,2.22,1.091152e-08,5.595924e-09,2.487153e-08,1.228524e-08,106.54,98.78,10066.71,9333.70,51.98,47.60
5.24263,6,0.4455,0.016,0.015,5.269,5.940,0.9877,0.00973,270.45,52.88,0.5646294799999999,0.7170794395999999,2.22,1.087809e-08,5.575817e-09,2.483902e-08,1.226305e-08,106.43,98.69,10055.74,9324.48,51.92,47.55
5.24287,6,0.4455,0.016,0.015,5.269,5.940,0.9877,0.00973,270.45,52.88,0.56462852,0.7170782204,2.22,1.084779e-08,5.559663e-09,2.482645e-08,1.22602e-08,106.40,98.74,10053.43,9329.53,51.90,47.58
5.24313,6,0.4456,0.016,0.015,5.269,5.940,0.9877,0.00973,270.45,52.88,0.56462748,0.7170768996,2.22,1.082525e-08,5.546874e-09,2.478057e-08,1.222722e-08,106.38,98.60,10051.09,9316.08,51.89,47.50
5.24338,6,0.4456,0.016,0.015,5.269,5.940,0.9877,0.00973,270.45,52.88,0.5646264799999999,0.7170756295999999,2.22,1.078989e-08,5.53062e-09,2.473712e-08,1.221125e-08,106.45,98.69,10058.05,9324.33,51.93,47.55
5.24362,6,0.4456,0.016,0.015,5.269,5.940,0.9877,0.00973,270.45,52.88,0.56462552,0.7170744104,2.22,1.075479e-08,5.513076e-09,2.470443e-08,1.220163e-08,106.47,98.79,10059.72,9334.17,51.94,47.60
5.24388,6,0.4457,0.016,0.015,5.268,5.940,0.9877,0.00973,270.45,52.88,0.56462448,0.7170730895999999,2.22,1.072364e-08,5.492492e-09,2.467836e-08,1.218803e-08,106.31,98.80,10044.66,9335.17,51.85,47.61
5.24413,6,0.4457,0.016,0.015,5.268,5.940,0.9877,0.00973,270.45,52.88,0.56462348,0.7170718196,2.22,1.069447e-08,5.476367e-09,2.465489e-08,1.215926e-08,106.26,98.53,10040.20,9309.19,51.82,47.45
5.24437,6,0.4457,0.016,0.015,5.268,5.940,0.9877,0.00973,270.45,52.88,0.5646225199999999,0.7170706003999999,2.22,1.067028e-08,5.462583e-09,2.46389e-08,1.214139e-08,106.21,98.37,10034.95,9294.11,51.79,47.36
5.24463,6,0.4458,0.016,0.015,5.268,5.940,0.9877,0.00973,270.45,52.88,0.56462148,0.7170692796,2.22,1.062897e-08,5.443549e-09,2.45942e-08,1.212339e-08,106.32,98.45,10045.19,9302.28,51.85,47.41
5.24488,6,0.4458,0.016,0.015,5.268,5.940,0.9877,0.00973,270.45,52.88,0.56462048,0.7170680096,2.22,1.059849e-08,5.426378e-09,2.457704e-08,1.210659e-08,106.25,98.32,10039.27,9289.66,51.82,47.34
5.24512,6,0.4458,0.016,0.015,5.268,5.940,0.9877,0.00973,270.45,52.88,0.5646195199999999,0.7170667903999999,2.22,1.056199e-08,5.406415e-09,2.453291e-08,1.209645e-08,106.20,98.51,10034.42,9307.25,51.79,47.44
5.24538,6,0.4459,0.016,0.015,5.268,5.940,0.9877,0.00973,270.45,52.88,0.5646184799999999,0.7170654696,2.22,1.053434e-08,5.389527e-09,2.450915e-08,1.20776e-08,106.11,98.41,10026.25,9298.50,51.74,47.39
5.24563,6,0.4459,0.016,0.015,5.268,5.940,0.9877,0.00973,270.45,52.88,0.56461748,0.7170641996,2.22,1.051067e-08,5.378794e-09,2.448133e-08,1.205608e-08,106.17,98.29,10031.51,9286.64,51.77,47.32
5.24587,6,0.4459,0.016,0.015,5.268,5.940,0.9877,0.00973,270.45,52.88,0.56461652,0.7170629803999999,2.22,1.048344e-08,5.361015e-09,2.446637e-08,1.203825e-08,106.01,98.12,10016.80,9270.76,51.68,47.22
5.24613,6,0.4460,0.016,0.015,5.268,5.940,0.9877,0.00973,270.45,52.88,0.56461548,0.7170616595999999,2.22,1.044807e-08,5.343005e-09,2.442631e-08,1.203263e-08,106.04,98.37,10019.34,9294.27,51.70,47.36
5.24637,6,0.4460,0.016,0.015,5.268,5.940,0.9877,0.00973,270.45,52.88,0.56461452,0.7170604404,2.22,1.042503e-08,5.328085e-09,2.441045e-08,1.200364e-08,105.91,98.03,10007.28,9262.06,51.63,47.17
5.24662,6,0.4460,0.016,0.015,5.268,5.940,0.9877,0.00973,270.45,52.88,0.56461352,0.7170591704,2.22,1.039837e-08,5.310784e-09,2.437115e-08,1.199479e-08,105.76,98.20,9993.14,9278.01,51.54,47.27
5.24688,6,0.4461,0.016,0.015,5.268,5.940,0.9877,0.00973,270.45,52.88,0.56461248,0.7170578496,2.22,1.036428e-08,5.300922e-09,2.434665e-08,1.196497e-08,106.10,97.93,10024.55,9253.04,51.73,47.12
5.24712,6,0.4461,0.016,0.015,5.268,5.940,0.9877,0.00973,270.45,52.88,0.5646115199999999,0.7170566303999999,2.22,1.034191e-08,5.283574e-09,2.432305e-08,1.196241e-08,105.85,98.08,10001.67,9266.80,51.59,47.20
5.24737,6,0.4461,0.016,0.015,5.268,5.940,0.9877,0.00973,270.45,52.88,0.56461052,0.7170553604000001,2.22,1.032234e-08,5.270991e-09,2.431543e-08,1.193985e-08,105.75,97.77,9991.65,9238.16,51.53,47.03
5.24763,6,0.4462,0.016,0.015,5.268,5.940,0.9877,0.00973,270.45,52.88,0.56460948,0.7170540396,2.22,1.029992e-08,5.255468e-09,2.426701e-08,1.191946e-08,105.60,97.85,9978.08,9245.39,51.45,47.07
5.24787,6,0.4462,0.016,0.015,5.268,5.940,0.9877,0.00973,270.45,52.88,0.56460852,0.7170528204,2.22,1.026998e-08,5.244898e-09,2.422356e-08,1.19025e-08,105.80,97.92,9996.40,9252.09,51.56,47.11
5.24812,6,0.4462,0.016,0.015,5.268,5.940,0.9877,0.00973,270.45,52.88,0.5646075199999999,0.7170515503999999,2.22,1.025381e-08,5.228642e-09,2.420541e-08,1.188541e-08,105.47,97.79,9965.24,9239.60,51.37,47.04
5.24838,6,0.4463,0.016,0.015,5.268,5.940,0.9877,0.00973,270.45,52.88,0.5646064799999999,0.7170502295999999,2.22,1.022969e-08,5.218447e-09,2.418599e-08,1.187238e-08,105.58,97.75,9975.69,9236.33,51.44,47.02
5.24862,6,0.4463,0.016,0.015,5.268,5.940,0.9877,0.00973,270.45,52.88,0.56460552,0.7170490104,2.22,1.021696e-08,5.206621e-09,2.415979e-08,1.185589e-08,105.36,97.70,9954.87,9230.78,51.31,46.98
5.24887,6,0.4463,0.016,0.015,5.268,5.940,0.9877,0.00973,270.45,52.88,0.5646045199999999,0.7170477404,2.22,1.01994e-08,5.200766e-09,2.413867e-08,1.183399e-08,105.49,97.51,9966.96,9213.14,51.38,46.88
5.24913,6,0.4464,0.016,0.015,5.267,5.940,0.9877,0.00973,270.45,52.88,0.5646034799999999,0.7170464195999999,2.22,1.017692e-08,5.183458e-09,2.408596e-08,1.181342e-08,105.27,97.62,9946.31,9223.28,51.26,46.94
5.24937,6,0.4464,0.016,0.015,5.267,5.940,0.9877,0.00973,270.45,52.88,0.56460252,0.7170452004,2.22,1.016104e-08,5.173509e-09,2.403944e-08,1.178306e-08,105.19,97.49,9939.03,9211.71,51.22,46.87
5.24962,6,0.4464,0.016,0.015,5.267,5.940,0.9877,0.00973,270.45,52.88,0.56460152,0.7170439303999999,2.22,1.014475e-08,5.166301e-09,2.402392e-08,1.177437e-08,105.24,97.48,9943.28,9210.05,51.24,46.86
5.24988,6,0.4465,0.016,0.015,5.267,5.940,0.9876,0.00973,270.45,52.88,0.56460048,0.7170426096,2.22,1.012163e-08,5.154493e-09,2.398568e-08,1.174906e-08,105.25,97.38,9944.37,9201.09,51.25,46.81
5.25012,6,0.4465,0.016,0.015,5.267,5.940,0.9876,0.00973,270.45,52.88,0.5645995199999999,0.7170413903999999,2.22,1.010898e-08,5.151667e-09,2.395816e-08,1.172871e-08,105.40,97.27,9958.62,9190.54,51.33,46.74
5.25038,6,0.4465,0.016,0.015,5.267,5.940,0.9876,0.00974,270.45,52.88,0.56459848,0.7170400696,2.22,1.008862e-08,5.139449e-09,2.39165e-08,1.171246e-08,105.32,97.34,9951.34,9196.91,51.29,46.78
5.25063,6,0.4466,0.016,0.015,5.267,5.940,0.9876,0.00974,270.45,52.88,0.56459748,0.7170387995999999,2.22,1.008346e-08,5.128955e-09,2.387691e-08,1.16858e-08,105.02,97.24,9922.55,9187.77,51.12,46.73
5.25087,6,0.4466,0.016,0.015,5.267,5.940,0.9876,0.00974,270.45,52.88,0.5645965199999999,0.7170375803999999,2.22,1.006522e-08,5.122832e-09,2.382664e-08,1.165154e-08,105.15,97.08,9935.00,9172.88,51.19,46.64
5.25113,6,0.4466,0.016,0.015,5.267,5.940,0.9876,0.00974,270.45,52.88,0.5645954799999999,0.7170362596,2.22,1.005318e-08,5.113534e-09,2.379797e-08,1.162741e-08,105.02,96.92,9922.48,9157.30,51.12,46.54
5.25138,6,0.4467,0.016,0.015,5.267,5.940,0.9876,0.00974,270.45,52.88,0.56459448,0.7170349896,2.22,1.003498e-08,5.107692e-09,2.374672e-08,1.160485e-08,105.18,96.98,9938.22,9163.17,51.21,46.58
5.25162,6,0.4467,0.016,0.015,5.267,5.940,0.9876,0.00974,270.45,52.88,0.56459352,0.7170337703999999,2.22,1.002939e-08,5.100011e-09,2.368574e-08,1.157827e-08,104.98,97.03,9919.07,9168.16,51.10,46.61
5.25188,6,0.4467,0.016,0.015,5.267,5.940,0.9876,0.00974,270.45,52.88,0.56459248,0.7170324495999999,2.22,1.001454e-08,5.092019e-09,2.364911e-08,1.155388e-08,104.96,96.93,9917.32,9158.11,51.09,46.55
5.25213,6,0.4468,0.016,0.015,5.267,5.940,0.9876,0.00974,270.45,52.88,0.5645914799999999,0.7170311796,2.22,9.998216e-09,5.087825e-09,2.359013e-08,1.152492e-08,105.16,96.95,9935.86,9159.93,51.20,46.56
5.25237,6,0.4468,0.016,0.015,5.267,5.940,0.9876,0.00974,270.45,52.88,0.56459052,0.7170299604,2.22,9.989735e-09,5.074825e-09,2.354191e-08,1.149135e-08,104.79,96.78,9901.36,9144.35,50.99,46.47
5.25263,6,0.4468,0.016,0.015,5.267,5.940,0.9876,0.00974,270.45,52.88,0.56458948,0.7170286396,2.22,9.975118e-09,5.070048e-09,2.346372e-08,1.146745e-08,104.90,97.02,9911.88,9166.63,51.05,46.60
5.25288,6,0.4469,0.016,0.015,5.267,5.940,0.9876,0.00974,270.45,52.88,0.56458848,0.7170273695999999,2.22,9.950822e-09,5.063986e-09,2.342602e-08,1.143024e-08,105.19,96.73,9939.19,9139.31,51.22,46.44
5.25312,6,0.4469,0.016,0.015,5.267,5.940,0.9876,0.00974,270.45,52.88,0.56458752,0.7170261504000001,2.22,9.948101e-09,5.054398e-09,2.336744e-08,1.140357e-08,104.85,96.76,9906.45,9142.30,51.02,46.45
5.25338,6,0.4469,0.016,0.015,5.267,5.940,0.9876,0.00974,270.45,52.88,0.56458648,0.7170248296,2.22,9.936598e-09,5.047034e-09,2.331806e-08,1.137333e-08,104.78,96.66,9900.39,9132.67,50.98,46.40
5.25363,6,0.4470,0.016,0.015,5.267,5.940,0.9876,0.00974,270.45,52.88,0.56458548,0.7170235596,2.22,9.923486e-09,5.042315e-09,2.324714e-08,1.133582e-08,104.89,96.63,9910.36,9130.12,51.04,46.38
5.25387,6,0.4470,0.016,0.015,5.267,5.940,0.9876,0.00974,270.45,52.88,0.5645845199999999,0.7170223403999999,2.22,9.898956e-09,5.033919e-09,2.318685e-08,1.129541e-08,105.06,96.45,9926.67,9112.79,51.14,46.28
5.25413,6,0.4471,0.016,0.015,5.266,5.940,0.9876,0.00974,270.45,52.88,0.5645834799999999,0.7170210195999999,2.22,9.889779e-09,5.0259e-09,2.31401e-08,1.126097e-08,104.94,96.27,9915.44,9096.45,51.07,46.18
5.25437,6,0.4471,0.016,0.015,5.266,5.940,0.9876,0.00974,270.45,52.88,0.56458252,0.7170198004,2.22,9.879132e-09,5.016093e-09,2.308809e-08,1.123864e-08,104.76,96.32,9897.80,9101.15,50.97,46.21
5.25462,6,0.4471,0.016,0.015,5.266,5.940,0.9876,0.00974,270.45,52.88,0.56458152,0.7170185304,2.22,9.859514e-09,5.010758e-09,2.299346e-08,1.119286e-08,104.95,96.33,9916.40,9101.60,51.08,46.21
5.25488,6,0.4472,0.016,0.015,5.266,5.940,0.9876,0.00974,270.45,52.88,0.5645804799999999,0.7170172095999999,2.22,9.84782e-09,5.001642e-09,2.293436e-08,1.11602e-08,104.84,96.28,9905.84,9097.45,51.02,46.19
5.25512,6,0.4472,0.016,0.015,5.266,5.940,0.9876,0.00974,270.45,52.88,0.56457952,0.7170159904,2.22,9.834639e-09,4.988942e-09,2.289251e-08,1.112973e-08,104.58,96.11,9881.66,9081.39,50.87,46.09
5.25537,6,0.4472,0.016,0.015,5.266,5.940,0.9876,0.00974,270.45,52.88,0.56457852,0.7170147204,2.22,9.817648e-09,4.983725e-09,2.282439e-08,1.110063e-08,104.73,96.18,9895.37,9087.80,50.95,46.13
5.25563,6,0.4473,0.016,0.015,5.266,5.940,0.9876,0.00974,270.45,52.88,0.56457748,0.7170133996,2.22,9.799807e-09,4.973298e-09,2.275353e-08,1.105565e-08,104.69,96.03,9892.05,9073.02,50.93,46.04
5.25587,6,0.4473,0.016,0.015,5.266,5.940,0.9876,0.00974,270.45,52.88,0.5645765199999999,0.7170121803999999,2.22,9.79184e-09,4.966534e-09,2.269886e-08,1.102566e-08,104.58,95.97,9881.06,9067.54,50.87,46.01
5.29413,7,0.4525,0.015,0.014,5.286,5.967,0.9876,0.00975,270.46,52.40,0.56442348,0.7168178196,2.20,1.182126e-08,5.925466e-09,1.887145e-08,9.209447e-09,103.30,97.97,9760.56,9256.80,50.13,47.12
5.29437,7,0.4525,0.015,0.014,5.286,5.967,0.9876,0.00975,270.46,52.40,0.5644225199999999,0.7168166004,2.20,1.178593e-08,5.920012e-09,1.881166e-08,9.169423e-09,103.73,97.75,9801.24,9235.47,50.37,46.99
5.29462,7,0.4525,0.015,0.014,5.286,5.967,0.9876,0.00975,270.46,52.40,0.56442152,0.7168153304,2.20,1.169189e-08,5.857451e-09,1.874817e-08,9.141103e-09,103.19,97.80,9749.99,9240.65,50.06,47.02
5.29488,7,0.4526,0.015,0.014,5.285,5.967,0.9876,0.00975,270.46,52.40,0.56442048,0.7168140096,2.20,1.161531e-08,5.822527e-09,1.870207e-08,9.117594e-09,103.34,97.80,9763.71,9240.65,50.14,47.02
5.29512,7,0.4526,0.015,0.014,5.285,5.967,0.9876,0.00975,270.46,52.40,0.56441952,0.7168127903999999,2.20,1.154923e-08,5.794099e-09,1.865244e-08,9.08531e-09,103.50,97.63,9779.60,9224.62,50.24,46.92
5.29537,7,0.4526,0.015,0.014,5.285,5.967,0.9876,0.00975,270.46,52.40,0.5644185199999999,0.7168115204,2.20,1.147485e-08,5.759874e-09,1.860863e-08,9.058334e-09,103.62,97.51,9790.15,9213.45,50.30,46.86
5.29563,7,0.4527,0.015,0.014,5.285,5.967,0.9876,0.00975,270.46,52.40,0.5644174799999999,0.7168101995999999,2.20,1.141239e-08,5.731331e-09,1.854117e-08,9.036051e-09,103.74,97.76,9801.95,9236.50,50.37,46.99
5.29587,7,0.4527,0.015,0.014,5.285,5.967,0.9876,0.00975,270.46,52.40,0.56441652,0.7168089804,2.20,1.13445e-08,5.698068e-09,1.849797e-08,9.009598e-09,103.77,97.64,9804.83,9225.72,50.39,46.93
5.29612,7,0.4528,0.015,0.014,5.285,5.967,0.9876,0.00975,270.46,52.40,0.56441552,0.7168077103999999,2.20,1.129108e-08,5.663589e-09,1.844921e-08,8.994158e-09,103.51,97.84,9780.46,9244.41,50.24,47.04
5.29638,7,0.4528,0.015,0.014,5.285,5.967,0.9876,0.00975,270.46,52.40,0.5644144799999999,0.7168063896,2.20,1.123398e-08,5.641827e-09,1.840563e-08,8.974251e-09,103.77,97.87,9804.45,9247.10,50.39,47.06
5.29662,7,0.4528,0.015,0.014,5.285,5.967,0.9876,0.00975,270.46,52.40,0.56441352,0.7168051704,2.20,1.117305e-08,5.615038e-09,1.837637e-08,8.950095e-09,103.91,97.66,9817.83,9227.20,50.47,46.94
5.29688,7,0.4529,0.015,0.014,5.285,5.967,0.9876,0.00975,270.46,52.40,0.56441248,0.7168038496,2.20,1.111624e-08,5.59036e-09,1.83388e-08,8.936925e-09,104.08,97.79,9833.69,9239.57,50.56,47.01
5.29713,7,0.4529,0.015,0.014,5.285,5.967,0.9876,0.00975,270.46,52.40,0.56441148,0.7168025795999999,2.20,1.107217e-08,5.566032e-09,1.830199e-08,8.915491e-09,104.00,97.71,9826.00,9232.51,50.52,46.97
5.29737,7,0.4529,0.015,0.014,5.285,5.967,0.9876,0.00975,270.46,52.40,0.5644105199999999,0.7168013603999999,2.20,1.103123e-08,5.548506e-09,1.829588e-08,8.911835e-09,104.11,97.70,9836.89,9231.14,50.58,46.96
5.29763,7,0.4530,0.015,0.014,5.285,5.967,0.9876,0.00975,270.46,52.40,0.5644094799999999,0.7168000395999999,2.20,1.099425e-08,5.53033e-09,1.826499e-08,8.893849e-09,104.15,97.66,9840.59,9227.23,50.60,46.94
5.29788,7,0.4530,0.015,0.014,5.285,5.967,0.9876,0.00975,270.46,52.40,0.56440848,0.7167987696,2.20,1.094616e-08,5.511665e-09,1.824448e-08,8.897017e-09,104.36,97.94,9860.47,9253.90,50.72,47.10
5.29812,7,0.4530,0.015,0.014,5.285,5.967,0.9876,0.00975,270.46,52.40,0.5644075199999999,0.7167975503999999,2.20,1.092591e-08,5.495493e-09,1.82165e-08,8.884323e-09,104.13,97.96,9838.93,9255.83,50.59,47.11
5.29838,7,0.4531,0.015,0.014,5.285,5.967,0.9876,0.00975,270.46,52.40,0.5644064799999999,0.7167962295999999,2.20,1.088647e-08,5.481458e-09,1.818864e-08,8.872423e-09,104.38,98.02,9862.10,9261.32,50.73,47.14
5.29863,7,0.4531,0.015,0.014,5.285,5.967,0.9876,0.00975,270.46,52.40,0.56440548,0.7167949596000001,2.20,1.086628e-08,5.474694e-09,1.81879e-08,8.873718e-09,104.51,98.05,9874.46,9264.69,50.80,47.16
5.29887,7,0.4531,0.015,0.014,5.285,5.967,0.9876,0.00975,270.46,52.40,0.56440452,0.7167937404,2.20,1.084296e-08,5.465707e-09,1.818226e-08,8.864496e-09,104.61,97.92,9884.53,9251.51,50.86,47.08
5.29913,7,0.4532,0.015,0.014,5.284,5.967,0.9876,0.00975,270.46,52.40,0.56440348,0.7167924196,2.20,1.083131e-08,5.459819e-09,1.817624e-08,8.864301e-09,104.64,98.00,9886.65,9259.13,50.88,47.13
5.29938,7,0.4532,0.015,0.014,5.284,5.967,0.9876,0.00975,270.46,52.40,0.5644024799999999,0.7167911495999999,2.20,1.081454e-08,5.456293e-09,1.816608e-08,8.868884e-09,104.83,98.20,9904.69,9278.61,50.98,47.24
5.29962,7,0.4532,0.015,0.014,5.284,5.967,0.9876,0.00975,270.46,52.40,0.56440152,0.7167899304,2.20,1.080101e-08,5.451149e-09,1.816263e-08,8.859407e-09,104.89,98.03,9910.86,9262.69,51.02,47.15
5.29988,7,0.4533,0.015,0.014,5.284,5.967,0.9876,0.00975,270.46,52.40,0.56440048,0.7167886096,2.20,1.079397e-08,5.450822e-09,1.81623e-08,8.865331e-09,105.04,98.19,9924.91,9277.17,51.10,47.24
5.30013,7,0.4533,0.015,0.014,5.284,5.967,0.9876,0.00975,270.46,52.40,0.56439948,0.7167873396,2.20,1.079002e-08,5.449138e-09,1.815439e-08,8.861905e-09,105.05,98.20,9926.05,9278.06,51.11,47.24
5.30037,7,0.4533,0.015,0.014,5.284,5.967,0.9876,0.00975,270.46,52.40,0.5643985199999999,0.7167861203999999,2.20,1.07916e-08,5.448272e-09,1.814527e-08,8.865243e-09,104.99,98.36,9919.93,9294.01,51.07,47.34
5.30063,7,0.4534,0.015,0.014,5.284,5.967,0.9876,0.00975,270.46,52.40,0.56439748,0.7167847996,2.20,1.078949e-08,5.453802e-09,1.816978e-08,8.862759e-09,105.27,98.07,9946.41,9266.50,51.23,47.17
5.30087,7,0.4534,0.015,0.014,5.284,5.967,0.9876,0.00975,270.46,52.40,0.56439652,0.7167835804,2.20,1.079856e-08,5.460852e-09,1.815008e-08,8.875157e-09,105.37,98.55,9955.50,9311.58,51.29,47.44
5.30112,7,0.4534,0.015,0.014,5.284,5.967,0.9876,0.00975,270.46,52.40,0.5643955199999999,0.7167823104,2.20,1.080923e-08,5.463147e-09,1.814826e-08,8.865654e-09,105.25,98.36,9944.08,9293.91,51.22,47.34
5.30138,7,0.4535,0.015,0.014,5.284,5.967,0.9876,0.00975,270.46,52.40,0.5643944799999999,0.7167809895999999,2.20,1.080831e-08,5.464819e-09,1.815362e-08,8.868802e-09,105.35,98.40,9954.15,9297.04,51.28,47.35
5.30162,7,0.4535,0.015,0.014,5.284,5.967,0.9876,0.00975,270.46,52.40,0.56439352,0.7167797704,2.20,1.080584e-08,5.470981e-09,1.81403e-08,8.865704e-09,105.64,98.47,9981.49,9304.04,51.44,47.40
5.30187,7,0.4535,0.015,0.014,5.284,5.967,0.9876,0.00975,270.46,52.40,0.56439252,0.7167785003999999,2.20,1.081479e-08,5.475401e-09,1.813667e-08,8.870725e-09,105.64,98.62,9981.08,9318.00,51.44,47.48
5.30213,7,0.4536,0.015,0.014,5.284,5.967,0.9876,0.00975,270.46,52.40,0.56439148,0.7167771796,2.20,1.081661e-08,5.482934e-09,1.811574e-08,8.862353e-09,105.92,98.68,10007.73,9323.89,51.60,47.51
5.30237,7,0.4536,0.015,0.014,5.284,5.967,0.9876,0.00975,270.46,52.40,0.56439052,0.7167759604,2.20,1.08207e-08,5.485247e-09,1.811323e-08,8.856865e-09,105.93,98.59,10008.61,9315.12,51.60,47.46
5.30262,7,0.4536,0.015,0.014,5.284,5.967,0.9876,0.00975,270.46,52.40,0.56438952,0.7167746904,2.20,1.082896e-08,5.491728e-09,1.80929e-08,8.858241e-09,106.02,98.84,10017.10,9338.47,51.65,47.60
5.30288,7,0.4537,0.015,0.014,5.284,5.967,0.9876,0.00975,270.46,52.40,0.56438848,0.7167733695999999,2.20,1.082733e-08,5.494843e-09,1.807523e-08,8.846183e-09,106.20,98.78,10033.91,9333.49,51.75,47.57
5.30312,7,0.4537,0.015,0.014,5.284,5.967,0.9876,0.00975,270.46,52.40,0.5643875199999999,0.7167721503999999,2.20,1.082838e-08,5.496846e-09,1.805118e-08,8.833896e-09,106.25,98.77,10039.36,9332.42,51.79,47.56
5.30337,7,0.4537,0.015,0.014,5.284,5.967,0.9876,0.00975,270.46,52.40,0.56438652,0.7167708804,2.20,1.083163e-08,5.497502e-09,1.801598e-08,8.824103e-09,106.21,98.93,10035.68,9347.84,51.77,47.66
5.30363,7,0.4538,0.015,0.014,5.284,5.967,0.9876,0.00975,270.46,52.40,0.56438548,0.7167695596,2.20,1.081607e-08,5.500924e-09,1.796431e-08,8.810522e-09,106.68,99.22,10080.01,9374.35,52.03,47.81
5.30387,7,0.4538,0.015,0.014,5.284,5.967,0.9876,0.00975,270.46,52.40,0.56438452,0.7167683403999999,2.20,1.081305e-08,5.497741e-09,1.795447e-08,8.790474e-09,106.62,98.88,10073.87,9342.60,51.99,47.62
5.30412,7,0.4538,0.015,0.014,5.284,5.967,0.9876,0.00975,270.46,52.40,0.5643835199999999,0.7167670703999999,2.20,1.079985e-08,5.492752e-09,1.791045e-08,8.783418e-09,106.69,99.20,10080.30,9372.91,52.03,47.81
5.30438,7,0.4539,0.015,0.014,5.283,5.967,0.9876,0.00975,270.46,52.40,0.5643824799999999,0.7167657496,2.20,1.079045e-08,5.491307e-09,1.786739e-08,8.757191e-09,106.84,99.11,10095.00,9364.25,52.12,47.75
5.30462,7,0.4539,0.015,0.014,5.283,5.967,0.9876,0.00975,270.46,52.40,0.56438152,0.7167645304,2.20,1.075805e-08,5.482017e-09,1.78156e-08,8.73659e-09,107.13,99.21,10122.06,9374.32,52.28,47.81
5.30488,7,0.4539,0.015,0.014,5.283,5.967,0.9876,0.00975,270.46,52.40,0.56438048,0.7167632096,2.20,1.074091e-08,5.469268e-09,1.776992e-08,8.715615e-09,106.97,99.25,10106.94,9377.33,52.19,47.83
5.30513,7,0.4540,0.015,0.014,5.283,5.967,0.9876,0.00975,270.46,52.40,0.5643794799999999,0.7167619395999999,2.20,1.072144e-08,5.461292e-09,1.77069e-08,8.686772e-09,107.07,99.31,10116.48,9383.77,52.25,47.87
5.30537,7,0.4540,0.015,0.014,5.283,5.967,0.9876,0.00975,270.46,52.40,0.56437852,0.7167607204,2.20,1.068113e-08,5.451589e-09,1.764366e-08,8.664173e-09,107.50,99.50,10157.61,9401.72,52.49,47.98
5.30563,7,0.4540,0.015,0.014,5.283,5.967,0.9876,0.00975,270.46,52.40,0.56437748,0.7167593996,2.20,1.065338e-08,5.433183e-09,1.757202e-08,8.634416e-09,107.33,99.63,10141.43,9413.34,52.40,48.05
5.30588,7,0.4541,0.015,0.014,5.283,5.967,0.9876,0.00975,270.46,52.40,0.56437648,0.7167581296,2.20,1.060459e-08,5.414946e-09,1.750418e-08,8.598807e-09,107.63,99.60,10169.14,9410.52,52.56,48.03
5.30612,7,0.4541,0.015,0.014,5.283,5.967,0.9876,0.00975,270.46,52.40,0.5643755199999999,0.7167569103999999,2.20,1.055376e-08,5.39666e-09,1.74356e-08,8.564179e-09,107.94,99.58,10198.75,9408.49,52.74,48.02
5.30638,7,0.4541,0.015,0.014,5.283,5.967,0.9876,0.00975,270.46,52.40,0.56437448,0.7167555896000001,2.20,1.05208e-08,5.376044e-09,1.735291e-08,8.528005e-09,107.79,99.68,10184.17,9418.13,52.65,48.08
5.30663,7,0.4542,0.015,0.014,5.283,5.967,0.9876,0.00975,270.46,52.40,0.56437348,0.7167543196,2.20,1.046981e-08,5.353962e-09,1.727531e-08,8.496619e-09,107.97,99.86,10201.89,9434.95,52.76,48.18
5.30687,7,0.4542,0.015,0.014,5.283,5.967,0.9876,0.00975,270.46,52.40,0.5643725199999999,0.7167531004,2.20,1.042011e-08,5.328431e-09,1.719748e-08,8.46094e-09,107.97,99.92,10201.44,9440.66,52.75,48.21
5.30713,7,0.4542,0.015,0.014,5.283,5.967,0.9876,0.00975,270.46,52.40,0.5643714799999999,0.7167517795999999,2.20,1.035447e-08,5.302443e-09,1.712803e-08,8.420587e-09,108.29,99.77,10231.36,9427.03,52.93,48.13
5.30738,7,0.4543,0.015,0.014,5.283,5.967,0.9876,0.00975,270.46,52.40,0.56437048,0.7167505096,2.20,1.029784e-08,5.275101e-09,1.70376e-08,8.387097e-09,108.38,100.05,10240.21,9453.42,52.99,48.29
5.30762,7,0.4543,0.015,0.014,5.283,5.967,0.9876,0.00975,270.46,52.40,0.56436952,0.7167492903999999,2.20,1.023668e-08,5.242464e-09,1.695657e-08,8.352336e-09,108.32,100.17,10234.98,9464.87,52.95,48.35
5.30788,7,0.4543,0.015,0.014,5.283,5.967,0.9876,0.00975,270.46,52.40,0.56436848,0.7167479696,2.20,1.017749e-08,5.216236e-09,1.685661e-08,8.312459e-09,108.50,100.40,10251.43,9485.92,53.05,48.48
5.30813,7,0.4544,0.015,0.014,5.283,5.967,0.9876,0.00975,270.46,52.40,0.5643674799999999,0.7167466995999999,2.20,1.01181e-08,5.185369e-09,1.678363e-08,8.273681e-09,108.50,100.35,10251.95,9481.70,53.05,48.45
5.30837,7,0.4544,0.015,0.014,5.283,5.967,0.9876,0.00975,270.46,52.40,0.56436652,0.7167454804,2.20,1.006047e-08,5.153361e-09,1.669344e-08,8.233918e-09,108.40,100.46,10241.87,9492.38,52.99,48.52
5.30863,7,0.4544,0.015,0.014,5.283,5.967,0.9876,0.00975,270.46,52.40,0.56436548,0.7167441595999999,2.20,9.994971e-09,5.122814e-09,1.660756e-08,8.197927e-09,108.53,100.62,10254.20,9506.95,53.07,48.60
5.30887,7,0.4545,0.015,0.014,5.283,5.967,0.9876,0.00975,270.46,52.40,0.5643645199999999,0.7167429403999999,2.20,9.932633e-09,5.095657e-09,1.65401e-08,8.158475e-09,108.76,100.49,10276.28,9494.91,53.20,48.53
5.30912,7,0.4545,0.015,0.014,5.283,5.967,0.9876,0.00975,270.46,52.40,0.56436352,0.7167416704,2.20,9.860694e-09,5.0631e-09,1.645235e-08,8.119317e-09,108.95,100.59,10294.44,9504.43,53.31,48.59
5.30938,7,0.4546,0.015,0.014,5.282,5.967,0.9876,0.00975,270.46,52.40,0.56436248,0.7167403496,2.20,9.807176e-09,5.034952e-09,1.637208e-08,8.088353e-09,108.95,100.83,10293.90,9526.64,53.30,48.72
5.30962,7,0.4546,0.015,0.014,5.282,5.967,0.9876,0.00975,270.46,52.40,0.56436152,0.7167391303999999,2.20,9.745868e-09,5.004394e-09,1.629874e-08,8.054429e-09,108.99,100.88,10297.78,9532.04,53.33,48.75
5.30987,7,0.4546,0.015,0.014,5.282,5.967,0.9876,0.00975,270.46,52.40,0.5643605199999999,0.7167378603999999,2.20,9.682994e-09,4.980354e-09,1.622825e-08,8.019915e-09,109.36,100.89,10332.94,9532.79,53.54,48.76
5.31013,7,0.4547,0.015,0.014,5.282,5.967,0.9876,0.00975,270.46,52.40,0.5643594799999999,0.7167365395999999,2.20,9.627405e-09,4.950286e-09,1.616199e-08,7.990351e-09,109.32,100.99,10328.87,9542.40,53.51,48.82
5.31037,7,0.4547,0.015,0.014,5.282,5.967,0.9876,0.00975,270.46,52.40,0.56435852,0.7167353204,2.20,9.570218e-09,4.926254e-09,1.610583e-08,7.956997e-09,109.56,100.85,10352.11,9529.16,53.65,48.74
5.31062,7,0.4547,0.015,0.014,5.282,5.967,0.9876,0.00975,270.46,52.40,0.56435752,0.7167340503999999,2.20,9.516844e-09,4.901883e-09,1.603549e-08,7.930913e-09,109.71,101.07,10365.63,9549.79,53.73,48.86
5.31088,7,0.4548,0.015,0.014,5.282,5.967,0.9876,0.00975,270.46,52.40,0.5643564799999999,0.7167327295999999,2.20,9.467611e-09,4.877601e-09,1.598224e-08,7.907486e-09,109.78,101.17,10372.63,9558.85,53.77,48.91
5.31112,7,0.4548,0.015,0.014,5.282,5.967,0.9876,0.00975,270.46,52.40,0.56435552,0.7167315104,2.20,9.428811e-09,4.855054e-09,1.592242e-08,7.889096e-09,109.66,101.45,10361.38,9585.80,53.71,49.07
5.31137,7,0.4548,0.015,0.014,5.282,5.967,0.9876,0.00975,270.46,52.40,0.56435452,0.7167302404,2.20,9.386673e-09,4.838601e-09,1.588512e-08,7.8591e-09,109.91,101.16,10384.58,9558.04,53.85,48.91
5.31163,7,0.4549,0.015,0.014,5.282,5.967,0.9876,0.00975,270.46,52.40,0.56435348,0.7167289196,2.20,9.350753e-09,4.817798e-09,1.58261e-08,7.844497e-09,109.82,101.56,10376.70,9595.48,53.80,49.13
5.31187,7,0.4549,0.015,0.014,5.282,5.967,0.9876,0.00975,270.46,52.40,0.5643525199999999,0.7167277003999999,2.20,9.31524e-09,4.800148e-09,1.578841e-08,7.821023e-09,109.85,101.43,10379.58,9583.84,53.82,49.06
5.31212,7,0.4549,0.015,0.014,5.282,5.967,0.9876,0.00975,270.46,52.40,0.56435152,0.7167264304000001,2.20,9.283949e-09,4.786809e-09,1.574108e-08,7.80949e-09,109.99,101.74,10392.06,9612.90,53.89,49.24
5.31238,7,0.4550,0.015,0.014,5.282,5.967,0.9876,0.00975,270.46,52.40,0.56435048,0.7167251096,2.20,9.249309e-09,4.777898e-09,1.571055e-08,7.792119e-09,110.44,101.70,10434.69,9609.57,54.14,49.22
5.31262,7,0.4550,0.015,0.014,5.282,5.967,0.9876,0.00975,270.47,52.40,0.5643495199999999,0.7167238904,2.20,9.229526e-09,4.7659e-09,1.567082e-08,7.77558e-09,110.35,101.79,10426.64,9617.34,54.10,49.26
5.31288,7,0.4550,0.015,0.014,5.282,5.967,0.9876,0.00975,270.47,52.40,0.5643484799999999,0.7167225695999999,2.20,9.202766e-09,4.75441e-09,1.564243e-08,7.768311e-09,110.46,101.96,10437.21,9634.12,54.16,49.36
5.31313,7,0.4551,0.015,0.014,5.282,5.967,0.9876,0.00975,270.47,52.40,0.56434748,0.7167212996,2.20,9.187136e-09,4.749186e-09,1.561586e-08,7.761907e-09,110.63,102.16,10452.49,9653.01,54.25,49.48
5.31337,7,0.4551,0.015,0.014,5.282,5.967,0.9876,0.00975,270.47,52.40,0.56434652,0.7167200804,2.20,9.175022e-09,4.745721e-09,1.560204e-08,7.749034e-09,110.76,102.01,10465.26,9638.17,54.33,49.39
5.31363,7,0.4551,0.015,0.014,5.282,5.967,0.9876,0.00975,270.47,52.40,0.56434548,0.7167187596,2.20,9.164003e-09,4.739884e-09,1.557897e-08,7.745657e-09,110.75,102.22,10464.63,9658.19,54.32,49.51
5.31388,7,0.4552,0.015,0.014,5.282,5.967,0.9876,0.00975,270.47,52.40,0.5643444799999999,0.7167174895999999,2.20,9.159913e-09,4.742775e-09,1.55733e-08,7.739578e-09,111.02,102.16,10489.86,9652.22,54.47,49.47
5.31412,7,0.4552,0.015,0.014,5.282,5.967,0.9876,0.00975,270.47,52.40,0.56434352,0.7167162704,2.20,9.158693e-09,4.739861e-09,1.555502e-08,7.741575e-09,110.91,102.45,10479.40,9679.77,54.41,49.63
5.31438,7,0.4552,0.015,0.014,5.282,5.967,0.9876,0.00975,270.47,52.40,0.56434248,0.7167149496,2.20,9.152847e-09,4.739464e-09,1.554719e-08,7.738137e-09,111.04,102.46,10491.46,9680.91,54.48,49.64
5.31463,7,0.4553,0.015,0.014,5.281,5.967,0.9876,0.00975,270.47,52.40,0.56434148,0.7167136796,2.20,9.163241e-09,4.744824e-09,1.554375e-08,7.740836e-09,111.06,102.60,10493.66,9694.04,54.50,49.72
5.31487,7,0.4553,0.015,0.014,5.281,5.967,0.9876,0.00975,270.47,52.40,0.56434052,0.7167124604,2.20,9.167278e-09,4.751785e-09,1.554841e-08,7.736692e-09,111.30,102.43,10516.02,9677.93,54.63,49.62
5.31513,7,0.4553,0.015,0.014,5.281,5.967,0.9876,0.00975,270.47,52.40,0.56433948,0.7167111396,2.20,9.17656e-09,4.759509e-09,1.554498e-08,7.745315e-09,111.44,102.70,10529.39,9703.69,54.71,49.78
5.31538,7,0.4554,0.015,0.014,5.281,5.967,0.9876,0.00975,270.47,52.40,0.56433848,0.7167098695999999,2.20,9.179754e-09,4.763125e-09,1.55458e-08,7.745157e-09,111.56,102.71,10540.71,9704.40,54.78,49.78
5.31562,7,0.4554,0.015,0.014,5.281,5.967,0.9876,0.00975,270.47,52.40,0.5643375199999999,0.7167086503999999,2.20,9.196894e-09,4.771358e-09,1.553838e-08,7.746064e-09,111.53,102.83,10537.68,9715.91,54.76,49.85
5.31588,7,0.4554,0.015,0.014,5.281,5.967,0.9876,0.00975,270.47,52.40,0.5643364799999999,0.7167073295999999,2.20,9.208584e-09,4.782891e-09,1.553932e-08,7.754365e-09,111.79,103.04,10562.78,9735.52,54.91,49.97
5.31613,7,0.4555,0.015,0.014,5.281,5.967,0.9876,0.00975,270.47,52.40,0.56433548,0.7167060596,2.20,9.217882e-09,4.78947e-09,1.554515e-08,7.753267e-09,111.90,102.95,10573.14,9727.62,54.97,49.92
5.31637,7,0.4555,0.015,0.014,5.281,5.967,0.9876,0.00975,270.47,52.40,0.56433452,0.7167048403999999,2.20,9.235755e-09,4.804378e-09,1.555351e-08,7.756142e-09,112.18,102.92,10598.95,9724.38,55.12,49.90
5.31663,7,0.4555,0.015,0.014,5.281,5.967,0.9876,0.00975,270.47,52.40,0.5643334799999999,0.7167035195999999,2.20,9.244162e-09,4.810579e-09,1.555601e-08,7.763331e-09,112.26,103.08,10607.35,9739.25,55.17,49.99
5.31687,7,0.4556,0.015,0.014,5.281,5.967,0.9876,0.00975,270.47,52.40,0.56433252,0.7167023004,2.20,9.265922e-09,4.822903e-09,1.555367e-08,7.772566e-09,112.34,103.38,10614.27,9767.49,55.22,50.16
5.31712,7,0.4556,0.015,0.014,5.281,5.967,0.9876,0.00975,270.47,52.40,0.56433152,0.7167010304,2.20,9.275674e-09,4.83142e-09,1.555175e-08,7.776378e-09,112.51,103.50,10630.06,9779.48,55.31,50.23
5.31738,7,0.4556,0.015,0.014,5.281,5.967,0.9876,0.00975,270.47,52.40,0.56433048,0.7166997096,2.20,9.293896e-09,4.838876e-09,1.555954e-08,7.772724e-09,112.41,103.30,10620.73,9760.52,55.25,50.12
5.31762,7,0.4557,0.015,0.014,5.281,5.967,0.9876,0.00975,270.47,52.40,0.5643295199999999,0.7166984903999999,2.20,9.305251e-09,4.850348e-09,1.556091e-08,7.783068e-09,112.70,103.58,10648.53,9786.94,55.42,50.27
5.31787,7,0.4557,0.015,0.014,5.281,5.967,0.9876,0.00975,270.47,52.40,0.56432852,0.7166972204000001,2.20,9.3197e-09,4.858335e-09,1.556715e-08,7.779478e-09,112.72,103.40,10650.62,9770.07,55.43,50.17
5.31813,7,0.4558,0.015,0.014,5.281,5.967,0.9876,0.00975,270.47,52.40,0.56432748,0.7166958996,2.20,9.333154e-09,4.865541e-09,1.556742e-08,7.785849e-09,112.76,103.59,10653.83,9787.89,55.45,50.28
5.31837,7,0.4558,0.015,0.014,5.281,5.967,0.9876,0.00975,270.47,52.40,0.5643265199999999,0.7166946804,2.20,9.340457e-09,4.872193e-09,1.554789e-08,7.787841e-09,112.89,103.91,10666.84,9817.55,55.53,50.46
5.31862,7,0.4558,0.015,0.014,5.281,5.967,0.9876,0.00975,270.47,52.40,0.5643255199999999,0.7166934103999999,2.20,9.344054e-09,4.875784e-09,1.555077e-08,7.786336e-09,112.98,103.83,10674.69,9810.10,55.58,50.41
5.31888,7,0.4559,0.015,0.014,5.281,5.967,0.9876,0.00975,270.47,52.40,0.5643244799999999,0.7166920895999999,2.20,9.345303e-09,4.881962e-09,1.554733e-08,7.780797e-09,113.27,103.75,10702.37,9802.63,55.74,50.37
5.31912,7,0.4559,0.015,0.014,5.281,5.967,0.9876,0.00975,270.47,52.40,0.56432352,0.7166908704,2.20,9.349688e-09,4.886955e-09,1.554139e-08,7.78626e-09,113.40,103.97,10714.77,9823.93,55.81,50.49
5.31937,7,0.4559,0.015,0.014,5.281,5.967,0.9876,0.00975,270.47,52.40,0.5643225199999999,0.7166896004,2.20,9.346752e-09,4.889134e-09,1.55242e-08,7.774735e-09,113.58,103.90,10731.85,9816.56,55.92,50.45
5.31963,7,0.4560,0.015,0.014,5.280,5.967,0.9876,0.00975,270.47,52.40,0.5643214799999999,0.7166882795999999,2.20,9.343741e-09,4.887607e-09,1.55177e-08,7.775271e-09,113.61,104.02,10734.43,9828.32,55.93,50.52
5.31987,7,0.4560,0.015,0.014,5.280,5.967,0.9876,0.00975,270.47,52.40,0.56432052,0.7166870604,2.20,9.33923e-09,4.886504e-09,1.548715e-08,7.773822e-09,113.67,104.39,10740.22,9863.56,55.97,50.73
5.32012,7,0.4560,0.015,0.014,5.280,5.967,0.9876,0.00975,270.47,52.40,0.56431952,0.7166857903999999,2.20,9.324982e-09,4.886914e-09,1.547971e-08,7.762692e-09,114.06,104.19,10776.60,9844.73,56.18,50.62
5.32038,7,0.4561,0.015,0.014,5.280,5.967,0.9876,0.00975,270.47,52.40,0.56431848,0.7166844696,2.20,9.312862e-09,4.881366e-09,1.546154e-08,7.759052e-09,114.12,104.36,10782.69,9860.83,56.22,50.71
5.32062,7,0.4561,0.015,0.014,5.280,5.967,0.9876,0.00975,270.47,52.40,0.5643175199999999,0.7166832503999999,2.20,9.300399e-09,4.874962e-09,1.543376e-08,7.750936e-09,114.13,104.52,10783.29,9875.73,56.22,50.80
5.32088,7,0.4561,0.015,0.014,5.280,5.967,0.9876,0.00975,270.47,52.40,0.56431648,0.7166819296,2.20,9.278459e-09,4.864158e-09,1.540765e-08,7.742774e-09,114.16,104.66,10786.53,9888.43,56.24,50.88
5.32113,7,0.4562,0.015,0.014,5.280,5.967,0.9876,0.00975,270.47,52.40,0.56431548,0.7166806595999999,2.20,9.264599e-09,4.860838e-09,1.538572e-08,7.733943e-09,114.38,104.74,10807.34,9896.23,56.37,50.92
5.32137,7,0.4562,0.015,0.014,5.280,5.967,0.9876,0.00975,270.47,52.40,0.5643145199999999,0.7166794403999999,2.20,9.241192e-09,4.852097e-09,1.537337e-08,7.725019e-09,114.56,104.66,10823.95,9889.24,56.47,50.88
5.32163,7,0.4562,0.015,0.014,5.280,5.967,0.9876,0.00975,270.47,52.40,0.5643134799999999,0.7166781195999999,2.20,9.211847e-09,4.836911e-09,1.533489e-08,7.716108e-09,114.57,104.95,10824.99,9916.17,56.47,51.04
5.32188,7,0.4563,0.015,0.014,5.280,5.967,0.9876,0.00975,270.47,52.40,0.56431248,0.7166768496,2.20,9.183106e-09,4.831173e-09,1.531805e-08,7.702699e-09,115.06,104.84,10871.68,9905.57,56.75,50.98
5.32212,7,0.4563,0.015,0.014,5.280,5.967,0.9876,0.00975,270.47,52.40,0.56431152,0.7166756303999999,2.20,9.155115e-09,4.81696e-09,1.529787e-08,7.690661e-09,115.09,104.79,10874.13,9900.67,56.76,50.95
5.32238,7,0.4563,0.015,0.014,5.280,5.967,0.9876,0.00975,270.47,52.40,0.56431048,0.7166743095999999,2.20,9.12623e-09,4.802533e-09,1.526055e-08,7.677831e-09,115.13,104.95,10877.81,9916.08,56.79,51.04
5.32263,7,0.4564,0.015,0.014,5.280,5.967,0.9876,0.00975,270.47,52.40,0.5643094799999999,0.7166730396,2.20,9.093582e-09,4.788685e-09,1.523271e-08,7.675468e-09,115.32,105.29,10896.20,9948.63,56.90,51.24
5.32287,7,0.4564,0.015,0.014,5.280,5.967,0.9876,0.00975,270.47,52.40,0.56430852,0.7166718204,2.20,9.060956e-09,4.77705e-09,1.521062e-08,7.659702e-09,115.61,105.16,10922.99,9936.51,57.06,51.16
5.32313,7,0.4564,0.015,0.014,5.280,5.967,0.9876,0.00975,270.47,52.40,0.56430748,0.7166704996,2.20,9.029169e-09,4.759905e-09,1.518139e-08,7.649843e-09,115.59,105.30,10921.11,9949.24,57.04,51.24
5.32338,7,0.4565,0.015,0.014,5.280,5.967,0.9876,0.00975,270.47,52.40,0.5643064799999999,0.7166692295999999,2.20,9.000523e-09,4.749225e-09,1.515475e-08,7.641612e-09,115.84,105.47,10945.06,9965.07,57.19,51.33
5.32362,7,0.4565,0.015,0.014,5.280,5.967,0.9876,0.00975,270.47,52.40,0.56430552,0.7166680104,2.20,8.970892e-09,4.734314e-09,1.512381e-08,7.630847e-09,115.88,105.60,10948.60,9977.83,57.21,51.41
5.32388,7,0.4565,0.015,0.014,5.280,5.967,0.9876,0.00975,270.47,52.40,0.56430448,0.7166666896,2.20,8.940647e-09,4.720687e-09,1.510722e-08,7.62248e-09,116.00,105.60,10960.08,9977.84,57.28,51.41
5.32413,7,0.4566,0.015,0.014,5.280,5.967,0.9876,0.00975,270.47,52.40,0.56430348,0.7166654196,2.20,8.909043e-09,4.705831e-09,1.508147e-08,7.615578e-09,116.12,105.80,10971.52,9996.16,57.35,51.52
5.32437,7,0.4566,0.015,0.014,5.280,5.967,0.9876,0.00975,270.47,52.40,0.5643025199999999,0.7166642003999999,2.20,8.884367e-09,4.696422e-09,1.50565e-08,7.605797e-09,116.31,105.88,10989.50,10003.67,57.45,51.56
5.32463,7,0.4566,0.015,0.014,5.280,5.967,0.9876,0.00975,270.47,52.40,0.5643014799999999,0.7166628795999999,2.20,8.854031e-09,4.681265e-09,1.503581e-08,7.603541e-09,116.36,106.11,10993.88,10025.51,57.48,51.70
5.32487,7,0.4567,0.015,0.014,5.279,5.967,0.9876,0.00975,270.47,52.40,0.56430052,0.7166616604,2.20,8.83331e-09,4.670729e-09,1.503076e-08,7.598205e-09,116.40,106.05,10998.39,10020.28,57.51,51.66
5.32512,7,0.4567,0.015,0.014,5.279,5.967,0.9876,0.00975,270.47,52.40,0.5642995199999999,0.7166603904,2.20,8.809196e-09,4.666076e-09,1.500407e-08,7.595432e-09,116.83,106.36,11039.04,10048.96,57.75,51.84
5.32538,7,0.4567,0.015,0.014,5.279,5.967,0.9876,0.00975,270.47,52.40,0.5642984799999999,0.7166590695999999,2.20,8.798526e-09,4.656561e-09,1.499915e-08,7.585939e-09,116.63,106.16,11019.60,10030.21,57.63,51.72
5.32562,7,0.4568,0.015,0.014,5.279,5.967,0.9876,0.00975,270.47,52.40,0.56429752,0.7166578504,2.20,8.775717e-09,4.647785e-09,1.499108e-08,7.589054e-09,116.83,106.38,11038.64,10051.69,57.75,51.85
5.32587,7,0.4568,0.015,0.014,5.279,5.967,0.9876,0.00975,270.47,52.40,0.56429652,0.7166565804,2.20,8.760034e-09,4.646646e-09,1.497916e-08,7.584601e-09,117.21,106.43,11074.96,10055.94,57.96,51.88
5.32613,7,0.4568,0.015,0.014,5.279,5.967,0.9876,0.00975,270.47,52.40,0.56429548,0.7166552596,2.20,8.755286e-09,4.639922e-09,1.497707e-08,7.590424e-09,116.99,106.62,11053.62,10074.44,57.83,51.99
5.32637,7,0.4569,0.015,0.014,5.279,5.967,0.9876,0.00975,270.47,52.40,0.5642945199999999,0.7166540403999999,2.20,8.742612e-09,4.640222e-09,1.497748e-08,7.591654e-09,117.39,106.68,11091.72,10079.39,58.06,52.02
5.32662,7,0.4569,0.015,0.014,5.279,5.967,0.9876,0.00975,270.47,52.40,0.56429352,0.7166527704,2.20,8.741082e-09,4.643369e-09,1.498459e-08,7.599612e-09,117.61,106.80,11111.91,10091.12,58.18,52.09
5.32688,7,0.4570,0.015,0.014,5.279,5.967,0.9876,0.00975,270.47,52.40,0.56429248,0.7166514496,2.20,8.740275e-09,4.64127e-09,1.498668e-08,7.602319e-09,117.54,106.87,11105.82,10097.77,58.15,52.13
5.32712,7,0.4570,0.015,0.014,5.279,5.967,0.9876,0.00976,270.47,52.40,0.5642915199999999,0.7166502304,2.20,8.740992e-09,4.647328e-09,1.498301e-08,7.613345e-09,117.85,107.24,11134.82,10132.58,58.32,52.33
5.32737,7,0.4570,0.015,0.014,5.279,5.967,0.9876,0.00976,270.47,52.40,0.5642905199999999,0.7166489603999999,2.20,8.748926e-09,4.652606e-09,1.499906e-08,7.621938e-09,117.90,107.25,11140.24,10133.76,58.35,52.34
5.32763,7,0.4571,0.015,0.014,5.279,5.967,0.9876,0.00976,270.47,52.40,0.56428948,0.7166476396,2.20,8.762631e-09,4.658845e-09,1.501084e-08,7.629978e-09,117.87,107.33,11137.32,10141.53,58.33,52.39
5.32787,7,0.4571,0.015,0.014,5.279,5.967,0.9876,0.00976,270.47,52.40,0.56428852,0.7166464203999999,2.20,8.768617e-09,4.6706e-09,1.502841e-08,7.644791e-09,118.34,107.50,11181.14,10157.42,58.60,52.48
5.32812,7,0.4571,0.015,0.014,5.279,5.967,0.9876,0.00976,270.47,52.40,0.5642875199999999,0.7166451503999999,2.20,8.784011e-09,4.679032e-09,1.503446e-08,7.657602e-09,118.35,107.78,11182.33,10183.77,58.60,52.64
5.32838,7,0.4572,0.015,0.014,5.279,5.967,0.9876,0.00976,270.47,52.40,0.5642864799999999,0.7166438296,2.20,8.809723e-09,4.694638e-09,1.508085e-08,7.670073e-09,118.48,107.49,11194.52,10155.89,58.68,52.47
5.32862,7,0.4572,0.015,0.014,5.279,5.967,0.9876,0.00976,270.47,52.40,0.56428552,0.7166426104,2.20,8.833422e-09,4.710293e-09,1.509558e-08,7.689216e-09,118.64,107.82,11209.94,10187.30,58.77,52.66
5.32888,7,0.4572,0.015,0.014,5.279,5.967,0.9876,0.00976,270.47,52.40,0.56428448,0.7166412896,2.20,8.85957e-09,4.722936e-09,1.511838e-08,7.706394e-09,118.57,107.98,11203.33,10202.32,58.73,52.75
5.32913,7,0.4573,0.015,0.014,5.279,5.967,0.9876,0.00976,270.47,52.40,0.56428348,0.7166400195999999,2.20,8.886669e-09,4.740888e-09,1.51543e-08,7.724564e-09,118.79,108.00,11223.56,10204.17,58.85,52.76
5.32937,7,0.4573,0.015,0.014,5.279,5.967,0.9876,0.00976,270.47,52.40,0.56428252,0.7166388004,2.20,8.922219e-09,4.760453e-09,1.517928e-08,7.744895e-09,118.82,108.21,11226.59,10224.63,58.87,52.88
5.32963,7,0.4573,0.015,0.014,5.279,5.967,0.9876,0.00976,270.47,52.40,0.56428148,0.7166374796,2.20,8.958768e-09,4.781217e-09,1.521147e-08,7.764121e-09,118.89,108.29,11232.95,10232.17,58.90,52.93
5.32988,7,0.4574,0.015,0.014,5.278,5.967,0.9876,0.00976,270.47,52.40,0.56428048,0.7166362096,2.20,8.99659e-09,4.807839e-09,1.52417e-08,7.788568e-09,119.25,108.57,11267.76,10258.67,59.11,53.09
5.33012,7,0.4574,0.015,0.014,5.278,5.967,0.9876,0.00976,270.47,52.40,0.5642795199999999,0.7166349903999999,2.20,9.043102e-09,4.828335e-09,1.528051e-08,7.808682e-09,119.02,108.58,11245.94,10259.42,58.98,53.09
5.33038,7,0.4574,0.015,0.014,5.278,5.967,0.9876,0.00976,270.47,52.40,0.5642784799999999,0.7166336695999999,2.20,9.08407e-09,4.858282e-09,1.531465e-08,7.839117e-09,119.45,108.95,11286.18,10294.31,59.22,53.30
5.33063,7,0.4575,0.015,0.014,5.278,5.967,0.9876,0.00976,270.47,52.40,0.56427748,0.7166323996,2.20,9.128803e-09,4.877961e-09,1.534591e-08,7.845089e-09,119.25,108.69,11267.57,10269.66,59.11,53.15
5.33087,7,0.4575,0.015,0.014,5.278,5.967,0.9876,0.00976,270.47,52.40,0.56427652,0.7166311804,2.20,9.173439e-09,4.904189e-09,1.539537e-08,7.871177e-09,119.38,108.71,11279.31,10271.81,59.18,53.16
5.33113,7,0.4575,0.015,0.014,5.278,5.967,0.9876,0.00976,270.47,52.40,0.5642754799999999,0.7166298595999999,2.20,9.217297e-09,4.930508e-09,1.541883e-08,7.891685e-09,119.53,108.95,11293.45,10294.53,59.26,53.30
5.33138,7,0.4576,0.015,0.014,5.278,5.967,0.9876,0.00976,270.47,52.40,0.5642744799999999,0.7166285895999999,2.20,9.272751e-09,4.959425e-09,1.545925e-08,7.916062e-09,119.51,109.08,11292.26,10306.62,59.26,53.37
5.33162,7,0.4576,0.015,0.014,5.278,5.967,0.9876,0.00976,270.47,52.40,0.56427352,0.7166273704,2.20,9.317763e-09,4.98717e-09,1.549624e-08,7.94219e-09,119.70,109.28,11310.16,10325.77,59.36,53.49
5.33188,7,0.4576,0.015,0.014,5.278,5.967,0.9876,0.00976,270.47,52.40,0.56427248,0.7166260496,2.20,9.366921e-09,5.018343e-09,1.553474e-08,7.968001e-09,119.95,109.46,11333.79,10341.95,59.51,53.58
5.33212,7,0.4577,0.015,0.014,5.278,5.967,0.9876,0.00976,270.47,52.40,0.5642715199999999,0.7166248303999999,2.20,9.421635e-09,5.047302e-09,1.556817e-08,7.982113e-09,119.96,109.39,11334.55,10336.15,59.51,53.55
5.33237,7,0.4577,0.015,0.014,5.278,5.967,0.9876,0.00976,270.47,52.40,0.56427052,0.7166235604,2.20,9.469336e-09,5.074208e-09,1.561433e-08,8.008834e-09,120.03,109.48,11341.06,10344.24,59.55,53.60
5.33263,7,0.4577,0.015,0.014,5.278,5.967,0.9876,0.00976,270.47,52.40,0.56426948,0.7166222396,2.20,9.515644e-09,5.100564e-09,1.564942e-08,8.026409e-09,120.11,109.47,11348.45,10343.12,59.59,53.59
5.33287,7,0.4578,0.015,0.014,5.278,5.967,0.9876,0.00976,270.47,52.40,0.5642685199999999,0.7166210204,2.20,9.566267e-09,5.125981e-09,1.56692e-08,8.05277e-09,120.05,109.95,11342.74,10388.33,59.56,53.86
5.33312,7,0.4578,0.015,0.014,5.278,5.967,0.9876,0.00976,270.47,52.40,0.5642675199999999,0.7166197503999999,2.20,9.615345e-09,5.153221e-09,1.57033e-08,8.071682e-09,120.10,109.99,11347.20,10392.00,59.58,53.88
5.33338,7,0.4578,0.015,0.014,5.278,5.967,0.9876,0.00976,270.47,52.40,0.5642664799999999,0.7166184295999999,2.20,9.65954e-09,5.177254e-09,1.574099e-08,8.089916e-09,120.11,109.95,11348.84,10388.99,59.59,53.86
5.33362,7,0.4579,0.015,0.014,5.278,5.967,0.9876,0.00976,270.47,52.40,0.56426552,0.7166172103999999,2.20,9.694246e-09,5.202901e-09,1.577159e-08,8.10804e-09,120.49,110.04,11384.55,10397.59,59.81,53.91
5.33387,7,0.4579,0.015,0.014,5.278,5.967,0.9876,0.00976,270.47,52.40,0.5642645199999999,0.7166159404,2.20,9.745219e-09,5.225989e-09,1.579337e-08,8.126141e-09,120.28,110.24,11364.51,10415.80,59.69,54.02
5.33413,7,0.4579,0.015,0.014,5.278,5.967,0.9876,0.00976,270.47,52.40,0.5642634799999999,0.7166146196,2.20,9.784003e-09,5.254893e-09,1.582738e-08,8.140588e-09,120.68,110.15,11402.44,10407.76,59.91,53.97
5.33437,7,0.4580,0.015,0.014,5.278,5.967,0.9876,0.00976,270.47,52.40,0.56426252,0.7166134004,2.20,9.817502e-09,5.275081e-09,1.585036e-08,8.157897e-09,120.81,110.33,11415.19,10424.48,59.99,54.07
5.33462,7,0.4580,0.015,0.014,5.278,5.967,0.9876,0.00976,270.47,52.40,0.56426152,0.7166121303999999,2.20,9.853209e-09,5.291976e-09,1.587389e-08,8.178731e-09,120.70,110.57,11404.52,10447.44,59.93,54.21
5.33488,7,0.4580,0.015,0.014,5.278,5.967,0.9876,0.00976,270.47,52.40,0.56426048,0.7166108095999999,2.20,9.883816e-09,5.312708e-09,1.58973e-08,8.187766e-09,120.91,110.49,11424.47,10439.48,60.05,54.16
5.33512,7,0.4581,0.015,0.014,5.277,5.967,0.9876,0.00976,270.47,52.40,0.56425952,0.7166095904,2.20,9.90835e-09,5.328538e-09,1.592366e-08,8.209481e-09,121.07,110.74,11439.23,10463.14,60.13,54.30
5.33537,7,0.4581,0.015,0.014,5.277,5.967,0.9876,0.00976,270.47,52.40,0.56425852,0.7166083204,2.20,9.933506e-09,5.341294e-09,1.595022e-08,8.217781e-09,121.03,110.59,11435.65,10448.99,60.11,54.22
5.33563,7,0.4581,0.015,0.014,5.277,5.967,0.9876,0.00976,270.47,52.40,0.56425748,0.7166069996,2.20,9.956945e-09,5.353935e-09,1.596534e-08,8.234302e-09,121.03,110.83,11435.82,10471.89,60.11,54.36
5.33587,7,0.4582,0.015,0.014,5.277,5.967,0.9876,0.00976,270.47,52.40,0.5642565199999999,0.7166057803999999,2.20,9.97507e-09,5.366595e-09,1.597535e-08,8.243418e-09,121.20,110.97,11451.77,10484.56,60.21,54.43
5.33613,7,0.4582,0.015,0.014,5.277,5.967,0.9876,0.00976,270.47,52.40,0.5642554799999999,0.7166044595999999,2.20,9.992387e-09,5.379738e-09,1.599115e-08,8.2602e-09,121.39,111.21,11469.43,10507.24,60.31,54.57
5.33638,7,0.4583,0.015,0.014,5.277,5.967,0.9876,0.00976,270.47,52.40,0.56425448,0.7166031896,2.20,1.000751e-08,5.385411e-09,1.601562e-08,8.27643e-09,121.29,111.33,11460.55,10518.97,60.26,54.64
5.33662,7,0.4583,0.015,0.014,5.277,5.967,0.9876,0.00976,270.47,52.40,0.56425352,0.7166019704,2.20,1.002313e-08,5.397286e-09,1.601891e-08,8.280027e-09,121.46,111.38,11476.52,10523.96,60.36,54.67
5.33688,7,0.4583,0.015,0.014,5.277,5.967,0.9876,0.00976,270.47,52.40,0.56425248,0.7166006495999999,2.20,1.00296e-08,5.403289e-09,1.604687e-08,8.291742e-09,121.59,111.31,11488.13,10516.78,60.42,54.62
5.33713,7,0.4584,0.015,0.014,5.277,5.967,0.9876,0.00976,270.47,52.40,0.5642514799999999,0.7165993795999999,2.20,1.00326e-08,5.40759e-09,1.60723e-08,8.298657e-09,121.74,111.16,11503.01,10502.77,60.51,54.54
5.33737,7,0.4584,0.015,0.014,5.277,5.967,0.9876,0.00976,270.47,52.40,0.56425052,0.7165981604,2.20,1.003227e-08,5.416484e-09,1.608795e-08,8.3215e-09,122.19,111.57,11544.96,10541.43,60.76,54.77
5.33763,7,0.4584,0.015,0.014,5.277,5.967,0.9876,0.00976,270.47,52.40,0.56424948,0.7165968396,2.20,1.003677e-08,5.418543e-09,1.610526e-08,8.330504e-09,122.17,111.57,11543.24,10541.56,60.75,54.77
5.33788,7,0.4585,0.015,0.014,5.277,5.967,0.9876,0.00976,270.47,52.40,0.5642484799999999,0.7165955695999999,2.20,1.00457e-08,5.422435e-09,1.61227e-08,8.344305e-09,122.15,111.73,11541.46,10556.39,60.74,54.86
5.33812,7,0.4585,0.015,0.014,5.277,5.967,0.9876,0.00976,270.47,52.40,0.56424752,0.7165943504,2.20,1.005156e-08,5.427107e-09,1.614512e-08,8.354728e-09,122.23,111.69,11548.44,10553.30,60.78,54.84
5.33838,7,0.4585,0.015,0.014,5.277,5.967,0.9876,0.00976,270.47,52.40,0.56424648,0.7165930296,2.20,1.00459e-08,5.430643e-09,1.616233e-08,8.367024e-09,122.55,111.79,11578.99,10562.17,60.97,54.89
5.33863,7,0.4586,0.015,0.014,5.277,5.967,0.9876,0.00976,270.47,52.40,0.56424548,0.7165917596,2.20,1.004239e-08,5.431137e-09,1.619013e-08,8.380157e-09,122.69,111.78,11592.63,10561.18,61.05,54.89
5.33887,7,0.4586,0.015,0.014,5.277,5.967,0.9876,0.00976,270.47,52.40,0.5642445199999999,0.7165905403999999,2.20,1.004691e-08,5.431591e-09,1.619917e-08,8.401119e-09,122.59,112.23,11583.38,10603.79,60.99,55.14
5.33913,7,0.4586,0.015,0.014,5.277,5.967,0.9876,0.00976,270.47,52.40,0.5642434799999999,0.7165892195999999,2.20,1.004218e-08,5.429582e-09,1.624487e-08,8.421232e-09,122.62,112.13,11585.93,10594.41,61.01,55.09
5.33938,7,0.4587,0.015,0.014,5.277,5.967,0.9876,0.00976,270.47,52.40,0.56424248,0.7165879496,2.20,1.00465e-08,5.434637e-09,1.626496e-08,8.430399e-09,122.78,112.12,11601.09,10593.47,61.10,55.08
5.33962,7,0.4587,0.015,0.014,5.277,5.967,0.9876,0.00976,270.47,52.40,0.5642415199999999,0.7165867304,2.20,1.004743e-08,5.439071e-09,1.628057e-08,8.445499e-09,122.98,112.31,11619.38,10611.75,61.21,55.19
5.33988,7,0.4587,0.015,0.014,5.277,5.967,0.9876,0.00976,270.47,52.40,0.5642404799999999,0.7165854096,2.20,1.005424e-08,5.448226e-09,1.632195e-08,8.470329e-09,123.25,112.40,11644.87,10620.52,61.36,55.24
5.34012,7,0.4588,0.015,0.014,5.276,5.967,0.9876,0.00976,270.47,52.40,0.56423952,0.7165841904,2.20,1.005958e-08,5.447315e-09,1.634349e-08,8.487557e-09,123.08,112.60,11629.68,10638.60,61.27,55.35
5.34037,7,0.4588,0.015,0.014,5.276,5.967,0.9876,0.00976,270.47,52.40,0.56423852,0.7165829203999999,2.20,1.005915e-08,5.452486e-09,1.638748e-08,8.509194e-09,123.35,112.56,11654.87,10635.45,61.42,55.33
5.34063,7,0.4588,0.015,0.014,5.276,5.967,0.9876,0.00976,270.47,52.40,0.56423748,0.7165815996,2.20,1.007134e-08,5.460562e-09,1.643307e-08,8.530749e-09,123.42,112.50,11661.72,10629.97,61.46,55.30
5.34087,7,0.4589,0.015,0.014,5.276,5.967,0.9876,0.00976,270.47,52.40,0.5642365199999999,0.7165803803999999,2.20,1.007963e-08,5.469801e-09,1.647666e-08,8.55553e-09,123.69,112.59,11686.40,10637.85,61.61,55.35
5.34112,7,0.4589,0.015,0.014,5.276,5.967,0.9876,0.00976,270.47,52.40,0.56423552,0.7165791104,2.20,1.009259e-08,5.472457e-09,1.650994e-08,8.584717e-09,123.47,112.91,11666.00,10668.63,61.48,55.53
5.34138,7,0.4589,0.015,0.014,5.276,5.967,0.9876,0.00976,270.47,52.40,0.56423448,0.7165777896,2.20,1.010292e-08,5.487161e-09,1.656561e-08,8.614492e-09,123.92,112.94,11708.43,10670.76,61.74,55.54
5.34162,7,0.4590,0.015,0.014,5.276,5.967,0.9876,0.00976,270.47,52.40,0.5642335199999999,0.7165765703999999,2.20,1.011698e-08,5.493043e-09,1.661614e-08,8.637682e-09,123.86,112.88,11702.80,10665.15,61.70,55.51
5.34187,7,0.4590,0.015,0.014,5.276,5.967,0.9876,0.00976,270.47,52.40,0.56423252,0.7165753004000001,2.20,1.01372e-08,5.506469e-09,1.667153e-08,8.664737e-09,123.98,112.83,11714.19,10660.69,61.77,55.48
5.34213,7,0.4590,0.015,0.014,5.276,5.967,0.9876,0.00976,270.47,52.40,0.56423148,0.7165739796,2.20,1.016141e-08,5.522905e-09,1.671922e-08,8.706941e-09,124.14,113.30,11729.46,10705.28,61.86,55.75
5.34237,7,0.4591,0.015,0.014,5.276,5.967,0.9876,0.00976,270.47,52.40,0.56423052,0.7165727604,2.20,1.018455e-08,5.54151e-09,1.677879e-08,8.732398e-09,124.46,113.18,11760.04,10693.39,62.05,55.68
5.34262,7,0.4591,0.015,0.014,5.276,5.967,0.9876,0.00976,270.47,52.40,0.5642295199999999,0.7165714903999999,2.20,1.020927e-08,5.556774e-09,1.684286e-08,8.763695e-09,124.55,113.12,11768.47,10688.19,62.10,55.64
5.34288,7,0.4591,0.015,0.014,5.276,5.967,0.9876,0.00976,270.47,52.40,0.5642284799999999,0.7165701695999999,2.20,1.023458e-08,5.573982e-09,1.690394e-08,8.811893e-09,124.72,113.56,11784.39,10729.86,62.19,55.89
5.34312,7,0.4592,0.015,0.014,5.276,5.967,0.9876,0.00976,270.47,52.40,0.56422752,0.7165689504,2.20,1.026512e-08,5.591947e-09,1.69703e-08,8.849959e-09,124.81,113.68,11793.13,10741.00,62.24,55.96
5.34337,7,0.4592,0.015,0.014,5.276,5.967,0.9876,0.00976,270.47,52.40,0.56422652,0.7165676804,2.20,1.030002e-08,5.616419e-09,1.704671e-08,8.886017e-09,125.08,113.58,11818.37,10731.44,62.39,55.90
5.34363,7,0.4592,0.015,0.014,5.276,5.967,0.9876,0.00976,270.47,52.40,0.56422548,0.7165663595999999,2.20,1.034166e-08,5.638408e-09,1.711279e-08,8.925213e-09,125.05,113.70,11815.06,10743.38,62.37,55.97
5.34387,7,0.4593,0.015,0.014,5.276,5.967,0.9876,0.00976,270.47,52.40,0.56422452,0.7165651404,2.20,1.037962e-08,5.657534e-09,1.718322e-08,8.963328e-09,125.00,113.77,11810.43,10749.19,62.35,56.01
5.34413,7,0.4593,0.015,0.014,5.276,5.967,0.9876,0.00976,270.47,52.40,0.56422348,0.7165638196,2.20,1.041718e-08,5.685109e-09,1.725444e-08,9.007654e-09,125.34,113.96,11842.95,10767.12,62.54,56.12
5.34438,7,0.4593,0.015,0.014,5.276,5.967,0.9876,0.00976,270.47,52.40,0.56422248,0.7165625496,2.20,1.046965e-08,5.708452e-09,1.733304e-08,9.050328e-09,125.09,114.00,11818.83,10771.20,62.40,56.14
5.34462,7,0.4594,0.015,0.014,5.276,5.967,0.9876,0.00976,270.47,52.40,0.5642215199999999,0.7165613303999999,2.20,1.050409e-08,5.735709e-09,1.740817e-08,9.094093e-09,125.52,114.14,11859.96,10784.80,62.64,56.22
5.34488,7,0.4594,0.015,0.014,5.276,5.967,0.9876,0.00976,270.47,52.40,0.5642204799999999,0.7165600095999999,2.20,1.055115e-08,5.766957e-09,1.748761e-08,9.134975e-09,125.79,114.13,11885.16,10783.28,62.79,56.21
5.34513,7,0.4595,0.015,0.014,5.275,5.967,0.9876,0.00976,270.47,52.40,0.56421948,0.7165587396,2.20,1.059479e-08,5.794603e-09,1.757225e-08,9.178777e-09,126.00,114.14,11904.93,10784.61,62.91,56.22
5.34537,7,0.4595,0.015,0.014,5.275,5.967,0.9876,0.00976,270.47,52.40,0.56421852,0.7165575204,2.20,1.064883e-08,5.823883e-09,1.764806e-08,9.215095e-09,125.98,114.06,11903.69,10776.58,62.90,56.17
5.34563,7,0.4595,0.015,0.014,5.275,5.967,0.9876,0.00976,270.47,52.40,0.5642174799999999,0.7165561995999999,2.20,1.069852e-08,5.856146e-09,1.77248e-08,9.262108e-09,126.23,114.24,11926.56,10793.51,63.04,56.27
5.34588,7,0.4596,0.015,0.014,5.275,5.967,0.9876,0.00976,270.47,52.40,0.5642164799999999,0.7165549295999999,2.20,1.074616e-08,5.887517e-09,1.779039e-08,9.30737e-09,126.51,114.54,11952.90,10822.62,63.20,56.45
5.34612,7,0.4596,0.015,0.014,5.275,5.967,0.9876,0.00976,270.47,52.40,0.56421552,0.7165537103999999,2.20,1.080338e-08,5.916573e-09,1.787419e-08,9.356268e-09,126.40,114.67,11942.66,10834.90,63.13,56.52
5.34638,7,0.4596,0.015,0.014,5.275,5.967,0.9876,0.00976,270.47,52.40,0.56421448,0.7165523896,2.20,1.085885e-08,5.947442e-09,1.79381e-08,9.393959e-09,126.42,114.78,11944.84,10845.17,63.15,56.58
5.34663,7,0.4597,0.015,0.014,5.275,5.967,0.9876,0.00976,270.47,52.40,0.5642134799999999,0.7165511196,2.20,1.090709e-08,5.978365e-09,1.801477e-08,9.437032e-09,126.66,114.88,11967.36,10854.58,63.28,56.64
5.34687,7,0.4597,0.015,0.014,5.275,5.967,0.9876,0.00976,270.47,52.40,0.56421252,0.7165499004,2.20,1.095679e-08,6.003969e-09,1.810354e-08,9.479113e-09,126.58,114.77,11960.14,10843.96,63.24,56.57
5.34713,7,0.4597,0.015,0.014,5.275,5.967,0.9876,0.00976,270.47,52.40,0.56421148,0.7165485796,2.20,1.100834e-08,6.039391e-09,1.815847e-08,9.515512e-09,126.92,114.96,11991.65,10862.26,63.43,56.68
5.34738,7,0.4598,0.015,0.014,5.275,5.967,0.9876,0.00976,270.47,52.40,0.56421048,0.7165473095999999,2.20,1.105862e-08,6.067048e-09,1.823044e-08,9.561464e-09,126.95,115.20,11994.58,10884.33,63.44,56.81
5.34762,7,0.4598,0.015,0.014,5.275,5.967,0.9876,0.00976,270.47,52.40,0.5642095199999999,0.7165460904,2.20,1.110758e-08,6.096254e-09,1.830921e-08,9.598315e-09,127.06,115.08,12004.81,10873.69,63.50,56.75
5.34788,7,0.4598,0.015,0.014,5.275,5.967,0.9876,0.00976,270.47,52.40,0.56420848,0.7165447696,2.20,1.116262e-08,6.126548e-09,1.837005e-08,9.629979e-09,127.06,115.08,12005.18,10873.15,63.51,56.75
5.34812,7,0.4599,0.015,0.014,5.275,5.967,0.9876,0.00976,270.47,52.40,0.56420752,0.7165435504,2.20,1.120673e-08,6.16039e-09,1.844005e-08,9.661621e-09,127.53,114.98,12049.56,10863.57,63.77,56.69
5.34837,7,0.4599,0.015,0.014,5.275,5.967,0.9876,0.00976,270.47,52.40,0.5642065199999999,0.7165422803999999,2.20,1.124608e-08,6.184206e-09,1.848827e-08,9.697011e-09,127.63,115.23,12059.02,10887.45,63.83,56.83
5.34863,7,0.4599,0.015,0.014,5.275,5.967,0.9876,0.00976,270.47,52.40,0.5642054799999999,0.7165409596,2.20,1.129426e-08,6.210005e-09,1.854287e-08,9.736213e-09,127.60,115.49,12056.02,10912.35,63.81,56.98
5.34887,7,0.4600,0.015,0.014,5.275,5.967,0.9876,0.00976,270.47,52.40,0.56420452,0.7165397404,2.20,1.13289e-08,6.232176e-09,1.861115e-08,9.766271e-09,127.77,115.37,12072.09,10901.11,63.91,56.91
5.34912,7,0.4600,0.015,0.014,5.275,5.967,0.9876,0.00976,270.47,52.40,0.56420352,0.7165384704,2.20,1.136146e-08,6.252308e-09,1.8653e-08,9.796199e-09,127.87,115.57,12081.62,10919.79,63.96,57.02
5.34938,7,0.4600,0.015,0.014,5.275,5.967,0.9876,0.00976,270.47,52.40,0.56420248,0.7165371495999999,2.20,1.140349e-08,6.275195e-09,1.869366e-08,9.829079e-09,127.86,115.86,12080.59,10946.83,63.96,57.19
5.34962,7,0.4601,0.015,0.014,5.275,5.967,0.9876,0.00976,270.47,52.40,0.56420152,0.7165359304000001,2.20,1.142612e-08,6.29508e-09,1.874541e-08,9.848931e-09,128.22,115.70,12115.02,10931.99,64.16,57.10
5.34987,7,0.4601,0.015,0.014,5.275,5.967,0.9876,0.00976,270.47,52.40,0.56420052,0.7165346604,2.20,1.146173e-08,6.309773e-09,1.877265e-08,9.877187e-09,128.00,116.05,12093.99,10964.60,64.04,57.29
5.35013,7,0.4601,0.015,0.014,5.275,5.967,0.9876,0.00976,270.47,52.40,0.56419948,0.7165333396,2.20,1.148799e-08,6.324756e-09,1.883801e-08,9.903701e-09,128.02,115.85,12096.23,10946.23,64.05,57.18
5.35037,7,0.4602,0.015,0.014,5.274,5.967,0.9876,0.00976,270.48,52.40,0.5641985199999999,0.7165321203999999,2.20,1.150266e-08,6.340817e-09,1.885477e-08,9.917331e-09,128.41,116.00,12132.85,10959.84,64.27,57.26
5.35062,7,0.4602,0.015,0.014,5.274,5.967,0.9876,0.00976,270.48,52.40,0.56419752,0.7165308504,2.20,1.153094e-08,6.354108e-09,1.89001e-08,9.936521e-09,128.31,115.88,12123.08,10949.03,64.21,57.20
5.35088,7,0.4602,0.015,0.014,5.274,5.967,0.9876,0.00976,270.48,52.40,0.56419648,0.7165295296,2.20,1.154444e-08,6.367154e-09,1.890765e-08,9.956029e-09,128.56,116.26,12146.91,10985.18,64.35,57.41
5.35112,7,0.4603,0.015,0.014,5.274,5.967,0.9876,0.00976,270.48,52.40,0.56419552,0.7165283104,2.20,1.156185e-08,6.378997e-09,1.894028e-08,9.971921e-09,128.69,116.26,12159.07,10984.56,64.42,57.41
5.35137,7,0.4603,0.015,0.014,5.274,5.967,0.9876,0.00976,270.48,52.40,0.5641945199999999,0.7165270403999999,2.20,1.15752e-08,6.380749e-09,1.894737e-08,9.982345e-09,128.44,116.42,12135.26,11000.13,64.28,57.50
5.35163,7,0.4603,0.015,0.014,5.274,5.967,0.9876,0.00976,270.48,52.40,0.5641934799999999,0.7165257195999999,2.20,1.157893e-08,6.388754e-09,1.897715e-08,9.998416e-09,128.70,116.43,12160.49,11001.02,64.43,57.51
5.35187,7,0.4604,0.015,0.014,5.274,5.967,0.9876,0.00976,270.48,52.40,0.56419252,0.7165245003999999,2.20,1.159197e-08,6.390998e-09,1.898778e-08,1.001562e-08,128.51,116.74,12142.15,11030.42,64.32,57.68
5.35213,7,0.4604,0.015,0.014,5.274,5.967,0.9876,0.00976,270.48,52.40,0.56419148,0.7165231796,2.20,1.160012e-08,6.399587e-09,1.900841e-08,1.002386e-08,128.69,116.68,12159.49,11024.27,64.43,57.65
5.35238,7,0.4604,0.015,0.014,5.274,5.967,0.9876,0.00976,270.48,52.40,0.5641904799999999,0.7165219096,2.20,1.159928e-08,6.405908e-09,1.903009e-08,1.003048e-08,129.00,116.56,12188.28,11013.09,64.60,57.58
5.35262,7,0.4605,0.015,0.014,5.274,5.967,0.9876,0.00976,270.48,52.40,0.56418952,0.7165206904,2.20,1.159725e-08,6.405713e-09,1.903317e-08,1.003578e-08,129.07,116.67,12194.87,11024.02,64.64,57.65
5.35288,7,0.4605,0.015,0.014,5.274,5.967,0.9876,0.00976,270.48,52.40,0.56418848,0.7165193696,2.20,1.160582e-08,6.406833e-09,1.904177e-08,1.00483e-08,128.90,116.87,12179.52,11042.59,64.55,57.76
5.35313,7,0.4605,0.015,0.014,5.274,5.967,0.9876,0.00976,270.48,52.40,0.56418748,0.7165180996,2.20,1.160324e-08,6.405532e-09,1.906405e-08,1.006082e-08,128.91,116.89,12180.05,11044.36,64.55,57.77
5.35337,7,0.4606,0.015,0.014,5.274,5.967,0.9876,0.00976,270.48,52.40,0.5641865199999999,0.7165168804,2.20,1.159544e-08,6.406624e-09,1.907335e-08,1.006239e-08,129.18,116.83,12205.65,11039.01,64.70,57.73
5.35363,7,0.4606,0.015,0.014,5.274,5.967,0.9876,0.00976,270.48,52.40,0.5641854799999999,0.7165155595999999,2.20,1.159335e-08,6.411633e-09,1.907722e-08,1.0079e-08,129.46,117.19,12231.93,11072.88,64.86,57.94
5.35388,7,0.4607,0.015,0.014,5.274,5.967,0.9876,0.00976,270.48,52.40,0.56418448,0.7165142896,2.20,1.159845e-08,6.407217e-09,1.908745e-08,1.00837e-08,129.16,117.20,12203.74,11073.65,64.69,57.94
5.35412,7,0.4607,0.015,0.014,5.274,5.967,0.9876,0.00976,270.48,52.40,0.5641835199999999,0.7165130703999999,2.20,1.159909e-08,6.410498e-09,1.909401e-08,1.008926e-08,129.29,117.25,12216.21,11078.52,64.76,57.97
5.35438,7,0.4607,0.015,0.014,5.274,5.967,0.9876,0.00976,270.48,52.40,0.5641824799999999,0.7165117496,2.20,1.158996e-08,6.406679e-09,1.91178e-08,1.009872e-08,129.35,117.18,12221.44,11071.29,64.79,57.93
5.35463,7,0.4608,0.015,0.014,5.274,5.967,0.9876,0.00976,270.48,52.40,0.56418148,0.7165104796,2.20,1.159271e-08,6.411685e-09,1.912732e-08,1.010205e-08,129.53,117.16,12238.97,11069.75,64.90,57.92
5.35487,7,0.4608,0.015,0.014,5.274,5.967,0.9876,0.00976,270.48,52.40,0.56418052,0.7165092604,2.20,1.159155e-08,6.413992e-09,1.91413e-08,1.012294e-08,129.67,117.49,12251.57,11101.14,64.97,58.11
5.35513,7,0.4608,0.015,0.014,5.274,5.967,0.9876,0.00976,270.48,52.40,0.56417948,0.7165079395999999,2.20,1.159498e-08,6.410035e-09,1.914482e-08,1.012107e-08,129.40,117.40,12226.57,11092.46,64.83,58.05
5.35538,7,0.4609,0.015,0.014,5.273,5.967,0.9876,0.00976,270.48,52.40,0.5641784799999999,0.7165066695999999,2.20,1.15942e-08,6.410973e-09,1.915346e-08,1.013835e-08,129.49,117.74,12235.07,11124.46,64.88,58.24
5.35562,7,0.4609,0.015,0.014,5.273,5.967,0.9876,0.00976,270.48,52.40,0.56417752,0.7165054504,2.20,1.15968e-08,6.412986e-09,1.917817e-08,1.014062e-08,129.52,117.47,12237.52,11099.32,64.89,58.09
5.35588,7,0.4609,0.015,0.014,5.273,5.967,0.9876,0.00976,270.48,52.40,0.56417648,0.7165041296,2.20,1.159704e-08,6.419825e-09,1.919615e-08,1.015674e-08,129.82,117.63,12266.19,11114.68,65.06,58.19
5.35612,7,0.4610,0.015,0.014,5.273,5.967,0.9876,0.00976,270.48,52.40,0.5641755199999999,0.7165029103999999,2.20,1.160856e-08,6.419087e-09,1.922464e-08,1.016676e-08,129.53,117.54,12238.46,11105.37,64.90,58.13
5.35637,7,0.4610,0.015,0.014,5.273,5.967,0.9876,0.00976,270.48,52.40,0.56417452,0.7165016404,2.20,1.161185e-08,6.429501e-09,1.923665e-08,1.018407e-08,129.92,117.80,12275.17,11130.79,65.11,58.28
5.35663,7,0.4610,0.015,0.014,5.273,5.967,0.9876,0.00976,270.48,52.40,0.56417348,0.7165003196,2.20,1.163008e-08,6.438665e-09,1.926071e-08,1.019312e-08,129.87,117.71,12271.20,11122.24,65.09,58.23
5.35687,7,0.4611,0.015,0.014,5.273,5.967,0.9876,0.00976,270.48,52.40,0.56417252,0.7164991004,2.20,1.163761e-08,6.438366e-09,1.928793e-08,1.021524e-08,129.70,117.93,12254.81,11142.52,64.99,58.35
5.35712,7,0.4611,0.015,0.014,5.273,5.967,0.9876,0.00976,270.48,52.40,0.5641715199999999,0.7164978303999999,2.20,1.165621e-08,6.450223e-09,1.931659e-08,1.022188e-08,129.77,117.72,12261.47,11122.77,65.03,58.23
5.35738,7,0.4611,0.015,0.014,5.273,5.967,0.9876,0.00976,270.48,52.40,0.5641704799999999,0.7164965095999999,2.20,1.167002e-08,6.460201e-09,1.934034e-08,1.02394e-08,129.88,117.84,12271.41,11134.21,65.09,58.30
5.35762,7,0.4612,0.015,0.014,5.273,5.967,0.9876,0.00976,270.48,52.40,0.56416952,0.7164952904,2.20,1.168766e-08,6.470912e-09,1.936904e-08,1.026342e-08,129.95,118.08,12278.09,11157.01,65.13,58.44
5.35787,7,0.4612,0.015,0.014,5.273,5.967,0.9876,0.00976,270.48,52.40,0.56416852,0.7164940204,2.20,1.170288e-08,6.482471e-09,1.941192e-08,1.028852e-08,130.09,118.14,12291.40,11162.50,65.21,58.47
5.35813,7,0.4612,0.015,0.014,5.273,5.967,0.9876,0.00976,270.48,52.40,0.5641674799999999,0.7164926996,2.20,1.172067e-08,6.500929e-09,1.943908e-08,1.030363e-08,130.48,118.16,12327.97,11164.15,65.43,58.48
5.35837,7,0.4613,0.015,0.014,5.273,5.967,0.9876,0.00976,270.48,52.40,0.56416652,0.7164914804,2.20,1.175195e-08,6.513566e-09,1.94762e-08,1.032117e-08,130.29,118.13,12310.65,11161.65,65.33,58.46
5.35862,7,0.4613,0.015,0.014,5.273,5.967,0.9876,0.00976,270.48,52.40,0.56416552,0.7164902103999999,2.20,1.178678e-08,6.52902e-09,1.952387e-08,1.03405e-08,130.12,117.99,12294.38,11148.05,65.23,58.38
5.35888,7,0.4613,0.015,0.014,5.273,5.967,0.9876,0.00976,270.48,52.40,0.56416448,0.7164888896,2.20,1.179914e-08,6.5429e-09,1.955413e-08,1.036961e-08,130.43,118.30,12324.08,11178.03,65.41,58.56
5.35912,7,0.4614,0.015,0.014,5.273,5.967,0.9876,0.00976,270.48,52.40,0.5641635199999999,0.7164876703999999,2.20,1.183407e-08,6.561153e-09,1.960338e-08,1.038482e-08,130.41,118.07,12322.04,11155.51,65.39,58.43
5.35938,7,0.4614,0.015,0.014,5.273,5.967,0.9876,0.00976,270.48,52.40,0.5641624799999999,0.7164863495999999,2.20,1.185742e-08,6.578999e-09,1.964497e-08,1.041153e-08,130.63,118.18,12342.68,11166.18,65.52,58.49
5.35963,7,0.4614,0.015,0.014,5.273,5.967,0.9876,0.00976,270.48,52.40,0.56416148,0.7164850796,2.20,1.189239e-08,6.596066e-09,1.968095e-08,1.042989e-08,130.53,118.16,12332.86,11164.56,65.46,58.48
5.35987,7,0.4615,0.015,0.014,5.272,5.967,0.9876,0.00976,270.48,52.40,0.5641605199999999,0.7164838603999999,2.20,1.192283e-08,6.616274e-09,1.973051e-08,1.045685e-08,130.70,118.20,12349.47,11168.56,65.56,58.51
5.36013,7,0.4615,0.015,0.014,5.272,5.967,0.9876,0.00976,270.48,52.40,0.5641594799999999,0.7164825396,2.20,1.195544e-08,6.635905e-09,1.976539e-08,1.047648e-08,130.77,118.23,12355.89,11171.16,65.59,58.52
5.36038,7,0.4615,0.015,0.014,5.272,5.967,0.9876,0.00976,270.48,52.40,0.5641584799999999,0.7164812695999999,2.20,1.198199e-08,6.658683e-09,1.980774e-08,1.049547e-08,131.13,118.15,12389.52,11163.34,65.80,58.47
5.36062,7,0.4616,0.015,0.014,5.272,5.967,0.9876,0.00976,270.48,52.40,0.56415752,0.7164800504,2.20,1.201541e-08,6.672533e-09,1.985057e-08,1.052283e-08,130.95,118.29,12372.49,11176.29,65.69,58.55
5.36088,7,0.4616,0.015,0.014,5.272,5.967,0.9876,0.00976,270.48,52.40,0.56415648,0.7164787295999999,2.20,1.205726e-08,6.693864e-09,1.989728e-08,1.054767e-08,130.86,118.29,12364.56,11176.47,65.65,58.55
5.36113,7,0.4616,0.015,0.014,5.272,5.967,0.9876,0.00976,270.48,52.40,0.5641554799999999,0.7164774596,2.20,1.209407e-08,6.713194e-09,1.995095e-08,1.057017e-08,130.81,118.15,12359.98,11163.10,65.62,58.47
5.36137,7,0.4617,0.015,0.014,5.272,5.967,0.9876,0.00976,270.48,52.40,0.56415452,0.7164762404,2.20,1.212698e-08,6.732388e-09,1.998774e-08,1.059474e-08,130.88,118.29,12366.49,11176.91,65.66,58.55
5.36163,7,0.4617,0.015,0.014,5.272,5.967,0.9876,0.00976,270.48,52.40,0.56415348,0.7164749196,2.20,1.215893e-08,6.754297e-09,2.002647e-08,1.061475e-08,131.07,118.28,12383.68,11175.75,65.76,58.55
5.36188,7,0.4617,0.015,0.014,5.272,5.967,0.9876,0.00976,270.48,52.40,0.56415248,0.7164736495999999,2.20,1.218552e-08,6.774338e-09,2.00452e-08,1.063164e-08,131.29,118.45,12405.39,11191.34,65.89,58.64
5.36212,7,0.4618,0.015,0.014,5.272,5.967,0.9876,0.00976,270.48,52.40,0.5641515199999999,0.7164724303999999,2.20,1.221125e-08,6.790371e-09,2.00992e-08,1.065999e-08,131.40,118.46,12415.20,11193.12,65.95,58.65
5.36238,7,0.4618,0.015,0.014,5.272,5.967,0.9876,0.00976,270.48,52.40,0.56415048,0.7164711096,2.20,1.223538e-08,6.805099e-09,2.013217e-08,1.068193e-08,131.46,118.57,12420.58,11203.06,65.98,58.71
5.36263,7,0.4618,0.015,0.014,5.272,5.967,0.9876,0.00976,270.48,52.40,0.56414948,0.7164698396,2.20,1.226714e-08,6.819812e-09,2.015534e-08,1.068798e-08,131.33,118.42,12408.48,11189.14,65.91,58.63
5.36287,7,0.4619,0.015,0.014,5.272,5.967,0.9876,0.00976,270.48,52.40,0.5641485199999999,0.7164686203999999,2.20,1.228322e-08,6.831281e-09,2.017555e-08,1.070611e-08,131.47,118.62,12421.53,11208.08,65.99,58.74
5.36313,7,0.4619,0.015,0.014,5.272,5.967,0.9876,0.00976,270.48,52.40,0.5641474799999999,0.7164672995999999,2.20,1.230369e-08,6.843747e-09,2.020336e-08,1.072873e-08,131.51,118.81,12425.95,11225.61,66.01,58.84
5.36337,7,0.4620,0.015,0.014,5.272,5.967,0.9876,0.00976,270.48,52.40,0.56414652,0.7164660804,2.20,1.232971e-08,6.854548e-09,2.024144e-08,1.073408e-08,131.38,118.48,12413.66,11194.97,65.94,58.66
5.36362,7,0.4620,0.015,0.014,5.272,5.967,0.9876,0.00976,270.48,52.40,0.56414552,0.7164648104,2.20,1.233765e-08,6.869675e-09,2.026206e-08,1.074258e-08,131.85,118.43,12457.40,11189.57,66.20,58.63
5.36388,7,0.4620,0.015,0.014,5.272,5.967,0.9876,0.00976,270.48,52.40,0.56414448,0.7164634896,2.20,1.235362e-08,6.876764e-09,2.02861e-08,1.075346e-08,131.77,118.38,12450.04,11185.44,66.15,58.60
5.36412,7,0.4621,0.015,0.014,5.272,5.967,0.9876,0.00976,270.48,52.40,0.56414352,0.7164622704,2.20,1.236438e-08,6.882095e-09,2.029961e-08,1.075628e-08,131.77,118.31,12450.05,11178.26,66.15,58.56
5.36437,7,0.4621,0.015,0.014,5.272,5.967,0.9876,0.00976,270.48,52.40,0.56414252,0.7164610003999999,2.20,1.2375e-08,6.890107e-09,2.030944e-08,1.07644e-08,131.86,118.38,12458.61,11184.69,66.21,58.60
5.36463,7,0.4621,0.015,0.014,5.272,5.967,0.9876,0.00976,270.48,52.40,0.56414148,0.7164596796,2.20,1.238088e-08,6.894265e-09,2.031085e-08,1.078029e-08,131.90,118.73,12462.22,11218.22,66.23,58.80
5.36487,7,0.4622,0.015,0.014,5.271,5.967,0.9876,0.00976,270.48,52.40,0.5641405199999999,0.7164584603999999,2.20,1.238945e-08,6.894095e-09,2.032181e-08,1.078523e-08,131.71,118.74,12444.78,11218.70,66.12,58.80
5.36512,7,0.4622,0.015,0.014,5.271,5.967,0.9876,0.00976,270.48,52.40,0.56413952,0.7164571904,2.20,1.238476e-08,6.892126e-09,2.032082e-08,1.07801e-08,131.74,118.63,12447.39,11208.50,66.14,58.74
5.36538,7,0.4622,0.015,0.014,5.271,5.967,0.9876,0.00976,270.48,52.40,0.56413848,0.7164558696,2.20,1.238339e-08,6.893886e-09,2.0324e-08,1.078312e-08,131.85,118.66,12457.67,11211.45,66.20,58.76
5.36562,7,0.4623,0.015,0.014,5.271,5.967,0.9876,0.00977,270.48,52.40,0.56413752,0.7164546503999999,2.20,1.237756e-08,6.893084e-09,2.033547e-08,1.07827e-08,131.98,118.53,12470.34,11199.48,66.28,58.69
5.36587,7,0.4623,0.015,0.014,5.271,5.967,0.9876,0.00977,270.48,52.40,0.5641365199999999,0.7164533804,2.20,1.237182e-08,6.891619e-09,2.033023e-08,1.077482e-08,132.06,118.41,12477.41,11188.21,66.32,58.62
5.36613,7,0.4623,0.015,0.014,5.271,5.967,0.9876,0.00977,270.48,52.40,0.5641354799999999,0.7164520595999999,2.20,1.236052e-08,6.886319e-09,2.032743e-08,1.077851e-08,132.10,118.53,12481.48,11199.65,66.34,58.69
5.36637,7,0.4624,0.015,0.014,5.271,5.967,0.9876,0.00977,270.48,52.40,0.56413452,0.7164508404,2.20,1.234454e-08,6.883872e-09,2.032608e-08,1.078699e-08,132.41,118.77,12510.68,11222.43,66.52,58.82
5.36662,7,0.4624,0.015,0.014,5.271,5.967,0.9876,0.00977,270.48,52.40,0.5641335199999999,0.7164495703999999,2.20,1.233182e-08,6.873449e-09,2.031337e-08,1.077021e-08,132.26,118.54,12496.99,11200.20,66.43,58.69
5.36688,7,0.4624,0.015,0.014,5.271,5.967,0.9876,0.00977,270.48,52.40,0.5641324799999999,0.7164482496,2.20,1.23175e-08,6.863906e-09,2.03026e-08,1.0768e-08,132.20,118.62,12490.57,11207.95,66.40,58.74
5.36712,7,0.4625,0.015,0.014,5.271,5.967,0.9876,0.00977,270.48,52.40,0.56413152,0.7164470304,2.20,1.230678e-08,6.858856e-09,2.029855e-08,1.075515e-08,132.27,118.40,12497.07,11186.67,66.43,58.61
5.36738,7,0.4625,0.015,0.014,5.271,5.994,0.9876,0.00977,270.48,52.40,0.56413048,0.7164457096,2.20,1.230143e-08,6.85859e-09,2.027572e-08,1.076401e-08,132.38,118.89,12508.26,11233.19,66.47,58.86
5.36763,7,0.4625,0.015,0.014,5.271,5.994,0.9876,0.00977,270.48,52.40,0.56412948,0.7164444395999999,2.20,1.228607e-08,6.846111e-09,2.025699e-08,1.074858e-08,132.21,118.76,12492.11,11220.98,66.38,58.79
5.36787,7,0.4626,0.015,0.014,5.271,5.994,0.9876,0.00977,270.48,52.40,0.5641285199999999,0.7164432203999999,2.20,1.226608e-08,6.837438e-09,2.023754e-08,1.073585e-08,132.35,118.73,12505.00,11218.04,66.45,58.77
5.36813,7,0.4626,0.015,0.014,5.271,5.994,0.9876,0.00977,270.48,52.40,0.56412748,0.7164418996,2.20,1.224383e-08,6.828409e-09,2.023772e-08,1.073326e-08,132.50,118.67,12518.98,11212.07,66.54,58.73
5.36838,7,0.4626,0.015,0.014,5.271,5.994,0.9876,0.00977,270.48,52.40,0.56412648,0.7164406296,2.20,1.223354e-08,6.821648e-09,2.022678e-08,1.072271e-08,132.45,118.55,12514.74,11201.51,66.51,58.67
5.36862,7,0.4627,0.015,0.014,5.271,5.994,0.9876,0.00977,270.48,52.40,0.5641255199999999,0.7164394103999999,2.20,1.221891e-08,6.815583e-09,2.02122e-08,1.072013e-08,132.57,118.70,12526.14,11215.39,66.58,58.75
5.36888,7,0.4627,0.015,0.014,5.271,5.994,0.9876,0.00977,270.48,52.40,0.5641244799999999,0.7164380895999999,2.20,1.220778e-08,6.802518e-09,2.019654e-08,1.071767e-08,132.27,118.84,12497.65,11228.44,66.41,58.83
5.36913,7,0.4627,0.015,0.014,5.271,5.994,0.9876,0.00977,270.48,52.40,0.56412348,0.7164368196,2.20,1.219369e-08,6.801463e-09,2.018994e-08,1.071209e-08,132.57,118.79,12525.92,11223.80,66.58,58.80
5.36937,7,0.4628,0.015,0.014,5.271,5.994,0.9876,0.00977,270.48,52.40,0.56412252,0.7164356004,2.20,1.218398e-08,6.790892e-09,2.017574e-08,1.070606e-08,132.37,118.85,12507.16,11229.58,66.47,58.84
5.36963,7,0.4628,0.015,0.014,5.271,5.994,0.9876,0.00977,270.48,52.40,0.56412148,0.7164342796,2.20,1.217463e-08,6.793471e-09,2.016387e-08,1.070986e-08,132.72,119.09,12539.64,11252.19,66.66,58.97
5.36988,7,0.4628,0.015,0.014,5.271,5.994,0.9876,0.00977,270.48,52.40,0.5641204799999999,0.7164330095999999,2.20,1.216362e-08,6.790136e-09,2.014584e-08,1.070037e-08,132.84,119.09,12551.39,11252.38,66.73,58.97
5.37012,7,0.4629,0.015,0.014,5.270,5.994,0.9876,0.00977,270.48,52.40,0.56411952,0.7164317904,2.20,1.216359e-08,6.790291e-09,2.016214e-08,1.070138e-08,132.88,118.94,12554.82,11237.69,66.75,58.89
5.37038,7,0.4629,0.015,0.014,5.270,5.994,0.9876,0.00977,270.48,52.40,0.56411848,0.7164304696,2.20,1.215843e-08,6.782025e-09,2.014722e-08,1.069904e-08,132.64,119.07,12532.29,11250.19,66.62,58.96
5.37063,7,0.4629,0.015,0.014,5.270,5.994,0.9876,0.00977,270.48,52.40,0.56411748,0.7164291996,2.20,1.216663e-08,6.780378e-09,2.015872e-08,1.070199e-08,132.36,118.99,12506.34,11243.11,66.46,58.92
5.37087,7,0.4630,0.015,0.014,5.270,5.994,0.9876,0.00977,270.48,52.40,0.56411652,0.7164279804,2.20,1.216257e-08,6.787561e-09,2.014715e-08,1.070392e-08,132.81,119.21,12548.49,11263.65,66.71,59.04
5.37113,7,0.4630,0.015,0.014,5.270,5.994,0.9876,0.00977,270.48,52.40,0.56411548,0.7164266596,2.20,1.216976e-08,6.790672e-09,2.015951e-08,1.06994e-08,132.77,118.95,12544.72,11238.81,66.69,58.89
5.37137,7,0.4630,0.015,0.014,5.270,5.994,0.9876,0.00977,270.48,52.40,0.56411452,0.7164254404,2.20,1.216396e-08,6.793325e-09,2.016078e-08,1.0706e-08,133.03,119.09,12569.37,11252.08,66.84,58.97
5.37162,7,0.4631,0.015,0.014,5.270,5.994,0.9876,0.00977,270.48,52.40,0.5641135199999999,0.7164241704,2.20,1.217815e-08,6.796316e-09,2.015281e-08,1.071489e-08,132.84,119.43,12551.45,11283.98,66.73,59.16
5.37188,7,0.4631,0.015,0.014,5.270,5.994,0.9876,0.00977,270.48,52.40,0.5641124799999999,0.7164228495999999,2.20,1.219589e-08,6.803401e-09,2.016529e-08,1.071012e-08,132.72,119.16,12539.71,11258.37,66.66,59.01
5.37212,7,0.4632,0.015,0.014,5.270,5.994,0.9876,0.00977,270.48,52.40,0.56411152,0.7164216304,2.20,1.221141e-08,6.819737e-09,2.019815e-08,1.072059e-08,133.08,119.02,12574.44,11245.19,66.87,58.93
5.37237,7,0.4632,0.015,0.014,5.270,5.994,0.9876,0.00977,270.48,52.40,0.56411052,0.7164203603999999,2.20,1.223747e-08,6.82559e-09,2.020165e-08,1.072839e-08,132.70,119.16,12538.24,11258.47,66.65,59.01
5.37263,7,0.4632,0.015,0.014,5.270,5.994,0.9876,0.00977,270.48,52.40,0.5641094799999999,0.7164190396,2.20,1.224955e-08,6.835595e-09,2.021274e-08,1.074642e-08,132.84,119.44,12551.80,11285.66,66.73,59.17
5.37287,7,0.4633,0.015,0.014,5.270,5.994,0.9876,0.00977,270.48,52.40,0.56410852,0.7164178204,2.20,1.227284e-08,6.851399e-09,2.023914e-08,1.07576e-08,133.00,119.40,12566.16,11281.70,66.82,59.15
5.37312,7,0.4633,0.015,0.014,5.270,5.994,0.9876,0.00977,270.48,52.40,0.56410752,0.7164165504,2.20,1.230832e-08,6.865235e-09,2.02596e-08,1.076771e-08,132.74,119.38,12541.47,11279.99,66.67,59.14
5.37338,7,0.4633,0.015,0.014,5.270,5.994,0.9876,0.00977,270.48,52.40,0.56410648,0.7164152295999999,2.20,1.23381e-08,6.884787e-09,2.029525e-08,1.078498e-08,132.86,119.34,12553.60,11276.25,66.74,59.11
5.37362,7,0.4634,0.015,0.014,5.270,5.994,0.9876,0.00977,270.48,52.40,0.5641055199999999,0.7164140103999999,2.20,1.236768e-08,6.902017e-09,2.03098e-08,1.079482e-08,132.92,119.42,12559.29,11283.39,66.77,59.16
5.37387,7,0.4634,0.015,0.014,5.270,5.994,0.9876,0.00977,270.48,52.40,0.56410452,0.7164127404,2.20,1.24017e-08,6.921276e-09,2.033947e-08,1.081748e-08,132.94,119.58,12560.41,11298.75,66.78,59.25
5.37413,7,0.4634,0.015,0.014,5.270,5.994,0.9876,0.00977,270.48,52.40,0.56410348,0.7164114196,2.20,1.244138e-08,6.940098e-09,2.03655e-08,1.083147e-08,132.79,119.59,12546.82,11299.07,66.70,59.25
5.37437,7,0.4635,0.015,0.014,5.270,5.994,0.9876,0.00977,270.48,52.40,0.5641025199999999,0.7164102003999999,2.20,1.247924e-08,6.966498e-09,2.040409e-08,1.085493e-08,133.05,119.68,12571.08,11308.04,66.84,59.30
5.37462,7,0.4635,0.015,0.014,5.270,5.994,0.9876,0.00977,270.48,52.40,0.5641015199999999,0.7164089303999999,2.20,1.251527e-08,6.988379e-09,2.043247e-08,1.086477e-08,133.12,119.56,12578.28,11296.36,66.89,59.23
5.37488,7,0.4635,0.015,0.014,5.270,5.994,0.9876,0.00977,270.48,52.40,0.56410048,0.7164076096,2.20,1.255887e-08,7.010421e-09,2.046356e-08,1.088233e-08,133.03,119.58,12568.93,11298.64,66.83,59.25
5.37512,7,0.4636,0.015,0.014,5.269,5.994,0.9876,0.00977,270.48,52.40,0.56409952,0.7164063904,2.20,1.260744e-08,7.034668e-09,2.049484e-08,1.091192e-08,132.93,119.91,12560.06,11329.81,66.78,59.43
5.37538,7,0.4636,0.015,0.014,5.269,5.994,0.9876,0.00977,270.48,52.40,0.56409848,0.7164050695999999,2.20,1.264e-08,7.050181e-09,2.052602e-08,1.092696e-08,132.82,119.87,12549.37,11326.35,66.71,59.41
5.37563,7,0.4636,0.015,0.014,5.269,5.994,0.9876,0.00977,270.48,52.40,0.5640974799999999,0.7164037995999999,2.20,1.269484e-08,7.084048e-09,2.056055e-08,1.094452e-08,132.96,119.86,12562.52,11324.53,66.79,59.40
5.37587,7,0.4637,0.015,0.014,5.269,5.994,0.9876,0.00977,270.48,52.40,0.56409652,0.7164025804,2.20,1.27387e-08,7.108666e-09,2.060174e-08,1.096703e-08,132.99,119.89,12565.80,11328.26,66.81,59.42
5.37613,7,0.4637,0.015,0.014,5.269,5.994,0.9876,0.00977,270.48,52.40,0.56409548,0.7164012596,2.20,1.277254e-08,7.133615e-09,2.065173e-08,1.098822e-08,133.25,119.77,12590.02,11316.33,66.96,59.35
5.37638,7,0.4637,0.015,0.014,5.269,5.994,0.9876,0.00977,270.48,52.40,0.56409448,0.7163999896,2.20,1.282145e-08,7.15312e-09,2.068532e-08,1.10125e-08,132.92,119.92,12558.95,11330.42,66.77,59.44
5.37662,7,0.4638,0.015,0.014,5.269,5.994,0.9876,0.00977,270.48,52.40,0.5640935199999999,0.7163987703999999,2.20,1.286671e-08,7.174406e-09,2.071461e-08,1.103022e-08,132.78,119.99,12545.98,11337.53,66.69,59.48
5.37688,7,0.4638,0.015,0.014,5.269,5.994,0.9876,0.00977,270.48,52.40,0.56409248,0.7163974496000001,2.20,1.29012e-08,7.201983e-09,2.074745e-08,1.104963e-08,133.13,120.04,12578.93,11341.76,66.89,59.50
5.37713,7,0.4638,0.015,0.014,5.269,5.994,0.9876,0.00977,270.48,52.40,0.56409148,0.7163961796,2.20,1.295416e-08,7.228224e-09,2.079318e-08,1.106494e-08,132.99,119.83,12565.85,11321.96,66.81,59.39
5.37737,7,0.4639,0.015,0.014,5.269,5.994,0.9876,0.00977,270.48,52.40,0.5640905199999999,0.7163949604,2.20,1.298035e-08,7.24518e-09,2.080477e-08,1.108351e-08,133.12,120.14,12577.76,11351.55,66.88,59.56
5.37763,7,0.4639,0.015,0.014,5.269,5.994,0.9876,0.00977,270.48,52.40,0.5640894799999999,0.7163936395999999,2.20,1.302315e-08,7.264126e-09,2.083803e-08,1.110741e-08,132.91,120.28,12558.41,11365.08,66.77,59.64
5.37788,7,0.4639,0.015,0.014,5.269,5.994,0.9876,0.00977,270.48,52.40,0.56408848,0.7163923696,2.20,1.305996e-08,7.285754e-09,2.084794e-08,1.112076e-08,132.96,120.47,12562.69,11382.77,66.79,59.75
5.37812,7,0.4640,0.015,0.014,5.269,5.994,0.9876,0.00977,270.48,52.40,0.56408752,0.7163911503999999,2.20,1.309857e-08,7.304086e-09,2.089595e-08,1.113775e-08,132.86,120.30,12552.93,11366.37,66.73,59.65
5.37838,7,0.4640,0.015,0.014,5.269,5.994,0.9876,0.00977,270.48,52.40,0.56408648,0.7163898296,2.20,1.312647e-08,7.322483e-09,2.093007e-08,1.115577e-08,132.97,120.29,12563.94,11366.00,66.80,59.65
5.37863,7,0.4640,0.015,0.014,5.269,5.994,0.9876,0.00977,270.48,52.40,0.5640854799999999,0.7163885595999999,2.20,1.315214e-08,7.33161e-09,2.094705e-08,1.116381e-08,132.76,120.27,12543.85,11363.80,66.68,59.64
5.37887,7,0.4641,0.015,0.014,5.269,5.994,0.9876,0.00977,270.48,52.40,0.56408452,0.7163873404,2.20,1.316932e-08,7.345728e-09,2.096531e-08,1.117356e-08,132.97,120.30,12564.10,11366.29,66.80,59.65
5.37913,7,0.4641,0.015,0.014,5.269,5.994,0.9876,0.00977,270.48,52.40,0.56408348,0.7163860195999999,2.20,1.320052e-08,7.354046e-09,2.097051e-08,1.118416e-08,132.60,120.48,12529.10,11383.35,66.59,59.75
5.37937,7,0.4641,0.015,0.014,5.269,5.994,0.9876,0.00977,270.48,52.40,0.5640825199999999,0.7163848003999999,2.20,1.321405e-08,7.36824e-09,2.099952e-08,1.119257e-08,132.88,120.32,12554.71,11367.98,66.74,59.66
5.37962,7,0.4642,0.015,0.014,5.269,5.994,0.9876,0.00977,270.48,52.40,0.56408152,0.7163835304,2.20,1.323512e-08,7.374594e-09,2.099158e-08,1.118269e-08,132.68,120.21,12536.68,11358.15,66.64,59.60
5.37988,7,0.4642,0.015,0.014,5.269,5.994,0.9876,0.00977,270.48,52.40,0.56408048,0.7163822096,2.20,1.324065e-08,7.378955e-09,2.100815e-08,1.119897e-08,132.74,120.38,12541.59,11374.35,66.67,59.70
5.38012,7,0.4642,0.015,0.014,5.269,5.994,0.9876,0.00977,270.48,52.40,0.56407952,0.7163809903999999,2.20,1.325547e-08,7.384833e-09,2.099975e-08,1.120378e-08,132.64,120.60,12532.46,11394.58,66.61,59.82
5.38037,7,0.4643,0.015,0.014,5.268,5.994,0.9876,0.00977,270.48,52.40,0.5640785199999999,0.7163797203999999,2.20,1.32595e-08,7.388651e-09,2.102175e-08,1.120935e-08,132.73,120.48,12541.19,11383.60,66.66,59.75
5.38063,7,0.4643,0.015,0.014,5.268,5.994,0.9876,0.00977,270.48,52.40,0.5640774799999999,0.7163783995999999,2.20,1.326616e-08,7.397299e-09,2.100478e-08,1.120399e-08,132.93,120.57,12560.12,11391.64,66.78,59.80
5.38087,7,0.4644,0.015,0.014,5.268,5.994,0.9876,0.00977,270.48,52.40,0.56407652,0.7163771804,2.20,1.327795e-08,7.387149e-09,2.101288e-08,1.120851e-08,132.28,120.60,12498.87,11394.53,66.41,59.82
5.38112,7,0.4644,0.015,0.014,5.268,5.994,0.9876,0.00977,270.48,52.40,0.5640755199999999,0.7163759103999999,2.20,1.32701e-08,7.394316e-09,2.101253e-08,1.120686e-08,132.75,120.56,12542.97,11391.34,66.67,59.80
5.38138,7,0.4644,0.015,0.014,5.268,5.994,0.9876,0.00977,270.48,52.40,0.5640744799999999,0.7163745895999999,2.20,1.326259e-08,7.39106e-09,2.098128e-08,1.119268e-08,132.79,120.62,12546.53,11396.77,66.69,59.83
5.38162,7,0.4645,0.015,0.014,5.268,5.994,0.9876,0.00977,270.48,52.40,0.56407352,0.7163733704,2.20,1.32593e-08,7.386241e-09,2.100059e-08,1.11884e-08,132.70,120.31,12537.78,11367.47,66.64,59.66
5.38187,7,0.4645,0.015,0.014,5.268,5.994,0.9876,0.00977,270.48,52.40,0.56407252,0.7163721004,2.20,1.325394e-08,7.377369e-09,2.096188e-08,1.117913e-08,132.46,120.57,12515.24,11392.23,66.51,59.80
5.38213,7,0.4645,0.015,0.014,5.268,5.994,0.9876,0.00977,270.48,52.40,0.56407148,0.7163707796,2.20,1.323987e-08,7.375335e-09,2.096595e-08,1.117663e-08,132.69,120.46,12537.47,11382.04,66.64,59.74
5.38237,7,0.4646,0.015,0.014,5.268,5.994,0.9876,0.00977,270.48,52.40,0.5640705199999999,0.7163695603999999,2.20,1.323396e-08,7.366639e-09,2.095559e-08,1.117267e-08,132.50,120.53,12519.43,11387.90,66.53,59.78
5.38262,7,0.4646,0.015,0.014,5.268,5.994,0.9876,0.00977,270.48,52.40,0.56406952,0.7163682904,2.20,1.321913e-08,7.355731e-09,2.095173e-08,1.115933e-08,132.39,120.27,12509.26,11363.29,66.47,59.63
5.38288,7,0.4646,0.015,0.014,5.268,5.994,0.9876,0.00977,270.48,52.40,0.56406848,0.7163669696,2.20,1.321075e-08,7.353189e-09,2.092377e-08,1.115356e-08,132.48,120.48,12517.40,11383.21,66.52,59.75
5.38312,7,0.4647,0.015,0.014,5.268,5.994,0.9876,0.00977,270.48,52.40,0.5640675199999999,0.7163657504,2.20,1.320629e-08,7.340575e-09,2.091238e-08,1.114116e-08,132.10,120.36,12481.24,11371.83,66.30,59.68
5.38338,7,0.4647,0.015,0.014,5.268,5.994,0.9876,0.00977,270.48,52.40,0.5640664799999999,0.7163644295999999,2.20,1.319044e-08,7.34092e-09,2.089991e-08,1.112865e-08,132.47,120.22,12516.38,11359.01,66.51,59.60
5.38363,7,0.4647,0.015,0.014,5.268,5.994,0.9876,0.00977,270.48,52.40,0.56406548,0.7163631596,2.20,1.318578e-08,7.327811e-09,2.086351e-08,1.112022e-08,132.04,120.47,12476.01,11382.99,66.27,59.75
5.38387,7,0.4648,0.015,0.014,5.268,5.994,0.9876,0.00977,270.48,52.40,0.56406452,0.7163619404,2.20,1.316951e-08,7.322725e-09,2.086326e-08,1.111065e-08,132.23,120.28,12493.89,11364.77,66.38,59.64
5.38413,7,0.4648,0.015,0.014,5.268,5.994,0.9876,0.00977,270.48,52.40,0.56406348,0.7163606196,2.20,1.316601e-08,7.310905e-09,2.084838e-08,1.109823e-08,131.83,120.18,12456.00,11354.93,66.15,59.58
5.38438,7,0.4648,0.015,0.014,5.268,5.994,0.9876,0.00977,270.48,52.40,0.5640624799999999,0.7163593495999999,2.20,1.315747e-08,7.30234e-09,2.082875e-08,1.110007e-08,131.68,120.46,12441.35,11381.88,66.07,59.74
5.38462,7,0.4649,0.015,0.014,5.268,5.994,0.9876,0.00977,270.48,52.40,0.56406152,0.7163581304,2.20,1.315133e-08,7.302337e-09,2.081662e-08,1.10771e-08,131.84,120.11,12457.08,11348.12,66.16,59.54
5.38488,7,0.4649,0.015,0.014,5.268,5.994,0.9876,0.00977,270.48,52.40,0.56406048,0.7163568096,2.20,1.313543e-08,7.295667e-09,2.079359e-08,1.10753e-08,131.93,120.35,12465.37,11371.06,66.21,59.68
5.38513,7,0.4649,0.015,0.014,5.268,5.994,0.9876,0.00977,270.48,52.40,0.56405948,0.7163555396,2.20,1.313645e-08,7.292612e-09,2.077076e-08,1.106692e-08,131.78,120.44,12451.46,11379.38,66.13,59.72
5.38537,7,0.4650,0.015,0.014,5.267,5.994,0.9876,0.00977,270.48,52.40,0.56405852,0.7163543204,2.20,1.31428e-08,7.296905e-09,2.076378e-08,1.10506e-08,131.84,120.17,12457.09,11354.11,66.16,59.57
5.38563,7,0.4650,0.015,0.014,5.267,5.994,0.9876,0.00977,270.48,52.40,0.56405748,0.7163529996,2.20,1.313157e-08,7.286854e-09,2.076895e-08,1.104531e-08,131.69,119.98,12442.44,11336.47,66.07,59.47
5.38588,7,0.4650,0.015,0.014,5.267,5.994,0.9876,0.00977,270.48,52.40,0.56405648,0.7163517295999999,2.20,1.314048e-08,7.294651e-09,2.074037e-08,1.103679e-08,131.80,120.14,12453.38,11351.14,66.14,59.56
5.38612,7,0.4651,0.015,0.014,5.267,5.994,0.9876,0.00977,270.48,52.40,0.5640555199999999,0.7163505103999999,2.20,1.316134e-08,7.295914e-09,2.074281e-08,1.10299e-08,131.41,119.97,12416.59,11335.60,65.92,59.46
5.38638,7,0.4651,0.015,0.014,5.267,5.994,0.9876,0.00977,270.48,52.40,0.5640544799999999,0.7163491895999999,2.20,1.315737e-08,7.296625e-09,2.073098e-08,1.103092e-08,131.53,120.14,12427.72,11351.66,65.98,59.56
5.38663,7,0.4651,0.015,0.014,5.267,5.994,0.9876,0.00977,270.48,52.40,0.56405348,0.7163479196,2.20,1.316784e-08,7.306166e-09,2.074781e-08,1.102639e-08,131.68,119.83,12442.00,11322.07,66.07,59.38
5.38687,7,0.4652,0.015,0.014,5.267,5.994,0.9876,0.00977,270.48,52.40,0.56405252,0.7163467003999999,2.20,1.318426e-08,7.307306e-09,2.073106e-08,1.10232e-08,131.39,119.99,12414.25,11337.04,65.90,59.47
5.38713,7,0.4652,0.015,0.014,5.267,5.994,0.9876,0.00977,270.48,52.40,0.5640514799999999,0.7163453795999999,2.20,1.319224e-08,7.319049e-09,2.074846e-08,1.102982e-08,131.68,119.93,12442.17,11331.27,66.07,59.44
5.38737,7,0.4652,0.015,0.014,5.267,5.994,0.9876,0.00977,270.48,52.40,0.56405052,0.7163441604,2.20,1.322289e-08,7.332201e-09,2.074275e-08,1.102618e-08,131.53,119.91,12427.50,11329.94,65.98,59.43
5.38762,7,0.4653,0.015,0.014,5.267,5.994,0.9876,0.00977,270.48,52.40,0.56404952,0.7163428904,2.20,1.323586e-08,7.34155e-09,2.075487e-08,1.103289e-08,131.64,119.94,12438.38,11332.96,66.05,59.45
5.38788,7,0.4653,0.015,0.014,5.267,5.994,0.9876,0.00977,270.48,52.40,0.56404848,0.7163415696,2.20,1.32667e-08,7.349495e-09,2.077543e-08,1.103211e-08,131.28,119.67,12403.66,11307.34,65.84,59.29
5.38812,7,0.4653,0.015,0.014,5.267,5.994,0.9876,0.00977,270.49,52.40,0.5640475199999999,0.7163403503999999,2.20,1.33041e-08,7.363167e-09,2.078008e-08,1.103595e-08,131.00,119.71,12377.10,11310.34,65.68,59.31
5.38837,7,0.4654,0.015,0.014,5.267,5.994,0.9876,0.00977,270.49,52.40,0.56404652,0.7163390804,2.20,1.332562e-08,7.377863e-09,2.078445e-08,1.103839e-08,131.13,119.73,12390.24,11313.03,65.76,59.33
5.38863,7,0.4654,0.015,0.014,5.267,5.994,0.9876,0.00977,270.49,52.40,0.56404548,0.7163377596,2.20,1.336037e-08,7.394084e-09,2.080854e-08,1.105022e-08,131.01,119.71,12378.92,11310.93,65.69,59.31
5.38887,7,0.4654,0.015,0.014,5.267,5.994,0.9876,0.00977,270.49,52.40,0.5640445199999999,0.7163365403999999,2.20,1.338494e-08,7.409402e-09,2.081862e-08,1.105634e-08,131.08,119.73,12385.35,11312.60,65.73,59.32
5.38912,7,0.4655,0.015,0.014,5.267,5.994,0.9876,0.00977,270.49,52.40,0.5640435199999999,0.7163352703999999,2.20,1.342215e-08,7.423057e-09,2.084635e-08,1.106665e-08,130.84,119.65,12362.11,11305.41,65.59,59.28
5.38938,7,0.4655,0.015,0.014,5.267,5.994,0.9876,0.00977,270.49,52.40,0.56404248,0.7163339496000001,2.20,1.345585e-08,7.448603e-09,2.087036e-08,1.108098e-08,131.11,119.69,12387.82,11308.85,65.74,59.30
5.38962,7,0.4656,0.015,0.014,5.267,5.994,0.9876,0.00977,270.49,52.40,0.56404152,0.7163327304,2.20,1.349282e-08,7.45941e-09,2.08875e-08,1.107987e-08,130.76,119.48,12354.65,11289.10,65.54,59.18
5.38987,7,0.4656,0.015,0.014,5.267,5.994,0.9876,0.00977,270.49,52.40,0.5640405199999999,0.7163314604,2.20,1.353132e-08,7.476635e-09,2.092062e-08,1.109922e-08,130.60,119.52,12339.67,11292.96,65.46,59.21
5.39013,7,0.4656,0.015,0.014,5.267,5.994,0.9876,0.00977,270.49,52.40,0.5640394799999999,0.7163301395999999,2.20,1.357454e-08,7.502938e-09,2.094487e-08,1.111096e-08,130.69,119.50,12348.58,11290.53,65.51,59.19
5.39037,7,0.4657,0.015,0.014,5.266,5.994,0.9876,0.00977,270.49,52.40,0.56403852,0.7163289204,2.20,1.360672e-08,7.521611e-09,2.097162e-08,1.111232e-08,130.76,119.23,12354.48,11265.25,65.54,59.04
5.39062,7,0.4657,0.015,0.014,5.266,5.994,0.9876,0.00977,270.49,52.40,0.56403752,0.7163276503999999,2.20,1.36485e-08,7.543074e-09,2.09856e-08,1.112237e-08,130.69,119.29,12348.51,11270.94,65.51,59.08
5.39088,7,0.4657,0.015,0.014,5.266,5.994,0.9876,0.00977,270.49,52.40,0.56403648,0.7163263296,2.20,1.368953e-08,7.564013e-09,2.101133e-08,1.114089e-08,130.63,119.40,12342.17,11281.47,65.47,59.14
5.39112,7,0.4658,0.015,0.014,5.266,5.994,0.9876,0.00977,270.49,52.40,0.56403552,0.7163251104,2.20,1.37293e-08,7.584476e-09,2.104722e-08,1.115925e-08,130.60,119.41,12339.33,11282.45,65.45,59.14
5.39138,7,0.4658,0.015,0.014,5.266,5.994,0.9876,0.00977,270.49,52.40,0.56403448,0.7163237896,2.20,1.376765e-08,7.600576e-09,2.108859e-08,1.116236e-08,130.40,118.98,12320.91,11242.09,65.34,58.90
5.39163,7,0.4658,0.015,0.014,5.266,5.994,0.9876,0.00977,270.49,52.40,0.56403348,0.7163225195999999,2.20,1.380005e-08,7.618586e-09,2.108931e-08,1.118226e-08,130.41,119.43,12321.35,11283.94,65.35,59.15
5.39187,7,0.4659,0.015,0.014,5.266,5.994,0.9876,0.00977,270.49,52.40,0.5640325199999999,0.7163213004,2.20,1.384001e-08,7.631613e-09,2.113711e-08,1.118744e-08,130.09,118.99,12291.52,11243.22,65.17,58.91
5.39213,7,0.4659,0.015,0.014,5.266,5.994,0.9876,0.00977,270.49,52.40,0.5640314799999999,0.7163199795999999,2.20,1.38644e-08,7.651089e-09,2.117082e-08,1.120193e-08,130.32,118.92,12313.14,11236.08,65.30,58.87
5.39238,7,0.4659,0.015,0.014,5.266,5.994,0.9876,0.00977,270.49,52.40,0.56403048,0.7163187096,2.20,1.389978e-08,7.659884e-09,2.117535e-08,1.121408e-08,129.91,119.14,12274.77,11256.87,65.07,58.99
5.39262,7,0.4660,0.015,0.014,5.266,5.994,0.9876,0.00977,270.49,52.40,0.56402952,0.7163174903999999,2.20,1.39386e-08,7.6756e-09,2.120466e-08,1.122327e-08,129.73,119.02,12257.21,11245.80,64.96,58.92
5.39288,7,0.4660,0.015,0.014,5.266,5.994,0.9876,0.00977,270.49,52.40,0.5640284799999999,0.7163161695999999,2.20,1.39699e-08,7.692758e-09,2.122398e-08,1.123648e-08,129.72,119.09,12256.94,11252.14,64.96,58.96
5.39313,7,0.4660,0.015,0.014,5.266,5.994,0.9876,0.00977,270.49,52.40,0.5640274799999999,0.7163148995999999,2.20,1.399594e-08,7.701555e-09,2.125508e-08,1.124387e-08,129.52,118.89,12237.34,11232.88,64.84,58.85
5.39337,7,0.4661,0.015,0.014,5.266,5.994,0.9876,0.00977,270.49,52.40,0.56402652,0.7163136804,2.20,1.400747e-08,7.710915e-09,2.127097e-08,1.124396e-08,129.66,118.72,12250.62,11217.67,64.92,58.76
5.39363,7,0.4661,0.015,0.014,5.266,5.994,0.9876,0.00977,270.49,52.40,0.56402548,0.7163123596,2.20,1.403452e-08,7.721934e-09,2.127783e-08,1.125258e-08,129.51,118.84,12236.97,11228.25,64.84,58.82
5.39388,7,0.4661,0.015,0.014,5.266,5.994,0.9876,0.00977,270.49,52.40,0.5640244799999999,0.7163110895999999,2.20,1.404595e-08,7.725095e-09,2.129732e-08,1.125017e-08,129.40,118.55,12225.96,11201.37,64.77,58.66
5.39412,7,0.4662,0.015,0.014,5.266,5.994,0.9876,0.00977,270.49,52.40,0.56402352,0.7163098704,2.20,1.405785e-08,7.730503e-09,2.131925e-08,1.126569e-08,129.38,118.67,12224.59,11212.08,64.77,58.72
5.39438,7,0.4662,0.015,0.014,5.266,5.994,0.9876,0.00977,270.49,52.40,0.56402248,0.7163085496,2.20,1.406405e-08,7.732073e-09,2.130496e-08,1.125573e-08,129.31,118.61,12218.13,11206.99,64.73,58.69
5.39462,7,0.4662,0.015,0.014,5.266,5.994,0.9876,0.00977,270.49,52.40,0.5640215199999999,0.7163073303999999,2.20,1.40687e-08,7.73772e-09,2.135124e-08,1.126975e-08,129.43,118.38,12228.98,11185.04,64.79,58.56
5.39487,7,0.4663,0.015,0.014,5.266,5.994,0.9876,0.00977,270.49,52.40,0.5640205199999999,0.7163060603999999,2.20,1.408114e-08,7.740918e-09,2.133147e-08,1.126073e-08,129.32,118.44,12218.82,11190.42,64.73,58.59
5.39513,7,0.4663,0.015,0.014,5.266,5.994,0.9876,0.00977,270.49,52.40,0.5640194799999999,0.7163047395999999,2.20,1.407758e-08,7.736258e-09,2.132683e-08,1.12611e-08,129.22,118.50,12209.35,11196.36,64.67,58.63
5.39537,7,0.4663,0.015,0.014,5.266,5.994,0.9876,0.00977,270.49,52.40,0.56401852,0.7163035204,2.20,1.407896e-08,7.72588e-09,2.134283e-08,1.125479e-08,128.81,118.17,12170.40,11165.34,64.44,58.44
5.39562,7,0.4664,0.015,0.014,5.265,5.994,0.9876,0.00977,270.49,52.40,0.5640175199999999,0.7163022504,2.20,1.407688e-08,7.725646e-09,2.133746e-08,1.125967e-08,128.87,118.37,12176.18,11183.94,64.48,58.55
5.39588,7,0.4664,0.015,0.014,5.265,5.994,0.9876,0.00977,270.49,52.40,0.5640164799999999,0.7163009295999999,2.20,1.40718e-08,7.720922e-09,2.13251e-08,1.124975e-08,128.80,118.29,12169.42,11176.79,64.44,58.51
5.39612,7,0.4664,0.015,0.014,5.265,5.994,0.9876,0.00977,270.49,52.40,0.56401552,0.7162997104,2.20,1.406104e-08,7.715921e-09,2.132123e-08,1.124856e-08,128.83,118.31,12172.57,11178.58,64.45,58.52
5.39637,7,0.4665,0.015,0.014,5.265,5.994,0.9876,0.00977,270.49,52.40,0.56401452,0.7162984404,2.20,1.404671e-08,7.704529e-09,2.132321e-08,1.124148e-08,128.73,118.16,12162.84,11163.90,64.40,58.43
5.39663,7,0.4665,0.015,0.014,5.265,5.994,0.9876,0.00977,270.49,52.40,0.56401348,0.7162971196,2.20,1.403958e-08,7.702207e-09,2.13103e-08,1.122584e-08,128.79,117.96,12168.40,11145.35,64.43,58.32
5.39687,7,0.4665,0.015,0.014,5.265,5.994,0.9876,0.00977,270.49,52.40,0.5640125199999999,0.7162959003999999,2.20,1.40216e-08,7.684903e-09,2.129101e-08,1.121819e-08,128.51,118.01,12142.36,11150.63,64.27,58.35
5.39712,7,0.4666,0.015,0.014,5.265,5.994,0.9876,0.00977,270.49,52.40,0.56401152,0.7162946304,2.20,1.400041e-08,7.679829e-09,2.127575e-08,1.121337e-08,128.78,118.11,12167.89,11159.79,64.43,58.41
5.39738,7,0.4666,0.015,0.014,5.265,5.994,0.9876,0.00977,270.49,52.40,0.56401048,0.7162933096,2.20,1.398209e-08,7.663066e-09,2.126792e-08,1.119593e-08,128.53,117.82,12144.32,11131.80,64.29,58.24
5.39762,7,0.4666,0.015,0.014,5.265,5.994,0.9876,0.00977,270.49,52.40,0.5640095199999999,0.7162920904,2.20,1.397495e-08,7.650332e-09,2.125503e-08,1.118769e-08,128.20,117.78,12113.42,11128.75,64.10,58.22
5.39787,7,0.4667,0.015,0.014,5.265,5.994,0.9876,0.00977,270.49,52.40,0.56400852,0.7162908204,2.20,1.395409e-08,7.643273e-09,2.121825e-08,1.116781e-08,128.39,117.80,12131.30,11130.04,64.21,58.23
5.39813,7,0.4667,0.015,0.014,5.265,5.994,0.9876,0.00977,270.49,52.40,0.56400748,0.7162894996,2.20,1.39428e-08,7.62916e-09,2.118938e-08,1.115545e-08,128.10,117.86,12103.49,11136.01,64.04,58.27
5.39837,7,0.4668,0.015,0.014,5.265,5.994,0.9876,0.00977,270.49,52.40,0.56400652,0.7162882803999999,2.20,1.391686e-08,7.617641e-09,2.119084e-08,1.113839e-08,128.23,117.49,12115.48,11100.88,64.11,58.06
5.39863,7,0.4668,0.015,0.014,5.265,5.994,0.9876,0.00977,270.49,52.40,0.56400548,0.7162869596,2.20,1.390562e-08,7.608972e-09,2.114972e-08,1.113238e-08,128.13,117.84,12106.63,11133.77,64.06,58.25
5.39888,7,0.4668,0.015,0.014,5.265,5.994,0.9876,0.00977,270.49,52.40,0.5640044799999999,0.7162856895999999,2.20,1.389195e-08,7.593292e-09,2.113392e-08,1.110681e-08,127.83,117.45,12077.83,11097.38,63.89,58.03
5.39912,7,0.4669,0.015,0.014,5.265,5.994,0.9876,0.00977,270.49,52.40,0.56400352,0.7162844704,2.20,1.387179e-08,7.584504e-09,2.111505e-08,1.108401e-08,127.94,117.19,12088.26,11072.63,63.95,57.89
5.39938,7,0.4669,0.015,0.014,5.265,5.994,0.9876,0.00977,270.49,52.40,0.56400248,0.7162831496,2.20,1.386893e-08,7.574884e-09,2.108564e-08,1.107344e-08,127.64,117.30,12059.96,11082.88,63.78,57.95
5.39963,7,0.4669,0.015,0.014,5.265,5.994,0.9876,0.00977,270.49,52.40,0.5640014799999999,0.7162818795999999,2.20,1.384362e-08,7.564035e-09,2.105942e-08,1.105797e-08,127.75,117.26,12070.42,11079.30,63.84,57.93
5.39987,7,0.4670,0.015,0.014,5.265,5.994,0.9876,0.00977,270.49,52.40,0.56400052,0.7162806604,2.20,1.383223e-08,7.554165e-09,2.102448e-08,1.104531e-08,127.64,117.41,12060.17,11093.70,63.78,58.01
5.40013,7,0.4670,0.015,0.014,5.265,5.994,0.9876,0.00977,270.49,52.40,0.56399948,0.7162793396,2.20,1.382078e-08,7.548375e-09,2.101609e-08,1.102736e-08,127.66,117.11,12061.80,11065.07,63.79,57.84
5.40038,7,0.4670,0.014,0.014,5.265,5.994,0.9876,0.00977,270.49,52.40,0.56399848,0.7162780696,2.20,1.381362e-08,7.537866e-09,2.100548e-08,1.101473e-08,127.41,116.95,12038.47,11050.05,63.65,57.75
5.40062,7,0.4671,0.014,0.014,5.264,5.994,0.9876,0.00977,270.49,52.40,0.5639975199999999,0.7162768503999999,2.20,1.379814e-08,7.531785e-09,2.097611e-08,1.099946e-08,127.53,116.98,12049.38,11052.70,63.72,57.77
5.40088,7,0.4671,0.014,0.014,5.264,5.994,0.9876,0.00977,270.49,52.40,0.5639964799999999,0.7162755295999998,2.20,1.379344e-08,7.531101e-09,2.095064e-08,1.097991e-08,127.60,116.84,12056.01,11039.60,63.76,57.69
5.40113,7,0.4671,0.014,0.014,5.264,5.994,0.9876,0.00977,270.49,52.40,0.56399548,0.7162742596,2.20,1.378002e-08,7.526894e-09,2.092542e-08,1.097371e-08,127.71,117.00,12067.03,11054.46,63.82,57.78
5.40137,7,0.4672,0.014,0.014,5.264,5.994,0.9876,0.00977,270.49,52.40,0.5639945199999999,0.7162730404,2.20,1.378644e-08,7.520962e-09,2.092457e-08,1.095135e-08,127.39,116.53,12036.32,11010.50,63.64,57.52
5.40163,7,0.4672,0.014,0.014,5.264,5.994,0.9876,0.00977,270.49,52.40,0.5639934799999999,0.7162717195999999,2.20,1.379646e-08,7.518563e-09,2.091322e-08,1.094518e-08,127.10,116.53,12008.68,11010.01,63.47,57.51
5.40188,7,0.4672,0.014,0.014,5.264,5.994,0.9876,0.00977,270.49,52.40,0.5639924799999999,0.7162704495999999,2.20,1.380055e-08,7.521787e-09,2.088234e-08,1.092829e-08,127.13,116.51,12012.17,11008.47,63.49,57.50
5.40212,7,0.4673,0.014,0.014,5.264,5.994,0.9876,0.00977,270.49,52.40,0.56399152,0.7162692304,2.20,1.379209e-08,7.519913e-09,2.087119e-08,1.091844e-08,127.26,116.45,12024.36,11002.34,63.57,57.47
5.40238,7,0.4673,0.014,0.014,5.264,5.994,0.9876,0.00977,270.49,52.40,0.56399048,0.7162679096,2.20,1.381272e-08,7.525497e-09,2.086426e-08,1.091135e-08,127.05,116.37,12004.49,10995.02,63.45,57.42
5.40262,7,0.4673,0.014,0.014,5.264,5.994,0.9876,0.00977,270.49,52.40,0.5639895199999999,0.7162666903999999,2.20,1.381282e-08,7.524881e-09,2.084516e-08,1.090984e-08,127.03,116.56,12002.15,11012.96,63.43,57.53
5.40287,7,0.4674,0.014,0.014,5.264,5.994,0.9876,0.00977,270.49,52.40,0.56398852,0.7162654204,2.20,1.382472e-08,7.531519e-09,2.082755e-08,1.090642e-08,127.06,116.71,12005.26,11027.61,63.45,57.62
5.40313,7,0.4674,0.014,0.014,5.264,5.994,0.9876,0.00977,270.49,52.40,0.56398748,0.7162640996,2.20,1.383731e-08,7.526459e-09,2.083574e-08,1.089511e-08,126.62,116.36,11963.64,10994.57,63.20,57.42
5.40337,7,0.4674,0.014,0.014,5.264,5.994,0.9876,0.00977,270.49,52.40,0.5639865199999999,0.7162628804,2.20,1.384808e-08,7.534937e-09,2.082777e-08,1.087931e-08,126.72,116.10,11972.77,10969.98,63.26,57.27
5.40362,7,0.4675,0.014,0.014,5.264,5.994,0.9876,0.00977,270.49,52.40,0.5639855199999999,0.7162616103999999,2.20,1.38627e-08,7.540904e-09,2.082198e-08,1.087263e-08,126.67,116.05,11968.41,10964.61,63.23,57.24
5.40388,7,0.4675,0.014,0.014,5.264,5.994,0.9876,0.00978,270.49,52.40,0.56398448,0.7162602896,2.20,1.387613e-08,7.547761e-09,2.081758e-08,1.087331e-08,126.65,116.11,11966.85,10970.90,63.22,57.28
5.40412,7,0.4675,0.014,0.014,5.264,5.994,0.9876,0.00978,270.49,52.40,0.56398352,0.7162590703999999,2.20,1.389803e-08,7.560586e-09,2.079598e-08,1.086689e-08,126.69,116.22,11970.02,10981.19,63.24,57.34
5.40437,7,0.4676,0.014,0.014,5.264,5.994,0.9876,0.00978,270.49,52.40,0.5639825199999999,0.7162578004,2.20,1.391822e-08,7.561014e-09,2.078597e-08,1.085455e-08,126.33,116.09,11936.03,10968.49,63.04,57.26
5.40463,7,0.4676,0.014,0.014,5.264,5.994,0.9876,0.00978,270.49,52.40,0.5639814799999999,0.7162564795999999,2.20,1.393106e-08,7.567448e-09,2.081264e-08,1.085721e-08,126.31,115.84,11934.17,10944.72,63.03,57.12
5.40487,7,0.4676,0.014,0.014,5.264,5.994,0.9876,0.00978,270.49,52.40,0.56398052,0.7162552604,2.20,1.394983e-08,7.574257e-09,2.080841e-08,1.085817e-08,126.18,115.91,11922.49,10951.39,62.96,57.16
5.40512,7,0.4677,0.014,0.014,5.264,5.994,0.9876,0.00978,270.49,52.40,0.56397952,0.7162539903999999,2.20,1.396186e-08,7.581327e-09,2.082486e-08,1.084352e-08,126.23,115.41,11926.90,10904.87,62.98,56.88
5.40538,7,0.4677,0.014,0.014,5.264,5.994,0.9876,0.00978,270.49,52.40,0.56397848,0.7162526695999999,2.20,1.398438e-08,7.591032e-09,2.081804e-08,1.08522e-08,126.14,115.69,11918.23,10930.58,62.93,57.04
5.40562,7,0.4677,0.014,0.014,5.264,5.994,0.9876,0.00978,270.49,52.40,0.56397752,0.7162514504,2.20,1.400262e-08,7.596614e-09,2.081992e-08,1.084319e-08,125.98,115.46,11903.42,10909.58,62.84,56.91
5.40587,7,0.4678,0.014,0.014,5.263,5.994,0.9876,0.00978,270.49,52.40,0.56397652,0.7162501804,2.20,1.401811e-08,7.607875e-09,2.081018e-08,1.083806e-08,126.11,115.49,11915.75,10911.79,62.92,56.92
5.40613,7,0.4678,0.014,0.014,5.263,5.994,0.9876,0.00978,270.49,52.40,0.56397548,0.7162488596,2.20,1.402072e-08,7.607492e-09,2.083199e-08,1.083751e-08,126.05,115.22,11909.59,10886.83,62.88,56.77
5.40637,7,0.4679,0.014,0.014,5.263,5.994,0.9876,0.00978,270.49,52.40,0.5639745199999999,0.7162476403999999,2.20,1.40456e-08,7.613234e-09,2.081435e-08,1.083503e-08,125.79,115.40,11885.66,10903.20,62.74,56.87
5.40663,7,0.4679,0.014,0.014,5.263,5.994,0.9876,0.00978,270.49,52.40,0.5639734799999999,0.7162463196,2.20,1.405992e-08,7.61178e-09,2.082296e-08,1.083141e-08,125.46,115.22,11854.32,10886.22,62.55,56.77
5.40688,7,0.4679,0.014,0.014,5.263,5.994,0.9876,0.00978,270.49,52.40,0.56397248,0.7162450496,2.20,1.405476e-08,7.620568e-09,2.082148e-08,1.082661e-08,125.88,115.13,11893.73,10877.78,62.78,56.72
5.40712,7,0.4680,0.014,0.014,5.263,5.994,0.9876,0.00978,270.49,52.40,0.56397152,0.7162438304,2.20,1.407828e-08,7.625069e-09,2.082603e-08,1.081665e-08,125.61,114.88,11868.22,10854.34,62.63,56.58
5.40738,7,0.4680,0.014,0.014,5.263,5.994,0.9876,0.00978,270.49,52.40,0.5639704799999999,0.7162425095999999,2.20,1.408368e-08,7.621774e-09,2.081187e-08,1.082508e-08,125.39,115.23,11847.13,10887.37,62.51,56.78
5.40763,7,0.4680,0.014,0.014,5.263,5.994,0.9876,0.00978,270.49,52.40,0.5639694799999999,0.7162412395999999,2.20,1.408154e-08,7.61982e-09,2.081338e-08,1.081037e-08,125.36,114.89,11844.43,10854.94,62.49,56.58
5.40787,7,0.4681,0.014,0.014,5.263,5.994,0.9876,0.00978,270.49,52.40,0.56396852,0.7162400204,2.20,1.40887e-08,7.619465e-09,2.080323e-08,1.080771e-08,125.23,114.97,11832.65,10862.72,62.42,56.63
5.40813,7,0.4681,0.014,0.014,5.263,5.994,0.9876,0.00978,270.49,52.40,0.56396748,0.7162386996,2.20,1.409376e-08,7.615568e-09,2.081058e-08,1.079519e-08,125.00,114.61,11810.25,10828.61,62.29,56.43
5.40838,7,0.4681,0.014,0.014,5.263,5.994,0.9876,0.00978,270.49,52.40,0.5639664799999999,0.7162374295999999,2.20,1.409261e-08,7.61234e-09,2.080515e-08,1.079266e-08,124.90,114.61,11801.45,10829.21,62.23,56.43
5.40862,7,0.4682,0.014,0.014,5.263,5.994,0.9876,0.00978,270.49,52.40,0.56396552,0.7162362104,2.20,1.409472e-08,7.605435e-09,2.079631e-08,1.078419e-08,124.64,114.55,11776.88,10823.42,62.09,56.40
5.40888,7,0.4682,0.014,0.014,5.263,5.994,0.9876,0.00978,270.49,52.40,0.56396448,0.7162348896,2.20,1.408578e-08,7.593324e-09,2.077453e-08,1.077083e-08,124.38,114.51,11752.39,10819.11,61.94,56.37
5.40913,7,0.4682,0.014,0.014,5.263,5.994,0.9876,0.00978,270.49,52.40,0.56396348,0.7162336196,2.20,1.407172e-08,7.585554e-09,2.07838e-08,1.076364e-08,124.38,114.24,11751.75,10794.13,61.94,56.22
5.40937,7,0.4683,0.014,0.014,5.263,5.994,0.9876,0.00978,270.49,52.40,0.5639625199999999,0.7162324003999999,2.20,1.404598e-08,7.565574e-09,2.074971e-08,1.074998e-08,124.19,114.35,11733.72,10804.76,61.83,56.28
5.40963,7,0.4683,0.014,0.014,5.263,5.994,0.9876,0.00978,270.49,52.40,0.56396148,0.7162310796,2.20,1.402673e-08,7.55901e-09,2.07286e-08,1.072952e-08,124.32,114.14,11746.53,10784.90,61.90,56.16
5.40988,7,0.4683,0.014,0.014,5.263,5.994,0.9876,0.00978,270.49,52.40,0.56396048,0.7162298096,2.20,1.402111e-08,7.547398e-09,2.070537e-08,1.071505e-08,124.02,114.09,11717.63,10779.80,61.73,56.13
5.41012,7,0.4684,0.014,0.014,5.263,5.994,0.9876,0.00978,270.49,52.40,0.5639595199999999,0.7162285904,2.20,1.399689e-08,7.533253e-09,2.069328e-08,1.069583e-08,124.00,113.83,11716.40,10755.09,61.72,55.99
5.41038,7,0.4684,0.014,0.014,5.263,5.994,0.9876,0.00978,270.49,52.40,0.5639584799999999,0.7162272695999999,2.20,1.398054e-08,7.513135e-09,2.066003e-08,1.067523e-08,123.60,113.75,11678.30,10747.97,61.50,55.94
5.41062,7,0.4684,0.014,0.014,5.263,5.994,0.9876,0.00978,270.49,52.40,0.56395752,0.7162260504,2.20,1.395533e-08,7.505467e-09,2.063079e-08,1.066359e-08,123.81,113.83,11698.12,10755.21,61.62,55.99
5.41087,7,0.4685,0.014,0.014,5.262,5.994,0.9876,0.00978,270.49,52.40,0.56395652,0.7162247803999999,2.20,1.392638e-08,7.478457e-09,2.057654e-08,1.063931e-08,123.43,113.94,11662.01,10765.38,61.40,56.05
5.41113,7,0.4685,0.014,0.014,5.262,5.994,0.9876,0.00978,270.49,52.40,0.56395548,0.7162234596,2.20,1.3899e-08,7.460639e-09,2.056164e-08,1.061244e-08,123.32,113.51,11651.51,10725.28,61.34,55.81
5.41137,7,0.4685,0.014,0.014,5.262,5.994,0.9876,0.00978,270.49,52.40,0.56395452,0.7162222404,2.20,1.388111e-08,7.439807e-09,2.051356e-08,1.058983e-08,122.92,113.56,11613.67,10729.89,61.11,55.84
5.41162,7,0.4686,0.014,0.014,5.262,5.994,0.9876,0.00978,270.49,52.40,0.56395352,0.7162209704,2.20,1.384213e-08,7.419642e-09,2.046755e-08,1.056206e-08,122.97,113.50,11618.60,10723.75,61.14,55.80
5.41188,7,0.4686,0.014,0.014,5.262,5.994,0.9876,0.00978,270.49,52.40,0.56395248,0.7162196496,2.20,1.380791e-08,7.397416e-09,2.044998e-08,1.05419e-08,122.83,113.25,11605.47,10700.48,61.06,55.66
5.41212,7,0.4686,0.014,0.014,5.262,5.994,0.9876,0.00978,270.49,52.40,0.5639515199999999,0.7162184303999999,2.20,1.377689e-08,7.377742e-09,2.038756e-08,1.051434e-08,122.72,113.35,11595.12,10710.19,61.00,55.72
5.41237,7,0.4687,0.014,0.014,5.262,5.994,0.9876,0.00978,270.49,52.40,0.56395052,0.7162171604,2.20,1.374196e-08,7.356499e-09,2.034112e-08,1.048537e-08,122.65,113.27,11588.99,10701.90,60.96,55.67
5.41263,7,0.4687,0.014,0.014,5.262,5.994,0.9876,0.00978,270.49,52.40,0.56394948,0.7162158396,2.20,1.371457e-08,7.335017e-09,2.030265e-08,1.045551e-08,122.41,113.04,11565.85,10680.75,60.82,55.54
5.41287,7,0.4687,0.014,0.014,5.262,5.994,0.9876,0.00978,270.49,52.40,0.56394852,0.7162146204,2.20,1.366885e-08,7.310983e-09,2.024903e-08,1.042608e-08,122.42,113.00,11567.28,10676.92,60.83,55.52
5.41312,7,0.4688,0.014,0.014,5.262,5.994,0.9876,0.00978,270.49,52.40,0.5639475199999999,0.7162133503999999,2.20,1.364926e-08,7.28666e-09,2.020857e-08,1.039334e-08,121.95,112.76,11522.67,10654.03,60.57,55.38
5.41338,7,0.4688,0.014,0.014,5.262,5.994,0.9876,0.00978,270.49,52.40,0.5639464799999999,0.7162120295999999,2.20,1.360328e-08,7.265246e-09,2.015392e-08,1.036429e-08,122.07,112.74,11533.34,10652.04,60.63,55.37
5.41362,7,0.4688,0.014,0.014,5.262,5.994,0.9876,0.00978,270.49,52.40,0.56394552,0.7162108104,2.20,1.357895e-08,7.242145e-09,2.010755e-08,1.033609e-08,121.70,112.64,11498.90,10642.81,60.42,55.31
5.41387,7,0.4689,0.014,0.014,5.262,5.994,0.9876,0.00978,270.49,52.40,0.56394452,0.7162095404,2.20,1.353733e-08,7.212777e-09,2.005119e-08,1.029467e-08,121.47,112.38,11476.90,10618.65,60.29,55.17
5.41413,7,0.4689,0.014,0.014,5.262,5.994,0.9876,0.00978,270.49,52.40,0.5639434799999999,0.7162082195999999,2.20,1.351413e-08,7.198394e-09,2.00051e-08,1.026147e-08,121.39,112.17,11470.01,10598.41,60.25,55.05
5.41437,7,0.4689,0.014,0.014,5.262,5.994,0.9876,0.00978,270.49,52.40,0.56394252,0.7162070004,2.20,1.348062e-08,7.179772e-09,1.994962e-08,1.022874e-08,121.37,112.07,11467.37,10589.33,60.24,55.00
5.41463,7,0.4690,0.014,0.014,5.262,5.994,0.9876,0.00978,270.49,52.40,0.56394148,0.7162056796,2.20,1.345377e-08,7.155943e-09,1.988498e-08,1.020116e-08,121.05,112.22,11437.23,10603.46,60.06,55.08
5.41488,7,0.4690,0.014,0.014,5.262,5.994,0.9876,0.00978,270.49,52.40,0.56394048,0.7162044096,2.20,1.342291e-08,7.138909e-09,1.984039e-08,1.016757e-08,121.03,111.98,11435.11,10580.56,60.04,54.94
5.41512,7,0.4691,0.014,0.014,5.262,5.994,0.9876,0.00978,270.49,52.40,0.5639395199999999,0.7162031903999999,2.20,1.339588e-08,7.116117e-09,1.97987e-08,1.013936e-08,120.75,111.85,11408.72,10568.18,59.89,54.87
5.41538,7,0.4691,0.014,0.014,5.262,5.994,0.9876,0.00978,270.49,52.40,0.5639384799999999,0.7162018695999999,2.20,1.337497e-08,7.099022e-09,1.974042e-08,1.010787e-08,120.53,111.81,11388.23,10564.66,59.76,54.85
5.41563,7,0.4691,0.014,0.014,5.262,5.994,0.9876,0.00978,270.49,52.40,0.56393748,0.7162005996,2.20,1.334854e-08,7.081568e-09,1.969043e-08,1.007818e-08,120.41,111.72,11376.51,10555.88,59.69,54.80
5.41587,7,0.4692,0.014,0.014,5.261,5.994,0.9876,0.00978,270.49,52.40,0.5639365199999999,0.7161993804,2.20,1.332679e-08,7.067322e-09,1.964051e-08,1.004588e-08,120.33,111.59,11369.65,10543.62,59.65,54.72
5.41613,7,0.4692,0.014,0.014,5.261,5.994,0.9876,0.00978,270.49,52.40,0.5639354799999999,0.7161980595999999,2.20,1.329728e-08,7.054813e-09,1.958995e-08,1.001826e-08,120.45,111.55,11380.44,10539.83,59.72,54.70
5.41638,7,0.4692,0.014,0.014,5.261,5.994,0.9876,0.00978,270.49,52.40,0.5639344799999999,0.7161967895999999,2.20,1.327662e-08,7.036835e-09,1.95443e-08,9.994373e-09,120.19,111.54,11356.32,10538.66,59.57,54.69
5.41662,7,0.4693,0.014,0.014,5.261,5.994,0.9876,0.00978,270.49,52.40,0.56393352,0.7161955703999999,2.20,1.326093e-08,7.022418e-09,1.949001e-08,9.965063e-09,120.00,111.53,11337.78,10537.55,59.46,54.69
5.41688,7,0.4693,0.014,0.014,5.261,5.994,0.9876,0.00978,270.49,52.40,0.56393248,0.7161942496,2.20,1.325208e-08,7.014854e-09,1.945063e-08,9.941259e-09,119.89,111.44,11327.90,10529.60,59.40,54.64
5.41713,7,0.4693,0.014,0.014,5.261,5.994,0.9876,0.00978,270.49,52.40,0.5639314799999999,0.7161929796,2.20,1.323317e-08,6.996438e-09,1.940988e-08,9.91074e-09,119.59,111.22,11299.06,10508.58,59.23,54.51
5.41737,7,0.4694,0.014,0.014,5.261,5.994,0.9876,0.00978,270.49,52.40,0.56393052,0.7161917604,2.20,1.321621e-08,6.987788e-09,1.937453e-08,9.879976e-09,119.62,110.95,11302.55,10483.26,59.25,54.36
5.41763,7,0.4694,0.014,0.013,5.261,5.994,0.9876,0.00978,270.49,52.40,0.56392948,0.7161904396,2.20,1.320045e-08,6.981258e-09,1.932969e-08,9.85607e-09,119.69,110.93,11308.86,10481.10,59.29,54.35
5.41788,7,0.4694,0.014,0.013,5.261,5.994,0.9876,0.00978,270.49,52.40,0.56392848,0.7161891695999999,2.20,1.319263e-08,6.978382e-09,1.928734e-08,9.83122e-09,119.74,110.85,11313.19,10474.02,59.32,54.31
5.41812,7,0.4695,0.014,0.013,5.261,5.994,0.9876,0.00978,270.49,52.40,0.56392752,0.7161879504,2.20,1.317976e-08,6.957808e-09,1.925894e-08,9.816973e-09,119.26,110.88,11268.27,10476.75,59.05,54.32
5.41838,7,0.4695,0.014,0.013,5.261,5.994,0.9876,0.00978,270.49,52.40,0.56392648,0.7161866296,2.20,1.316965e-08,6.948959e-09,1.922796e-08,9.797013e-09,119.13,110.79,11256.22,10467.67,58.97,54.27
5.41862,7,0.4695,0.014,0.013,5.261,5.994,0.9876,0.00978,270.49,52.40,0.56392552,0.7161854103999999,2.20,1.316311e-08,6.948339e-09,1.918747e-08,9.77549e-09,119.24,110.77,11265.94,10465.72,59.03,54.26
5.41887,7,0.4696,0.014,0.013,5.261,5.994,0.9876,0.00978,270.49,52.40,0.5639245199999999,0.7161841403999999,2.20,1.316888e-08,6.942555e-09,1.917377e-08,9.761285e-09,118.94,110.62,11238.06,10452.17,58.87,54.18
5.41913,7,0.4696,0.014,0.013,5.261,5.994,0.9876,0.00978,270.49,52.40,0.5639234799999999,0.7161828196,2.20,1.31622e-08,6.935391e-09,1.91448e-08,9.738445e-09,118.81,110.44,11225.59,10434.51,58.79,54.07
5.41937,7,0.4696,0.014,0.013,5.261,5.994,0.9876,0.00978,270.49,52.40,0.56392252,0.7161816004,2.20,1.315184e-08,6.929874e-09,1.910389e-08,9.723312e-09,118.81,110.57,11225.40,10446.93,58.79,54.14
5.41962,7,0.4697,0.014,0.013,5.261,5.994,0.9876,0.00978,270.49,52.40,0.56392152,0.7161803304,2.20,1.315568e-08,6.929847e-09,1.908857e-08,9.706771e-09,118.76,110.39,11220.77,10430.02,58.76,54.04
5.41988,7,0.4697,0.014,0.013,5.261,5.994,0.9876,0.00978,270.49,52.40,0.56392048,0.7161790095999999,2.20,1.313759e-08,6.925194e-09,1.906284e-08,9.694363e-09,118.93,110.40,11237.49,10431.50,58.86,54.05
5.42012,7,0.4697,0.014,0.013,5.261,5.994,0.9876,0.00978,270.49,52.40,0.56391952,0.7161777904000001,2.20,1.315296e-08,6.916448e-09,1.905895e-08,9.678662e-09,118.32,110.09,11179.90,10401.49,58.52,53.87
5.42037,7,0.4698,0.014,0.013,5.260,5.994,0.9876,0.00978,270.49,52.40,0.56391852,0.7161765204,2.20,1.314009e-08,6.912332e-09,1.902012e-08,9.670959e-09,118.45,110.39,11191.33,10430.04,58.59,54.04
5.42063,7,0.4698,0.014,0.013,5.261,5.994,0.9876,0.00978,270.49,52.40,0.56391748,0.7161751996,2.20,1.313791e-08,6.908978e-09,1.901949e-08,9.653095e-09,118.37,109.98,11183.79,10391.61,58.54,53.81
5.42087,7,0.4698,0.014,0.013,5.261,5.994,0.9876,0.00978,270.49,52.40,0.5639165199999999,0.7161739803999999,2.20,1.313021e-08,6.907191e-09,1.898498e-08,9.634886e-09,118.45,109.97,11191.52,10390.09,58.59,53.80
5.42112,7,0.4699,0.014,0.013,5.260,5.994,0.9876,0.00978,270.49,52.40,0.56391552,0.7161727104,2.20,1.312603e-08,6.899224e-09,1.897695e-08,9.61825e-09,118.26,109.70,11174.19,10364.82,58.48,53.65
5.42138,7,0.4699,0.014,0.013,5.260,5.994,0.9876,0.00978,270.49,52.40,0.56391448,0.7161713896,2.20,1.312918e-08,6.894976e-09,1.895693e-08,9.613253e-09,118.05,109.82,11154.06,10376.09,58.36,53.72
5.42162,7,0.4699,0.014,0.013,5.260,5.994,0.9876,0.00978,270.49,52.40,0.56391352,0.7161701704,2.20,1.312481e-08,6.895822e-09,1.894437e-08,9.601026e-09,118.16,109.68,11164.77,10363.27,58.43,53.64
5.42188,7,0.4700,0.014,0.013,5.260,5.994,0.9876,0.00978,270.49,52.40,0.5639124799999999,0.7161688495999999,2.20,1.311949e-08,6.887193e-09,1.894151e-08,9.591919e-09,117.98,109.53,11147.25,10348.72,58.32,53.56
5.42213,7,0.4700,0.014,0.013,5.260,5.994,0.9876,0.00978,270.49,52.40,0.5639114799999999,0.7161675795999999,2.20,1.312062e-08,6.879007e-09,1.891673e-08,9.581221e-09,117.66,109.57,11117.38,10352.77,58.14,53.58
5.42237,7,0.4700,0.014,0.013,5.260,5.994,0.9876,0.00978,270.49,52.40,0.56391052,0.7161663603999999,2.20,1.311049e-08,6.875193e-09,1.890225e-08,9.571139e-09,117.72,109.51,11122.48,10346.75,58.17,53.55
5.42263,7,0.4701,0.014,0.013,5.260,5.994,0.9876,0.00978,270.49,52.40,0.56390948,0.7161650396,2.20,1.309858e-08,6.871104e-09,1.887987e-08,9.559875e-09,117.82,109.53,11132.19,10349.10,58.23,53.56
5.42288,7,0.4701,0.014,0.013,5.260,5.994,0.9876,0.00978,270.49,52.40,0.5639084799999999,0.7161637695999999,2.20,1.309825e-08,6.857297e-09,1.887314e-08,9.55052e-09,117.33,109.39,11085.83,10336.06,57.96,53.48
5.42312,7,0.4701,0.014,0.013,5.260,5.994,0.9876,0.00978,270.49,52.40,0.56390752,0.7161625504,2.20,1.309456e-08,6.857467e-09,1.885443e-08,9.528532e-09,117.40,109.10,11092.96,10308.64,58.00,53.32
5.42338,7,0.4702,0.014,0.013,5.260,5.994,0.9876,0.00978,270.49,52.40,0.56390648,0.7161612296,2.20,1.307681e-08,6.848374e-09,1.883828e-08,9.528737e-09,117.44,109.32,11096.01,10329.17,58.02,53.44
5.42363,7,0.4702,0.014,0.013,5.260,5.994,0.9876,0.00978,270.49,52.40,0.56390548,0.7161599596,2.20,1.305841e-08,6.844672e-09,1.88191e-08,9.516446e-09,117.65,109.26,11116.25,10323.49,58.14,53.41
5.42387,7,0.4703,0.014,0.013,5.260,5.994,0.9876,0.00978,270.49,52.40,0.5639045199999999,0.7161587403999999,2.20,1.305532e-08,6.829899e-09,1.881146e-08,9.495856e-09,117.20,108.90,11073.79,10289.02,57.88,53.20
5.42413,7,0.4703,0.014,0.013,5.260,5.994,0.9876,0.00978,270.49,52.40,0.56390348,0.7161574196,2.20,1.303454e-08,6.827639e-09,1.879323e-08,9.492886e-09,117.51,109.04,11103.16,10302.68,58.06,53.28
5.42438,7,0.4703,0.014,0.013,5.260,5.994,0.9876,0.00978,270.49,52.40,0.56390248,0.7161561496,2.20,1.303107e-08,6.815969e-09,1.877988e-08,9.473495e-09,117.16,108.75,11069.56,10274.96,57.86,53.12
5.42462,7,0.4704,0.014,0.013,5.260,5.994,0.9876,0.00978,270.49,52.40,0.5639015199999999,0.7161549303999999,2.20,1.302541e-08,6.803845e-09,1.875139e-08,9.463017e-09,116.85,108.86,11040.73,10285.68,57.69,53.18
5.42488,7,0.4704,0.014,0.013,5.260,5.994,0.9876,0.00978,270.49,52.40,0.5639004799999999,0.7161536096,2.20,1.299797e-08,6.79268e-09,1.873952e-08,9.45125e-09,116.97,108.73,11051.53,10273.01,57.75,53.10
5.42513,7,0.4704,0.014,0.013,5.260,5.994,0.9876,0.00978,270.49,52.40,0.56389948,0.7161523396,2.20,1.298628e-08,6.781171e-09,1.872845e-08,9.439879e-09,116.77,108.59,11033.12,10260.31,57.64,53.03
5.42537,7,0.4705,0.014,0.013,5.259,5.994,0.9876,0.00978,270.49,52.40,0.56389852,0.7161511204,2.20,1.296716e-08,6.773239e-09,1.870575e-08,9.417361e-09,116.87,108.36,11042.47,10238.22,57.70,52.90
5.42563,7,0.4705,0.014,0.013,5.259,5.994,0.9876,0.00978,270.49,52.40,0.56389748,0.7161497995999999,2.20,1.294618e-08,6.758162e-09,1.867955e-08,9.407877e-09,116.72,108.44,11028.40,10246.35,57.61,52.94
5.42587,7,0.4705,0.014,0.013,5.259,5.994,0.9876,0.00978,270.49,52.40,0.56389652,0.7161485804000001,2.20,1.29422e-08,6.747575e-09,1.865958e-08,9.390932e-09,116.41,108.28,10999.38,10231.23,57.44,52.85
5.42612,7,0.4706,0.014,0.013,5.259,5.994,0.9876,0.00978,270.50,52.40,0.56389552,0.7161473104,2.20,1.291474e-08,6.73661e-09,1.863542e-08,9.36829e-09,116.56,108.06,11013.16,10210.40,57.52,52.73
5.42638,7,0.4706,0.014,0.013,5.259,5.994,0.9876,0.00978,270.50,52.40,0.56389448,0.7161459896,2.20,1.2892e-08,6.721916e-09,1.85978e-08,9.355861e-09,116.46,108.21,11003.47,10224.65,57.46,52.81
5.42662,7,0.4706,0.014,0.013,5.259,5.994,0.9876,0.00978,270.50,52.40,0.5638935199999999,0.7161447703999999,2.20,1.288083e-08,6.707402e-09,1.85957e-08,9.34409e-09,116.14,107.97,10973.77,10201.11,57.29,52.67
5.42687,7,0.4707,0.014,0.013,5.259,5.994,0.9876,0.00978,270.50,52.40,0.56389252,0.7161435004,2.20,1.285571e-08,6.698173e-09,1.855559e-08,9.325253e-09,116.31,108.02,10989.28,10206.18,57.38,52.70
5.42713,7,0.4707,0.014,0.013,5.259,5.994,0.9876,0.00978,270.50,52.40,0.56389148,0.7161421796,2.20,1.284821e-08,6.686284e-09,1.852169e-08,9.310026e-09,116.02,108.06,10961.96,10210.17,57.21,52.73
5.42737,7,0.4707,0.014,0.013,5.259,5.994,0.9876,0.00978,270.50,52.40,0.56389052,0.7161409604,2.20,1.282891e-08,6.670952e-09,1.851238e-08,9.296853e-09,115.83,107.86,10943.88,10191.45,57.11,52.62
5.42762,7,0.4708,0.014,0.013,5.259,5.994,0.9876,0.00978,270.50,52.40,0.5638895199999999,0.7161396903999999,2.20,1.28142e-08,6.661312e-09,1.848074e-08,9.27104e-09,115.78,107.65,10939.39,10171.74,57.08,52.50
5.42788,7,0.4708,0.014,0.013,5.259,5.994,0.9876,0.00978,270.50,52.40,0.5638884799999999,0.7161383695999999,2.20,1.279571e-08,6.64661e-09,1.84463e-08,9.252779e-09,115.59,107.63,10921.97,10169.57,56.98,52.49
5.42812,7,0.4708,0.014,0.013,5.259,5.994,0.9876,0.00978,270.50,52.40,0.56388752,0.7161371504,2.20,1.278278e-08,6.639465e-09,1.844056e-08,9.233555e-09,115.58,107.25,10920.50,10133.58,56.97,52.27
5.42837,7,0.4709,0.014,0.013,5.259,5.994,0.9876,0.00978,270.50,52.40,0.56388652,0.7161358804,2.20,1.275722e-08,6.630221e-09,1.84109e-08,9.209053e-09,115.75,107.05,10936.66,10114.50,57.06,52.16
5.42863,7,0.4709,0.014,0.013,5.259,5.994,0.9876,0.00978,270.50,52.40,0.5638854799999999,0.7161345595999999,2.20,1.274802e-08,6.61819e-09,1.837529e-08,9.198115e-09,115.49,107.21,10911.77,10129.65,56.91,52.25
5.42887,7,0.4709,0.014,0.013,5.259,5.994,0.9876,0.00978,270.50,52.40,0.56388452,0.7161333404,2.20,1.273622e-08,6.603284e-09,1.83414e-08,9.177103e-09,115.17,107.11,10881.68,10120.71,56.73,52.19
5.42912,7,0.4710,0.014,0.013,5.259,5.994,0.9876,0.00978,270.50,52.40,0.56388352,0.7161320703999999,2.20,1.273233e-08,6.593921e-09,1.831671e-08,9.158922e-09,114.93,107.00,10858.87,10109.99,56.60,52.13
5.42938,7,0.4710,0.014,0.013,5.259,5.994,0.9876,0.00978,270.50,52.40,0.56388248,0.7161307496,2.20,1.27192e-08,6.583982e-09,1.828884e-08,9.142546e-09,114.81,106.94,10848.14,10104.59,56.53,52.10
5.42962,7,0.4710,0.014,0.013,5.259,5.994,0.9876,0.00978,270.50,52.40,0.5638815199999999,0.7161295303999999,2.20,1.271318e-08,6.574385e-09,1.826644e-08,9.125816e-09,114.58,106.81,10826.02,10092.36,56.40,52.02
5.42988,7,0.4711,0.014,0.013,5.259,5.994,0.9876,0.00978,270.50,52.40,0.5638804799999999,0.7161282095999999,2.20,1.270591e-08,6.572042e-09,1.824638e-08,9.11693e-09,114.65,106.86,10833.15,10097.01,56.44,52.05
5.43013,7,0.4711,0.014,0.013,5.259,5.994,0.9876,0.00978,270.50,52.40,0.56387948,0.7161269396,2.20,1.269867e-08,6.562373e-09,1.822105e-08,9.096411e-09,114.44,106.68,10812.93,10079.60,56.32,51.95
5.43037,7,0.4711,0.014,0.013,5.259,5.994,0.9876,0.00978,270.50,52.40,0.5638785199999999,0.7161257203999999,2.20,1.269078e-08,6.553808e-09,1.820279e-08,9.083056e-09,114.28,106.58,10797.63,10070.22,56.23,51.89
5.43063,7,0.4712,0.014,0.013,5.258,5.994,0.9876,0.00978,270.50,52.40,0.5638774799999999,0.7161243996,2.20,1.26859e-08,6.551651e-09,1.817339e-08,9.063659e-09,114.32,106.49,10801.16,10061.88,56.25,51.84
5.43088,7,0.4712,0.014,0.013,5.258,5.994,0.9876,0.00978,270.50,52.40,0.56387648,0.7161231296,2.20,1.269542e-08,6.540285e-09,1.816167e-08,9.047871e-09,113.73,106.26,10745.84,10039.87,55.92,51.71
5.43112,7,0.4712,0.014,0.013,5.258,5.994,0.9876,0.00978,270.50,52.40,0.56387552,0.7161219104,2.20,1.269232e-08,6.538829e-09,1.81439e-08,9.038285e-09,113.74,106.24,10746.31,10038.25,55.93,51.70
5.43138,7,0.4713,0.014,0.013,5.258,5.994,0.9876,0.00978,270.50,52.40,0.56387448,0.7161205895999999,2.20,1.269657e-08,6.534069e-09,1.811432e-08,9.02185e-09,113.51,106.22,10725.07,10036.61,55.80,51.69
5.43163,7,0.4713,0.014,0.013,5.258,5.994,0.9876,0.00978,270.50,52.40,0.5638734799999999,0.7161193196,2.20,1.269972e-08,6.530368e-09,1.809789e-08,9.016047e-09,113.32,106.28,10707.09,10041.89,55.69,51.72
5.43187,7,0.4714,0.014,0.013,5.258,5.994,0.9876,0.00978,270.50,52.40,0.56387252,0.7161181004,2.20,1.271123e-08,6.535239e-09,1.810242e-08,8.998573e-09,113.31,105.84,10705.83,10000.32,55.68,51.47
5.43213,7,0.4714,0.014,0.013,5.258,5.994,0.9876,0.00978,270.50,52.40,0.56387148,0.7161167796,2.20,1.271465e-08,6.53018e-09,1.808878e-08,8.988088e-09,113.06,105.75,10682.87,9992.14,55.55,51.42
5.43238,7,0.4714,0.014,0.013,5.258,5.994,0.9876,0.00978,270.50,52.40,0.56387048,0.7161155095999999,2.20,1.272165e-08,6.529802e-09,1.807866e-08,8.976993e-09,112.92,105.61,10669.53,9978.73,55.47,51.34
5.43262,7,0.4715,0.014,0.013,5.258,5.994,0.9876,0.00978,270.50,52.40,0.56386952,0.7161142904000001,2.20,1.272159e-08,6.534664e-09,1.806333e-08,8.976565e-09,113.12,105.80,10688.23,9996.74,55.58,51.45
5.43288,7,0.4715,0.014,0.013,5.258,5.994,0.9876,0.00978,270.50,52.40,0.56386848,0.7161129696,2.20,1.274256e-08,6.529997e-09,1.806606e-08,8.967818e-09,112.57,105.57,10636.52,9974.40,55.27,51.32
5.43313,7,0.4715,0.014,0.013,5.258,5.994,0.9876,0.00978,270.50,52.40,0.56386748,0.7161116996,2.20,1.275637e-08,6.533813e-09,1.807829e-08,8.958261e-09,112.46,105.20,10625.65,9939.97,55.20,51.11
5.43337,7,0.4716,0.014,0.013,5.258,5.994,0.9876,0.00978,270.50,52.40,0.5638665199999999,0.7161104803999999,2.20,1.277041e-08,6.535198e-09,1.807038e-08,8.959465e-09,112.28,105.34,10608.58,9953.36,55.10,51.19
5.43363,7,0.4716,0.014,0.013,5.258,5.994,0.9876,0.00978,270.50,52.40,0.5638654799999999,0.7161091595999999,2.20,1.278672e-08,6.538857e-09,1.807238e-08,8.94898e-09,112.11,105.08,10593.02,9928.11,55.01,51.04
5.43387,7,0.4716,0.014,0.013,5.258,5.994,0.9876,0.00978,270.50,52.40,0.56386452,0.7161079404,2.20,1.280939e-08,6.544376e-09,1.807076e-08,8.951238e-09,111.90,105.15,10572.94,9934.84,54.89,51.08
5.43412,7,0.4717,0.014,0.013,5.258,5.994,0.9876,0.00978,270.50,52.40,0.56386352,0.7161066704,2.20,1.282591e-08,6.548261e-09,1.807558e-08,8.951335e-09,111.77,105.12,10560.16,9931.91,54.81,51.06
5.43438,7,0.4717,0.014,0.013,5.258,5.994,0.9876,0.00978,270.50,52.40,0.5638624799999999,0.7161053495999999,2.20,1.284507e-08,6.554518e-09,1.808449e-08,8.945465e-09,111.64,104.88,10548.57,9909.34,54.74,50.93
5.43462,7,0.4717,0.014,0.013,5.258,5.994,0.9876,0.00978,270.50,52.40,0.56386152,0.7161041304,2.20,1.287245e-08,6.559605e-09,1.809313e-08,8.95297e-09,111.33,104.95,10519.48,9916.42,54.57,50.97
5.43487,7,0.4718,0.014,0.013,5.258,5.994,0.9876,0.00978,270.50,52.40,0.56386052,0.7161028603999999,2.20,1.287803e-08,6.566839e-09,1.810612e-08,8.949755e-09,111.51,104.75,10536.07,9897.42,54.67,50.86
5.43513,7,0.4718,0.014,0.013,5.258,5.994,0.9876,0.00978,270.50,52.40,0.56385948,0.7161015396,2.20,1.290058e-08,6.569848e-09,1.811597e-08,8.951212e-09,111.22,104.67,10508.37,9889.96,54.50,50.81
5.43537,7,0.4718,0.014,0.013,5.258,5.994,0.9876,0.00978,270.50,52.40,0.5638585199999999,0.7161003203999999,2.20,1.292947e-08,6.579606e-09,1.81348e-08,8.953783e-09,111.05,104.52,10492.26,9875.28,54.41,50.73
5.43562,7,0.4719,0.014,0.013,5.257,5.994,0.9876,0.00978,270.50,52.40,0.56385752,0.7160990504,2.20,1.294968e-08,6.583793e-09,1.815216e-08,8.962682e-09,110.86,104.55,10474.74,9878.09,54.30,50.74
5.43588,7,0.4719,0.014,0.013,5.257,5.994,0.9876,0.00978,270.50,52.40,0.56385648,0.7160977296,2.20,1.299035e-08,6.594418e-09,1.816368e-08,8.964653e-09,110.52,104.46,10442.35,9870.01,54.11,50.69
5.43612,7,0.4719,0.014,0.013,5.257,5.994,0.9876,0.00978,270.50,52.40,0.5638555199999999,0.7160965103999999,2.20,1.300795e-08,6.598912e-09,1.818264e-08,8.961935e-09,110.37,104.18,10428.10,9843.82,54.02,50.54
5.43637,7,0.4720,0.014,0.013,5.257,5.994,0.9876,0.00978,270.50,52.40,0.5638545199999999,0.7160952403999999,2.20,1.302425e-08,6.608173e-09,1.820395e-08,8.971813e-09,110.42,104.19,10433.49,9844.55,54.06,50.54
5.43663,7,0.4720,0.014,0.013,5.257,5.994,0.9876,0.00978,270.50,52.40,0.5638534799999999,0.7160939195999999,2.20,1.305503e-08,6.617145e-09,1.822873e-08,8.973545e-09,110.20,103.95,10412.27,9821.93,53.93,50.41
5.43687,7,0.4720,0.014,0.013,5.257,5.994,0.9876,0.00978,270.50,52.40,0.56385252,0.7160927004,2.20,1.308092e-08,6.624072e-09,1.824668e-08,8.989435e-09,109.99,104.11,10392.55,9837.13,53.81,50.50
5.43712,7,0.4721,0.014,0.013,5.257,5.994,0.9876,0.00978,270.50,52.40,0.5638515199999999,0.7160914303999999,2.20,1.310063e-08,6.62732e-09,1.827629e-08,8.99133e-09,109.79,103.85,10373.41,9811.91,53.70,50.35
5.43738,7,0.4721,0.014,0.013,5.257,5.994,0.9876,0.00978,270.50,52.40,0.5638504799999999,0.7160901096,2.20,1.31302e-08,6.63573e-09,1.829691e-08,8.999318e-09,109.57,103.80,10352.73,9807.29,53.57,50.32
5.43762,7,0.4721,0.014,0.013,5.257,5.994,0.9876,0.00978,270.50,52.40,0.56384952,0.7160888904,2.20,1.315964e-08,6.650863e-09,1.832314e-08,9.004402e-09,109.58,103.62,10353.53,9790.56,53.58,50.22
5.43788,7,0.4722,0.014,0.013,5.257,5.994,0.9876,0.00978,270.50,52.40,0.56384848,0.7160875696,2.20,1.317045e-08,6.658086e-09,1.834464e-08,9.011981e-09,109.66,103.57,10361.26,9786.26,53.62,50.19
5.43813,7,0.4722,0.014,0.013,5.257,5.994,0.9876,0.00978,270.50,52.40,0.56384748,0.7160862995999999,2.20,1.319554e-08,6.660391e-09,1.837047e-08,9.017688e-09,109.32,103.42,10328.71,9771.39,53.43,50.10
5.43837,7,0.4722,0.014,0.013,5.257,5.994,0.9876,0.00978,270.50,52.40,0.5638465199999999,0.7160850803999999,2.20,1.322175e-08,6.668931e-09,1.838612e-08,9.03452e-09,109.16,103.62,10314.07,9790.86,53.34,50.22
5.43863,7,0.4723,0.014,0.013,5.257,5.994,0.9876,0.00978,270.50,52.40,0.56384548,0.7160837596,2.20,1.324275e-08,6.674385e-09,1.84131e-08,9.038169e-09,109.01,103.43,10300.25,9772.51,53.26,50.11
5.43888,7,0.4723,0.014,0.013,5.257,5.994,0.9876,0.00978,270.50,52.40,0.56384448,0.7160824896,2.20,1.326244e-08,6.682749e-09,1.842515e-08,9.041514e-09,108.96,103.37,10295.40,9767.06,53.23,50.08
5.43912,7,0.4723,0.014,0.013,5.257,5.994,0.9876,0.00978,270.50,52.40,0.5638435199999999,0.7160812703999999,2.20,1.328137e-08,6.688737e-09,1.845738e-08,9.048139e-09,108.85,103.17,10284.40,9747.62,53.17,49.96
5.43938,7,0.4724,0.014,0.013,5.257,5.994,0.9876,0.00978,270.50,52.40,0.5638424799999999,0.7160799495999999,2.20,1.330962e-08,6.691899e-09,1.847826e-08,9.055881e-09,108.51,103.13,10252.43,9744.42,52.97,49.94
5.43963,7,0.4724,0.014,0.013,5.257,5.994,0.9876,0.00978,270.50,52.40,0.56384148,0.7160786796,2.20,1.333526e-08,6.69386e-09,1.849258e-08,9.059654e-09,108.15,103.06,10218.87,9737.58,52.77,49.90
5.43987,7,0.4724,0.014,0.013,5.257,5.994,0.9876,0.00978,270.50,52.40,0.56384052,0.7160774604,2.20,1.334528e-08,6.705855e-09,1.851139e-08,9.062829e-09,108.38,102.93,10240.22,9724.87,52.90,49.83
5.44013,7,0.4725,0.014,0.013,5.257,5.994,0.9876,0.00978,270.50,52.40,0.56383948,0.7160761395999999,2.20,1.336928e-08,6.708794e-09,1.853185e-08,9.068719e-09,108.11,102.86,10214.48,9718.26,52.75,49.79
5.44038,7,0.4725,0.014,0.013,5.257,5.994,0.9876,0.00978,270.50,52.40,0.5638384799999999,0.7160748695999999,2.20,1.339189e-08,6.718288e-09,1.855108e-08,9.070392e-09,108.05,102.68,10208.83,9702.06,52.71,49.69
5.44062,7,0.4726,0.014,0.013,5.256,5.994,0.9876,0.00978,270.50,52.40,0.56383752,0.7160736504,2.20,1.340476e-08,6.723682e-09,1.856551e-08,9.077958e-09,108.04,102.72,10207.75,9705.18,52.71,49.71
5.44088,7,0.4726,0.014,0.013,5.256,5.994,0.9876,0.00978,270.50,52.40,0.56383648,0.7160723296,2.20,1.343382e-08,6.730468e-09,1.858823e-08,9.079954e-09,107.79,102.52,10184.10,9686.16,52.57,49.59
5.44113,7,0.4726,0.014,0.013,5.256,5.994,0.9876,0.00978,270.50,52.40,0.56383548,0.7160710596,2.20,1.343666e-08,6.733229e-09,1.860248e-08,9.084842e-09,107.83,102.47,10188.16,9681.84,52.59,49.57
5.44137,7,0.4727,0.014,0.013,5.256,5.994,0.9876,0.00978,270.50,52.40,0.56383452,0.7160698404,2.20,1.345385e-08,6.738373e-09,1.862317e-08,9.081909e-09,107.74,102.20,10179.81,9656.79,52.54,49.42
5.44163,7,0.4727,0.014,0.013,5.256,5.994,0.9876,0.00978,270.50,52.40,0.56383348,0.7160685196,2.20,1.34749e-08,6.742015e-09,1.862706e-08,9.084591e-09,107.52,102.22,10158.98,9658.42,52.42,49.43
5.44187,7,0.4727,0.014,0.013,5.256,5.994,0.9876,0.00978,270.50,52.40,0.56383252,0.7160673004,2.20,1.350405e-08,6.745307e-09,1.863314e-08,9.086979e-09,107.16,102.21,10125.05,9657.22,52.21,49.42
5.44212,7,0.4728,0.014,0.013,5.256,5.994,0.9876,0.00979,270.50,52.40,0.5638315199999999,0.7160660303999999,2.20,1.350737e-08,6.756916e-09,1.864129e-08,9.092433e-09,107.50,102.26,10157.08,9662.33,52.40,49.45
5.44238,7,0.4728,0.014,0.013,5.256,5.994,0.9876,0.00979,270.50,52.40,0.5638304799999999,0.7160647095999999,2.20,1.352866e-08,6.758386e-09,1.867206e-08,9.084472e-09,107.21,101.76,10129.55,9614.87,52.24,49.17
5.44262,7,0.4728,0.014,0.013,5.283,5.994,0.9876,0.00979,270.50,52.40,0.56382952,0.7160634904,2.20,1.355353e-08,6.765367e-09,1.867731e-08,9.089322e-09,107.04,101.81,10113.29,9619.61,52.14,49.20
5.44287,7,0.4729,0.014,0.013,5.283,5.994,0.9876,0.00979,270.50,52.40,0.5638285199999999,0.7160622203999999,2.20,1.355873e-08,6.770366e-09,1.868881e-08,9.097405e-09,107.13,101.89,10122.60,9626.77,52.20,49.24
5.44313,7,0.4729,0.014,0.013,5.283,5.994,0.9876,0.00979,270.50,52.40,0.5638274799999999,0.7160608996,2.20,1.359654e-08,6.779925e-09,1.870606e-08,9.099972e-09,106.84,101.76,10094.88,9614.76,52.03,49.17
5.44337,7,0.4729,0.014,0.013,5.283,5.994,0.9876,0.00979,270.50,52.40,0.56382652,0.7160596804,2.20,1.360441e-08,6.788822e-09,1.871703e-08,9.095043e-09,107.00,101.54,10109.65,9593.68,52.12,49.04
5.44362,7,0.4730,0.014,0.013,5.283,5.994,0.9876,0.00979,270.50,52.40,0.56382552,0.7160584104,2.20,1.362822e-08,6.795827e-09,1.871744e-08,9.091877e-09,106.87,101.48,10097.33,9588.80,52.05,49.01
5.44388,7,0.4730,0.014,0.013,5.283,5.994,0.9876,0.00979,270.50,52.40,0.56382448,0.7160570895999999,2.20,1.365128e-08,6.80402e-09,1.872593e-08,9.104368e-09,106.76,101.67,10087.55,9605.97,51.99,49.12
5.44412,7,0.4730,0.014,0.013,5.283,5.994,0.9876,0.00979,270.50,52.40,0.5638235199999999,0.7160558703999998,2.20,1.366556e-08,6.809964e-09,1.874385e-08,9.094414e-09,106.73,101.26,10084.09,9567.75,51.97,48.89
5.44437,7,0.4731,0.014,0.013,5.283,5.994,0.9876,0.00979,270.50,52.40,0.56382252,0.7160546004,2.20,1.36957e-08,6.818809e-09,1.875119e-08,9.100805e-09,106.56,101.34,10068.05,9575.55,51.87,48.93
5.44463,7,0.4731,0.014,0.013,5.283,5.994,0.9876,0.00979,270.50,52.40,0.56382148,0.7160532796,2.20,1.370768e-08,6.827418e-09,1.876945e-08,9.10908e-09,106.64,101.33,10075.82,9574.36,51.92,48.93
5.44487,7,0.4731,0.014,0.013,5.283,5.994,0.9876,0.00979,270.50,52.40,0.5638205199999999,0.7160520603999999,2.20,1.373462e-08,6.834987e-09,1.877144e-08,9.105803e-09,106.46,101.24,10058.67,9565.70,51.82,48.87
5.44512,7,0.4732,0.014,0.013,5.282,5.994,0.9876,0.00979,270.50,52.40,0.5638195199999999,0.7160507903999999,2.20,1.376644e-08,6.843721e-09,1.879886e-08,9.108677e-09,106.26,101.04,10040.06,9546.49,51.70,48.76
5.44538,7,0.4732,0.014,0.013,5.282,5.994,0.9876,0.00979,270.50,52.40,0.56381848,0.7160494696,2.20,1.378673e-08,6.856196e-09,1.88263e-08,9.110381e-09,106.33,100.79,10047.02,9522.99,51.75,48.62
5.44562,7,0.4732,0.014,0.013,5.282,5.994,0.9876,0.00979,270.50,52.40,0.56381752,0.7160482504,2.20,1.381786e-08,6.870122e-09,1.882814e-08,9.118804e-09,106.29,100.95,10042.49,9538.25,51.72,48.71
5.44588,7,0.4733,0.014,0.013,5.282,5.994,0.9876,0.00979,270.50,52.40,0.56381648,0.7160469295999999,2.20,1.385067e-08,6.878497e-09,1.885557e-08,9.125981e-09,106.07,100.84,10021.62,9527.90,51.59,48.65
5.44613,7,0.4733,0.014,0.013,5.282,5.994,0.9876,0.00979,270.50,52.40,0.5638154799999999,0.7160456595999999,2.20,1.38811e-08,6.893291e-09,1.887955e-08,9.133357e-09,106.06,100.75,10020.70,9519.36,51.59,48.60
5.44637,7,0.4733,0.014,0.013,5.282,5.994,0.9876,0.00979,270.50,52.40,0.56381452,0.7160444404,2.20,1.3909e-08,6.900747e-09,1.889268e-08,9.142022e-09,105.86,100.80,10002.27,9524.03,51.48,48.63
5.44663,7,0.4734,0.014,0.013,5.282,5.994,0.9876,0.00979,270.50,52.40,0.56381348,0.7160431196,2.20,1.394434e-08,6.92353e-09,1.893489e-08,9.149341e-09,106.04,100.54,10019.46,9499.67,51.58,48.48
5.44688,7,0.4734,0.014,0.013,5.282,5.994,0.9876,0.00979,270.50,52.40,0.56381248,0.7160418496,2.20,1.397741e-08,6.938646e-09,1.895804e-08,9.159982e-09,106.00,100.53,10015.73,9498.58,51.56,48.47
5.44712,7,0.4734,0.014,0.013,5.282,5.994,0.9876,0.00979,270.50,52.40,0.56381152,0.7160406304,2.20,1.40199e-08,6.945868e-09,1.898203e-08,9.168382e-09,105.58,100.46,9976.16,9492.19,51.32,48.43
5.44738,7,0.4735,0.014,0.013,5.282,5.994,0.9876,0.00979,270.50,52.40,0.56381048,0.7160393096000001,2.20,1.405177e-08,6.965022e-09,1.902247e-08,9.187518e-09,105.71,100.48,9987.83,9493.40,51.39,48.44
5.44763,7,0.4735,0.014,0.013,5.282,5.994,0.9876,0.00979,270.50,52.40,0.56380948,0.7160380396,2.20,1.410057e-08,6.980266e-09,1.905595e-08,9.193401e-09,105.44,100.26,9962.52,9472.90,51.24,48.32
5.44787,7,0.4735,0.014,0.013,5.282,5.994,0.9876,0.00979,270.50,52.40,0.5638085199999999,0.7160368203999999,2.20,1.413905e-08,6.997972e-09,1.911341e-08,9.2134e-09,105.40,100.10,9958.74,9457.58,51.22,48.23
5.44813,7,0.4736,0.014,0.013,5.282,5.994,0.9876,0.00979,270.50,52.40,0.5638074799999999,0.7160354995999999,2.20,1.416483e-08,7.014787e-09,1.914154e-08,9.226772e-09,105.54,100.11,9972.25,9459.21,51.30,48.24
5.44838,7,0.4736,0.014,0.013,5.282,5.994,0.9876,0.00979,270.50,52.40,0.56380648,0.7160342296,2.20,1.420749e-08,7.028135e-09,1.918751e-08,9.244721e-09,105.31,100.03,9950.44,9450.90,51.17,48.19
5.44862,7,0.4736,0.014,0.013,5.282,5.994,0.9876,0.00979,270.50,52.40,0.56380552,0.7160330103999999,2.20,1.424552e-08,7.045025e-09,1.922538e-08,9.262157e-09,105.26,100.01,9945.07,9449.30,51.14,48.18
5.44888,7,0.4737,0.014,0.013,5.282,5.994,0.9876,0.00979,270.50,52.40,0.5638044799999999,0.7160316896,2.20,1.429199e-08,7.068005e-09,1.927095e-08,9.280194e-09,105.28,99.95,9947.16,9443.61,51.15,48.14
5.44913,7,0.4737,0.014,0.013,5.282,5.994,0.9876,0.00979,270.50,52.40,0.5638034799999999,0.7160304195999999,2.20,1.43422e-08,7.086281e-09,1.932815e-08,9.305648e-09,105.09,99.90,9928.99,9439.51,51.04,48.12
5.44937,7,0.4737,0.014,0.013,5.282,5.994,0.9876,0.00979,270.50,52.40,0.56380252,0.7160292004,2.20,1.439155e-08,7.10209e-09,1.937839e-08,9.331114e-09,104.84,99.93,9905.35,9442.01,50.90,48.13
5.44963,7,0.4738,0.014,0.013,5.282,5.994,0.9876,0.00979,270.50,52.40,0.56380148,0.7160278795999999,2.20,1.442942e-08,7.122397e-09,1.9433e-08,9.355927e-09,104.90,99.92,9911.89,9441.12,50.94,48.13
5.44987,7,0.4738,0.014,0.013,5.282,5.994,0.9876,0.00979,270.50,52.40,0.5638005199999999,0.7160266604,2.20,1.447366e-08,7.144984e-09,1.949594e-08,9.378597e-09,104.93,99.77,9913.95,9426.32,50.95,48.04
5.45012,7,0.4738,0.014,0.013,5.282,5.994,0.9876,0.00979,270.50,52.40,0.56379952,0.7160253904,2.20,1.451301e-08,7.160147e-09,1.956555e-08,9.395873e-09,104.80,99.43,9902.31,9395.09,50.88,47.85
5.45038,7,0.4739,0.014,0.013,5.281,5.994,0.9876,0.00979,270.50,52.40,0.56379848,0.7160240696,2.20,1.456485e-08,7.177924e-09,1.961941e-08,9.433442e-09,104.60,99.69,9883.20,9419.56,50.77,48.00
5.45062,7,0.4739,0.014,0.013,5.281,5.994,0.9876,0.00979,270.50,52.40,0.5637975199999999,0.7160228503999999,2.20,1.461301e-08,7.198091e-09,1.967557e-08,9.457214e-09,104.50,99.63,9873.55,9413.36,50.71,47.96
5.45087,7,0.4739,0.014,0.013,5.281,5.994,0.9876,0.00979,270.50,52.40,0.5637965199999999,0.7160215803999999,2.20,1.46602e-08,7.222297e-09,1.975274e-08,9.476668e-09,104.53,99.27,9876.14,9379.75,50.72,47.76
5.45113,7,0.4740,0.014,0.013,5.281,5.994,0.9876,0.00979,270.50,52.40,0.5637954799999999,0.7160202595999999,2.20,1.471236e-08,7.23918e-09,1.983378e-08,9.514134e-09,104.30,99.26,9854.58,9379.05,50.60,47.76
5.45137,7,0.4740,0.014,0.013,5.281,5.994,0.9876,0.00979,270.50,52.40,0.56379452,0.7160190404,2.20,1.475666e-08,7.256318e-09,1.98828e-08,9.538604e-09,104.17,99.28,9842.14,9380.85,50.52,47.77
5.45162,7,0.4740,0.014,0.013,5.281,5.994,0.9876,0.00979,270.50,52.40,0.5637935199999999,0.7160177703999999,2.20,1.480048e-08,7.279234e-09,1.996427e-08,9.574614e-09,104.20,99.22,9845.78,9375.06,50.54,47.73
5.45188,7,0.4741,0.014,0.013,5.281,5.994,0.9876,0.00979,270.50,52.40,0.5637924799999999,0.7160164495999999,2.20,1.48437e-08,7.296745e-09,2.004564e-08,9.605708e-09,104.12,99.09,9837.92,9362.19,50.50,47.66
5.45212,7,0.4741,0.014,0.013,5.281,5.994,0.9876,0.00979,270.50,52.40,0.56379152,0.7160152304,2.20,1.488343e-08,7.310202e-09,2.011136e-08,9.632605e-09,103.95,99.00,9821.87,9353.62,50.40,47.61
5.45237,7,0.4741,0.014,0.013,5.281,5.994,0.9876,0.00979,270.50,52.40,0.56379052,0.7160139604,2.20,1.493791e-08,7.331856e-09,2.017189e-08,9.669347e-09,103.81,99.15,9808.45,9368.03,50.32,47.69
5.45263,7,0.4742,0.014,0.013,5.281,5.994,0.9876,0.00979,270.50,52.40,0.56378948,0.7160126396,2.20,1.497629e-08,7.350922e-09,2.026053e-08,9.700143e-09,103.84,98.94,9811.12,9348.37,50.34,47.57
5.45287,7,0.4742,0.014,0.013,5.281,5.994,0.9876,0.00979,270.50,52.40,0.5637885199999999,0.7160114203999999,2.20,1.503078e-08,7.367569e-09,2.033541e-08,9.733795e-09,103.56,98.90,9784.77,9344.32,50.18,47.55
5.45312,7,0.4742,0.014,0.013,5.281,5.994,0.9876,0.00979,270.50,52.40,0.56378752,0.7160101504,2.20,1.508114e-08,7.383643e-09,2.040087e-08,9.75882e-09,103.32,98.77,9762.44,9332.74,50.05,47.48
5.45338,7,0.4743,0.014,0.013,5.281,5.994,0.9876,0.00979,270.50,52.40,0.56378648,0.7160088296,2.20,1.510378e-08,7.3969e-09,2.047466e-08,9.793482e-09,103.40,98.78,9770.12,9333.55,50.09,47.49
5.45362,7,0.4743,0.014,0.013,5.281,5.994,0.9876,0.00979,270.50,52.40,0.5637855199999999,0.7160076103999999,2.20,1.515553e-08,7.416227e-09,2.05343e-08,9.826215e-09,103.24,98.86,9754.61,9341.22,50.00,47.53
5.45388,7,0.4744,0.014,0.013,5.281,5.994,0.9876,0.00979,270.50,52.40,0.5637844799999999,0.7160062895999999,2.20,1.518755e-08,7.427432e-09,2.060717e-08,9.856865e-09,103.14,98.80,9745.20,9335.52,49.94,47.50
5.45413,7,0.4744,0.014,0.013,5.281,5.994,0.9876,0.00979,270.50,52.40,0.56378348,0.7160050196000001,2.20,1.523282e-08,7.445933e-09,2.069192e-08,9.884574e-09,103.04,98.56,9735.89,9312.35,49.89,47.36
5.45437,7,0.4744,0.014,0.013,5.281,5.994,0.9876,0.00979,270.50,52.40,0.56378252,0.7160038004,2.20,1.525725e-08,7.461648e-09,2.075444e-08,9.914778e-09,103.14,98.57,9745.53,9312.96,49.94,47.36
5.45463,7,0.4745,0.014,0.013,5.281,5.994,0.9876,0.00979,270.50,52.40,0.56378148,0.7160024796,2.20,1.530512e-08,7.473575e-09,2.081636e-08,9.943036e-09,102.86,98.56,9718.36,9312.55,49.78,47.36
5.45488,7,0.4745,0.014,0.013,5.281,5.994,0.9876,0.00979,270.50,52.40,0.5637804799999999,0.7160012095999999,2.20,1.533256e-08,7.486536e-09,2.088116e-08,9.978748e-09,102.84,98.65,9717.25,9321.06,49.77,47.41
5.45512,7,0.4745,0.014,0.013,5.281,5.994,0.9876,0.00979,270.50,52.40,0.56377952,0.7159999904,2.20,1.538197e-08,7.502042e-09,2.094995e-08,1.000386e-08,102.61,98.50,9695.48,9307.23,49.64,47.33
5.45538,7,0.4746,0.014,0.013,5.280,5.994,0.9876,0.00979,270.50,52.40,0.56377848,0.7159986696,2.20,1.540512e-08,7.508425e-09,2.100691e-08,1.002709e-08,102.50,98.45,9685.17,9302.15,49.58,47.30
5.45563,7,0.4746,0.014,0.013,5.280,5.994,0.9876,0.00979,270.50,52.40,0.5637774799999999,0.7159973996,2.20,1.543932e-08,7.517325e-09,2.107389e-08,1.005483e-08,102.30,98.37,9665.68,9294.66,49.47,47.25
5.45587,7,0.4746,0.014,0.013,5.280,5.994,0.9876,0.00979,270.50,52.40,0.56377652,0.7159961804,2.20,1.545952e-08,7.530502e-09,2.112881e-08,1.007374e-08,102.39,98.24,9674.04,9281.81,49.52,47.18
5.45613,7,0.4747,0.014,0.013,5.280,5.994,0.9876,0.00979,270.50,52.40,0.56377548,0.7159948596,2.20,1.548747e-08,7.539342e-09,2.119186e-08,1.010531e-08,102.28,98.28,9664.15,9286.42,49.46,47.20
5.45638,7,0.4747,0.014,0.013,5.280,5.994,0.9876,0.00979,270.50,52.40,0.56377448,0.7159935895999999,2.20,1.55076e-08,7.553521e-09,2.123897e-08,1.012733e-08,102.40,98.28,9675.08,9285.64,49.52,47.20
5.45662,7,0.4747,0.014,0.013,5.280,5.994,0.9876,0.00979,270.50,52.40,0.5637735199999999,0.7159923703999999,2.20,1.554645e-08,7.562696e-09,2.129415e-08,1.01473e-08,102.14,98.16,9650.83,9274.56,49.38,47.13
5.45688,7,0.4748,0.014,0.013,5.280,5.994,0.9876,0.00979,270.50,52.40,0.5637724799999999,0.7159910495999999,2.20,1.557313e-08,7.571622e-09,2.136723e-08,1.016035e-08,102.06,97.78,9642.81,9238.69,49.33,46.92
5.45712,7,0.4748,0.014,0.013,5.280,5.994,0.9876,0.00979,270.50,52.40,0.56377152,0.7159898304,2.20,1.559239e-08,7.576584e-09,2.140554e-08,1.01888e-08,101.94,97.97,9631.92,9256.42,49.26,47.02
5.45737,7,0.4748,0.014,0.013,5.280,5.994,0.9876,0.00979,270.50,52.40,0.5637705199999999,0.7159885603999999,2.20,1.562549e-08,7.580097e-09,2.144731e-08,1.021144e-08,101.61,98.02,9600.95,9261.19,49.08,47.05
5.45763,7,0.4749,0.014,0.013,5.280,5.994,0.9876,0.00979,270.50,52.40,0.5637694799999999,0.7159872395999999,2.20,1.564774e-08,7.59471e-09,2.149987e-08,1.023423e-08,101.73,98.00,9612.36,9259.28,49.15,47.04
5.45787,7,0.4749,0.014,0.013,5.280,5.994,0.9876,0.00979,270.50,52.40,0.56376852,0.7159860204,2.20,1.566741e-08,7.599165e-09,2.154383e-08,1.024439e-08,101.60,97.80,9599.86,9240.75,49.07,46.93
5.45812,7,0.4749,0.014,0.013,5.280,5.994,0.9876,0.00979,270.50,52.40,0.56376752,0.7159847504,2.20,1.568991e-08,7.609843e-09,2.157412e-08,1.025862e-08,101.60,97.80,9599.28,9240.45,49.07,46.93
5.45838,7,0.4750,0.014,0.013,5.280,5.994,0.9876,0.00979,270.50,52.40,0.56376648,0.7159834295999999,2.20,1.571104e-08,7.621104e-09,2.16375e-08,1.028893e-08,101.64,97.82,9603.78,9242.69,49.10,46.94
5.45862,7,0.4750,0.014,0.013,5.280,5.994,0.9876,0.00979,270.50,52.40,0.5637655199999999,0.7159822103999999,2.20,1.573109e-08,7.622771e-09,2.165738e-08,1.029966e-08,101.44,97.84,9584.10,9244.88,48.98,46.95
5.45887,7,0.4750,0.014,0.013,5.280,5.994,0.9876,0.00979,270.50,52.40,0.56376452,0.7159809404,2.20,1.57523e-08,7.630191e-09,2.170543e-08,1.031118e-08,101.36,97.64,9577.14,9225.55,48.94,46.84
5.45913,7,0.4751,0.014,0.013,5.280,5.994,0.9876,0.00979,270.50,52.40,0.56376348,0.7159796196,2.20,1.577065e-08,7.634506e-09,2.173709e-08,1.032869e-08,101.27,97.71,9568.04,9231.69,48.88,46.88
5.45937,7,0.4751,0.014,0.013,5.280,5.994,0.9876,0.00979,270.50,52.40,0.5637625199999999,0.7159784003999999,2.20,1.579207e-08,7.639423e-09,2.179387e-08,1.033996e-08,101.13,97.42,9554.83,9205.05,48.80,46.72
5.45962,7,0.4751,0.014,0.013,5.280,5.994,0.9876,0.00979,270.50,52.40,0.5637615199999999,0.7159771303999999,2.20,1.582332e-08,7.648238e-09,2.182252e-08,1.035567e-08,100.96,97.46,9539.60,9208.63,48.71,46.74
5.45988,7,0.4752,0.014,0.013,5.280,5.994,0.9876,0.00979,270.50,52.40,0.56376048,0.7159758096000001,2.20,1.582974e-08,7.657949e-09,2.185234e-08,1.037241e-08,101.15,97.53,9557.57,9214.94,48.82,46.78
5.46012,7,0.4752,0.014,0.013,5.280,5.994,0.9876,0.00979,270.50,52.40,0.56375952,0.7159745904,2.20,1.58689e-08,7.665246e-09,2.190601e-08,1.038552e-08,100.86,97.31,9529.52,9194.11,48.65,46.65
5.46037,7,0.4752,0.014,0.013,5.280,5.994,0.9876,0.00979,270.50,52.40,0.5637585199999999,0.7159733204,2.20,1.587228e-08,7.668406e-09,2.193024e-08,1.040531e-08,100.90,97.46,9533.19,9208.08,48.67,46.73
5.46063,7,0.4753,0.014,0.013,5.279,5.994,0.9876,0.00979,270.50,52.40,0.5637574799999999,0.7159719995999999,2.20,1.588949e-08,7.674306e-09,2.196711e-08,1.041477e-08,100.86,97.33,9529.40,9196.52,48.65,46.67
5.46087,7,0.4753,0.014,0.013,5.279,5.994,0.9876,0.00979,270.50,52.40,0.56375652,0.7159707804,2.20,1.5919e-08,7.682986e-09,2.200911e-08,1.042845e-08,100.71,97.22,9516.05,9186.08,48.57,46.60
5.46113,7,0.4753,0.014,0.013,5.279,5.994,0.9876,0.00979,270.50,52.40,0.56375548,0.7159694596,2.20,1.593658e-08,7.696782e-09,2.205255e-08,1.044696e-08,100.85,97.19,9528.76,9182.61,48.65,46.58
5.46138,7,0.4754,0.014,0.013,5.279,5.994,0.9876,0.00979,270.50,52.40,0.56375448,0.7159681896,2.20,1.596718e-08,7.69903e-09,2.208158e-08,1.045762e-08,100.55,97.15,9500.85,9179.39,48.48,46.56
5.46162,7,0.4754,0.014,0.013,5.279,5.994,0.9876,0.00979,270.50,52.40,0.56375352,0.7159669704,2.20,1.598418e-08,7.703639e-09,2.212352e-08,1.048802e-08,100.46,97.34,9492.32,9196.94,48.43,46.67
5.46188,7,0.4754,0.014,0.013,5.279,5.994,0.9876,0.00979,270.50,52.40,0.56375248,0.7159656496,2.20,1.600343e-08,7.716305e-09,2.215807e-08,1.049459e-08,100.55,97.16,9500.37,9180.63,48.48,46.57
5.46213,7,0.4755,0.014,0.013,5.279,5.994,0.9876,0.00979,270.50,52.40,0.56375148,0.7159643795999999,2.20,1.601348e-08,7.717166e-09,2.220814e-08,1.051541e-08,100.47,97.13,9492.90,9177.76,48.43,46.55
5.46237,7,0.4755,0.014,0.013,5.279,5.994,0.9876,0.00979,270.50,52.40,0.5637505199999999,0.7159631604,2.20,1.603933e-08,7.727031e-09,2.224335e-08,1.05347e-08,100.40,97.18,9486.76,9182.09,48.40,46.58
5.46263,7,0.4755,0.014,0.013,5.279,5.994,0.9876,0.00979,270.50,52.40,0.5637494799999999,0.7159618395999999,2.20,1.607364e-08,7.734275e-09,2.229842e-08,1.05451e-08,100.17,96.91,9464.83,9156.23,48.27,46.42
5.46288,7,0.4756,0.014,0.013,5.279,5.994,0.9876,0.00979,270.50,52.40,0.56374848,0.7159605696,2.20,1.608005e-08,7.744992e-09,2.234889e-08,1.057181e-08,100.38,96.98,9484.84,9162.82,48.38,46.46
5.46312,7,0.4756,0.014,0.013,5.279,5.994,0.9876,0.00979,270.50,52.40,0.56374752,0.7159593503999999,2.20,1.609909e-08,7.752261e-09,2.239139e-08,1.059044e-08,100.34,96.95,9480.35,9160.41,48.36,46.45
5.46338,7,0.4756,0.014,0.013,5.279,5.994,0.9876,0.00979,270.50,52.40,0.5637464799999999,0.7159580295999999,2.20,1.613262e-08,7.762175e-09,2.244656e-08,1.06125e-08,100.18,96.88,9465.70,9153.80,48.27,46.41
5.46363,7,0.4757,0.014,0.013,5.279,5.994,0.9876,0.00979,270.50,52.40,0.5637454799999999,0.7159567595999999,2.20,1.616235e-08,7.763795e-09,2.250051e-08,1.063101e-08,99.89,96.78,9437.97,9144.31,48.10,46.35
5.46387,7,0.4757,0.014,0.013,5.279,5.994,0.9876,0.00979,270.50,52.40,0.56374452,0.7159555404,2.20,1.618039e-08,7.779203e-09,2.254803e-08,1.065319e-08,100.06,96.78,9453.73,9143.87,48.20,46.35
5.46413,7,0.4757,0.014,0.013,5.279,5.994,0.9876,0.00979,270.51,52.40,0.56374348,0.7159542195999999,2.20,1.619791e-08,7.786592e-09,2.260759e-08,1.067903e-08,100.03,96.74,9451.32,9140.14,48.18,46.33
5.46438,7,0.4758,0.014,0.013,5.279,5.994,0.9876,0.00979,270.51,52.40,0.5637424799999999,0.7159529495999999,2.20,1.621767e-08,7.790089e-09,2.264493e-08,1.069995e-08,99.90,96.81,9439.30,9147.38,48.11,46.37
5.46462,7,0.4758,0.014,0.013,5.279,5.994,0.9876,0.00979,270.51,52.40,0.56374152,0.7159517304,2.20,1.624829e-08,7.802235e-09,2.271868e-08,1.07255e-08,99.84,96.65,9433.34,9132.37,48.08,46.28
5.46488,7,0.4758,0.014,0.013,5.279,5.994,0.9876,0.00979,270.51,52.40,0.56374048,0.7159504096,2.20,1.626347e-08,7.809605e-09,2.278804e-08,1.074746e-08,99.84,96.47,9433.52,9115.04,48.08,46.18
5.46512,7,0.4759,0.014,0.013,5.279,5.994,0.9876,0.00979,270.51,52.40,0.5637395199999999,0.7159491903999999,2.20,1.628289e-08,7.816861e-09,2.28433e-08,1.078655e-08,99.81,96.71,9430.70,9137.85,48.06,46.31
5.46537,7,0.4759,0.014,0.013,5.279,5.994,0.9876,0.00979,270.51,52.40,0.5637385199999999,0.7159479203999999,2.20,1.63109e-08,7.832291e-09,2.290925e-08,1.080102e-08,99.86,96.43,9435.30,9111.20,48.09,46.15
5.46563,7,0.4759,0.014,0.013,5.279,5.994,0.9876,0.00979,270.51,52.40,0.5637374799999999,0.7159465995999998,2.20,1.63282e-08,7.833538e-09,2.296391e-08,1.083414e-08,99.69,96.55,9418.97,9122.91,47.99,46.22
5.46587,7,0.4760,0.014,0.013,5.278,5.994,0.9876,0.00979,270.51,52.40,0.56373652,0.7159453804,2.20,1.634542e-08,7.843104e-09,2.303393e-08,1.085395e-08,99.74,96.35,9423.96,9103.83,48.02,46.11
5.46612,7,0.4760,0.014,0.013,5.278,5.994,0.9876,0.00979,270.51,52.40,0.5637355199999999,0.7159441104,2.20,1.637387e-08,7.849309e-09,2.308509e-08,1.08878e-08,99.56,96.52,9406.81,9119.26,47.92,46.20
5.46638,7,0.4760,0.014,0.013,5.278,5.994,0.9876,0.00979,270.51,52.40,0.5637344799999999,0.7159427895999999,2.20,1.637455e-08,7.860248e-09,2.314831e-08,1.091286e-08,99.82,96.44,9431.27,9111.74,48.06,46.16
5.46662,7,0.4761,0.014,0.013,5.278,5.994,0.9876,0.00979,270.51,52.40,0.56373352,0.7159415704,2.20,1.640267e-08,7.863273e-09,2.32104e-08,1.094992e-08,99.58,96.59,9409.14,9125.94,47.93,46.24
5.46687,7,0.4761,0.014,0.013,5.278,5.994,0.9876,0.00979,270.51,52.40,0.56373252,0.7159403004,2.20,1.640718e-08,7.872363e-09,2.326861e-08,1.09714e-08,99.75,96.49,9425.08,9116.53,48.03,46.19
5.46713,7,0.4761,0.014,0.013,5.278,5.994,0.9876,0.00979,270.51,52.40,0.56373148,0.7159389796,2.20,1.643331e-08,7.880438e-09,2.334145e-08,1.099416e-08,99.64,96.29,9414.83,9098.39,47.97,46.08
5.46737,7,0.4762,0.014,0.013,5.278,5.994,0.9876,0.00979,270.51,52.40,0.56373052,0.7159377604,2.20,1.645629e-08,7.88058e-09,2.340152e-08,1.10271e-08,99.40,96.39,9391.90,9107.55,47.83,46.13
5.46762,7,0.4762,0.014,0.013,5.278,5.994,0.9876,0.00979,270.51,52.40,0.56372952,0.7159364904,2.20,1.646017e-08,7.888435e-09,2.34592e-08,1.104977e-08,99.55,96.32,9405.62,9100.53,47.91,46.09
5.46788,7,0.4762,0.014,0.013,5.278,5.994,0.9876,0.00979,270.51,52.40,0.56372848,0.7159351696,2.20,1.64713e-08,7.905099e-09,2.351711e-08,1.108738e-08,99.82,96.49,9431.58,9116.59,48.06,46.19
5.46812,7,0.4763,0.014,0.013,5.278,5.994,0.9876,0.00979,270.51,52.40,0.5637275199999999,0.7159339504,2.20,1.648409e-08,7.90319e-09,2.357682e-08,1.110393e-08,99.65,96.32,9415.12,9100.52,47.97,46.09
5.46837,7,0.4763,0.014,0.013,5.278,5.994,0.9876,0.00979,270.51,52.40,0.56372652,0.7159326804,2.20,1.649855e-08,7.909979e-09,2.364054e-08,1.113326e-08,99.64,96.31,9414.79,9099.47,47.96,46.08
5.46863,7,0.4764,0.014,0.013,5.278,5.994,0.9876,0.00979,270.51,52.40,0.56372548,0.7159313596,2.20,1.650566e-08,7.910924e-09,2.369137e-08,1.115951e-08,99.60,96.36,9411.14,9104.94,47.94,46.12
5.46887,7,0.4764,0.014,0.013,5.278,5.994,0.9876,0.00979,270.51,52.40,0.56372452,0.7159301403999999,2.20,1.65163e-08,7.91477e-09,2.372281e-08,1.11799e-08,99.57,96.45,9408.28,9113.54,47.93,46.17
5.46913,7,0.4764,0.014,0.013,5.278,5.994,0.9876,0.00979,270.51,52.40,0.5637234799999999,0.7159288196,2.20,1.653404e-08,7.927006e-09,2.378694e-08,1.119959e-08,99.66,96.28,9416.80,9097.36,47.98,46.07
5.46938,7,0.4765,0.014,0.013,5.278,5.994,0.9876,0.00979,270.51,52.40,0.5637224799999999,0.7159275495999999,2.20,1.652819e-08,7.923976e-09,2.381865e-08,1.122709e-08,99.68,96.51,9418.26,9118.56,47.98,46.20
5.46962,7,0.4765,0.014,0.013,5.278,5.994,0.9876,0.00979,270.51,52.40,0.56372152,0.7159263304,2.20,1.652875e-08,7.929994e-09,2.387605e-08,1.124106e-08,99.82,96.30,9431.40,9098.53,48.06,46.08
5.46988,7,0.4765,0.014,0.013,5.278,5.994,0.9876,0.00979,270.51,52.40,0.56372048,0.7159250095999999,2.20,1.653297e-08,7.92597e-09,2.391013e-08,1.125306e-08,99.67,96.23,9417.58,9092.35,47.98,46.04
5.47013,7,0.4766,0.014,0.013,5.278,5.994,0.9876,0.00979,270.51,52.40,0.5637194799999999,0.7159237395999999,2.20,1.654207e-08,7.935842e-09,2.393661e-08,1.127018e-08,99.83,96.33,9432.13,9101.36,48.07,46.09
5.47037,7,0.4766,0.014,0.013,5.278,5.994,0.9876,0.00979,270.51,52.40,0.56371852,0.7159225204,2.20,1.654393e-08,7.933462e-09,2.399115e-08,1.12998e-08,99.75,96.39,9424.66,9107.37,48.02,46.13
5.47063,7,0.4766,0.014,0.013,5.278,5.994,0.9876,0.00979,270.51,52.40,0.56371748,0.7159211996,2.20,1.654727e-08,7.932901e-09,2.401006e-08,1.130366e-08,99.70,96.31,9419.73,9099.69,47.99,46.08
5.47088,7,0.4767,0.014,0.013,5.277,5.994,0.9876,0.00979,270.51,52.40,0.56371648,0.7159199296,2.20,1.653936e-08,7.934442e-09,2.403352e-08,1.131608e-08,99.85,96.35,9433.89,9103.69,48.08,46.11
5.47112,7,0.4767,0.014,0.013,5.277,5.994,0.9876,0.00979,270.51,52.40,0.5637155199999999,0.7159187103999999,2.20,1.653942e-08,7.938417e-09,2.406825e-08,1.132782e-08,99.94,96.28,9442.91,9096.69,48.13,46.07
5.47138,7,0.4767,0.014,0.013,5.277,5.994,0.9876,0.00979,270.51,52.40,0.56371448,0.7159173896000001,2.20,1.654231e-08,7.935924e-09,2.408524e-08,1.133796e-08,99.85,96.31,9434.04,9099.94,48.08,46.08
5.47163,7,0.4768,0.014,0.013,5.277,5.994,0.9876,0.00979,270.51,52.40,0.56371348,0.7159161196,2.20,1.654846e-08,7.937584e-09,2.411361e-08,1.134954e-08,99.84,96.30,9433.07,9099.16,48.07,46.08
5.47187,7,0.4768,0.014,0.013,5.277,5.994,0.9876,0.00979,270.51,52.40,0.5637125199999999,0.7159149003999999,2.20,1.65328e-08,7.935085e-09,2.411216e-08,1.135745e-08,99.96,96.44,9444.53,9112.18,48.14,46.16
5.47213,7,0.4768,0.014,0.013,5.277,5.994,0.9876,0.00979,270.51,52.40,0.5637114799999999,0.7159135795999999,2.20,1.65342e-08,7.93739e-09,2.412494e-08,1.136619e-08,100.00,96.48,9448.27,9116.30,48.16,46.18
5.47238,7,0.4769,0.014,0.013,5.277,5.994,0.9876,0.00979,270.51,52.40,0.5637104799999999,0.7159123095999999,2.20,1.654383e-08,7.935721e-09,2.414266e-08,1.135764e-08,99.87,96.23,9435.87,9092.64,48.09,46.04
5.47262,7,0.4769,0.014,0.013,5.277,5.994,0.9876,0.00979,270.51,52.40,0.56370952,0.7159110904,2.20,1.652768e-08,7.930402e-09,2.413408e-08,1.137277e-08,99.93,96.54,9441.42,9121.66,48.12,46.21
5.47288,7,0.4769,0.014,0.013,5.277,5.994,0.9876,0.00979,270.51,52.40,0.56370848,0.7159097696,2.20,1.653217e-08,7.934627e-09,2.412759e-08,1.136548e-08,99.98,96.47,9446.16,9115.25,48.15,46.18
5.47312,7,0.4770,0.014,0.013,5.277,5.994,0.9876,0.00979,270.51,52.40,0.5637075199999999,0.7159085503999999,2.20,1.652914e-08,7.930179e-09,2.416152e-08,1.137205e-08,99.92,96.34,9441.29,9102.91,48.12,46.10
5.47337,7,0.4770,0.014,0.013,5.277,5.994,0.9876,0.00979,270.51,52.40,0.56370652,0.7159072804,2.20,1.651447e-08,7.929295e-09,2.414955e-08,1.137374e-08,100.07,96.46,9455.39,9114.00,48.20,46.17
5.47363,7,0.4770,0.014,0.013,5.277,5.994,0.9876,0.00979,270.51,52.40,0.56370548,0.7159059596,2.20,1.651347e-08,7.922241e-09,2.415631e-08,1.136826e-08,99.91,96.32,9440.32,9100.89,48.11,46.09
5.47387,7,0.4771,0.014,0.013,5.277,5.994,0.9876,0.00979,270.51,52.40,0.5637045199999999,0.7159047404,2.20,1.650274e-08,7.922688e-09,2.413831e-08,1.136514e-08,100.07,96.43,9455.14,9110.90,48.20,46.15
5.47412,7,0.4771,0.014,0.013,5.277,5.994,0.9876,0.00979,270.51,52.40,0.56370352,0.7159034704,2.20,1.650327e-08,7.920105e-09,2.414411e-08,1.136471e-08,100.00,96.38,9448.63,9106.11,48.16,46.12
5.47438,7,0.4771,0.014,0.013,5.277,5.994,0.9876,0.00979,270.51,52.40,0.56370248,0.7159021496,2.20,1.64935e-08,7.923448e-09,2.411515e-08,1.135774e-08,100.20,96.48,9467.08,9116.22,48.27,46.18
5.47462,7,0.4772,0.014,0.013,5.277,5.994,0.9876,0.00979,270.51,52.40,0.56370152,0.7159009303999999,2.20,1.648984e-08,7.923423e-09,2.411082e-08,1.135446e-08,100.26,96.48,9473.05,9116.24,48.31,46.18
5.47487,7,0.4772,0.014,0.013,5.277,5.994,0.9876,0.00979,270.51,52.40,0.5637005199999999,0.7158996604,2.20,1.647682e-08,7.925364e-09,2.410611e-08,1.135787e-08,100.46,96.57,9491.95,9124.79,48.42,46.23
5.47513,7,0.4772,0.014,0.013,5.277,5.994,0.9876,0.00979,270.51,52.40,0.5636994799999999,0.7158983395999999,2.20,1.648544e-08,7.919067e-09,2.410246e-08,1.13508e-08,100.21,96.49,9467.89,9116.66,48.28,46.18
5.47537,7,0.4773,0.014,0.013,5.277,5.994,0.9876,0.00979,270.51,52.40,0.56369852,0.7158971204,2.20,1.647738e-08,7.912058e-09,2.409629e-08,1.134917e-08,100.15,96.53,9462.65,9120.51,48.25,46.21
5.47562,7,0.4773,0.014,0.013,5.277,5.994,0.9876,0.00979,270.51,52.40,0.56369752,0.7158958503999999,2.20,1.645459e-08,7.906803e-09,2.410557e-08,1.134697e-08,100.29,96.42,9475.77,9110.54,48.33,46.15
5.47588,7,0.4773,0.014,0.013,5.277,5.994,0.9876,0.00979,270.51,52.40,0.5636964799999999,0.7158945295999999,2.20,1.645327e-08,7.91068e-09,2.407254e-08,1.134456e-08,100.40,96.63,9486.18,9130.52,48.39,46.27
5.47612,7,0.4774,0.014,0.013,5.276,5.994,0.9876,0.00979,270.51,52.40,0.56369552,0.7158933104,2.20,1.646235e-08,7.907262e-09,2.408175e-08,1.134411e-08,100.23,96.58,9470.22,9125.14,48.29,46.23
5.47637,7,0.4774,0.014,0.013,5.276,5.994,0.9876,0.00979,270.51,52.40,0.56369452,0.7158920404,2.20,1.644701e-08,7.89841e-09,2.409131e-08,1.134231e-08,100.19,96.48,9466.79,9115.57,48.27,46.18
5.47663,7,0.4774,0.014,0.013,5.276,5.994,0.9876,0.00979,270.51,52.40,0.56369348,0.7158907196,2.20,1.645186e-08,7.901543e-09,2.408349e-08,1.13406e-08,100.21,96.51,9468.65,9118.56,48.28,46.19
5.47687,7,0.4775,0.014,0.013,5.276,5.994,0.9876,0.00979,270.51,52.40,0.5636925199999999,0.7158895003999999,2.20,1.642833e-08,7.895545e-09,2.40954e-08,1.133987e-08,100.36,96.43,9482.88,9110.85,48.37,46.15
5.47713,7,0.4775,0.014,0.013,5.276,5.994,0.9876,0.00979,270.51,52.40,0.5636914799999999,0.7158881796,2.20,1.640842e-08,7.89427e-09,2.406964e-08,1.13411e-08,100.57,96.64,9502.11,9131.16,48.48,46.27
5.47738,7,0.4775,0.014,0.013,5.276,5.994,0.9876,0.00979,270.51,52.40,0.56369048,0.7158869096,2.20,1.640968e-08,7.892136e-09,2.408001e-08,1.135104e-08,100.50,96.72,9495.75,9138.85,48.44,46.31
5.47762,7,0.4776,0.014,0.013,5.276,5.994,0.9876,0.00979,270.51,52.40,0.5636895199999999,0.7158856903999999,2.20,1.641585e-08,7.890968e-09,2.409851e-08,1.13508e-08,100.42,96.60,9488.16,9127.13,48.40,46.24
5.47788,7,0.4776,0.014,0.013,5.276,5.994,0.9876,0.00979,270.51,52.40,0.5636884799999999,0.7158843695999999,2.20,1.639126e-08,7.893831e-09,2.410068e-08,1.135157e-08,100.78,96.59,9522.27,9126.75,48.60,46.24
5.47813,7,0.4776,0.014,0.013,5.276,5.994,0.9876,0.00979,270.51,52.40,0.5636874799999999,0.7158830995999999,2.20,1.639448e-08,7.880003e-09,2.412181e-08,1.136398e-08,100.40,96.63,9486.55,9130.48,48.39,46.26
5.47837,7,0.4777,0.014,0.013,5.276,5.994,0.9876,0.00979,270.51,52.40,0.56368652,0.7158818804,2.20,1.638875e-08,7.883164e-09,2.414291e-08,1.136971e-08,100.57,96.59,9502.27,9126.01,48.48,46.24
5.47863,7,0.4777,0.014,0.013,5.276,5.994,0.9876,0.00979,270.51,52.40,0.56368548,0.7158805596,2.20,1.638251e-08,7.880594e-09,2.415876e-08,1.137604e-08,100.58,96.57,9503.27,9124.29,48.49,46.23
5.47888,7,0.4777,0.014,0.013,5.276,5.994,0.9876,0.00979,270.51,52.40,0.5636844799999999,0.7158792895999999,2.20,1.637627e-08,7.874146e-09,2.416767e-08,1.138403e-08,100.49,96.63,9495.26,9130.04,48.44,46.26
5.47912,7,0.4778,0.014,0.013,5.276,5.994,0.9876,0.00979,270.51,52.40,0.56368352,0.7158780704,2.20,1.637499e-08,7.871345e-09,2.418175e-08,1.140277e-08,100.46,96.84,9492.18,9150.32,48.42,46.38
5.47938,7,0.4778,0.014,0.013,5.276,5.994,0.9876,0.00979,270.51,52.40,0.56368248,0.7158767496,2.20,1.636858e-08,7.8666e-09,2.422905e-08,1.139833e-08,100.42,96.42,9488.31,9109.87,48.40,46.14
5.47963,7,0.4778,0.014,0.013,5.276,5.994,0.9876,0.00979,270.51,52.40,0.56368148,0.7158754796,2.20,1.635192e-08,7.860415e-09,2.423451e-08,1.141828e-08,100.47,96.69,9492.55,9136.13,48.42,46.30
5.47987,7,0.4779,0.014,0.013,5.276,5.994,0.9876,0.00979,270.51,52.40,0.5636805199999999,0.7158742603999999,2.20,1.634265e-08,7.85778e-09,2.425484e-08,1.143523e-08,100.53,96.83,9498.77,9149.20,48.46,46.38
5.48013,7,0.4779,0.014,0.013,5.276,5.994,0.9876,0.00979,270.51,52.40,0.56367948,0.7158729396,2.20,1.633831e-08,7.8492e-09,2.428786e-08,1.145256e-08,100.37,96.86,9483.66,9151.86,48.37,46.39
5.48038,7,0.4779,0.014,0.013,5.276,5.994,0.9876,0.00980,270.51,52.40,0.56367848,0.7158716696,2.20,1.631578e-08,7.850016e-09,2.432361e-08,1.147249e-08,100.66,96.91,9510.80,9156.50,48.53,46.42
5.48062,7,0.4780,0.014,0.013,5.276,5.994,0.9876,0.00980,270.51,52.40,0.5636775199999999,0.7158704504,2.20,1.632477e-08,7.842646e-09,2.435612e-08,1.148768e-08,100.39,96.93,9485.53,9158.20,48.38,46.43
5.48088,7,0.4780,0.014,0.013,5.276,5.994,0.9876,0.00980,270.51,52.40,0.5636764799999999,0.7158691295999999,2.20,1.631131e-08,7.837644e-09,2.440919e-08,1.150746e-08,100.43,96.84,9488.94,9150.30,48.40,46.38
5.48112,7,0.4780,0.014,0.013,5.276,5.994,0.9876,0.00980,270.51,52.40,0.56367552,0.7158679104,2.20,1.629988e-08,7.83859e-09,2.444326e-08,1.151888e-08,100.59,96.77,9503.97,9143.33,48.49,46.34
5.48137,7,0.4781,0.014,0.013,5.275,5.994,0.9876,0.00980,270.51,52.40,0.56367452,0.7158666403999999,2.20,1.630187e-08,7.822194e-09,2.448171e-08,1.154564e-08,100.18,96.93,9465.51,9158.20,48.26,46.43
5.48163,7,0.4781,0.014,0.013,5.275,5.994,0.9876,0.00980,270.51,52.40,0.56367348,0.7158653196,2.20,1.628399e-08,7.825081e-09,2.452518e-08,1.156621e-08,100.46,96.93,9492.25,9158.31,48.42,46.43
5.48187,7,0.4781,0.014,0.013,5.275,5.994,0.9876,0.00980,270.51,52.40,0.56367252,0.7158641004,2.20,1.626662e-08,7.81725e-09,2.456664e-08,1.158767e-08,100.48,96.96,9493.45,9161.16,48.43,46.45
5.48212,7,0.4782,0.014,0.013,5.275,5.994,0.9876,0.00980,270.51,52.40,0.56367152,0.7158628304,2.20,1.626889e-08,7.822778e-09,2.460452e-08,1.161267e-08,100.61,97.09,9505.82,9173.74,48.50,46.52
5.48238,7,0.4782,0.014,0.013,5.275,5.994,0.9876,0.00980,270.51,52.40,0.56367048,0.7158615096,2.20,1.623682e-08,7.808258e-09,2.465406e-08,1.163072e-08,100.63,97.01,9507.93,9165.78,48.51,46.47
5.48262,7,0.4782,0.014,0.013,5.275,5.994,0.9876,0.00980,270.51,52.40,0.5636695199999999,0.7158602903999999,2.20,1.623589e-08,7.803346e-09,2.468954e-08,1.165377e-08,100.52,97.11,9497.46,9175.19,48.45,46.53
5.48287,7,0.4783,0.014,0.013,5.275,5.994,0.9876,0.00980,270.51,52.40,0.56366852,0.7158590204,2.20,1.623574e-08,7.798287e-09,2.476897e-08,1.167368e-08,100.42,96.85,9487.77,9151.01,48.39,46.39
5.48313,7,0.4783,0.014,0.013,5.275,5.994,0.9876,0.00980,270.51,52.40,0.56366748,0.7158576996,2.20,1.62124e-08,7.795752e-09,2.477577e-08,1.169706e-08,100.63,97.17,9508.13,9180.96,48.52,46.56
5.48337,7,0.4783,0.014,0.013,5.275,5.994,0.9876,0.00980,270.51,52.40,0.56366652,0.7158564803999999,2.20,1.620759e-08,7.790227e-09,2.481798e-08,1.171681e-08,100.55,97.17,9500.58,9180.69,48.47,46.56
5.48362,7,0.4784,0.014,0.013,5.275,5.994,0.9876,0.00980,270.51,52.40,0.5636655199999999,0.7158552103999999,2.20,1.618985e-08,7.78306e-09,2.487e-08,1.173288e-08,100.61,97.05,9505.77,9170.04,48.50,46.50
5.48388,7,0.4784,0.014,0.013,5.275,5.994,0.9876,0.00980,270.51,52.40,0.5636644799999999,0.7158538895999998,2.20,1.618965e-08,7.776294e-09,2.491956e-08,1.176236e-08,100.44,97.15,9490.09,9179.05,48.41,46.55
5.48412,7,0.4784,0.014,0.013,5.275,5.994,0.9876,0.00980,270.51,52.40,0.56366352,0.7158526704,2.20,1.616979e-08,7.775927e-09,2.495959e-08,1.178742e-08,100.67,97.24,9511.68,9188.16,48.54,46.61
5.48438,7,0.4785,0.014,0.013,5.275,5.994,0.9876,0.00980,270.51,52.40,0.56366248,0.7158513496,2.20,1.615407e-08,7.774561e-09,2.500376e-08,1.180052e-08,100.84,97.14,9528.29,9178.64,48.64,46.55
5.48463,7,0.4785,0.014,0.013,5.275,5.994,0.9876,0.00980,270.51,52.40,0.5636614799999999,0.7158500795999999,2.20,1.615902e-08,7.767078e-09,2.502805e-08,1.181972e-08,100.60,97.26,9505.02,9190.03,48.50,46.62
5.48487,7,0.4786,0.014,0.013,5.275,5.994,0.9876,0.00980,270.51,52.40,0.56366052,0.7158488604,2.20,1.614705e-08,7.763767e-09,2.505552e-08,1.182665e-08,100.68,97.19,9512.77,9183.06,48.54,46.58
5.48513,7,0.4786,0.014,0.013,5.275,5.994,0.9876,0.00980,270.51,52.40,0.56365948,0.7158475396,2.20,1.612467e-08,7.7592e-09,2.509441e-08,1.185399e-08,100.84,97.33,9527.41,9196.26,48.63,46.65
5.48538,7,0.4786,0.014,0.013,5.275,5.994,0.9876,0.00980,270.51,52.40,0.56365848,0.7158462696,2.20,1.611778e-08,7.757571e-09,2.511214e-08,1.186793e-08,100.88,97.42,9531.41,9204.44,48.65,46.70
5.48562,7,0.4787,0.014,0.013,5.275,5.994,0.9876,0.00980,270.51,52.40,0.5636575199999999,0.7158450503999999,2.20,1.611367e-08,7.753952e-09,2.513996e-08,1.187935e-08,100.86,97.41,9529.51,9203.83,48.64,46.70
5.48588,7,0.4787,0.014,0.013,5.275,5.994,0.9876,0.00980,270.51,52.40,0.56365648,0.7158437296,2.20,1.610143e-08,7.752611e-09,2.514763e-08,1.188947e-08,100.97,97.51,9540.30,9213.37,48.71,46.76
5.48613,7,0.4787,0.014,0.013,5.275,5.994,0.9876,0.00980,270.51,52.40,0.56365548,0.7158424596,2.20,1.609561e-08,7.753509e-09,2.517413e-08,1.190602e-08,101.06,97.57,9549.09,9219.27,48.76,46.79
5.48637,7,0.4788,0.014,0.013,5.274,5.994,0.9876,0.00980,270.51,52.40,0.5636545199999999,0.7158412404,2.20,1.607815e-08,7.744281e-09,2.518395e-08,1.190234e-08,101.07,97.46,9549.14,9208.98,48.76,46.73
5.48663,7,0.4788,0.014,0.013,5.274,5.994,0.9876,0.00980,270.51,52.40,0.5636534799999999,0.7158399195999999,2.20,1.607371e-08,7.746567e-09,2.519906e-08,1.19261e-08,101.18,97.72,9559.68,9233.38,48.82,46.88
5.48688,7,0.4788,0.014,0.013,5.274,5.994,0.9876,0.00980,270.51,52.40,0.56365248,0.7158386496,2.20,1.607461e-08,7.752138e-09,2.51959e-08,1.191744e-08,101.31,97.61,9571.92,9222.85,48.89,46.81
5.48712,7,0.4789,0.014,0.013,5.274,5.994,0.9876,0.00980,270.51,52.40,0.56365152,0.7158374303999999,2.20,1.606568e-08,7.742641e-09,2.521228e-08,1.192361e-08,101.20,97.61,9561.54,9222.46,48.83,46.81
5.48738,7,0.4789,0.014,0.013,5.274,5.994,0.9876,0.00980,270.51,52.40,0.56365048,0.7158361096,2.20,1.606291e-08,7.743835e-09,2.522074e-08,1.193111e-08,101.26,97.66,9567.57,9227.60,48.87,46.84
5.48763,7,0.4789,0.014,0.013,5.274,5.994,0.9876,0.00980,270.51,52.40,0.5636494799999999,0.7158348395999999,2.20,1.604813e-08,7.745346e-09,2.523925e-08,1.193409e-08,101.48,97.57,9588.21,9219.13,48.99,46.79
5.48787,7,0.4790,0.014,0.013,5.274,5.994,0.9876,0.00980,270.51,52.40,0.56364852,0.7158336204,2.20,1.605382e-08,7.744503e-09,2.524064e-08,1.193975e-08,101.41,97.67,9581.63,9228.39,48.95,46.84
5.48813,7,0.4790,0.014,0.013,5.274,5.994,0.9876,0.00980,270.51,52.40,0.56364748,0.7158322995999999,2.20,1.603207e-08,7.746888e-09,2.521928e-08,1.194091e-08,101.74,97.85,9612.50,9244.94,49.14,46.94
5.48837,7,0.4790,0.014,0.013,5.274,5.994,0.9876,0.00980,270.51,52.40,0.5636465199999999,0.7158310803999999,2.20,1.603949e-08,7.743053e-09,2.521381e-08,1.194198e-08,101.55,97.90,9594.71,9250.32,49.03,46.98
5.48862,7,0.4791,0.014,0.013,5.274,5.994,0.9876,0.00980,270.51,52.40,0.56364552,0.7158298104,2.20,1.603272e-08,7.747754e-09,2.520444e-08,1.193886e-08,101.77,97.94,9615.84,9254.19,49.16,47.00
5.48888,7,0.4791,0.014,0.013,5.274,5.994,0.9876,0.00980,270.51,52.40,0.56364448,0.7158284896,2.20,1.603985e-08,7.750175e-09,2.517645e-08,1.193197e-08,101.75,98.04,9613.38,9263.59,49.14,47.05
5.48912,7,0.4791,0.014,0.013,5.274,5.994,0.9876,0.00980,270.51,52.40,0.56364352,0.7158272703999999,2.20,1.603174e-08,7.751677e-09,2.519487e-08,1.193047e-08,101.88,97.88,9626.40,9248.51,49.22,46.96
5.48937,7,0.4792,0.014,0.013,5.274,5.994,0.9876,0.00980,270.51,52.40,0.5636425199999999,0.7158260003999999,2.20,1.602967e-08,7.754386e-09,2.516007e-08,1.1928e-08,102.00,98.12,9637.34,9271.12,49.28,47.10
5.48963,7,0.4792,0.014,0.013,5.274,5.994,0.9876,0.00980,270.51,52.40,0.5636414799999999,0.7158246796,2.20,1.602509e-08,7.758461e-09,2.515757e-08,1.191356e-08,102.16,97.92,9652.50,9251.55,49.37,46.98
5.48987,7,0.4792,0.014,0.013,5.274,5.994,0.9876,0.00980,270.51,52.40,0.56364052,0.7158234604,2.20,1.602258e-08,7.757954e-09,2.512919e-08,1.191978e-08,102.18,98.22,9654.21,9280.63,49.38,47.16
5.49012,7,0.4793,0.014,0.013,5.274,5.994,0.9876,0.00980,270.51,52.40,0.56363952,0.7158221904,2.20,1.602477e-08,7.764284e-09,2.512612e-08,1.190505e-08,102.33,98.04,9668.94,9262.92,49.47,47.05
5.49038,7,0.4793,0.014,0.013,5.274,5.994,0.9876,0.00980,270.51,52.40,0.5636384799999999,0.7158208695999999,2.20,1.602756e-08,7.769557e-09,2.511665e-08,1.190183e-08,102.43,98.06,9678.42,9264.79,49.53,47.06
5.49062,7,0.4793,0.014,0.013,5.274,5.994,0.9876,0.00980,270.51,52.40,0.56363752,0.7158196504000001,2.20,1.603782e-08,7.763246e-09,2.508675e-08,1.189897e-08,102.15,98.23,9651.19,9281.56,49.37,47.16
5.49087,7,0.4794,0.014,0.013,5.274,5.994,0.9876,0.00980,270.51,52.40,0.56363652,0.7158183804,2.20,1.602641e-08,7.77312e-09,2.507628e-08,1.189692e-08,102.56,98.30,9690.41,9287.82,49.60,47.20
5.49113,7,0.4794,0.014,0.013,5.274,5.994,0.9876,0.00980,270.51,52.40,0.56363548,0.7158170596,2.20,1.60296e-08,7.771966e-09,2.506134e-08,1.189422e-08,102.49,98.37,9683.87,9294.35,49.56,47.24
5.49137,7,0.4794,0.014,0.013,5.274,5.994,0.9876,0.00980,270.51,52.40,0.5636345199999999,0.7158158403999999,2.20,1.602927e-08,7.780621e-09,2.50496e-08,1.188558e-08,102.72,98.32,9705.22,9289.78,49.69,47.21
5.49162,7,0.4795,0.014,0.013,5.273,5.994,0.9876,0.00980,270.51,52.40,0.56363352,0.7158145704,2.20,1.600701e-08,7.781091e-09,2.506043e-08,1.189055e-08,103.03,98.34,9734.65,9291.47,49.86,47.22
5.49188,7,0.4795,0.014,0.013,5.273,5.994,0.9876,0.00980,270.51,52.40,0.56363248,0.7158132496,2.20,1.604075e-08,7.786821e-09,2.503328e-08,1.189266e-08,102.75,98.57,9708.76,9313.81,49.71,47.35
5.49212,7,0.4795,0.014,0.013,5.273,5.994,0.9876,0.00980,270.51,52.40,0.5636315199999999,0.7158120304,2.20,1.603473e-08,7.792607e-09,2.501885e-08,1.188784e-08,102.98,98.61,9729.89,9316.85,49.83,47.37
5.49238,7,0.4796,0.014,0.013,5.273,5.994,0.9876,0.00980,270.51,52.40,0.5636304799999999,0.7158107095999999,2.20,1.602335e-08,7.798995e-09,2.500783e-08,1.189682e-08,103.31,98.85,9760.94,9340.06,50.02,47.51
5.49263,7,0.4796,0.014,0.013,5.273,5.994,0.9876,0.00980,270.51,52.40,0.5636294799999999,0.7158094395999999,2.20,1.602752e-08,7.798194e-09,2.499824e-08,1.18837e-08,103.23,98.72,9754.04,9327.25,49.98,47.43
5.49287,7,0.4796,0.014,0.013,5.273,5.994,0.9876,0.00980,270.51,52.40,0.56362852,0.7158082203999999,2.20,1.60351e-08,7.801802e-09,2.499817e-08,1.189134e-08,103.23,98.84,9753.85,9338.74,49.98,47.50
5.49313,7,0.4797,0.014,0.013,5.273,5.994,0.9876,0.00980,270.51,52.40,0.56362748,0.7158068996,2.20,1.602801e-08,7.806563e-09,2.500751e-08,1.188838e-08,103.47,98.74,9775.91,9329.60,50.11,47.45
5.49338,7,0.4797,0.014,0.013,5.273,5.994,0.9876,0.00980,270.51,52.40,0.5636264799999999,0.7158056295999999,2.20,1.603048e-08,7.803604e-09,2.5013e-08,1.189587e-08,103.36,98.82,9765.75,9336.90,50.05,47.49
5.49362,7,0.4797,0.014,0.013,5.273,5.994,0.9876,0.00980,270.51,52.40,0.56362552,0.7158044104,2.20,1.603171e-08,7.809112e-09,2.50047e-08,1.190317e-08,103.48,99.00,9777.73,9353.76,50.12,47.59
5.49388,7,0.4798,0.014,0.013,5.273,5.994,0.9876,0.00980,270.51,52.40,0.56362448,0.7158030895999999,2.20,1.603822e-08,7.814672e-09,2.502937e-08,1.191267e-08,103.57,98.98,9785.60,9352.35,50.17,47.58
5.49413,7,0.4798,0.014,0.013,5.273,5.994,0.9876,0.00980,270.51,52.40,0.56362348,0.7158018196,2.20,1.602845e-08,7.822205e-09,2.502774e-08,1.19163e-08,103.89,99.05,9815.69,9358.95,50.35,47.62
5.49437,7,0.4798,0.014,0.013,5.273,5.994,0.9876,0.00980,270.51,52.40,0.56362252,0.7158006004,2.20,1.603427e-08,7.824547e-09,2.503669e-08,1.193126e-08,103.87,99.22,9814.47,9375.00,50.34,47.72
5.49463,7,0.4799,0.014,0.013,5.273,5.994,0.9876,0.00980,270.51,52.40,0.56362148,0.7157992796,2.20,1.603476e-08,7.824458e-09,2.505117e-08,1.194e-08,103.89,99.27,9815.71,9379.71,50.35,47.74
5.49488,7,0.4799,0.014,0.013,5.273,5.994,0.9876,0.00980,270.51,52.40,0.56362048,0.7157980096,2.20,1.60337e-08,7.833017e-09,2.505638e-08,1.194779e-08,104.12,99.36,9837.97,9387.68,50.48,47.79
5.49512,7,0.4799,0.014,0.013,5.273,5.994,0.9876,0.00980,270.51,52.40,0.5636195199999999,0.7157967903999999,2.20,1.603079e-08,7.830613e-09,2.507439e-08,1.197166e-08,104.10,99.60,9835.56,9410.64,50.46,47.93
5.49538,7,0.4800,0.014,0.013,5.273,5.994,0.9876,0.00980,270.51,52.40,0.5636184799999999,0.7157954696,2.20,1.604056e-08,7.840053e-09,2.511642e-08,1.197996e-08,104.24,99.43,9849.07,9394.94,50.54,47.84
5.49563,7,0.4800,0.014,0.013,5.273,5.994,0.9876,0.00980,270.51,52.40,0.56361748,0.7157941996,2.20,1.603452e-08,7.837349e-09,2.513431e-08,1.200049e-08,104.25,99.62,9849.68,9412.93,50.55,47.94
5.49587,7,0.4800,0.014,0.013,5.273,5.994,0.9876,0.00980,270.51,52.40,0.56361652,0.7157929804,2.20,1.604458e-08,7.84701e-09,2.515435e-08,1.201071e-08,104.37,99.63,9861.34,9413.91,50.62,47.95
5.49613,7,0.4801,0.014,0.013,5.272,5.994,0.9876,0.00980,270.51,52.40,0.56361548,0.7157916595999999,2.20,1.603517e-08,7.850533e-09,2.518282e-08,1.203161e-08,104.60,99.77,9883.42,9426.83,50.75,48.03
5.49637,7,0.4801,0.014,0.013,5.272,5.994,0.9876,0.00980,270.51,52.40,0.56361452,0.7157904404000001,2.20,1.605124e-08,7.856503e-09,2.521439e-08,1.205043e-08,104.55,99.83,9878.74,9432.43,50.72,48.06
5.49662,7,0.4801,0.014,0.013,5.272,5.994,0.9876,0.00980,270.51,52.40,0.56361352,0.7157891704,2.20,1.604085e-08,7.861694e-09,2.525615e-08,1.206698e-08,104.82,99.78,9904.10,9427.33,50.87,48.03
5.49688,7,0.4802,0.014,0.013,5.272,5.994,0.9876,0.00980,270.51,52.40,0.56361248,0.7157878496,2.20,1.6038e-08,7.868044e-09,2.52693e-08,1.209389e-08,105.05,100.12,9925.33,9460.19,51.00,48.22
5.49712,7,0.4802,0.014,0.013,5.272,5.994,0.9876,0.00980,270.51,52.40,0.5636115199999999,0.7157866303999999,2.20,1.604755e-08,7.876044e-09,2.531656e-08,1.211213e-08,105.13,100.05,9933.54,9453.63,51.05,48.18
5.49737,7,0.4802,0.014,0.013,5.272,5.994,0.9876,0.00980,270.51,52.40,0.56361052,0.7157853604000001,2.20,1.605642e-08,7.884459e-09,2.535223e-08,1.212749e-08,105.24,100.03,9943.60,9451.09,51.11,48.17
5.49763,7,0.4803,0.014,0.013,5.272,5.994,0.9876,0.00980,270.51,52.40,0.56360948,0.7157840396,2.20,1.606468e-08,7.885344e-09,2.539252e-08,1.215804e-08,105.18,100.23,9937.82,9469.89,51.07,48.28
5.49787,7,0.4803,0.014,0.013,5.272,5.994,0.9876,0.00980,270.51,52.40,0.56360852,0.7157828204,2.20,1.606317e-08,7.891617e-09,2.543532e-08,1.217799e-08,105.36,100.22,9955.19,9469.08,51.18,48.28
5.49812,7,0.4803,0.014,0.013,5.272,5.994,0.9876,0.00980,270.51,52.40,0.5636075199999999,0.7157815503999999,2.20,1.607343e-08,7.90348e-09,2.546949e-08,1.220368e-08,105.54,100.37,9972.12,9482.99,51.28,48.36
5.49838,7,0.4804,0.014,0.013,5.272,5.994,0.9876,0.00980,270.51,52.40,0.5636064799999999,0.7157802295999999,2.20,1.60759e-08,7.907913e-09,2.551296e-08,1.2226e-08,105.65,100.41,9982.18,9487.19,51.34,48.38
5.49862,7,0.4804,0.014,0.013,5.272,5.994,0.9876,0.00980,270.51,52.40,0.56360552,0.7157790104,2.20,1.609486e-08,7.915415e-09,2.553845e-08,1.224261e-08,105.60,100.48,9977.66,9493.73,51.31,48.42
5.49887,7,0.4804,0.014,0.013,5.272,5.994,0.9876,0.00980,270.51,52.40,0.5636045199999999,0.7157777404,2.20,1.610015e-08,7.928653e-09,2.557706e-08,1.225825e-08,105.88,100.43,10004.07,9489.47,51.47,48.40
5.49913,7,0.4805,0.014,0.013,5.272,5.994,0.9876,0.00980,270.51,52.40,0.5636034799999999,0.7157764195999999,2.20,1.609625e-08,7.93411e-09,2.559489e-08,1.228766e-08,106.10,100.78,10024.51,9522.49,51.59,48.59
5.49937,7,0.4805,0.014,0.013,5.272,5.994,0.9876,0.00980,270.51,52.40,0.56360252,0.7157752004,2.20,1.610877e-08,7.940231e-09,2.564738e-08,1.230251e-08,106.10,100.62,10024.39,9507.11,51.59,48.50
5.49962,7,0.4806,0.014,0.013,5.272,5.994,0.9876,0.00980,270.51,52.40,0.56360152,0.7157739303999999,2.20,1.612056e-08,7.950016e-09,2.566172e-08,1.23266e-08,106.22,100.91,10036.37,9534.68,51.66,48.67
5.49988,7,0.4806,0.014,0.013,5.272,5.994,0.9876,0.00980,270.51,52.40,0.56360048,0.7157726096,2.20,1.613223e-08,7.959951e-09,2.568987e-08,1.23453e-08,106.33,100.99,10046.78,9542.38,51.72,48.71
5.50012,7,0.4806,0.014,0.013,5.272,5.994,0.9876,0.00980,270.51,52.40,0.5635995199999999,0.7157713903999999,2.20,1.615222e-08,7.973704e-09,2.571861e-08,1.235359e-08,106.43,100.91,10056.46,9534.17,51.78,48.66
5.50038,7,0.4807,0.014,0.013,5.272,5.994,0.9876,0.00980,270.51,52.40,0.56359848,0.7157700696,2.20,1.617274e-08,7.982438e-09,2.574768e-08,1.237532e-08,106.42,101.05,10055.08,9547.69,51.77,48.74
5.50063,7,0.4807,0.014,0.013,5.272,5.994,0.9876,0.00980,270.51,52.40,0.56359748,0.7157687996,2.20,1.618954e-08,7.995578e-09,2.577605e-08,1.238981e-08,106.55,101.06,10067.13,9548.96,51.84,48.75
5.50087,7,0.4807,0.014,0.013,5.272,5.994,0.9876,0.00980,270.51,52.40,0.5635965199999999,0.7157675803999999,2.20,1.621053e-08,8.006673e-09,2.579035e-08,1.240497e-08,106.57,101.19,10068.94,9561.25,51.85,48.83
5.50113,7,0.4808,0.014,0.013,5.271,5.994,0.9876,0.00980,270.51,52.40,0.5635954799999999,0.7157662596,2.20,1.622523e-08,8.017035e-09,2.57957e-08,1.242769e-08,106.67,101.53,10078.74,9593.21,51.91,49.02
5.50138,7,0.4808,0.014,0.013,5.271,5.994,0.9876,0.00980,270.51,52.40,0.56359448,0.7157649896,2.20,1.624264e-08,8.033995e-09,2.584101e-08,1.242566e-08,106.89,101.16,10099.51,9557.79,52.04,48.80
5.50162,7,0.4808,0.014,0.013,5.271,5.994,0.9876,0.00980,270.51,52.40,0.56359352,0.7157637703999999,2.20,1.626477e-08,8.04214e-09,2.583496e-08,1.24376e-08,106.82,101.39,10092.55,9579.83,51.99,48.94
5.50188,7,0.4809,0.014,0.013,5.271,5.994,0.9876,0.00980,270.51,52.40,0.56359248,0.7157624495999999,2.20,1.628031e-08,8.057112e-09,2.586424e-08,1.245443e-08,107.03,101.45,10112.75,9585.88,52.11,48.97
5.50213,7,0.4809,0.014,0.013,5.271,5.994,0.9876,0.00980,270.52,52.40,0.5635914799999999,0.7157611796,2.20,1.631129e-08,8.068883e-09,2.584049e-08,1.245048e-08,106.94,101.57,10103.92,9597.01,52.06,49.04
5.50237,7,0.4809,0.014,0.013,5.271,5.994,0.9876,0.00980,270.52,52.40,0.56359052,0.7157599604,2.20,1.63281e-08,8.08724e-09,2.588904e-08,1.246471e-08,107.20,101.43,10128.81,9583.41,52.21,48.96
5.50263,7,0.4810,0.014,0.013,5.271,5.994,0.9876,0.00980,270.52,52.40,0.56358948,0.7157586396,2.20,1.63549e-08,8.097646e-09,2.588288e-08,1.248288e-08,107.15,101.78,10123.81,9616.81,52.18,49.16
5.50288,7,0.4810,0.014,0.013,5.271,5.994,0.9876,0.00980,270.52,52.40,0.56358848,0.7157573695999999,2.20,1.638304e-08,8.115054e-09,2.588163e-08,1.248056e-08,107.24,101.75,10132.40,9614.25,52.23,49.14
5.50312,7,0.4810,0.014,0.013,5.271,5.994,0.9876,0.00980,270.52,52.40,0.56358752,0.7157561504000001,2.20,1.639089e-08,8.130031e-09,2.591328e-08,1.248323e-08,107.53,101.56,10159.86,9595.56,52.39,49.03
5.50338,7,0.4811,0.014,0.013,5.271,5.994,0.9876,0.00980,270.52,52.40,0.56358648,0.7157548296,2.20,1.64292e-08,8.144806e-09,2.588971e-08,1.249083e-08,107.44,101.88,10151.52,9625.74,52.35,49.21
5.50363,7,0.4811,0.014,0.013,5.271,5.994,0.9876,0.00980,270.52,52.40,0.56358548,0.7157535596,2.20,1.644382e-08,8.16294e-09,2.590218e-08,1.24933e-08,107.73,101.82,10178.44,9620.46,52.51,49.18
5.50387,7,0.4811,0.014,0.013,5.271,5.994,0.9876,0.00980,270.52,52.40,0.5635845199999999,0.7157523403999999,2.20,1.648589e-08,8.176239e-09,2.589203e-08,1.249689e-08,107.53,101.95,10159.72,9633.09,52.39,49.25
5.50413,7,0.4812,0.014,0.013,5.271,5.994,0.9876,0.00980,270.52,52.40,0.5635834799999999,0.7157510195999999,2.20,1.650529e-08,8.190803e-09,2.590962e-08,1.250213e-08,107.68,101.92,10174.02,9630.26,52.48,49.24
5.50437,7,0.4812,0.014,0.013,5.271,5.994,0.9876,0.00980,270.52,52.40,0.56358252,0.7157498004,2.20,1.652479e-08,8.203073e-09,2.590538e-08,1.251081e-08,107.75,102.09,10180.40,9646.24,52.52,49.33
5.50462,7,0.4812,0.014,0.013,5.271,5.994,0.9876,0.00980,270.52,52.40,0.56358152,0.7157485304,2.20,1.655579e-08,8.224174e-09,2.590845e-08,1.250259e-08,107.90,101.94,10194.46,9631.78,52.60,49.24
5.50488,7,0.4813,0.014,0.013,5.271,5.994,0.9876,0.00980,270.52,52.40,0.5635804799999999,0.7157472095999999,2.20,1.657538e-08,8.235376e-09,2.589007e-08,1.251198e-08,107.96,102.25,10200.20,9661.03,52.63,49.42
5.50512,7,0.4813,0.014,0.013,5.271,5.994,0.9876,0.00980,270.52,52.40,0.56357952,0.7157459904,2.20,1.66187e-08,8.25157e-09,2.589641e-08,1.251319e-08,107.82,102.22,10187.13,9658.26,52.56,49.40
5.50537,7,0.4813,0.014,0.013,5.271,5.994,0.9876,0.00980,270.52,52.40,0.56357852,0.7157447203999999,2.20,1.662656e-08,8.263554e-09,2.589873e-08,1.25213e-08,108.03,102.33,10206.95,9668.71,52.67,49.46
5.50563,7,0.4814,0.014,0.013,5.271,5.994,0.9876,0.00980,270.52,52.40,0.56357748,0.7157433996,2.20,1.665009e-08,8.280422e-09,2.588738e-08,1.251519e-08,108.18,102.34,10221.77,9669.78,52.76,49.47
5.50587,7,0.4814,0.014,0.013,5.271,5.994,0.9876,0.00980,270.52,52.40,0.5635765199999999,0.7157421803999999,2.20,1.666319e-08,8.295552e-09,2.590568e-08,1.252275e-08,108.41,102.32,10242.93,9667.86,52.89,49.46
5.50612,7,0.4814,0.014,0.013,5.271,5.994,0.9876,0.00980,270.52,52.40,0.56357552,0.7157409104,2.20,1.668593e-08,8.308435e-09,2.589159e-08,1.25243e-08,108.45,102.45,10246.77,9680.37,52.91,49.53
5.50638,7,0.4815,0.014,0.013,5.270,5.994,0.9876,0.00980,270.52,52.40,0.56357448,0.7157395896,2.20,1.671442e-08,8.31949e-09,2.591093e-08,1.252878e-08,108.39,102.40,10241.22,9675.09,52.88,49.50
5.50662,7,0.4815,0.014,0.013,5.270,5.994,0.9876,0.00980,270.52,52.40,0.5635735199999999,0.7157383703999999,2.20,1.673297e-08,8.336194e-09,2.591883e-08,1.254474e-08,108.58,102.59,10259.53,9693.25,52.99,49.61
5.50687,7,0.4815,0.014,0.013,5.270,5.994,0.9876,0.00980,270.52,52.40,0.5635725199999999,0.7157371003999999,2.20,1.675748e-08,8.344047e-09,2.589083e-08,1.254123e-08,108.47,102.75,10248.86,9708.32,52.92,49.70
5.50713,7,0.4816,0.014,0.013,5.270,5.994,0.9876,0.00980,270.52,52.40,0.56357148,0.7157357796,2.20,1.677192e-08,8.355413e-09,2.590587e-08,1.255005e-08,108.60,102.80,10261.20,9712.64,53.00,49.73
5.50737,7,0.4816,0.014,0.013,5.270,5.994,0.9876,0.00980,270.52,52.40,0.56357052,0.7157345603999999,2.20,1.67866e-08,8.368991e-09,2.592865e-08,1.255912e-08,108.76,102.76,10276.53,9709.69,53.09,49.71
5.50762,7,0.4816,0.014,0.013,5.270,5.994,0.9876,0.00980,270.52,52.40,0.5635695199999999,0.7157332903999999,2.20,1.680137e-08,8.374602e-09,2.594888e-08,1.25741e-08,108.72,102.85,10272.25,9717.45,53.06,49.75
5.50788,7,0.4817,0.014,0.013,5.270,5.994,0.9876,0.00980,270.52,52.40,0.5635684799999999,0.7157319696,2.20,1.68096e-08,8.390869e-09,2.595701e-08,1.257669e-08,109.06,102.85,10304.16,9717.45,53.25,49.75
5.50812,7,0.4817,0.014,0.013,5.270,5.994,0.9876,0.00980,270.52,52.40,0.56356752,0.7157307504,2.20,1.682944e-08,8.408797e-09,2.596912e-08,1.258434e-08,109.26,102.87,10323.83,9720.12,53.37,49.77
5.50838,7,0.4817,0.014,0.013,5.270,5.994,0.9876,0.00980,270.52,52.40,0.56356648,0.7157294296,2.20,1.683293e-08,8.410111e-09,2.598289e-08,1.260632e-08,109.25,103.12,10322.78,9743.07,53.36,49.91
5.50863,7,0.4818,0.014,0.013,5.270,5.994,0.9876,0.00980,270.52,52.40,0.56356548,0.7157281595999999,2.20,1.685604e-08,8.420136e-09,2.600028e-08,1.262149e-08,109.24,103.25,10321.20,9755.20,53.35,49.98
5.50887,7,0.4818,0.014,0.013,5.270,5.994,0.9876,0.00980,270.52,52.40,0.56356452,0.7157269404000001,2.20,1.686992e-08,8.436987e-09,2.604473e-08,1.263164e-08,109.49,103.06,10345.50,9738.08,53.50,49.88
5.50913,7,0.4818,0.014,0.013,5.270,5.994,0.9876,0.00980,270.52,52.40,0.56356348,0.7157256196,2.20,1.687035e-08,8.432893e-09,2.605645e-08,1.264854e-08,109.38,103.24,10334.93,9754.88,53.44,49.98
5.50938,7,0.4819,0.014,0.013,5.270,5.994,0.9876,0.00980,270.52,52.40,0.56356248,0.7157243496,2.20,1.688274e-08,8.441843e-09,2.609943e-08,1.266637e-08,109.48,103.22,10343.83,9752.36,53.49,49.96
5.50962,7,0.4819,0.014,0.013,5.270,5.994,0.9876,0.00980,270.52,52.40,0.5635615199999999,0.7157231303999999,2.20,1.688666e-08,8.460827e-09,2.61373e-08,1.268778e-08,109.92,103.26,10385.63,9756.89,53.74,49.99
5.50988,7,0.4819,0.014,0.013,5.270,5.994,0.9876,0.00980,270.52,52.40,0.5635604799999999,0.7157218095999999,2.20,1.689926e-08,8.460422e-09,2.616587e-08,1.271561e-08,109.74,103.48,10369.12,9777.76,53.64,50.11
5.51013,7,0.4820,0.014,0.013,5.270,5.994,0.9876,0.00980,270.52,52.40,0.56355948,0.7157205396,2.20,1.689531e-08,8.467365e-09,2.620681e-08,1.273321e-08,110.00,103.47,10393.20,9776.36,53.78,50.10
5.51037,7,0.4820,0.014,0.013,5.270,5.994,0.9876,0.00980,270.52,52.40,0.56355852,0.7157193204,2.20,1.691233e-08,8.477373e-09,2.625147e-08,1.275896e-08,110.04,103.53,10396.84,9782.40,53.81,50.14
5.51063,7,0.4820,0.014,0.013,5.270,5.994,0.9876,0.00980,270.52,52.40,0.5635574799999999,0.7157179995999999,2.20,1.690991e-08,8.485145e-09,2.627299e-08,1.277677e-08,110.27,103.65,10418.96,9793.36,53.94,50.21
5.51088,7,0.4821,0.014,0.013,5.270,5.994,0.9876,0.00980,270.52,52.40,0.5635564799999999,0.7157167295999999,2.20,1.692219e-08,8.492374e-09,2.632772e-08,1.280422e-08,110.32,103.68,10423.75,9796.63,53.97,50.23
5.51112,7,0.4821,0.014,0.013,5.270,5.994,0.9876,0.00980,270.52,52.40,0.56355552,0.7157155104,2.20,1.692642e-08,8.498807e-09,2.636839e-08,1.283607e-08,110.43,103.87,10434.37,9814.60,54.03,50.33
5.51138,7,0.4822,0.014,0.013,5.269,5.994,0.9876,0.00980,270.52,52.40,0.56355448,0.7157141896,2.20,1.692409e-08,8.505554e-09,2.641482e-08,1.285348e-08,110.66,103.81,10456.08,9808.92,54.16,50.30
5.51163,7,0.4822,0.014,0.013,5.269,5.994,0.9876,0.00980,270.52,52.40,0.5635534799999999,0.7157129195999999,2.20,1.693146e-08,8.51275e-09,2.646356e-08,1.288254e-08,110.76,103.90,10464.71,9816.85,54.21,50.35
5.51187,7,0.4822,0.014,0.013,5.269,5.994,0.9876,0.00980,270.52,52.40,0.56355252,0.7157117004,2.20,1.69242e-08,8.525781e-09,2.650349e-08,1.290019e-08,111.19,103.87,10506.05,9814.20,54.46,50.33
5.51213,7,0.4823,0.014,0.013,5.269,5.994,0.9876,0.00980,270.52,52.40,0.56355148,0.7157103796000001,2.20,1.694007e-08,8.528824e-09,2.655785e-08,1.293753e-08,111.09,104.06,10495.95,9832.34,54.40,50.44
5.51237,7,0.4823,0.014,0.013,5.269,5.994,0.9876,0.00980,270.52,52.40,0.5635505199999999,0.7157091604,2.20,1.69519e-08,8.542167e-09,2.658802e-08,1.297256e-08,111.28,104.38,10514.26,9862.49,54.50,50.62
5.51262,7,0.4823,0.014,0.013,5.269,5.994,0.9876,0.00980,270.52,52.40,0.5635495199999999,0.7157078903999999,2.20,1.695059e-08,8.539427e-09,2.663796e-08,1.29951e-08,111.23,104.35,10509.10,9859.78,54.47,50.60
5.51288,7,0.4824,0.014,0.013,5.269,5.994,0.9876,0.00980,270.52,52.40,0.5635484799999999,0.7157065695999999,2.20,1.694258e-08,8.544937e-09,2.668183e-08,1.302993e-08,111.50,104.58,10535.00,9881.71,54.63,50.73
5.51312,7,0.4824,0.014,0.013,5.269,5.994,0.9876,0.00980,270.52,52.40,0.56354752,0.7157053503999999,2.20,1.69538e-08,8.562769e-09,2.672794e-08,1.30501e-08,111.82,104.55,10565.30,9878.24,54.81,50.71
5.51337,7,0.4824,0.014,0.013,5.269,5.994,0.9876,0.00980,270.52,52.40,0.5635465199999999,0.7157040803999999,2.20,1.694944e-08,8.570935e-09,2.678578e-08,1.30733e-08,112.09,104.47,10591.19,9870.80,54.96,50.67
5.51363,7,0.4825,0.014,0.013,5.269,5.994,0.9876,0.00980,270.52,52.40,0.5635454799999999,0.7157027596,2.20,1.69605e-08,8.578271e-09,2.680786e-08,1.308528e-08,112.16,104.51,10597.74,9874.62,55.00,50.69
5.51387,7,0.4825,0.014,0.013,5.269,5.994,0.9876,0.00980,270.52,52.40,0.56354452,0.7157015404,2.20,1.697531e-08,8.582299e-09,2.684284e-08,1.312038e-08,112.07,104.79,10589.10,9901.19,54.95,50.85
5.51412,7,0.4825,0.014,0.013,5.269,5.994,0.9876,0.00980,270.52,52.40,0.56354352,0.7157002704,2.20,1.697206e-08,8.59297e-09,2.690936e-08,1.313607e-08,112.40,104.53,10619.88,9876.45,55.13,50.70
5.51438,7,0.4826,0.014,0.013,5.269,5.994,0.9876,0.00980,270.52,52.40,0.56354248,0.7156989495999999,2.20,1.69764e-08,8.601159e-09,2.69118e-08,1.316816e-08,112.58,105.03,10637.09,9923.99,55.24,50.98
5.51462,7,0.4826,0.014,0.013,5.269,5.994,0.9876,0.00980,270.52,52.40,0.5635415199999999,0.7156977303999998,2.20,1.699417e-08,8.607554e-09,2.696547e-08,1.318358e-08,112.51,104.86,10630.56,9908.04,55.20,50.89
5.51487,7,0.4826,0.014,0.013,5.269,5.994,0.9876,0.00980,270.52,52.40,0.56354052,0.7156964604,2.20,1.699857e-08,8.615198e-09,2.697093e-08,1.320785e-08,112.65,105.20,10644.12,9939.84,55.28,51.08
5.51513,7,0.4827,0.014,0.013,5.269,5.994,0.9876,0.00980,270.52,52.40,0.56353948,0.7156951396,2.20,1.700219e-08,8.624112e-09,2.70014e-08,1.322738e-08,112.87,105.29,10664.07,9948.70,55.40,51.13
5.51537,7,0.4827,0.014,0.013,5.269,5.994,0.9876,0.00980,270.52,52.40,0.5635385199999999,0.7156939203999999,2.20,1.701505e-08,8.638603e-09,2.705037e-08,1.324195e-08,113.08,105.15,10684.07,9934.84,55.52,51.05
5.51562,7,0.4827,0.014,0.013,5.269,5.994,0.9876,0.00980,270.52,52.40,0.56353752,0.7156926504000001,2.20,1.701432e-08,8.647332e-09,2.704974e-08,1.325851e-08,113.32,105.41,10706.96,9959.67,55.65,51.20
5.51588,7,0.4828,0.014,0.013,5.269,5.994,0.9876,0.00980,270.52,52.40,0.56353648,0.7156913296,2.20,1.702818e-08,8.654713e-09,2.707605e-08,1.326583e-08,113.35,105.35,10710.02,9953.52,55.67,51.16
5.51612,7,0.4828,0.014,0.013,5.269,5.994,0.9876,0.00980,270.52,52.40,0.56353552,0.7156901104,2.20,1.70351e-08,8.67009e-09,2.708832e-08,1.328047e-08,113.67,105.48,10739.90,9966.22,55.85,51.23
5.51638,7,0.4828,0.014,0.013,5.269,5.994,0.9876,0.00980,270.52,52.40,0.56353448,0.7156887895999999,2.20,1.704972e-08,8.681436e-09,2.708697e-08,1.328676e-08,113.77,105.59,10749.75,9976.46,55.91,51.30
5.51663,7,0.4829,0.014,0.013,5.268,5.994,0.9876,0.00980,270.52,52.40,0.5635334799999999,0.7156875195999999,2.20,1.705796e-08,8.69204e-09,2.709356e-08,1.330297e-08,113.97,105.81,10768.15,9997.67,56.02,51.42
5.51687,7,0.4829,0.014,0.013,5.268,5.994,0.9876,0.00980,270.52,52.40,0.56353252,0.7156863004,2.20,1.708185e-08,8.704657e-09,2.70823e-08,1.3309e-08,113.98,105.99,10769.27,10014.76,56.02,51.52
5.51713,7,0.4829,0.014,0.013,5.268,5.994,0.9876,0.00980,270.52,52.40,0.56353148,0.7156849796,2.20,1.708263e-08,8.718824e-09,2.70735e-08,1.330795e-08,114.35,106.04,10804.06,10019.60,56.23,51.55
5.51738,7,0.4830,0.014,0.013,5.268,5.994,0.9876,0.00980,270.52,52.40,0.56353048,0.7156837095999999,2.20,1.711344e-08,8.727521e-09,2.707847e-08,1.331224e-08,114.18,106.10,10788.55,10024.41,56.14,51.58
5.51762,7,0.4830,0.014,0.013,5.268,5.994,0.9876,0.00980,270.52,52.40,0.56352952,0.7156824904,2.20,1.711908e-08,8.738176e-09,2.708632e-08,1.331851e-08,114.39,106.13,10808.19,10027.98,56.26,51.60
5.51788,7,0.4830,0.014,0.013,5.268,5.994,0.9876,0.00980,270.52,52.40,0.56352848,0.7156811696000001,2.20,1.711422e-08,8.748477e-09,2.703929e-08,1.332269e-08,114.73,106.56,10840.54,10068.58,56.45,51.84
5.51813,7,0.4831,0.014,0.013,5.268,5.994,0.9876,0.00980,270.52,52.40,0.56352748,0.7156798996,2.20,1.713744e-08,8.762026e-09,2.704389e-08,1.331547e-08,114.80,106.44,10847.03,10056.54,56.49,51.77
5.51837,7,0.4831,0.014,0.013,5.268,5.994,0.9876,0.00980,270.52,52.40,0.5635265199999999,0.7156786803999999,2.20,1.716135e-08,8.770122e-09,2.700347e-08,1.331609e-08,114.69,106.76,10836.60,10087.17,56.42,51.95
5.51863,7,0.4831,0.014,0.013,5.268,5.994,0.9876,0.00981,270.52,52.40,0.5635254799999999,0.7156773595999999,2.20,1.716033e-08,8.780184e-09,2.698155e-08,1.329791e-08,114.97,106.64,10863.38,10076.15,56.58,51.89
5.51888,7,0.4832,0.014,0.013,5.268,5.994,0.9876,0.00981,270.52,52.40,0.56352448,0.7156760896,2.20,1.716779e-08,8.794544e-09,2.696406e-08,1.33009e-08,115.28,106.85,10892.36,10095.61,56.76,52.00
5.51912,7,0.4832,0.014,0.013,5.268,5.994,0.9876,0.00981,270.52,52.40,0.5635235199999999,0.7156748703999999,2.20,1.718601e-08,8.808244e-09,2.694829e-08,1.329178e-08,115.40,106.83,10903.45,10093.60,56.82,51.99
5.51938,7,0.4832,0.014,0.013,5.268,5.994,0.9876,0.00981,270.52,52.40,0.5635224799999999,0.7156735496,2.20,1.718954e-08,8.820005e-09,2.692961e-08,1.328442e-08,115.67,106.86,10928.74,10096.38,56.97,52.01
5.51962,7,0.4833,0.014,0.013,5.268,5.994,0.9876,0.00981,270.52,52.40,0.56352152,0.7156723304,2.20,1.720661e-08,8.819492e-09,2.687964e-08,1.327724e-08,115.44,107.16,10907.45,10124.76,56.85,52.18
5.51987,7,0.4833,0.014,0.013,5.268,5.994,0.9876,0.00981,270.52,52.40,0.56352052,0.7156710604,2.20,1.722026e-08,8.838906e-09,2.686233e-08,1.32617e-08,115.77,107.05,10938.98,10114.23,57.03,52.12
5.52013,7,0.4834,0.014,0.013,5.268,5.994,0.9876,0.00981,270.52,52.40,0.56351948,0.7156697395999999,2.20,1.722913e-08,8.843298e-09,2.682663e-08,1.325709e-08,115.79,107.28,10940.84,10135.97,57.05,52.25
5.52037,7,0.4834,0.014,0.013,5.268,5.994,0.9876,0.00981,270.52,52.40,0.5635185199999999,0.7156685204,2.20,1.723729e-08,8.85177e-09,2.679527e-08,1.324691e-08,115.91,107.36,10951.72,10144.02,57.11,52.29
5.52062,7,0.4834,0.014,0.013,5.268,5.994,0.9876,0.00981,270.52,52.40,0.56351752,0.7156672504,2.20,1.724283e-08,8.865592e-09,2.67485e-08,1.323521e-08,116.21,107.54,10979.67,10161.37,57.28,52.40
5.52088,7,0.4835,0.014,0.013,5.268,5.994,0.9876,0.00981,270.52,52.40,0.56351648,0.7156659296,2.20,1.725977e-08,8.874701e-09,2.67198e-08,1.321728e-08,116.24,107.51,10982.96,10157.80,57.30,52.37
5.52112,7,0.4835,0.014,0.013,5.268,5.994,0.9876,0.00981,270.52,52.40,0.5635155199999999,0.7156647103999999,2.20,1.726166e-08,8.881841e-09,2.669143e-08,1.321778e-08,116.41,107.74,10998.68,10179.95,57.39,52.51
5.52137,7,0.4835,0.014,0.013,5.268,5.994,0.9876,0.00981,270.52,52.40,0.5635145199999999,0.7156634403999999,2.20,1.725242e-08,8.899612e-09,2.666314e-08,1.320283e-08,117.02,107.73,11056.32,10178.51,57.73,52.50
5.52163,7,0.4836,0.014,0.013,5.267,5.994,0.9876,0.00981,270.52,52.40,0.56351348,0.7156621196,2.20,1.727903e-08,8.900951e-09,2.659522e-08,1.320288e-08,116.71,108.30,11026.91,10232.32,57.56,52.82
5.52187,7,0.4836,0.014,0.013,5.267,5.994,0.9876,0.00981,270.52,52.40,0.56351252,0.7156609004,2.20,1.727479e-08,8.909566e-09,2.659549e-08,1.319461e-08,117.00,108.16,11054.55,10219.40,57.72,52.74
5.52212,7,0.4836,0.014,0.013,5.267,5.994,0.9876,0.00981,270.52,52.40,0.5635115199999999,0.7156596303999999,2.20,1.728158e-08,8.91852e-09,2.65532e-08,1.318298e-08,117.15,108.31,11068.52,10233.80,57.81,52.83
5.52238,7,0.4837,0.014,0.013,5.267,5.994,0.9876,0.00981,270.52,52.40,0.5635104799999999,0.7156583095999999,2.20,1.729631e-08,8.927349e-09,2.651829e-08,1.317468e-08,117.20,108.48,11073.96,10249.87,57.84,52.92
5.52262,7,0.4837,0.014,0.013,5.267,5.994,0.9876,0.00981,270.52,52.40,0.56350952,0.7156570904,2.20,1.729928e-08,8.929233e-09,2.649383e-08,1.317499e-08,117.21,108.69,11074.86,10269.18,57.84,53.04
5.52287,7,0.4837,0.014,0.013,5.267,5.994,0.9876,0.00981,270.52,52.40,0.56350852,0.7156558204,2.20,1.72879e-08,8.930344e-09,2.648714e-08,1.316868e-08,117.40,108.64,11092.79,10264.55,57.95,53.01
5.52313,7,0.4838,0.014,0.013,5.267,5.994,0.9876,0.00981,270.52,52.40,0.56350748,0.7156544995999999,2.20,1.729765e-08,8.935938e-09,2.645135e-08,1.315803e-08,117.44,108.78,11096.51,10277.77,57.97,53.09
5.52337,7,0.4838,0.014,0.013,5.267,5.994,0.9876,0.00981,270.52,52.40,0.56350652,0.7156532804,2.20,1.730469e-08,8.947601e-09,2.642746e-08,1.315177e-08,117.66,108.87,11117.14,10286.53,58.10,53.14
5.52363,7,0.4838,0.014,0.013,5.267,5.994,0.9876,0.00981,270.52,52.40,0.56350548,0.7156519596,2.20,1.728803e-08,8.946623e-09,2.643822e-08,1.315782e-08,117.87,108.88,11136.83,10287.61,58.21,53.15
5.52388,7,0.4839,0.014,0.013,5.267,5.994,0.9876,0.00981,270.52,52.40,0.56350448,0.7156506896,2.20,1.730578e-08,8.955811e-09,2.640615e-08,1.315322e-08,117.89,109.09,11139.13,10307.46,58.23,53.27
5.52412,7,0.4839,0.014,0.013,5.267,5.994,0.9876,0.00981,270.52,52.40,0.5635035199999999,0.7156494703999999,2.20,1.733213e-08,8.961024e-09,2.639233e-08,1.315879e-08,117.66,109.30,11117.47,10326.93,58.10,53.38
5.52438,7,0.4839,0.014,0.013,5.267,5.994,0.9876,0.00981,270.52,52.40,0.5635024799999999,0.7156481495999999,2.20,1.730606e-08,8.966251e-09,2.638373e-08,1.315887e-08,118.17,109.37,11165.70,10333.77,58.38,53.42
5.52463,7,0.4840,0.014,0.013,5.267,5.994,0.9876,0.00981,270.52,52.40,0.56350148,0.7156468796000001,2.20,1.731874e-08,8.973768e-09,2.638383e-08,1.31647e-08,118.22,109.49,11170.46,10344.97,58.41,53.49
5.52487,7,0.4840,0.014,0.013,5.267,5.994,0.9876,0.00981,270.52,52.40,0.56350052,0.7156456604,2.20,1.730889e-08,8.973242e-09,2.636202e-08,1.316145e-08,118.35,109.61,11182.30,10356.96,58.48,53.56
5.52513,7,0.4840,0.014,0.013,5.267,5.994,0.9876,0.00981,270.52,52.40,0.5634994799999999,0.7156443396,2.20,1.731726e-08,8.97793e-09,2.636048e-08,1.316724e-08,118.36,109.72,11183.20,10367.27,58.49,53.62
5.52538,7,0.4841,0.014,0.013,5.267,5.994,0.9876,0.00981,270.52,52.40,0.5634984799999999,0.7156430695999999,2.20,1.732615e-08,8.980703e-09,2.634784e-08,1.31704e-08,118.33,109.90,11180.77,10384.34,58.47,53.72
5.52562,7,0.4841,0.014,0.013,5.267,5.994,0.9876,0.00981,270.52,52.40,0.56349752,0.7156418504,2.20,1.732374e-08,8.996546e-09,2.636756e-08,1.318113e-08,118.80,109.92,11225.04,10385.71,58.74,53.73
5.52588,7,0.4841,0.014,0.013,5.267,5.994,0.9876,0.00981,270.52,52.40,0.56349648,0.7156405296,2.20,1.733055e-08,8.991373e-09,2.636162e-08,1.318373e-08,118.56,110.01,11202.47,10394.49,58.60,53.78
5.52613,7,0.4842,0.013,0.013,5.267,5.994,0.9876,0.00981,270.52,52.40,0.5634954799999999,0.7156392596,2.20,1.735097e-08,8.998546e-09,2.637255e-08,1.3188e-08,118.49,110.01,11195.83,10394.66,58.56,53.79
5.52637,7,0.4842,0.013,0.013,5.267,5.994,0.9876,0.00981,270.52,52.40,0.56349452,0.7156380404,2.20,1.733284e-08,9.010516e-09,2.639014e-08,1.320036e-08,119.08,110.07,11251.27,10400.27,58.89,53.82
5.52663,7,0.4842,0.013,0.013,5.267,5.994,0.9876,0.00981,270.52,52.40,0.56349348,0.7156367196,2.20,1.733122e-08,9.013582e-09,2.638953e-08,1.321976e-08,119.19,110.40,11261.44,10431.38,58.95,54.00
5.52688,7,0.4843,0.013,0.013,5.266,5.994,0.9876,0.00981,270.52,52.40,0.56349248,0.7156354495999999,2.20,1.734657e-08,9.018825e-09,2.637402e-08,1.321804e-08,119.14,110.53,11256.64,10443.12,58.93,54.07
5.52712,7,0.4843,0.013,0.013,5.266,5.994,0.9876,0.00981,270.52,52.40,0.5634915199999999,0.7156342303999998,2.20,1.736133e-08,9.019223e-09,2.640048e-08,1.323332e-08,118.94,110.56,11237.76,10446.31,58.81,54.09
5.52738,7,0.4843,0.013,0.013,5.266,5.994,0.9876,0.00981,270.52,52.40,0.5634904799999999,0.7156329095999999,2.20,1.736201e-08,9.026717e-09,2.639219e-08,1.324166e-08,119.13,110.77,11256.29,10466.11,58.92,54.21
5.52762,7,0.4844,0.013,0.013,5.266,5.994,0.9876,0.00981,270.52,52.40,0.56348952,0.7156316904,2.20,1.738593e-08,9.042505e-09,2.641266e-08,1.325233e-08,119.25,110.80,11267.31,10468.91,58.99,54.23
5.52787,7,0.4844,0.013,0.013,5.266,5.994,0.9876,0.00981,270.52,52.40,0.5634885199999999,0.7156304203999999,2.20,1.739137e-08,9.044609e-09,2.64175e-08,1.326553e-08,119.23,110.98,11265.43,10486.00,58.98,54.33
5.52813,7,0.4844,0.013,0.013,5.266,5.994,0.9876,0.00981,270.52,52.40,0.5634874799999999,0.7156290995999999,2.20,1.739182e-08,9.054288e-09,2.643059e-08,1.327205e-08,119.49,110.98,11289.97,10485.91,59.12,54.33
5.52837,7,0.4845,0.013,0.013,5.266,5.994,0.9876,0.00981,270.52,52.40,0.56348652,0.7156278804,2.20,1.740677e-08,9.05686e-09,2.644351e-08,1.328053e-08,119.37,111.04,11278.76,10491.24,59.06,54.36
5.52862,7,0.4845,0.013,0.013,5.266,5.994,0.9876,0.00981,270.52,52.40,0.56348552,0.7156266104,2.20,1.741365e-08,9.067328e-09,2.645417e-08,1.329502e-08,119.56,111.19,11296.65,10505.74,59.16,54.45
5.52888,7,0.4846,0.013,0.013,5.266,5.994,0.9876,0.00981,270.52,52.40,0.56348448,0.7156252895999999,2.20,1.742672e-08,9.07702e-09,2.645251e-08,1.329963e-08,119.66,111.30,11306.49,10516.56,59.22,54.51
5.52912,7,0.4846,0.013,0.013,5.266,5.994,0.9876,0.00981,270.52,52.40,0.5634835199999999,0.7156240703999999,2.20,1.742934e-08,9.085864e-09,2.64522e-08,1.331199e-08,119.87,111.51,11325.94,10536.49,59.34,54.63
5.52937,7,0.4846,0.013,0.013,5.266,5.994,0.9876,0.00981,270.52,52.40,0.56348252,0.7156228004,2.20,1.745917e-08,9.10278e-09,2.643599e-08,1.331563e-08,119.91,111.71,11329.49,10555.31,59.36,54.74
5.52963,7,0.4847,0.013,0.013,5.266,5.994,0.9876,0.00981,270.52,52.40,0.56348148,0.7156214796,2.20,1.746247e-08,9.107938e-09,2.646115e-08,1.33286e-08,120.03,111.74,11340.78,10557.97,59.43,54.76
5.52987,7,0.4847,0.013,0.013,5.266,5.994,0.9876,0.00981,270.52,52.40,0.5634805199999999,0.7156202603999999,2.20,1.7483e-08,9.120034e-09,2.646546e-08,1.332749e-08,120.07,111.69,11344.38,10552.73,59.45,54.73
5.53012,7,0.4847,0.013,0.013,5.266,5.994,0.9876,0.00981,270.52,52.40,0.56347952,0.7156189904,2.20,1.74997e-08,9.118433e-09,2.647091e-08,1.333905e-08,119.78,111.84,11317.63,10566.80,59.29,54.81
5.53038,7,0.4848,0.013,0.013,5.266,5.994,0.9876,0.00981,270.52,52.40,0.56347848,0.7156176696000001,2.20,1.752473e-08,9.137985e-09,2.646072e-08,1.333167e-08,119.99,111.82,11336.82,10565.39,59.40,54.80
5.53062,7,0.4848,0.013,0.013,5.266,5.994,0.9876,0.00981,270.52,52.40,0.56347752,0.7156164504,2.20,1.753729e-08,9.153555e-09,2.644424e-08,1.333428e-08,120.23,112.01,11360.22,10582.85,59.54,54.91
5.53087,7,0.4848,0.013,0.013,5.266,5.994,0.9876,0.00981,270.52,52.40,0.5634765199999999,0.7156151803999999,2.20,1.756673e-08,9.158878e-09,2.646803e-08,1.333136e-08,119.96,111.75,11334.22,10559.02,59.39,54.76
5.53113,7,0.4849,0.013,0.013,5.266,5.994,0.9876,0.00981,270.52,52.40,0.5634754799999999,0.7156138595999999,2.20,1.757988e-08,9.176024e-09,2.64331e-08,1.333558e-08,120.26,112.15,11363.18,10596.12,59.56,54.98
5.53137,7,0.4849,0.013,0.013,5.266,5.994,0.9876,0.00981,270.52,52.40,0.56347452,0.7156126403999999,2.20,1.760744e-08,9.189345e-09,2.641122e-08,1.333882e-08,120.24,112.39,11360.43,10619.06,59.54,55.12
5.53163,7,0.4849,0.013,0.013,5.266,5.994,0.9876,0.00981,270.52,52.40,0.56347348,0.7156113196,2.20,1.762689e-08,9.193426e-09,2.638809e-08,1.332528e-08,120.07,112.36,11344.76,10616.07,59.45,55.10
5.53188,7,0.4850,0.013,0.013,5.265,5.994,0.9876,0.00981,270.52,52.40,0.5634724799999999,0.7156100496,2.20,1.763651e-08,9.215274e-09,2.638505e-08,1.331485e-08,120.55,112.23,11390.58,10603.95,59.72,55.03
5.53212,7,0.4850,0.013,0.013,5.265,5.994,0.9876,0.00981,270.52,52.40,0.56347152,0.7156088304,2.20,1.766873e-08,9.226352e-09,2.63555e-08,1.332345e-08,120.40,112.63,11375.72,10641.86,59.63,55.26
5.53238,7,0.4850,0.013,0.013,5.265,5.994,0.9876,0.00981,270.52,52.40,0.56347048,0.7156075096,2.20,1.769147e-08,9.243811e-09,2.634042e-08,1.330598e-08,120.55,112.46,11390.12,10625.96,59.72,55.16
5.53263,7,0.4851,0.013,0.013,5.265,5.994,0.9876,0.00981,270.52,52.40,0.56346948,0.7156062395999999,2.20,1.771136e-08,9.246022e-09,2.633881e-08,1.329031e-08,120.35,112.23,11371.39,10604.19,59.61,55.03
5.53287,7,0.4851,0.013,0.013,5.265,5.994,0.9876,0.00981,270.52,52.40,0.5634685199999999,0.7156050204,2.20,1.772959e-08,9.265153e-09,2.62844e-08,1.329395e-08,120.61,112.76,11396.13,10654.50,59.75,55.33
5.53313,7,0.4851,0.013,0.013,5.265,5.994,0.9876,0.00981,270.52,52.40,0.5634674799999999,0.7156036995999999,2.20,1.775797e-08,9.273336e-09,2.628451e-08,1.327561e-08,120.43,112.45,11379.05,10624.71,59.65,55.15
5.53338,7,0.4852,0.013,0.013,5.265,5.994,0.9876,0.00981,270.52,52.40,0.56346648,0.7156024296,2.20,1.777548e-08,9.29584e-09,2.623834e-08,1.327045e-08,120.82,112.78,11415.73,10656.36,59.87,55.34
5.53362,7,0.4852,0.013,0.013,5.265,5.994,0.9876,0.00981,270.52,52.40,0.5634655199999999,0.7156012103999999,2.20,1.777494e-08,9.308371e-09,2.621027e-08,1.325074e-08,121.17,112.69,11448.77,10647.40,60.07,55.29
5.53388,7,0.4852,0.013,0.013,5.265,5.994,0.9876,0.00981,270.52,52.40,0.5634644799999999,0.7155998895999999,2.20,1.781573e-08,9.326976e-09,2.619064e-08,1.325079e-08,121.10,112.86,11441.67,10663.63,60.03,55.39
5.53413,7,0.4853,0.013,0.013,5.265,5.994,0.9876,0.00981,270.52,52.40,0.5634634799999999,0.7155986195999999,2.20,1.784869e-08,9.332756e-09,2.614449e-08,1.323201e-08,120.81,112.96,11414.57,10673.29,59.86,55.44
5.53437,7,0.4853,0.013,0.013,5.265,5.994,0.9876,0.00981,270.52,52.40,0.56346252,0.7155974004,2.20,1.786326e-08,9.352446e-09,2.610779e-08,1.321127e-08,121.14,112.93,11445.54,10669.75,60.05,55.42
5.53463,7,0.4853,0.013,0.013,5.265,5.994,0.9876,0.00981,270.52,52.40,0.56346148,0.7155960795999999,2.20,1.787272e-08,9.360281e-09,2.607139e-08,1.319404e-08,121.21,112.95,11452.94,10671.69,60.09,55.43
5.53488,7,0.4854,0.013,0.013,5.265,5.994,0.9876,0.00981,270.52,52.40,0.5634604799999999,0.7155948095999999,2.20,1.789585e-08,9.381514e-09,2.60439e-08,1.318736e-08,121.49,113.09,11478.73,10685.76,60.25,55.52
5.53512,7,0.4854,0.013,0.013,5.265,5.994,0.9876,0.00981,270.52,52.40,0.56345952,0.7155935904,2.20,1.792416e-08,9.395067e-09,2.59987e-08,1.31678e-08,121.45,113.15,11475.42,10691.23,60.23,55.55
5.53538,7,0.4854,0.013,0.013,5.265,5.994,0.9876,0.00981,270.52,52.40,0.56345848,0.7155922696,2.20,1.794831e-08,9.406143e-09,2.595488e-08,1.315986e-08,121.41,113.40,11471.36,10714.75,60.20,55.69
5.53562,7,0.4855,0.013,0.013,5.265,5.994,0.9876,0.00981,270.52,52.40,0.5634575199999999,0.7155910503999999,2.20,1.796627e-08,9.418217e-09,2.592859e-08,1.313788e-08,121.51,113.27,11480.55,10702.66,60.26,55.62
5.53587,7,0.4855,0.013,0.013,5.265,5.994,0.9876,0.00981,270.52,52.40,0.5634565199999999,0.7155897803999999,2.20,1.798838e-08,9.43708e-09,2.588424e-08,1.31209e-08,121.70,113.37,11499.17,10711.75,60.37,55.67
5.53613,7,0.4855,0.013,0.013,5.265,5.994,0.9876,0.00981,270.52,52.40,0.56345548,0.7155884596000001,2.20,1.801739e-08,9.440334e-09,2.585098e-08,1.310654e-08,121.38,113.41,11468.59,10715.89,60.19,55.70
5.53637,7,0.4856,0.013,0.013,5.265,5.994,0.9876,0.00981,270.52,52.40,0.56345452,0.7155872404,2.20,1.80174e-08,9.452893e-09,2.582145e-08,1.308814e-08,121.74,113.38,11503.05,10712.41,60.39,55.68
5.53662,7,0.4856,0.013,0.013,5.265,5.994,0.9876,0.00981,270.52,52.40,0.5634535199999999,0.7155859703999999,2.20,1.802085e-08,9.472632e-09,2.577042e-08,1.307875e-08,122.23,113.67,11549.03,10739.84,60.66,55.84
5.53688,7,0.4857,0.013,0.013,5.264,5.994,0.9876,0.00981,270.52,52.40,0.5634524799999999,0.7155846495999999,2.20,1.806132e-08,9.486622e-09,2.574088e-08,1.30688e-08,122.06,113.78,11532.74,10750.48,60.57,55.90
5.53712,7,0.4857,0.013,0.013,5.264,5.994,0.9876,0.00981,270.52,52.40,0.56345152,0.7155834303999999,2.20,1.806386e-08,9.49605e-09,2.571856e-08,1.305031e-08,122.28,113.65,11553.49,10738.51,60.69,55.83
5.53737,7,0.4857,0.013,0.013,5.264,5.994,0.9876,0.00981,270.52,52.40,0.56345052,0.7155821604,2.20,1.808997e-08,9.507063e-09,2.566772e-08,1.30447e-08,122.21,114.01,11546.54,10772.36,60.65,56.03
5.53763,7,0.4858,0.013,0.013,5.264,5.994,0.9876,0.00981,270.52,52.40,0.56344948,0.7155808396,2.20,1.809643e-08,9.527079e-09,2.565882e-08,1.302775e-08,122.68,113.81,11591.54,10753.72,60.92,55.92
5.53787,7,0.4858,0.013,0.013,5.264,5.994,0.9876,0.00981,270.52,52.40,0.56344852,0.7155796204,2.20,1.813016e-08,9.537089e-09,2.560835e-08,1.300538e-08,122.47,113.87,11571.69,10759.19,60.80,55.95
5.53812,7,0.4858,0.013,0.013,5.264,5.994,0.9876,0.00981,270.52,52.40,0.56344752,0.7155783504,2.20,1.814872e-08,9.550941e-09,2.560683e-08,1.300936e-08,122.58,113.96,11582.15,10767.18,60.86,56.00
5.53838,7,0.4859,0.013,0.013,5.264,5.994,0.9876,0.00981,270.52,52.40,0.56344648,0.7155770296,2.20,1.814809e-08,9.559454e-09,2.558269e-08,1.298796e-08,122.85,113.82,11607.20,10754.02,61.01,55.92
5.53862,7,0.4859,0.013,0.013,5.264,5.994,0.9876,0.00981,270.52,52.40,0.5634455199999999,0.7155758104,2.20,1.816242e-08,9.578074e-09,2.555279e-08,1.298192e-08,123.15,113.98,11635.62,10769.42,61.18,56.01
5.53887,7,0.4859,0.013,0.013,5.264,5.994,0.9876,0.00981,270.52,52.40,0.56344452,0.7155745404,2.20,1.818136e-08,9.587605e-09,2.552752e-08,1.298331e-08,123.14,114.23,11634.45,10793.46,61.17,56.16
5.53913,7,0.4860,0.013,0.013,5.264,5.994,0.9876,0.00981,270.52,52.40,0.56344348,0.7155732196,2.20,1.819024e-08,9.602716e-09,2.549218e-08,1.296513e-08,123.44,114.25,11663.64,10795.33,61.35,56.17
5.53937,7,0.4860,0.013,0.013,5.264,5.994,0.9876,0.00981,270.52,52.40,0.56344252,0.7155720003999999,2.20,1.822049e-08,9.616786e-09,2.548912e-08,1.295568e-08,123.39,114.11,11658.76,10781.97,61.32,56.09
5.53963,7,0.4860,0.013,0.013,5.264,5.994,0.9876,0.00981,270.52,52.40,0.5634414799999999,0.7155706796,2.20,1.823927e-08,9.632708e-09,2.547344e-08,1.294925e-08,123.56,114.14,11674.19,10784.57,61.41,56.10
5.53988,7,0.4861,0.013,0.013,5.264,5.994,0.9876,0.00981,270.52,52.40,0.5634404799999999,0.7155694095999999,2.20,1.826733e-08,9.644498e-09,2.546312e-08,1.295234e-08,123.50,114.31,11668.82,10800.93,61.38,56.20
5.54012,7,0.4861,0.013,0.013,5.264,5.994,0.9876,0.00981,270.52,52.40,0.56343952,0.7155681904,2.20,1.829223e-08,9.662166e-09,2.544475e-08,1.294429e-08,123.62,114.34,11680.40,10803.13,61.45,56.21
5.54038,7,0.4861,0.013,0.013,5.264,5.994,0.9876,0.00981,270.53,52.40,0.56343848,0.7155668695999999,2.20,1.829855e-08,9.671136e-09,2.542978e-08,1.294272e-08,123.77,114.45,11694.84,10813.41,61.53,56.28
5.54063,7,0.4862,0.013,0.013,5.264,5.994,0.9876,0.00981,270.53,52.40,0.5634374799999999,0.7155655995999999,2.20,1.832996e-08,9.692459e-09,2.543139e-08,1.294393e-08,123.93,114.48,11709.34,10816.30,61.62,56.29
5.54087,7,0.4862,0.013,0.013,5.264,5.994,0.9876,0.00981,270.53,52.40,0.56343652,0.7155643804,2.20,1.834762e-08,9.711057e-09,2.54088e-08,1.293759e-08,124.18,114.57,11733.09,10825.09,61.76,56.35
5.54113,7,0.4862,0.013,0.013,5.264,5.994,0.9876,0.00981,270.53,52.40,0.56343548,0.7155630596,2.20,1.837161e-08,9.727901e-09,2.539746e-08,1.294216e-08,124.29,114.76,11743.72,10842.75,61.82,56.45
5.54138,7,0.4863,0.013,0.013,5.264,5.994,0.9876,0.00981,270.53,52.40,0.56343448,0.7155617895999999,2.20,1.839045e-08,9.743882e-09,2.539319e-08,1.293896e-08,124.48,114.76,11761.54,10843.23,61.93,56.45
5.54162,7,0.4863,0.013,0.013,5.264,5.994,0.9876,0.00981,270.53,52.40,0.5634335199999999,0.7155605703999999,2.20,1.843449e-08,9.766525e-09,2.539967e-08,1.293412e-08,124.46,114.61,11759.77,10829.33,61.92,56.37
5.54188,7,0.4863,0.013,0.013,5.264,5.994,0.9876,0.00981,270.53,52.40,0.5634324799999999,0.7155592495999998,2.20,1.846177e-08,9.786075e-09,2.539934e-08,1.29343e-08,124.60,114.62,11772.81,10829.92,62.00,56.37
5.54213,7,0.4864,0.013,0.013,5.263,5.994,0.9876,0.00981,270.53,52.40,0.56343148,0.7155579796,2.20,1.849141e-08,9.803858e-09,2.538985e-08,1.292906e-08,124.68,114.64,11780.53,10831.45,62.04,56.38
5.54237,7,0.4864,0.013,0.013,5.263,5.994,0.9876,0.00981,270.53,52.40,0.5634305199999999,0.7155567603999999,2.20,1.851366e-08,9.825373e-09,2.538738e-08,1.293374e-08,124.94,114.74,11805.39,10841.59,62.19,56.44
5.54263,7,0.4864,0.013,0.013,5.263,5.994,0.9876,0.00981,270.53,52.40,0.5634294799999999,0.7155554395999999,2.20,1.856458e-08,9.854974e-09,2.536748e-08,1.292982e-08,125.01,114.86,11811.97,10852.23,62.23,56.51
5.54288,7,0.4865,0.013,0.013,5.263,5.994,0.9876,0.00981,270.53,52.40,0.56342848,0.7155541696000001,2.20,1.860225e-08,9.87376e-09,2.537273e-08,1.293959e-08,125.01,115.01,11811.31,10866.62,62.23,56.59
5.54312,7,0.4865,0.013,0.013,5.263,5.994,0.9876,0.00981,270.53,52.40,0.56342752,0.7155529504,2.20,1.86381e-08,9.898342e-09,2.536515e-08,1.293427e-08,125.16,114.98,11825.45,10864.12,62.31,56.58
5.54338,7,0.4865,0.013,0.013,5.263,5.994,0.9876,0.00981,270.53,52.40,0.56342648,0.7155516296,2.20,1.866773e-08,9.925616e-09,2.536525e-08,1.293508e-08,125.47,115.00,11854.84,10865.42,62.48,56.58
5.54362,7,0.4866,0.013,0.013,5.263,5.994,0.9876,0.00981,270.53,52.40,0.56342552,0.7155504104,2.20,1.87164e-08,9.948576e-09,2.535355e-08,1.294217e-08,125.42,115.26,11849.85,10890.08,62.46,56.73
5.54387,7,0.4866,0.013,0.013,5.263,5.994,0.9876,0.00981,270.53,52.40,0.56342452,0.7155491404,2.20,1.874657e-08,9.974174e-09,2.538552e-08,1.293937e-08,125.67,114.91,11874.15,10857.30,62.60,56.54
5.54413,7,0.4866,0.013,0.013,5.263,5.994,0.9876,0.00981,270.53,52.40,0.56342348,0.7155478196,2.20,1.879488e-08,1.000437e-08,2.536257e-08,1.293325e-08,125.79,115.01,11885.56,10866.86,62.67,56.59
5.54437,7,0.4867,0.013,0.013,5.263,5.994,0.9876,0.00981,270.53,52.40,0.5634225199999999,0.7155466004,2.20,1.884844e-08,1.002626e-08,2.536846e-08,1.294153e-08,125.64,115.13,11871.24,10878.15,62.58,56.66
5.54462,7,0.4867,0.013,0.013,5.263,5.994,0.9876,0.00981,270.53,52.40,0.56342152,0.7155453304,2.20,1.890569e-08,1.005739e-08,2.535548e-08,1.293716e-08,125.66,115.17,11872.95,10882.01,62.59,56.68
5.54488,7,0.4867,0.013,0.013,5.263,5.994,0.9876,0.00981,270.53,52.40,0.56342048,0.7155440096,2.20,1.895594e-08,1.008355e-08,2.534313e-08,1.293424e-08,125.64,115.23,11871.51,10887.82,62.58,56.72
5.54512,7,0.4868,0.013,0.013,5.263,5.994,0.9876,0.00981,270.53,52.40,0.56341952,0.7155427903999999,2.20,1.901703e-08,1.011939e-08,2.534375e-08,1.293972e-08,125.76,115.35,11882.34,10898.94,62.65,56.78
5.54537,7,0.4868,0.013,0.013,5.263,5.994,0.9876,0.00981,270.53,52.40,0.5634185199999999,0.7155415204,2.20,1.905281e-08,1.014441e-08,2.534091e-08,1.293133e-08,125.92,115.22,11897.33,10887.01,62.74,56.71
5.54563,7,0.4869,0.013,0.013,5.263,5.994,0.9876,0.00981,270.53,52.40,0.5634174799999999,0.7155401995999999,2.20,1.911081e-08,1.018902e-08,2.533772e-08,1.29333e-08,126.31,115.31,11934.16,10895.43,62.96,56.76
5.54587,7,0.4869,0.013,0.013,5.263,5.994,0.9876,0.00981,270.53,52.40,0.56341652,0.7155389804,2.20,1.917228e-08,1.021958e-08,2.533638e-08,1.292873e-08,126.25,115.24,11928.63,10888.75,62.92,56.72
5.54612,7,0.4869,0.013,0.013,5.263,5.994,0.9876,0.00981,270.53,52.40,0.56341552,0.7155377103999999,2.20,1.923209e-08,1.024937e-08,2.530762e-08,1.292208e-08,126.19,115.39,11923.42,10902.57,62.89,56.81
5.54638,7,0.4870,0.013,0.013,5.263,5.994,0.9876,0.00981,270.53,52.40,0.5634144799999999,0.7155363896,2.20,1.928596e-08,1.028081e-08,2.531311e-08,1.292183e-08,126.29,115.36,11932.66,10899.55,62.95,56.79
5.54662,7,0.4870,0.013,0.013,5.263,5.994,0.9876,0.00981,270.53,52.40,0.56341352,0.7155351704,2.20,1.936295e-08,1.032428e-08,2.529285e-08,1.291286e-08,126.36,115.38,11938.67,10901.92,62.98,56.80
5.54688,7,0.4870,0.013,0.013,5.263,5.994,0.9876,0.00981,270.53,52.40,0.56341248,0.7155338496,2.20,1.942245e-08,1.035377e-08,2.528479e-08,1.291161e-08,126.30,115.43,11933.15,10906.86,62.95,56.83
5.54713,7,0.4871,0.013,0.013,5.262,5.994,0.9876,0.00981,270.53,52.40,0.56341148,0.7155325795999999,2.20,1.948802e-08,1.039368e-08,2.527616e-08,1.290956e-08,126.45,115.50,11947.80,10913.17,63.04,56.87
5.54737,7,0.4871,0.013,0.013,5.262,5.994,0.9876,0.00981,270.53,52.40,0.5634105199999999,0.7155313603999999,2.20,1.955526e-08,1.043716e-08,2.527135e-08,1.290574e-08,126.65,115.48,11966.52,10910.82,63.15,56.85
5.54763,7,0.4871,0.013,0.013,5.262,5.994,0.9876,0.00981,270.53,52.40,0.56340948,0.7155300396000001,2.20,1.961573e-08,1.047301e-08,2.525425e-08,1.289633e-08,126.74,115.46,11975.29,10909.65,63.20,56.85
5.54788,7,0.4872,0.013,0.013,5.262,5.994,0.9876,0.00981,270.53,52.40,0.56340848,0.7155287696,2.20,1.970469e-08,1.051357e-08,2.524255e-08,1.289834e-08,126.59,115.63,11960.82,10925.71,63.11,56.94
5.54812,7,0.4872,0.013,0.013,5.262,5.994,0.9876,0.00981,270.53,52.40,0.5634075199999999,0.7155275503999999,2.20,1.976391e-08,1.054588e-08,2.523944e-08,1.289467e-08,126.61,115.60,11962.55,10922.10,63.12,56.92
5.54838,7,0.4872,0.013,0.013,5.262,5.994,0.9876,0.00981,270.53,52.40,0.5634064799999999,0.7155262295999999,2.20,1.983668e-08,1.058076e-08,2.523747e-08,1.289323e-08,126.51,115.59,11952.98,10921.35,63.07,56.92
5.54863,7,0.4873,0.013,0.013,5.262,5.994,0.9876,0.00981,270.53,52.40,0.5634054799999999,0.7155249595999998,2.20,1.991654e-08,1.061728e-08,2.523447e-08,1.288594e-08,126.38,115.51,11940.79,10913.63,62.99,56.87
5.54887,7,0.4873,0.013,0.013,5.262,5.994,0.9876,0.00981,270.53,52.40,0.56340452,0.7155237404,2.20,1.997123e-08,1.065751e-08,2.522215e-08,1.287374e-08,126.66,115.40,11967.43,10903.40,63.15,56.81
5.54913,7,0.4873,0.013,0.013,5.262,5.994,0.9876,0.00981,270.53,52.40,0.56340348,0.7155224196,2.20,2.005253e-08,1.069148e-08,2.520991e-08,1.28665e-08,126.42,115.38,11944.87,10901.68,63.02,56.80
5.54938,7,0.4874,0.013,0.013,5.262,5.994,0.9876,0.00981,270.53,52.40,0.5634024799999999,0.7155211495999999,2.20,2.013014e-08,1.072808e-08,2.521405e-08,1.287488e-08,126.33,115.52,11935.93,10914.77,62.97,56.88
5.54962,7,0.4874,0.013,0.013,5.262,5.994,0.9876,0.00981,270.53,52.40,0.56340152,0.7155199304,2.20,2.018587e-08,1.077119e-08,2.522155e-08,1.286491e-08,126.66,115.27,11967.83,10890.90,63.16,56.73
5.54988,7,0.4874,0.013,0.013,5.262,5.994,0.9876,0.00981,270.53,52.40,0.56340048,0.7155186096,2.20,2.025618e-08,1.081029e-08,2.519694e-08,1.28658e-08,126.70,115.51,11971.59,10914.17,63.18,56.87
5.55013,7,0.4875,0.013,0.013,5.262,5.994,0.9876,0.00981,270.53,52.40,0.56339948,0.7155173396,2.20,2.032573e-08,1.084433e-08,2.520392e-08,1.28715e-08,126.65,115.58,11966.76,10920.12,63.15,56.91
5.55037,7,0.4875,0.013,0.013,5.262,5.994,0.9876,0.00981,270.53,52.40,0.56339852,0.7155161204,2.20,2.053066e-08,1.097512e-08,2.532043e-08,1.296382e-08,127.19,116.18,12017.12,10976.91,63.45,57.25
5.55063,7,0.4875,0.013,0.013,5.262,5.994,0.9876,0.00981,270.53,52.40,0.56339748,0.7155147996,2.20,2.047992e-08,1.092898e-08,2.520135e-08,1.287513e-08,126.71,115.67,11972.36,10928.69,63.18,56.96
5.55087,7,0.4876,0.013,0.013,5.262,5.994,0.9876,0.00981,270.53,52.40,0.56339652,0.7155135803999999,2.20,2.055399e-08,1.096332e-08,2.519012e-08,1.286331e-08,126.61,115.58,11962.68,10920.37,63.12,56.91
5.55112,7,0.4876,0.013,0.013,5.262,5.994,0.9876,0.00981,270.53,52.40,0.5633955199999999,0.7155123104,2.20,2.063003e-08,1.099912e-08,2.522148e-08,1.287173e-08,126.49,115.44,11951.60,10907.22,63.06,56.83
5.55138,7,0.4876,0.013,0.013,5.262,5.994,0.9876,0.00981,270.53,52.40,0.5633944799999999,0.7155109895999999,2.20,2.068352e-08,1.104179e-08,2.522401e-08,1.287148e-08,126.84,115.41,11984.50,10904.56,63.25,56.81
5.55162,7,0.4877,0.013,0.013,5.262,5.994,0.9876,0.00981,270.53,52.40,0.56339352,0.7155097704,2.20,2.075878e-08,1.106998e-08,2.524588e-08,1.287259e-08,126.57,115.25,11959.18,10889.43,63.10,56.72
5.55187,7,0.4877,0.013,0.013,5.262,5.994,0.9876,0.00981,270.53,52.40,0.56339252,0.7155085003999999,2.20,2.083045e-08,1.110631e-08,2.525254e-08,1.287326e-08,126.53,115.20,11954.82,10884.73,63.08,56.70
5.55213,7,0.4877,0.013,0.013,5.262,5.994,0.9876,0.00981,270.53,52.40,0.56339148,0.7155071796,2.20,2.090383e-08,1.114857e-08,2.526583e-08,1.287817e-08,126.60,115.17,11962.03,10881.52,63.12,56.68
5.55237,7,0.4878,0.013,0.013,5.261,5.994,0.9876,0.00981,270.53,52.40,0.56339052,0.7155059604,2.20,2.09661e-08,1.118351e-08,2.527374e-08,1.288956e-08,126.67,115.32,11968.45,10896.43,63.16,56.77
5.55262,7,0.4878,0.013,0.013,5.261,5.994,0.9876,0.00981,270.53,52.40,0.56338952,0.7155046904,2.20,2.103214e-08,1.12197e-08,2.530909e-08,1.28969e-08,126.69,115.13,11970.65,10878.04,63.17,56.66
5.55288,7,0.4878,0.013,0.013,5.261,5.994,0.9876,0.00981,270.53,52.40,0.56338848,0.7155033695999999,2.20,2.109579e-08,1.125429e-08,2.533604e-08,1.291088e-08,126.71,115.13,11972.10,10878.46,63.18,56.66
5.55312,7,0.4879,0.013,0.013,5.261,5.994,0.9876,0.00981,270.53,52.40,0.5633875199999999,0.7155021503999999,2.20,2.11632e-08,1.128837e-08,2.536602e-08,1.291092e-08,126.69,114.88,11970.28,10854.57,63.17,56.52
5.55337,7,0.4879,0.013,0.013,5.261,5.994,0.9876,0.00981,270.53,52.40,0.56338652,0.7155008804,2.20,2.123333e-08,1.132271e-08,2.539198e-08,1.292812e-08,126.62,114.95,11963.33,10861.39,63.13,56.56
5.55363,7,0.4879,0.013,0.013,5.261,5.994,0.9875,0.00981,270.53,52.40,0.56338548,0.7154995596,2.20,2.128631e-08,1.135835e-08,2.540805e-08,1.294215e-08,126.78,115.05,11978.81,10870.30,63.22,56.61
5.55387,7,0.4880,0.013,0.013,5.261,5.994,0.9875,0.00981,270.53,52.40,0.5633845199999999,0.7154983403999999,2.20,2.137071e-08,1.138269e-08,2.543978e-08,1.294766e-08,126.31,114.88,11934.74,10854.32,62.96,56.51
5.55412,7,0.4880,0.013,0.013,5.261,5.994,0.9875,0.00981,270.53,52.40,0.5633835199999999,0.7154970703999999,2.20,2.141111e-08,1.141717e-08,2.546805e-08,1.297789e-08,126.62,115.17,11963.81,10881.37,63.13,56.68
5.55438,7,0.4881,0.013,0.013,5.261,5.994,0.9875,0.00981,270.53,52.40,0.5633824799999999,0.7154957495999998,2.20,2.150774e-08,1.146446e-08,2.552405e-08,1.298453e-08,126.55,114.79,11956.79,10846.31,63.09,56.47
5.55462,7,0.4881,0.013,0.013,5.261,5.994,0.9875,0.00981,270.53,52.40,0.56338152,0.7154945304,2.20,2.156658e-08,1.149247e-08,2.555828e-08,1.300856e-08,126.47,114.91,11949.32,10857.55,63.04,56.53
5.55488,7,0.4881,0.013,0.013,5.261,5.994,0.9875,0.00981,270.53,52.40,0.56338048,0.7154932096,2.20,2.162958e-08,1.152902e-08,2.559402e-08,1.302372e-08,126.54,114.86,11955.94,10852.41,63.08,56.50
5.55513,7,0.4882,0.013,0.013,5.261,5.994,0.9875,0.00981,270.53,52.40,0.5633794799999999,0.7154919395999999,2.20,2.169021e-08,1.156381e-08,2.56227e-08,1.303248e-08,126.62,114.78,11963.86,10844.74,63.13,56.46
5.55537,7,0.4882,0.013,0.013,5.261,5.994,0.9875,0.00981,270.53,52.40,0.56337852,0.7154907204000001,2.20,2.176685e-08,1.159933e-08,2.566007e-08,1.305469e-08,126.50,114.83,11952.08,10850.16,63.06,56.49
5.55563,7,0.4882,0.013,0.013,5.261,5.994,0.9875,0.00981,270.53,52.40,0.56337748,0.7154893996,2.20,2.184294e-08,1.164401e-08,2.57031e-08,1.307978e-08,126.59,114.89,11961.17,10855.56,63.11,56.52
5.55588,7,0.4883,0.013,0.013,5.261,5.994,0.9875,0.00981,270.53,52.40,0.56337648,0.7154881296,2.20,2.188578e-08,1.166608e-08,2.576786e-08,1.308879e-08,126.60,114.49,11961.93,10817.49,63.12,56.29
5.55612,7,0.4883,0.013,0.013,5.261,5.994,0.9875,0.00981,270.53,52.40,0.5633755199999999,0.7154869103999999,2.20,2.196792e-08,1.170792e-08,2.582024e-08,1.311943e-08,126.56,114.56,11957.68,10824.26,63.09,56.33
5.55638,7,0.4883,0.013,0.013,5.261,5.994,0.9875,0.00981,270.53,52.40,0.56337448,0.7154855896,2.20,2.202982e-08,1.174099e-08,2.586951e-08,1.313848e-08,126.56,114.45,11957.85,10814.24,63.09,56.27
5.55663,7,0.4884,0.013,0.013,5.261,5.994,0.9875,0.00981,270.53,52.40,0.56337348,0.7154843196,2.20,2.209818e-08,1.177961e-08,2.589156e-08,1.316274e-08,126.63,114.71,11965.06,10838.31,63.14,56.42
5.55687,7,0.4884,0.013,0.013,5.261,5.994,0.9875,0.00982,270.53,52.40,0.5633725199999999,0.7154831004,2.20,2.215958e-08,1.182021e-08,2.592922e-08,1.318175e-08,126.82,114.71,11982.15,10838.08,63.24,56.42
5.55713,7,0.4884,0.013,0.013,5.261,5.994,0.9875,0.00982,270.53,52.40,0.5633714799999999,0.7154817795999999,2.20,2.224515e-08,1.185655e-08,2.598517e-08,1.320551e-08,126.60,114.62,11962.03,10830.27,63.12,56.37
5.55738,7,0.4885,0.013,0.013,5.260,5.994,0.9875,0.00982,270.53,52.40,0.56337048,0.7154805096,2.20,2.231661e-08,1.189653e-08,2.602039e-08,1.322496e-08,126.67,114.68,11968.55,10835.07,63.16,56.40
5.55762,7,0.4885,0.013,0.013,5.260,5.994,0.9875,0.00982,270.53,52.40,0.56336952,0.7154792903999999,2.20,2.238085e-08,1.193693e-08,2.605627e-08,1.324295e-08,126.81,114.67,11981.78,10834.66,63.23,56.39
5.55788,7,0.4885,0.013,0.013,5.260,5.994,0.9875,0.00982,270.53,52.40,0.56336848,0.7154779696,2.20,2.246298e-08,1.197211e-08,2.609072e-08,1.325693e-08,126.62,114.61,11963.32,10828.80,63.12,56.36
5.55813,7,0.4886,0.013,0.013,5.260,5.994,0.9875,0.00982,270.53,52.40,0.5633674799999999,0.7154766995999999,2.20,2.253583e-08,1.201927e-08,2.614979e-08,1.327997e-08,126.83,114.51,11983.55,10819.47,63.25,56.30
5.55837,7,0.4886,0.013,0.013,5.260,5.994,0.9875,0.00982,270.53,52.40,0.56336652,0.7154754804,2.20,2.259887e-08,1.205282e-08,2.619952e-08,1.330219e-08,126.83,114.46,11983.40,10814.45,63.24,56.27
5.55863,7,0.4886,0.013,0.013,5.260,5.994,0.9875,0.00982,270.53,52.40,0.56336548,0.7154741595999999,2.20,2.266545e-08,1.209827e-08,2.621801e-08,1.331708e-08,127.05,114.55,12004.54,10823.54,63.37,56.33
5.55887,7,0.4887,0.013,0.013,5.260,5.994,0.9875,0.00982,270.53,52.40,0.5633645199999999,0.7154729403999999,2.20,2.275609e-08,1.214595e-08,2.626356e-08,1.333577e-08,127.06,114.50,12005.51,10818.42,63.38,56.30
5.55912,7,0.4887,0.013,0.013,5.260,5.994,0.9875,0.00982,270.53,52.40,0.56336352,0.7154716704,2.20,2.284693e-08,1.219117e-08,2.628104e-08,1.333719e-08,126.99,114.37,11998.61,10806.15,63.33,56.22
5.55938,7,0.4887,0.013,0.013,5.260,5.994,0.9875,0.00982,270.53,52.40,0.56336248,0.7154703496,2.20,2.292252e-08,1.222425e-08,2.63202e-08,1.336679e-08,126.83,114.54,11983.37,10822.14,63.24,56.32
5.55962,7,0.4888,0.013,0.013,5.260,5.994,0.9875,0.00982,270.53,52.40,0.56336152,0.7154691303999999,2.20,2.300538e-08,1.227353e-08,2.638e-08,1.337523e-08,126.97,114.18,11996.48,10788.41,63.32,56.12
5.55987,7,0.4888,0.013,0.013,5.260,5.994,0.9875,0.00982,270.53,52.40,0.5633605199999999,0.7154678603999999,2.20,2.310175e-08,1.231321e-08,2.638156e-08,1.336922e-08,126.71,114.06,11972.03,10777.29,63.18,56.05
5.56013,7,0.4888,0.013,0.013,5.260,5.994,0.9875,0.00982,270.53,52.40,0.5633594799999999,0.7154665396,2.20,2.317264e-08,1.23533e-08,2.63987e-08,1.338655e-08,126.76,114.21,11976.81,10791.42,63.20,56.14
5.56037,7,0.4889,0.013,0.013,5.260,5.994,0.9875,0.00982,270.53,52.40,0.56335852,0.7154653204,2.20,2.325175e-08,1.240603e-08,2.64183e-08,1.34109e-08,127.02,114.49,12001.13,10817.21,63.35,56.29
5.56062,7,0.4889,0.013,0.013,5.260,5.994,0.9875,0.00982,270.53,52.40,0.56335752,0.7154640503999999,2.20,2.334145e-08,1.244939e-08,2.644703e-08,1.341015e-08,126.92,114.22,11991.84,10792.15,63.29,56.14
5.56088,7,0.4889,0.013,0.013,5.260,5.994,0.9875,0.00982,270.53,52.40,0.5633564799999999,0.7154627295999999,2.20,2.341518e-08,1.249315e-08,2.645197e-08,1.341184e-08,127.01,114.21,12000.97,10790.82,63.35,56.13
5.56112,7,0.4890,0.013,0.013,5.260,5.994,0.9875,0.00982,270.53,52.40,0.56335552,0.7154615104000001,2.20,2.349689e-08,1.254528e-08,2.647872e-08,1.342782e-08,127.23,114.27,12020.96,10796.97,63.47,56.17
5.56137,7,0.4890,0.013,0.013,5.260,5.994,0.9875,0.00982,270.53,52.40,0.56335452,0.7154602404,2.20,2.358595e-08,1.259055e-08,2.649448e-08,1.343588e-08,127.18,114.27,12016.29,10797.08,63.44,56.17
5.56163,7,0.4890,0.013,0.013,5.260,5.994,0.9875,0.00982,270.53,52.40,0.56335348,0.7154589196,2.20,2.367861e-08,1.263491e-08,2.64936e-08,1.342833e-08,127.07,114.15,12005.89,10785.50,63.38,56.10
5.56187,7,0.4891,0.013,0.013,5.260,5.994,0.9875,0.00982,270.53,52.40,0.5633525199999999,0.7154577003999999,2.20,2.376992e-08,1.268174e-08,2.649794e-08,1.344329e-08,127.05,114.39,12004.50,10808.51,63.37,56.24
5.56212,7,0.4891,0.013,0.013,5.260,5.994,0.9875,0.00982,270.53,52.40,0.56335152,0.7154564304,2.20,2.386417e-08,1.272914e-08,2.65057e-08,1.343456e-08,126.99,114.18,11998.67,10787.86,63.33,56.11
5.56238,7,0.4892,0.013,0.013,5.259,5.994,0.9875,0.00982,270.53,52.40,0.56335048,0.7154551096,2.20,2.394905e-08,1.277596e-08,2.651493e-08,1.343107e-08,127.05,114.06,12004.24,10776.78,63.37,56.05
5.56262,7,0.4892,0.013,0.013,5.259,5.994,0.9875,0.00982,270.53,52.40,0.5633495199999999,0.7154538904,2.20,2.406e-08,1.28315e-08,2.65117e-08,1.34373e-08,126.97,114.19,11996.92,10789.58,63.32,56.12
5.56288,7,0.4892,0.013,0.013,5.259,5.994,0.9875,0.00982,270.53,52.40,0.5633484799999999,0.7154525695999999,2.20,2.413733e-08,1.287074e-08,2.651304e-08,1.343905e-08,126.93,114.21,11992.93,10791.32,63.30,56.13
5.56313,7,0.4893,0.013,0.013,5.259,5.994,0.9875,0.00982,270.53,52.40,0.56334748,0.7154512996,2.20,2.421444e-08,1.292397e-08,2.650096e-08,1.342944e-08,127.21,114.18,12019.51,10787.85,63.46,56.11
5.56337,7,0.4893,0.013,0.013,5.259,5.994,0.9875,0.00982,270.53,52.40,0.56334652,0.7154500803999999,2.20,2.430641e-08,1.297463e-08,2.65062e-08,1.344219e-08,127.24,114.35,12022.64,10804.30,63.48,56.21
5.56363,7,0.4893,0.013,0.013,5.259,5.994,0.9875,0.00982,270.53,52.40,0.56334548,0.7154487596,2.20,2.439205e-08,1.301165e-08,2.650158e-08,1.343446e-08,127.06,114.26,12005.43,10795.51,63.37,56.16
5.56388,7,0.4894,0.013,0.013,5.259,5.994,0.9875,0.00982,270.53,52.40,0.5633444799999999,0.7154474895999999,2.20,2.448815e-08,1.305999e-08,2.650006e-08,1.343929e-08,127.03,114.38,12002.13,10806.85,63.35,56.23
5.56412,7,0.4894,0.013,0.013,5.259,5.994,0.9875,0.00982,270.53,52.40,0.56334352,0.7154462704,2.20,2.456869e-08,1.31057e-08,2.649329e-08,1.343286e-08,127.08,114.32,12007.54,10801.97,63.39,56.20
5.56438,7,0.4894,0.013,0.013,5.259,5.994,0.9875,0.00982,270.53,52.40,0.56334248,0.7154449495999999,2.20,2.464621e-08,1.314561e-08,2.650017e-08,1.342822e-08,127.05,114.18,12004.72,10788.72,63.37,56.12
5.56463,7,0.4895,0.013,0.013,5.259,5.994,0.9875,0.00982,270.53,52.40,0.56334148,0.7154436796,2.20,2.471479e-08,1.318457e-08,2.651272e-08,1.340708e-08,127.13,113.73,12011.82,10746.24,63.41,55.86
5.56487,7,0.4895,0.013,0.013,5.259,5.994,0.9875,0.00982,270.53,52.40,0.56334052,0.7154424604,2.20,2.481094e-08,1.323976e-08,2.649665e-08,1.341997e-08,127.21,114.10,12019.40,10780.39,63.46,56.07
5.56513,7,0.4895,0.013,0.013,5.259,5.994,0.9875,0.00982,270.53,52.40,0.56333948,0.7154411396,2.20,2.489229e-08,1.32765e-08,2.650388e-08,1.341746e-08,127.07,113.99,12006.47,10770.35,63.38,56.01
5.56538,7,0.4896,0.013,0.013,5.259,5.994,0.9875,0.00982,270.53,52.40,0.56333848,0.7154398696,2.20,2.496691e-08,1.331229e-08,2.650621e-08,1.342427e-08,127.02,114.11,12001.18,10781.71,63.35,56.08
5.56562,7,0.4896,0.013,0.013,5.259,5.994,0.9875,0.00982,270.53,52.40,0.5633375199999999,0.7154386503999999,2.20,2.502842e-08,1.334871e-08,2.649752e-08,1.341716e-08,127.09,114.06,12008.16,10777.30,63.39,56.05
5.56588,7,0.4896,0.013,0.013,5.259,5.994,0.9875,0.00982,270.53,52.40,0.5633364799999999,0.7154373296,2.20,2.510176e-08,1.33972e-08,2.647903e-08,1.341858e-08,127.28,114.25,12026.19,10794.88,63.50,56.15
5.56613,7,0.4897,0.013,0.013,5.259,5.994,0.9875,0.00982,270.53,52.40,0.56333548,0.7154360596,2.20,2.518014e-08,1.344069e-08,2.650109e-08,1.341659e-08,127.34,114.05,12031.83,10775.64,63.53,56.04
5.56637,7,0.4897,0.013,0.013,5.259,5.994,0.9875,0.00982,270.53,52.40,0.56333452,0.7154348403999999,2.20,2.525608e-08,1.346936e-08,2.649022e-08,1.341746e-08,127.10,114.16,12009.14,10786.01,63.39,56.10
5.56663,7,0.4897,0.013,0.013,5.259,5.994,0.9875,0.00982,270.53,52.40,0.5633334799999999,0.7154335195999999,2.20,2.535144e-08,1.349777e-08,2.651954e-08,1.34231e-08,126.65,114.00,11966.50,10771.04,63.14,56.01
5.56687,7,0.4898,0.013,0.013,5.259,5.994,0.9875,0.00982,270.53,52.40,0.56333252,0.7154323004,2.20,2.541115e-08,1.353517e-08,2.653047e-08,1.341883e-08,126.79,113.85,11979.56,10757.32,63.22,55.93
5.56712,7,0.4898,0.013,0.013,5.259,5.994,0.9875,0.00982,270.53,52.40,0.56333152,0.7154310304,2.20,2.548199e-08,1.357671e-08,2.652887e-08,1.342626e-08,126.86,113.99,11986.75,10770.70,63.26,56.01
5.56738,7,0.4898,0.013,0.013,5.259,5.994,0.9875,0.00982,270.53,52.40,0.56333048,0.7154297096,2.20,2.555615e-08,1.360508e-08,2.65496e-08,1.342719e-08,126.64,113.83,11965.78,10755.19,63.13,55.92
5.56762,7,0.4899,0.013,0.013,5.258,5.994,0.9875,0.00982,270.53,52.40,0.5633295199999999,0.7154284903999999,2.20,2.559425e-08,1.363791e-08,2.654099e-08,1.343897e-08,126.92,114.13,11991.81,10783.58,63.29,56.09
5.56787,7,0.4899,0.013,0.013,5.258,5.994,0.9875,0.00982,270.53,52.40,0.56332852,0.7154272204000001,2.20,2.566208e-08,1.366995e-08,2.657328e-08,1.343075e-08,126.84,113.71,11984.11,10743.77,63.24,55.85
5.56813,7,0.4899,0.013,0.013,5.258,5.994,0.9875,0.00982,270.53,52.40,0.56332748,0.7154258996,2.20,2.571782e-08,1.36988e-08,2.660706e-08,1.346125e-08,126.82,113.94,11982.54,10765.48,63.23,55.98
5.56837,7,0.4900,0.013,0.013,5.258,5.994,0.9875,0.00982,270.53,52.40,0.5633265199999999,0.7154246804,2.20,2.579182e-08,1.373895e-08,2.660726e-08,1.345241e-08,126.86,113.81,11986.35,10753.21,63.26,55.90
5.56862,7,0.4900,0.013,0.013,5.258,5.994,0.9875,0.00982,270.53,52.40,0.5633255199999999,0.7154234103999999,2.20,2.584652e-08,1.376017e-08,2.664236e-08,1.346551e-08,126.70,113.73,11971.61,10745.71,63.17,55.86
5.56888,7,0.4900,0.013,0.013,5.258,5.994,0.9875,0.00982,270.53,52.40,0.5633244799999999,0.7154220895999999,2.20,2.590434e-08,1.378061e-08,2.664751e-08,1.348651e-08,126.50,114.04,11952.43,10775.43,63.05,56.04
5.56912,7,0.4901,0.013,0.013,5.258,5.994,0.9875,0.00982,270.53,52.40,0.56332352,0.7154208704,2.20,2.595999e-08,1.381713e-08,2.667089e-08,1.349541e-08,126.66,114.02,11967.66,10772.89,63.14,56.02
5.56937,7,0.4901,0.013,0.013,5.258,5.994,0.9875,0.00982,270.53,52.40,0.5633225199999999,0.7154196004,2.20,2.599898e-08,1.383871e-08,2.670897e-08,1.349158e-08,126.68,113.62,11969.19,10735.68,63.15,55.80
5.56963,7,0.4901,0.013,0.013,5.258,5.994,0.9875,0.00982,270.53,52.40,0.5633214799999999,0.7154182795999999,2.20,2.605187e-08,1.386888e-08,2.67458e-08,1.351852e-08,126.72,113.76,11972.92,10749.08,63.18,55.88
5.56987,7,0.4902,0.013,0.013,5.258,5.994,0.9875,0.00982,270.53,52.40,0.56332052,0.7154170604,2.20,2.61227e-08,1.38893e-08,2.676018e-08,1.352969e-08,126.41,113.85,11943.57,10757.54,63.00,55.93
5.57012,7,0.4902,0.013,0.013,5.258,5.994,0.9875,0.00982,270.53,52.40,0.56331952,0.7154157903999999,2.20,2.616413e-08,1.391435e-08,2.679674e-08,1.354116e-08,126.47,113.74,11949.12,10746.28,63.03,55.86
5.57038,7,0.4902,0.013,0.013,5.258,5.994,0.9875,0.00982,270.53,52.40,0.56331848,0.7154144696,2.20,2.62096e-08,1.394221e-08,2.682405e-08,1.35468e-08,126.54,113.60,11955.85,10733.21,63.07,55.78
5.57062,7,0.4903,0.013,0.013,5.258,5.994,0.9875,0.00982,270.53,52.40,0.56331752,0.7154132504,2.20,2.625437e-08,1.397111e-08,2.684795e-08,1.356935e-08,126.66,113.80,11967.60,10752.18,63.14,55.90
5.57088,7,0.4903,0.013,0.013,5.258,5.994,0.9875,0.00982,270.53,52.40,0.56331648,0.7154119296,2.20,2.630435e-08,1.399249e-08,2.68908e-08,1.357625e-08,126.56,113.55,11958.07,10728.60,63.09,55.76
5.57113,7,0.4904,0.013,0.013,5.258,5.994,0.9875,0.00982,270.53,52.40,0.56331548,0.7154106595999999,2.20,2.637837e-08,1.40087e-08,2.691327e-08,1.359543e-08,126.14,113.70,11918.40,10743.29,62.85,55.84
5.57137,7,0.4904,0.013,0.013,5.258,5.994,0.9875,0.00982,270.53,52.40,0.5633145199999999,0.7154094403999999,2.20,2.642303e-08,1.403278e-08,2.69535e-08,1.361045e-08,126.15,113.61,11919.06,10734.84,62.85,55.79
5.57163,7,0.4904,0.013,0.013,5.258,5.994,0.9875,0.00982,270.53,52.40,0.5633134799999999,0.7154081196,2.20,2.64605e-08,1.406322e-08,2.699242e-08,1.362157e-08,126.35,113.47,11938.14,10721.27,62.97,55.71
5.57188,7,0.4905,0.013,0.013,5.258,5.994,0.9875,0.00982,270.53,52.40,0.56331248,0.7154068496,2.20,2.651478e-08,1.407943e-08,2.700746e-08,1.362906e-08,126.13,113.49,11917.74,10723.30,62.85,55.72
5.57212,7,0.4905,0.013,0.013,5.258,5.994,0.9875,0.00982,270.53,52.40,0.56331152,0.7154056303999999,2.20,2.655754e-08,1.410452e-08,2.704538e-08,1.364241e-08,126.18,113.40,11922.04,10714.13,62.87,55.67
5.57238,7,0.4905,0.013,0.013,5.258,5.994,0.9875,0.00982,270.53,52.40,0.56331048,0.7154043095999999,2.20,2.661546e-08,1.412016e-08,2.709136e-08,1.363752e-08,125.89,112.93,11894.87,10669.79,62.71,55.41
5.57263,7,0.4906,0.013,0.013,5.257,5.994,0.9875,0.00982,270.53,52.40,0.5633094799999999,0.7154030396,2.20,2.665686e-08,1.414321e-08,2.709566e-08,1.365461e-08,125.94,113.20,11899.24,10695.51,62.74,55.56
5.57287,7,0.4906,0.013,0.013,5.257,5.994,0.9875,0.00982,270.53,52.40,0.56330852,0.7154018204,2.20,2.670577e-08,1.416208e-08,2.713156e-08,1.36549e-08,125.80,112.90,11886.58,10667.47,62.66,55.39
5.57313,7,0.4906,0.013,0.013,5.257,5.994,0.9875,0.00982,270.53,52.40,0.56330748,0.7154004996,2.20,2.673281e-08,1.419048e-08,2.712906e-08,1.367258e-08,126.07,113.22,11911.71,10697.30,62.81,55.57
5.57338,7,0.4907,0.013,0.013,5.257,5.994,0.9875,0.00982,270.53,52.40,0.5633064799999999,0.7153992295999999,2.20,2.678262e-08,1.421592e-08,2.716326e-08,1.367706e-08,126.08,113.03,11912.35,10679.40,62.81,55.46
5.57362,7,0.4907,0.013,0.013,5.257,5.994,0.9875,0.00982,270.53,52.40,0.56330552,0.7153980104000001,2.20,2.685693e-08,1.423243e-08,2.720207e-08,1.368506e-08,125.65,112.84,11871.59,10661.29,62.57,55.35
5.57388,7,0.4907,0.013,0.013,5.257,5.994,0.9875,0.00982,270.53,52.40,0.56330448,0.7153966896,2.20,2.691169e-08,1.425409e-08,2.719398e-08,1.368745e-08,125.51,112.94,11858.56,10671.43,62.49,55.41
5.57413,7,0.4908,0.013,0.013,5.257,5.994,0.9875,0.00982,270.53,52.40,0.56330348,0.7153954196,2.20,2.695111e-08,1.428189e-08,2.720732e-08,1.36857e-08,125.66,112.83,11873.21,10660.33,62.58,55.35
5.57437,7,0.4908,0.013,0.013,5.257,5.994,0.9875,0.00982,270.53,52.40,0.5633025199999999,0.7153942003999999,2.20,2.698115e-08,1.429681e-08,2.720437e-08,1.368446e-08,125.64,112.83,11871.45,10660.71,62.57,55.35
5.57463,7,0.4908,0.013,0.013,5.257,5.994,0.9875,0.00982,270.53,52.40,0.5633014799999999,0.7153928795999999,2.20,2.704374e-08,1.431737e-08,2.721678e-08,1.367374e-08,125.41,112.55,11849.26,10634.17,62.44,55.19
5.57487,7,0.4909,0.013,0.013,5.257,5.994,0.9875,0.00982,270.53,52.40,0.56330052,0.7153916604,2.20,2.708041e-08,1.433575e-08,2.721237e-08,1.368045e-08,125.42,112.72,11849.85,10650.30,62.44,55.29
5.57512,7,0.4909,0.013,0.013,5.257,5.994,0.9875,0.00982,270.53,52.40,0.5632995199999999,0.7153903904,2.20,2.712542e-08,1.434946e-08,2.722957e-08,1.366239e-08,125.23,112.28,11832.13,10608.60,62.33,55.04
5.57538,7,0.4909,0.013,0.013,5.257,5.994,0.9875,0.00982,270.53,52.40,0.5632984799999999,0.7153890695999999,2.20,2.717982e-08,1.436508e-08,2.719822e-08,1.366298e-08,124.98,112.55,11809.16,10634.09,62.20,55.19
5.57562,7,0.4910,0.013,0.013,5.257,5.994,0.9875,0.00982,270.53,52.40,0.56329752,0.7153878504,2.20,2.721898e-08,1.438351e-08,2.720033e-08,1.365854e-08,124.97,112.48,11807.62,10627.66,62.19,55.15
5.57587,7,0.4910,0.013,0.013,5.257,5.994,0.9875,0.00982,270.53,52.40,0.56329652,0.7153865803999999,2.20,2.725468e-08,1.439582e-08,2.71682e-08,1.363495e-08,124.85,112.36,11796.23,10616.00,62.12,55.08
5.57613,7,0.4910,0.013,0.013,5.257,5.994,0.9875,0.00982,270.53,52.40,0.56329548,0.7153852596,2.20,2.72957e-08,1.441255e-08,2.716572e-08,1.362814e-08,124.76,112.26,11787.67,10607.30,62.07,55.03
5.57637,7,0.4911,0.013,0.013,5.257,5.994,0.9875,0.00982,270.53,52.40,0.5632945199999999,0.7153840403999999,2.20,2.732033e-08,1.442829e-08,2.714083e-08,1.360403e-08,124.83,112.10,11794.81,10591.30,62.11,54.94
5.57662,7,0.4911,0.013,0.013,5.257,5.994,0.9875,0.00982,270.53,52.40,0.56329352,0.7153827704,2.20,2.735263e-08,1.443638e-08,2.712004e-08,1.358759e-08,124.67,112.00,11779.30,10581.90,62.02,54.88
5.57688,7,0.4911,0.013,0.013,5.257,5.994,0.9875,0.00982,270.53,52.40,0.56329248,0.7153814495999999,2.20,2.73993e-08,1.444659e-08,2.709067e-08,1.356192e-08,124.41,111.81,11754.45,10564.80,61.87,54.78
5.57712,7,0.4912,0.013,0.013,5.256,5.994,0.9875,0.00982,270.53,52.40,0.5632915199999999,0.7153802303999999,2.20,2.741234e-08,1.445682e-08,2.705645e-08,1.354661e-08,124.49,111.87,11762.62,10569.80,61.92,54.81
5.57737,7,0.4912,0.013,0.013,5.256,5.994,0.9875,0.00982,270.53,52.40,0.56329052,0.7153789604,2.20,2.74558e-08,1.447192e-08,2.701775e-08,1.353104e-08,124.35,111.93,11749.19,10575.75,61.84,54.84
5.57763,7,0.4912,0.013,0.013,5.256,5.994,0.9875,0.00982,270.53,52.40,0.56328948,0.7153776396,2.20,2.74696e-08,1.447129e-08,2.698462e-08,1.349702e-08,124.21,111.64,11735.63,10548.47,61.76,54.68
5.57787,7,0.4913,0.013,0.013,5.256,5.994,0.9875,0.00982,270.53,52.40,0.56328852,0.7153764203999999,2.20,2.75058e-08,1.447675e-08,2.694672e-08,1.346176e-08,123.99,111.39,11714.75,10525.11,61.63,54.54
5.57812,7,0.4913,0.013,0.013,5.256,5.994,0.9875,0.00982,270.53,52.40,0.5632875199999999,0.7153751503999999,2.20,2.751665e-08,1.448701e-08,2.687959e-08,1.345125e-08,124.07,111.78,11722.52,10561.24,61.68,54.76
5.57838,7,0.4913,0.013,0.013,5.256,5.994,0.9875,0.00982,270.53,52.40,0.5632864799999999,0.7153738296,2.20,2.750381e-08,1.447931e-08,2.684996e-08,1.340474e-08,124.05,111.25,11720.91,10511.51,61.67,54.46
5.57862,7,0.4914,0.013,0.013,5.256,5.994,0.9875,0.00982,270.54,52.40,0.56328552,0.7153726104,2.20,2.751731e-08,1.448723e-08,2.680642e-08,1.338041e-08,124.09,111.23,11724.69,10509.58,61.69,54.45
5.57888,7,0.4914,0.013,0.012,5.256,5.994,0.9875,0.00982,270.54,52.40,0.56328448,0.7153712896,2.20,2.755152e-08,1.446891e-08,2.675187e-08,1.334795e-08,123.44,111.14,11662.95,10501.46,61.32,54.40
5.57913,7,0.4914,0.013,0.012,5.256,5.994,0.9875,0.00982,270.54,52.40,0.56328348,0.7153700195999999,2.20,2.75513e-08,1.448006e-08,2.669969e-08,1.330951e-08,123.64,110.94,11682.09,10481.96,61.44,54.28
5.57937,7,0.4915,0.013,0.012,5.256,5.994,0.9875,0.00982,270.54,52.40,0.56328252,0.7153688004000001,2.20,2.755151e-08,1.446772e-08,2.666444e-08,1.328114e-08,123.44,110.78,11663.31,10467.12,61.33,54.19
5.57963,7,0.4915,0.013,0.012,5.256,5.994,0.9875,0.00982,270.54,52.40,0.56328148,0.7153674796,2.20,2.755973e-08,1.445048e-08,2.660027e-08,1.325385e-08,123.05,110.86,11626.79,10474.48,61.11,54.24
5.57988,7,0.4916,0.013,0.012,5.256,5.994,0.9875,0.00982,270.54,52.40,0.56328048,0.7153662096,2.20,2.754359e-08,1.445119e-08,2.656124e-08,1.321947e-08,123.24,110.63,11644.69,10453.08,61.21,54.11
5.58012,7,0.4916,0.013,0.012,5.256,5.994,0.9875,0.00982,270.54,52.40,0.5632795199999999,0.7153649903999999,2.20,2.75508e-08,1.442856e-08,2.649398e-08,1.318622e-08,122.77,110.64,11600.02,10453.43,60.95,54.11
5.58038,7,0.4916,0.013,0.012,5.256,5.994,0.9875,0.00982,270.54,52.40,0.5632784799999999,0.7153636695999999,2.20,2.753104e-08,1.442022e-08,2.641878e-08,1.314951e-08,122.81,110.65,11603.41,10454.57,60.97,54.12
5.58063,7,0.4917,0.013,0.012,5.256,5.994,0.9875,0.00982,270.54,52.40,0.56327748,0.7153623996,2.20,2.751307e-08,1.43983e-08,2.639844e-08,1.31283e-08,122.61,110.48,11584.64,10439.14,60.86,54.03
5.58087,7,0.4917,0.013,0.012,5.256,5.994,0.9875,0.00982,270.54,52.40,0.56327652,0.7153611804,2.20,2.749904e-08,1.438765e-08,2.633538e-08,1.309731e-08,122.55,110.49,11579.05,10439.73,60.82,54.03
5.58113,7,0.4917,0.013,0.012,5.256,5.994,0.9875,0.00982,270.54,52.40,0.5632754799999999,0.7153598595999999,2.20,2.746751e-08,1.436865e-08,2.628912e-08,1.305443e-08,122.50,110.16,11574.82,10408.21,60.80,53.84
5.58138,7,0.4918,0.013,0.012,5.256,5.994,0.9875,0.00982,270.54,52.40,0.5632744799999999,0.7153585895999999,2.20,2.744151e-08,1.434834e-08,2.62482e-08,1.302804e-08,122.41,110.08,11565.84,10400.70,60.74,53.80
5.58162,7,0.4918,0.013,0.012,5.256,5.994,0.9875,0.00982,270.54,52.40,0.56327352,0.7153573704,2.20,2.739135e-08,1.433182e-08,2.618737e-08,1.29978e-08,122.58,110.08,11582.28,10400.62,60.84,53.80
5.58188,7,0.4918,0.013,0.012,5.256,5.994,0.9875,0.00982,270.54,52.40,0.56327248,0.7153560496,2.20,2.737047e-08,1.429263e-08,2.614271e-08,1.296474e-08,122.08,109.89,11534.44,10383.30,60.56,53.69
5.58212,7,0.4919,0.013,0.012,5.255,5.994,0.9875,0.00982,270.54,52.40,0.5632715199999999,0.7153548303999999,2.20,2.733579e-08,1.427323e-08,2.609414e-08,1.293627e-08,122.08,109.84,11534.60,10378.44,60.56,53.66
5.58237,7,0.4919,0.013,0.012,5.255,5.994,0.9875,0.00982,270.54,52.40,0.56327052,0.7153535604,2.20,2.731938e-08,1.425264e-08,2.604742e-08,1.289834e-08,121.86,109.59,11514.27,10354.93,60.44,53.52
5.58263,7,0.4919,0.013,0.012,5.255,5.994,0.9875,0.00982,270.54,52.40,0.56326948,0.7153522396,2.20,2.726564e-08,1.421979e-08,2.600354e-08,1.287817e-08,121.78,109.62,11506.13,10357.41,60.39,53.54
5.58287,7,0.4920,0.013,0.012,5.255,5.994,0.9875,0.00982,270.54,52.40,0.5632685199999999,0.7153510204,2.20,2.723799e-08,1.419177e-08,2.595221e-08,1.285289e-08,121.56,109.64,11485.47,10359.74,60.26,53.55
5.58312,7,0.4920,0.013,0.012,5.255,5.994,0.9875,0.00982,270.54,52.40,0.5632675199999999,0.7153497503999999,2.20,2.716929e-08,1.416178e-08,2.591548e-08,1.282676e-08,121.66,109.51,11495.30,10347.05,60.32,53.48
5.58338,7,0.4920,0.013,0.012,5.255,5.994,0.9875,0.00982,270.54,52.40,0.56326648,0.7153484296,2.20,2.712759e-08,1.412943e-08,2.587366e-08,1.280405e-08,121.47,109.48,11477.30,10343.83,60.22,53.46
5.58362,7,0.4921,0.013,0.012,5.255,5.994,0.9875,0.00982,270.54,52.40,0.56326552,0.7153472103999999,2.20,2.709142e-08,1.410904e-08,2.584264e-08,1.277343e-08,121.47,109.24,11477.00,10321.51,60.21,53.32
5.58387,7,0.4921,0.013,0.012,5.255,5.994,0.9875,0.00982,270.54,52.40,0.5632645199999999,0.7153459403999999,2.20,2.702722e-08,1.406122e-08,2.581073e-08,1.275091e-08,121.21,109.13,11452.55,10310.72,60.07,53.26
5.58413,7,0.4921,0.013,0.012,5.255,5.994,0.9875,0.00982,270.54,52.40,0.5632634799999999,0.7153446196,2.20,2.698946e-08,1.40402e-08,2.578296e-08,1.272156e-08,121.19,108.86,11450.21,10285.74,60.05,53.11
5.58437,7,0.4922,0.013,0.012,5.255,5.994,0.9875,0.00982,270.54,52.40,0.56326252,0.7153434004,2.20,2.691853e-08,1.400244e-08,2.57415e-08,1.270647e-08,121.19,108.97,11451.07,10296.42,60.06,53.18
5.58462,7,0.4922,0.013,0.012,5.255,5.994,0.9875,0.00982,270.54,52.40,0.56326152,0.7153421303999999,2.20,2.688838e-08,1.397351e-08,2.571401e-08,1.268721e-08,120.96,108.88,11428.49,10287.31,59.92,53.12
5.58488,7,0.4922,0.013,0.012,5.255,5.994,0.9875,0.00982,270.54,52.40,0.56326048,0.7153408095999999,2.20,2.683559e-08,1.392758e-08,2.567481e-08,1.266213e-08,120.62,108.78,11396.98,10278.11,59.74,53.07
5.58512,7,0.4923,0.013,0.012,5.255,5.994,0.9875,0.00982,270.54,52.40,0.56325952,0.7153395904000001,2.20,2.679667e-08,1.390245e-08,2.56469e-08,1.265039e-08,120.56,108.84,11390.89,10283.45,59.70,53.10
5.58537,7,0.4923,0.013,0.012,5.255,5.994,0.9875,0.00982,270.54,52.40,0.56325852,0.7153383204,2.20,2.672042e-08,1.38789e-08,2.56116e-08,1.262042e-08,120.85,108.62,11418.27,10263.29,59.86,52.98
5.58563,7,0.4923,0.013,0.012,5.255,5.994,0.9875,0.00982,270.54,52.40,0.56325748,0.7153369996,2.20,2.665818e-08,1.384698e-08,2.559505e-08,1.260397e-08,120.85,108.48,11418.97,10249.99,59.87,52.90
5.58587,7,0.4924,0.013,0.012,5.255,5.994,0.9875,0.00982,270.54,52.40,0.5632565199999999,0.7153357803999999,2.20,2.663964e-08,1.382026e-08,2.556364e-08,1.257455e-08,120.57,108.27,11391.97,10229.71,59.71,52.78
5.58613,7,0.4924,0.013,0.012,5.255,5.994,0.9875,0.00982,270.54,52.40,0.5632554799999999,0.7153344595999999,2.20,2.659112e-08,1.379605e-08,2.553418e-08,1.256428e-08,120.59,108.34,11393.62,10236.48,59.72,52.82
5.58638,7,0.4924,0.013,0.012,5.255,5.994,0.9875,0.00982,270.54,52.40,0.56325448,0.7153331896,2.20,2.655113e-08,1.376415e-08,2.550887e-08,1.254025e-08,120.38,108.14,11374.47,10217.91,59.60,52.71
5.58662,7,0.4925,0.013,0.012,5.255,5.994,0.9875,0.00982,270.54,52.40,0.56325352,0.7153319704,2.20,2.648808e-08,1.373006e-08,2.547328e-08,1.251564e-08,120.38,108.04,11374.36,10208.57,59.60,52.65
5.58688,7,0.4925,0.013,0.012,5.255,5.994,0.9875,0.00982,270.54,52.40,0.5632524799999999,0.7153306495999999,2.20,2.64611e-08,1.371586e-08,2.544429e-08,1.249836e-08,120.38,107.99,11373.99,10203.70,59.60,52.62
5.58713,7,0.4925,0.013,0.012,5.255,5.994,0.9875,0.00982,270.54,52.40,0.5632514799999999,0.7153293795999999,2.20,2.6406e-08,1.368195e-08,2.542327e-08,1.248217e-08,120.28,107.89,11364.77,10194.29,59.54,52.56
5.58737,7,0.4926,0.013,0.012,5.254,5.994,0.9875,0.00982,270.54,52.40,0.56325052,0.7153281604,2.20,2.63745e-08,1.365856e-08,2.538088e-08,1.245513e-08,120.18,107.81,11354.88,10186.35,59.48,52.52
5.58763,7,0.4926,0.013,0.012,5.254,5.994,0.9875,0.00982,270.54,52.40,0.56324948,0.7153268396,2.20,2.633545e-08,1.363452e-08,2.534181e-08,1.243622e-08,120.11,107.81,11348.29,10186.77,59.44,52.52
5.58788,7,0.4927,0.013,0.012,5.254,5.994,0.9875,0.00982,270.54,52.40,0.5632484799999999,0.7153255695999999,2.20,2.630889e-08,1.360937e-08,2.531513e-08,1.240482e-08,119.92,107.52,11330.91,10159.40,59.34,52.36
5.58812,7,0.4927,0.013,0.012,5.254,5.994,0.9875,0.00982,270.54,52.40,0.56324752,0.7153243504,2.20,2.62841e-08,1.359327e-08,2.525213e-08,1.237874e-08,119.86,107.61,11325.26,10167.12,59.31,52.40
5.58838,7,0.4927,0.013,0.012,5.254,5.994,0.9875,0.00982,270.54,52.40,0.56324648,0.7153230296,2.20,2.623917e-08,1.356092e-08,2.523885e-08,1.234761e-08,119.70,107.19,11309.52,10127.50,59.21,52.17
5.58863,7,0.4928,0.013,0.012,5.254,5.994,0.9875,0.00982,270.54,52.40,0.56324548,0.7153217596,2.20,2.620188e-08,1.35478e-08,2.518729e-08,1.232538e-08,119.83,107.26,11322.45,10134.38,59.29,52.21
5.58887,7,0.4928,0.013,0.012,5.254,5.994,0.9875,0.00982,270.54,52.40,0.5632445199999999,0.7153205403999999,2.20,2.616146e-08,1.353542e-08,2.514819e-08,1.230404e-08,119.99,107.22,11337.23,10130.82,59.38,52.19
5.58913,7,0.4928,0.013,0.012,5.254,5.994,0.9875,0.00982,270.54,52.40,0.5632434799999999,0.7153192195999999,2.20,2.613623e-08,1.35049e-08,2.50936e-08,1.227488e-08,119.67,107.18,11306.93,10126.86,59.20,52.16
5.58938,7,0.4929,0.013,0.012,5.254,5.994,0.9875,0.00982,270.54,52.40,0.56324248,0.7153179496,2.20,2.613082e-08,1.34955e-08,2.501961e-08,1.22343e-08,119.57,107.13,11297.78,10121.81,59.14,52.13
5.58962,7,0.4929,0.013,0.012,5.254,5.994,0.9875,0.00982,270.54,52.40,0.5632415199999999,0.7153167304,2.20,2.609459e-08,1.347255e-08,2.497214e-08,1.221861e-08,119.49,107.26,11290.44,10134.02,59.10,52.20
5.58988,7,0.4929,0.013,0.012,5.254,5.994,0.9875,0.00982,270.54,52.40,0.5632404799999999,0.7153154096,2.20,2.606786e-08,1.344273e-08,2.493767e-08,1.216282e-08,119.20,106.59,11262.69,10070.92,58.93,51.83
5.59012,7,0.4930,0.013,0.012,5.254,5.994,0.9875,0.00982,270.54,52.40,0.56323952,0.7153141904,2.20,2.605171e-08,1.342981e-08,2.486553e-08,1.212644e-08,119.14,106.59,11257.03,10071.02,58.90,51.83
5.59037,7,0.4930,0.013,0.012,5.254,5.994,0.9875,0.00982,270.54,52.40,0.56323852,0.7153129203999999,2.20,2.60304e-08,1.341795e-08,2.480305e-08,1.209516e-08,119.12,106.57,11255.51,10069.71,58.89,51.82
5.59063,7,0.4930,0.013,0.012,5.254,5.994,0.9875,0.00982,270.54,52.40,0.56323748,0.7153115995999999,2.20,2.599704e-08,1.339794e-08,2.473097e-08,1.205914e-08,119.07,106.56,11250.64,10068.29,58.86,51.81
5.59087,7,0.4931,0.013,0.012,5.254,5.994,0.9875,0.00982,270.54,52.40,0.5632365199999999,0.7153103804,2.20,2.598672e-08,1.338975e-08,2.466622e-08,1.202103e-08,119.04,106.47,11247.94,10059.65,58.84,51.76
5.59112,7,0.4931,0.013,0.012,5.254,5.994,0.9875,0.00982,270.54,52.40,0.56323552,0.7153091104,2.20,2.594152e-08,1.336661e-08,2.458761e-08,1.198988e-08,119.05,106.59,11248.20,10071.39,58.85,51.83
5.59138,7,0.4931,0.013,0.012,5.254,5.994,0.9875,0.00982,270.54,52.40,0.56323448,0.7153077896,2.20,2.592616e-08,1.334967e-08,2.450003e-08,1.194311e-08,118.88,106.52,11232.53,10064.70,58.75,51.79
5.59162,7,0.4932,0.013,0.012,5.254,5.994,0.9875,0.00982,270.54,52.40,0.5632335199999999,0.7153065703999999,2.20,2.590781e-08,1.333141e-08,2.444035e-08,1.190452e-08,118.74,106.38,11219.53,10051.10,58.67,51.71
5.59187,7,0.4932,0.013,0.012,5.254,5.994,0.9875,0.00982,270.54,52.40,0.56323252,0.7153053004000001,2.20,2.586676e-08,1.331192e-08,2.435001e-08,1.185025e-08,118.77,106.20,11222.36,10034.15,58.69,51.61
5.59213,7,0.4932,0.013,0.012,5.254,5.994,0.9875,0.00982,270.54,52.40,0.56323148,0.7153039796,2.20,2.585604e-08,1.328947e-08,2.426409e-08,1.17993e-08,118.46,106.04,11192.98,10019.04,58.52,51.52
5.59237,7,0.4933,0.013,0.012,5.253,5.994,0.9875,0.00982,270.54,52.40,0.56323052,0.7153027604,2.20,2.580905e-08,1.327043e-08,2.417989e-08,1.176183e-08,118.58,106.12,11204.13,10026.84,58.58,51.56
5.59262,7,0.4933,0.013,0.012,5.253,5.994,0.9875,0.00982,270.54,52.40,0.5632295199999999,0.7153014903999999,2.20,2.580826e-08,1.324838e-08,2.408156e-08,1.172072e-08,118.18,106.24,11166.58,10038.04,58.36,51.63
5.59288,7,0.4933,0.013,0.012,5.253,5.994,0.9875,0.00982,270.54,52.40,0.5632284799999999,0.7153001695999999,2.20,2.575009e-08,1.322122e-08,2.399772e-08,1.166086e-08,118.23,105.90,11171.27,10006.19,58.39,51.44
5.59312,7,0.4934,0.013,0.012,5.253,5.994,0.9875,0.00982,270.54,52.40,0.56322752,0.7152989504,2.20,2.572628e-08,1.320725e-08,2.390007e-08,1.160726e-08,118.23,105.81,11170.50,9997.91,58.38,51.39
5.59337,7,0.4934,0.013,0.012,5.253,5.994,0.9875,0.00982,270.54,52.40,0.56322652,0.7152976804,2.20,2.568371e-08,1.318115e-08,2.38066e-08,1.156088e-08,118.15,105.80,11163.11,9996.26,58.34,51.38
5.59363,7,0.4934,0.013,0.012,5.253,5.994,0.9875,0.00982,270.54,52.40,0.56322548,0.7152963595999999,2.20,2.566196e-08,1.315833e-08,2.370605e-08,1.151667e-08,117.93,105.88,11142.83,10004.06,58.22,51.43
5.59387,7,0.4935,0.013,0.012,5.253,5.994,0.9875,0.00982,270.54,52.40,0.56322452,0.7152951404,2.20,2.559812e-08,1.313122e-08,2.362263e-08,1.146342e-08,118.06,105.67,11154.89,9984.53,58.29,51.31
5.59413,7,0.4935,0.013,0.012,5.253,5.994,0.9875,0.00982,270.54,52.40,0.56322348,0.7152938196,2.20,2.555176e-08,1.309147e-08,2.352555e-08,1.141379e-08,117.77,105.63,11127.03,9980.25,58.12,51.29
5.59438,7,0.4935,0.013,0.012,5.253,5.994,0.9875,0.00982,270.54,52.40,0.56322248,0.7152925496,2.20,2.55269e-08,1.307694e-08,2.341973e-08,1.136278e-08,117.73,105.63,11123.90,9980.81,58.10,51.29
5.59462,7,0.4936,0.013,0.012,5.253,5.994,0.9875,0.00982,270.54,52.40,0.5632215199999999,0.7152913303999999,2.20,2.546348e-08,1.303733e-08,2.332361e-08,1.13163e-08,117.62,105.66,11113.71,9983.10,58.04,51.30
5.59488,7,0.4936,0.013,0.012,5.253,5.994,0.9875,0.00982,270.54,52.40,0.5632204799999999,0.7152900095999999,2.20,2.542912e-08,1.300978e-08,2.323742e-08,1.125943e-08,117.44,105.38,11096.30,9957.25,57.94,51.15
5.59513,7,0.4936,0.013,0.012,5.253,5.994,0.9875,0.00983,270.54,52.40,0.56321948,0.7152887396000001,2.20,2.535539e-08,1.296986e-08,2.314832e-08,1.12098e-08,117.40,105.27,11092.45,9946.13,57.92,51.08
5.59537,7,0.4937,0.013,0.012,5.253,5.994,0.9875,0.00983,270.54,52.40,0.56321852,0.7152875204,2.20,2.532886e-08,1.29372e-08,2.304923e-08,1.11622e-08,117.07,105.30,11061.29,9948.81,57.73,51.10
5.59563,7,0.4937,0.013,0.012,5.253,5.994,0.9875,0.00983,270.54,52.40,0.5632174799999999,0.7152861996,2.20,2.527183e-08,1.291225e-08,2.29567e-08,1.111019e-08,117.15,105.16,11068.61,9936.33,57.77,51.02
5.59588,7,0.4937,0.013,0.012,5.253,5.994,0.9875,0.00983,270.54,52.40,0.5632164799999999,0.7152849295999999,2.20,2.520088e-08,1.28705e-08,2.28779e-08,1.106233e-08,117.04,104.98,11058.95,9919.43,57.72,50.92
5.59612,7,0.4938,0.013,0.012,5.253,5.994,0.9875,0.00983,270.54,52.40,0.56321552,0.7152837103999999,2.20,2.513956e-08,1.283708e-08,2.279258e-08,1.102107e-08,117.03,105.01,11057.48,9921.43,57.71,50.93
5.59638,7,0.4938,0.013,0.012,5.253,5.994,0.9875,0.00983,270.54,52.40,0.56321448,0.7152823896,2.20,2.509367e-08,1.279502e-08,2.269705e-08,1.097147e-08,116.68,104.94,11024.69,9915.47,57.51,50.90
5.59663,7,0.4939,0.013,0.012,5.253,5.994,0.9875,0.00983,270.54,52.40,0.5632134799999999,0.7152811196,2.20,2.502548e-08,1.275591e-08,2.262227e-08,1.0932e-08,116.62,104.90,11019.27,9911.65,57.48,50.88
5.59687,7,0.4939,0.013,0.012,5.253,5.994,0.9875,0.00983,270.54,52.40,0.56321252,0.7152799004,2.20,2.495753e-08,1.272008e-08,2.253225e-08,1.088893e-08,116.60,104.91,11017.16,9912.41,57.47,50.88
5.59713,7,0.4939,0.013,0.012,5.253,5.994,0.9875,0.00983,270.54,52.40,0.56321148,0.7152785796,2.20,2.489688e-08,1.268043e-08,2.245666e-08,1.084256e-08,116.44,104.73,11001.70,9895.03,57.37,50.78
5.59738,7,0.4940,0.013,0.012,5.252,5.994,0.9875,0.00983,270.54,52.40,0.56321048,0.7152773095999999,2.20,2.483164e-08,1.263261e-08,2.237627e-08,1.08022e-08,116.19,104.72,10978.08,9894.29,57.23,50.77
5.59762,7,0.4940,0.013,0.012,5.252,5.994,0.9875,0.00983,270.54,52.40,0.5632095199999999,0.7152760903999998,2.20,2.476678e-08,1.259568e-08,2.229917e-08,1.076355e-08,116.11,104.69,10971.11,9891.75,57.19,50.76
5.59788,7,0.4940,0.013,0.012,5.252,5.994,0.9875,0.00983,270.54,52.40,0.56320848,0.7152747696,2.20,2.470241e-08,1.256722e-08,2.224034e-08,1.072658e-08,116.20,104.53,10978.71,9876.49,57.24,50.67
5.59812,7,0.4941,0.013,0.012,5.252,5.994,0.9875,0.00983,270.54,52.40,0.56320752,0.7152735504,2.20,2.463383e-08,1.251145e-08,2.21694e-08,1.06879e-08,115.83,104.47,10943.75,9870.53,57.03,50.63
5.59837,7,0.4941,0.013,0.012,5.252,5.994,0.9875,0.00983,270.54,52.40,0.5632065199999999,0.7152722803999999,2.20,2.457726e-08,1.248082e-08,2.209599e-08,1.065466e-08,115.79,104.51,10940.37,9874.37,57.01,50.65
5.59863,7,0.4941,0.013,0.012,5.252,5.994,0.9875,0.00983,270.54,52.40,0.5632054799999999,0.7152709595999999,2.20,2.449767e-08,1.243461e-08,2.20416e-08,1.062785e-08,115.68,104.50,10930.03,9873.33,56.95,50.65
5.59887,7,0.4942,0.013,0.012,5.252,5.994,0.9875,0.00983,270.54,52.40,0.56320452,0.7152697404,2.20,2.443541e-08,1.239675e-08,2.199087e-08,1.058905e-08,115.58,104.24,10921.04,9849.57,56.89,50.51
5.59912,7,0.4942,0.013,0.012,5.252,5.994,0.9875,0.00983,270.54,52.40,0.56320352,0.7152684704,2.20,2.436314e-08,1.236236e-08,2.192511e-08,1.055262e-08,115.63,104.15,10925.12,9841.00,56.92,50.45
5.59938,7,0.4942,0.013,0.012,5.252,5.994,0.9875,0.00983,270.54,52.40,0.56320248,0.7152671495999999,2.20,2.43171e-08,1.231683e-08,2.187464e-08,1.052496e-08,115.21,104.09,10885.35,9834.93,56.68,50.42
5.59962,7,0.4943,0.013,0.012,5.252,5.994,0.9875,0.00983,270.54,52.40,0.56320152,0.7152659304,2.20,2.423621e-08,1.228177e-08,2.183537e-08,1.050215e-08,115.34,104.04,10898.18,9829.86,56.76,50.39
5.59987,7,0.4943,0.013,0.012,5.252,5.994,0.9875,0.00983,270.54,52.40,0.56320052,0.7152646604,2.20,2.418229e-08,1.225257e-08,2.178386e-08,1.048017e-08,115.31,104.09,10894.80,9834.91,56.74,50.42
5.60013,7,0.4943,0.013,0.012,5.252,5.994,0.9875,0.00983,270.54,52.40,0.56319948,0.7152633396,2.20,2.413038e-08,1.220536e-08,2.174256e-08,1.045327e-08,114.91,103.95,10857.10,9822.18,56.51,50.34
5.60037,7,0.4944,0.013,0.012,5.252,5.994,0.9875,0.00983,270.54,52.40,0.5631985199999999,0.7152621203999999,2.20,2.406683e-08,1.217226e-08,2.167987e-08,1.042736e-08,114.91,104.06,10857.57,9831.85,56.51,50.40
5.60062,7,0.4944,0.013,0.012,5.252,5.994,0.9875,0.00983,270.54,52.40,0.56319752,0.7152608504,2.20,2.402098e-08,1.214691e-08,2.163602e-08,1.039954e-08,114.87,103.93,10853.66,9819.60,56.49,50.33
5.60088,7,0.4944,0.013,0.012,5.252,5.994,0.9875,0.00983,270.54,52.40,0.56319648,0.7152595296,2.20,2.39623e-08,1.210944e-08,2.160318e-08,1.038153e-08,114.72,103.88,10839.54,9815.55,56.41,50.30
5.60112,7,0.4945,0.013,0.012,5.252,5.994,0.9875,0.00983,270.54,52.40,0.56319552,0.7152583104,2.20,2.392569e-08,1.20776e-08,2.156748e-08,1.035439e-08,114.49,103.71,10817.58,9799.35,56.27,50.20
5.60137,7,0.4945,0.013,0.012,5.252,5.994,0.9875,0.00983,270.54,52.40,0.5631945199999999,0.7152570403999999,2.20,2.387107e-08,1.205063e-08,2.153383e-08,1.034388e-08,114.50,103.82,10818.68,9809.65,56.28,50.27
5.60163,7,0.4945,0.013,0.012,5.252,5.994,0.9875,0.00983,270.54,52.40,0.5631934799999999,0.7152557195999999,2.20,2.383067e-08,1.202854e-08,2.149747e-08,1.031381e-08,114.47,103.58,10815.60,9786.63,56.26,50.13
5.60187,7,0.4946,0.013,0.012,5.252,5.994,0.9875,0.00983,270.54,52.40,0.56319252,0.7152545003999999,2.20,2.378669e-08,1.200542e-08,2.146854e-08,1.0295e-08,114.47,103.50,10816.11,9779.61,56.27,50.09
5.60213,7,0.4946,0.013,0.012,5.252,5.994,0.9875,0.00983,270.54,52.40,0.56319148,0.7152531796,2.20,2.374972e-08,1.197139e-08,2.144318e-08,1.028692e-08,114.18,103.58,10788.14,9787.07,56.10,50.13
5.60238,7,0.4946,0.013,0.012,5.252,5.994,0.9875,0.00983,270.54,52.40,0.5631904799999999,0.7152519096,2.20,2.370525e-08,1.195743e-08,2.14047e-08,1.026373e-08,114.34,103.49,10803.55,9778.40,56.19,50.08
5.60262,7,0.4947,0.013,0.012,5.251,5.994,0.9875,0.00983,270.54,52.40,0.56318952,0.7152506904,2.20,2.369471e-08,1.193317e-08,2.138165e-08,1.024565e-08,114.00,103.38,10771.23,9767.51,56.00,50.01
5.60288,7,0.4947,0.013,0.012,5.251,5.994,0.9875,0.00983,270.54,52.40,0.56318848,0.7152493696,2.20,2.363312e-08,1.19109e-08,2.134321e-08,1.02234e-08,114.17,103.30,10787.19,9760.49,56.09,49.97
5.60313,7,0.4947,0.013,0.012,5.251,5.994,0.9875,0.00983,270.54,52.40,0.56318748,0.7152480995999999,2.20,2.359738e-08,1.188554e-08,2.130705e-08,1.020454e-08,114.03,103.27,10773.76,9757.66,56.01,49.96
5.60337,7,0.4948,0.013,0.012,5.251,5.994,0.9875,0.00983,270.54,52.40,0.5631865199999999,0.7152468804,2.20,2.359732e-08,1.187488e-08,2.127396e-08,1.01827e-08,113.84,103.18,10756.54,9748.63,55.91,49.90
5.60363,7,0.4948,0.013,0.012,5.251,5.994,0.9875,0.00983,270.54,52.40,0.5631854799999999,0.7152455595999999,2.20,2.356771e-08,1.185929e-08,2.125263e-08,1.016505e-08,113.83,103.03,10755.28,9734.96,55.90,49.82
5.60388,7,0.4948,0.013,0.012,5.251,5.994,0.9875,0.00983,270.54,52.40,0.56318448,0.7152442896,2.20,2.35397e-08,1.184583e-08,2.120906e-08,1.015375e-08,113.84,103.22,10756.44,9752.52,55.91,49.92
5.60412,7,0.4949,0.013,0.012,5.251,5.994,0.9875,0.00983,270.54,52.40,0.5631835199999999,0.7152430703999999,2.20,2.352008e-08,1.183238e-08,2.119287e-08,1.013836e-08,113.80,103.09,10752.07,9740.41,55.88,49.85
5.60438,7,0.4949,0.013,0.012,5.251,5.994,0.9875,0.00983,270.54,52.40,0.5631824799999999,0.7152417496,2.20,2.349482e-08,1.181842e-08,2.116057e-08,1.012107e-08,113.77,103.05,10749.78,9737.02,55.87,49.83
5.60463,7,0.4949,0.013,0.012,5.251,5.994,0.9875,0.00983,270.54,52.40,0.56318148,0.7152404796,2.20,2.348765e-08,1.179605e-08,2.111475e-08,1.009373e-08,113.41,102.95,10715.48,9727.00,55.66,49.77
5.60487,7,0.4950,0.013,0.012,5.251,5.994,0.9875,0.00983,270.54,52.40,0.56318052,0.7152392604,2.20,2.349477e-08,1.179249e-08,2.109148e-08,1.008075e-08,113.29,102.93,10704.64,9725.54,55.60,49.76
5.60513,7,0.4950,0.013,0.012,5.251,5.994,0.9875,0.00983,270.54,52.40,0.56317948,0.7152379395999999,2.20,2.346259e-08,1.178089e-08,2.105335e-08,1.005262e-08,113.38,102.74,10712.95,9707.21,55.65,49.65
5.60538,7,0.4951,0.013,0.012,5.251,5.994,0.9875,0.00983,270.54,52.40,0.5631784799999999,0.7152366695999999,2.20,2.344516e-08,1.177279e-08,2.100757e-08,1.003827e-08,113.42,102.91,10716.30,9723.10,55.67,49.75
5.60562,7,0.4951,0.013,0.012,5.251,5.994,0.9875,0.00983,270.54,52.40,0.56317752,0.7152354504,2.20,2.342114e-08,1.176141e-08,2.099348e-08,1.001619e-08,113.43,102.61,10717.55,9694.65,55.68,49.58
5.60588,7,0.4951,0.013,0.012,5.251,5.994,0.9875,0.00983,270.54,52.40,0.56317648,0.7152341296,2.20,2.343536e-08,1.175671e-08,2.094853e-08,9.99959e-09,113.20,102.70,10695.91,9703.64,55.55,49.63
5.60612,7,0.4952,0.013,0.012,5.251,5.994,0.9875,0.00983,270.54,52.40,0.5631755199999999,0.7152329103999999,2.20,2.340821e-08,1.174178e-08,2.090474e-08,9.972484e-09,113.20,102.60,10695.68,9694.06,55.55,49.58
5.60637,7,0.4952,0.013,0.012,5.251,5.994,0.9875,0.00983,270.54,52.40,0.56317452,0.7152316404,2.20,2.341619e-08,1.173996e-08,2.087208e-08,9.947962e-09,113.09,102.42,10685.04,9677.43,55.48,49.48
5.60663,7,0.4952,0.013,0.012,5.251,5.994,0.9875,0.00983,270.54,52.40,0.56317348,0.7152303196,2.20,2.340281e-08,1.172539e-08,2.083259e-08,9.9343e-09,112.94,102.52,10670.69,9687.04,55.40,49.53
5.60687,7,0.4953,0.013,0.012,5.251,5.994,0.9875,0.00983,270.54,52.40,0.56317252,0.7152291004,2.20,2.339779e-08,1.171514e-08,2.077863e-08,9.905299e-09,112.81,102.48,10658.75,9682.89,55.32,49.51
5.60712,7,0.4953,0.013,0.012,5.251,5.994,0.9875,0.00983,270.54,52.40,0.5631715199999999,0.7152278303999999,2.20,2.337741e-08,1.170624e-08,2.074083e-08,9.878375e-09,112.83,102.30,10661.12,9666.24,55.34,49.41
5.60738,7,0.4953,0.013,0.012,5.251,5.994,0.9875,0.00983,270.54,52.40,0.5631704799999999,0.7152265095999999,2.20,2.337857e-08,1.169916e-08,2.070544e-08,9.855019e-09,112.69,102.18,10647.16,9654.08,55.26,49.34
5.60762,7,0.4954,0.013,0.012,5.250,5.994,0.9875,0.00983,270.54,52.40,0.56316952,0.7152252903999999,2.20,2.336576e-08,1.169389e-08,2.065829e-08,9.837799e-09,112.73,102.30,10651.39,9665.82,55.28,49.41
5.60787,7,0.4954,0.013,0.012,5.250,5.994,0.9875,0.00983,270.54,52.40,0.56316852,0.7152240204,2.20,2.334245e-08,1.168438e-08,2.060491e-08,9.807358e-09,112.77,102.20,10655.32,9656.38,55.30,49.35
5.60813,7,0.4954,0.013,0.012,5.250,5.994,0.9875,0.00983,270.54,52.40,0.5631674799999999,0.7152226996,2.20,2.332947e-08,1.167218e-08,2.056292e-08,9.780286e-09,112.66,102.06,10644.91,9643.05,55.24,49.27
5.60837,7,0.4955,0.013,0.012,5.250,5.994,0.9875,0.00983,270.54,52.40,0.56316652,0.7152214804,2.20,2.332345e-08,1.166511e-08,2.051453e-08,9.750557e-09,112.61,101.95,10639.65,9632.35,55.21,49.21
5.60862,7,0.4955,0.013,0.012,5.250,5.994,0.9875,0.00983,270.54,52.40,0.56316552,0.7152202104,2.20,2.330174e-08,1.165218e-08,2.04706e-08,9.729517e-09,112.57,101.94,10635.87,9632.05,55.19,49.20
5.60888,7,0.4955,0.013,0.012,5.250,5.994,0.9875,0.00983,270.54,52.40,0.56316448,0.7152188896,2.20,2.329482e-08,1.163494e-08,2.042749e-08,9.70395e-09,112.30,101.84,10610.73,9622.45,55.04,49.15
5.60912,7,0.4956,0.013,0.012,5.250,5.994,0.9875,0.00983,270.54,52.40,0.5631635199999999,0.7152176704,2.20,2.327332e-08,1.163481e-08,2.03733e-08,9.677996e-09,112.53,101.86,10632.24,9623.99,55.17,49.16
5.60938,7,0.4956,0.013,0.012,5.250,5.994,0.9875,0.00983,270.54,52.40,0.5631624799999999,0.7152163495999999,2.20,2.324766e-08,1.161691e-08,2.033848e-08,9.657367e-09,112.43,101.78,10622.97,9616.24,55.11,49.11
5.60963,7,0.4956,0.013,0.012,5.250,5.994,0.9875,0.00983,270.54,52.40,0.56316148,0.7152150796,2.20,2.324346e-08,1.160918e-08,2.02853e-08,9.628324e-09,112.32,101.70,10612.68,9609.03,55.05,49.07
5.60987,7,0.4957,0.013,0.012,5.250,5.994,0.9875,0.00983,270.54,52.40,0.5631605199999999,0.7152138603999999,2.20,2.321215e-08,1.159997e-08,2.025788e-08,9.600633e-09,112.47,101.42,10626.58,9583.09,55.13,48.91
5.61013,7,0.4957,0.013,0.012,5.250,5.994,0.9875,0.00983,270.54,52.40,0.5631594799999999,0.7152125396,2.20,2.31847e-08,1.157805e-08,2.021167e-08,9.584144e-09,112.31,101.53,10611.56,9593.38,55.04,48.97
5.61038,7,0.4957,0.013,0.012,5.250,5.994,0.9875,0.00983,270.54,52.40,0.5631584799999999,0.7152112695999999,2.20,2.315759e-08,1.156322e-08,2.016468e-08,9.564809e-09,112.28,101.59,10609.19,9599.01,55.03,49.01
5.61062,7,0.4958,0.013,0.012,5.250,5.994,0.9875,0.00983,270.54,52.40,0.56315752,0.7152100504,2.20,2.314273e-08,1.155136e-08,2.012901e-08,9.536589e-09,112.22,101.38,10603.19,9579.35,54.99,48.89
5.61088,7,0.4958,0.013,0.012,5.250,5.994,0.9875,0.00983,270.54,52.40,0.56315648,0.7152087295999999,2.20,2.311658e-08,1.153561e-08,2.008977e-08,9.519305e-09,112.17,101.41,10598.24,9581.85,54.96,48.90
5.61113,7,0.4958,0.013,0.012,5.250,5.994,0.9875,0.00983,270.54,52.40,0.5631554799999999,0.7152074595999999,2.20,2.309614e-08,1.152412e-08,2.006148e-08,9.500629e-09,112.14,101.30,10595.87,9571.76,54.95,48.84
5.61137,7,0.4959,0.013,0.012,5.250,5.994,0.9875,0.00983,270.54,52.40,0.56315452,0.7152062404,2.20,2.305525e-08,1.150594e-08,2.001346e-08,9.478306e-09,112.21,101.33,10602.10,9574.49,54.99,48.86
5.61163,7,0.4959,0.013,0.012,5.250,5.994,0.9875,0.00983,270.54,52.40,0.56315348,0.7152049196,2.20,2.303188e-08,1.148759e-08,1.997211e-08,9.46291e-09,112.08,101.42,10589.79,9582.54,54.91,48.91
5.61188,7,0.4959,0.013,0.012,5.250,5.994,0.9875,0.00983,270.54,52.40,0.56315248,0.7152036495999999,2.20,2.300159e-08,1.147547e-08,1.996023e-08,9.445939e-09,112.14,101.19,10595.30,9560.73,54.94,48.78
5.61212,7,0.4960,0.013,0.012,5.250,5.994,0.9875,0.00983,270.54,52.40,0.5631515199999999,0.7152024303999999,2.20,2.297258e-08,1.145918e-08,1.991985e-08,9.426278e-09,112.12,101.20,10594.08,9561.59,54.94,48.78
5.61238,7,0.4960,0.013,0.012,5.250,5.994,0.9875,0.00983,270.54,52.40,0.56315048,0.7152011096,2.20,2.294806e-08,1.143681e-08,1.991175e-08,9.411441e-09,111.93,100.97,10575.37,9540.42,54.83,48.66
5.61263,7,0.4960,0.013,0.012,5.250,5.994,0.9875,0.00983,270.54,52.40,0.56314948,0.7151998396,2.20,2.293612e-08,1.142247e-08,1.987942e-08,9.396744e-09,111.76,100.98,10559.91,9541.54,54.73,48.66
5.61287,7,0.4961,0.013,0.012,5.249,5.994,0.9875,0.00983,270.54,52.40,0.5631485199999999,0.7151986203999999,2.20,2.288912e-08,1.140659e-08,1.986417e-08,9.381941e-09,111.93,100.85,10575.94,9528.84,54.83,48.59
5.61313,7,0.4961,0.013,0.012,5.249,5.994,0.9875,0.00983,270.54,52.40,0.5631474799999999,0.7151972995999999,2.20,2.287009e-08,1.139465e-08,1.983472e-08,9.369604e-09,111.88,100.88,10571.40,9531.87,54.80,48.61
5.61337,7,0.4961,0.013,0.012,5.249,5.994,0.9875,0.00983,270.54,52.40,0.56314652,0.7151960804,2.20,2.28303e-08,1.138085e-08,1.980805e-08,9.361083e-09,112.00,100.97,10582.57,9539.74,54.87,48.65
5.61362,7,0.4962,0.013,0.012,5.249,5.994,0.9875,0.00983,270.54,52.40,0.56314552,0.7151948104,2.20,2.283025e-08,1.136893e-08,1.98002e-08,9.350713e-09,111.79,100.85,10562.66,9528.80,54.75,48.59
5.61388,7,0.4962,0.013,0.012,5.249,5.994,0.9875,0.00983,270.54,52.40,0.56314448,0.7151934896,2.20,2.280978e-08,1.135196e-08,1.978534e-08,9.348178e-09,111.66,100.94,10550.12,9537.47,54.67,48.64
5.61412,7,0.4963,0.013,0.012,5.249,5.994,0.9875,0.00983,270.54,52.40,0.56314352,0.7151922704,2.20,2.277318e-08,1.132969e-08,1.978384e-08,9.340789e-09,111.60,100.83,10544.73,9526.47,54.64,48.57
5.61437,7,0.4963,0.013,0.012,5.249,5.994,0.9875,0.00983,270.54,52.40,0.56314252,0.7151910003999999,2.20,2.276493e-08,1.132382e-08,1.978618e-08,9.324654e-09,111.57,100.47,10541.46,9493.22,54.62,48.37
5.61463,7,0.4963,0.013,0.012,5.249,5.994,0.9875,0.00983,270.54,52.40,0.56314148,0.7151896796,2.20,2.273898e-08,1.131629e-08,1.975901e-08,9.329201e-09,111.67,100.83,10551.44,9526.73,54.68,48.57
5.61487,7,0.4964,0.013,0.012,5.249,5.994,0.9875,0.00983,270.54,52.40,0.5631405199999999,0.7151884604,2.20,2.273314e-08,1.129724e-08,1.977747e-08,9.324294e-09,111.38,100.57,10523.63,9502.35,54.52,48.43
5.61512,7,0.4964,0.013,0.012,5.249,5.994,0.9875,0.00983,270.54,52.40,0.56313952,0.7151871904,2.20,2.271006e-08,1.129939e-08,1.977932e-08,9.318917e-09,111.65,100.44,10548.90,9490.31,54.67,48.36
5.61538,7,0.4964,0.013,0.012,5.249,5.994,0.9875,0.00983,270.54,52.40,0.56313848,0.7151858696,2.20,2.269809e-08,1.127948e-08,1.979316e-08,9.321447e-09,111.37,100.36,10522.99,9482.64,54.51,48.31
5.61562,7,0.4965,0.013,0.012,5.249,5.994,0.9875,0.00983,270.54,52.40,0.56313752,0.7151846503999999,2.20,2.270348e-08,1.127863e-08,1.978611e-08,9.317963e-09,111.33,100.38,10518.57,9484.23,54.49,48.32
5.61587,7,0.4965,0.013,0.012,5.249,5.994,0.9875,0.00983,270.54,52.40,0.5631365199999999,0.7151833804,2.20,2.270258e-08,1.126037e-08,1.979742e-08,9.319717e-09,110.98,100.31,10485.61,9477.36,54.29,48.28
5.61613,7,0.4965,0.013,0.012,5.249,5.994,0.9875,0.00983,270.54,52.40,0.5631354799999999,0.7151820595999999,2.20,2.267953e-08,1.126848e-08,1.980136e-08,9.32042e-09,111.36,100.28,10521.81,9475.15,54.50,48.27
5.61637,7,0.4966,0.013,0.012,5.249,5.994,0.9875,0.00983,270.54,52.40,0.56313452,0.7151808404,2.20,2.268719e-08,1.126463e-08,1.980766e-08,9.319482e-09,111.23,100.22,10509.74,9469.57,54.43,48.23
5.61662,7,0.4966,0.013,0.012,5.249,5.994,0.9875,0.00983,270.54,52.40,0.5631335199999999,0.7151795703999999,2.20,2.269313e-08,1.126287e-08,1.981544e-08,9.328881e-09,111.14,100.34,10501.02,9480.58,54.38,48.30
5.61688,7,0.4966,0.013,0.012,5.249,5.994,0.9875,0.00983,270.55,52.40,0.5631324799999999,0.7151782496,2.20,2.271257e-08,1.126029e-08,1.981784e-08,9.331645e-09,110.90,100.37,10478.42,9483.72,54.25,48.32
5.61712,7,0.4967,0.013,0.012,5.249,5.994,0.9875,0.00983,270.55,52.40,0.56313152,0.7151770304,2.20,2.270565e-08,1.126635e-08,1.98313e-08,9.327882e-09,111.11,100.19,10498.07,9466.26,54.36,48.21
5.61738,7,0.4967,0.013,0.012,5.249,5.994,0.9875,0.00983,270.55,52.40,0.56313048,0.7151757096,2.20,2.273431e-08,1.125986e-08,1.98462e-08,9.339831e-09,110.70,100.29,10459.89,9475.72,54.13,48.27
5.61763,7,0.4967,0.013,0.012,5.249,5.994,0.9875,0.00983,270.55,52.40,0.56312948,0.7151744395999999,2.20,2.27397e-08,1.126546e-08,1.985732e-08,9.337507e-09,110.76,100.13,10465.28,9461.25,54.17,48.18
5.61787,7,0.4968,0.013,0.012,5.248,5.994,0.9875,0.00983,270.55,52.40,0.5631285199999999,0.7151732203999999,2.20,2.27621e-08,1.128242e-08,1.988005e-08,9.350273e-09,110.90,100.20,10478.18,9467.13,54.24,48.22
5.61813,7,0.4968,0.013,0.012,5.248,5.994,0.9875,0.00983,270.55,52.40,0.5631274799999999,0.7151718995999999,2.20,2.278327e-08,1.128442e-08,1.989432e-08,9.357164e-09,110.73,100.20,10462.56,9467.47,54.15,48.22
5.61838,7,0.4968,0.013,0.012,5.248,5.994,0.9875,0.00983,270.55,52.40,0.56312648,0.7151706296,2.20,2.279159e-08,1.128647e-08,1.991454e-08,9.354824e-09,110.69,99.96,10458.76,9444.88,54.13,48.09
5.61862,7,0.4969,0.013,0.012,5.248,5.994,0.9875,0.00983,270.55,52.40,0.5631255199999999,0.7151694103999999,2.20,2.281397e-08,1.129633e-08,1.99161e-08,9.35876e-09,110.69,100.05,10458.62,9452.89,54.13,48.13
5.61888,7,0.4969,0.013,0.012,5.248,5.995,0.9875,0.00983,270.55,52.40,0.5631244799999999,0.7151680895999999,2.20,2.283106e-08,1.131047e-08,1.994858e-08,9.36249e-09,110.80,99.81,10469.03,9430.97,54.19,48.00
5.61913,7,0.4969,0.013,0.012,5.248,5.995,0.9875,0.00983,270.55,52.40,0.56312348,0.7151668196000001,2.20,2.288366e-08,1.13251e-08,1.995555e-08,9.374305e-09,110.58,99.99,10448.14,9447.20,54.06,48.10
5.61937,7,0.4970,0.013,0.012,5.248,5.995,0.9875,0.00983,270.55,52.40,0.56312252,0.7151656004,2.20,2.291635e-08,1.132874e-08,1.998182e-08,9.378674e-09,110.36,99.85,10427.39,9433.98,53.94,48.02
5.61963,7,0.4970,0.013,0.012,5.248,5.995,0.9875,0.00983,270.55,52.40,0.56312148,0.7151642796,2.20,2.292895e-08,1.134536e-08,1.998302e-08,9.379303e-09,110.56,99.85,10446.32,9434.10,54.05,48.02
5.61988,7,0.4970,0.013,0.012,5.248,5.995,0.9875,0.00983,270.55,52.40,0.5631204799999999,0.7151630095999999,2.20,2.298016e-08,1.136199e-08,1.999512e-08,9.384631e-09,110.39,99.84,10430.49,9433.43,53.96,48.02
5.62012,7,0.4971,0.013,0.012,5.248,5.995,0.9875,0.00983,270.55,52.40,0.56311952,0.7151617903999999,2.20,2.299894e-08,1.136944e-08,2.000725e-08,9.377865e-09,110.38,99.61,10429.26,9411.77,53.95,47.89
5.62038,7,0.4971,0.013,0.012,5.248,5.995,0.9875,0.00983,270.55,52.40,0.56311848,0.7151604696,2.20,2.304545e-08,1.139631e-08,2.001864e-08,9.382812e-09,110.45,99.60,10436.28,9411.03,53.99,47.88
5.62063,7,0.4971,0.013,0.012,5.248,5.995,0.9875,0.00983,270.55,52.40,0.56311748,0.7151591996,2.20,2.308361e-08,1.140069e-08,2.001762e-08,9.389544e-09,110.18,99.75,10410.11,9424.65,53.84,47.96
5.62087,7,0.4972,0.013,0.012,5.248,5.995,0.9875,0.00983,270.55,52.40,0.56311652,0.7151579804,2.20,2.313173e-08,1.141251e-08,2.003227e-08,9.398192e-09,109.97,99.80,10390.71,9429.90,53.72,47.99
5.62113,7,0.4972,0.013,0.012,5.248,5.995,0.9875,0.00983,270.55,52.40,0.56311548,0.7151566596,2.20,2.316888e-08,1.142793e-08,2.004501e-08,9.393057e-09,109.92,99.58,10385.49,9408.94,53.69,47.87
5.62137,7,0.4972,0.013,0.012,5.248,5.995,0.9875,0.00983,270.55,52.40,0.56311452,0.7151554403999999,2.20,2.322323e-08,1.143479e-08,2.005851e-08,9.395874e-09,109.54,99.51,10349.86,9402.33,53.48,47.83
5.62162,7,0.4973,0.013,0.012,5.248,5.995,0.9875,0.00983,270.55,52.40,0.5631135199999999,0.7151541704,2.20,2.324066e-08,1.147031e-08,2.007112e-08,9.398444e-09,110.07,99.46,10400.06,9397.94,53.78,47.80
5.62188,7,0.4973,0.013,0.012,5.248,5.995,0.9875,0.00983,270.55,52.40,0.5631124799999999,0.7151528495999999,2.20,2.329355e-08,1.147816e-08,2.007857e-08,9.400829e-09,109.73,99.44,10367.51,9395.87,53.58,47.79
5.62212,7,0.4973,0.013,0.012,5.248,5.995,0.9875,0.00983,270.55,52.40,0.56311152,0.7151516304,2.20,2.331693e-08,1.149428e-08,2.006471e-08,9.401033e-09,109.81,99.58,10375.69,9408.46,53.63,47.87
5.62237,7,0.4974,0.013,0.012,5.248,5.995,0.9875,0.00983,270.55,52.40,0.56311052,0.7151503603999999,2.20,2.337713e-08,1.150958e-08,2.007591e-08,9.401933e-09,109.57,99.51,10352.28,9402.17,53.49,47.83
5.62263,7,0.4974,0.013,0.012,5.248,5.995,0.9875,0.00983,270.55,52.40,0.5631094799999999,0.7151490396,2.20,2.340924e-08,1.152553e-08,2.007321e-08,9.40045e-09,109.57,99.51,10352.53,9401.76,53.49,47.83
5.62287,7,0.4975,0.013,0.012,5.247,5.995,0.9875,0.00983,270.55,52.40,0.56310852,0.7151478204,2.20,2.344697e-08,1.154946e-08,2.007552e-08,9.397186e-09,109.69,99.44,10364.07,9395.48,53.56,47.79
5.62312,7,0.4975,0.013,0.012,5.247,5.995,0.9875,0.00983,270.55,52.40,0.56310752,0.7151465504,2.20,2.348512e-08,1.155845e-08,2.008382e-08,9.394828e-09,109.51,99.31,10346.78,9383.76,53.46,47.72
5.62338,7,0.4975,0.013,0.012,5.247,5.995,0.9875,0.00983,270.55,52.40,0.56310648,0.7151452295999999,2.20,2.353464e-08,1.156399e-08,2.008364e-08,9.398724e-09,109.16,99.39,10313.71,9391.23,53.26,47.76
5.62362,7,0.4976,0.013,0.012,5.247,5.995,0.9875,0.00983,270.55,52.40,0.5631055199999999,0.7151440103999999,2.20,2.355945e-08,1.158028e-08,2.01058e-08,9.396008e-09,109.26,99.15,10322.96,9368.59,53.32,47.63
5.62387,7,0.4976,0.013,0.012,5.247,5.995,0.9875,0.00983,270.55,52.40,0.56310452,0.7151427404,2.20,2.358905e-08,1.159277e-08,2.010816e-08,9.398606e-09,109.22,99.18,10319.36,9371.39,53.29,47.64
5.62413,7,0.4976,0.013,0.012,5.247,5.995,0.9875,0.00983,270.55,52.40,0.56310348,0.7151414196,2.20,2.36322e-08,1.160439e-08,2.010713e-08,9.394834e-09,109.04,99.12,10302.62,9365.23,53.19,47.61
5.62437,7,0.4977,0.013,0.012,5.247,5.995,0.9875,0.00983,270.55,52.40,0.5631025199999999,0.7151402003999999,2.20,2.365267e-08,1.161842e-08,2.010109e-08,9.398765e-09,109.14,99.27,10311.63,9379.76,53.25,47.69
5.62462,7,0.4977,0.013,0.012,5.247,5.995,0.9875,0.00983,270.55,52.40,0.5631015199999999,0.7151389303999999,2.20,2.371017e-08,1.163195e-08,2.011859e-08,9.400726e-09,108.86,99.15,10286.06,9368.12,53.09,47.62
5.62488,7,0.4977,0.013,0.012,5.247,5.995,0.9875,0.00983,270.55,52.40,0.5631004799999999,0.7151376095999998,2.20,2.372554e-08,1.163589e-08,2.010079e-08,9.397668e-09,108.80,99.25,10279.81,9377.97,53.06,47.68
5.62512,7,0.4978,0.013,0.012,5.247,5.995,0.9875,0.00983,270.55,52.40,0.56309952,0.7151363904,2.20,2.376104e-08,1.165698e-08,2.010622e-08,9.393259e-09,108.89,99.14,10288.25,9366.84,53.11,47.62
5.62538,7,0.4978,0.013,0.012,5.247,5.995,0.9875,0.00983,270.55,52.40,0.56309848,0.7151350696,2.20,2.379688e-08,1.166195e-08,2.012748e-08,9.392661e-09,108.66,98.93,10266.45,9347.18,52.98,47.50
5.62563,7,0.4978,0.013,0.012,5.247,5.995,0.9875,0.00983,270.55,52.40,0.5630974799999999,0.7151337995999999,2.20,2.381293e-08,1.167129e-08,2.011702e-08,9.399005e-09,108.68,99.15,10269.00,9368.15,52.99,47.62
5.62587,7,0.4979,0.013,0.012,5.247,5.995,0.9875,0.00983,270.55,52.40,0.56309652,0.7151325804,2.20,2.383312e-08,1.168332e-08,2.013451e-08,9.403361e-09,108.74,99.09,10274.74,9362.91,53.03,47.59
5.62613,7,0.4979,0.013,0.012,5.247,5.995,0.9875,0.00983,270.55,52.40,0.56309548,0.7151312596,2.20,2.385856e-08,1.168399e-08,2.015343e-08,9.396671e-09,108.53,98.79,10254.43,9333.97,52.91,47.42
5.62638,7,0.4979,0.013,0.012,5.247,5.995,0.9875,0.00983,270.55,52.40,0.56309448,0.7151299896,2.20,2.386926e-08,1.169023e-08,2.01589e-08,9.405385e-09,108.55,98.91,10256.14,9345.44,52.92,47.49
5.62662,7,0.4980,0.013,0.012,5.247,5.995,0.9875,0.00983,270.55,52.40,0.56309352,0.7151287704,2.20,2.390567e-08,1.169808e-08,2.015847e-08,9.405968e-09,108.39,98.94,10241.08,9348.78,52.83,47.51
5.62688,7,0.4980,0.013,0.012,5.247,5.995,0.9875,0.00983,270.55,52.40,0.56309248,0.7151274496,2.20,2.391949e-08,1.169765e-08,2.017959e-08,9.4035e-09,108.26,98.70,10228.76,9325.87,52.75,47.37
5.62713,7,0.4980,0.013,0.012,5.247,5.995,0.9875,0.00983,270.55,52.40,0.56309148,0.7151261796,2.20,2.394532e-08,1.17115e-08,2.018059e-08,9.415411e-09,108.28,98.93,10230.84,9347.15,52.76,47.50
5.62737,7,0.4981,0.013,0.012,5.247,5.995,0.9875,0.00983,270.55,52.40,0.5630905199999999,0.7151249604,2.20,2.395539e-08,1.171629e-08,2.01912e-08,9.418115e-09,108.30,98.90,10232.67,9344.84,52.78,47.48
5.62763,7,0.4981,0.013,0.012,5.247,5.995,0.9875,0.00983,270.55,52.40,0.5630894799999999,0.7151236395999999,2.20,2.398904e-08,1.171895e-08,2.021721e-08,9.417817e-09,108.05,98.66,10209.14,9321.79,52.64,47.35
5.62788,7,0.4981,0.013,0.012,5.247,5.995,0.9875,0.00983,270.55,52.40,0.56308848,0.7151223696,2.20,2.399103e-08,1.172755e-08,2.023078e-08,9.43275e-09,108.19,98.83,10222.14,9337.74,52.71,47.44
5.62812,7,0.4982,0.013,0.012,5.246,5.995,0.9875,0.00983,270.55,52.40,0.56308752,0.7151211503999999,2.20,2.401191e-08,1.172637e-08,2.02524e-08,9.43658e-09,108.00,98.73,10204.81,9328.04,52.61,47.38
5.62838,7,0.4982,0.013,0.012,5.246,5.995,0.9875,0.00983,270.55,52.40,0.56308648,0.7151198296,2.20,2.40443e-08,1.174205e-08,2.027563e-08,9.449971e-09,108.00,98.78,10204.57,9332.79,52.61,47.41
5.62863,7,0.4982,0.013,0.012,5.246,5.995,0.9875,0.00983,270.55,52.40,0.5630854799999999,0.7151185595999999,2.20,2.405005e-08,1.175528e-08,2.030342e-08,9.451649e-09,108.19,98.56,10222.28,9311.99,52.71,47.29
5.62887,7,0.4983,0.013,0.012,5.246,5.995,0.9875,0.00983,270.55,52.40,0.56308452,0.7151173404,2.20,2.407563e-08,1.175771e-08,2.032969e-08,9.459703e-09,108.03,98.49,10207.23,9306.17,52.62,47.25
5.62913,7,0.4983,0.013,0.012,5.246,5.995,0.9875,0.00983,270.55,52.40,0.56308348,0.7151160195999999,2.20,2.409483e-08,1.175828e-08,2.036145e-08,9.472653e-09,107.87,98.46,10192.31,9302.81,52.53,47.23
5.62937,7,0.4983,0.013,0.012,5.246,5.995,0.9875,0.00983,270.55,52.40,0.5630825199999999,0.7151148003999999,2.20,2.410534e-08,1.176421e-08,2.037681e-08,9.489164e-09,107.89,98.64,10193.67,9320.01,52.54,47.34
5.62962,7,0.4984,0.013,0.012,5.246,5.995,0.9875,0.00983,270.55,52.40,0.56308152,0.7151135304,2.20,2.411435e-08,1.178139e-08,2.041342e-08,9.491777e-09,108.14,98.38,10217.36,9295.42,52.68,47.19
5.62988,7,0.4984,0.013,0.012,5.246,5.995,0.9875,0.00983,270.55,52.40,0.56308048,0.7151122096,2.20,2.415366e-08,1.179139e-08,2.044572e-08,9.508286e-09,107.97,98.41,10201.79,9298.15,52.59,47.21
5.63012,7,0.4984,0.013,0.012,5.246,5.995,0.9875,0.00983,270.55,52.40,0.56307952,0.7151109903999999,2.20,2.417772e-08,1.179692e-08,2.048451e-08,9.519033e-09,107.86,98.27,10191.30,9284.85,52.53,47.13
5.63037,7,0.4985,0.013,0.012,5.246,5.995,0.9875,0.00983,270.55,52.40,0.5630785199999999,0.7151097203999999,2.20,2.418225e-08,1.180792e-08,2.05092e-08,9.530003e-09,108.04,98.28,10208.18,9285.80,52.63,47.13
5.63063,7,0.4985,0.013,0.012,5.246,5.995,0.9875,0.00983,270.55,52.40,0.5630774799999999,0.7151083995999999,2.20,2.420617e-08,1.182475e-08,2.052612e-08,9.545371e-09,108.13,98.42,10216.88,9299.46,52.68,47.21
5.63087,7,0.4986,0.013,0.012,5.246,5.995,0.9875,0.00983,270.55,52.40,0.56307652,0.7151071804,2.20,2.423024e-08,1.182958e-08,2.057177e-08,9.561137e-09,108.03,98.34,10207.24,9291.40,52.62,47.16
5.63112,7,0.4986,0.013,0.012,5.246,5.995,0.9875,0.00983,270.55,52.40,0.5630755199999999,0.7151059103999999,2.20,2.427016e-08,1.183786e-08,2.06009e-08,9.57459e-09,107.83,98.34,10188.39,9291.24,52.51,47.16
5.63138,7,0.4986,0.013,0.012,5.246,5.995,0.9875,0.00983,270.55,52.40,0.5630744799999999,0.7151045895999999,2.20,2.431481e-08,1.184393e-08,2.063005e-08,9.585081e-09,107.55,98.28,10162.08,9285.71,52.35,47.13
5.63162,7,0.4987,0.013,0.012,5.246,5.995,0.9875,0.00983,270.55,52.40,0.56307352,0.7151033704,2.20,2.43351e-08,1.186028e-08,2.066225e-08,9.604907e-09,107.69,98.39,10174.94,9296.37,52.43,47.19
5.63187,7,0.4987,0.013,0.012,5.246,5.995,0.9875,0.00983,270.55,52.40,0.56307252,0.7151021004,2.20,2.436268e-08,1.187615e-08,2.071733e-08,9.621711e-09,107.73,98.22,10179.00,9280.51,52.45,47.10
5.63213,7,0.4987,0.013,0.012,5.246,5.995,0.9875,0.00983,270.55,52.40,0.56307148,0.7151007796,2.20,2.440896e-08,1.188744e-08,2.07556e-08,9.63421e-09,107.53,98.12,10160.20,9271.03,52.34,47.04
5.63237,7,0.4988,0.013,0.012,5.246,5.995,0.9875,0.00983,270.55,52.40,0.5630705199999999,0.7150995603999999,2.20,2.443487e-08,1.190641e-08,2.078475e-08,9.649039e-09,107.67,98.17,10172.82,9275.22,52.42,47.07
5.63262,7,0.4988,0.013,0.012,5.246,5.995,0.9875,0.00983,270.55,52.40,0.56306952,0.7150982904,2.20,2.446672e-08,1.192364e-08,2.083065e-08,9.657008e-09,107.70,97.91,10175.66,9251.37,52.43,46.93
5.63288,7,0.4988,0.013,0.012,5.246,5.995,0.9875,0.00983,270.55,52.40,0.56306848,0.7150969696,2.20,2.45013e-08,1.193802e-08,2.085181e-08,9.68175e-09,107.65,98.20,10171.55,9278.04,52.41,47.08
5.63312,7,0.4989,0.013,0.012,5.245,5.995,0.9875,0.00983,270.55,52.40,0.5630675199999999,0.7150957504,2.20,2.453042e-08,1.195755e-08,2.088752e-08,9.695415e-09,107.77,98.16,10182.46,9274.70,52.47,47.06
5.63338,7,0.4989,0.013,0.012,5.245,5.995,0.9875,0.00984,270.55,52.40,0.5630664799999999,0.7150944295999999,2.20,2.460713e-08,1.198091e-08,2.091253e-08,9.716834e-09,107.52,98.35,10159.25,9292.21,52.34,47.17
5.63363,7,0.4989,0.013,0.012,5.245,5.995,0.9875,0.00984,270.55,52.40,0.56306548,0.7150931596,2.20,2.463121e-08,1.199651e-08,2.095316e-08,9.721445e-09,107.59,98.08,10165.65,9266.80,52.37,47.02
5.63387,7,0.4990,0.013,0.012,5.245,5.995,0.9875,0.00984,270.55,52.40,0.56306452,0.7150919403999999,2.20,2.465746e-08,1.201014e-08,2.099273e-08,9.732961e-09,107.63,97.97,10169.08,9256.52,52.39,46.96
5.63413,7,0.4990,0.013,0.012,5.245,5.995,0.9875,0.00984,270.55,52.40,0.56306348,0.7150906196,2.20,2.47186e-08,1.204018e-08,2.102443e-08,9.749395e-09,107.63,98.00,10169.51,9259.59,52.40,46.97
5.63438,7,0.4990,0.013,0.012,5.245,5.995,0.9875,0.00984,270.55,52.40,0.5630624799999999,0.7150893495999999,2.20,2.477333e-08,1.205932e-08,2.104855e-08,9.757522e-09,107.50,97.94,10157.16,9254.19,52.32,46.94
5.63462,7,0.4991,0.013,0.012,5.245,5.995,0.9875,0.00984,270.55,52.40,0.56306152,0.7150881304,2.20,2.482042e-08,1.207782e-08,2.107057e-08,9.775565e-09,107.45,98.11,10151.96,9269.89,52.29,47.03
5.63488,7,0.4991,0.013,0.012,5.245,5.995,0.9875,0.00984,270.55,52.40,0.56306048,0.7150868095999999,2.20,2.486931e-08,1.210597e-08,2.11084e-08,9.788797e-09,107.52,98.03,10159.08,9262.27,52.33,46.99
5.63513,7,0.4991,0.013,0.012,5.245,5.995,0.9875,0.00984,270.55,52.40,0.56305948,0.7150855396,2.20,2.490596e-08,1.212011e-08,2.113232e-08,9.789423e-09,107.46,97.83,10153.04,9243.84,52.30,46.88
5.63537,7,0.4992,0.013,0.012,5.245,5.995,0.9875,0.00984,270.55,52.40,0.56305852,0.7150843204,2.20,2.496221e-08,1.213444e-08,2.117626e-08,9.810882e-09,107.25,97.87,10133.86,9247.63,52.18,46.90
5.63563,7,0.4992,0.013,0.012,5.245,5.995,0.9875,0.00984,270.55,52.40,0.56305748,0.7150829996,2.20,2.502004e-08,1.21593e-08,2.118816e-08,9.815002e-09,107.20,97.85,10128.59,9245.18,52.15,46.89
5.63588,7,0.4992,0.013,0.012,5.245,5.995,0.9875,0.00984,270.55,52.40,0.56305648,0.7150817295999999,2.20,2.504219e-08,1.217378e-08,2.120646e-08,9.831332e-09,107.26,97.99,10134.60,9258.96,52.19,46.97
5.63612,7,0.4993,0.013,0.012,5.245,5.995,0.9875,0.00984,270.55,52.40,0.5630555199999999,0.7150805103999999,2.20,2.509674e-08,1.219976e-08,2.122106e-08,9.832027e-09,107.27,97.90,10135.76,9250.16,52.19,46.92
5.63638,7,0.4993,0.013,0.012,5.245,5.995,0.9875,0.00984,270.55,52.40,0.5630544799999999,0.7150791895999999,2.20,2.514175e-08,1.221634e-08,2.124635e-08,9.844201e-09,107.18,97.91,10127.21,9250.96,52.14,46.92
5.63663,7,0.4993,0.013,0.012,5.245,5.995,0.9875,0.00984,270.55,52.40,0.56305348,0.7150779196,2.20,2.519354e-08,1.224285e-08,2.128028e-08,9.854751e-09,107.21,97.81,10129.38,9241.93,52.16,46.87
5.63687,7,0.4994,0.013,0.012,5.245,5.995,0.9875,0.00984,270.55,52.40,0.56305252,0.7150767003999999,2.20,2.520848e-08,1.226042e-08,2.127822e-08,9.861227e-09,107.40,97.97,10148.01,9256.77,52.27,46.96
5.63713,7,0.4994,0.013,0.012,5.245,5.995,0.9875,0.00984,270.55,52.40,0.5630514799999999,0.7150753795999999,2.20,2.525139e-08,1.228236e-08,2.129956e-08,9.864674e-09,107.42,97.85,10149.73,9245.51,52.28,46.89
5.63737,7,0.4994,0.013,0.012,5.245,5.995,0.9875,0.00984,270.55,52.40,0.56305052,0.7150741604,2.20,2.531743e-08,1.230213e-08,2.131311e-08,9.873249e-09,107.21,97.89,10129.93,9249.53,52.16,46.91
5.63762,7,0.4995,0.013,0.012,5.245,5.995,0.9875,0.00984,270.55,52.40,0.56304952,0.7150728904,2.20,2.532746e-08,1.231049e-08,2.133104e-08,9.876709e-09,107.29,97.82,10137.54,9242.93,52.20,46.87
5.63788,7,0.4995,0.013,0.012,5.245,5.995,0.9875,0.00984,270.55,52.40,0.56304848,0.7150715696,2.20,2.536429e-08,1.232396e-08,2.134406e-08,9.882546e-09,107.22,97.82,10130.45,9242.60,52.16,46.87
5.63812,7,0.4995,0.013,0.012,5.245,5.995,0.9875,0.00984,270.55,52.40,0.5630475199999999,0.7150703503999999,2.20,2.541857e-08,1.234074e-08,2.135841e-08,9.885532e-09,107.06,97.75,10115.16,9236.23,52.07,46.83
5.63837,7,0.4996,0.013,0.012,5.244,5.995,0.9875,0.00984,270.55,52.40,0.56304652,0.7150690804000001,2.20,2.544145e-08,1.236568e-08,2.137246e-08,9.893101e-09,107.31,97.79,10139.23,9239.93,52.21,46.85
5.63863,7,0.4996,0.013,0.012,5.244,5.995,0.9875,0.00984,270.55,52.40,0.56304548,0.7150677596,2.20,2.548575e-08,1.236769e-08,2.138288e-08,9.902828e-09,106.98,97.88,10108.18,9248.46,52.03,46.91
5.63887,7,0.4996,0.013,0.012,5.244,5.995,0.9875,0.00984,270.55,52.40,0.5630445199999999,0.7150665404,2.20,2.549012e-08,1.23751e-08,2.140309e-08,9.9005e-09,107.07,97.67,10116.58,9228.17,52.08,46.78
5.63912,7,0.4997,0.013,0.012,5.244,5.995,0.9875,0.00984,270.55,52.40,0.5630435199999999,0.7150652703999999,2.20,2.552004e-08,1.239258e-08,2.141137e-08,9.912565e-09,107.14,97.84,10123.30,9244.31,52.12,46.88
5.63938,7,0.4997,0.013,0.012,5.244,5.995,0.9875,0.00984,270.55,52.40,0.56304248,0.7150639496,2.20,2.553085e-08,1.239762e-08,2.141532e-08,9.916977e-09,107.14,97.89,10122.97,9248.79,52.12,46.91
5.63962,7,0.4998,0.013,0.012,5.244,5.995,0.9875,0.00984,270.55,52.40,0.56304152,0.7150627304,2.20,2.555681e-08,1.240145e-08,2.142347e-08,9.917543e-09,107.01,97.85,10111.08,9245.07,52.05,46.88
5.63987,7,0.4998,0.013,0.012,5.244,5.995,0.9875,0.00984,270.55,52.40,0.5630405199999999,0.7150614604,2.20,2.557757e-08,1.240966e-08,2.144887e-08,9.928392e-09,106.98,97.83,10108.13,9243.50,52.03,46.88
5.64013,7,0.4998,0.013,0.012,5.244,5.995,0.9875,0.00984,270.55,52.40,0.5630394799999999,0.7150601395999999,2.20,2.559138e-08,1.241229e-08,2.145931e-08,9.925029e-09,106.91,97.68,10101.70,9229.31,51.99,46.79
5.64037,7,0.4999,0.013,0.012,5.244,5.995,0.9875,0.00984,270.55,52.40,0.56303852,0.7150589204,2.20,2.5599e-08,1.242852e-08,2.146138e-08,9.933878e-09,107.14,97.84,10123.54,9244.82,52.12,46.88
5.64062,7,0.4999,0.013,0.012,5.244,5.995,0.9875,0.00984,270.55,52.40,0.56303752,0.7150576503999999,2.20,2.560484e-08,1.243419e-08,2.147019e-08,9.93792e-09,107.19,97.84,10128.03,9244.76,52.15,46.88
5.64088,7,0.4999,0.013,0.012,5.244,5.995,0.9875,0.00984,270.55,52.40,0.56303648,0.7150563296,2.20,2.560735e-08,1.243894e-08,2.147694e-08,9.950465e-09,107.25,98.02,10133.62,9261.08,52.18,46.98
5.64112,7,0.5000,0.013,0.012,5.244,5.995,0.9875,0.00984,270.55,52.40,0.56303552,0.7150551104,2.20,2.560908e-08,1.243101e-08,2.149337e-08,9.961459e-09,107.13,98.10,10121.76,9268.80,52.11,47.03
5.64138,7,0.5000,0.013,0.012,5.244,5.995,0.9875,0.00984,270.55,52.40,0.56303448,0.7150537896,2.20,2.559843e-08,1.243497e-08,2.152201e-08,9.970452e-09,107.28,98.02,10136.23,9261.38,52.19,46.98
5.64163,7,0.5000,0.013,0.012,5.244,5.995,0.9875,0.00984,270.55,52.40,0.56303348,0.7150525195999999,2.20,2.560876e-08,1.243682e-08,2.153377e-08,9.968628e-09,107.23,97.89,10131.21,9248.81,52.16,46.91
5.64187,7,0.5001,0.013,0.012,5.244,5.995,0.9875,0.00984,270.55,52.40,0.5630325199999999,0.7150513003999999,2.20,2.560517e-08,1.243523e-08,2.15508e-08,9.977847e-09,107.25,97.93,10133.48,9252.97,52.18,46.93
5.64213,7,0.5001,0.013,0.012,5.244,5.995,0.9875,0.00984,270.55,52.40,0.5630314799999999,0.7150499795999999,2.20,2.562719e-08,1.243501e-08,2.157019e-08,9.989004e-09,107.07,97.97,10116.22,9256.73,52.08,46.95
5.64238,7,0.5001,0.013,0.012,5.244,5.995,0.9875,0.00984,270.55,52.40,0.56303048,0.7150487096,2.20,2.561507e-08,1.243759e-08,2.158807e-08,1.000227e-08,107.21,98.06,10129.60,9265.33,52.15,47.00
5.64262,7,0.5002,0.013,0.012,5.244,5.995,0.9875,0.00984,270.55,52.40,0.56302952,0.7150474903999999,2.20,2.559461e-08,1.243559e-08,2.161853e-08,1.000591e-08,107.36,97.89,10144.21,9249.15,52.24,46.91
5.64288,7,0.5002,0.013,0.012,5.244,5.995,0.9875,0.00984,270.55,52.40,0.5630284799999999,0.7150461695999999,2.20,2.558695e-08,1.243327e-08,2.163965e-08,1.00144e-08,107.39,97.87,10146.43,9246.94,52.25,46.89
5.64313,7,0.5002,0.013,0.012,5.244,5.995,0.9875,0.00984,270.55,52.40,0.5630274799999999,0.7150448996,2.20,2.560356e-08,1.241774e-08,2.166374e-08,1.003327e-08,106.99,98.01,10109.06,9260.20,52.03,46.97
5.64337,7,0.5003,0.013,0.012,5.243,5.995,0.9875,0.00984,270.55,52.40,0.56302652,0.7150436804,2.20,2.559045e-08,1.243383e-08,2.168266e-08,1.004588e-08,107.39,98.10,10146.65,9268.67,52.26,47.02
5.64363,7,0.5003,0.013,0.012,5.243,5.995,0.9875,0.00984,270.55,52.40,0.56302548,0.7150423596,2.20,2.559386e-08,1.243453e-08,2.172552e-08,1.006531e-08,107.37,98.09,10145.13,9267.93,52.25,47.02
5.64388,7,0.5003,0.013,0.012,5.243,5.995,0.9875,0.00984,270.55,52.40,0.5630244799999999,0.7150410895999999,2.20,2.557468e-08,1.242623e-08,2.174528e-08,1.008038e-08,107.39,98.20,10146.75,9278.08,52.26,47.08
5.64412,7,0.5004,0.013,0.012,5.243,5.995,0.9875,0.00984,270.55,52.40,0.56302352,0.7150398704,2.20,2.558199e-08,1.242132e-08,2.177469e-08,1.010283e-08,107.27,98.38,10135.35,9295.05,52.19,47.18
5.64438,7,0.5004,0.013,0.012,5.243,5.995,0.9875,0.00984,270.55,52.40,0.56302248,0.7150385496,2.20,2.55712e-08,1.241712e-08,2.181891e-08,1.011802e-08,107.29,98.28,10137.00,9285.93,52.20,47.13
5.64462,7,0.5004,0.013,0.012,5.243,5.995,0.9875,0.00984,270.55,52.40,0.5630215199999999,0.7150373304,2.20,2.558224e-08,1.241551e-08,2.184406e-08,1.013513e-08,107.17,98.38,10125.94,9295.25,52.13,47.18
5.64487,7,0.5005,0.013,0.012,5.243,5.995,0.9875,0.00984,270.55,52.40,0.5630205199999999,0.7150360603999999,2.20,2.556888e-08,1.241872e-08,2.188631e-08,1.015318e-08,107.35,98.37,10143.35,9294.45,52.24,47.18
5.64513,7,0.5005,0.013,0.012,5.243,5.995,0.9875,0.00984,270.55,52.40,0.5630194799999999,0.7150347395999999,2.20,2.556271e-08,1.242119e-08,2.191699e-08,1.016632e-08,107.45,98.35,10152.04,9292.59,52.29,47.17
5.64537,7,0.5005,0.013,0.012,5.243,5.995,0.9875,0.00984,270.55,52.40,0.56301852,0.7150335204,2.20,2.558056e-08,1.242207e-08,2.195448e-08,1.018863e-08,107.32,98.44,10139.67,9300.97,52.21,47.22
5.64562,7,0.5006,0.013,0.012,5.243,5.995,0.9875,0.00984,270.55,52.40,0.5630175199999999,0.7150322504,2.20,2.557865e-08,1.242108e-08,2.201351e-08,1.021414e-08,107.34,98.42,10141.59,9299.63,52.22,47.21
5.64588,7,0.5006,0.013,0.012,5.243,5.995,0.9875,0.00984,270.55,52.40,0.5630164799999999,0.7150309295999999,2.20,2.556568e-08,1.243523e-08,2.203529e-08,1.022967e-08,107.68,98.52,10174.12,9308.83,52.42,47.26
5.64612,7,0.5006,0.013,0.012,5.243,5.995,0.9875,0.00984,270.55,52.40,0.56301552,0.7150297104,2.20,2.558854e-08,1.244084e-08,2.207552e-08,1.024968e-08,107.59,98.55,10165.35,9311.10,52.37,47.28
5.64637,7,0.5007,0.013,0.012,5.243,5.995,0.9875,0.00984,270.55,52.40,0.56301452,0.7150284403999999,2.20,2.560224e-08,1.244582e-08,2.213463e-08,1.027267e-08,107.58,98.49,10164.71,9305.42,52.36,47.24
5.64663,7,0.5007,0.013,0.012,5.243,5.995,0.9875,0.00984,270.55,52.40,0.56301348,0.7150271196,2.20,2.561291e-08,1.244798e-08,2.216766e-08,1.029881e-08,107.53,98.68,10159.90,9323.69,52.33,47.35
5.64687,7,0.5007,0.013,0.012,5.243,5.995,0.9875,0.00984,270.55,52.40,0.56301252,0.7150259004,2.20,2.56355e-08,1.246646e-08,2.221303e-08,1.031324e-08,107.66,98.56,10171.81,9312.47,52.40,47.28
5.64712,7,0.5008,0.013,0.012,5.243,5.995,0.9875,0.00984,270.55,52.40,0.56301152,0.7150246304,2.20,2.564287e-08,1.246462e-08,2.223762e-08,1.032991e-08,107.59,98.67,10165.23,9323.18,52.36,47.35
5.64738,7,0.5008,0.013,0.012,5.243,5.995,0.9875,0.00984,270.55,52.40,0.56301048,0.7150233095999999,2.20,2.568162e-08,1.248309e-08,2.23013e-08,1.035472e-08,107.58,98.59,10164.65,9315.17,52.36,47.30
5.64762,7,0.5008,0.013,0.012,5.243,5.995,0.9875,0.00984,270.55,52.40,0.5630095199999999,0.7150220904,2.20,2.569291e-08,1.249232e-08,2.233543e-08,1.037715e-08,107.64,98.71,10170.58,9326.21,52.40,47.37
5.64787,7,0.5009,0.013,0.012,5.243,5.995,0.9875,0.00984,270.55,52.40,0.5630085199999999,0.7150208203999999,2.20,2.570918e-08,1.250991e-08,2.23959e-08,1.040081e-08,107.83,98.65,10187.95,9320.65,52.50,47.33
5.64813,7,0.5009,0.013,0.012,5.243,5.995,0.9875,0.00984,270.55,52.40,0.56300748,0.7150194996,2.20,2.576265e-08,1.252407e-08,2.243002e-08,1.042502e-08,107.63,98.79,10169.20,9334.64,52.39,47.42
5.64837,7,0.5009,0.013,0.012,5.243,5.995,0.9875,0.00984,270.55,52.40,0.56300652,0.7150182803999999,2.20,2.577481e-08,1.254069e-08,2.247507e-08,1.044916e-08,107.81,98.85,10186.13,9339.98,52.49,47.45
5.64863,7,0.5010,0.013,0.012,5.242,5.995,0.9875,0.00984,270.55,52.40,0.56300548,0.7150169595999999,2.20,2.58178e-08,1.255203e-08,2.253804e-08,1.046088e-08,107.67,98.56,10173.04,9312.64,52.41,47.28
5.64888,7,0.5010,0.013,0.012,5.242,5.995,0.9875,0.00984,270.55,52.40,0.5630044799999999,0.7150156896,2.20,2.584987e-08,1.25749e-08,2.256874e-08,1.047795e-08,107.79,98.61,10184.51,9317.32,52.48,47.31
5.64912,7,0.5010,0.013,0.012,5.242,5.995,0.9875,0.00984,270.55,52.40,0.56300352,0.7150144704,2.20,2.58821e-08,1.259156e-08,2.259817e-08,1.050148e-08,107.81,98.78,10186.06,9333.69,52.49,47.41
5.64938,7,0.5011,0.013,0.012,5.242,5.995,0.9875,0.00984,270.55,52.40,0.56300248,0.7150131496,2.20,2.592913e-08,1.261895e-08,2.263886e-08,1.052498e-08,107.90,98.89,10195.19,9343.17,52.54,47.47
5.64963,7,0.5011,0.013,0.012,5.242,5.995,0.9875,0.00984,270.55,52.40,0.5630014799999999,0.7150118795999999,2.20,2.597992e-08,1.263055e-08,2.26883e-08,1.054453e-08,107.68,98.83,10174.60,9337.48,52.42,47.43
5.64987,7,0.5011,0.013,0.012,5.242,5.995,0.9875,0.00984,270.55,52.40,0.56300052,0.7150106604,2.20,2.601424e-08,1.266023e-08,2.272301e-08,1.055849e-08,107.90,98.79,10194.97,9333.89,52.54,47.41
5.65013,7,0.5012,0.013,0.012,5.242,5.995,0.9875,0.00984,270.55,52.40,0.56299948,0.7150093396,2.20,2.605183e-08,1.26821e-08,2.273692e-08,1.057596e-08,107.98,99.00,10202.61,9353.94,52.59,47.53
5.65038,7,0.5012,0.013,0.012,5.242,5.995,0.9875,0.00984,270.55,52.40,0.56299848,0.7150080696,2.20,2.610049e-08,1.270055e-08,2.279905e-08,1.059596e-08,107.89,98.84,10194.42,9339.28,52.54,47.44
5.65062,7,0.5012,0.013,0.012,5.242,5.995,0.9875,0.00984,270.55,52.40,0.5629975199999999,0.7150068503999999,2.20,2.61717e-08,1.273065e-08,2.283028e-08,1.061033e-08,107.82,98.84,10187.32,9339.04,52.50,47.44
5.65088,7,0.5013,0.013,0.012,5.242,5.995,0.9875,0.00984,270.55,52.40,0.5629964799999999,0.7150055295999999,2.20,2.618963e-08,1.274883e-08,2.284114e-08,1.063204e-08,108.00,99.15,10204.10,9368.33,52.59,47.61
5.65113,7,0.5013,0.013,0.012,5.242,5.995,0.9875,0.00984,270.55,52.40,0.56299548,0.7150042596,2.20,2.622572e-08,1.277259e-08,2.288315e-08,1.063856e-08,108.10,98.92,10213.74,9346.91,52.65,47.49
5.65137,7,0.5013,0.013,0.012,5.242,5.995,0.9875,0.00984,270.55,52.40,0.5629945199999999,0.7150030404,2.20,2.630371e-08,1.279513e-08,2.290788e-08,1.065365e-08,107.85,98.99,10189.77,9352.80,52.51,47.52
5.65163,7,0.5014,0.013,0.012,5.242,5.995,0.9875,0.00984,270.55,52.40,0.5629934799999999,0.7150017195999999,2.20,2.633715e-08,1.28226e-08,2.292731e-08,1.066507e-08,108.05,99.05,10209.17,9358.58,52.62,47.56
5.65188,7,0.5014,0.013,0.012,5.242,5.995,0.9875,0.00984,270.55,52.40,0.5629924799999999,0.7150004495999999,2.20,2.639987e-08,1.284852e-08,2.295606e-08,1.067696e-08,107.98,99.02,10202.03,9356.15,52.58,47.54
5.65212,7,0.5014,0.013,0.012,5.242,5.995,0.9875,0.00984,270.55,52.40,0.56299152,0.7149992304,2.20,2.64424e-08,1.287239e-08,2.296794e-08,1.068688e-08,108.03,99.10,10206.93,9363.35,52.61,47.58
5.65238,7,0.5015,0.013,0.012,5.242,5.995,0.9875,0.00984,270.55,52.40,0.56299048,0.7149979096,2.20,2.647816e-08,1.289667e-08,2.300676e-08,1.070407e-08,108.16,99.10,10219.57,9363.78,52.69,47.59
5.65262,7,0.5015,0.013,0.012,5.242,5.995,0.9875,0.00984,270.55,52.40,0.5629895199999999,0.7149966903999999,2.20,2.654005e-08,1.293098e-08,2.302446e-08,1.071451e-08,108.23,99.14,10225.99,9367.39,52.72,47.61
5.65287,7,0.5015,0.013,0.012,5.242,5.995,0.9875,0.00984,270.55,52.40,0.56298852,0.7149954204,2.20,2.65789e-08,1.294898e-08,2.30511e-08,1.071659e-08,108.21,98.96,10224.56,9350.55,52.72,47.51
5.65313,7,0.5016,0.013,0.012,5.242,5.995,0.9875,0.00984,270.55,52.40,0.56298748,0.7149940996,2.20,2.663094e-08,1.296613e-08,2.306218e-08,1.073648e-08,108.10,99.24,10214.00,9376.47,52.65,47.66
5.65337,7,0.5016,0.013,0.012,5.242,5.995,0.9875,0.00984,270.55,52.40,0.5629865199999999,0.7149928804,2.20,2.66776e-08,1.299039e-08,2.309379e-08,1.074236e-08,108.13,99.09,10216.37,9362.06,52.67,47.58
5.65362,7,0.5017,0.013,0.012,5.241,5.995,0.9875,0.00984,270.55,52.40,0.56298552,0.7149916104,2.20,2.671677e-08,1.300253e-08,2.311233e-08,1.075134e-08,108.04,99.11,10207.79,9364.51,52.62,47.59
5.65388,7,0.5017,0.013,0.012,5.241,5.995,0.9875,0.00984,270.55,52.40,0.56298448,0.7149902896,2.20,2.676263e-08,1.303031e-08,2.31204e-08,1.074808e-08,108.12,98.99,10216.13,9353.10,52.67,47.52
5.65412,7,0.5017,0.013,0.012,5.241,5.995,0.9875,0.00984,270.55,52.40,0.56298352,0.7149890703999999,2.20,2.678596e-08,1.304281e-08,2.314193e-08,1.076875e-08,108.14,99.17,10217.88,9370.43,52.68,47.63
5.65437,7,0.5018,0.013,0.012,5.241,5.995,0.9875,0.00984,270.55,52.40,0.5629825199999999,0.7149878003999999,2.20,2.683531e-08,1.306074e-08,2.316129e-08,1.076868e-08,108.07,99.04,10210.62,9357.55,52.63,47.55
5.65463,7,0.5018,0.013,0.012,5.241,5.995,0.9875,0.00984,270.55,52.40,0.5629814799999999,0.7149864796,2.20,2.686035e-08,1.307978e-08,2.316442e-08,1.078693e-08,108.18,99.33,10221.05,9384.85,52.69,47.71
5.65487,7,0.5018,0.013,0.012,5.241,5.995,0.9875,0.00984,270.55,52.40,0.56298052,0.7149852604,2.20,2.688442e-08,1.309703e-08,2.319681e-08,1.079409e-08,108.27,99.19,10229.47,9371.98,52.74,47.64
5.65512,7,0.5019,0.013,0.012,5.241,5.995,0.9875,0.00984,270.56,52.40,0.56297952,0.7149839903999999,2.20,2.691755e-08,1.310462e-08,2.320841e-08,1.079873e-08,108.15,99.20,10218.51,9372.62,52.68,47.64
5.65538,7,0.5019,0.013,0.012,5.241,5.995,0.9875,0.00984,270.56,52.40,0.56297848,0.7149826695999999,2.20,2.695545e-08,1.312082e-08,2.321153e-08,1.08112e-08,108.11,99.39,10215.09,9390.52,52.66,47.75
5.65562,7,0.5019,0.013,0.012,5.241,5.995,0.9875,0.00984,270.56,52.40,0.56297752,0.7149814504,2.20,2.696499e-08,1.313671e-08,2.324808e-08,1.082272e-08,108.29,99.29,10232.16,9381.59,52.76,47.69
5.65587,7,0.5020,0.013,0.012,5.241,5.995,0.9875,0.00984,270.56,52.40,0.56297652,0.7149801804,2.20,2.700487e-08,1.315062e-08,2.327299e-08,1.083219e-08,108.23,99.28,10225.83,9380.01,52.72,47.68
5.65613,7,0.5020,0.013,0.012,5.241,5.995,0.9875,0.00984,270.56,52.40,0.56297548,0.7149788596,2.20,2.702839e-08,1.315367e-08,2.329571e-08,1.084614e-08,108.09,99.33,10213.11,9385.47,52.65,47.72
5.65637,7,0.5020,0.013,0.012,5.241,5.995,0.9875,0.00984,270.56,52.40,0.5629745199999999,0.7149776403999999,2.20,2.703248e-08,1.315636e-08,2.330696e-08,1.085864e-08,108.10,99.46,10214.17,9397.23,52.65,47.78
5.65663,7,0.5021,0.013,0.012,5.241,5.995,0.9875,0.00984,270.56,52.40,0.5629734799999999,0.7149763195999999,2.20,2.704016e-08,1.316351e-08,2.333437e-08,1.087032e-08,108.18,99.46,10221.37,9397.34,52.70,47.79
5.65688,7,0.5021,0.013,0.012,5.241,5.995,0.9875,0.00984,270.56,52.40,0.56297248,0.7149750496,2.20,2.708593e-08,1.317099e-08,2.334872e-08,1.087898e-08,107.94,99.49,10199.03,9400.54,52.56,47.80
5.65712,7,0.5021,0.013,0.012,5.241,5.995,0.9875,0.00984,270.56,52.40,0.56297152,0.7149738304,2.20,2.710868e-08,1.317616e-08,2.337726e-08,1.089589e-08,107.85,99.55,10190.16,9406.38,52.51,47.84
5.65738,7,0.5022,0.013,0.012,5.241,5.995,0.9875,0.00984,270.56,52.40,0.5629704799999999,0.7149725095999999,2.20,2.70857e-08,1.319139e-08,2.340829e-08,1.09113e-08,108.29,99.59,10232.03,9409.78,52.76,47.86
5.65763,7,0.5022,0.013,0.012,5.241,5.995,0.9875,0.00984,270.56,52.40,0.5629694799999999,0.7149712395999999,2.20,2.712249e-08,1.319094e-08,2.344308e-08,1.092734e-08,108.00,99.59,10204.33,9409.49,52.59,47.86
5.65787,7,0.5022,0.013,0.012,5.241,5.995,0.9875,0.00984,270.56,52.40,0.56296852,0.7149700204,2.20,2.713985e-08,1.320171e-08,2.345744e-08,1.095051e-08,108.04,99.87,10207.84,9436.09,52.61,48.02
5.65813,7,0.5023,0.013,0.012,5.241,5.995,0.9875,0.00984,270.56,52.40,0.56296748,0.7149686996,2.20,2.71148e-08,1.320004e-08,2.351759e-08,1.096269e-08,108.23,99.62,10225.73,9412.36,52.72,47.87
5.65838,7,0.5023,0.013,0.012,5.241,5.995,0.9875,0.00984,270.56,52.40,0.5629664799999999,0.7149674295999999,2.20,2.713961e-08,1.319714e-08,2.35337e-08,1.097914e-08,107.99,99.77,10203.16,9426.74,52.59,47.96
5.65862,7,0.5023,0.013,0.012,5.241,5.995,0.9875,0.00984,270.56,52.40,0.56296552,0.7149662104,2.20,2.715045e-08,1.320516e-08,2.357111e-08,1.100235e-08,108.03,99.87,10207.30,9436.00,52.61,48.02
5.65888,7,0.5024,0.013,0.012,5.240,5.995,0.9875,0.00984,270.56,52.40,0.56296448,0.7149648896,2.20,2.715023e-08,1.321767e-08,2.362537e-08,1.103417e-08,108.25,100.00,10228.34,9448.30,52.74,48.09
5.65913,7,0.5024,0.013,0.012,5.240,5.995,0.9875,0.00984,270.56,52.40,0.56296348,0.7149636196,2.20,2.715156e-08,1.321617e-08,2.366564e-08,1.104717e-08,108.22,99.90,10225.10,9438.99,52.72,48.03
5.65937,7,0.5024,0.013,0.012,5.240,5.995,0.9875,0.00984,270.56,52.40,0.5629625199999999,0.7149624003999999,2.20,2.7138e-08,1.321985e-08,2.369827e-08,1.107268e-08,108.38,100.07,10240.62,9455.45,52.81,48.13
5.65963,7,0.5025,0.013,0.012,5.240,5.995,0.9875,0.00984,270.56,52.40,0.56296148,0.7149610796,2.20,2.717142e-08,1.321569e-08,2.375877e-08,1.109312e-08,108.08,99.96,10211.86,9444.82,52.64,48.07
5.65988,7,0.5025,0.013,0.012,5.240,5.995,0.9875,0.00984,270.56,52.40,0.56296048,0.7149598095999999,2.20,2.716917e-08,1.321993e-08,2.378621e-08,1.112678e-08,108.16,100.31,10219.89,9478.14,52.69,48.27
5.66012,7,0.5025,0.013,0.012,5.240,5.995,0.9875,0.00984,270.56,52.40,0.5629595199999999,0.7149585904,2.20,2.718483e-08,1.321967e-08,2.383611e-08,1.115736e-08,108.04,100.44,10208.04,9489.70,52.61,48.33
5.66038,7,0.5026,0.013,0.012,5.240,5.995,0.9875,0.00984,270.56,52.40,0.5629584799999999,0.7149572696,2.20,2.718943e-08,1.323533e-08,2.390727e-08,1.117764e-08,108.27,100.24,10230.27,9470.84,52.75,48.22
5.66062,7,0.5026,0.013,0.012,5.240,5.995,0.9875,0.00984,270.56,52.40,0.56295752,0.7149560504,2.20,2.720675e-08,1.323859e-08,2.397686e-08,1.121336e-08,108.19,100.29,10222.49,9475.89,52.70,48.25
5.66087,7,0.5026,0.013,0.012,5.240,5.995,0.9875,0.00984,270.56,52.40,0.56295652,0.7149547803999999,2.20,2.719222e-08,1.324018e-08,2.401515e-08,1.124308e-08,108.33,100.49,10235.53,9494.63,52.78,48.36
5.66113,7,0.5027,0.013,0.012,5.240,5.995,0.9875,0.00984,270.56,52.40,0.56295548,0.7149534595999999,2.20,2.722897e-08,1.324453e-08,2.406762e-08,1.126435e-08,108.14,100.45,10217.20,9491.30,52.67,48.34
5.66137,7,0.5027,0.013,0.012,5.240,5.995,0.9875,0.00984,270.56,52.40,0.56295452,0.7149522404,2.20,2.72508e-08,1.325298e-08,2.412154e-08,1.130639e-08,108.10,100.73,10213.95,9517.89,52.65,48.50
5.66162,7,0.5027,0.013,0.012,5.240,5.995,0.9875,0.00984,270.56,52.40,0.56295352,0.7149509704,2.20,2.727201e-08,1.327356e-08,2.419091e-08,1.13396e-08,108.26,100.75,10229.35,9518.99,52.74,48.51
5.66188,7,0.5028,0.013,0.012,5.240,5.995,0.9875,0.00984,270.56,52.40,0.56295248,0.7149496496,2.20,2.726033e-08,1.327929e-08,2.425722e-08,1.136221e-08,108.47,100.62,10248.55,9507.54,52.86,48.44
5.66212,7,0.5028,0.013,0.012,5.240,5.995,0.9875,0.00984,270.56,52.40,0.5629515199999999,0.7149484303999999,2.20,2.729582e-08,1.329439e-08,2.431629e-08,1.140111e-08,108.43,100.81,10245.26,9525.19,52.84,48.55
5.66237,7,0.5028,0.013,0.012,5.240,5.995,0.9875,0.00984,270.56,52.40,0.56295052,0.7149471604000001,2.20,2.730709e-08,1.330742e-08,2.437293e-08,1.142668e-08,108.55,100.80,10256.59,9523.64,52.90,48.54
5.66263,7,0.5029,0.013,0.012,5.240,5.995,0.9875,0.00984,270.56,52.40,0.56294948,0.7149458396,2.20,2.73296e-08,1.331537e-08,2.444331e-08,1.146524e-08,108.53,100.91,10254.09,9534.24,52.89,48.60
5.66287,7,0.5029,0.013,0.012,5.240,5.995,0.9875,0.00984,270.56,52.40,0.56294852,0.7149446204,2.20,2.738491e-08,1.332856e-08,2.44885e-08,1.149762e-08,108.31,101.09,10233.49,9551.74,52.76,48.70
5.66312,7,0.5029,0.013,0.012,5.240,5.995,0.9875,0.00984,270.56,52.40,0.5629475199999999,0.7149433503999999,2.20,2.738548e-08,1.33357e-08,2.456344e-08,1.153982e-08,108.42,101.21,10243.76,9562.70,52.83,48.77
5.66338,7,0.5030,0.012,0.012,5.240,5.995,0.9875,0.00984,270.56,52.40,0.5629464799999999,0.7149420295999999,2.20,2.741188e-08,1.336719e-08,2.463287e-08,1.157283e-08,108.73,101.23,10273.63,9565.13,53.00,48.78
5.66362,7,0.5030,0.012,0.012,5.240,5.995,0.9875,0.00984,270.56,52.40,0.56294552,0.7149408104,2.20,2.746081e-08,1.337876e-08,2.467384e-08,1.161122e-08,108.54,101.55,10255.24,9594.96,52.89,48.96
5.66387,7,0.5030,0.012,0.012,5.240,5.995,0.9875,0.00984,270.56,52.40,0.56294452,0.7149395404,2.20,2.749498e-08,1.339064e-08,2.47318e-08,1.163691e-08,108.46,101.52,10248.12,9592.50,52.85,48.95
5.66413,7,0.5031,0.012,0.012,5.239,5.995,0.9875,0.00984,270.56,52.40,0.5629434799999999,0.7149382195999999,2.20,2.752537e-08,1.340898e-08,2.481847e-08,1.16673e-08,108.54,101.37,10255.44,9578.29,52.90,48.86
5.66437,7,0.5031,0.012,0.012,5.239,5.995,0.9875,0.00984,270.56,52.40,0.56294252,0.7149370004,2.20,2.756053e-08,1.341101e-08,2.484611e-08,1.169828e-08,108.30,101.67,10232.97,9606.17,52.76,49.03
5.66463,7,0.5031,0.012,0.012,5.239,5.995,0.9875,0.00984,270.56,52.40,0.56294148,0.7149356796,2.20,2.758909e-08,1.34534e-08,2.491308e-08,1.173606e-08,108.75,101.77,10275.36,9615.84,53.01,49.08
5.66488,7,0.5032,0.012,0.012,5.239,5.995,0.9875,0.00984,270.56,52.40,0.56294048,0.7149344096,2.20,2.764208e-08,1.346548e-08,2.497189e-08,1.176182e-08,108.56,101.76,10256.95,9614.75,52.90,49.08
5.66512,7,0.5032,0.012,0.012,5.239,5.995,0.9875,0.00984,270.56,52.40,0.5629395199999999,0.7149331903999999,2.20,2.768468e-08,1.348584e-08,2.500947e-08,1.179068e-08,108.55,101.94,10256.37,9631.98,52.90,49.18
5.66538,7,0.5032,0.012,0.012,5.239,5.995,0.9875,0.00984,270.56,52.40,0.5629384799999999,0.7149318695999999,2.20,2.77068e-08,1.350197e-08,2.508389e-08,1.181922e-08,108.63,101.84,10264.30,9621.90,52.95,49.12
5.66563,7,0.5033,0.012,0.012,5.239,5.995,0.9875,0.00984,270.56,52.40,0.56293748,0.7149305996,2.20,2.77682e-08,1.352953e-08,2.51289e-08,1.184716e-08,108.62,101.97,10262.85,9634.16,52.94,49.19
5.66587,7,0.5033,0.012,0.012,5.239,5.995,0.9875,0.00984,270.56,52.40,0.5629365199999999,0.7149293804,2.20,2.780143e-08,1.353947e-08,2.51876e-08,1.187302e-08,108.52,101.94,10253.62,9631.38,52.88,49.18
5.66613,7,0.5033,0.012,0.012,5.239,5.995,0.9875,0.00984,270.56,52.40,0.5629354799999999,0.7149280595999999,2.20,2.784308e-08,1.356322e-08,2.52054e-08,1.189583e-08,108.58,102.17,10258.73,9653.51,52.91,49.31
5.66638,7,0.5034,0.012,0.012,5.239,5.995,0.9875,0.00984,270.56,52.40,0.56293448,0.7149267896,2.20,2.78864e-08,1.357535e-08,2.528105e-08,1.192018e-08,108.46,102.01,10247.56,9638.05,52.85,49.22
5.66662,7,0.5034,0.012,0.012,5.239,5.995,0.9875,0.00984,270.56,52.40,0.56293352,0.7149255703999999,2.20,2.789523e-08,1.360044e-08,2.530161e-08,1.194888e-08,108.78,102.31,10278.18,9667.14,53.03,49.39
5.66688,7,0.5034,0.012,0.012,5.239,5.995,0.9875,0.00984,270.56,52.40,0.56293248,0.7149242496,2.20,2.79636e-08,1.362644e-08,2.535153e-08,1.196954e-08,108.67,102.27,10267.40,9662.68,52.97,49.36
5.66713,7,0.5035,0.012,0.012,5.239,5.995,0.9875,0.00984,270.56,52.40,0.5629314799999999,0.7149229796,2.20,2.799179e-08,1.363882e-08,2.540055e-08,1.199848e-08,108.67,102.38,10267.44,9673.46,52.97,49.43
5.66737,7,0.5035,0.012,0.012,5.239,5.995,0.9875,0.00984,270.56,52.40,0.56293052,0.7149217604,2.20,2.801364e-08,1.365412e-08,2.5437e-08,1.201373e-08,108.74,102.35,10274.27,9670.45,53.01,49.41
5.66763,7,0.5036,0.012,0.012,5.239,5.995,0.9875,0.00984,270.56,52.40,0.56292948,0.7149204396,2.20,2.805026e-08,1.367659e-08,2.545202e-08,1.203587e-08,108.83,102.61,10283.09,9695.34,53.06,49.56
5.66788,7,0.5036,0.012,0.012,5.239,5.995,0.9875,0.00984,270.56,52.40,0.56292848,0.7149191695999999,2.20,2.807501e-08,1.368988e-08,2.548764e-08,1.205231e-08,108.85,102.61,10284.88,9694.72,53.07,49.55
5.66812,7,0.5036,0.012,0.012,5.239,5.995,0.9875,0.00984,270.56,52.40,0.56292752,0.7149179504000001,2.20,2.809442e-08,1.369704e-08,2.552277e-08,1.206621e-08,108.82,102.56,10281.51,9690.59,53.05,49.53
5.66838,7,0.5037,0.012,0.012,5.239,5.995,0.9875,0.00984,270.56,52.40,0.56292648,0.7149166296,2.20,2.813234e-08,1.371309e-08,2.554141e-08,1.208576e-08,108.80,102.76,10279.98,9708.88,53.04,49.64
5.66862,7,0.5037,0.012,0.012,5.239,5.995,0.9875,0.00984,270.56,52.40,0.56292552,0.7149154104,2.20,2.81743e-08,1.373136e-08,2.555974e-08,1.210335e-08,108.77,102.90,10276.80,9722.47,53.02,49.72
5.66887,7,0.5037,0.012,0.012,5.239,5.995,0.9875,0.00984,270.56,52.40,0.5629245199999999,0.7149141403999999,2.20,2.820093e-08,1.374662e-08,2.55929e-08,1.211632e-08,108.80,102.86,10280.12,9718.31,53.04,49.69
5.66913,7,0.5038,0.012,0.012,5.238,5.995,0.9875,0.00984,270.56,52.40,0.5629234799999999,0.7149128195999999,2.20,2.821209e-08,1.374479e-08,2.564946e-08,1.213608e-08,108.71,102.76,10271.56,9709.58,52.99,49.64
5.66937,7,0.5038,0.012,0.012,5.238,5.995,0.9875,0.00984,270.56,52.40,0.56292252,0.7149116004,2.20,2.822727e-08,1.37676e-08,2.563557e-08,1.213854e-08,108.95,102.91,10294.04,9723.31,53.12,49.72
5.66962,7,0.5038,0.012,0.012,5.238,5.995,0.9875,0.00984,270.56,52.40,0.56292152,0.7149103304,2.20,2.824182e-08,1.377258e-08,2.567416e-08,1.216192e-08,108.92,102.99,10290.95,9731.07,53.10,49.77
5.66988,7,0.5039,0.012,0.012,5.238,5.995,0.9875,0.00984,270.56,52.40,0.56292048,0.7149090095999999,2.20,2.825112e-08,1.378025e-08,2.569277e-08,1.217893e-08,108.99,103.14,10297.57,9745.46,53.14,49.85
5.67012,7,0.5039,0.012,0.012,5.238,5.995,0.9875,0.00984,270.56,52.40,0.56291952,0.7149077904,2.20,2.825506e-08,1.378412e-08,2.570704e-08,1.219713e-08,109.02,103.33,10300.41,9762.87,53.16,49.96
5.67037,7,0.5039,0.012,0.012,5.238,5.995,0.9875,0.00984,270.56,52.40,0.56291852,0.7149065204,2.20,2.825696e-08,1.378565e-08,2.572759e-08,1.219587e-08,109.03,103.15,10301.29,9746.12,53.17,49.86
5.67063,7,0.5040,0.012,0.012,5.238,5.995,0.9875,0.00984,270.56,52.40,0.56291748,0.7149051996,2.20,2.828209e-08,1.378902e-08,2.574847e-08,1.221986e-08,108.91,103.40,10290.38,9769.48,53.10,50.00
5.67087,7,0.5040,0.012,0.012,5.238,5.995,0.9875,0.00984,270.56,52.40,0.5629165199999999,0.7149039803999999,2.20,2.826958e-08,1.37998e-08,2.575772e-08,1.223403e-08,109.17,103.55,10315.00,9784.37,53.25,50.09
5.67112,7,0.5040,0.012,0.012,5.238,5.995,0.9875,0.00984,270.56,52.40,0.56291552,0.7149027104,2.20,2.825085e-08,1.38051e-08,2.579116e-08,1.223593e-08,109.39,103.33,10336.13,9763.12,53.37,49.96
5.67138,7,0.5041,0.012,0.012,5.238,5.995,0.9875,0.00985,270.56,52.40,0.56291448,0.7149013896,2.20,2.828248e-08,1.379058e-08,2.582631e-08,1.225366e-08,108.95,103.37,10294.42,9766.65,53.12,49.98
5.67162,7,0.5041,0.012,0.012,5.238,5.995,0.9875,0.00985,270.56,52.40,0.56291352,0.7149001704,2.20,2.82802e-08,1.379233e-08,2.58584e-08,1.227031e-08,109.00,103.39,10298.59,9768.81,53.15,49.99
5.67188,7,0.5041,0.012,0.012,5.238,5.995,0.9875,0.00985,270.56,52.40,0.5629124799999999,0.7148988495999999,2.20,2.826966e-08,1.379191e-08,2.58696e-08,1.228399e-08,109.07,103.52,10305.47,9781.49,53.19,50.07
5.67213,7,0.5042,0.012,0.012,5.238,5.995,0.9875,0.00985,270.56,52.40,0.5629114799999999,0.7148975795999999,2.20,2.824879e-08,1.37885e-08,2.589826e-08,1.229045e-08,109.20,103.43,10317.41,9772.60,53.26,50.02
5.67237,7,0.5042,0.012,0.012,5.238,5.995,0.9875,0.00985,270.56,52.40,0.56291052,0.7148963603999999,2.20,2.826304e-08,1.377275e-08,2.591088e-08,1.231278e-08,108.85,103.69,10284.29,9797.35,53.06,50.16
5.67263,7,0.5042,0.012,0.012,5.238,5.995,0.9875,0.00985,270.56,52.40,0.56290948,0.7148950396,2.20,2.825346e-08,1.3773e-08,2.594069e-08,1.232829e-08,108.92,103.71,10291.46,9799.38,53.11,50.17
5.67288,7,0.5043,0.012,0.012,5.238,5.995,0.9875,0.00985,270.56,52.40,0.5629084799999999,0.7148937696,2.20,2.823468e-08,1.37774e-08,2.596738e-08,1.234523e-08,109.15,103.80,10313.30,9807.77,53.24,50.22
5.67312,7,0.5043,0.012,0.012,5.238,5.995,0.9875,0.00985,270.56,52.40,0.56290752,0.7148925504,2.20,2.8212e-08,1.37732e-08,2.599087e-08,1.236559e-08,109.26,103.95,10323.35,9821.69,53.30,50.31
5.67338,7,0.5043,0.012,0.012,5.238,5.995,0.9875,0.00985,270.56,52.40,0.56290648,0.7148912296,2.20,2.819925e-08,1.377493e-08,2.602351e-08,1.236818e-08,109.38,103.74,10335.01,9802.13,53.37,50.19
5.67363,7,0.5044,0.012,0.012,5.237,5.995,0.9875,0.00985,270.56,52.40,0.56290548,0.7148899595999999,2.20,2.818975e-08,1.377573e-08,2.606517e-08,1.240062e-08,109.49,103.97,10345.05,9823.15,53.42,50.32
5.67387,7,0.5044,0.012,0.012,5.237,6.021,0.9875,0.00985,270.56,52.40,0.5629045199999999,0.7148887404,2.20,2.819301e-08,1.376439e-08,2.609788e-08,1.240999e-08,109.29,103.87,10326.07,9813.81,53.29,50.23
5.67413,7,0.5044,0.012,0.012,5.237,6.021,0.9875,0.00985,270.56,52.40,0.56290348,0.7148874196,2.20,2.81755e-08,1.376186e-08,2.614294e-08,1.243525e-08,109.38,103.93,10334.90,9819.58,53.34,50.27
5.67438,7,0.5045,0.012,0.012,5.237,6.021,0.9875,0.00985,270.56,52.40,0.56290248,0.7148861496,2.20,2.817985e-08,1.374657e-08,2.617108e-08,1.244857e-08,109.13,103.95,10311.42,9821.43,53.20,50.28
5.67462,7,0.5045,0.012,0.012,5.237,6.021,0.9875,0.00985,270.56,52.40,0.5629015199999999,0.7148849303999999,2.20,2.818736e-08,1.375068e-08,2.620297e-08,1.246631e-08,109.14,103.99,10312.07,9825.30,53.20,50.30
5.67488,7,0.5045,0.012,0.012,5.237,6.021,0.9875,0.00985,270.56,52.40,0.5629004799999999,0.7148836096,2.20,2.818145e-08,1.374113e-08,2.625103e-08,1.249652e-08,109.04,104.10,10302.31,9836.33,53.14,50.37
5.67513,7,0.5046,0.012,0.012,5.237,6.021,0.9875,0.00985,270.56,52.40,0.56289948,0.7148823396,2.20,2.815209e-08,1.374324e-08,2.628562e-08,1.251574e-08,109.31,104.17,10328.44,9842.41,53.30,50.40
5.67537,7,0.5046,0.012,0.012,5.237,6.021,0.9875,0.00985,270.56,52.40,0.56289852,0.7148811204,2.20,2.814521e-08,1.374331e-08,2.631761e-08,1.254018e-08,109.37,104.32,10333.48,9856.23,53.33,50.49
5.67563,7,0.5046,0.012,0.012,5.237,6.021,0.9875,0.00985,270.56,52.40,0.56289748,0.7148797995999999,2.20,2.81676e-08,1.374543e-08,2.637437e-08,1.255578e-08,109.23,104.13,10320.55,9839.09,53.25,50.38
5.67587,7,0.5047,0.012,0.012,5.237,6.021,0.9875,0.00985,270.56,52.40,0.56289652,0.7148785804000001,2.20,2.814044e-08,1.373694e-08,2.641353e-08,1.258251e-08,109.33,104.28,10329.59,9853.13,53.31,50.47
5.67612,7,0.5047,0.012,0.012,5.237,6.021,0.9875,0.00985,270.56,52.40,0.56289552,0.7148773104,2.20,2.814101e-08,1.37462e-08,2.645495e-08,1.259483e-08,109.46,104.17,10342.79,9842.07,53.38,50.40
5.67638,7,0.5047,0.012,0.012,5.237,6.021,0.9875,0.00985,270.56,52.40,0.56289448,0.7148759896,2.20,2.813255e-08,1.373548e-08,2.649351e-08,1.261476e-08,109.36,104.19,10333.10,9844.41,53.33,50.42
5.67662,7,0.5048,0.012,0.012,5.237,6.021,0.9875,0.00985,270.56,52.40,0.5628935199999999,0.7148747703999999,2.20,2.811017e-08,1.374163e-08,2.65251e-08,1.264363e-08,109.65,104.43,10360.31,9866.96,53.49,50.55
5.67687,7,0.5048,0.012,0.012,5.237,6.021,0.9875,0.00985,270.56,52.40,0.56289252,0.7148735004,2.20,2.811385e-08,1.373541e-08,2.655715e-08,1.265624e-08,109.53,104.39,10348.49,9862.99,53.42,50.53
5.67713,7,0.5048,0.012,0.012,5.237,6.021,0.9875,0.00985,270.56,52.40,0.56289148,0.7148721796,2.20,2.811379e-08,1.373497e-08,2.660671e-08,1.26774e-08,109.52,104.35,10347.89,9859.34,53.41,50.50
5.67737,7,0.5049,0.012,0.012,5.237,6.021,0.9875,0.00985,270.56,52.40,0.56289052,0.7148709604,2.20,2.810229e-08,1.37451e-08,2.665184e-08,1.270119e-08,109.79,104.40,10373.17,9864.68,53.56,50.54
5.67762,7,0.5049,0.012,0.012,5.237,6.021,0.9875,0.00985,270.56,52.40,0.5628895199999999,0.7148696903999999,2.20,2.810012e-08,1.372534e-08,2.667018e-08,1.2715e-08,109.49,104.48,10345.59,9872.20,53.40,50.58
5.67788,7,0.5049,0.012,0.012,5.237,6.021,0.9875,0.00985,270.56,52.40,0.5628884799999999,0.7148683695999999,2.20,2.81084e-08,1.372957e-08,2.669552e-08,1.273382e-08,109.50,104.59,10345.86,9882.20,53.40,50.64
5.67812,7,0.5050,0.012,0.012,5.237,6.021,0.9875,0.00985,270.56,52.40,0.56288752,0.7148671503999999,2.20,2.806879e-08,1.372968e-08,2.671862e-08,1.273699e-08,109.82,104.49,10376.66,9872.52,53.59,50.58
5.67837,7,0.5050,0.012,0.012,5.237,6.021,0.9875,0.00985,270.56,52.40,0.56288652,0.7148658804,2.20,2.805356e-08,1.372531e-08,2.673502e-08,1.274893e-08,109.87,104.55,10381.22,9878.63,53.61,50.62
5.67863,7,0.5050,0.012,0.012,5.237,6.021,0.9875,0.00985,270.56,52.40,0.5628854799999999,0.7148645596,2.20,2.805465e-08,1.371068e-08,2.673609e-08,1.275553e-08,109.63,104.65,10358.78,9887.65,53.48,50.67
5.67887,7,0.5051,0.012,0.012,5.236,6.021,0.9875,0.00985,270.56,52.40,0.56288452,0.7148633404,2.20,2.802237e-08,1.369428e-08,2.675849e-08,1.275266e-08,109.65,104.46,10359.91,9869.54,53.49,50.56
5.67912,7,0.5051,0.012,0.012,5.236,6.021,0.9875,0.00985,270.56,52.40,0.56288352,0.7148620703999999,2.20,2.79789e-08,1.368645e-08,2.675819e-08,1.276118e-08,109.86,104.59,10379.81,9882.36,53.60,50.64
5.67938,7,0.5051,0.012,0.012,5.236,6.021,0.9875,0.00985,270.56,52.40,0.56288248,0.7148607496,2.20,2.794736e-08,1.367808e-08,2.672474e-08,1.274671e-08,109.97,104.62,10390.30,9884.56,53.67,50.65
5.67962,7,0.5052,0.012,0.012,5.236,6.021,0.9875,0.00985,270.56,52.40,0.5628815199999999,0.7148595303999999,2.20,2.790693e-08,1.364279e-08,2.669806e-08,1.274549e-08,109.75,104.82,10369.28,9903.61,53.54,50.77
5.67988,7,0.5052,0.012,0.012,5.236,6.021,0.9875,0.00985,270.56,52.40,0.5628804799999999,0.7148582095999999,2.20,2.785056e-08,1.362173e-08,2.666989e-08,1.27228e-08,109.85,104.67,10378.97,9889.86,53.60,50.68
5.68013,7,0.5052,0.012,0.012,5.236,6.021,0.9875,0.00985,270.56,52.40,0.56287948,0.7148569396,2.20,2.778653e-08,1.359966e-08,2.6614e-08,1.271099e-08,109.99,104.91,10392.80,9912.01,53.68,50.82
5.68037,7,0.5053,0.012,0.012,5.236,6.021,0.9875,0.00985,270.56,52.40,0.5628785199999999,0.7148557203999999,2.20,2.772919e-08,1.357216e-08,2.654654e-08,1.267404e-08,110.02,104.85,10395.70,9906.89,53.70,50.79
5.68063,7,0.5053,0.012,0.012,5.236,6.021,0.9875,0.00985,270.56,52.40,0.5628774799999999,0.7148543996,2.20,2.766242e-08,1.354759e-08,2.64826e-08,1.265202e-08,110.15,104.99,10407.91,9919.66,53.77,50.86
5.68088,7,0.5053,0.012,0.012,5.236,6.021,0.9875,0.00985,270.56,52.40,0.56287648,0.7148531296,2.20,2.762462e-08,1.352511e-08,2.642204e-08,1.261294e-08,110.09,104.83,10401.93,9904.40,53.73,50.77
5.68112,7,0.5054,0.012,0.012,5.236,6.021,0.9875,0.00985,270.56,52.40,0.56287552,0.7148519104,2.20,2.759053e-08,1.351799e-08,2.632969e-08,1.257982e-08,110.27,105.02,10418.44,9922.91,53.83,50.88
5.68138,7,0.5054,0.012,0.012,5.236,6.021,0.9875,0.00985,270.56,52.40,0.56287448,0.7148505895999999,2.20,2.7601e-08,1.350854e-08,2.626651e-08,1.254418e-08,110.03,104.93,10396.44,9914.65,53.70,50.83
5.68163,7,0.5054,0.012,0.012,5.236,6.021,0.9875,0.00985,270.56,52.40,0.5628734799999999,0.7148493195999999,2.20,2.75949e-08,1.352755e-08,2.621876e-08,1.253841e-08,110.38,105.21,10429.65,9940.50,53.90,50.99
5.68187,7,0.5055,0.012,0.012,5.236,6.021,0.9875,0.00985,270.56,52.40,0.56287252,0.7148481004,2.20,2.765203e-08,1.355236e-08,2.62016e-08,1.252083e-08,110.36,105.08,10426.89,9928.22,53.88,50.91
5.68213,7,0.5055,0.012,0.012,5.236,6.021,0.9875,0.00985,270.56,52.40,0.56287148,0.7148467796,2.20,2.773028e-08,1.359455e-08,2.621243e-08,1.252414e-08,110.42,105.05,10432.67,9925.39,53.92,50.90
5.68238,7,0.5055,0.012,0.012,5.236,6.021,0.9875,0.00985,270.56,52.40,0.56287048,0.7148455095999999,2.20,2.781187e-08,1.363541e-08,2.623174e-08,1.254987e-08,110.43,105.31,10433.96,9950.45,53.92,51.04
5.68262,7,0.5056,0.012,0.012,5.236,6.021,0.9875,0.00985,270.56,52.40,0.56286952,0.7148442904,2.20,2.789588e-08,1.368355e-08,2.630811e-08,1.257547e-08,110.56,105.16,10446.44,9935.85,54.00,50.96
5.68288,7,0.5056,0.012,0.012,5.236,6.021,0.9875,0.00985,270.56,52.40,0.56286848,0.7148429696,2.20,2.798283e-08,1.372819e-08,2.636504e-08,1.261086e-08,110.59,105.29,10449.41,9948.21,54.02,51.03
5.68313,7,0.5057,0.012,0.012,5.236,6.021,0.9875,0.00985,270.56,52.40,0.56286748,0.7148416996,2.20,2.811197e-08,1.377584e-08,2.644194e-08,1.265924e-08,110.37,105.49,10428.14,9967.68,53.89,51.15
5.68337,7,0.5057,0.012,0.012,5.236,6.021,0.9875,0.00985,270.56,52.40,0.5628665199999999,0.7148404803999999,2.20,2.817129e-08,1.382154e-08,2.652754e-08,1.2697e-08,110.63,105.44,10452.81,9962.83,54.04,51.12
5.68363,7,0.5057,0.012,0.012,5.236,6.021,0.9875,0.00985,270.56,52.40,0.5628654799999999,0.7148391595999999,2.20,2.822828e-08,1.385883e-08,2.662057e-08,1.274396e-08,110.78,105.48,10466.64,9966.48,54.12,51.14
5.68387,7,0.5058,0.012,0.012,5.235,6.021,0.9875,0.00985,270.56,52.40,0.56286452,0.7148379404,2.20,2.829003e-08,1.388675e-08,2.668382e-08,1.277364e-08,110.76,105.49,10465.16,9967.55,54.11,51.15
5.68412,7,0.5058,0.012,0.012,5.235,6.021,0.9875,0.00985,270.56,52.40,0.56286352,0.7148366704,2.20,2.832821e-08,1.391907e-08,2.674351e-08,1.280965e-08,110.97,105.61,10485.25,9978.67,54.23,51.21
5.68438,7,0.5058,0.012,0.012,5.235,6.021,0.9875,0.00985,270.56,52.40,0.5628624799999999,0.7148353496,2.20,2.84065e-08,1.394379e-08,2.681238e-08,1.283212e-08,110.76,105.45,10464.97,9962.99,54.11,51.12
5.68462,7,0.5059,0.012,0.012,5.235,6.021,0.9875,0.00985,270.56,52.40,0.56286152,0.7148341304,2.20,2.841058e-08,1.396353e-08,2.684697e-08,1.285596e-08,111.06,105.58,10493.21,9975.80,54.28,51.19
5.68487,7,0.5059,0.012,0.012,5.235,6.021,0.9875,0.00985,270.56,52.40,0.56286052,0.7148328603999999,2.20,2.844402e-08,1.396784e-08,2.686691e-08,1.288072e-08,110.87,105.82,10475.33,9998.46,54.17,51.33
5.68513,7,0.5059,0.012,0.012,5.235,6.021,0.9875,0.00985,270.56,52.40,0.56285948,0.7148315396,2.20,2.845844e-08,1.398425e-08,2.690138e-08,1.289546e-08,111.01,105.79,10489.08,9995.80,54.25,51.31
5.68537,7,0.5060,0.012,0.012,5.235,6.021,0.9875,0.00985,270.56,52.40,0.5628585199999999,0.7148303203999999,2.20,2.84723e-08,1.39934e-08,2.692177e-08,1.290614e-08,111.07,105.83,10494.60,9999.13,54.28,51.33
5.68562,7,0.5060,0.012,0.012,5.235,6.022,0.9875,0.00985,270.56,52.40,0.56285752,0.7148290504,2.20,2.846191e-08,1.399578e-08,2.69259e-08,1.291122e-08,111.19,105.88,10505.65,10003.74,54.35,51.36
5.68588,7,0.5060,0.012,0.012,5.235,6.022,0.9875,0.00985,270.56,52.40,0.56285648,0.7148277296,2.20,2.84663e-08,1.399835e-08,2.692637e-08,1.291531e-08,111.20,105.94,10506.26,10009.49,54.35,51.39
5.68612,7,0.5061,0.012,0.012,5.235,6.022,0.9875,0.00985,270.56,52.40,0.5628555199999999,0.7148265103999999,2.20,2.847394e-08,1.399171e-08,2.691904e-08,1.291144e-08,111.05,105.95,10493.00,10010.95,54.27,51.40
5.68637,7,0.5061,0.012,0.012,5.235,6.022,0.9875,0.00985,270.56,52.40,0.5628545199999999,0.7148252404,2.20,2.843956e-08,1.398715e-08,2.689172e-08,1.291256e-08,111.25,106.18,10511.22,10032.18,54.38,51.53
5.68663,7,0.5061,0.012,0.012,5.235,6.022,0.9875,0.00985,270.56,52.40,0.5628534799999999,0.7148239195999999,2.20,2.842654e-08,1.399462e-08,2.691402e-08,1.291987e-08,111.46,106.12,10531.76,10027.11,54.50,51.50
5.68687,7,0.5062,0.012,0.012,5.235,6.022,0.9875,0.00985,270.56,52.40,0.56285252,0.7148227004,2.20,2.839975e-08,1.398278e-08,2.690521e-08,1.290967e-08,111.51,106.05,10535.85,10020.18,54.53,51.46
5.68712,7,0.5062,0.012,0.012,5.235,6.022,0.9875,0.00985,270.56,52.40,0.5628515199999999,0.7148214303999999,2.20,2.837318e-08,1.398199e-08,2.688863e-08,1.290615e-08,111.70,106.12,10554.12,10026.80,54.64,51.50
5.68738,7,0.5062,0.012,0.012,5.235,6.022,0.9875,0.00985,270.56,52.40,0.5628504799999999,0.7148201096,2.20,2.833418e-08,1.396939e-08,2.684943e-08,1.289158e-08,111.81,106.19,10563.99,10033.16,54.70,51.53
5.68762,7,0.5063,0.012,0.012,5.235,6.022,0.9875,0.00985,270.56,52.40,0.56284952,0.7148188904,2.20,2.829521e-08,1.394659e-08,2.683423e-08,1.289161e-08,111.77,106.33,10560.72,10046.12,54.68,51.61
5.68788,7,0.5063,0.012,0.012,5.235,6.022,0.9875,0.00985,270.56,52.40,0.56284848,0.7148175696,2.20,2.827733e-08,1.3934e-08,2.680892e-08,1.288549e-08,111.71,106.42,10555.08,10055.19,54.64,51.66
5.68813,7,0.5063,0.012,0.012,5.235,6.022,0.9875,0.00985,270.56,52.40,0.56284748,0.7148162995999999,2.20,2.823216e-08,1.39289e-08,2.680189e-08,1.287535e-08,111.98,106.31,10580.78,10045.04,54.80,51.60
5.68837,7,0.5064,0.012,0.012,5.235,6.022,0.9875,0.00985,270.56,52.40,0.5628465199999999,0.7148150803999999,2.20,2.820693e-08,1.391668e-08,2.6778e-08,1.285921e-08,112.01,106.26,10583.21,10040.01,54.81,51.57
5.68863,7,0.5064,0.012,0.012,5.235,6.022,0.9875,0.00985,270.56,52.40,0.56284548,0.7148137596,2.20,2.814724e-08,1.38932e-08,2.673788e-08,1.285597e-08,112.10,106.52,10592.19,10064.15,54.86,51.72
5.68888,7,0.5064,0.012,0.012,5.235,6.022,0.9875,0.00985,270.56,52.40,0.56284448,0.7148124896,2.20,2.81336e-08,1.387514e-08,2.673854e-08,1.285202e-08,111.92,106.45,10575.14,10057.72,54.76,51.68
5.68912,7,0.5065,0.012,0.012,5.234,6.022,0.9875,0.00985,270.56,52.40,0.5628435199999999,0.7148112703999999,2.20,2.808286e-08,1.386322e-08,2.675883e-08,1.284378e-08,112.16,106.18,10597.00,10032.64,54.89,51.53
5.68938,7,0.5065,0.012,0.012,5.234,6.022,0.9875,0.00985,270.56,52.40,0.5628424799999999,0.7148099495999999,2.20,2.806628e-08,1.384079e-08,2.671169e-08,1.283123e-08,111.93,106.34,10575.50,10047.82,54.76,51.62
5.68963,7,0.5065,0.012,0.012,5.234,6.022,0.9875,0.00985,270.56,52.40,0.56284148,0.7148086796,2.20,2.797797e-08,1.382907e-08,2.668293e-08,1.28285e-08,112.44,106.52,10623.74,10064.55,55.05,51.72
5.68987,7,0.5066,0.012,0.012,5.234,6.022,0.9875,0.00985,270.56,52.40,0.56284052,0.7148074604,2.20,2.796159e-08,1.380859e-08,2.666865e-08,1.282043e-08,112.26,106.52,10607.03,10064.72,54.95,51.72
5.69013,7,0.5066,0.012,0.012,5.234,6.022,0.9875,0.00985,270.56,52.40,0.56283948,0.7148061396,2.20,2.793079e-08,1.379535e-08,2.663849e-08,1.280819e-08,112.29,106.56,10610.02,10068.14,54.97,51.74
5.69038,7,0.5066,0.012,0.012,5.234,6.022,0.9875,0.00985,270.56,52.40,0.5628384799999999,0.7148048695999999,2.20,2.789825e-08,1.378448e-08,2.661163e-08,1.279895e-08,112.38,106.62,10617.94,10073.71,55.02,51.77
5.69062,7,0.5067,0.012,0.012,5.234,6.022,0.9875,0.00985,270.56,52.40,0.56283752,0.7148036503999999,2.20,2.784877e-08,1.376822e-08,2.661516e-08,1.280302e-08,112.53,106.68,10632.54,10079.30,55.10,51.81
5.69088,7,0.5067,0.012,0.012,5.234,6.022,0.9875,0.00985,270.56,52.40,0.56283648,0.7148023296,2.20,2.782495e-08,1.375799e-08,2.658619e-08,1.279299e-08,112.56,106.74,10634.90,10085.23,55.12,51.84
5.69113,7,0.5067,0.012,0.012,5.234,6.022,0.9875,0.00985,270.56,52.40,0.5628354799999999,0.7148010596,2.20,2.777913e-08,1.37352e-08,2.658038e-08,1.278744e-08,112.55,106.69,10634.70,10081.04,55.12,51.82
5.69137,7,0.5068,0.012,0.012,5.234,6.022,0.9875,0.00985,270.56,52.40,0.56283452,0.7147998404,2.20,2.774207e-08,1.371121e-08,2.657425e-08,1.278188e-08,112.48,106.67,10628.11,10079.07,55.08,51.81
5.69163,7,0.5068,0.012,0.012,5.234,6.022,0.9875,0.00985,270.56,52.40,0.56283348,0.7147985196,2.20,2.772186e-08,1.370764e-08,2.656209e-08,1.277507e-08,112.59,106.66,10637.96,10077.60,55.13,51.80
5.69187,7,0.5068,0.012,0.012,5.234,6.022,0.9875,0.00985,270.56,52.40,0.56283252,0.7147973003999999,2.20,2.76754e-08,1.368479e-08,2.654257e-08,1.277894e-08,112.59,106.87,10638.14,10097.79,55.14,51.92
5.69212,7,0.5069,0.012,0.012,5.234,6.022,0.9875,0.00985,270.56,52.40,0.5628315199999999,0.7147960304,2.20,2.766536e-08,1.368873e-08,2.653247e-08,1.276045e-08,112.76,106.67,10653.95,10079.02,55.23,51.81
5.69238,7,0.5069,0.012,0.012,5.234,6.022,0.9875,0.00985,270.56,52.40,0.5628304799999999,0.7147947095999999,2.20,2.762864e-08,1.367261e-08,2.651023e-08,1.275677e-08,112.79,106.79,10657.11,10089.71,55.25,51.87
5.69262,7,0.5069,0.012,0.012,5.234,6.022,0.9875,0.00985,270.56,52.40,0.56282952,0.7147934904,2.20,2.760538e-08,1.365999e-08,2.650298e-08,1.276044e-08,112.77,106.90,10655.40,10100.64,55.24,51.93
5.69287,7,0.5070,0.012,0.012,5.234,6.022,0.9875,0.00985,270.56,52.40,0.5628285199999999,0.7147922203999999,2.20,2.757452e-08,1.363945e-08,2.64679e-08,1.274481e-08,112.71,106.94,10649.36,10104.56,55.20,51.96
5.69313,7,0.5070,0.012,0.012,5.234,6.022,0.9875,0.00985,270.56,52.40,0.5628274799999999,0.7147908996,2.20,2.756351e-08,1.363466e-08,2.645872e-08,1.274038e-08,112.72,106.94,10650.37,10104.54,55.21,51.96
5.69337,7,0.5070,0.012,0.012,5.234,6.022,0.9875,0.00985,270.56,52.40,0.56282652,0.7147896804,2.20,2.753041e-08,1.363108e-08,2.64381e-08,1.27277e-08,112.93,106.90,10670.19,10100.33,55.33,51.93
5.69362,7,0.5071,0.012,0.012,5.234,6.022,0.9875,0.00985,270.57,52.40,0.56282552,0.7147884104,2.20,2.752438e-08,1.360712e-08,2.642839e-08,1.272797e-08,112.61,107.00,10639.81,10109.90,55.14,51.99
5.69388,7,0.5071,0.012,0.012,5.234,6.022,0.9875,0.00985,270.57,52.40,0.56282448,0.7147870895999999,2.20,2.74939e-08,1.361326e-08,2.638433e-08,1.271673e-08,112.96,107.16,10672.69,10125.22,55.34,52.08
5.69412,7,0.5071,0.012,0.012,5.234,6.022,0.9875,0.00985,270.57,52.40,0.5628235199999999,0.7147858703999999,2.20,2.747129e-08,1.360268e-08,2.63718e-08,1.270773e-08,112.97,107.11,10673.65,10120.67,55.35,52.05
5.69437,7,0.5072,0.012,0.012,5.233,6.022,0.9875,0.00985,270.57,52.40,0.56282252,0.7147846004,2.20,2.745434e-08,1.358946e-08,2.634777e-08,1.269097e-08,112.91,107.05,10668.25,10114.70,55.31,52.02
5.69463,7,0.5072,0.012,0.012,5.233,6.022,0.9875,0.00985,270.57,52.40,0.56282148,0.7147832796,2.20,2.745298e-08,1.358063e-08,2.633894e-08,1.268557e-08,112.78,107.03,10655.58,10112.93,55.24,52.01
5.69487,7,0.5072,0.012,0.012,5.233,6.022,0.9875,0.00985,270.57,52.40,0.5628205199999999,0.7147820603999999,2.20,2.742859e-08,1.357675e-08,2.631327e-08,1.267871e-08,112.91,107.12,10668.30,10121.41,55.31,52.06
5.69512,7,0.5073,0.012,0.012,5.233,6.022,0.9875,0.00985,270.57,52.40,0.5628195199999999,0.7147807903999999,2.20,2.74145e-08,1.35689e-08,2.626818e-08,1.266571e-08,112.92,107.29,10669.04,10136.88,55.32,52.15
5.69538,7,0.5073,0.012,0.012,5.233,6.022,0.9875,0.00985,270.57,52.40,0.56281848,0.7147794696,2.20,2.737464e-08,1.35667e-08,2.625877e-08,1.265606e-08,113.21,107.20,10696.41,10128.98,55.48,52.10
5.69562,7,0.5073,0.012,0.012,5.233,6.022,0.9875,0.00985,270.57,52.40,0.56281752,0.7147782504,2.20,2.735811e-08,1.355254e-08,2.619773e-08,1.263499e-08,113.11,107.34,10687.08,10141.92,55.43,52.18
5.69588,7,0.5074,0.012,0.012,5.233,6.022,0.9875,0.00985,270.57,52.40,0.56281648,0.7147769295999999,2.20,2.735666e-08,1.354529e-08,2.619463e-08,1.261893e-08,113.02,107.12,10678.98,10121.35,55.38,52.06
5.69613,7,0.5074,0.012,0.012,5.233,6.022,0.9875,0.00985,270.57,52.40,0.5628154799999999,0.7147756595999999,2.20,2.732368e-08,1.354313e-08,2.61604e-08,1.260545e-08,113.26,107.17,10701.16,10126.02,55.51,52.08
5.69637,7,0.5074,0.012,0.012,5.233,6.022,0.9875,0.00985,270.57,52.40,0.56281452,0.7147744404,2.20,2.732654e-08,1.353142e-08,2.611425e-08,1.258652e-08,113.04,107.23,10680.61,10131.16,55.39,52.11
5.69663,7,0.5075,0.012,0.012,5.233,6.022,0.9875,0.00985,270.57,52.40,0.56281348,0.7147731196,2.20,2.730023e-08,1.35194e-08,2.607284e-08,1.256486e-08,113.08,107.22,10684.30,10130.51,55.41,52.11
5.69688,7,0.5075,0.012,0.012,5.233,6.022,0.9875,0.00985,270.57,52.40,0.56281248,0.7147718496,2.20,2.728733e-08,1.351851e-08,2.601709e-08,1.254819e-08,113.17,107.39,10692.91,10146.42,55.46,52.20
5.69712,7,0.5075,0.012,0.012,5.233,6.022,0.9875,0.00985,270.57,52.40,0.56281152,0.7147706304,2.20,2.725669e-08,1.350498e-08,2.599003e-08,1.252338e-08,113.20,107.19,10695.50,10128.05,55.48,52.09
5.69738,7,0.5076,0.012,0.012,5.233,6.022,0.9875,0.00985,270.57,52.40,0.56281048,0.7147693096,2.20,2.725713e-08,1.349164e-08,2.592715e-08,1.250432e-08,113.00,107.40,10676.34,10147.65,55.36,52.21
5.69763,7,0.5076,0.012,0.012,5.233,6.022,0.9875,0.00985,270.57,52.40,0.56280948,0.7147680396,2.20,2.72287e-08,1.348064e-08,2.587832e-08,1.247716e-08,113.05,107.34,10681.16,10141.98,55.39,52.18
5.69787,7,0.5076,0.012,0.012,5.233,6.022,0.9875,0.00985,270.57,52.40,0.5628085199999999,0.7147668204,2.20,2.720888e-08,1.346864e-08,2.584013e-08,1.245303e-08,113.01,107.24,10677.73,10133.00,55.37,52.12
5.69813,7,0.5077,0.012,0.012,5.233,6.022,0.9875,0.00985,270.57,52.40,0.5628074799999999,0.7147654995999999,2.20,2.717292e-08,1.345404e-08,2.578481e-08,1.242438e-08,113.09,107.23,10684.86,10131.86,55.41,52.12
5.69838,7,0.5077,0.012,0.012,5.233,6.022,0.9875,0.00985,270.57,52.40,0.56280648,0.7147642296,2.20,2.717083e-08,1.343175e-08,2.571183e-08,1.240319e-08,112.73,107.47,10651.48,10153.94,55.21,52.25
5.69862,7,0.5078,0.012,0.012,5.233,6.022,0.9875,0.00985,270.57,52.40,0.56280552,0.7147630103999999,2.20,2.712277e-08,1.342999e-08,2.566354e-08,1.238137e-08,113.12,107.51,10688.20,10158.28,55.43,52.27
5.69888,7,0.5078,0.012,0.012,5.233,6.022,0.9875,0.00985,270.57,52.40,0.5628044799999999,0.7147616896,2.20,2.708008e-08,1.340694e-08,2.559622e-08,1.235035e-08,113.09,107.54,10685.18,10160.60,55.41,52.29
5.69913,7,0.5078,0.012,0.012,5.233,6.022,0.9875,0.00985,270.57,52.40,0.5628034799999999,0.7147604195999999,2.20,2.706576e-08,1.339563e-08,2.554548e-08,1.232184e-08,113.02,107.47,10678.52,10154.18,55.37,52.25
5.69937,7,0.5079,0.012,0.012,5.232,6.022,0.9875,0.00985,270.57,52.40,0.56280252,0.7147592004,2.20,2.699975e-08,1.337159e-08,2.549472e-08,1.229484e-08,113.19,107.45,10694.29,10152.17,55.47,52.24
5.69963,7,0.5079,0.012,0.012,5.232,6.022,0.9875,0.00985,270.57,52.40,0.56280148,0.7147578795999999,2.20,2.697463e-08,1.33567e-08,2.541067e-08,1.227055e-08,113.14,107.72,10690.40,10178.19,55.44,52.39
5.69987,7,0.5079,0.012,0.012,5.232,6.022,0.9875,0.00985,270.57,52.40,0.5628005199999999,0.7147566603999999,2.20,2.696125e-08,1.333085e-08,2.535424e-08,1.223447e-08,112.82,107.57,10659.95,10164.01,55.26,52.31
5.70012,7,0.5080,0.012,0.012,5.232,6.022,0.9875,0.00985,270.57,52.40,0.56279952,0.7147553904,2.20,2.692064e-08,1.331295e-08,2.531079e-08,1.220899e-08,112.88,107.52,10665.50,10158.75,55.30,52.28
5.70038,7,0.5080,0.012,0.012,5.232,6.022,0.9875,0.00985,270.57,52.40,0.56279848,0.7147540696,2.20,2.687827e-08,1.331258e-08,2.524121e-08,1.217165e-08,113.23,107.45,10698.23,10152.66,55.49,52.24
5.70062,7,0.5080,0.012,0.012,5.232,6.022,0.9875,0.00985,270.57,52.40,0.5627975199999999,0.7147528503999999,2.20,2.684101e-08,1.326576e-08,2.516022e-08,1.213796e-08,112.75,107.54,10653.10,10161.34,55.22,52.29
5.70087,7,0.5081,0.012,0.012,5.232,6.022,0.9875,0.00985,270.57,52.40,0.5627965199999999,0.7147515803999999,2.20,2.680049e-08,1.324728e-08,2.510817e-08,1.210931e-08,112.80,107.50,10657.65,10157.60,55.25,52.27
5.70113,7,0.5081,0.012,0.012,5.232,6.022,0.9875,0.00985,270.57,52.40,0.5627954799999999,0.7147502595999999,2.20,2.67607e-08,1.322803e-08,2.505756e-08,1.207809e-08,112.80,107.39,10658.32,10146.55,55.25,52.20
5.70137,7,0.5081,0.012,0.012,5.232,6.022,0.9875,0.00985,270.57,52.40,0.56279452,0.7147490404,2.20,2.671322e-08,1.320152e-08,2.498517e-08,1.205232e-08,112.75,107.55,10653.47,10161.40,55.22,52.29
5.70162,7,0.5082,0.012,0.012,5.232,6.022,0.9875,0.00985,270.57,52.40,0.5627935199999999,0.7147477703999999,2.20,2.667016e-08,1.317903e-08,2.492023e-08,1.201305e-08,112.75,107.43,10653.63,10150.43,55.22,52.23
5.70188,7,0.5082,0.012,0.012,5.232,6.022,0.9875,0.00985,270.57,52.40,0.5627924799999999,0.7147464495999999,2.20,2.660676e-08,1.315322e-08,2.485642e-08,1.197481e-08,112.85,107.30,10662.47,10138.20,55.28,52.15
5.70212,7,0.5082,0.012,0.012,5.232,6.022,0.9875,0.00985,270.57,52.40,0.56279152,0.7147452304,2.20,2.657508e-08,1.312663e-08,2.478417e-08,1.195423e-08,112.66,107.55,10644.95,10161.54,55.17,52.29
5.70237,7,0.5083,0.012,0.012,5.232,6.022,0.9875,0.00985,270.57,52.40,0.56279052,0.7147439604,2.20,2.653791e-08,1.309867e-08,2.475369e-08,1.192521e-08,112.52,107.32,10631.64,10140.02,55.09,52.16
5.70263,7,0.5083,0.012,0.012,5.232,6.022,0.9875,0.00985,270.57,52.40,0.56278948,0.7147426396,2.20,2.647131e-08,1.307181e-08,2.467668e-08,1.19026e-08,112.62,107.57,10641.31,10163.89,55.15,52.31
5.70287,7,0.5083,0.012,0.012,5.232,6.022,0.9875,0.00985,270.57,52.40,0.56278852,0.7147414204,2.20,2.642785e-08,1.304629e-08,2.45983e-08,1.186706e-08,112.56,107.61,10634.77,10167.64,55.11,52.33
5.70312,7,0.5084,0.012,0.012,5.232,6.022,0.9875,0.00985,270.57,52.40,0.56278752,0.7147401503999999,2.20,2.636502e-08,1.301939e-08,2.456265e-08,1.184683e-08,112.65,107.58,10643.51,10164.62,55.16,52.31
5.70338,7,0.5084,0.012,0.012,5.232,6.022,0.9875,0.00985,270.57,52.40,0.56278648,0.7147388296,2.20,2.633222e-08,1.298821e-08,2.450968e-08,1.18183e-08,112.39,107.53,10619.31,10159.67,55.02,52.28
5.70362,7,0.5084,0.012,0.012,5.232,6.022,0.9875,0.00985,270.57,52.40,0.5627855199999999,0.7147376104,2.20,2.627165e-08,1.296411e-08,2.446279e-08,1.179186e-08,112.49,107.46,10628.65,10153.30,55.07,52.24
5.70388,7,0.5085,0.012,0.012,5.232,6.022,0.9875,0.00985,270.57,52.40,0.5627844799999999,0.7147362895999999,2.20,2.622445e-08,1.293571e-08,2.43912e-08,1.177227e-08,112.42,107.74,10622.46,10180.20,55.04,52.40
5.70413,7,0.5085,0.012,0.012,5.232,6.022,0.9875,0.00985,270.57,52.40,0.56278348,0.7147350196,2.20,2.619059e-08,1.291814e-08,2.436238e-08,1.174094e-08,112.41,107.44,10621.05,10151.09,55.03,52.23
5.70437,7,0.5085,0.012,0.012,5.232,6.022,0.9875,0.00985,270.57,52.40,0.56278252,0.7147338003999999,2.20,2.6167e-08,1.289775e-08,2.429211e-08,1.171396e-08,112.26,107.56,10606.85,10162.62,54.94,52.30
5.70463,7,0.5086,0.012,0.012,5.231,6.022,0.9875,0.00985,270.57,52.40,0.56278148,0.7147324796,2.20,2.611904e-08,1.28718e-08,2.427545e-08,1.169685e-08,112.24,107.42,10605.18,10149.41,54.93,52.22
5.70488,7,0.5086,0.012,0.012,5.231,6.022,0.9875,0.00985,270.57,52.40,0.5627804799999999,0.7147312095999999,2.20,2.606446e-08,1.285594e-08,2.419636e-08,1.167603e-08,112.43,107.73,10623.16,10178.50,55.04,52.39
5.70512,7,0.5086,0.012,0.012,5.231,6.022,0.9875,0.00985,270.57,52.40,0.56277952,0.7147299904,2.20,2.603762e-08,1.282569e-08,2.417959e-08,1.166334e-08,112.14,107.64,10595.43,10170.75,54.88,52.35
5.70538,7,0.5087,0.012,0.012,5.231,6.022,0.9875,0.00985,270.57,52.40,0.56277848,0.7147286695999999,2.20,2.597934e-08,1.280432e-08,2.41359e-08,1.164429e-08,112.29,107.70,10609.50,10176.17,54.96,52.38
5.70563,7,0.5087,0.012,0.012,5.231,6.022,0.9875,0.00985,270.57,52.40,0.5627774799999999,0.7147273996,2.20,2.592502e-08,1.277683e-08,2.409024e-08,1.160793e-08,112.28,107.45,10608.32,10151.95,54.95,52.23
5.70587,7,0.5087,0.012,0.012,5.231,6.022,0.9875,0.00985,270.57,52.40,0.56277652,0.7147261804,2.20,2.587091e-08,1.275995e-08,2.405041e-08,1.159861e-08,112.45,107.62,10624.39,10168.65,55.05,52.33
5.70613,7,0.5088,0.012,0.012,5.231,6.022,0.9875,0.00985,270.57,52.40,0.56277548,0.7147248596,2.20,2.586144e-08,1.274361e-08,2.401996e-08,1.15881e-08,112.26,107.72,10607.31,10177.73,54.95,52.39
5.70638,7,0.5088,0.012,0.012,5.231,6.022,0.9875,0.00985,270.57,52.40,0.56277448,0.7147235895999999,2.20,2.584839e-08,1.271784e-08,2.400111e-08,1.156192e-08,111.93,107.41,10575.61,10148.76,54.76,52.21
5.70662,7,0.5088,0.012,0.012,5.231,6.022,0.9875,0.00985,270.57,52.40,0.5627735199999999,0.7147223703999999,2.20,2.580404e-08,1.269994e-08,2.395168e-08,1.154519e-08,112.00,107.54,10582.04,10160.78,54.79,52.29
5.70688,7,0.5089,0.012,0.012,5.231,6.022,0.9875,0.00985,270.57,52.40,0.5627724799999999,0.7147210495999999,2.20,2.579251e-08,1.268394e-08,2.392314e-08,1.153707e-08,111.84,107.66,10567.18,10172.37,54.71,52.35
5.70712,7,0.5089,0.012,0.012,5.231,6.022,0.9875,0.00985,270.57,52.40,0.56277152,0.7147198304,2.20,2.573509e-08,1.267673e-08,2.388744e-08,1.15161e-08,112.21,107.59,10601.78,10165.97,54.91,52.32
5.70737,7,0.5089,0.012,0.012,5.231,6.022,0.9875,0.00985,270.57,52.40,0.5627705199999999,0.7147185603999999,2.20,2.571942e-08,1.266043e-08,2.386991e-08,1.150581e-08,112.06,107.56,10587.64,10162.84,54.83,52.30
5.70763,7,0.5090,0.012,0.012,5.231,6.022,0.9875,0.00985,270.57,52.40,0.5627694799999999,0.7147172395999999,2.20,2.569664e-08,1.264559e-08,2.384502e-08,1.148971e-08,112.02,107.51,10583.74,10157.83,54.80,52.27
5.70787,7,0.5090,0.012,0.012,5.231,6.022,0.9875,0.00985,270.57,52.40,0.56276852,0.7147160204,2.20,2.568443e-08,1.263328e-08,2.380809e-08,1.148062e-08,111.91,107.66,10573.36,10172.72,54.74,52.36
5.70812,7,0.5090,0.012,0.012,5.231,6.022,0.9875,0.00985,270.57,52.40,0.56276752,0.7147147504,2.20,2.567096e-08,1.261848e-08,2.37831e-08,1.145761e-08,111.76,107.47,10559.89,10153.96,54.66,52.24
5.70838,7,0.5091,0.012,0.012,5.231,6.022,0.9875,0.00985,270.57,52.40,0.56276648,0.7147134296,2.20,2.564227e-08,1.261669e-08,2.373371e-08,1.144896e-08,112.00,107.76,10582.28,10181.94,54.80,52.41
5.70862,7,0.5091,0.012,0.012,5.231,6.022,0.9875,0.00985,270.57,52.40,0.5627655199999999,0.7147122103999999,2.20,2.563529e-08,1.260172e-08,2.371623e-08,1.142241e-08,111.80,107.43,10563.24,10150.84,54.68,52.23
5.70887,7,0.5091,0.012,0.012,5.231,6.022,0.9875,0.00985,270.57,52.40,0.56276452,0.7147109404,2.20,2.562005e-08,1.259137e-08,2.368352e-08,1.141833e-08,111.75,107.65,10558.53,10170.90,54.65,52.35
5.70913,7,0.5092,0.012,0.012,5.231,6.022,0.9875,0.00985,270.57,52.40,0.56276348,0.7147096196,2.20,2.559177e-08,1.259199e-08,2.367098e-08,1.140333e-08,112.02,107.50,10584.60,10157.49,54.81,52.27
5.70937,7,0.5092,0.012,0.012,5.231,6.022,0.9875,0.00986,270.57,52.40,0.5627625199999999,0.7147084003999999,2.20,2.558984e-08,1.258768e-08,2.364601e-08,1.138576e-08,111.97,107.40,10579.04,10147.96,54.78,52.21
5.70962,7,0.5092,0.012,0.012,5.231,6.022,0.9875,0.00986,270.57,52.40,0.5627615199999999,0.7147071303999999,2.20,2.559285e-08,1.25719e-08,2.359749e-08,1.136075e-08,111.66,107.37,10550.53,10145.13,54.61,52.19
5.70988,7,0.5093,0.012,0.012,5.230,6.022,0.9875,0.00986,270.57,52.40,0.56276048,0.7147058096000001,2.20,2.557596e-08,1.257687e-08,2.35734e-08,1.135822e-08,111.92,107.56,10574.53,10162.77,54.75,52.30
5.71012,7,0.5093,0.012,0.012,5.230,6.022,0.9875,0.00986,270.57,52.40,0.56275952,0.7147045904,2.20,2.558674e-08,1.256933e-08,2.353671e-08,1.134414e-08,111.69,107.63,10553.32,10168.99,54.62,52.33
5.71037,7,0.5093,0.012,0.012,5.230,6.022,0.9875,0.00986,270.57,52.40,0.5627585199999999,0.7147033204,2.20,2.556122e-08,1.25758e-08,2.35e-08,1.132207e-08,112.03,107.55,10584.76,10161.41,54.81,52.29
5.71063,7,0.5094,0.012,0.012,5.230,6.022,0.9875,0.00986,270.57,52.40,0.5627574799999999,0.7147019995999999,2.20,2.557971e-08,1.255879e-08,2.348761e-08,1.130696e-08,111.59,107.40,10543.70,10147.57,54.56,52.21
5.71087,7,0.5094,0.012,0.012,5.230,6.022,0.9875,0.00986,270.57,52.40,0.56275652,0.7147007804,2.20,2.555619e-08,1.256724e-08,2.345129e-08,1.129172e-08,111.94,107.44,10576.76,10151.46,54.76,52.23
5.71113,7,0.5095,0.012,0.012,5.230,6.022,0.9875,0.00986,270.57,52.40,0.56275548,0.7146994596,2.20,2.557626e-08,1.25675e-08,2.340489e-08,1.12646e-08,111.79,107.37,10562.94,10145.16,54.68,52.19
5.71138,7,0.5095,0.012,0.012,5.230,6.022,0.9875,0.00986,270.57,52.40,0.56275448,0.7146981896,2.20,2.557497e-08,1.255633e-08,2.337303e-08,1.125006e-08,111.61,107.39,10545.55,10146.54,54.58,52.20
5.71162,7,0.5095,0.012,0.012,5.230,6.022,0.9875,0.00986,270.57,52.40,0.56275352,0.7146969704,2.20,2.557236e-08,1.255921e-08,2.332935e-08,1.122737e-08,111.68,107.36,10552.42,10143.63,54.62,52.18
5.71188,7,0.5096,0.012,0.012,5.230,6.022,0.9875,0.00986,270.57,52.40,0.56275248,0.7146956496,2.20,2.558458e-08,1.256151e-08,2.327892e-08,1.12091e-08,111.64,107.49,10548.38,10156.10,54.59,52.26
5.71213,7,0.5096,0.012,0.012,5.230,6.022,0.9875,0.00986,270.57,52.40,0.56275148,0.7146943795999999,2.20,2.559658e-08,1.25606e-08,2.323291e-08,1.118036e-08,111.52,107.37,10537.17,10144.58,54.53,52.19
5.71237,7,0.5096,0.012,0.012,5.230,6.022,0.9875,0.00986,270.57,52.40,0.5627505199999999,0.7146931603999999,2.20,2.55878e-08,1.255388e-08,2.320204e-08,1.117645e-08,111.48,107.57,10533.20,10163.77,54.50,52.30
5.71263,7,0.5097,0.012,0.012,5.230,6.022,0.9875,0.00986,270.57,52.40,0.5627494799999999,0.7146918395999999,2.20,2.559269e-08,1.256235e-08,2.314649e-08,1.114732e-08,111.61,107.55,10545.27,10161.59,54.57,52.29
5.71288,7,0.5097,0.012,0.012,5.230,6.022,0.9875,0.00986,270.57,52.40,0.56274848,0.7146905696,2.20,2.558826e-08,1.256281e-08,2.310584e-08,1.112099e-08,111.65,107.42,10549.61,10149.70,54.60,52.22
5.71312,7,0.5097,0.012,0.012,5.230,6.022,0.9875,0.00986,270.57,52.40,0.56274752,0.7146893503999999,2.20,2.559691e-08,1.256135e-08,2.306789e-08,1.110207e-08,111.55,107.41,10540.21,10148.55,54.54,52.21
5.71338,7,0.5098,0.012,0.012,5.230,6.022,0.9875,0.00986,270.57,52.40,0.5627464799999999,0.7146880295999999,2.20,2.556825e-08,1.255272e-08,2.302487e-08,1.107478e-08,111.67,107.31,10551.24,10138.92,54.61,52.15
5.71363,7,0.5098,0.012,0.012,5.230,6.022,0.9875,0.00986,270.57,52.40,0.5627454799999999,0.7146867595999999,2.20,2.559042e-08,1.255445e-08,2.296039e-08,1.105215e-08,111.51,107.46,10536.15,10153.76,54.52,52.24
5.71387,7,0.5098,0.012,0.012,5.230,6.022,0.9875,0.00986,270.57,52.40,0.56274452,0.7146855404,2.20,2.559272e-08,1.25626e-08,2.292312e-08,1.1023e-08,111.63,107.25,10547.72,10133.89,54.59,52.12
5.71413,7,0.5099,0.012,0.012,5.230,6.022,0.9875,0.00986,270.57,52.40,0.56274348,0.7146842196,2.20,2.560378e-08,1.255635e-08,2.286303e-08,1.100847e-08,111.45,107.55,10530.55,10161.42,54.48,52.29
5.71438,7,0.5099,0.012,0.012,5.230,6.022,0.9875,0.00986,270.57,52.40,0.5627424799999999,0.7146829495999999,2.20,2.559731e-08,1.255488e-08,2.28272e-08,1.097379e-08,111.48,107.22,10533.36,10130.39,54.50,52.10
5.71462,7,0.5099,0.012,0.012,5.230,6.022,0.9875,0.00986,270.57,52.40,0.56274152,0.7146817304,2.20,2.559375e-08,1.256298e-08,2.278308e-08,1.095809e-08,111.65,107.32,10549.59,10140.21,54.60,52.16
5.71488,7,0.5100,0.012,0.012,5.229,6.022,0.9875,0.00986,270.57,52.40,0.56274048,0.7146804096,2.20,2.560085e-08,1.25552e-08,2.272023e-08,1.092838e-08,111.48,107.35,10533.09,10143.13,54.50,52.18
5.71512,7,0.5100,0.012,0.012,5.229,6.022,0.9875,0.00986,270.57,52.40,0.5627395199999999,0.7146791903999999,2.20,2.560616e-08,1.255288e-08,2.2676e-08,1.090659e-08,111.39,107.34,10524.99,10142.20,54.45,52.17
5.71537,7,0.5100,0.012,0.012,5.229,6.022,0.9875,0.00986,270.57,52.40,0.5627385199999999,0.7146779203999999,2.20,2.558798e-08,1.254631e-08,2.262842e-08,1.088769e-08,111.43,107.42,10528.85,10149.36,54.47,52.21
5.71563,7,0.5101,0.012,0.012,5.229,6.022,0.9875,0.00986,270.57,52.40,0.56273748,0.7146765996000001,2.20,2.559919e-08,1.254816e-08,2.258159e-08,1.086259e-08,111.39,107.39,10524.91,10146.73,54.45,52.20
5.71587,7,0.5101,0.012,0.012,5.229,6.022,0.9875,0.00986,270.57,52.40,0.56273652,0.7146753804,2.20,2.561322e-08,1.254496e-08,2.254097e-08,1.083309e-08,111.22,107.20,10508.35,10128.78,54.35,52.09
5.71612,7,0.5101,0.012,0.012,5.229,6.022,0.9875,0.00986,270.57,52.40,0.5627355199999999,0.7146741104,2.20,2.55896e-08,1.254363e-08,2.250107e-08,1.081429e-08,111.40,107.21,10525.19,10129.46,54.45,52.10
5.71638,7,0.5102,0.012,0.012,5.229,6.022,0.9875,0.00986,270.57,52.40,0.5627344799999999,0.7146727895999999,2.20,2.558487e-08,1.253392e-08,2.245026e-08,1.079008e-08,111.29,107.23,10515.09,10131.82,54.39,52.11
5.71662,7,0.5102,0.012,0.012,5.229,6.022,0.9875,0.00986,270.57,52.40,0.56273352,0.7146715704,2.20,2.559731e-08,1.253555e-08,2.241154e-08,1.077274e-08,111.21,107.26,10507.76,10134.12,54.35,52.12
5.71687,7,0.5102,0.012,0.012,5.229,6.022,0.9875,0.00986,270.57,52.40,0.56273252,0.7146703003999999,2.20,2.560359e-08,1.252907e-08,2.235641e-08,1.07595e-08,111.04,107.51,10492.07,10158.23,54.25,52.27
5.71713,7,0.5103,0.012,0.012,5.229,6.022,0.9875,0.00986,270.57,52.40,0.56273148,0.7146689796,2.20,2.559857e-08,1.253134e-08,2.232906e-08,1.07304e-08,111.15,107.23,10501.89,10131.21,54.31,52.11
5.71737,7,0.5103,0.012,0.012,5.229,6.022,0.9875,0.00986,270.57,52.40,0.56273052,0.7146677604,2.20,2.559337e-08,1.252622e-08,2.228699e-08,1.07094e-08,111.10,107.21,10497.66,10129.79,54.29,52.10
5.71762,7,0.5103,0.012,0.012,5.229,6.022,0.9875,0.00986,270.57,52.40,0.56272952,0.7146664904,2.20,2.558988e-08,1.251351e-08,2.225381e-08,1.069839e-08,110.91,107.31,10479.61,10138.79,54.18,52.15
5.71788,7,0.5104,0.012,0.012,5.229,6.022,0.9875,0.00986,270.57,52.40,0.56272848,0.7146651695999999,2.20,2.556586e-08,1.251668e-08,2.222183e-08,1.06825e-08,111.19,107.32,10506.17,10139.83,54.34,52.16
5.71812,7,0.5104,0.012,0.012,5.229,6.022,0.9875,0.00986,270.57,52.40,0.5627275199999999,0.7146639504,2.20,2.559999e-08,1.251075e-08,2.218662e-08,1.066752e-08,110.80,107.35,10469.05,10143.40,54.12,52.18
5.71837,7,0.5104,0.012,0.012,5.229,6.022,0.9875,0.00986,270.57,52.40,0.56272652,0.7146626804,2.20,2.558149e-08,1.250802e-08,2.217048e-08,1.065191e-08,110.91,107.20,10479.39,10129.02,54.18,52.09
5.71863,7,0.5105,0.012,0.012,5.229,6.022,0.9875,0.00986,270.57,52.40,0.56272548,0.7146613596,2.20,2.55753e-08,1.249188e-08,2.213871e-08,1.06363e-08,110.70,107.22,10459.96,10130.37,54.06,52.10
5.71887,7,0.5105,0.012,0.012,5.229,6.022,0.9875,0.00986,270.57,52.40,0.56272452,0.7146601403999999,2.20,2.5571e-08,1.249791e-08,2.212365e-08,1.063065e-08,110.85,107.25,10473.28,10133.28,54.14,52.12
5.71913,7,0.5106,0.012,0.012,5.229,6.022,0.9875,0.00986,270.57,52.40,0.5627234799999999,0.7146588195999999,2.20,2.559594e-08,1.24924e-08,2.209867e-08,1.06205e-08,110.56,107.30,10446.38,10138.67,53.98,52.15
5.71938,7,0.5106,0.012,0.012,5.229,6.022,0.9875,0.00986,270.57,52.40,0.5627224799999999,0.7146575495999999,2.20,2.559896e-08,1.249023e-08,2.210019e-08,1.061494e-08,110.50,107.18,10440.43,10127.11,53.95,52.08
5.71962,7,0.5106,0.012,0.012,5.229,6.022,0.9875,0.00986,270.57,52.40,0.56272152,0.7146563304,2.20,2.557137e-08,1.248543e-08,2.209363e-08,1.060533e-08,110.65,107.06,10454.59,10115.26,54.03,52.01
5.71988,7,0.5107,0.012,0.012,5.228,6.022,0.9875,0.00986,270.57,52.40,0.56272048,0.7146550096,2.20,2.559591e-08,1.248314e-08,2.209174e-08,1.0604e-08,110.42,107.07,10433.33,10116.47,53.90,52.02
5.72013,7,0.5107,0.012,0.012,5.228,6.022,0.9875,0.00986,270.57,52.40,0.5627194799999999,0.7146537395999999,2.20,2.558946e-08,1.248852e-08,2.20671e-08,1.059733e-08,110.57,107.17,10447.25,10125.94,53.99,52.07
5.72037,7,0.5107,0.012,0.012,5.228,6.022,0.9875,0.00986,270.57,52.40,0.56271852,0.7146525204,2.20,2.563404e-08,1.248388e-08,2.20499e-08,1.059337e-08,110.12,107.25,10404.28,10133.86,53.73,52.12
5.72063,7,0.5108,0.012,0.012,5.228,6.022,0.9875,0.00986,270.57,52.40,0.56271748,0.7146511996,2.20,2.563778e-08,1.248126e-08,2.206706e-08,1.059088e-08,110.06,107.07,10399.11,10116.11,53.70,52.01
5.72088,7,0.5108,0.012,0.012,5.228,6.022,0.9875,0.00986,270.57,52.40,0.56271648,0.7146499296,2.20,2.56281e-08,1.248482e-08,2.206934e-08,1.060027e-08,110.20,107.23,10412.55,10131.35,53.78,52.10
5.72112,7,0.5108,0.012,0.012,5.228,6.022,0.9875,0.00986,270.57,52.40,0.5627155199999999,0.7146487103999999,2.20,2.566057e-08,1.248582e-08,2.207399e-08,1.059293e-08,109.95,107.04,10388.51,10113.76,53.64,52.00
5.72138,7,0.5109,0.012,0.012,5.228,6.022,0.9875,0.00986,270.57,52.40,0.5627144799999999,0.7146473895999998,2.20,2.56331e-08,1.248925e-08,2.209227e-08,1.059577e-08,110.26,106.95,10417.84,10104.87,53.81,51.95
5.72163,7,0.5109,0.012,0.012,5.228,6.022,0.9875,0.00986,270.57,52.40,0.56271348,0.7146461196,2.20,2.567993e-08,1.249994e-08,2.210093e-08,1.059986e-08,110.05,106.95,10398.16,10104.75,53.69,51.95
5.72187,7,0.5109,0.012,0.012,5.228,6.022,0.9875,0.00986,270.57,52.40,0.5627125199999999,0.7146449004,2.20,2.567946e-08,1.249655e-08,2.21198e-08,1.061085e-08,110.00,106.98,10393.04,10108.30,53.66,51.97
5.72213,7,0.5110,0.012,0.012,5.228,6.022,0.9875,0.00986,270.57,52.40,0.5627114799999999,0.7146435795999999,2.20,2.569535e-08,1.250793e-08,2.21331e-08,1.060554e-08,110.08,106.78,10400.98,10088.91,53.71,51.85
5.72238,7,0.5110,0.012,0.012,5.228,6.022,0.9875,0.00986,270.57,52.40,0.56271048,0.7146423096000001,2.20,2.572738e-08,1.250534e-08,2.21427e-08,1.062112e-08,109.77,106.99,10371.60,10108.97,53.53,51.97
5.72262,7,0.5110,0.012,0.012,5.228,6.022,0.9875,0.00986,270.57,52.40,0.56270952,0.7146410904,2.20,2.573575e-08,1.251489e-08,2.216597e-08,1.062848e-08,109.86,106.92,10380.45,10102.03,53.59,51.93
5.72288,7,0.5111,0.012,0.012,5.228,6.022,0.9875,0.00986,270.57,52.40,0.56270848,0.7146397696,2.20,2.575662e-08,1.250998e-08,2.219033e-08,1.063905e-08,109.63,106.92,10358.21,10101.98,53.45,51.93
5.72312,7,0.5111,0.012,0.012,5.228,6.022,0.9875,0.00986,270.57,52.40,0.56270752,0.7146385504,2.20,2.579984e-08,1.252287e-08,2.221002e-08,1.063836e-08,109.49,106.72,10345.19,10083.53,53.38,51.82
5.72337,7,0.5111,0.012,0.012,5.228,6.022,0.9875,0.00986,270.57,52.40,0.56270652,0.7146372804,2.20,2.583423e-08,1.253637e-08,2.221856e-08,1.065843e-08,109.44,107.03,10340.08,10112.63,53.35,51.99
5.72363,7,0.5112,0.012,0.012,5.228,6.022,0.9875,0.00986,270.57,52.40,0.56270548,0.7146359596,2.20,2.585361e-08,1.253785e-08,2.225612e-08,1.066714e-08,109.32,106.87,10329.42,10097.68,53.28,51.90
5.72387,7,0.5112,0.012,0.012,5.228,6.022,0.9875,0.00986,270.57,52.40,0.5627045199999999,0.7146347404,2.20,2.587904e-08,1.254921e-08,2.22785e-08,1.066679e-08,109.31,106.66,10327.86,10077.58,53.27,51.78
5.72412,7,0.5112,0.012,0.012,5.228,6.022,0.9875,0.00986,270.57,52.40,0.5627035199999999,0.7146334703999999,2.20,2.591761e-08,1.256298e-08,2.232095e-08,1.068101e-08,109.22,106.54,10319.99,10066.54,53.23,51.72
5.72438,7,0.5113,0.012,0.012,5.228,6.022,0.9875,0.00986,270.57,52.40,0.56270248,0.7146321496,2.20,2.595156e-08,1.258014e-08,2.232747e-08,1.069482e-08,109.26,106.77,10323.13,10087.85,53.25,51.84
5.72462,7,0.5113,0.012,0.012,5.228,6.022,0.9875,0.00986,270.57,52.40,0.56270152,0.7146309303999999,2.20,2.598912e-08,1.258588e-08,2.233856e-08,1.070905e-08,109.05,106.94,10303.32,10104.00,53.13,51.94
5.72487,7,0.5113,0.012,0.012,5.228,6.022,0.9875,0.00986,270.57,52.40,0.5627005199999999,0.7146296603999999,2.20,2.60167e-08,1.260122e-08,2.238321e-08,1.071478e-08,109.08,106.64,10306.47,10075.68,53.15,51.77
5.72513,7,0.5114,0.012,0.012,5.227,6.022,0.9875,0.00986,270.57,52.40,0.5626994799999999,0.7146283395999999,2.20,2.606589e-08,1.262149e-08,2.240652e-08,1.073015e-08,109.04,106.74,10302.86,10085.25,53.12,51.83
5.72537,7,0.5114,0.012,0.012,5.227,6.022,0.9875,0.00986,270.57,52.40,0.56269852,0.7146271204,2.20,2.611424e-08,1.262014e-08,2.24291e-08,1.074103e-08,108.63,106.74,10263.81,10085.37,52.89,51.83
5.72562,7,0.5114,0.012,0.012,5.227,6.022,0.9875,0.00986,270.57,52.40,0.56269752,0.7146258503999999,2.20,2.613351e-08,1.264103e-08,2.246288e-08,1.074337e-08,108.82,106.48,10282.04,10060.50,53.00,51.68
5.72588,7,0.5115,0.012,0.012,5.227,6.022,0.9875,0.00986,270.57,52.40,0.5626964799999999,0.7146245295999999,2.20,2.618022e-08,1.265893e-08,2.246351e-08,1.074818e-08,108.77,106.58,10276.67,10070.57,52.97,51.74
5.72612,7,0.5115,0.012,0.012,5.227,6.022,0.9875,0.00986,270.57,52.40,0.56269552,0.7146233104,2.20,2.622238e-08,1.267751e-08,2.250483e-08,1.075586e-08,108.74,106.35,10273.83,10048.91,52.95,51.61
5.72637,7,0.5115,0.012,0.012,5.227,6.022,0.9875,0.00986,270.57,52.40,0.56269452,0.7146220404,2.20,2.623721e-08,1.269313e-08,2.250896e-08,1.075565e-08,108.88,106.31,10287.09,10045.00,53.03,51.59
5.72663,7,0.5116,0.012,0.012,5.227,6.022,0.9875,0.00986,270.57,52.40,0.56269348,0.7146207196,2.20,2.630339e-08,1.271336e-08,2.25264e-08,1.076278e-08,108.70,106.31,10270.66,10044.81,52.93,51.59
5.72687,7,0.5116,0.012,0.012,5.227,6.022,0.9875,0.00986,270.57,52.40,0.5626925199999999,0.7146195003999999,2.20,2.632847e-08,1.273916e-08,2.254646e-08,1.077045e-08,108.93,106.28,10292.05,10041.39,53.06,51.57
5.72713,7,0.5116,0.012,0.012,5.227,6.022,0.9875,0.00986,270.57,52.40,0.5626914799999999,0.7146181795999998,2.20,2.640221e-08,1.275098e-08,2.255742e-08,1.07731e-08,108.53,106.23,10254.87,10036.78,52.84,51.54
5.72738,7,0.5117,0.012,0.012,5.227,6.022,0.9875,0.00986,270.57,52.40,0.56269048,0.7146169096,2.20,2.642464e-08,1.276558e-08,2.257199e-08,1.077475e-08,108.62,106.15,10262.73,10029.29,52.88,51.49
5.72762,7,0.5117,0.012,0.012,5.227,6.022,0.9875,0.00986,270.57,52.40,0.5626895199999999,0.7146156904,2.20,2.646557e-08,1.278747e-08,2.256612e-08,1.0777e-08,108.65,106.24,10266.02,10038.29,52.90,51.55
5.72788,7,0.5118,0.012,0.012,5.227,6.022,0.9875,0.00986,270.57,52.40,0.5626884799999999,0.7146143695999999,2.20,2.651662e-08,1.28083e-08,2.257986e-08,1.077124e-08,108.61,106.03,10262.08,10018.31,52.88,51.43
5.72813,7,0.5118,0.012,0.012,5.227,6.022,0.9875,0.00986,270.57,52.40,0.5626874799999999,0.7146130995999999,2.20,2.656131e-08,1.281691e-08,2.256724e-08,1.077285e-08,108.40,106.17,10242.02,10031.90,52.76,51.51
5.72837,7,0.5118,0.012,0.012,5.227,6.022,0.9875,0.00986,270.57,52.40,0.56268652,0.7146118804,2.20,2.658517e-08,1.283954e-08,2.258953e-08,1.076561e-08,108.58,105.84,10259.19,10000.12,52.86,51.32
5.72863,7,0.5119,0.012,0.012,5.227,6.022,0.9875,0.00986,270.57,52.40,0.56268548,0.7146105596,2.20,2.664059e-08,1.285056e-08,2.258785e-08,1.076682e-08,108.34,105.90,10236.93,10005.64,52.73,51.35
5.72888,7,0.5119,0.012,0.012,5.227,6.022,0.9875,0.00986,270.57,52.40,0.5626844799999999,0.7146092895999999,2.20,2.669102e-08,1.287957e-08,2.258722e-08,1.075921e-08,108.42,105.76,10244.13,9992.67,52.77,51.28
5.72912,7,0.5119,0.012,0.012,5.227,6.022,0.9875,0.00986,270.57,52.40,0.56268352,0.7146080704,2.20,2.672664e-08,1.28994e-08,2.257617e-08,1.075304e-08,108.46,105.74,10248.18,9991.06,52.80,51.27
5.72938,7,0.5120,0.012,0.012,5.227,6.022,0.9875,0.00986,270.57,52.40,0.56268248,0.7146067496,2.20,2.677576e-08,1.291846e-08,2.255773e-08,1.075285e-08,108.41,105.92,10243.06,10008.29,52.77,51.37
5.72963,7,0.5120,0.012,0.012,5.227,6.022,0.9875,0.00986,270.57,52.40,0.56268148,0.7146054796,2.20,2.681449e-08,1.294352e-08,2.255784e-08,1.073648e-08,108.51,105.62,10252.82,9979.12,52.82,51.19
5.72987,7,0.5120,0.012,0.012,5.227,6.022,0.9875,0.00986,270.57,52.40,0.56268052,0.7146042604,2.20,2.685933e-08,1.295771e-08,2.253893e-08,1.07323e-08,108.39,105.71,10241.43,9987.68,52.76,51.24
5.73013,7,0.5121,0.012,0.012,5.226,6.022,0.9875,0.00986,270.57,52.40,0.56267948,0.7146029396,2.20,2.691741e-08,1.296443e-08,2.253809e-08,1.072225e-08,108.07,105.55,10211.02,9972.50,52.57,51.15
5.73038,7,0.5121,0.012,0.012,5.226,6.022,0.9875,0.00986,270.57,52.40,0.56267848,0.7146016695999999,2.20,2.696661e-08,1.298559e-08,2.251822e-08,1.070855e-08,108.03,105.47,10207.17,9964.96,52.55,51.11
5.73062,7,0.5121,0.012,0.012,5.226,6.022,0.9875,0.00986,270.57,52.40,0.5626775199999999,0.7146004504,2.20,2.699731e-08,1.300908e-08,2.251748e-08,1.070145e-08,108.17,105.34,10220.36,9952.99,52.63,51.04
5.73088,7,0.5122,0.012,0.012,5.226,6.022,0.9875,0.00986,270.57,52.40,0.5626764799999999,0.7145991295999999,2.20,2.703347e-08,1.304374e-08,2.247877e-08,1.069108e-08,108.47,105.51,10248.50,9969.20,52.80,51.13
5.73112,7,0.5122,0.012,0.012,5.226,6.022,0.9875,0.00986,270.57,52.40,0.56267552,0.7145979104,2.20,2.707422e-08,1.304935e-08,2.248522e-08,1.067917e-08,108.24,105.23,10227.22,9942.61,52.67,50.98
5.73137,7,0.5122,0.012,0.012,5.226,6.022,0.9875,0.00986,270.57,52.40,0.56267452,0.7145966403999999,2.20,2.713209e-08,1.306653e-08,2.246662e-08,1.067892e-08,108.07,105.39,10211.06,9957.85,52.57,51.07
5.73163,7,0.5123,0.012,0.012,5.226,6.022,0.9875,0.00986,270.57,52.40,0.56267348,0.7145953195999999,2.20,2.71894e-08,1.309882e-08,2.244965e-08,1.066534e-08,108.17,105.31,10220.11,9949.99,52.63,51.02
5.73187,7,0.5123,0.012,0.012,5.226,6.022,0.9875,0.00986,270.57,52.40,0.56267252,0.7145941004,2.20,2.721638e-08,1.311072e-08,2.243825e-08,1.065926e-08,108.15,105.30,10218.46,9948.81,52.62,51.01
5.73212,7,0.5123,0.012,0.012,5.226,6.022,0.9875,0.00986,270.58,52.40,0.56267152,0.7145928304,2.20,2.726938e-08,1.313547e-08,2.241661e-08,1.064213e-08,108.14,105.17,10217.28,9936.63,52.61,50.94
5.73238,7,0.5124,0.012,0.012,5.226,6.022,0.9875,0.00986,270.58,52.40,0.56267048,0.7145915096,2.20,2.73129e-08,1.315205e-08,2.241069e-08,1.063592e-08,108.09,105.12,10212.71,9932.52,52.58,50.92
5.73262,7,0.5124,0.012,0.012,5.226,6.022,0.9875,0.00986,270.58,52.40,0.5626695199999999,0.7145902903999999,2.20,2.736612e-08,1.316784e-08,2.239845e-08,1.061782e-08,107.93,104.89,10198.02,9910.69,52.50,50.79
5.73287,7,0.5124,0.012,0.012,5.226,6.022,0.9875,0.00986,270.58,52.40,0.56266852,0.7145890204,2.20,2.742083e-08,1.318767e-08,2.24011e-08,1.061029e-08,107.83,104.73,10188.35,9895.11,52.44,50.69
5.73313,7,0.5125,0.012,0.012,5.226,6.022,0.9875,0.00986,270.58,52.40,0.56266748,0.7145876996,2.20,2.746729e-08,1.32196e-08,2.237826e-08,1.060581e-08,108.00,104.87,10204.59,9908.29,52.54,50.77
5.73337,7,0.5125,0.012,0.012,5.226,6.022,0.9875,0.00986,270.58,52.40,0.56266652,0.7145864804,2.20,2.750717e-08,1.324538e-08,2.236342e-08,1.059367e-08,108.11,104.77,10214.38,9899.22,52.59,50.72
5.73362,7,0.5125,0.012,0.012,5.226,6.022,0.9875,0.00986,270.58,52.40,0.5626655199999999,0.7145852103999999,2.20,2.758065e-08,1.325863e-08,2.237168e-08,1.058892e-08,107.76,104.61,10181.60,9883.85,52.40,50.63
5.73388,7,0.5126,0.012,0.012,5.226,6.022,0.9875,0.00986,270.58,52.40,0.5626644799999999,0.7145838895999999,2.20,2.762072e-08,1.329099e-08,2.234987e-08,1.057764e-08,107.98,104.61,10202.95,9884.08,52.53,50.63
5.73412,7,0.5126,0.012,0.012,5.226,6.022,0.9875,0.00986,270.58,52.40,0.56266352,0.7145826704,2.20,2.767494e-08,1.33101e-08,2.234635e-08,1.05788e-08,107.88,104.66,10192.65,9889.10,52.46,50.66
5.73438,7,0.5126,0.012,0.012,5.226,6.022,0.9875,0.00986,270.58,52.40,0.56266248,0.7145813496,2.20,2.775414e-08,1.334138e-08,2.23505e-08,1.057459e-08,107.77,104.55,10182.63,9878.15,52.40,50.59
5.73463,7,0.5127,0.012,0.012,5.226,6.022,0.9875,0.00986,270.58,52.40,0.5626614799999999,0.7145800795999999,2.20,2.780417e-08,1.336606e-08,2.234525e-08,1.056175e-08,107.80,104.37,10185.54,9861.72,52.42,50.49
5.73487,7,0.5127,0.012,0.012,5.226,6.022,0.9875,0.00986,270.58,52.40,0.56266052,0.7145788604,2.20,2.786102e-08,1.339362e-08,2.233272e-08,1.057232e-08,107.80,104.68,10185.88,9890.98,52.42,50.67
5.73513,7,0.5127,0.012,0.012,5.226,6.022,0.9875,0.00986,270.58,52.40,0.56265948,0.7145775396,2.20,2.793119e-08,1.342627e-08,2.234276e-08,1.056387e-08,107.79,104.44,10184.30,9867.56,52.41,50.53
5.73538,7,0.5128,0.012,0.012,5.225,6.022,0.9875,0.00986,270.58,52.40,0.56265848,0.7145762696,2.20,2.799344e-08,1.34539e-08,2.23535e-08,1.056288e-08,107.77,104.34,10182.94,9858.74,52.41,50.47
5.73562,7,0.5128,0.012,0.012,5.225,6.022,0.9875,0.00986,270.58,52.40,0.5626575199999999,0.7145750503999999,2.20,2.807368e-08,1.349092e-08,2.235833e-08,1.055866e-08,107.75,104.22,10180.70,9847.25,52.39,50.41
5.73588,7,0.5129,0.012,0.012,5.225,6.022,0.9875,0.00986,270.58,52.40,0.56265648,0.7145737296,2.20,2.812807e-08,1.35295e-08,2.238458e-08,1.056407e-08,107.96,104.11,10200.75,9836.84,52.51,50.34
5.73613,7,0.5129,0.012,0.012,5.225,6.022,0.9875,0.00986,270.58,52.40,0.56265548,0.7145724596,2.20,2.822407e-08,1.355423e-08,2.23821e-08,1.056466e-08,107.63,104.14,10169.74,9839.94,52.33,50.36
5.73637,7,0.5129,0.012,0.012,5.225,6.022,0.9875,0.00986,270.58,52.40,0.5626545199999999,0.7145712404,2.20,2.825615e-08,1.358904e-08,2.23871e-08,1.05791e-08,107.93,104.37,10197.76,9861.27,52.49,50.49
5.73663,7,0.5130,0.012,0.012,5.225,6.022,0.9875,0.00986,270.58,52.40,0.5626534799999999,0.7145699195999999,2.20,2.836823e-08,1.362708e-08,2.241657e-08,1.058254e-08,107.71,104.19,10176.93,9844.70,52.37,50.39
5.73688,7,0.5130,0.012,0.012,5.225,6.022,0.9875,0.00986,270.58,52.40,0.56265248,0.7145686496,2.20,2.843214e-08,1.366162e-08,2.244466e-08,1.058297e-08,107.77,103.95,10182.43,9822.14,52.40,50.26
5.73712,7,0.5130,0.012,0.012,5.225,6.022,0.9875,0.00986,270.58,52.40,0.56265152,0.7145674303999999,2.20,2.852238e-08,1.368799e-08,2.246025e-08,1.058594e-08,107.51,103.87,10158.16,9814.46,52.26,50.21
5.73738,7,0.5131,0.012,0.012,5.225,6.022,0.9875,0.00986,270.58,52.40,0.56265048,0.7145661096,2.20,2.859931e-08,1.373148e-08,2.248009e-08,1.060697e-08,107.63,104.11,10169.50,9836.86,52.32,50.34
5.73763,7,0.5131,0.012,0.012,5.225,6.022,0.9875,0.00986,270.58,52.40,0.5626494799999999,0.7145648396,2.20,2.869747e-08,1.376408e-08,2.25135e-08,1.06127e-08,107.41,103.92,10148.89,9819.28,52.20,50.24
5.73787,7,0.5131,0.012,0.012,5.225,6.022,0.9875,0.00986,270.58,52.40,0.56264852,0.7145636204,2.20,2.87609e-08,1.38121e-08,2.254554e-08,1.061552e-08,107.68,103.70,10173.80,9797.83,52.35,50.11
5.73813,7,0.5132,0.012,0.012,5.225,6.022,0.9875,0.00986,270.58,52.40,0.56264748,0.7145622996,2.20,2.885775e-08,1.383946e-08,2.257023e-08,1.062508e-08,107.41,103.68,10148.76,9796.14,52.20,50.10
5.73837,7,0.5132,0.012,0.012,5.225,6.022,0.9875,0.00986,270.58,52.40,0.5626465199999999,0.7145610803999999,2.20,2.893198e-08,1.387565e-08,2.259153e-08,1.063965e-08,107.42,103.76,10149.59,9804.05,52.21,50.15
5.73862,7,0.5132,0.012,0.012,5.225,6.022,0.9875,0.00986,270.58,52.40,0.56264552,0.7145598104,2.20,2.903834e-08,1.392604e-08,2.263471e-08,1.065041e-08,107.41,103.59,10148.73,9787.42,52.20,50.05
5.73888,7,0.5133,0.012,0.012,5.225,6.022,0.9875,0.00986,270.58,52.40,0.56264448,0.7145584896,2.20,2.912484e-08,1.396655e-08,2.265616e-08,1.066499e-08,107.42,103.69,10149.34,9797.11,52.20,50.11
5.73912,7,0.5133,0.012,0.012,5.225,6.022,0.9875,0.00986,270.58,52.40,0.56264352,0.7145572703999999,2.20,2.920857e-08,1.399447e-08,2.269215e-08,1.067443e-08,107.24,103.55,10132.33,9784.12,52.10,50.03
5.73937,7,0.5133,0.012,0.012,5.225,6.022,0.9875,0.00986,270.58,52.40,0.5626425199999999,0.7145560003999999,2.20,2.930496e-08,1.40388e-08,2.273222e-08,1.068876e-08,107.21,103.47,10129.76,9776.31,52.09,49.98
5.73963,7,0.5134,0.012,0.012,5.225,6.022,0.9875,0.00986,270.58,52.40,0.5626414799999999,0.7145546795999999,2.20,2.939425e-08,1.409166e-08,2.276334e-08,1.070367e-08,107.38,103.49,10145.67,9778.70,52.18,50.00
5.73987,7,0.5134,0.012,0.012,5.225,6.022,0.9875,0.00986,270.58,52.40,0.56264052,0.7145534604,2.20,2.94662e-08,1.412138e-08,2.280731e-08,1.071373e-08,107.31,103.30,10139.09,9760.44,52.14,49.89
5.74012,7,0.5134,0.012,0.012,5.225,6.022,0.9875,0.00986,270.58,52.40,0.56263952,0.7145521904,2.20,2.956194e-08,1.415158e-08,2.283676e-08,1.073206e-08,107.08,103.38,10117.56,9768.16,52.01,49.93
5.74038,7,0.5135,0.012,0.012,5.224,6.022,0.9875,0.00986,270.58,52.40,0.5626384799999999,0.7145508695999999,2.20,2.964791e-08,1.419793e-08,2.287121e-08,1.074125e-08,107.18,103.28,10126.64,9758.07,52.07,49.87
5.74062,7,0.5135,0.012,0.012,5.224,6.022,0.9875,0.00986,270.58,52.40,0.56263752,0.7145496504,2.20,2.973045e-08,1.42352e-08,2.29115e-08,1.075107e-08,107.14,103.11,10123.56,9742.51,52.05,49.78
5.74087,7,0.5135,0.012,0.012,5.224,6.022,0.9875,0.00986,270.58,52.40,0.56263652,0.7145483804,2.20,2.981294e-08,1.425291e-08,2.293086e-08,1.076675e-08,106.83,103.23,10093.96,9753.77,51.87,49.85
5.74113,7,0.5136,0.012,0.012,5.224,6.022,0.9875,0.00986,270.58,52.40,0.56263548,0.7145470596,2.20,2.989444e-08,1.430447e-08,2.297813e-08,1.077436e-08,107.03,102.99,10112.98,9730.84,51.99,49.71
5.74137,7,0.5136,0.012,0.012,5.224,6.022,0.9875,0.00986,270.58,52.40,0.5626345199999999,0.7145458403999999,2.20,2.999351e-08,1.432688e-08,2.299791e-08,1.079248e-08,106.68,103.15,10079.26,9745.88,51.79,49.80
5.74162,7,0.5136,0.012,0.012,5.224,6.022,0.9875,0.00986,270.58,52.40,0.56263352,0.7145445704,2.20,3.006559e-08,1.4354e-08,2.303459e-08,1.079394e-08,106.57,102.86,10069.45,9719.15,51.73,49.64
5.74188,7,0.5137,0.012,0.012,5.224,6.022,0.9875,0.00986,270.58,52.40,0.56263248,0.7145432496,2.20,3.014191e-08,1.438905e-08,2.305842e-08,1.080908e-08,106.57,102.96,10069.55,9727.77,51.73,49.69
5.74212,7,0.5137,0.012,0.012,5.224,6.022,0.9875,0.00986,270.58,52.40,0.5626315199999999,0.7145420304,2.20,3.021156e-08,1.441447e-08,2.308285e-08,1.083255e-08,106.46,103.17,10059.10,9748.13,51.67,49.81
5.74238,7,0.5137,0.012,0.012,5.224,6.022,0.9875,0.00986,270.58,52.40,0.5626304799999999,0.7145407095999999,2.20,3.026367e-08,1.443722e-08,2.312485e-08,1.082868e-08,106.43,102.75,10056.28,9708.30,51.65,49.58
5.74263,7,0.5138,0.012,0.012,5.224,6.022,0.9875,0.00986,270.58,52.40,0.56262948,0.7145394396,2.20,3.033182e-08,1.445469e-08,2.31347e-08,1.082638e-08,106.24,102.65,10038.27,9698.54,51.54,49.52
5.74287,7,0.5138,0.012,0.012,5.224,6.022,0.9875,0.00986,270.58,52.40,0.56262852,0.7145382203999999,2.20,3.039846e-08,1.448715e-08,2.316319e-08,1.085094e-08,106.25,102.85,10039.20,9717.44,51.55,49.63
5.74313,7,0.5138,0.012,0.012,5.224,6.022,0.9875,0.00986,270.58,52.40,0.56262748,0.7145368996,2.20,3.046421e-08,1.450174e-08,2.317286e-08,1.085912e-08,106.02,102.91,10017.10,9723.59,51.41,49.67
5.74338,7,0.5139,0.012,0.012,5.224,6.022,0.9875,0.00986,270.58,52.40,0.5626264799999999,0.7145356295999999,2.20,3.051182e-08,1.45145e-08,2.320475e-08,1.085011e-08,105.90,102.51,10006.02,9685.24,51.35,49.44
5.74362,7,0.5139,0.012,0.012,5.224,6.022,0.9875,0.00986,270.58,52.40,0.56262552,0.7145344104,2.20,3.056166e-08,1.452635e-08,2.323547e-08,1.086854e-08,105.74,102.58,9990.46,9692.05,51.26,49.48
5.74388,7,0.5139,0.012,0.012,5.224,6.022,0.9875,0.00986,270.58,52.40,0.56262448,0.7145330896,2.20,3.058615e-08,1.455178e-08,2.324976e-08,1.087369e-08,105.93,102.55,10008.54,9689.48,51.36,49.46
5.74413,7,0.5140,0.012,0.012,5.224,6.022,0.9875,0.00986,270.58,52.40,0.56262348,0.7145318196,2.20,3.060715e-08,1.455277e-08,2.327695e-08,1.087407e-08,105.82,102.35,9998.69,9670.76,51.30,49.35
5.74437,7,0.5140,0.012,0.012,5.224,6.022,0.9875,0.00986,270.58,52.40,0.56262252,0.7145306004,2.20,3.064295e-08,1.456059e-08,2.32771e-08,1.086992e-08,105.70,102.28,9986.66,9663.72,51.23,49.31
5.74463,7,0.5141,0.012,0.012,5.224,6.022,0.9875,0.00986,270.58,52.40,0.56262148,0.7145292796,2.20,3.068876e-08,1.455226e-08,2.329439e-08,1.088304e-08,105.30,102.39,9949.39,9674.01,51.01,49.37
5.74488,7,0.5141,0.012,0.012,5.224,6.022,0.9875,0.00986,270.58,52.40,0.56262048,0.7145280096,2.20,3.068661e-08,1.457738e-08,2.331294e-08,1.08776e-08,105.66,102.14,9983.44,9650.52,51.21,49.23
5.74512,7,0.5141,0.012,0.012,5.224,6.022,0.9875,0.00986,270.58,52.40,0.5626195199999999,0.7145267903999999,2.20,3.074009e-08,1.457573e-08,2.333099e-08,1.087959e-08,105.29,102.03,9948.26,9639.84,51.00,49.17
5.74538,7,0.5142,0.012,0.012,5.223,6.022,0.9875,0.00986,270.58,52.40,0.5626184799999999,0.7145254696,2.20,3.073456e-08,1.456491e-08,2.333044e-08,1.088934e-08,105.20,102.22,9939.56,9658.34,50.95,49.28
5.74563,7,0.5142,0.012,0.012,5.223,6.022,0.9875,0.00986,270.58,52.40,0.56261748,0.7145241996,2.20,3.074569e-08,1.456675e-08,2.336179e-08,1.088802e-08,105.15,101.94,9935.11,9631.88,50.93,49.12
5.74587,7,0.5142,0.012,0.012,5.223,6.022,0.9875,0.00986,270.58,52.40,0.56261652,0.7145229804,2.20,3.074934e-08,1.454424e-08,2.336953e-08,1.088392e-08,104.82,101.81,9903.74,9619.12,50.74,49.04
5.74613,7,0.5143,0.012,0.012,5.223,6.022,0.9875,0.00986,270.58,52.40,0.56261548,0.7145216595999999,2.20,3.076943e-08,1.456316e-08,2.338465e-08,1.087947e-08,104.97,101.62,9917.84,9602.01,50.82,48.94
5.74637,7,0.5143,0.012,0.012,5.223,6.022,0.9875,0.00986,270.58,52.40,0.56261452,0.7145204404000001,2.20,3.077336e-08,1.454464e-08,2.33929e-08,1.088188e-08,104.69,101.60,9891.52,9599.65,50.67,48.93
5.74662,7,0.5143,0.012,0.012,5.223,6.022,0.9875,0.00986,270.58,52.40,0.56261352,0.7145191704,2.20,3.077372e-08,1.453859e-08,2.339522e-08,1.088192e-08,104.60,101.58,9883.50,9597.94,50.62,48.92
5.74688,7,0.5144,0.012,0.012,5.223,6.022,0.9875,0.00986,270.58,52.40,0.56261248,0.7145178496,2.20,3.075028e-08,1.452884e-08,2.339961e-08,1.088159e-08,104.64,101.56,9887.13,9595.89,50.64,48.90
5.74712,7,0.5144,0.012,0.012,5.223,6.022,0.9875,0.00986,270.58,52.40,0.5626115199999999,0.7145166303999999,2.20,3.074563e-08,1.450761e-08,2.341136e-08,1.088585e-08,104.38,101.54,9862.60,9593.91,50.49,48.89
5.74737,7,0.5144,0.012,0.012,5.223,6.022,0.9875,0.00987,270.58,52.40,0.56261052,0.7145153604,2.20,3.073079e-08,1.449035e-08,2.34218e-08,1.088431e-08,104.24,101.43,9849.40,9583.39,50.41,48.83
5.74763,7,0.5145,0.012,0.012,5.223,6.022,0.9875,0.00987,270.58,52.40,0.56260948,0.7145140396,2.20,3.072921e-08,1.44834e-08,2.343112e-08,1.088435e-08,104.18,101.37,9843.34,9578.20,50.38,48.80
5.74787,7,0.5145,0.012,0.012,5.223,6.022,0.9875,0.00987,270.58,52.40,0.56260852,0.7145128204,2.20,3.069011e-08,1.446848e-08,2.34384e-08,1.087247e-08,104.23,101.11,9847.85,9553.15,50.40,48.65
5.74812,7,0.5145,0.012,0.012,5.223,6.022,0.9875,0.00987,270.58,52.40,0.5626075199999999,0.7145115503999999,2.20,3.068016e-08,1.445332e-08,2.344291e-08,1.087843e-08,104.08,101.17,9834.38,9559.49,50.32,48.69
5.74838,7,0.5146,0.012,0.012,5.223,6.022,0.9875,0.00987,270.58,52.40,0.5626064799999999,0.7145102295999999,2.20,3.066583e-08,1.443365e-08,2.344522e-08,1.087673e-08,103.93,101.15,9819.67,9556.81,50.24,48.67
5.74862,7,0.5146,0.012,0.012,5.223,6.022,0.9875,0.00987,270.58,52.40,0.56260552,0.7145090103999999,2.20,3.063637e-08,1.441547e-08,2.346721e-08,1.08718e-08,103.87,100.88,9814.12,9532.06,50.20,48.52
5.74887,7,0.5146,0.012,0.012,5.223,6.022,0.9875,0.00987,270.58,52.40,0.5626045199999999,0.7145077404,2.20,3.065248e-08,1.439967e-08,2.348748e-08,1.086823e-08,103.55,100.66,9784.12,9510.93,50.02,48.40
5.74913,7,0.5147,0.012,0.012,5.223,6.022,0.9875,0.00987,270.58,52.40,0.5626034799999999,0.7145064195999999,2.20,3.062435e-08,1.438054e-08,2.350305e-08,1.087737e-08,103.49,100.71,9778.43,9515.93,49.99,48.43
5.74937,7,0.5147,0.012,0.012,5.250,6.022,0.9875,0.00987,270.58,52.40,0.56260252,0.7145052004,2.20,3.059373e-08,1.436616e-08,2.350193e-08,1.087213e-08,103.49,100.63,9778.43,9508.24,49.99,48.38
5.74962,7,0.5147,0.012,0.012,5.250,6.022,0.9875,0.00987,270.58,52.40,0.56260152,0.7145039303999999,2.20,3.056153e-08,1.434631e-08,2.350834e-08,1.086885e-08,103.43,100.52,9772.36,9498.08,49.95,48.32
5.74988,7,0.5148,0.012,0.012,5.249,6.022,0.9875,0.00987,270.58,52.40,0.56260048,0.7145026096,2.20,3.054102e-08,1.433899e-08,2.352879e-08,1.087627e-08,103.48,100.51,9777.22,9496.63,49.98,48.31
5.75012,7,0.5148,0.012,0.012,5.249,6.022,0.9875,0.00987,270.58,52.40,0.5625995199999999,0.7145013903999999,2.20,3.053933e-08,1.4312e-08,2.353663e-08,1.088089e-08,103.12,100.53,9743.60,9498.24,49.78,48.32
5.75038,7,0.5148,0.012,0.012,5.249,6.022,0.9875,0.00987,270.58,52.40,0.56259848,0.7145000696,2.20,3.052361e-08,1.429409e-08,2.356954e-08,1.087714e-08,102.98,100.20,9730.10,9467.54,49.70,48.14
5.75063,7,0.5149,0.012,0.012,5.249,6.022,0.9875,0.00987,270.58,52.40,0.56259748,0.7144987996,2.20,3.047174e-08,1.428862e-08,2.355996e-08,1.088035e-08,103.26,100.35,9756.16,9481.73,49.86,48.22
5.75087,7,0.5149,0.012,0.012,5.249,6.022,0.9875,0.00987,270.58,52.40,0.5625965199999999,0.7144975803999999,2.20,3.047311e-08,1.427326e-08,2.358155e-08,1.087971e-08,103.04,100.17,9735.60,9464.58,49.74,48.12
5.75113,7,0.5149,0.012,0.012,5.249,6.022,0.9875,0.00987,270.58,52.40,0.5625954799999999,0.7144962596,2.20,3.047419e-08,1.425563e-08,2.360374e-08,1.088302e-08,102.79,100.05,9712.36,9453.41,49.60,48.05
5.75138,7,0.5150,0.012,0.012,5.249,6.022,0.9875,0.00987,270.58,52.40,0.56259448,0.7144949896,2.20,3.044986e-08,1.423862e-08,2.362639e-08,1.088241e-08,102.74,99.88,9707.04,9437.46,49.56,47.96
5.75162,7,0.5150,0.012,0.012,5.249,6.022,0.9875,0.00987,270.58,52.40,0.56259352,0.7144937704,2.20,3.041561e-08,1.422898e-08,2.364118e-08,1.088496e-08,102.82,99.81,9715.21,9430.61,49.61,47.92
5.75188,7,0.5150,0.012,0.012,5.249,6.022,0.9875,0.00987,270.58,52.40,0.56259248,0.7144924495999999,2.20,3.041989e-08,1.422338e-08,2.364844e-08,1.089512e-08,102.72,99.93,9705.47,9441.56,49.56,47.98
5.75213,7,0.5151,0.012,0.012,5.249,6.022,0.9875,0.00987,270.58,52.40,0.5625914799999999,0.7144911795999999,2.20,3.039739e-08,1.420354e-08,2.367423e-08,1.089885e-08,102.61,99.81,9695.40,9430.32,49.50,47.92
5.75237,7,0.5151,0.012,0.012,5.249,6.022,0.9875,0.00987,270.58,52.40,0.56259052,0.7144899604,2.20,3.039753e-08,1.419879e-08,2.369797e-08,1.090564e-08,102.55,99.74,9689.23,9423.69,49.46,47.88
5.75263,7,0.5151,0.012,0.012,5.249,6.022,0.9875,0.00987,270.58,52.40,0.56258948,0.7144886396,2.20,3.038655e-08,1.417456e-08,2.370483e-08,1.090186e-08,102.29,99.62,9664.79,9412.59,49.31,47.81
5.75288,7,0.5152,0.012,0.012,5.249,6.022,0.9875,0.00987,270.58,52.40,0.56258848,0.7144873695999999,2.20,3.037218e-08,1.41745e-08,2.372445e-08,1.090398e-08,102.40,99.52,9675.17,9403.40,49.37,47.76
5.75312,7,0.5152,0.012,0.012,5.249,6.022,0.9875,0.00987,270.58,52.40,0.56258752,0.7144861504000001,2.20,3.034708e-08,1.417194e-08,2.374189e-08,1.090959e-08,102.52,99.48,9686.90,9399.56,49.44,47.73
5.75338,7,0.5153,0.012,0.012,5.249,6.022,0.9875,0.00987,270.58,52.40,0.56258648,0.7144848296,2.20,3.033436e-08,1.416638e-08,2.37569e-08,1.090862e-08,102.55,99.37,9689.27,9388.86,49.46,47.67
5.75363,7,0.5153,0.012,0.012,5.249,6.022,0.9875,0.00987,270.58,52.40,0.56258548,0.7144835596,2.20,3.034546e-08,1.415025e-08,2.377674e-08,1.091374e-08,102.26,99.30,9661.97,9382.52,49.30,47.63
5.75387,7,0.5153,0.012,0.012,5.249,6.022,0.9875,0.00987,270.58,52.40,0.5625845199999999,0.7144823403999999,2.20,3.034328e-08,1.414305e-08,2.379139e-08,1.090837e-08,102.18,99.10,9654.06,9363.33,49.25,47.52
5.75413,7,0.5154,0.012,0.012,5.249,6.022,0.9875,0.00987,270.58,52.40,0.5625834799999999,0.7144810195999999,2.20,3.031991e-08,1.414466e-08,2.381212e-08,1.09034e-08,102.36,98.88,9671.94,9342.24,49.35,47.39
5.75437,7,0.5154,0.012,0.012,5.249,6.022,0.9875,0.00987,270.58,52.40,0.56258252,0.7144798004,2.20,3.030239e-08,1.413254e-08,2.382443e-08,1.092026e-08,102.31,99.06,9666.88,9359.98,49.32,47.50
5.75462,7,0.5154,0.012,0.012,5.249,6.022,0.9875,0.00987,270.58,52.40,0.56258152,0.7144785304,2.20,3.02844e-08,1.413018e-08,2.38362e-08,1.092103e-08,102.39,98.99,9674.62,9352.67,49.37,47.45
5.75488,7,0.5155,0.012,0.012,5.248,6.022,0.9875,0.00987,270.58,52.40,0.5625804799999999,0.7144772095999999,2.20,3.03129e-08,1.411737e-08,2.383166e-08,1.091613e-08,102.06,98.96,9643.07,9350.03,49.18,47.44
5.75512,7,0.5155,0.012,0.012,5.248,6.022,0.9875,0.00987,270.58,52.40,0.56257952,0.7144759904,2.20,3.032033e-08,1.410031e-08,2.384093e-08,1.091263e-08,101.78,98.83,9616.87,9337.80,49.03,47.36
5.75537,7,0.5155,0.012,0.012,5.248,6.022,0.9875,0.00987,270.58,52.40,0.56257852,0.7144747203999999,2.20,3.027565e-08,1.410058e-08,2.386402e-08,1.091745e-08,102.07,98.73,9643.78,9328.74,49.19,47.31
5.75563,7,0.5156,0.012,0.012,5.248,6.022,0.9875,0.00987,270.58,52.40,0.56257748,0.7144733996,2.20,3.02615e-08,1.409449e-08,2.385033e-08,1.091207e-08,102.09,98.77,9646.29,9331.94,49.20,47.33
5.75587,7,0.5156,0.012,0.012,5.248,6.022,0.9875,0.00987,270.58,52.40,0.5625765199999999,0.7144721803999999,2.20,3.024029e-08,1.408887e-08,2.385415e-08,1.090669e-08,102.15,98.65,9651.75,9320.71,49.23,47.26
5.75612,7,0.5156,0.012,0.012,5.248,6.022,0.9875,0.00987,270.58,52.40,0.56257552,0.7144709104,2.20,3.026497e-08,1.406891e-08,2.385449e-08,1.090411e-08,101.73,98.60,9611.51,9316.41,48.99,47.24
5.75638,7,0.5157,0.012,0.012,5.248,6.022,0.9875,0.00987,270.58,52.40,0.56257448,0.7144695896,2.20,3.020505e-08,1.407336e-08,2.384655e-08,1.089234e-08,102.18,98.49,9654.79,9305.40,49.25,47.17
5.75662,7,0.5157,0.012,0.012,5.248,6.022,0.9875,0.00987,270.58,52.40,0.5625735199999999,0.7144683703999999,2.20,3.020797e-08,1.405471e-08,2.385945e-08,1.08936e-08,101.91,98.41,9629.12,9298.12,49.10,47.13
5.75687,7,0.5157,0.012,0.012,5.248,6.022,0.9875,0.00987,270.58,52.40,0.5625725199999999,0.7144671003999999,2.20,3.017682e-08,1.404691e-08,2.385533e-08,1.088782e-08,102.00,98.34,9637.71,9292.00,49.15,47.09
5.75713,7,0.5158,0.012,0.012,5.248,6.022,0.9875,0.00987,270.58,52.40,0.56257148,0.7144657796,2.20,3.017552e-08,1.40378e-08,2.383921e-08,1.087917e-08,101.91,98.34,9628.66,9291.77,49.10,47.09
5.75737,7,0.5158,0.012,0.012,5.248,6.022,0.9875,0.00987,270.58,52.40,0.56257052,0.7144645604,2.20,3.013722e-08,1.402325e-08,2.381703e-08,1.086782e-08,101.95,98.32,9632.86,9289.84,49.12,47.08
5.75762,7,0.5158,0.012,0.012,5.248,6.022,0.9875,0.00987,270.58,52.40,0.5625695199999999,0.7144632903999999,2.20,3.00921e-08,1.400184e-08,2.381181e-08,1.085964e-08,101.95,98.22,9632.33,9280.73,49.12,47.02
5.75788,7,0.5159,0.012,0.012,5.248,6.022,0.9875,0.00987,270.58,52.40,0.5625684799999999,0.7144619696,2.20,3.008835e-08,1.398539e-08,2.377416e-08,1.084987e-08,101.77,98.37,9615.29,9294.18,49.02,47.10
5.75812,7,0.5159,0.012,0.012,5.248,6.022,0.9875,0.00987,270.58,52.40,0.56256752,0.7144607504,2.20,3.00471e-08,1.396477e-08,2.375059e-08,1.084123e-08,101.75,98.40,9613.43,9297.52,49.00,47.12
5.75838,7,0.5159,0.012,0.012,5.248,6.022,0.9875,0.00987,270.58,52.40,0.56256648,0.7144594296,2.20,3.000999e-08,1.394506e-08,2.375054e-08,1.082353e-08,101.71,98.11,9610.25,9269.67,48.99,46.96
5.75863,7,0.5160,0.012,0.012,5.248,6.022,0.9875,0.00987,270.58,52.40,0.56256548,0.7144581595999999,2.20,2.994119e-08,1.392297e-08,2.372906e-08,1.081669e-08,101.87,98.18,9624.88,9276.11,49.07,47.00
5.75887,7,0.5160,0.012,0.011,5.248,6.022,0.9875,0.00987,270.58,52.40,0.56256452,0.7144569404000001,2.20,2.990479e-08,1.389918e-08,2.368319e-08,1.07963e-08,101.77,98.19,9616.08,9277.01,49.02,47.00
5.75913,7,0.5160,0.012,0.011,5.248,6.022,0.9875,0.00987,270.58,52.40,0.56256348,0.7144556196,2.20,2.985875e-08,1.387912e-08,2.367276e-08,1.078693e-08,101.79,98.11,9617.82,9269.72,49.03,46.96
5.75938,7,0.5161,0.012,0.011,5.248,6.022,0.9875,0.00987,270.58,52.40,0.56256248,0.7144543496,2.20,2.981586e-08,1.38376e-08,2.364539e-08,1.076847e-08,101.52,98.03,9591.72,9262.06,48.88,46.91
5.75962,7,0.5161,0.012,0.011,5.248,6.022,0.9875,0.00987,270.58,52.40,0.5625615199999999,0.7144531303999999,2.20,2.975246e-08,1.381166e-08,2.361901e-08,1.075722e-08,101.56,98.04,9596.24,9263.26,48.90,46.92
5.75988,7,0.5161,0.012,0.011,5.248,6.022,0.9875,0.00987,270.58,52.40,0.5625604799999999,0.7144518095999999,2.20,2.971488e-08,1.37938e-08,2.358497e-08,1.07349e-08,101.56,97.93,9595.70,9252.47,48.90,46.86
5.76013,7,0.5162,0.012,0.011,5.247,6.022,0.9875,0.00987,270.58,52.40,0.56255948,0.7144505396,2.20,2.964086e-08,1.375186e-08,2.355073e-08,1.072167e-08,101.47,97.98,9587.70,9258.00,48.85,46.89
5.76037,7,0.5162,0.012,0.011,5.247,6.022,0.9875,0.00987,270.58,52.40,0.56255852,0.7144493204,2.20,2.957562e-08,1.372397e-08,2.349981e-08,1.070616e-08,101.51,98.11,9590.80,9270.19,48.87,46.96
5.76063,7,0.5162,0.012,0.011,5.247,6.022,0.9875,0.00987,270.58,52.40,0.5625574799999999,0.7144479995999999,2.20,2.950451e-08,1.368146e-08,2.348104e-08,1.068912e-08,101.37,97.97,9578.37,9256.69,48.80,46.88
5.76088,7,0.5163,0.012,0.011,5.247,6.022,0.9875,0.00987,270.58,52.40,0.5625564799999999,0.7144467295999999,2.20,2.944e-08,1.365517e-08,2.343463e-08,1.067351e-08,101.44,98.08,9584.97,9267.28,48.84,46.94
5.76112,7,0.5163,0.012,0.011,5.247,6.022,0.9875,0.00987,270.58,52.40,0.56255552,0.7144455103999999,2.20,2.936445e-08,1.362387e-08,2.341329e-08,1.065557e-08,101.50,97.94,9589.88,9254.17,48.86,46.87
5.76138,7,0.5164,0.012,0.011,5.247,6.022,0.9875,0.00987,270.58,52.40,0.56255448,0.7144441896,2.20,2.930306e-08,1.357951e-08,2.338678e-08,1.063628e-08,101.30,97.84,9570.87,9244.43,48.75,46.81
5.76163,7,0.5164,0.012,0.011,5.247,6.022,0.9875,0.00987,270.58,52.40,0.5625534799999999,0.7144429196,2.20,2.922429e-08,1.353714e-08,2.33561e-08,1.063064e-08,101.21,97.98,9563.14,9257.71,48.70,46.89
5.76187,7,0.5164,0.012,0.011,5.247,6.022,0.9875,0.00987,270.58,52.40,0.56255252,0.7144417004,2.20,2.914711e-08,1.350352e-08,2.330873e-08,1.060513e-08,101.24,97.91,9565.95,9251.39,48.72,46.85
5.76213,7,0.5165,0.012,0.011,5.247,6.022,0.9875,0.00987,270.58,52.40,0.56255148,0.7144403796,2.20,2.905221e-08,1.346756e-08,2.326196e-08,1.05812e-08,101.37,97.89,9578.42,9248.93,48.80,46.83
5.76237,7,0.5165,0.012,0.011,5.247,6.022,0.9875,0.00987,270.58,52.40,0.5625505199999999,0.7144391603999999,2.20,2.899239e-08,1.342701e-08,2.323938e-08,1.057384e-08,101.19,97.94,9561.40,9253.60,48.69,46.86
5.76262,7,0.5165,0.012,0.011,5.247,6.022,0.9875,0.00987,270.58,52.40,0.5625495199999999,0.7144378903999999,2.20,2.892348e-08,1.33874e-08,2.320377e-08,1.055955e-08,101.09,97.97,9551.17,9256.68,48.63,46.88
5.76288,7,0.5166,0.012,0.011,5.247,6.022,0.9875,0.00987,270.58,52.40,0.5625484799999999,0.7144365695999999,2.20,2.884048e-08,1.334338e-08,2.317803e-08,1.054188e-08,101.03,97.89,9545.56,9248.88,48.60,46.83
5.76312,7,0.5166,0.012,0.011,5.247,6.022,0.9875,0.00987,270.58,52.40,0.56254752,0.7144353504,2.20,2.874877e-08,1.32995e-08,2.313741e-08,1.052623e-08,101.01,97.94,9543.62,9253.44,48.59,46.86
5.76337,7,0.5166,0.012,0.011,5.247,6.022,0.9875,0.00987,270.58,52.40,0.5625465199999999,0.7144340803999999,2.20,2.867151e-08,1.327225e-08,2.311892e-08,1.051846e-08,101.13,97.95,9555.00,9254.47,48.66,46.87
5.76363,7,0.5167,0.012,0.011,5.247,6.022,0.9875,0.00987,270.58,52.40,0.5625454799999999,0.7144327596,2.20,2.860554e-08,1.322612e-08,2.307613e-08,1.050481e-08,100.93,98.07,9535.92,9265.68,48.54,46.93
5.76387,7,0.5167,0.012,0.011,5.247,6.022,0.9875,0.00987,270.58,52.40,0.56254452,0.7144315404,2.20,2.851637e-08,1.320064e-08,2.308101e-08,1.049508e-08,101.15,97.86,9557.12,9246.35,48.67,46.82
5.76412,7,0.5167,0.012,0.011,5.247,6.022,0.9875,0.00987,270.58,52.40,0.56254352,0.7144302704,2.20,2.845041e-08,1.314815e-08,2.30191e-08,1.047801e-08,100.84,98.05,9527.50,9264.32,48.49,46.92
5.76438,7,0.5168,0.012,0.011,5.247,6.022,0.9875,0.00987,270.58,52.40,0.56254248,0.7144289495999999,2.20,2.835058e-08,1.311185e-08,2.302463e-08,1.047087e-08,101.00,97.90,9542.65,9250.45,48.58,46.84
5.76462,7,0.5168,0.012,0.011,5.247,6.022,0.9875,0.00987,270.58,52.40,0.5625415199999999,0.7144277303999998,2.20,2.829122e-08,1.306886e-08,2.299257e-08,1.046174e-08,100.77,98.00,9521.60,9259.30,48.46,46.89
5.76487,7,0.5168,0.012,0.011,5.247,6.022,0.9875,0.00987,270.58,52.40,0.56254052,0.7144264604,2.20,2.820192e-08,1.303356e-08,2.296606e-08,1.045277e-08,100.86,98.05,9529.68,9264.33,48.50,46.92
5.76513,7,0.5169,0.012,0.011,5.246,6.022,0.9875,0.00987,270.58,52.40,0.56253948,0.7144251396,2.20,2.813921e-08,1.300102e-08,2.294373e-08,1.044223e-08,100.83,98.06,9526.68,9265.51,48.49,46.93
5.76537,7,0.5169,0.012,0.011,5.246,6.022,0.9875,0.00987,270.58,52.40,0.5625385199999999,0.7144239203999999,2.20,2.804635e-08,1.296035e-08,2.294892e-08,1.042862e-08,100.86,97.79,9529.73,9239.54,48.50,46.78
5.76562,7,0.5169,0.012,0.011,5.246,6.022,0.9875,0.00987,270.58,52.40,0.56253752,0.7144226504000001,2.20,2.801448e-08,1.292708e-08,2.292371e-08,1.042788e-08,100.59,97.97,9504.39,9256.97,48.35,46.88
5.76588,7,0.5170,0.012,0.011,5.246,6.022,0.9875,0.00987,270.58,52.40,0.56253648,0.7144213296,2.20,2.794103e-08,1.289385e-08,2.290913e-08,1.041864e-08,100.62,97.95,9507.13,9254.51,48.37,46.87
5.76612,7,0.5170,0.012,0.011,5.246,6.022,0.9875,0.00987,270.58,52.40,0.56253552,0.7144201104,2.20,2.787042e-08,1.286021e-08,2.289356e-08,1.041056e-08,100.61,97.93,9505.68,9252.89,48.36,46.86
5.76638,7,0.5170,0.012,0.011,5.246,6.022,0.9875,0.00987,270.58,52.40,0.56253448,0.7144187895999999,2.20,2.782131e-08,1.282942e-08,2.288988e-08,1.040632e-08,100.49,97.89,9494.51,9248.70,48.29,46.83
5.76663,7,0.5171,0.012,0.011,5.246,6.022,0.9875,0.00987,270.58,52.40,0.5625334799999999,0.7144175195999999,2.20,2.774876e-08,1.280223e-08,2.285838e-08,1.040111e-08,100.60,98.06,9504.98,9265.37,48.36,46.93
5.76687,7,0.5171,0.012,0.011,5.246,6.022,0.9875,0.00987,270.58,52.40,0.56253252,0.7144163004,2.20,2.766789e-08,1.278001e-08,2.285236e-08,1.038563e-08,100.82,97.84,9525.86,9244.56,48.48,46.81
5.76713,7,0.5171,0.012,0.011,5.246,6.022,0.9875,0.00987,270.58,52.40,0.56253148,0.7144149796,2.20,2.763126e-08,1.27482e-08,2.28429e-08,1.039089e-08,100.60,98.01,9505.23,9260.18,48.36,46.90
5.76738,7,0.5172,0.012,0.011,5.246,6.022,0.9875,0.00987,270.58,52.40,0.5625304799999999,0.7144137096,2.20,2.757888e-08,1.270865e-08,2.282971e-08,1.038903e-08,100.39,98.10,9485.75,9268.74,48.24,46.95
5.76762,7,0.5172,0.012,0.011,5.246,6.022,0.9875,0.00987,270.58,52.40,0.56252952,0.7144124904,2.20,2.754239e-08,1.26852e-08,2.282582e-08,1.038228e-08,100.30,98.01,9476.56,9260.59,48.19,46.90
5.76788,7,0.5172,0.012,0.011,5.246,6.022,0.9875,0.00987,270.58,52.40,0.56252848,0.7144111696000001,2.20,2.749265e-08,1.266782e-08,2.281189e-08,1.038468e-08,100.38,98.16,9484.23,9274.91,48.23,46.99
5.76813,7,0.5173,0.012,0.011,5.246,6.022,0.9875,0.00987,270.58,52.40,0.56252748,0.7144098996,2.20,2.744965e-08,1.264551e-08,2.280885e-08,1.037278e-08,100.36,98.00,9482.59,9259.47,48.22,46.89
5.76837,7,0.5173,0.012,0.011,5.246,6.022,0.9875,0.00987,270.58,52.40,0.5625265199999999,0.7144086803999999,2.20,2.743644e-08,1.262543e-08,2.279026e-08,1.037373e-08,100.15,98.16,9463.14,9274.89,48.11,46.99
5.76863,7,0.5173,0.012,0.011,5.246,6.022,0.9875,0.00987,270.58,52.40,0.5625254799999999,0.7144073595999999,2.20,2.736519e-08,1.260163e-08,2.27842e-08,1.036386e-08,100.29,98.04,9475.66,9263.22,48.18,46.92
5.76888,7,0.5174,0.012,0.011,5.246,6.022,0.9875,0.00987,270.58,52.40,0.56252448,0.7144060896,2.20,2.733291e-08,1.258342e-08,2.277791e-08,1.0358e-08,100.26,98.01,9472.83,9260.09,48.16,46.90
5.76912,7,0.5174,0.012,0.011,5.246,6.022,0.9875,0.00987,270.58,52.40,0.5625235199999999,0.7144048703999999,2.20,2.73055e-08,1.256355e-08,2.27674e-08,1.036077e-08,100.15,98.14,9462.71,9272.48,48.10,46.97
5.76938,7,0.5174,0.012,0.011,5.246,6.022,0.9875,0.00987,270.58,52.40,0.5625224799999999,0.7144035496,2.20,2.726252e-08,1.254397e-08,2.27584e-08,1.035453e-08,100.15,98.10,9462.98,9268.96,48.11,46.95
5.76962,7,0.5175,0.012,0.011,5.246,6.022,0.9875,0.00987,270.58,52.40,0.56252152,0.7144023304,2.20,2.724916e-08,1.253718e-08,2.275535e-08,1.03499e-08,100.16,98.06,9463.91,9265.43,48.11,46.93
5.76987,7,0.5175,0.012,0.011,5.246,6.022,0.9875,0.00987,270.58,52.40,0.56252052,0.7144010604,2.20,2.720216e-08,1.25117e-08,2.2717e-08,1.033741e-08,100.11,98.15,9458.51,9273.58,48.08,46.98
5.77013,7,0.5176,0.012,0.011,5.245,6.022,0.9875,0.00987,270.58,52.40,0.56251948,0.7143997395999999,2.20,2.719136e-08,1.249459e-08,2.272865e-08,1.032779e-08,99.95,97.91,9443.35,9250.84,47.99,46.84
5.77037,7,0.5176,0.012,0.011,5.245,6.022,0.9875,0.00987,270.58,52.40,0.5625185199999999,0.7143985203999998,2.20,2.714695e-08,1.24865e-08,2.271054e-08,1.032265e-08,100.13,97.96,9460.61,9255.92,48.09,46.87
5.77062,7,0.5176,0.012,0.011,5.245,6.022,0.9875,0.00987,270.59,52.40,0.56251752,0.7143972504,2.20,2.712454e-08,1.24631e-08,2.267938e-08,1.031331e-08,99.93,98.05,9442.24,9263.86,47.98,46.92
5.77088,7,0.5177,0.012,0.011,5.245,6.022,0.9875,0.00987,270.59,52.40,0.56251648,0.7143959296,2.20,2.71139e-08,1.245628e-08,2.265788e-08,1.030606e-08,99.92,98.11,9441.36,9269.82,47.98,46.95
5.77112,7,0.5177,0.012,0.011,5.245,6.022,0.9875,0.00987,270.59,52.40,0.5625155199999999,0.7143947103999999,2.20,2.705361e-08,1.244848e-08,2.262981e-08,1.029103e-08,100.22,98.07,9469.36,9266.09,48.14,46.93
5.77137,7,0.5177,0.012,0.011,5.245,6.022,0.9875,0.00987,270.59,52.40,0.5625145199999999,0.7143934403999999,2.20,2.70406e-08,1.243015e-08,2.261719e-08,1.028271e-08,100.04,98.02,9451.97,9261.82,48.04,46.91
5.77163,7,0.5178,0.012,0.011,5.245,6.022,0.9875,0.00987,270.59,52.40,0.56251348,0.7143921196,2.20,2.701712e-08,1.240382e-08,2.257936e-08,1.02733e-08,99.82,98.18,9431.93,9276.51,47.92,46.99
5.77187,7,0.5178,0.012,0.011,5.245,6.022,0.9875,0.00987,270.59,52.40,0.56251252,0.7143909004,2.20,2.699368e-08,1.239878e-08,2.256256e-08,1.025791e-08,99.91,98.04,9439.99,9263.67,47.97,46.92
5.77212,7,0.5178,0.012,0.011,5.245,6.022,0.9875,0.00987,270.59,52.40,0.5625115199999999,0.7143896303999999,2.20,2.695563e-08,1.238356e-08,2.253162e-08,1.024515e-08,99.94,98.07,9443.17,9265.84,47.99,46.93
5.77238,7,0.5179,0.012,0.011,5.245,6.022,0.9875,0.00987,270.59,52.40,0.5625104799999999,0.7143883095999999,2.20,2.695508e-08,1.237555e-08,2.250989e-08,1.022873e-08,99.85,97.97,9434.05,9256.78,47.93,46.88
5.77262,7,0.5179,0.012,0.011,5.245,6.022,0.9875,0.00987,270.59,52.40,0.56250952,0.7143870904,2.20,2.691523e-08,1.236412e-08,2.246054e-08,1.021137e-08,99.95,98.06,9443.75,9265.20,47.99,46.93
5.77287,7,0.5179,0.012,0.011,5.245,6.022,0.9875,0.00987,270.59,52.40,0.56250852,0.7143858204,2.20,2.688919e-08,1.234455e-08,2.244058e-08,1.020325e-08,99.84,98.08,9433.00,9266.79,47.93,46.94
5.77313,7,0.5180,0.012,0.011,5.245,6.022,0.9875,0.00987,270.59,52.40,0.56250748,0.7143844996,2.20,2.687016e-08,1.233105e-08,2.241e-08,1.018392e-08,99.78,98.00,9428.09,9259.53,47.90,46.89
5.77337,7,0.5180,0.012,0.011,5.245,6.022,0.9875,0.00987,270.59,52.40,0.56250652,0.7143832804,2.20,2.681194e-08,1.231168e-08,2.236256e-08,1.016671e-08,99.89,98.08,9438.50,9266.80,47.96,46.94
5.77363,7,0.5180,0.012,0.011,5.245,6.022,0.9875,0.00987,270.59,52.40,0.56250548,0.7143819596000001,2.20,2.680089e-08,1.230622e-08,2.230697e-08,1.014477e-08,99.89,98.14,9437.95,9272.38,47.95,46.97
5.77388,7,0.5181,0.012,0.011,5.245,6.022,0.9875,0.00987,270.59,52.40,0.56250448,0.7143806896,2.20,2.676572e-08,1.228578e-08,2.22657e-08,1.012581e-08,99.84,98.15,9433.68,9273.85,47.93,46.98
5.77412,7,0.5181,0.012,0.011,5.245,6.022,0.9875,0.00987,270.59,52.40,0.5625035199999999,0.7143794703999999,2.20,2.674657e-08,1.228895e-08,2.22124e-08,1.010592e-08,100.02,98.23,9450.68,9281.18,48.03,47.02
5.77438,7,0.5181,0.012,0.011,5.245,6.022,0.9875,0.00987,270.59,52.40,0.5625024799999999,0.7143781495999999,2.20,2.670017e-08,1.226163e-08,2.21716e-08,1.008279e-08,99.93,98.15,9442.13,9273.47,47.98,46.98
5.77463,7,0.5182,0.012,0.011,5.245,6.022,0.9875,0.00987,270.59,52.40,0.56250148,0.7143768796,2.20,2.667554e-08,1.224083e-08,2.211763e-08,1.006036e-08,99.81,98.20,9430.43,9278.83,47.91,47.01
5.77487,7,0.5182,0.012,0.011,5.245,6.022,0.9875,0.00987,270.59,52.40,0.56250052,0.7143756603999999,2.20,2.663638e-08,1.222713e-08,2.20775e-08,1.00436e-08,99.87,98.23,9436.52,9281.37,47.95,47.02
5.77513,7,0.5182,0.012,0.011,5.245,6.022,0.9875,0.00987,270.59,52.40,0.5624994799999999,0.7143743396,2.20,2.660218e-08,1.22163e-08,2.201869e-08,1.001578e-08,99.95,98.21,9443.48,9279.55,47.99,47.01
5.77538,7,0.5183,0.012,0.011,5.244,6.022,0.9875,0.00987,270.59,52.40,0.5624984799999999,0.7143730695999999,2.20,2.655176e-08,1.220169e-08,2.198147e-08,9.990416e-09,100.10,98.08,9457.55,9266.99,48.07,46.94
5.77562,7,0.5183,0.012,0.011,5.244,6.022,0.9875,0.00987,270.59,52.40,0.56249752,0.7143718504,2.20,2.652176e-08,1.218252e-08,2.193279e-08,9.9719e-09,100.01,98.14,9449.82,9273.15,48.02,46.97
5.77588,7,0.5183,0.012,0.011,5.244,6.022,0.9875,0.00987,270.59,52.40,0.56249648,0.7143705295999999,2.20,2.64872e-08,1.215431e-08,2.188145e-08,9.94446e-09,99.83,98.07,9432.12,9266.14,47.92,46.93
5.77613,7,0.5184,0.012,0.011,5.244,6.022,0.9875,0.00987,270.59,52.40,0.5624954799999999,0.7143692596,2.20,2.643128e-08,1.214497e-08,2.183646e-08,9.925667e-09,100.09,98.12,9457.42,9270.76,48.07,46.96
5.77637,7,0.5184,0.012,0.011,5.244,6.022,0.9875,0.00987,270.59,52.40,0.56249452,0.7143680404,2.20,2.640366e-08,1.212088e-08,2.176743e-08,9.90474e-09,99.92,98.31,9441.00,9288.73,47.97,47.07
5.77663,7,0.5184,0.012,0.011,5.244,6.022,0.9875,0.00987,270.59,52.40,0.56249348,0.7143667196,2.20,2.636404e-08,1.210686e-08,2.173323e-08,9.881352e-09,99.98,98.17,9447.01,9275.25,48.01,46.98
5.77688,7,0.5185,0.012,0.011,5.244,6.022,0.9875,0.00987,270.59,52.40,0.56249248,0.7143654495999999,2.20,2.632794e-08,1.20926e-08,2.168448e-08,9.853455e-09,100.04,98.08,9452.18,9267.15,48.04,46.94
5.77712,7,0.5185,0.012,0.011,5.244,6.022,0.9875,0.00987,270.59,52.40,0.5624915199999999,0.7143642303999999,2.20,2.628316e-08,1.206574e-08,2.163045e-08,9.840239e-09,99.94,98.29,9443.07,9286.76,47.98,47.05
5.77738,7,0.5185,0.012,0.011,5.244,6.022,0.9875,0.00987,270.59,52.40,0.5624904799999999,0.7143629095999999,2.20,2.623662e-08,1.205092e-08,2.158626e-08,9.826322e-09,100.04,98.40,9452.57,9297.50,48.04,47.12
5.77762,7,0.5186,0.012,0.011,5.244,6.022,0.9875,0.00987,270.59,52.40,0.56248952,0.7143616904,2.20,2.620749e-08,1.203997e-08,2.154428e-08,9.803016e-09,100.10,98.34,9457.92,9291.99,48.07,47.08
5.77787,7,0.5186,0.012,0.011,5.244,6.022,0.9875,0.00987,270.59,52.40,0.5624885199999999,0.7143604203999999,2.20,2.616897e-08,1.202001e-08,2.151404e-08,9.776283e-09,100.06,98.10,9454.63,9269.42,48.05,46.95
5.77813,7,0.5186,0.012,0.011,5.244,6.022,0.9875,0.00987,270.59,52.40,0.5624874799999999,0.7143590995999999,2.20,2.612313e-08,1.200029e-08,2.147111e-08,9.756204e-09,100.09,98.09,9456.57,9268.43,48.06,46.94
5.77837,7,0.5187,0.012,0.011,5.244,6.022,0.9875,0.00987,270.59,52.40,0.56248652,0.7143578804,2.20,2.608005e-08,1.198257e-08,2.143061e-08,9.750178e-09,100.14,98.34,9461.42,9291.83,48.09,47.08
5.77862,7,0.5187,0.012,0.011,5.244,6.022,0.9875,0.00987,270.59,52.40,0.56248552,0.7143566104,2.20,2.6052e-08,1.196004e-08,2.139055e-08,9.728438e-09,99.99,98.28,9447.33,9285.68,48.01,47.05
5.77888,7,0.5187,0.012,0.011,5.244,6.022,0.9875,0.00987,270.59,52.40,0.56248448,0.7143552895999999,2.20,2.599585e-08,1.195199e-08,2.134176e-08,9.7071e-09,100.26,98.29,9473.30,9287.17,48.16,47.06
5.77912,7,0.5188,0.012,0.011,5.244,6.022,0.9875,0.00987,270.59,52.40,0.56248352,0.7143540704,2.20,2.595925e-08,1.193055e-08,2.132301e-08,9.697412e-09,100.21,98.29,9468.35,9286.93,48.13,47.05
5.77937,7,0.5188,0.012,0.011,5.244,6.022,0.9875,0.00987,270.59,52.40,0.56248252,0.7143528004,2.20,2.59105e-08,1.192506e-08,2.128369e-08,9.68041e-09,100.47,98.31,9493.27,9288.48,48.28,47.06
5.77963,7,0.5188,0.012,0.011,5.244,6.022,0.9875,0.00987,270.59,52.40,0.56248148,0.7143514796,2.20,2.589122e-08,1.191231e-08,2.124658e-08,9.6634e-09,100.41,98.30,9487.55,9288.24,48.25,47.06
5.77987,7,0.5189,0.012,0.011,5.244,6.022,0.9875,0.00987,270.59,52.40,0.5624805199999999,0.7143502603999999,2.20,2.586077e-08,1.188898e-08,2.12106e-08,9.655012e-09,100.29,98.47,9475.62,9304.13,48.18,47.16
5.78012,7,0.5189,0.012,0.011,5.244,6.022,0.9875,0.00987,270.59,52.40,0.56247952,0.7143489904,2.20,2.583817e-08,1.188097e-08,2.118351e-08,9.644934e-09,100.32,98.51,9479.14,9308.13,48.20,47.18
5.78038,7,0.5189,0.012,0.011,5.244,6.022,0.9875,0.00987,270.59,52.40,0.56247848,0.7143476696000001,2.20,2.580518e-08,1.187385e-08,2.116705e-08,9.635841e-09,100.45,98.48,9491.05,9305.29,48.27,47.16
5.78062,7,0.5190,0.012,0.011,5.243,6.022,0.9875,0.00987,270.59,52.40,0.56247752,0.7143464504,2.20,2.576583e-08,1.185989e-08,2.113265e-08,9.622363e-09,100.53,98.54,9499.03,9310.96,48.32,47.20
5.78087,7,0.5190,0.012,0.011,5.243,6.022,0.9875,0.00987,270.59,52.40,0.5624765199999999,0.7143451804,2.20,2.574234e-08,1.185025e-08,2.111934e-08,9.612418e-09,100.55,98.47,9500.77,9304.06,48.33,47.15
5.78113,7,0.5190,0.012,0.011,5.243,6.022,0.9875,0.00987,270.59,52.40,0.5624754799999999,0.7143438595999999,2.20,2.569655e-08,1.184144e-08,2.109685e-08,9.60172e-09,100.75,98.46,9519.05,9303.24,48.43,47.15
5.78137,7,0.5191,0.012,0.011,5.243,6.022,0.9875,0.00987,270.59,52.40,0.56247452,0.7143426404,2.20,2.568174e-08,1.181904e-08,2.10836e-08,9.594137e-09,100.52,98.45,9497.67,9302.26,48.31,47.14
5.78163,7,0.5191,0.012,0.011,5.243,6.022,0.9875,0.00987,270.59,52.40,0.56247348,0.7143413196,2.20,2.565571e-08,1.181543e-08,2.105168e-08,9.586389e-09,100.65,98.58,9510.15,9314.35,48.38,47.22
5.78188,7,0.5191,0.012,0.011,5.243,6.022,0.9875,0.00987,270.59,52.40,0.5624724799999999,0.7143400496,2.20,2.563695e-08,1.180506e-08,2.102706e-08,9.58275e-09,100.63,98.72,9507.56,9327.88,48.37,47.30
5.78212,7,0.5192,0.012,0.011,5.243,6.022,0.9875,0.00987,270.59,52.40,0.56247152,0.7143388304,2.20,2.562705e-08,1.180507e-08,2.104475e-08,9.577077e-09,100.72,98.48,9516.22,9305.16,48.42,47.16
5.78238,7,0.5192,0.012,0.011,5.243,6.022,0.9875,0.00987,270.59,52.40,0.56247048,0.7143375096,2.20,2.559899e-08,1.179927e-08,2.101609e-08,9.569548e-09,100.83,98.59,9526.89,9315.01,48.48,47.22
5.78263,7,0.5193,0.012,0.011,5.243,6.022,0.9875,0.00987,270.59,52.40,0.56246948,0.7143362395999999,2.20,2.558979e-08,1.178773e-08,2.099122e-08,9.562892e-09,100.73,98.69,9517.79,9325.16,48.43,47.28
5.78287,7,0.5193,0.012,0.011,5.243,6.022,0.9875,0.00987,270.59,52.40,0.5624685199999999,0.7143350203999999,2.20,2.558178e-08,1.17884e-08,2.098873e-08,9.568155e-09,100.80,98.82,9524.32,9336.63,48.47,47.35
5.78313,7,0.5193,0.012,0.011,5.243,6.022,0.9875,0.00987,270.59,52.40,0.5624674799999999,0.7143336995999999,2.20,2.557078e-08,1.178931e-08,2.097069e-08,9.555297e-09,100.90,98.73,9533.29,9328.31,48.52,47.30
5.78338,7,0.5194,0.012,0.011,5.243,6.022,0.9875,0.00987,270.59,52.40,0.56246648,0.7143324296,2.20,2.556999e-08,1.178831e-08,2.095655e-08,9.551717e-09,100.91,98.80,9534.17,9335.25,48.52,47.34
5.78362,7,0.5194,0.012,0.011,5.243,6.022,0.9875,0.00987,270.59,52.40,0.5624655199999999,0.7143312103999999,2.20,2.555581e-08,1.179004e-08,2.094153e-08,9.544279e-09,101.04,98.79,9546.59,9334.19,48.60,47.33
5.78388,7,0.5194,0.012,0.011,5.243,6.022,0.9875,0.00987,270.59,52.40,0.5624644799999999,0.7143298895999999,2.20,2.553599e-08,1.178145e-08,2.09177e-08,9.548189e-09,101.05,99.07,9547.42,9360.79,48.60,47.49
5.78413,7,0.5195,0.012,0.011,5.243,6.022,0.9875,0.00987,270.59,52.40,0.5624634799999999,0.7143286195999999,2.20,2.55381e-08,1.178127e-08,2.090497e-08,9.548298e-09,101.05,99.20,9547.52,9373.29,48.60,47.57
5.78437,7,0.5195,0.012,0.011,5.243,6.022,0.9875,0.00987,270.59,52.40,0.56246252,0.7143274004,2.20,2.552282e-08,1.179035e-08,2.08869e-08,9.53759e-09,101.31,99.16,9571.83,9368.85,48.75,47.54
5.78463,7,0.5195,0.012,0.011,5.243,6.022,0.9875,0.00987,270.59,52.40,0.56246148,0.7143260795999999,2.20,2.553041e-08,1.179067e-08,2.087535e-08,9.530286e-09,101.25,99.12,9567.03,9365.18,48.72,47.52
5.78488,7,0.5196,0.012,0.011,5.243,6.022,0.9875,0.00987,270.59,52.40,0.5624604799999999,0.7143248095999999,2.20,2.553242e-08,1.178592e-08,2.084843e-08,9.51873e-09,101.18,99.15,9560.31,9368.31,48.68,47.54
5.78512,7,0.5196,0.012,0.011,5.243,6.022,0.9875,0.00987,270.59,52.40,0.56245952,0.7143235904,2.20,2.552868e-08,1.180701e-08,2.084703e-08,9.516349e-09,101.55,99.12,9594.75,9365.16,48.88,47.52
5.78538,7,0.5196,0.012,0.011,5.243,6.022,0.9875,0.00988,270.59,52.40,0.56245848,0.7143222696,2.20,2.55339e-08,1.180298e-08,2.083243e-08,9.510342e-09,101.44,99.13,9585.01,9366.35,48.83,47.52
5.78562,7,0.5197,0.012,0.011,5.242,6.022,0.9875,0.00988,270.59,52.40,0.5624575199999999,0.7143210503999999,2.20,2.552548e-08,1.180834e-08,2.080444e-08,9.514181e-09,101.61,99.47,9600.85,9398.35,48.92,47.71
5.78587,7,0.5197,0.012,0.011,5.242,6.022,0.9875,0.00988,270.59,52.40,0.5624565199999999,0.7143197803999999,2.20,2.55292e-08,1.18073e-08,2.078136e-08,9.494446e-09,101.57,99.29,9596.67,9381.64,48.89,47.61
5.78613,7,0.5197,0.012,0.011,5.242,6.022,0.9875,0.00988,270.59,52.40,0.56245548,0.7143184596000001,2.20,2.552767e-08,1.181004e-08,2.076255e-08,9.485408e-09,101.62,99.28,9601.88,9380.83,48.93,47.61
5.78637,7,0.5198,0.012,0.011,5.242,6.022,0.9875,0.00988,270.59,52.40,0.56245452,0.7143172404,2.20,2.554099e-08,1.181538e-08,2.07392e-08,9.47593e-09,101.63,99.33,9602.49,9384.80,48.93,47.63
5.78662,7,0.5198,0.012,0.011,5.242,6.022,0.9875,0.00988,270.59,52.40,0.5624535199999999,0.7143159703999999,2.20,2.553707e-08,1.18145e-08,2.071465e-08,9.46897e-09,101.64,99.41,9603.90,9392.58,48.94,47.68
5.78688,7,0.5198,0.012,0.011,5.242,6.022,0.9875,0.00988,270.59,52.40,0.5624524799999999,0.7143146495999999,2.20,2.554557e-08,1.183504e-08,2.06838e-08,9.4531e-09,101.91,99.37,9629.05,9389.34,49.09,47.66
5.78712,7,0.5199,0.012,0.011,5.242,6.022,0.9875,0.00988,270.59,52.40,0.56245152,0.7143134304,2.20,2.554989e-08,1.183123e-08,2.06696e-08,9.450326e-09,101.84,99.47,9622.09,9397.95,49.05,47.71
5.78737,7,0.5199,0.012,0.011,5.242,6.022,0.9875,0.00988,270.59,52.40,0.56245052,0.7143121603999999,2.20,2.554233e-08,1.183775e-08,2.062796e-08,9.43151e-09,102.00,99.47,9637.29,9398.36,49.14,47.71
5.78763,7,0.5199,0.012,0.011,5.242,6.022,0.9875,0.00988,270.59,52.40,0.56244948,0.7143108396,2.20,2.553835e-08,1.184117e-08,2.058802e-08,9.424157e-09,102.08,99.68,9645.28,9418.45,49.18,47.83
5.78787,7,0.5200,0.012,0.011,5.242,6.022,0.9875,0.00988,270.59,52.40,0.56244852,0.7143096204,2.20,2.555041e-08,1.184033e-08,2.056447e-08,9.402721e-09,102.00,99.49,9637.37,9400.61,49.14,47.73
5.78812,7,0.5200,0.012,0.011,5.242,6.022,0.9875,0.00988,270.59,52.40,0.56244752,0.7143083504,2.20,2.555127e-08,1.185645e-08,2.050818e-08,9.39228e-09,102.25,99.79,9661.25,9428.90,49.28,47.90
5.78838,7,0.5200,0.012,0.011,5.242,6.022,0.9875,0.00988,270.59,52.40,0.56244648,0.7143070295999999,2.20,2.555381e-08,1.185026e-08,2.047122e-08,9.375536e-09,102.13,99.80,9650.05,9429.24,49.21,47.90
5.78862,7,0.5201,0.012,0.011,5.242,6.022,0.9875,0.00988,270.59,52.40,0.5624455199999999,0.7143058104,2.20,2.55488e-08,1.18482e-08,2.044517e-08,9.356646e-09,102.16,99.68,9652.31,9418.13,49.22,47.83
5.78887,7,0.5201,0.012,0.011,5.242,6.022,0.9875,0.00988,270.59,52.40,0.56244452,0.7143045404,2.20,2.553877e-08,1.185644e-08,2.039831e-08,9.342526e-09,102.36,99.82,9671.92,9431.77,49.34,47.91
5.78913,7,0.5201,0.012,0.011,5.242,6.022,0.9875,0.00988,270.59,52.40,0.56244348,0.7143032196,2.20,2.553484e-08,1.185423e-08,2.035987e-08,9.331499e-09,102.36,99.95,9671.33,9444.05,49.34,47.98
5.78937,7,0.5202,0.012,0.011,5.242,6.022,0.9875,0.00988,270.59,52.40,0.56244252,0.7143020003999999,2.20,2.553429e-08,1.185449e-08,2.03105e-08,9.308018e-09,102.39,99.96,9673.97,9444.27,49.35,47.99
5.78963,7,0.5202,0.012,0.011,5.242,6.022,0.9875,0.00988,270.59,52.40,0.5624414799999999,0.7143006795999999,2.20,2.553425e-08,1.184994e-08,2.025417e-08,9.293513e-09,102.31,100.18,9667.07,9465.53,49.31,48.11
5.78988,7,0.5202,0.012,0.011,5.242,6.022,0.9875,0.00988,270.59,52.40,0.5624404799999999,0.7142994095999999,2.20,2.551451e-08,1.185104e-08,2.02363e-08,9.26868e-09,102.48,99.85,9682.72,9434.25,49.41,47.93
5.79012,7,0.5203,0.012,0.011,5.242,6.022,0.9875,0.00988,270.59,52.40,0.56243952,0.7142981904,2.20,2.550595e-08,1.185511e-08,2.018824e-08,9.250786e-09,102.63,99.95,9696.87,9443.82,49.49,47.98
5.79038,7,0.5203,0.012,0.011,5.242,6.022,0.9875,0.00988,270.59,52.40,0.56243848,0.7142968695999999,2.20,2.549423e-08,1.184767e-08,2.01368e-08,9.235436e-09,102.60,100.11,9693.82,9459.36,49.47,48.08
5.79063,7,0.5203,0.012,0.011,5.242,6.022,0.9875,0.00988,270.59,52.40,0.5624374799999999,0.7142955995999999,2.20,2.549172e-08,1.184046e-08,2.009178e-08,9.217304e-09,102.50,100.17,9684.59,9464.13,49.42,48.10
5.79087,7,0.5204,0.012,0.011,5.241,6.022,0.9875,0.00988,270.59,52.40,0.56243652,0.7142943804,2.20,2.548038e-08,1.183955e-08,2.003929e-08,9.200974e-09,102.59,100.34,9693.11,9480.71,49.47,48.20
5.79113,7,0.5204,0.012,0.011,5.241,6.022,0.9875,0.00988,270.59,52.40,0.56243548,0.7142930596,2.20,2.544506e-08,1.18308e-08,2.000652e-08,9.178294e-09,102.71,100.19,9704.85,9466.15,49.54,48.12
5.79138,7,0.5204,0.012,0.011,5.241,6.022,0.9875,0.00988,270.59,52.40,0.56243448,0.7142917896,2.20,2.541599e-08,1.182231e-08,1.995512e-08,9.163314e-09,102.79,100.36,9712.57,9482.60,49.58,48.21
5.79162,7,0.5205,0.012,0.011,5.241,6.022,0.9875,0.00988,270.59,52.40,0.5624335199999999,0.7142905703999999,2.20,2.541441e-08,1.182466e-08,1.991994e-08,9.146291e-09,102.86,100.36,9719.18,9482.75,49.62,48.21
5.79188,7,0.5205,0.012,0.011,5.241,6.022,0.9875,0.00988,270.59,52.40,0.56243248,0.7142892496000001,2.20,2.539069e-08,1.181348e-08,1.986717e-08,9.131359e-09,102.86,100.55,9718.95,9500.64,49.62,48.32
5.79213,7,0.5205,0.012,0.011,5.241,6.022,0.9875,0.00988,270.59,52.40,0.56243148,0.7142879796,2.20,2.538216e-08,1.180985e-08,1.982278e-08,9.108961e-09,102.87,100.51,9719.48,9496.79,49.62,48.30
5.79237,7,0.5206,0.012,0.011,5.241,6.022,0.9875,0.00988,270.59,52.40,0.5624305199999999,0.7142867603999999,2.20,2.535334e-08,1.18042e-08,1.977242e-08,9.091584e-09,103.01,100.65,9733.31,9509.77,49.71,48.37
5.79263,7,0.5206,0.012,0.011,5.241,6.022,0.9875,0.00988,270.59,52.40,0.5624294799999999,0.7142854395999999,2.20,2.534466e-08,1.179145e-08,1.974351e-08,9.066979e-09,102.87,100.42,9719.88,9487.86,49.63,48.24
5.79288,7,0.5206,0.012,0.011,5.241,6.022,0.9875,0.00988,270.59,52.40,0.56242848,0.7142841696000001,2.20,2.531868e-08,1.178708e-08,1.969199e-08,9.057382e-09,103.00,100.71,9731.79,9515.18,49.70,48.41
5.79312,7,0.5207,0.012,0.011,5.241,6.022,0.9875,0.00988,270.59,52.40,0.56242752,0.7142829504,2.20,2.527019e-08,1.177397e-08,1.96621e-08,9.045371e-09,103.17,100.76,9748.32,9520.39,49.79,48.44
5.79338,7,0.5207,0.012,0.011,5.241,6.022,0.9875,0.00988,270.59,52.40,0.56242648,0.7142816296,2.20,2.52591e-08,1.176494e-08,1.962627e-08,9.028685e-09,103.11,100.76,9742.33,9519.99,49.76,48.44
5.79362,7,0.5207,0.012,0.011,5.241,6.022,0.9875,0.00988,270.59,52.40,0.56242552,0.7142804104,2.20,2.522503e-08,1.176241e-08,1.958142e-08,9.00762e-09,103.33,100.75,9763.06,9519.15,49.88,48.43
5.79387,7,0.5208,0.012,0.011,5.241,6.022,0.9875,0.00988,270.59,52.40,0.56242452,0.7142791404,2.20,2.521001e-08,1.174582e-08,1.954478e-08,9.000213e-09,103.19,100.96,9750.02,9539.52,49.80,48.55
5.79413,7,0.5208,0.012,0.011,5.241,6.022,0.9875,0.00988,270.59,52.40,0.56242348,0.7142778196,2.20,2.519349e-08,1.174001e-08,1.950304e-08,8.986621e-09,103.22,101.08,9752.96,9550.61,49.82,48.62
5.79437,7,0.5208,0.012,0.011,5.241,6.022,0.9875,0.00988,270.59,52.40,0.5624225199999999,0.7142766004,2.20,2.515744e-08,1.173406e-08,1.948359e-08,8.970376e-09,103.40,100.93,9769.87,9536.25,49.92,48.53
5.79462,7,0.5209,0.012,0.011,5.241,6.022,0.9875,0.00988,270.59,52.40,0.56242152,0.7142753304,2.20,2.514948e-08,1.172053e-08,1.943888e-08,8.958614e-09,103.26,101.13,9756.43,9555.52,49.84,48.65
5.79488,7,0.5209,0.012,0.011,5.241,6.022,0.9875,0.00988,270.59,52.40,0.56242048,0.7142740096,2.20,2.51365e-08,1.171223e-08,1.942307e-08,8.953913e-09,103.22,101.19,9752.92,9560.64,49.82,48.68
5.79512,7,0.5209,0.012,0.011,5.241,6.022,0.9875,0.00988,270.59,52.40,0.56241952,0.7142727903999999,2.20,2.510782e-08,1.169898e-08,1.939094e-08,8.940047e-09,103.22,101.21,9753.10,9562.52,49.82,48.69
5.79537,7,0.5210,0.012,0.011,5.241,6.022,0.9875,0.00988,270.59,52.40,0.5624185199999999,0.7142715203999999,2.20,2.508021e-08,1.170184e-08,1.936693e-08,8.92544e-09,103.50,101.15,9779.58,9557.33,49.98,48.66
5.79563,7,0.5210,0.012,0.011,5.241,6.022,0.9875,0.00988,270.59,52.40,0.5624174799999999,0.7142701995999999,2.20,2.504698e-08,1.168873e-08,1.932512e-08,8.914492e-09,103.54,101.33,9783.34,9573.90,50.00,48.76
5.79587,7,0.5210,0.012,0.011,5.241,6.022,0.9875,0.00988,270.59,52.40,0.56241652,0.7142689804,2.20,2.501793e-08,1.167771e-08,1.930573e-08,8.909184e-09,103.59,101.40,9787.32,9581.16,50.03,48.80
5.79612,7,0.5211,0.012,0.011,5.240,6.022,0.9875,0.00988,270.59,52.40,0.56241552,0.7142677103999999,2.20,2.501317e-08,1.167529e-08,1.928824e-08,8.902691e-09,103.60,101.46,9788.89,9586.15,50.03,48.83
5.79638,7,0.5211,0.012,0.011,5.240,6.022,0.9875,0.00988,270.59,52.40,0.5624144799999999,0.7142663895999999,2.20,2.499332e-08,1.167524e-08,1.925633e-08,8.888938e-09,103.76,101.48,9803.40,9588.11,50.12,48.84
5.79662,7,0.5211,0.012,0.011,5.240,6.022,0.9875,0.00988,270.59,52.40,0.56241352,0.7142651704,2.20,2.498004e-08,1.167511e-08,1.92385e-08,8.885143e-09,103.86,101.57,9812.98,9597.01,50.18,48.89
5.79688,7,0.5212,0.012,0.011,5.240,6.022,0.9875,0.00988,270.59,52.40,0.56241248,0.7142638496,2.20,2.496269e-08,1.166202e-08,1.92037e-08,8.873074e-09,103.79,101.68,9807.00,9606.90,50.14,48.95
5.79713,7,0.5212,0.012,0.011,5.240,6.022,0.9875,0.00988,270.59,52.40,0.56241148,0.7142625796,2.20,2.495681e-08,1.166151e-08,1.919056e-08,8.869756e-09,103.83,101.74,9810.53,9612.45,50.16,48.98
5.79737,7,0.5212,0.012,0.011,5.240,6.022,0.9875,0.00988,270.59,52.40,0.5624105199999999,0.7142613603999999,2.20,2.49396e-08,1.165534e-08,1.916427e-08,8.856656e-09,103.86,101.71,9813.49,9610.53,50.18,48.97
5.79763,7,0.5213,0.012,0.011,5.240,6.022,0.9875,0.00988,270.59,52.40,0.5624094799999999,0.7142600395999998,2.20,2.492463e-08,1.165624e-08,1.914974e-08,8.853337e-09,104.02,101.81,9827.87,9619.24,50.27,49.02
5.79788,7,0.5213,0.012,0.011,5.240,6.022,0.9875,0.00988,270.59,52.40,0.56240848,0.7142587696,2.20,2.491926e-08,1.165592e-08,1.912638e-08,8.84542e-09,104.05,101.87,9831.34,9625.07,50.29,49.06
5.79812,7,0.5214,0.012,0.011,5.240,6.022,0.9875,0.00988,270.59,52.40,0.5624075199999999,0.7142575503999999,2.20,2.489004e-08,1.165246e-08,1.911246e-08,8.837605e-09,104.24,101.86,9849.44,9624.13,50.39,49.05
5.79838,7,0.5214,0.012,0.011,5.240,6.022,0.9875,0.00988,270.59,52.40,0.5624064799999999,0.7142562295999999,2.20,2.488502e-08,1.165237e-08,1.906596e-08,8.830018e-09,104.28,102.16,9853.03,9652.42,50.42,49.22
5.79863,7,0.5214,0.012,0.011,5.240,6.022,0.9875,0.00988,270.59,52.40,0.56240548,0.7142549596000001,2.20,2.489482e-08,1.164957e-08,1.904887e-08,8.82102e-09,104.16,102.13,9841.29,9650.21,50.35,49.21
5.79887,7,0.5215,0.012,0.011,5.240,6.022,0.9875,0.00988,270.59,52.40,0.56240452,0.7142537404,2.20,2.487957e-08,1.165765e-08,1.901854e-08,8.818368e-09,104.43,102.40,9867.39,9675.35,50.50,49.36
5.79913,7,0.5215,0.012,0.011,5.240,6.022,0.9875,0.00988,270.59,52.40,0.56240348,0.7142524196,2.20,2.488352e-08,1.16669e-08,1.899914e-08,8.808529e-09,104.56,102.38,9879.18,9673.62,50.57,49.35
5.79938,7,0.5215,0.012,0.011,5.240,6.022,0.9875,0.00988,270.59,52.40,0.5624024799999999,0.7142511495999999,2.20,2.487313e-08,1.166477e-08,1.898216e-08,8.802063e-09,104.60,102.41,9883.55,9676.50,50.60,49.36
5.79962,7,0.5216,0.012,0.011,5.240,6.022,0.9875,0.00988,270.59,52.40,0.56240152,0.7142499304,2.20,2.485774e-08,1.16646e-08,1.895428e-08,8.795445e-09,104.74,102.57,9896.71,9691.32,50.68,49.45
5.79988,7,0.5216,0.012,0.011,5.240,6.022,0.9875,0.00988,270.59,52.40,0.56240048,0.7142486096,2.20,2.486299e-08,1.16701e-08,1.891251e-08,8.781567e-09,104.80,102.69,9901.56,9702.67,50.70,49.52
5.80013,7,0.5216,0.012,0.011,5.240,6.022,0.9875,0.00988,270.59,52.40,0.56239948,0.7142473396,2.20,2.485093e-08,1.167678e-08,1.888169e-08,8.770642e-09,105.00,102.76,9921.32,9709.67,50.82,49.56
5.80037,7,0.5217,0.012,0.011,5.240,6.022,0.9875,0.00988,270.59,52.40,0.5623985199999999,0.7142461203999999,2.20,2.484769e-08,1.168408e-08,1.88537e-08,8.758981e-09,105.17,102.81,9937.38,9714.30,50.92,49.59
5.80063,7,0.5217,0.012,0.011,5.240,6.022,0.9875,0.00988,270.59,52.40,0.56239748,0.7142447996,2.20,2.483893e-08,1.169092e-08,1.883388e-08,8.744372e-09,105.36,102.69,9954.99,9703.11,51.02,49.52
5.80087,7,0.5217,0.012,0.011,5.240,6.022,0.9875,0.00988,270.59,52.40,0.56239652,0.7142435803999999,2.20,2.484171e-08,1.169007e-08,1.878781e-08,8.734318e-09,105.32,102.94,9951.52,9726.67,51.00,49.66
5.80112,7,0.5218,0.012,0.011,5.239,6.022,0.9875,0.00988,270.59,52.40,0.5623955199999999,0.7142423104,2.20,2.483381e-08,1.169303e-08,1.874488e-08,8.728673e-09,105.46,103.28,9964.18,9758.44,51.08,49.85
5.80138,7,0.5218,0.012,0.011,5.239,6.022,0.9875,0.00988,270.59,52.40,0.5623944799999999,0.7142409895999999,2.20,2.483389e-08,1.169743e-08,1.869014e-08,8.705189e-09,105.53,103.32,9971.21,9762.65,51.12,49.88
5.80162,7,0.5218,0.012,0.011,5.239,6.022,0.9875,0.00988,270.59,52.40,0.56239352,0.7142397704,2.20,2.481925e-08,1.169841e-08,1.86684e-08,8.69213e-09,105.67,103.26,9983.91,9756.49,51.19,49.84
5.80187,7,0.5219,0.012,0.011,5.239,6.022,0.9875,0.00988,270.59,52.40,0.56239252,0.7142385003999999,2.20,2.481198e-08,1.170415e-08,1.863478e-08,8.680574e-09,105.84,103.37,10000.64,9766.99,51.29,49.90
5.80213,7,0.5219,0.012,0.011,5.239,6.022,0.9875,0.00988,270.59,52.40,0.5623914799999999,0.7142371795999999,2.20,2.480424e-08,1.170989e-08,1.857324e-08,8.662575e-09,106.00,103.61,10015.85,9789.56,51.38,50.04
5.80237,7,0.5219,0.012,0.011,5.239,6.022,0.9875,0.00988,270.59,52.40,0.56239052,0.7142359604,2.20,2.478349e-08,1.1709e-08,1.852146e-08,8.643974e-09,106.16,103.73,10030.30,9801.35,51.47,50.11
5.80262,7,0.5220,0.012,0.011,5.239,6.022,0.9875,0.00988,270.59,52.40,0.56238952,0.7142346904,2.20,2.477118e-08,1.170814e-08,1.848057e-08,8.63021e-09,106.26,103.87,10040.28,9814.57,51.53,50.18
5.80288,7,0.5220,0.012,0.011,5.239,6.022,0.9875,0.00988,270.59,52.40,0.56238848,0.7142333696,2.20,2.474295e-08,1.171348e-08,1.845232e-08,8.612818e-09,106.59,103.78,10070.73,9805.60,51.71,50.13
5.80312,7,0.5220,0.012,0.011,5.239,6.022,0.9875,0.00988,270.59,52.40,0.5623875199999999,0.7142321503999999,2.20,2.473369e-08,1.17154e-08,1.838732e-08,8.583338e-09,106.69,103.80,10081.04,9807.44,51.77,50.14
5.80337,7,0.5221,0.012,0.011,5.239,6.022,0.9875,0.00988,270.59,52.40,0.56238652,0.7142308804,2.20,2.472984e-08,1.172114e-08,1.833136e-08,8.570251e-09,106.85,104.12,10095.34,9837.38,51.86,50.32
5.80363,7,0.5221,0.012,0.011,5.239,6.022,0.9875,0.00988,270.59,52.40,0.56238548,0.7142295596,2.20,2.471638e-08,1.171651e-08,1.827018e-08,8.547665e-09,106.88,104.25,10098.21,9850.40,51.87,50.40
5.80387,7,0.5221,0.012,0.011,5.239,6.022,0.9875,0.00988,270.59,52.40,0.5623845199999999,0.7142283403999999,2.20,2.468132e-08,1.171806e-08,1.820659e-08,8.524789e-09,107.19,104.41,10128.07,9865.35,52.05,50.49
5.80412,7,0.5222,0.012,0.011,5.239,6.022,0.9875,0.00988,270.59,52.40,0.5623835199999999,0.7142270703999999,2.20,2.466592e-08,1.171496e-08,1.816737e-08,8.502681e-09,107.29,104.35,10136.95,9859.08,52.10,50.45
5.80438,7,0.5222,0.012,0.011,5.239,6.022,0.9875,0.00988,270.59,52.40,0.5623824799999999,0.7142257495999998,2.20,2.462752e-08,1.170751e-08,1.810203e-08,8.478911e-09,107.47,104.50,10154.77,9873.99,52.21,50.54
5.80462,7,0.5222,0.012,0.011,5.239,6.022,0.9875,0.00988,270.59,52.40,0.56238152,0.7142245304,2.20,2.458607e-08,1.169983e-08,1.803623e-08,8.459526e-09,107.69,104.77,10174.70,9899.16,52.33,50.69
5.80488,7,0.5223,0.012,0.011,5.239,6.022,0.9875,0.00988,270.59,52.40,0.56238048,0.7142232096,2.20,2.45732e-08,1.169893e-08,1.798907e-08,8.433434e-09,107.80,104.70,10185.33,9892.28,52.39,50.65
5.80513,7,0.5223,0.012,0.011,5.239,6.022,0.9875,0.00988,270.59,52.40,0.5623794799999999,0.7142219395999999,2.20,2.453887e-08,1.168465e-08,1.792393e-08,8.411455e-09,107.83,104.90,10188.76,9911.27,52.41,50.76
5.80537,7,0.5223,0.012,0.011,5.239,6.022,0.9875,0.00988,270.59,52.40,0.56237852,0.7142207204,2.20,2.448756e-08,1.168161e-08,1.784713e-08,8.390751e-09,108.21,105.26,10224.51,9945.52,52.62,50.96
5.80563,7,0.5224,0.012,0.011,5.239,6.022,0.9875,0.00988,270.59,52.40,0.56237748,0.7142193996,2.20,2.444144e-08,1.168324e-08,1.780013e-08,8.365546e-09,108.65,105.21,10266.17,9940.45,52.87,50.93
5.80588,7,0.5224,0.012,0.011,5.239,6.022,0.9875,0.00988,270.59,52.40,0.56237648,0.7142181296,2.20,2.441432e-08,1.166063e-08,1.773125e-08,8.337657e-09,108.48,105.31,10249.93,9950.55,52.77,50.99
5.84413,8,0.5276,0.011,0.011,5.258,6.049,0.9875,0.00989,270.60,51.91,0.56222348,0.7140238196,2.17,1.111702e-08,5.897149e-09,1.332205e-08,6.722432e-09,135.38,122.06,12791.31,11532.94,67.88,60.40
5.84438,8,0.5276,0.011,0.011,5.258,6.049,0.9875,0.00989,270.60,51.91,0.56222248,0.7140225496,2.17,1.112229e-08,5.909761e-09,1.331138e-08,6.715087e-09,135.86,121.99,12836.72,11526.15,68.15,60.36
5.84462,8,0.5277,0.011,0.011,5.258,6.049,0.9875,0.00989,270.60,51.91,0.5622215199999999,0.7140213303999999,2.17,1.106025e-08,5.865334e-09,1.329072e-08,6.710124e-09,135.32,122.21,12785.84,11547.29,67.85,60.48
5.84488,8,0.5277,0.011,0.011,5.258,6.049,0.9875,0.00989,270.60,51.91,0.5622204799999999,0.7140200095999999,2.17,1.102558e-08,5.845829e-09,1.327339e-08,6.698584e-09,135.27,122.11,12780.63,11537.59,67.82,60.42
5.84513,8,0.5277,0.011,0.011,5.258,6.049,0.9875,0.00989,270.60,51.91,0.56221948,0.7140187396,2.17,1.098538e-08,5.836541e-09,1.325735e-08,6.694852e-09,135.86,122.27,12836.93,11552.79,68.15,60.51
5.84537,8,0.5278,0.011,0.011,5.258,6.049,0.9875,0.00989,270.60,51.91,0.5622185199999999,0.7140175203999999,2.17,1.095882e-08,5.823846e-09,1.322677e-08,6.690203e-09,135.96,122.69,12846.03,11592.76,68.21,60.75
5.84563,8,0.5278,0.011,0.011,5.258,6.049,0.9875,0.00989,270.60,51.91,0.5622174799999999,0.7140161996,2.17,1.093045e-08,5.804832e-09,1.322219e-08,6.688124e-09,135.76,122.70,12827.46,11593.59,68.10,60.76
5.84588,8,0.5278,0.011,0.011,5.258,6.049,0.9875,0.00989,270.60,51.91,0.5622164799999999,0.7140149295999999,2.17,1.089205e-08,5.796996e-09,1.321272e-08,6.683332e-09,136.39,122.70,12886.99,11593.59,68.45,60.76
5.84612,8,0.5279,0.011,0.011,5.257,6.049,0.9875,0.00989,270.60,51.91,0.56221552,0.7140137104,2.17,1.087462e-08,5.786164e-09,1.319555e-08,6.682666e-09,136.34,123.02,12882.03,11624.01,68.42,60.94
5.84638,8,0.5279,0.011,0.011,5.257,6.049,0.9875,0.00989,270.60,51.91,0.56221448,0.7140123895999999,2.17,1.084309e-08,5.776995e-09,1.318934e-08,6.682584e-09,136.72,123.14,12918.38,11634.81,68.64,61.00
5.84663,8,0.5279,0.011,0.011,5.257,6.049,0.9875,0.00989,270.60,51.91,0.5622134799999999,0.7140111196,2.17,1.083681e-08,5.767501e-09,1.317976e-08,6.684006e-09,136.41,123.37,12888.98,11657.00,68.46,61.13
5.84687,8,0.5280,0.011,0.011,5.257,6.049,0.9875,0.00989,270.60,51.91,0.56221252,0.7140099004,2.17,1.08088e-08,5.763005e-09,1.318968e-08,6.684865e-09,136.97,123.24,12941.40,11644.46,68.77,61.06
5.84713,8,0.5280,0.011,0.011,5.257,6.049,0.9875,0.00989,270.60,51.91,0.56221148,0.7140085796,2.17,1.079628e-08,5.759769e-09,1.318461e-08,6.688437e-09,137.14,123.47,12957.97,11666.18,68.87,61.19
5.84738,8,0.5280,0.011,0.011,5.257,6.049,0.9875,0.00989,270.60,51.91,0.56221048,0.7140073095999999,2.17,1.078713e-08,5.755528e-09,1.318856e-08,6.694355e-09,137.18,123.62,12961.06,11680.04,68.89,61.27
5.84762,8,0.5281,0.011,0.011,5.257,6.049,0.9875,0.00989,270.61,51.91,0.5622095199999999,0.7140060903999998,2.17,1.078185e-08,5.750064e-09,1.31902e-08,6.700754e-09,137.07,123.85,12950.74,11702.00,68.83,61.40
5.84788,8,0.5281,0.011,0.011,5.257,6.049,0.9875,0.00989,270.61,51.91,0.56220848,0.7140047696,2.17,1.077259e-08,5.755367e-09,1.319905e-08,6.703537e-09,137.59,123.79,13000.31,11695.92,69.12,61.36
5.84812,8,0.5281,0.011,0.011,5.257,6.049,0.9875,0.00989,270.61,51.91,0.56220752,0.7140035504,2.17,1.077204e-08,5.756128e-09,1.320962e-08,6.715503e-09,137.65,124.03,13005.42,11719.32,69.16,61.50
5.84837,8,0.5282,0.011,0.011,5.257,6.049,0.9875,0.00989,270.61,51.91,0.5622065199999999,0.7140022803999999,2.17,1.076558e-08,5.764402e-09,1.321239e-08,6.723665e-09,138.28,124.31,13064.96,11745.54,69.51,61.66
5.84863,8,0.5282,0.011,0.011,5.257,6.049,0.9875,0.00989,270.61,51.91,0.5622054799999999,0.7140009595999999,2.17,1.077544e-08,5.767196e-09,1.32254e-08,6.733711e-09,138.15,124.44,13052.85,11757.72,69.44,61.73
5.84887,8,0.5282,0.011,0.011,5.257,6.049,0.9875,0.00989,270.61,51.91,0.56220452,0.7139997404,2.17,1.078543e-08,5.777666e-09,1.323747e-08,6.746458e-09,138.41,124.69,13077.80,11781.20,69.59,61.87
5.84912,8,0.5283,0.011,0.011,5.257,6.049,0.9875,0.00989,270.61,51.91,0.56220352,0.7139984704,2.17,1.079809e-08,5.789915e-09,1.326676e-08,6.756633e-09,138.72,124.53,13106.93,11766.55,69.76,61.78
5.84938,8,0.5283,0.011,0.011,5.257,6.049,0.9875,0.00989,270.61,51.91,0.56220248,0.7139971495999999,2.17,1.081408e-08,5.802707e-09,1.327746e-08,6.767574e-09,138.94,124.74,13127.51,11786.04,69.88,61.90
5.84962,8,0.5283,0.011,0.011,5.257,6.049,0.9875,0.00989,270.61,51.91,0.56220152,0.7139959304,2.17,1.084307e-08,5.818829e-09,1.330308e-08,6.784954e-09,138.97,124.90,13130.27,11801.37,69.90,61.99
5.84987,8,0.5284,0.011,0.011,5.257,6.049,0.9875,0.00989,270.61,51.91,0.56220052,0.7139946604,2.17,1.085801e-08,5.831067e-09,1.331061e-08,6.794545e-09,139.21,125.14,13153.30,11824.03,70.03,62.12
5.85013,8,0.5284,0.011,0.011,5.257,6.049,0.9875,0.00989,270.61,51.91,0.56219948,0.7139933396,2.17,1.088156e-08,5.848952e-09,1.334922e-08,6.811255e-09,139.48,125.03,13178.79,11813.41,70.19,62.06
5.85037,8,0.5285,0.011,0.011,5.257,6.049,0.9875,0.00989,270.61,51.91,0.5621985199999999,0.7139921203999999,2.17,1.091741e-08,5.862104e-09,1.336023e-08,6.828718e-09,139.19,125.50,13151.61,11857.64,70.02,62.32
5.85062,8,0.5285,0.011,0.011,5.257,6.049,0.9875,0.00989,270.61,51.91,0.56219752,0.7139908504,2.17,1.093627e-08,5.883446e-09,1.339412e-08,6.846028e-09,139.77,125.50,13205.97,11857.60,70.35,62.32
5.85088,8,0.5285,0.011,0.011,5.257,6.049,0.9875,0.00989,270.61,51.91,0.56219648,0.7139895296000001,2.17,1.096728e-08,5.902567e-09,1.341217e-08,6.860406e-09,139.89,125.69,13217.79,11875.84,70.42,62.43
5.85112,8,0.5286,0.011,0.011,5.256,6.049,0.9875,0.00989,270.61,51.91,0.56219552,0.7139883104,2.17,1.100858e-08,5.923103e-09,1.343635e-08,6.876088e-09,139.83,125.84,13212.12,11889.82,70.38,62.52
5.85137,8,0.5286,0.011,0.011,5.256,6.049,0.9875,0.00989,270.61,51.91,0.5621945199999999,0.7139870403999999,2.17,1.104497e-08,5.944104e-09,1.34587e-08,6.896389e-09,139.91,126.17,13218.96,11921.20,70.42,62.70
5.85163,8,0.5286,0.011,0.011,5.256,6.049,0.9875,0.00989,270.61,51.91,0.5621934799999999,0.7139857195999999,2.17,1.107787e-08,5.96402e-09,1.348003e-08,6.907093e-09,140.02,126.16,13229.58,11920.40,70.49,62.70
5.85187,8,0.5287,0.011,0.011,5.256,6.049,0.9875,0.00989,270.61,51.91,0.56219252,0.7139845003999999,2.17,1.111066e-08,5.98713e-09,1.35012e-08,6.917616e-09,140.32,126.17,13258.26,11921.51,70.66,62.70
5.85213,8,0.5287,0.011,0.011,5.256,6.049,0.9875,0.00989,270.61,51.91,0.56219148,0.7139831796,2.17,1.114928e-08,6.0067e-09,1.352106e-08,6.933771e-09,140.26,126.40,13252.32,11942.63,70.62,62.83
5.85238,8,0.5287,0.011,0.011,5.256,6.049,0.9875,0.00989,270.61,51.91,0.5621904799999999,0.7139819096,2.17,1.118337e-08,6.030186e-09,1.353445e-08,6.949241e-09,140.52,126.72,13276.76,11973.05,70.77,63.01
5.85262,8,0.5288,0.011,0.011,5.256,6.049,0.9875,0.00989,270.61,51.91,0.56218952,0.7139806904,2.17,1.120916e-08,6.055543e-09,1.354883e-08,6.954781e-09,141.12,126.67,13333.99,11968.80,71.11,62.98
5.85288,8,0.5288,0.011,0.011,5.256,6.049,0.9875,0.00989,270.61,51.91,0.56218848,0.7139793696,2.17,1.124974e-08,6.076208e-09,1.356949e-08,6.970129e-09,141.06,126.85,13327.99,11985.56,71.07,63.08
5.85313,8,0.5288,0.011,0.011,5.256,6.049,0.9875,0.00989,270.61,51.91,0.56218748,0.7139780995999999,2.17,1.127534e-08,6.087882e-09,1.357451e-08,6.979329e-09,140.95,127.10,13317.75,12008.98,71.01,63.22
5.85337,8,0.5289,0.011,0.011,5.256,6.049,0.9875,0.00989,270.61,51.91,0.5621865199999999,0.7139768803999998,2.17,1.130495e-08,6.106412e-09,1.359374e-08,6.986576e-09,141.11,127.02,13332.34,12001.92,71.10,63.18
5.85363,8,0.5289,0.011,0.011,5.256,6.049,0.9875,0.00989,270.61,51.91,0.5621854799999999,0.7139755595999999,2.17,1.132947e-08,6.123066e-09,1.359326e-08,6.996034e-09,141.28,127.39,13348.50,12036.27,71.19,63.39
5.85388,8,0.5289,0.011,0.011,5.256,6.049,0.9875,0.00989,270.61,51.91,0.56218448,0.7139742896,2.17,1.135329e-08,6.138913e-09,1.359602e-08,6.994842e-09,141.43,127.29,13362.58,12027.01,71.28,63.33
5.85412,8,0.5290,0.011,0.011,5.256,6.049,0.9875,0.00989,270.61,51.91,0.5621835199999999,0.7139730703999999,2.17,1.13705e-08,6.152856e-09,1.359391e-08,6.999533e-09,141.68,127.53,13387.08,12049.77,71.42,63.47
5.85438,8,0.5290,0.011,0.011,5.256,6.049,0.9875,0.00989,270.61,51.91,0.5621824799999999,0.7139717495999999,2.17,1.139395e-08,6.161815e-09,1.360088e-08,7.005207e-09,141.50,127.61,13369.44,12057.17,71.32,63.51
5.85463,8,0.5290,0.011,0.011,5.256,6.049,0.9875,0.00989,270.61,51.91,0.56218148,0.7139704796,2.17,1.140448e-08,6.171944e-09,1.359728e-08,7.000574e-09,141.72,127.50,13390.39,12047.31,71.44,63.45
5.85487,8,0.5291,0.011,0.011,5.256,6.049,0.9875,0.00989,270.61,51.91,0.56218052,0.7139692604,2.17,1.140923e-08,6.177614e-09,1.358464e-08,7.002323e-09,141.90,127.84,13407.58,12078.94,71.54,63.64
5.85513,8,0.5291,0.011,0.011,5.256,6.049,0.9874,0.00989,270.61,51.91,0.56217948,0.7139679395999999,2.17,1.141686e-08,6.184468e-09,1.357628e-08,6.998215e-09,142.02,127.83,13419.11,12078.44,71.61,63.64
5.85538,8,0.5291,0.011,0.011,5.256,6.049,0.9874,0.00989,270.61,51.91,0.5621784799999999,0.7139666695999999,2.17,1.141331e-08,6.191912e-09,1.356472e-08,6.997261e-09,142.49,128.02,13463.55,12096.29,71.88,63.74
5.85562,8,0.5292,0.011,0.011,5.256,6.049,0.9874,0.00989,270.61,51.91,0.56217752,0.7139654504,2.17,1.140553e-08,6.188999e-09,1.353501e-08,6.987233e-09,142.59,128.25,13472.32,12117.56,71.93,63.87
5.85588,8,0.5292,0.011,0.011,5.256,6.049,0.9874,0.00989,270.61,51.91,0.56217648,0.7139641296,2.17,1.139709e-08,6.187551e-09,1.352211e-08,6.981084e-09,142.74,128.27,13487.24,12119.39,72.02,63.88
5.85612,8,0.5292,0.011,0.011,5.256,6.049,0.9874,0.00989,270.61,51.91,0.5621755199999999,0.7139629103999999,2.17,1.139404e-08,6.179833e-09,1.350275e-08,6.971544e-09,142.44,128.29,13458.36,12121.02,71.85,63.89
5.85637,8,0.5293,0.011,0.011,5.255,6.049,0.9874,0.00989,270.61,51.91,0.56217452,0.7139616404,2.17,1.137159e-08,6.175209e-09,1.348405e-08,6.962726e-09,142.85,128.34,13496.97,12126.33,72.08,63.92
5.85663,8,0.5293,0.011,0.011,5.255,6.049,0.9874,0.00989,270.61,51.91,0.56217348,0.7139603196000001,2.17,1.135599e-08,6.16782e-09,1.345876e-08,6.95541e-09,142.90,128.56,13502.16,12147.06,72.11,64.04
5.85687,8,0.5293,0.011,0.011,5.255,6.049,0.9874,0.00989,270.61,51.91,0.56217252,0.7139591004,2.17,1.133777e-08,6.15621e-09,1.342301e-08,6.942945e-09,142.82,128.79,13493.94,12168.87,72.06,64.17
5.85712,8,0.5294,0.011,0.011,5.255,6.049,0.9874,0.00989,270.61,51.91,0.5621715199999999,0.7139578303999999,2.17,1.130636e-08,6.148837e-09,1.340903e-08,6.932968e-09,143.34,128.71,13543.15,12161.19,72.35,64.13
5.85738,8,0.5294,0.011,0.011,5.255,6.049,0.9874,0.00989,270.61,51.91,0.5621704799999999,0.7139565095999999,2.17,1.128703e-08,6.135824e-09,1.337329e-08,6.915515e-09,143.21,128.75,13531.06,12164.92,72.28,64.15
5.85762,8,0.5294,0.011,0.011,5.255,6.049,0.9874,0.00989,270.61,51.91,0.56216952,0.7139552903999999,2.17,1.125237e-08,6.118645e-09,1.334777e-08,6.899221e-09,143.29,128.63,13539.12,12153.62,72.33,64.08
5.85787,8,0.5295,0.011,0.011,5.255,6.049,0.9874,0.00989,270.61,51.91,0.56216852,0.7139540204,2.17,1.121973e-08,6.103248e-09,1.331332e-08,6.886562e-09,143.44,128.85,13553.12,12174.76,72.41,64.21
5.85813,8,0.5295,0.011,0.011,5.255,6.049,0.9874,0.00989,270.61,51.91,0.5621674799999999,0.7139526996,2.17,1.118752e-08,6.089279e-09,1.328276e-08,6.875665e-09,143.63,129.04,13570.48,12192.80,72.51,64.31
5.85837,8,0.5295,0.011,0.011,5.255,6.049,0.9874,0.00989,270.61,51.91,0.56216652,0.7139514804,2.17,1.115081e-08,6.074418e-09,1.326798e-08,6.859523e-09,143.89,128.71,13595.63,12161.59,72.66,64.13
5.85862,8,0.5296,0.011,0.011,5.255,6.049,0.9874,0.00989,270.61,51.91,0.56216552,0.7139502104,2.17,1.11207e-08,6.054997e-09,1.322253e-08,6.851694e-09,143.76,129.35,13583.32,12221.75,72.59,64.49
5.85888,8,0.5296,0.011,0.011,5.255,6.049,0.9874,0.00989,270.61,51.91,0.56216448,0.7139488895999999,2.17,1.108318e-08,6.035136e-09,1.320192e-08,6.836948e-09,143.79,129.19,13586.13,12206.68,72.60,64.40
5.85912,8,0.5297,0.011,0.011,5.255,6.049,0.9874,0.00989,270.61,51.91,0.5621635199999999,0.7139476704,2.17,1.104817e-08,6.018532e-09,1.317444e-08,6.826359e-09,143.95,129.36,13600.90,12222.51,72.69,64.49
5.85938,8,0.5297,0.011,0.011,5.255,6.049,0.9874,0.00989,270.61,51.91,0.5621624799999999,0.7139463495999999,2.17,1.101668e-08,5.998175e-09,1.314218e-08,6.810346e-09,143.78,129.39,13584.97,12225.13,72.60,64.51
5.85963,8,0.5297,0.011,0.011,5.255,6.049,0.9874,0.00989,270.61,51.91,0.56216148,0.7139450796,2.17,1.097726e-08,5.982751e-09,1.311895e-08,6.793909e-09,144.10,129.21,13615.13,12208.72,72.78,64.41
5.85987,8,0.5298,0.011,0.011,5.255,6.049,0.9874,0.00989,270.61,51.91,0.5621605199999999,0.7139438603999999,2.17,1.095284e-08,5.968901e-09,1.309651e-08,6.789235e-09,144.10,129.51,13614.99,12237.00,72.78,64.58
5.86013,8,0.5298,0.011,0.011,5.255,6.049,0.9874,0.00989,270.61,51.91,0.5621594799999999,0.7139425395999999,2.17,1.09168e-08,5.949758e-09,1.307336e-08,6.777429e-09,144.12,129.52,13617.50,12237.73,72.79,64.58
5.86038,8,0.5298,0.011,0.011,5.255,6.049,0.9874,0.00989,270.61,51.91,0.5621584799999999,0.7139412695999999,2.17,1.088036e-08,5.939663e-09,1.304461e-08,6.765999e-09,144.65,129.66,13666.88,12250.79,73.08,64.66
5.86062,8,0.5299,0.011,0.011,5.255,6.049,0.9874,0.00989,270.61,51.91,0.56215752,0.7139400504,2.17,1.085408e-08,5.920806e-09,1.302964e-08,6.757694e-09,144.43,129.66,13646.56,12251.07,72.96,64.66
5.86088,8,0.5299,0.011,0.011,5.255,6.049,0.9874,0.00990,270.61,51.91,0.56215648,0.7139387295999999,2.17,1.083493e-08,5.908775e-09,1.301211e-08,6.749105e-09,144.35,129.68,13638.52,12252.96,72.91,64.67
5.86113,8,0.5299,0.011,0.011,5.255,6.049,0.9874,0.00990,270.61,51.91,0.5621554799999999,0.7139374595999999,2.17,1.081488e-08,5.900045e-09,1.300036e-08,6.746613e-09,144.46,129.83,13649.73,12266.57,72.98,64.75
5.86137,8,0.5300,0.011,0.011,5.254,6.049,0.9874,0.00990,270.61,51.91,0.56215452,0.7139362404,2.17,1.078657e-08,5.890697e-09,1.299227e-08,6.73988e-09,144.82,129.75,13683.47,12259.30,73.18,64.71
5.86163,8,0.5300,0.011,0.011,5.254,6.049,0.9874,0.00990,270.61,51.91,0.56215348,0.7139349196,2.17,1.077101e-08,5.878949e-09,1.298822e-08,6.735134e-09,144.65,129.64,13666.82,12249.31,73.08,64.65
5.86188,8,0.5300,0.011,0.011,5.254,6.049,0.9874,0.00990,270.61,51.91,0.56215248,0.7139336495999999,2.17,1.076481e-08,5.874427e-09,1.297237e-08,6.732428e-09,144.58,129.86,13661.00,12270.18,73.05,64.77
5.86212,8,0.5301,0.011,0.011,5.254,6.049,0.9874,0.00990,270.61,51.91,0.5621515199999999,0.7139324303999999,2.17,1.074956e-08,5.865965e-09,1.297217e-08,6.726931e-09,144.60,129.67,13662.85,12252.07,73.06,64.67
5.86238,8,0.5301,0.011,0.011,5.254,6.049,0.9874,0.00990,270.61,51.91,0.56215048,0.7139311096000001,2.17,1.074292e-08,5.868704e-09,1.297006e-08,6.726627e-09,144.95,129.70,13695.54,12255.06,73.25,64.68
5.86263,8,0.5301,0.011,0.011,5.254,6.049,0.9874,0.00990,270.61,51.91,0.56214948,0.7139298396,2.17,1.073632e-08,5.863357e-09,1.297093e-08,6.734959e-09,144.85,130.02,13686.58,12284.92,73.20,64.86
5.86287,8,0.5302,0.011,0.011,5.254,6.049,0.9874,0.00990,270.61,51.91,0.5621485199999999,0.7139286203999999,2.17,1.073625e-08,5.863913e-09,1.297335e-08,6.734378e-09,144.91,129.97,13692.22,12280.27,73.23,64.83
5.86313,8,0.5302,0.011,0.011,5.254,6.049,0.9874,0.00990,270.61,51.91,0.5621474799999999,0.7139272995999999,2.17,1.073906e-08,5.863206e-09,1.298005e-08,6.73875e-09,144.79,130.01,13680.69,12283.66,73.16,64.85
5.86337,8,0.5302,0.011,0.011,5.254,6.049,0.9874,0.00990,270.61,51.91,0.56214652,0.7139260803999999,2.17,1.073952e-08,5.867573e-09,1.298809e-08,6.743259e-09,145.02,130.02,13701.86,12284.93,73.29,64.86
5.86362,8,0.5303,0.011,0.011,5.254,6.049,0.9874,0.00990,270.61,51.91,0.56214552,0.7139248104,2.17,1.074882e-08,5.874828e-09,1.299623e-08,6.75052e-09,145.16,130.17,13715.63,12298.75,73.37,64.94
5.86388,8,0.5303,0.011,0.011,5.254,6.049,0.9874,0.00990,270.61,51.91,0.56214448,0.7139234896,2.17,1.075654e-08,5.880696e-09,1.30132e-08,6.752047e-09,145.25,129.87,13724.12,12271.19,73.42,64.78
5.86412,8,0.5303,0.011,0.011,5.254,6.049,0.9874,0.00990,270.61,51.91,0.56214352,0.7139222704,2.17,1.078192e-08,5.890822e-09,1.3025e-08,6.765224e-09,145.05,130.16,13704.87,12297.84,73.31,64.94
5.86437,8,0.5304,0.011,0.011,5.254,6.049,0.9874,0.00990,270.61,51.91,0.56214252,0.7139210004,2.17,1.079626e-08,5.893634e-09,1.304332e-08,6.772233e-09,144.80,130.08,13681.75,12290.69,73.17,64.89
5.86463,8,0.5304,0.011,0.011,5.254,6.049,0.9874,0.00990,270.61,51.91,0.56214148,0.7139196796,2.17,1.081369e-08,5.907201e-09,1.306278e-08,6.786612e-09,145.02,130.25,13702.45,12306.82,73.29,64.99
5.86487,8,0.5304,0.011,0.011,5.254,6.049,0.9874,0.00990,270.61,51.91,0.5621405199999999,0.7139184604,2.17,1.082889e-08,5.92167e-09,1.307636e-08,6.791959e-09,145.36,130.18,13733.97,12300.38,73.48,64.95
5.86512,8,0.5305,0.011,0.011,5.254,6.049,0.9874,0.00990,270.61,51.91,0.56213952,0.7139171904,2.17,1.085551e-08,5.936978e-09,1.310439e-08,6.796584e-09,145.42,129.81,13740.39,12265.40,73.52,64.74
5.86538,8,0.5305,0.011,0.011,5.254,6.049,0.9874,0.00990,270.61,51.91,0.56213848,0.7139158696,2.17,1.088134e-08,5.945811e-09,1.311479e-08,6.813803e-09,145.14,130.28,13713.45,12309.78,73.36,65.01
5.86562,8,0.5305,0.011,0.011,5.254,6.049,0.9874,0.00990,270.61,51.91,0.56213752,0.7139146503999999,2.17,1.090159e-08,5.95672e-09,1.313707e-08,6.821603e-09,145.13,130.13,13712.65,12295.61,73.35,64.92
5.86587,8,0.5306,0.011,0.011,5.254,6.049,0.9874,0.00990,270.61,51.91,0.5621365199999999,0.7139133803999999,2.17,1.093085e-08,5.979975e-09,1.316342e-08,6.838371e-09,145.55,130.28,13752.08,12309.48,73.59,65.01
5.86613,8,0.5306,0.011,0.011,5.254,6.049,0.9874,0.00990,270.61,51.91,0.5621354799999999,0.7139120595999999,2.17,1.095738e-08,5.991818e-09,1.318457e-08,6.84909e-09,145.40,130.27,13738.56,12308.48,73.51,65.00
5.86637,8,0.5306,0.011,0.011,5.254,6.049,0.9874,0.00990,270.61,51.91,0.56213452,0.7139108404,2.17,1.09908e-08,6.009859e-09,1.321378e-08,6.856243e-09,145.39,129.95,13737.38,12278.59,73.50,64.82
5.86662,8,0.5307,0.011,0.011,5.253,6.049,0.9874,0.00990,270.61,51.91,0.5621335199999999,0.7139095703999999,2.17,1.10124e-08,6.024543e-09,1.322767e-08,6.872068e-09,145.57,130.32,13754.44,12312.99,73.60,65.03
5.86688,8,0.5307,0.011,0.011,5.253,6.049,0.9874,0.00990,270.61,51.91,0.5621324799999999,0.7139082495999999,2.17,1.104334e-08,6.038879e-09,1.324185e-08,6.879056e-09,145.44,130.30,13741.43,12311.58,73.52,65.02
5.86712,8,0.5307,0.011,0.011,5.253,6.049,0.9874,0.00990,270.61,51.91,0.56213152,0.7139070304,2.17,1.106217e-08,6.053325e-09,1.326277e-08,6.89843e-09,145.66,130.64,13762.25,12343.26,73.65,65.21
5.86738,8,0.5308,0.011,0.011,5.253,6.049,0.9874,0.00990,270.61,51.91,0.56213048,0.7139057096,2.17,1.108934e-08,6.064761e-09,1.327797e-08,6.90373e-09,145.50,130.56,13747.66,12335.88,73.56,65.16
5.86763,8,0.5308,0.011,0.011,5.253,6.049,0.9874,0.00990,270.61,51.91,0.56212948,0.7139044395999999,2.17,1.111264e-08,6.079695e-09,1.330845e-08,6.916116e-09,145.62,130.42,13758.60,12323.03,73.63,65.08
5.86787,8,0.5309,0.011,0.011,5.253,6.049,0.9874,0.00990,270.61,51.91,0.5621285199999999,0.7139032203999999,2.17,1.112957e-08,6.094642e-09,1.331733e-08,6.925711e-09,145.94,130.64,13789.59,12343.83,73.81,65.21
5.86813,8,0.5309,0.011,0.011,5.253,6.049,0.9874,0.00990,270.61,51.91,0.56212748,0.7139018996000001,2.17,1.115122e-08,6.103527e-09,1.332764e-08,6.934891e-09,145.79,130.79,13774.77,12358.01,73.72,65.29
5.86838,8,0.5309,0.011,0.011,5.253,6.049,0.9874,0.00990,270.61,51.91,0.56212648,0.7139006296,2.17,1.117076e-08,6.115926e-09,1.334283e-08,6.940057e-09,145.88,130.69,13783.26,12347.85,73.77,65.23
5.86862,8,0.5310,0.011,0.011,5.253,6.049,0.9874,0.00990,270.61,51.91,0.5621255199999999,0.7138994103999999,2.17,1.118911e-08,6.125905e-09,1.335236e-08,6.947358e-09,145.90,130.80,13785.52,12358.87,73.79,65.30
5.86888,8,0.5310,0.011,0.011,5.253,6.049,0.9874,0.00990,270.61,51.91,0.5621244799999999,0.7138980895999999,2.17,1.119261e-08,6.134085e-09,1.337164e-08,6.948425e-09,146.23,130.45,13816.70,12325.72,73.97,65.10
5.86913,8,0.5310,0.011,0.011,5.253,6.049,0.9874,0.00990,270.61,51.91,0.56212348,0.7138968196000001,2.17,1.119988e-08,6.138268e-09,1.336595e-08,6.953611e-09,146.24,130.77,13817.69,12355.84,73.98,65.28
5.86937,8,0.5311,0.011,0.011,5.253,6.049,0.9874,0.00990,270.61,51.91,0.56212252,0.7138956004,2.17,1.120486e-08,6.143053e-09,1.337375e-08,6.959637e-09,146.38,130.87,13830.53,12365.46,74.05,65.34
5.86963,8,0.5311,0.011,0.011,5.253,6.049,0.9874,0.00990,270.61,51.91,0.56212148,0.7138942796,2.17,1.120088e-08,6.140524e-09,1.337566e-08,6.960024e-09,146.36,130.85,13828.80,12363.21,74.04,65.32
5.86988,8,0.5311,0.011,0.011,5.253,6.049,0.9874,0.00990,270.61,51.91,0.5621204799999999,0.7138930095999999,2.17,1.119834e-08,6.141325e-09,1.338088e-08,6.963747e-09,146.48,130.89,13839.74,12366.93,74.11,65.34
5.87012,8,0.5312,0.011,0.011,5.253,6.049,0.9874,0.00990,270.61,51.91,0.56211952,0.7138917904,2.17,1.120116e-08,6.139119e-09,1.337413e-08,6.963097e-09,146.31,131.02,13823.64,12379.88,74.01,65.42
5.87038,8,0.5312,0.011,0.011,5.253,6.049,0.9874,0.00990,270.61,51.91,0.56211848,0.7138904696,2.17,1.119451e-08,6.134683e-09,1.336231e-08,6.961757e-09,146.26,131.21,13819.69,12397.76,73.99,65.53
5.87063,8,0.5312,0.011,0.011,5.253,6.049,0.9874,0.00990,270.61,51.91,0.56211748,0.7138891996,2.17,1.117639e-08,6.131128e-09,1.337009e-08,6.964756e-09,146.60,131.17,13851.56,12393.84,74.18,65.50
5.87087,8,0.5313,0.011,0.011,5.253,6.049,0.9874,0.00990,270.61,51.91,0.56211652,0.7138879804,2.17,1.115625e-08,6.12076e-09,1.335343e-08,6.9596e-09,146.66,131.34,13857.58,12409.29,74.21,65.60
5.87113,8,0.5313,0.011,0.011,5.253,6.049,0.9874,0.00990,270.61,51.91,0.56211548,0.7138866596,2.17,1.114039e-08,6.113028e-09,1.335162e-08,6.954922e-09,146.72,131.19,13862.45,12395.39,74.24,65.51
5.87137,8,0.5313,0.011,0.011,5.253,6.049,0.9874,0.00990,270.61,51.91,0.56211452,0.7138854403999999,2.17,1.111657e-08,6.099675e-09,1.333916e-08,6.95035e-09,146.70,131.26,13861.02,12402.53,74.23,65.56
5.87162,8,0.5314,0.011,0.011,5.252,6.049,0.9874,0.00990,270.61,51.91,0.5621135199999999,0.7138841704,2.17,1.108639e-08,6.088509e-09,1.333165e-08,6.948301e-09,147.02,131.36,13890.90,12411.82,74.41,65.61
5.87188,8,0.5314,0.011,0.011,5.252,6.049,0.9874,0.00990,270.61,51.91,0.5621124799999999,0.7138828495999999,2.17,1.105729e-08,6.076237e-09,1.330914e-08,6.94014e-09,147.22,131.50,13909.74,12425.17,74.52,65.69
5.87212,8,0.5314,0.011,0.011,5.252,6.049,0.9874,0.00990,270.61,51.91,0.56211152,0.7138816304,2.17,1.103075e-08,6.064202e-09,1.330511e-08,6.938065e-09,147.35,131.51,13922.73,12425.27,74.60,65.69
5.87237,8,0.5315,0.011,0.011,5.252,6.049,0.9874,0.00990,270.61,51.91,0.56211052,0.7138803603999999,2.17,1.100357e-08,6.048837e-09,1.328986e-08,6.931369e-09,147.36,131.58,13923.19,12432.32,74.60,65.73
5.87263,8,0.5315,0.011,0.011,5.252,6.049,0.9874,0.00990,270.61,51.91,0.5621094799999999,0.7138790396,2.17,1.098269e-08,6.036293e-09,1.32706e-08,6.925652e-09,147.30,131.75,13917.73,12448.58,74.57,65.83
5.87287,8,0.5315,0.011,0.011,5.252,6.049,0.9874,0.00990,270.61,51.91,0.56210852,0.7138778204,2.17,1.093593e-08,6.014761e-09,1.325784e-08,6.919249e-09,147.53,131.76,13939.18,12449.54,74.70,65.83
5.87312,8,0.5316,0.011,0.011,5.252,6.049,0.9874,0.00990,270.61,51.91,0.56210752,0.7138765504,2.17,1.09063e-08,5.995117e-09,1.324355e-08,6.911109e-09,147.37,131.76,13924.52,12449.31,74.61,65.83
5.87338,8,0.5316,0.011,0.011,5.252,6.049,0.9874,0.00990,270.61,51.91,0.56210648,0.7138752295999999,2.17,1.087523e-08,5.976615e-09,1.322727e-08,6.90485e-09,147.29,131.85,13917.16,12457.75,74.57,65.88
5.87362,8,0.5316,0.011,0.011,5.252,6.049,0.9874,0.00990,270.61,51.91,0.5621055199999999,0.7138740103999999,2.17,1.084387e-08,5.960318e-09,1.321921e-08,6.898218e-09,147.35,131.75,13922.03,12448.60,74.59,65.83
5.87387,8,0.5317,0.011,0.011,5.252,6.049,0.9874,0.00990,270.61,51.91,0.56210452,0.7138727404,2.17,1.081437e-08,5.948255e-09,1.320659e-08,6.890311e-09,147.60,131.72,13946.26,12445.95,74.74,65.81
5.87413,8,0.5317,0.011,0.011,5.252,6.049,0.9874,0.00990,270.61,51.91,0.56210348,0.7138714196,2.17,1.077488e-08,5.924977e-09,1.3188e-08,6.885649e-09,147.52,131.93,13938.12,12465.01,74.69,65.93
5.87437,8,0.5317,0.011,0.011,5.252,6.049,0.9874,0.00990,270.61,51.91,0.5621025199999999,0.7138702003999999,2.17,1.075131e-08,5.915386e-09,1.317742e-08,6.885345e-09,147.70,132.14,13955.78,12484.82,74.79,66.04
5.87462,8,0.5318,0.011,0.011,5.252,6.049,0.9874,0.00990,270.61,51.91,0.5621015199999999,0.7138689303999999,2.17,1.07234e-08,5.899297e-09,1.316456e-08,6.881344e-09,147.69,132.27,13954.55,12497.51,74.79,66.12
5.87488,8,0.5318,0.011,0.011,5.252,6.049,0.9874,0.00990,270.61,51.91,0.56210048,0.7138676096000001,2.17,1.069831e-08,5.883425e-09,1.315743e-08,6.873587e-09,147.58,132.11,13943.65,12482.18,74.72,66.03
5.87512,8,0.5318,0.011,0.011,5.252,6.049,0.9874,0.00990,270.61,51.91,0.56209952,0.7138663904,2.17,1.067682e-08,5.871469e-09,1.314616e-08,6.873102e-09,147.57,132.33,13942.92,12502.75,74.72,66.15
5.87538,8,0.5319,0.011,0.011,5.252,6.049,0.9874,0.00990,270.61,51.91,0.56209848,0.7138650696,2.17,1.066036e-08,5.862828e-09,1.314045e-08,6.871868e-09,147.62,132.42,13947.72,12511.79,74.75,66.20
5.87563,8,0.5319,0.011,0.011,5.252,6.049,0.9874,0.00990,270.61,51.91,0.5620974799999999,0.7138637995999999,2.17,1.062995e-08,5.852849e-09,1.314657e-08,6.86835e-09,148.00,132.15,13983.53,12486.18,74.96,66.05
5.87587,8,0.5320,0.011,0.011,5.252,6.049,0.9874,0.00990,270.61,51.91,0.56209652,0.7138625804,2.17,1.062144e-08,5.845059e-09,1.313657e-08,6.868432e-09,147.85,132.39,13969.65,12508.77,74.88,66.19
5.87613,8,0.5320,0.011,0.011,5.252,6.049,0.9874,0.00990,270.61,51.91,0.56209548,0.7138612596,2.17,1.061199e-08,5.84084e-09,1.31406e-08,6.867411e-09,147.91,132.26,13974.87,12496.84,74.91,66.11
5.87638,8,0.5320,0.011,0.011,5.252,6.049,0.9874,0.00990,270.61,51.91,0.56209448,0.7138599896,2.17,1.060471e-08,5.827312e-09,1.313898e-08,6.871495e-09,147.37,132.46,13924.27,12515.65,74.61,66.23
5.87662,8,0.5321,0.011,0.011,5.251,6.049,0.9874,0.00990,270.61,51.91,0.5620935199999999,0.7138587703999999,2.17,1.059059e-08,5.831116e-09,1.31497e-08,6.877338e-09,148.05,132.50,13988.46,12518.90,74.99,66.25
5.87688,8,0.5321,0.011,0.011,5.251,6.049,0.9874,0.00990,270.61,51.91,0.56209248,0.7138574496,2.17,1.059437e-08,5.828023e-09,1.315432e-08,6.883806e-09,147.76,132.66,13960.88,12534.37,74.82,66.34
5.87713,8,0.5321,0.011,0.011,5.251,6.049,0.9874,0.00990,270.61,51.91,0.56209148,0.7138561796,2.17,1.060041e-08,5.831643e-09,1.316105e-08,6.888709e-09,147.77,132.72,13962.46,12539.65,74.83,66.37
5.87737,8,0.5322,0.011,0.011,5.251,6.049,0.9874,0.00990,270.61,51.91,0.5620905199999999,0.7138549604,2.17,1.060911e-08,5.833236e-09,1.317541e-08,6.887548e-09,147.62,132.39,13948.11,12508.93,74.75,66.19
5.87763,8,0.5322,0.011,0.011,5.251,6.049,0.9874,0.00990,270.61,51.91,0.5620894799999999,0.7138536395999999,2.17,1.062019e-08,5.830702e-09,1.318081e-08,6.895086e-09,147.14,132.58,13902.42,12526.88,74.48,66.29
5.87788,8,0.5322,0.011,0.011,5.251,6.049,0.9874,0.00990,270.61,51.91,0.56208848,0.7138523696,2.17,1.063488e-08,5.844469e-09,1.31966e-08,6.900331e-09,147.46,132.46,13932.56,12515.42,74.65,66.22
5.87812,8,0.5323,0.011,0.011,5.251,6.049,0.9874,0.00990,270.61,51.91,0.56208752,0.7138511503999999,2.17,1.064557e-08,5.851902e-09,1.321241e-08,6.915867e-09,147.57,132.78,13943.42,12545.41,74.72,66.40
5.87838,8,0.5323,0.011,0.011,5.251,6.049,0.9874,0.00990,270.61,51.91,0.5620864799999999,0.7138498296,2.17,1.066624e-08,5.867236e-09,1.323434e-08,6.924633e-09,147.80,132.67,13964.41,12535.10,74.84,66.34
5.87863,8,0.5323,0.011,0.011,5.251,6.049,0.9874,0.00990,270.61,51.91,0.5620854799999999,0.7138485595999999,2.17,1.070235e-08,5.873644e-09,1.325096e-08,6.933766e-09,147.05,132.69,13893.68,12536.76,74.42,66.35
5.87887,8,0.5324,0.011,0.011,5.251,6.049,0.9874,0.00990,270.61,51.91,0.56208452,0.7138473404,2.17,1.072151e-08,5.887694e-09,1.328103e-08,6.941571e-09,147.27,132.39,13914.80,12509.14,74.55,66.19
5.87913,8,0.5324,0.011,0.011,5.251,6.049,0.9874,0.00990,270.61,51.91,0.56208348,0.7138460195999999,2.17,1.075512e-08,5.908861e-09,1.329004e-08,6.956193e-09,147.42,132.79,13928.97,12546.60,74.63,66.41
5.87937,8,0.5324,0.011,0.011,5.251,6.049,0.9874,0.00990,270.61,51.91,0.5620825199999999,0.7138448003999999,2.17,1.079404e-08,5.925929e-09,1.332452e-08,6.968187e-09,147.18,132.55,13906.50,12523.77,74.50,66.27
5.87962,8,0.5325,0.011,0.011,5.251,6.049,0.9874,0.00990,270.61,51.91,0.56208152,0.7138435304,2.17,1.083154e-08,5.945155e-09,1.334254e-08,6.981581e-09,147.14,132.73,13902.05,12541.07,74.47,66.38
5.87988,8,0.5325,0.011,0.011,5.251,6.049,0.9874,0.00990,270.61,51.91,0.56208048,0.7138422096,2.17,1.087376e-08,5.962976e-09,1.337376e-08,6.987226e-09,146.84,132.31,13874.45,12500.95,74.31,66.14
5.88012,8,0.5325,0.011,0.011,5.251,6.049,0.9874,0.00990,270.61,51.91,0.5620795199999999,0.7138409903999999,2.17,1.090949e-08,5.993833e-09,1.339963e-08,7.00101e-09,147.46,132.32,13932.42,12501.95,74.65,66.14
5.88037,8,0.5326,0.011,0.011,5.251,6.049,0.9874,0.00990,270.61,51.91,0.5620785199999999,0.7138397203999999,2.17,1.096058e-08,6.011113e-09,1.342925e-08,7.023349e-09,146.90,132.61,13879.74,12529.94,74.34,66.31
5.88063,8,0.5326,0.011,0.011,5.251,6.049,0.9874,0.00990,270.61,51.91,0.5620774799999999,0.7138383995999998,2.17,1.100035e-08,6.037477e-09,1.346311e-08,7.029144e-09,147.14,132.14,13902.96,12485.58,74.48,66.04
5.88087,8,0.5326,0.011,0.011,5.251,6.049,0.9874,0.00990,270.61,51.91,0.56207652,0.7138371804,2.17,1.105429e-08,6.060207e-09,1.349427e-08,7.046739e-09,146.78,132.20,13868.09,12490.50,74.27,66.07
5.88112,8,0.5327,0.011,0.011,5.251,6.049,0.9874,0.00990,270.61,51.91,0.5620755199999999,0.7138359103999999,2.17,1.110182e-08,6.08851e-09,1.352442e-08,7.059024e-09,146.92,132.08,13882.03,12480.04,74.35,66.01
5.88138,8,0.5327,0.011,0.011,5.251,6.049,0.9874,0.00990,270.61,51.91,0.5620744799999999,0.7138345895999999,2.17,1.11575e-08,6.112427e-09,1.355335e-08,7.074657e-09,146.57,132.11,13848.82,12482.01,74.15,66.02
5.88162,8,0.5327,0.011,0.011,5.251,6.049,0.9874,0.00990,270.61,51.91,0.56207352,0.7138333704000001,2.17,1.120792e-08,6.139127e-09,1.358189e-08,7.088026e-09,146.52,132.05,13844.22,12476.38,74.13,65.99
5.88187,8,0.5328,0.011,0.011,5.250,6.049,0.9874,0.00990,270.61,51.91,0.56207252,0.7138321004,2.17,1.125296e-08,6.167439e-09,1.360781e-08,7.105067e-09,146.74,132.21,13864.92,12491.64,74.25,66.08
5.88213,8,0.5328,0.011,0.011,5.250,6.049,0.9874,0.00990,270.61,51.91,0.56207148,0.7138307796,2.17,1.130882e-08,6.19683e-09,1.365199e-08,7.120574e-09,146.68,131.91,13858.86,12463.95,74.21,65.92
5.88237,8,0.5328,0.011,0.011,5.250,6.049,0.9874,0.00990,270.61,51.91,0.56207052,0.7138295604,2.17,1.135854e-08,6.222193e-09,1.367252e-08,7.130162e-09,146.58,131.87,13849.60,12459.86,74.16,65.89
5.88262,8,0.5329,0.011,0.011,5.250,6.049,0.9874,0.00990,270.61,51.91,0.56206952,0.7138282904,2.17,1.140944e-08,6.246756e-09,1.369499e-08,7.143937e-09,146.44,131.98,13835.94,12469.70,74.08,65.95
5.88288,8,0.5329,0.011,0.011,5.250,6.049,0.9874,0.00990,270.61,51.91,0.56206848,0.7138269696,2.17,1.146095e-08,6.27354e-09,1.373521e-08,7.159186e-09,146.36,131.75,13829.03,12448.87,74.04,65.83
5.88312,8,0.5329,0.011,0.011,5.250,6.049,0.9874,0.00990,270.61,51.91,0.5620675199999999,0.7138257504,2.17,1.151066e-08,6.299729e-09,1.375764e-08,7.16841e-09,146.31,131.66,13824.08,12439.92,74.01,65.77
5.88338,8,0.5330,0.011,0.011,5.250,6.049,0.9874,0.00990,270.61,51.91,0.5620664799999999,0.7138244295999999,2.17,1.156562e-08,6.320942e-09,1.377514e-08,7.178679e-09,145.89,131.73,13783.96,12446.42,73.77,65.81
5.88363,8,0.5330,0.011,0.011,5.250,6.049,0.9874,0.00990,270.61,51.91,0.56206548,0.7138231596,2.17,1.160739e-08,6.343497e-09,1.380955e-08,7.190675e-09,145.87,131.50,13782.65,12425.00,73.76,65.68
5.88387,8,0.5330,0.011,0.011,5.250,6.049,0.9874,0.00990,270.61,51.91,0.56206452,0.7138219403999999,2.17,1.164713e-08,6.368168e-09,1.38289e-08,7.197653e-09,146.02,131.38,13796.76,12413.86,73.84,65.62
5.88413,8,0.5331,0.011,0.011,5.250,6.049,0.9874,0.00990,270.61,51.91,0.56206348,0.7138206196,2.17,1.168847e-08,6.38471e-09,1.386232e-08,7.209993e-09,145.74,131.22,13770.50,12398.06,73.69,65.52
5.88438,8,0.5331,0.011,0.011,5.250,6.049,0.9874,0.00990,270.61,51.91,0.5620624799999999,0.7138193495999999,2.17,1.173057e-08,6.405215e-09,1.387174e-08,7.216006e-09,145.62,131.26,13758.71,12402.05,73.62,65.55
5.88462,8,0.5332,0.011,0.011,5.250,6.049,0.9874,0.00990,270.61,51.91,0.56206152,0.7138181304,2.17,1.175394e-08,6.429088e-09,1.390131e-08,7.223515e-09,146.20,130.99,13813.88,12376.26,73.94,65.39
5.88488,8,0.5332,0.011,0.011,5.250,6.049,0.9874,0.00990,270.61,51.91,0.56206048,0.7138168095999999,2.17,1.180032e-08,6.440879e-09,1.391312e-08,7.229777e-09,145.52,130.99,13749.90,12376.71,73.56,65.39
5.88513,8,0.5332,0.011,0.011,5.250,6.049,0.9874,0.00990,270.61,51.91,0.56205948,0.7138155396,2.17,1.18277e-08,6.460001e-09,1.392973e-08,7.238327e-09,145.73,130.99,13769.51,12376.42,73.68,65.39
5.88537,8,0.5333,0.011,0.011,5.250,6.049,0.9874,0.00990,270.61,51.91,0.56205852,0.7138143204,2.17,1.186278e-08,6.470214e-09,1.395809e-08,7.242828e-09,145.32,130.63,13730.25,12342.43,73.45,65.19
5.88563,8,0.5333,0.011,0.011,5.250,6.049,0.9874,0.00990,270.61,51.91,0.56205748,0.7138129996,2.17,1.187622e-08,6.485786e-09,1.396191e-08,7.252688e-09,145.72,130.92,13768.74,12370.36,73.68,65.36
5.88588,8,0.5333,0.011,0.011,5.250,6.049,0.9874,0.00990,270.61,51.91,0.56205648,0.7138117296,2.17,1.190529e-08,6.489546e-09,1.398622e-08,7.256732e-09,145.13,130.60,13712.34,12339.98,73.34,65.18
5.88612,8,0.5334,0.011,0.011,5.250,6.049,0.9874,0.00990,270.61,51.91,0.5620555199999999,0.7138105103999999,2.17,1.191879e-08,6.500143e-09,1.399788e-08,7.262053e-09,145.31,130.60,13729.95,12339.72,73.44,65.17
5.88638,8,0.5334,0.011,0.011,5.250,6.049,0.9874,0.00990,270.62,51.91,0.5620544799999999,0.7138091896,2.17,1.194055e-08,6.510186e-09,1.401669e-08,7.265956e-09,145.22,130.38,13721.49,12319.09,73.39,65.05
5.88663,8,0.5334,0.011,0.011,5.250,6.049,0.9874,0.00990,270.62,51.91,0.56205348,0.7138079196,2.17,1.195209e-08,6.516248e-09,1.403328e-08,7.276315e-09,145.21,130.45,13720.43,12325.28,73.39,65.09
5.88687,8,0.5335,0.011,0.011,5.249,6.049,0.9874,0.00990,270.62,51.91,0.5620525199999999,0.7138067003999999,2.17,1.197358e-08,6.52001e-09,1.405561e-08,7.276043e-09,144.85,130.03,13686.29,12286.03,73.18,64.85
5.88713,8,0.5335,0.011,0.011,5.249,6.049,0.9874,0.00990,270.62,51.91,0.5620514799999999,0.7138053795999999,2.17,1.197523e-08,6.527471e-09,1.406123e-08,7.279477e-09,145.17,130.05,13716.56,12287.87,73.36,64.87
5.88737,8,0.5335,0.011,0.011,5.249,6.049,0.9874,0.00990,270.62,51.91,0.56205052,0.7138041604,2.17,1.197543e-08,6.529016e-09,1.405981e-08,7.287459e-09,145.24,130.37,13723.20,12318.42,73.40,65.05
5.88762,8,0.5336,0.011,0.011,5.249,6.049,0.9874,0.00990,270.62,51.91,0.56204952,0.7138028904,2.17,1.199167e-08,6.531383e-09,1.408134e-08,7.293531e-09,144.95,130.21,13695.86,12302.91,73.24,64.95
5.88788,8,0.5336,0.011,0.011,5.249,6.049,0.9874,0.00990,270.62,51.91,0.56204848,0.7138015696,2.17,1.200335e-08,6.535028e-09,1.410962e-08,7.299315e-09,144.82,129.88,13683.37,12272.00,73.17,64.77
5.88812,8,0.5336,0.011,0.011,5.249,6.049,0.9874,0.00990,270.62,51.91,0.5620475199999999,0.7138003503999999,2.17,1.20061e-08,6.5364e-09,1.411922e-08,7.303214e-09,144.81,129.84,13682.79,12268.28,73.16,64.75
5.88837,8,0.5337,0.011,0.011,5.249,6.049,0.9874,0.00990,270.62,51.91,0.56204652,0.7137990804,2.17,1.201549e-08,6.540846e-09,1.412827e-08,7.303197e-09,144.81,129.70,13682.30,12254.25,73.16,64.66
5.88863,8,0.5337,0.011,0.011,5.249,6.049,0.9874,0.00990,270.62,51.91,0.56204548,0.7137977596,2.17,1.202156e-08,6.537002e-09,1.415799e-08,7.31508e-09,144.46,129.57,13649.54,12242.19,72.96,64.59
5.88887,8,0.5337,0.011,0.011,5.249,6.049,0.9874,0.00990,270.62,51.91,0.5620445199999999,0.7137965404,2.17,1.202436e-08,6.54271e-09,1.417505e-08,7.321945e-09,144.67,129.50,13668.71,12235.45,73.08,64.55
5.88912,8,0.5338,0.011,0.011,5.249,6.049,0.9874,0.00990,270.62,51.91,0.5620435199999999,0.7137952703999999,2.17,1.202863e-08,6.547469e-09,1.418888e-08,7.325246e-09,144.81,129.38,13682.43,12224.48,73.16,64.49
5.88938,8,0.5338,0.011,0.011,5.249,6.049,0.9874,0.00990,270.62,51.91,0.56204248,0.7137939496,2.17,1.204152e-08,6.547477e-09,1.421695e-08,7.33677e-09,144.47,129.27,13650.37,12214.27,72.97,64.43
5.88962,8,0.5338,0.011,0.011,5.249,6.049,0.9874,0.00990,270.62,51.91,0.56204152,0.7137927303999999,2.17,1.204407e-08,6.553035e-09,1.424225e-08,7.342013e-09,144.67,128.99,13669.44,12187.47,73.08,64.27
5.88987,8,0.5339,0.011,0.011,5.249,6.049,0.9874,0.00990,270.62,51.91,0.5620405199999999,0.7137914604,2.17,1.205802e-08,6.552898e-09,1.426247e-08,7.358319e-09,144.33,129.23,13636.73,12209.90,72.89,64.40
5.89013,8,0.5339,0.011,0.011,5.249,6.049,0.9874,0.00990,270.62,51.91,0.5620394799999999,0.7137901395999999,2.17,1.207532e-08,6.559916e-09,1.429678e-08,7.367394e-09,144.21,128.91,13625.88,12180.44,72.82,64.22
5.89037,8,0.5339,0.011,0.011,5.249,6.049,0.9874,0.00990,270.62,51.91,0.56203852,0.7137889204,2.17,1.20902e-08,6.567305e-09,1.432387e-08,7.387739e-09,144.18,129.14,13622.73,12202.20,72.80,64.35
5.89062,8,0.5340,0.011,0.011,5.249,6.049,0.9874,0.00990,270.62,51.91,0.56203752,0.7137876503999999,2.17,1.20961e-08,6.574412e-09,1.435534e-08,7.39467e-09,144.39,128.83,13643.01,12172.87,72.92,64.18
5.89088,8,0.5340,0.011,0.011,5.249,6.049,0.9874,0.00990,270.62,51.91,0.56203648,0.7137863296,2.17,1.212282e-08,6.579723e-09,1.439591e-08,7.416015e-09,143.95,128.85,13601.29,12174.38,72.68,64.19
5.89112,8,0.5340,0.011,0.011,5.249,6.049,0.9874,0.00990,270.62,51.91,0.56203552,0.7137851104,2.17,1.214436e-08,6.594506e-09,1.443395e-08,7.430217e-09,144.10,128.66,13615.26,12156.18,72.76,64.08
5.89138,8,0.5341,0.011,0.011,5.249,6.049,0.9874,0.00990,270.62,51.91,0.56203448,0.7137837896,2.17,1.217063e-08,6.600163e-09,1.446544e-08,7.454225e-09,143.72,128.96,13579.05,12184.72,72.54,64.25
5.89163,8,0.5341,0.011,0.011,5.249,6.049,0.9874,0.00990,270.62,51.91,0.56203348,0.7137825195999999,2.17,1.219502e-08,6.615787e-09,1.450684e-08,7.467716e-09,143.83,128.68,13589.81,12158.38,72.61,64.09
5.89187,8,0.5341,0.011,0.011,5.249,6.049,0.9874,0.00990,270.62,51.91,0.5620325199999999,0.7137813003999999,2.17,1.222536e-08,6.63317e-09,1.456035e-08,7.485432e-09,143.87,128.33,13593.95,12125.56,72.63,63.90
5.89213,8,0.5342,0.011,0.011,5.248,6.049,0.9874,0.00990,270.62,51.91,0.5620314799999999,0.7137799796,2.17,1.226187e-08,6.648567e-09,1.460433e-08,7.511815e-09,143.69,128.49,13576.80,12140.38,72.53,63.99
5.89238,8,0.5342,0.011,0.011,5.248,6.049,0.9874,0.00990,270.62,51.91,0.56203048,0.7137787096,2.17,1.229608e-08,6.664236e-09,1.465486e-08,7.531669e-09,143.56,128.27,13563.99,12120.05,72.45,63.86
5.89262,8,0.5342,0.011,0.011,5.248,6.049,0.9874,0.00990,270.62,51.91,0.56202952,0.7137774903999999,2.17,1.233362e-08,6.685747e-09,1.470395e-08,7.552391e-09,143.61,128.12,13569.15,12105.19,72.48,63.78
5.89288,8,0.5343,0.011,0.011,5.248,6.049,0.9874,0.00990,270.62,51.91,0.5620284799999999,0.7137761695999999,2.17,1.237708e-08,6.711331e-09,1.477209e-08,7.581975e-09,143.73,127.95,13580.64,12089.70,72.55,63.68
5.89313,8,0.5343,0.011,0.011,5.248,6.049,0.9874,0.00990,270.62,51.91,0.5620274799999999,0.7137748995999998,2.17,1.243377e-08,6.731466e-09,1.48121e-08,7.607739e-09,143.24,128.13,13534.07,12106.79,72.28,63.79
5.89337,8,0.5344,0.011,0.011,5.248,6.049,0.9874,0.00990,270.62,51.91,0.56202652,0.7137736804,2.17,1.247535e-08,6.759982e-09,1.487953e-08,7.640818e-09,143.55,128.10,13562.87,12104.00,72.45,63.77
5.89363,8,0.5344,0.011,0.011,5.248,6.049,0.9874,0.00990,270.62,51.91,0.56202548,0.7137723596,2.17,1.253413e-08,6.792154e-09,1.4936e-08,7.663643e-09,143.56,127.89,13564.27,12083.99,72.45,63.65
5.89388,8,0.5344,0.011,0.011,5.248,6.049,0.9874,0.00990,270.62,51.91,0.5620244799999999,0.7137710895999999,2.17,1.259951e-08,6.819136e-09,1.4993e-08,7.698311e-09,143.17,128.08,13527.69,12101.49,72.24,63.75
5.89412,8,0.5345,0.011,0.011,5.248,6.049,0.9874,0.00990,270.62,51.91,0.56202352,0.7137698704000001,2.17,1.265939e-08,6.852276e-09,1.506867e-08,7.731909e-09,143.23,127.92,13533.37,12086.87,72.27,63.67
5.89438,8,0.5345,0.011,0.011,5.248,6.049,0.9874,0.00990,270.62,51.91,0.56202248,0.7137685496,2.17,1.271976e-08,6.879743e-09,1.512885e-08,7.756955e-09,143.00,127.73,13511.07,12068.23,72.14,63.56
5.89462,8,0.5345,0.011,0.011,5.248,6.049,0.9874,0.00990,270.62,51.91,0.5620215199999999,0.7137673304,2.17,1.278901e-08,6.915094e-09,1.520617e-08,7.790561e-09,142.90,127.52,13502.12,12049.07,72.08,63.44
5.89487,8,0.5346,0.011,0.011,5.248,6.049,0.9874,0.00990,270.62,51.91,0.5620205199999999,0.7137660603999999,2.17,1.286158e-08,6.954091e-09,1.527778e-08,7.820742e-09,142.92,127.33,13503.62,12030.80,72.09,63.33
5.89513,8,0.5346,0.011,0.011,5.248,6.049,0.9874,0.00990,270.62,51.91,0.56201948,0.7137647396,2.17,1.293146e-08,6.988082e-09,1.534685e-08,7.849474e-09,142.75,127.11,13487.69,12010.03,72.00,63.21
5.89537,8,0.5346,0.011,0.011,5.248,6.049,0.9874,0.00990,270.62,51.91,0.56201852,0.7137635204,2.17,1.302068e-08,7.023684e-09,1.540865e-08,7.890232e-09,142.19,127.41,13435.20,12038.60,71.69,63.38
5.89562,8,0.5347,0.011,0.011,5.248,6.049,0.9874,0.00990,270.62,51.91,0.5620175199999999,0.7137622504,2.17,1.309622e-08,7.06599e-09,1.54832e-08,7.923202e-09,142.29,127.27,13444.14,12024.67,71.74,63.30
5.89588,8,0.5347,0.011,0.011,5.248,6.049,0.9874,0.00990,270.62,51.91,0.5620164799999999,0.7137609295999999,2.17,1.316772e-08,7.105075e-09,1.555365e-08,7.957299e-09,142.31,127.20,13446.23,12018.62,71.75,63.26
5.89612,8,0.5347,0.011,0.011,5.248,6.049,0.9874,0.00990,270.62,51.91,0.56201552,0.7137597104,2.17,1.324718e-08,7.140747e-09,1.561867e-08,7.989599e-09,142.00,127.17,13416.83,12015.65,71.58,63.24
5.89637,8,0.5348,0.011,0.011,5.248,6.049,0.9874,0.00990,270.62,51.91,0.56201452,0.7137584403999999,2.17,1.333634e-08,7.190693e-09,1.569881e-08,8.019573e-09,142.11,126.84,13426.98,11984.18,71.64,63.05
5.89663,8,0.5348,0.011,0.011,5.248,6.049,0.9874,0.00990,270.62,51.91,0.56201348,0.7137571196,2.17,1.341541e-08,7.231251e-09,1.577049e-08,8.060988e-09,142.02,126.99,13418.62,11998.78,71.59,63.14
5.89687,8,0.5348,0.011,0.011,5.248,6.049,0.9874,0.00990,270.62,51.91,0.56201252,0.7137559004,2.17,1.350405e-08,7.276415e-09,1.584706e-08,8.098934e-09,141.91,126.95,13408.17,11995.17,71.52,63.12
5.89712,8,0.5349,0.011,0.011,5.247,6.049,0.9874,0.00990,270.62,51.91,0.56201152,0.7137546304,2.17,1.357723e-08,7.315568e-09,1.591155e-08,8.129454e-09,141.92,126.90,13409.57,11990.06,71.53,63.09
5.89738,8,0.5349,0.011,0.011,5.247,6.049,0.9874,0.00990,270.62,51.91,0.56201048,0.7137533095999999,2.17,1.365851e-08,7.354191e-09,1.598978e-08,8.1636e-09,141.71,126.71,13389.15,11972.60,71.41,62.98
5.89762,8,0.5349,0.011,0.011,5.247,6.049,0.9874,0.00990,270.62,51.91,0.5620095199999999,0.7137520903999999,2.17,1.375437e-08,7.399469e-09,1.605165e-08,8.193361e-09,141.44,126.66,13364.36,11967.14,71.26,62.95
5.89787,8,0.5350,0.011,0.011,5.247,6.049,0.9874,0.00990,270.62,51.91,0.56200852,0.7137508204,2.17,1.384275e-08,7.443825e-09,1.613395e-08,8.22906e-09,141.34,126.48,13354.47,11950.66,71.20,62.85
5.89813,8,0.5350,0.011,0.011,5.247,6.049,0.9874,0.00990,270.62,51.91,0.56200748,0.7137494996,2.17,1.391374e-08,7.478326e-09,1.619251e-08,8.260273e-09,141.19,126.52,13340.30,11954.64,71.12,62.88
5.89837,8,0.5350,0.011,0.011,5.247,6.049,0.9874,0.00990,270.62,51.91,0.56200652,0.7137482803999999,2.17,1.399527e-08,7.526161e-09,1.625859e-08,8.289714e-09,141.35,126.39,13355.70,11942.08,71.21,62.80
5.89863,8,0.5351,0.011,0.011,5.247,6.049,0.9874,0.00991,270.62,51.91,0.56200548,0.7137469595999999,2.17,1.408227e-08,7.560919e-09,1.632532e-08,8.317681e-09,140.89,126.23,13312.38,11926.60,70.95,62.71
5.89888,8,0.5351,0.011,0.011,5.247,6.049,0.9874,0.00991,270.62,51.91,0.5620044799999999,0.7137456896,2.17,1.416197e-08,7.599676e-09,1.637838e-08,8.350658e-09,140.73,126.41,13297.14,11943.93,70.86,62.81
5.89912,8,0.5351,0.011,0.011,5.247,6.049,0.9874,0.00991,270.62,51.91,0.56200352,0.7137444704,2.17,1.424552e-08,7.636837e-09,1.644037e-08,8.381897e-09,140.43,126.40,13268.36,11942.86,70.69,62.81
5.89938,8,0.5352,0.011,0.011,5.247,6.049,0.9874,0.00991,270.62,51.91,0.56200248,0.7137431496,2.17,1.430624e-08,7.672885e-09,1.650844e-08,8.409217e-09,140.59,126.20,13283.89,11923.73,70.78,62.69
5.89963,8,0.5352,0.011,0.011,5.247,6.049,0.9874,0.00991,270.62,51.91,0.5620014799999999,0.7137418795999999,2.17,1.438622e-08,7.707974e-09,1.65765e-08,8.429775e-09,140.29,125.77,13254.94,11883.18,70.61,62.45
5.89987,8,0.5352,0.011,0.011,5.247,6.049,0.9874,0.00991,270.62,51.91,0.56200052,0.7137406604000001,2.17,1.44544e-08,7.741591e-09,1.662585e-08,8.464262e-09,140.17,126.05,13244.20,11910.07,70.55,62.61
5.90013,8,0.5353,0.011,0.011,5.247,6.049,0.9874,0.00991,270.62,51.91,0.56199948,0.7137393396,2.17,1.451849e-08,7.765288e-09,1.666769e-08,8.484054e-09,139.79,126.03,13207.75,11907.98,70.33,62.60
5.90038,8,0.5353,0.011,0.011,5.247,6.049,0.9874,0.00991,270.62,51.91,0.56199848,0.7137380696,2.17,1.458554e-08,7.802924e-09,1.673799e-08,8.505584e-09,139.86,125.60,13214.21,11867.48,70.37,62.36
5.90062,8,0.5353,0.011,0.011,5.247,6.049,0.9874,0.00991,270.62,51.91,0.5619975199999999,0.7137368503999999,2.17,1.464349e-08,7.834321e-09,1.676777e-08,8.531413e-09,139.87,125.92,13215.64,11897.81,70.38,62.54
5.90088,8,0.5354,0.011,0.011,5.247,6.049,0.9874,0.00991,270.62,51.91,0.5619964799999999,0.7137355295999999,2.17,1.471003e-08,7.863593e-09,1.682711e-08,8.548511e-09,139.65,125.55,13195.28,11863.04,70.26,62.33
5.90113,8,0.5354,0.011,0.011,5.247,6.049,0.9874,0.00991,270.62,51.91,0.56199548,0.7137342596,2.17,1.476111e-08,7.88936e-09,1.687788e-08,8.571968e-09,139.60,125.49,13189.75,11856.47,70.22,62.29
5.90137,8,0.5355,0.011,0.011,5.247,6.049,0.9874,0.00991,270.62,51.91,0.5619945199999999,0.7137330404,2.17,1.48127e-08,7.911823e-09,1.690906e-08,8.59462e-09,139.43,125.71,13173.94,11877.83,70.13,62.42
5.90163,8,0.5355,0.011,0.011,5.247,6.049,0.9874,0.00991,270.62,51.91,0.5619934799999999,0.7137317195999999,2.17,1.487466e-08,7.929322e-09,1.696815e-08,8.606912e-09,138.84,125.19,13118.55,11828.24,69.80,62.12
5.90188,8,0.5355,0.011,0.011,5.247,6.049,0.9874,0.00991,270.62,51.91,0.56199248,0.7137304496,2.17,1.491503e-08,7.957953e-09,1.699736e-08,8.632198e-09,139.11,125.50,13143.71,11857.42,69.95,62.30
5.90212,8,0.5356,0.011,0.011,5.246,6.049,0.9874,0.00991,270.62,51.91,0.56199152,0.7137292303999999,2.17,1.498156e-08,7.978304e-09,1.704563e-08,8.649854e-09,138.57,125.32,13092.87,11840.56,69.65,62.20
5.90238,8,0.5356,0.011,0.011,5.246,6.049,0.9874,0.00991,270.62,51.91,0.56199048,0.7137279096,2.17,1.501446e-08,7.996875e-09,1.708553e-08,8.66668e-09,138.61,125.22,13096.55,11831.08,69.67,62.14
5.90262,8,0.5356,0.011,0.011,5.246,6.049,0.9874,0.00991,270.62,51.91,0.5619895199999999,0.7137266903999999,2.17,1.507803e-08,8.01775e-09,1.714034e-08,8.681739e-09,138.13,124.84,13051.34,11795.94,69.40,61.93
5.90287,8,0.5357,0.011,0.011,5.246,6.049,0.9874,0.00991,270.62,51.91,0.56198852,0.7137254204,2.17,1.510963e-08,8.037625e-09,1.716562e-08,8.700025e-09,138.27,125.03,13064.44,11813.23,69.48,62.03
5.90313,8,0.5357,0.011,0.011,5.246,6.049,0.9874,0.00991,270.62,51.91,0.56198748,0.7137240995999999,2.17,1.515287e-08,8.050484e-09,1.722569e-08,8.717783e-09,137.90,124.66,13029.36,11778.47,69.27,61.83
5.90337,8,0.5357,0.011,0.011,5.246,6.049,0.9874,0.00991,270.62,51.91,0.5619865199999999,0.7137228803999999,2.17,1.519938e-08,8.074219e-09,1.725502e-08,8.734779e-09,137.86,124.72,13026.01,11784.35,69.25,61.86
5.90362,8,0.5358,0.011,0.011,5.246,6.049,0.9874,0.00991,270.62,51.91,0.5619855199999999,0.7137216103999999,2.17,1.523422e-08,8.092533e-09,1.729208e-08,8.74523e-09,137.88,124.51,13027.77,11763.91,69.26,61.74
5.90388,8,0.5358,0.011,0.011,5.246,6.049,0.9874,0.00991,270.62,51.91,0.56198448,0.7137202896,2.17,1.529367e-08,8.105157e-09,1.73318e-08,8.766864e-09,137.20,124.55,12963.10,11768.11,68.87,61.77
5.90412,8,0.5358,0.011,0.011,5.246,6.049,0.9874,0.00991,270.62,51.91,0.56198352,0.7137190703999999,2.17,1.533808e-08,8.119292e-09,1.737585e-08,8.781774e-09,136.86,124.34,12931.25,11748.15,68.68,61.65
5.90437,8,0.5359,0.011,0.011,5.246,6.049,0.9874,0.00991,270.62,51.91,0.5619825199999999,0.7137178003999999,2.17,1.537681e-08,8.143397e-09,1.741574e-08,8.800836e-09,137.01,124.33,12945.83,11747.38,68.77,61.64
5.90463,8,0.5359,0.011,0.011,5.246,6.049,0.9874,0.00991,270.62,51.91,0.5619814799999999,0.7137164796,2.17,1.542804e-08,8.154032e-09,1.745733e-08,8.8234e-09,136.43,124.37,12890.39,11751.55,68.44,61.67
5.90487,8,0.5359,0.011,0.011,5.246,6.049,0.9874,0.00991,270.62,51.91,0.56198052,0.7137152604,2.17,1.546404e-08,8.176642e-09,1.750509e-08,8.828838e-09,136.55,123.84,12902.39,11701.43,68.51,61.37
5.90512,8,0.5360,0.011,0.011,5.246,6.049,0.9874,0.00991,270.62,51.91,0.56197952,0.7137139903999999,2.17,1.552069e-08,8.194434e-09,1.753531e-08,8.852973e-09,136.15,124.12,12864.28,11727.38,68.28,61.52
5.90538,8,0.5360,0.011,0.011,5.246,6.049,0.9874,0.00991,270.62,51.91,0.56197848,0.7137126695999999,2.17,1.557088e-08,8.219345e-09,1.76005e-08,8.873405e-09,136.10,123.77,12859.02,11694.16,68.25,61.32
5.90562,8,0.5360,0.011,0.011,5.246,6.049,0.9874,0.00991,270.62,51.91,0.56197752,0.7137114504000001,2.17,1.562208e-08,8.234831e-09,1.765077e-08,8.888723e-09,135.69,123.49,12820.96,11667.62,68.03,61.17
5.90587,8,0.5361,0.011,0.011,5.246,6.049,0.9874,0.00991,270.62,51.91,0.56197652,0.7137101804,2.17,1.567896e-08,8.263942e-09,1.769744e-08,8.909259e-09,135.69,123.43,12820.49,11661.98,68.02,61.13
5.90613,8,0.5361,0.011,0.011,5.246,6.049,0.9874,0.00991,270.62,51.91,0.56197548,0.7137088596,2.17,1.575167e-08,8.281923e-09,1.775561e-08,8.931549e-09,134.99,123.23,12754.25,11643.62,67.63,61.02
5.90637,8,0.5361,0.011,0.011,5.246,6.049,0.9874,0.00991,270.62,51.91,0.5619745199999999,0.7137076403999999,2.17,1.579541e-08,8.307092e-09,1.781269e-08,8.960069e-09,135.06,123.23,12761.28,11643.11,67.67,61.02
5.90663,8,0.5362,0.011,0.011,5.246,6.049,0.9874,0.00991,270.62,51.91,0.5619734799999999,0.7137063195999999,2.17,1.584168e-08,8.334285e-09,1.785281e-08,8.984858e-09,135.18,123.38,12772.91,11657.31,67.74,61.10
5.90688,8,0.5362,0.011,0.011,5.246,6.049,0.9874,0.00991,270.62,51.91,0.56197248,0.7137050496,2.17,1.591784e-08,8.353691e-09,1.791864e-08,8.996657e-09,134.48,122.79,12706.59,11601.93,67.35,60.78
5.90712,8,0.5362,0.011,0.011,5.246,6.049,0.9874,0.00991,270.62,51.91,0.56197152,0.7137038304,2.17,1.59913e-08,8.390595e-09,1.797495e-08,9.027709e-09,134.43,122.87,12701.34,11609.11,67.31,60.82
5.90738,8,0.5363,0.011,0.011,5.245,6.049,0.9874,0.00991,270.62,51.91,0.5619704799999999,0.7137025095999999,2.17,1.606088e-08,8.423673e-09,1.804777e-08,9.046802e-09,134.34,122.41,12692.83,11566.38,67.26,60.56
5.90763,8,0.5363,0.011,0.011,5.245,6.049,0.9874,0.00991,270.62,51.91,0.5619694799999999,0.7137012395999999,2.17,1.612477e-08,8.443827e-09,1.809796e-08,9.081743e-09,133.89,122.68,12650.75,11591.42,67.01,60.71
5.90787,8,0.5363,0.011,0.011,5.245,6.049,0.9874,0.00991,270.62,51.91,0.56196852,0.7137000204,2.17,1.621598e-08,8.48402e-09,1.817539e-08,9.107763e-09,133.64,122.33,12627.10,11558.72,66.87,60.52
5.90813,8,0.5364,0.011,0.011,5.245,6.049,0.9874,0.00991,270.62,51.91,0.56196748,0.7136986996,2.17,1.62898e-08,8.515206e-09,1.824934e-08,9.138081e-09,133.42,122.18,12606.37,11543.81,66.75,60.43
5.90838,8,0.5364,0.011,0.011,5.245,6.049,0.9874,0.00991,270.62,51.91,0.5619664799999999,0.7136974295999999,2.17,1.63691e-08,8.547738e-09,1.831079e-08,9.165659e-09,133.13,122.09,12578.86,11535.76,66.59,60.38
5.90862,8,0.5364,0.011,0.011,5.245,6.049,0.9874,0.00991,270.62,51.91,0.56196552,0.7136962104,2.17,1.64554e-08,8.58503e-09,1.838066e-08,9.198452e-09,132.88,122.03,12555.07,11530.29,66.44,60.35
5.90888,8,0.5365,0.011,0.011,5.245,6.049,0.9874,0.00991,270.62,51.91,0.56196448,0.7136948896,2.17,1.653351e-08,8.625208e-09,1.846159e-08,9.231602e-09,132.89,121.86,12555.67,11514.09,66.45,60.25
5.90913,8,0.5365,0.011,0.011,5.245,6.049,0.9874,0.00991,270.62,51.91,0.56196348,0.7136936196,2.17,1.662602e-08,8.659605e-09,1.854284e-08,9.257739e-09,132.44,121.48,12513.79,11478.15,66.20,60.04
5.90937,8,0.5365,0.011,0.011,5.245,6.049,0.9874,0.00991,270.62,51.91,0.5619625199999999,0.7136924003999999,2.17,1.67056e-08,8.705992e-09,1.862437e-08,9.292233e-09,132.60,121.32,12528.62,11462.85,66.29,59.95
5.90963,8,0.5366,0.011,0.011,5.245,6.049,0.9874,0.00991,270.62,51.91,0.56196148,0.7136910796,2.17,1.679237e-08,8.743842e-09,1.868926e-08,9.321116e-09,132.39,121.25,12508.94,11456.42,66.17,59.91
5.90988,8,0.5366,0.011,0.011,5.245,6.049,0.9874,0.00991,270.62,51.91,0.56196048,0.7136898096,2.17,1.689785e-08,8.785245e-09,1.877657e-08,9.355578e-09,131.97,121.02,12468.90,11434.27,65.93,59.78
5.91012,8,0.5366,0.011,0.011,5.245,6.049,0.9874,0.00991,270.62,51.91,0.5619595199999999,0.7136885903999999,2.17,1.698672e-08,8.824959e-09,1.884748e-08,9.386824e-09,131.77,120.91,12449.83,11424.36,65.82,59.72
5.91038,8,0.5367,0.011,0.011,5.245,6.049,0.9874,0.00991,270.62,51.91,0.5619584799999999,0.7136872696,2.17,1.707603e-08,8.872905e-09,1.894083e-08,9.422903e-09,131.84,120.67,12456.67,11401.39,65.86,59.58
5.91062,8,0.5367,0.011,0.011,5.245,6.049,0.9874,0.00991,270.62,51.91,0.56195752,0.7136860504,2.17,1.718345e-08,8.908426e-09,1.901792e-08,9.454078e-09,131.22,120.49,12397.87,11384.19,65.51,59.48
5.91087,8,0.5367,0.011,0.011,5.245,6.049,0.9874,0.00991,270.62,51.91,0.56195652,0.7136847803999999,2.17,1.72757e-08,8.959594e-09,1.910007e-08,9.487191e-09,131.32,120.29,12407.48,11365.79,65.56,59.37
5.91113,8,0.5368,0.011,0.011,5.245,6.049,0.9874,0.00991,270.62,51.91,0.56195548,0.7136834595999999,2.17,1.736744e-08,9.001473e-09,1.917888e-08,9.520967e-09,131.17,120.18,12393.49,11355.18,65.48,59.31
5.91137,8,0.5368,0.011,0.011,5.245,6.049,0.9874,0.00991,270.62,51.91,0.56195452,0.7136822404000001,2.17,1.747889e-08,9.038851e-09,1.925864e-08,9.560159e-09,130.56,120.17,12335.74,11354.23,65.14,59.30
5.91162,8,0.5368,0.011,0.011,5.245,6.049,0.9874,0.00991,270.62,51.91,0.56195352,0.7136809704,2.17,1.756722e-08,9.081127e-09,1.933945e-08,9.592706e-09,130.46,119.98,12326.17,11336.47,65.08,59.19
5.91188,8,0.5369,0.011,0.011,5.245,6.049,0.9874,0.00991,270.62,51.91,0.56195248,0.7136796496,2.17,1.767308e-08,9.125881e-09,1.942153e-08,9.61831e-09,130.19,119.63,12300.65,11303.35,64.93,59.00
5.91212,8,0.5369,0.011,0.011,5.245,6.049,0.9874,0.00991,270.62,51.91,0.5619515199999999,0.7136784303999999,2.17,1.775818e-08,9.160669e-09,1.950676e-08,9.655417e-09,129.92,119.51,12275.29,11291.53,64.78,58.93
5.91237,8,0.5369,0.011,0.011,5.245,6.049,0.9874,0.00991,270.62,51.91,0.56195052,0.7136771604000001,2.17,1.785018e-08,9.20727e-09,1.957893e-08,9.680058e-09,129.89,119.24,12272.93,11265.99,64.76,58.77
5.91263,8,0.5370,0.011,0.011,5.244,6.049,0.9874,0.00991,270.62,51.91,0.56194948,0.7136758396,2.17,1.793176e-08,9.241915e-09,1.964884e-08,9.715317e-09,129.70,119.27,12254.85,11269.69,64.66,58.80
5.91287,8,0.5370,0.011,0.011,5.244,6.049,0.9874,0.00991,270.62,51.91,0.56194852,0.7136746204,2.17,1.801519e-08,9.281774e-09,1.973026e-08,9.747311e-09,129.61,119.08,12246.30,11250.82,64.60,58.68
5.91312,8,0.5371,0.011,0.011,5.244,6.049,0.9874,0.00991,270.62,51.91,0.5619475199999999,0.7136733503999999,2.17,1.809781e-08,9.311294e-09,1.981548e-08,9.779635e-09,129.26,118.86,12213.28,11230.72,64.41,58.56
5.91338,8,0.5371,0.011,0.011,5.244,6.049,0.9874,0.00991,270.62,51.91,0.5619464799999999,0.7136720295999999,2.17,1.818226e-08,9.34702e-09,1.989479e-08,9.801905e-09,129.04,118.46,12192.53,11192.68,64.28,58.34
5.91362,8,0.5371,0.011,0.011,5.244,6.049,0.9874,0.00991,270.62,51.91,0.56194552,0.7136708104,2.17,1.82717e-08,9.378e-09,1.994695e-08,9.821989e-09,128.62,118.33,12152.53,11180.08,64.05,58.26
5.91387,8,0.5372,0.011,0.011,5.244,6.049,0.9874,0.00991,270.62,51.91,0.56194452,0.7136695404,2.17,1.833998e-08,9.415079e-09,2.001356e-08,9.853924e-09,128.70,118.33,12160.19,11180.23,64.09,58.26
5.91413,8,0.5372,0.011,0.011,5.244,6.049,0.9874,0.00991,270.62,51.91,0.5619434799999999,0.7136682195999999,2.17,1.840499e-08,9.443855e-09,2.008277e-08,9.872564e-09,128.57,117.96,12148.04,11145.90,64.02,58.06
5.91437,8,0.5372,0.011,0.011,5.244,6.049,0.9874,0.00991,270.62,51.91,0.56194252,0.7136670004,2.17,1.84677e-08,9.464437e-09,2.014579e-08,9.910713e-09,128.25,118.13,12117.55,11161.78,63.84,58.15
5.91463,8,0.5373,0.011,0.011,5.244,6.049,0.9874,0.00991,270.62,51.91,0.56194148,0.7136656796,2.17,1.853848e-08,9.495447e-09,2.020794e-08,9.918764e-09,128.13,117.63,12106.04,11114.19,63.77,57.87
5.91488,8,0.5373,0.011,0.011,5.244,6.049,0.9874,0.00991,270.62,51.91,0.56194048,0.7136644096,2.17,1.859987e-08,9.519248e-09,2.026716e-08,9.940325e-09,127.92,117.45,12086.14,11097.73,63.65,57.77
5.91512,8,0.5373,0.011,0.011,5.244,6.049,0.9874,0.00991,270.62,51.91,0.5619395199999999,0.7136631903999999,2.17,1.866702e-08,9.532736e-09,2.031197e-08,9.95586e-09,127.34,117.31,12032.16,11083.65,63.33,57.69
5.91538,8,0.5374,0.011,0.011,5.244,6.049,0.9874,0.00991,270.62,51.91,0.5619384799999999,0.7136618695999999,2.17,1.871061e-08,9.559715e-09,2.036546e-08,9.97821e-09,127.50,117.24,12046.55,11077.29,63.42,57.65
5.91563,8,0.5374,0.011,0.011,5.244,6.049,0.9874,0.00991,270.62,51.91,0.56193748,0.7136605996,2.17,1.875674e-08,9.577658e-09,2.040545e-08,9.997404e-09,127.34,117.23,12032.10,11076.42,63.33,57.65
5.91587,8,0.5374,0.011,0.011,5.244,6.049,0.9874,0.00991,270.62,51.91,0.5619365199999999,0.7136593804,2.17,1.879375e-08,9.592163e-09,2.044892e-08,1.001086e-08,127.22,117.05,12020.85,11059.44,63.26,57.54
5.91613,8,0.5375,0.011,0.011,5.244,6.049,0.9874,0.00991,270.62,51.91,0.5619354799999999,0.7136580596,2.17,1.88533e-08,9.603863e-09,2.050768e-08,1.002138e-08,126.74,116.66,11975.48,11022.18,62.99,57.32
5.91638,8,0.5375,0.011,0.011,5.244,6.049,0.9874,0.00991,270.62,51.91,0.56193448,0.7136567896,2.17,1.88751e-08,9.620206e-09,2.053488e-08,1.003754e-08,126.89,116.72,11988.79,11028.34,63.07,57.36
5.91662,8,0.5375,0.011,0.011,5.244,6.049,0.9874,0.00991,270.62,51.91,0.56193352,0.7136555703999999,2.17,1.892662e-08,9.625193e-09,2.058143e-08,1.003412e-08,126.32,116.13,11934.99,10972.36,62.75,57.03
5.91688,8,0.5376,0.011,0.011,5.244,6.049,0.9874,0.00991,270.62,51.91,0.56193248,0.7136542495999999,2.17,1.895495e-08,9.632848e-09,2.062436e-08,1.00552e-08,126.16,116.15,11920.21,10974.72,62.66,57.04
5.91713,8,0.5376,0.011,0.011,5.244,6.049,0.9874,0.00991,270.62,51.91,0.5619314799999999,0.7136529796,2.17,1.898255e-08,9.649696e-09,2.065168e-08,1.006306e-08,126.23,116.03,11927.30,10963.11,62.71,56.97
5.91737,8,0.5376,0.011,0.011,5.244,6.049,0.9874,0.00991,270.62,51.91,0.56193052,0.7136517604,2.17,1.90066e-08,9.651114e-09,2.068975e-08,1.007425e-08,125.95,115.87,11900.20,10947.51,62.54,56.88
5.91763,8,0.5377,0.011,0.011,5.243,6.049,0.9874,0.00991,270.62,51.91,0.56192948,0.7136504396,2.17,1.903465e-08,9.660161e-09,2.071854e-08,1.008048e-08,125.83,115.71,11889.42,10933.08,62.48,56.79
5.91788,8,0.5377,0.011,0.011,5.243,6.049,0.9874,0.00991,270.62,51.91,0.56192848,0.7136491695999999,2.17,1.906271e-08,9.661028e-09,2.074177e-08,1.008691e-08,125.48,115.60,11856.09,10922.81,62.28,56.73
5.91812,8,0.5377,0.011,0.011,5.243,6.049,0.9874,0.00991,270.62,51.91,0.56192752,0.7136479504000001,2.17,1.908252e-08,9.671902e-09,2.077033e-08,1.009465e-08,125.50,115.47,11858.17,10909.87,62.29,56.65
5.91838,8,0.5378,0.011,0.011,5.243,6.049,0.9874,0.00991,270.62,51.91,0.56192648,0.7136466296,2.17,1.913043e-08,9.682211e-09,2.08143e-08,1.009786e-08,125.16,115.09,11825.76,10873.85,62.10,56.44
5.91862,8,0.5378,0.011,0.011,5.243,6.049,0.9874,0.00991,270.62,51.91,0.56192552,0.7136454104,2.17,1.914626e-08,9.681358e-09,2.082783e-08,1.010329e-08,124.93,115.06,11803.88,10871.48,61.97,56.43
5.91887,8,0.5378,0.011,0.011,5.243,6.049,0.9874,0.00991,270.62,51.91,0.5619245199999999,0.7136441403999999,2.17,1.918074e-08,9.687019e-09,2.084917e-08,1.011361e-08,124.62,115.06,11774.93,10871.42,61.80,56.42
5.91913,8,0.5379,0.011,0.011,5.243,6.049,0.9874,0.00991,270.62,51.91,0.5619234799999999,0.7136428195999999,2.17,1.918073e-08,9.689573e-09,2.087243e-08,1.01228e-08,124.71,115.03,11783.41,10869.07,61.85,56.41
5.91937,8,0.5379,0.011,0.011,5.243,6.049,0.9874,0.00991,270.62,51.91,0.56192252,0.7136416004,2.17,1.922211e-08,9.702929e-09,2.090862e-08,1.01196e-08,124.52,114.58,11764.91,10825.97,61.74,56.15
5.91962,8,0.5379,0.011,0.011,5.243,6.049,0.9874,0.00991,270.62,51.91,0.56192152,0.7136403304,2.17,1.924952e-08,9.70548e-09,2.094344e-08,1.012471e-08,124.22,114.32,11737.35,10801.69,61.57,56.01
5.91988,8,0.5380,0.011,0.011,5.243,6.049,0.9874,0.00991,270.62,51.91,0.5619204799999999,0.7136390095999999,2.17,1.927644e-08,9.709026e-09,2.095042e-08,1.013506e-08,123.99,114.50,11715.13,10818.11,61.44,56.11
5.92012,8,0.5380,0.011,0.011,5.243,6.049,0.9874,0.00991,270.62,51.91,0.56191952,0.7136377904,2.17,1.930424e-08,9.720856e-09,2.100087e-08,1.014073e-08,123.93,114.09,11709.86,10779.53,61.41,55.88
5.92037,8,0.5380,0.011,0.011,5.243,6.049,0.9874,0.00991,270.62,51.91,0.56191852,0.7136365204,2.17,1.93381e-08,9.733224e-09,2.101663e-08,1.01474e-08,123.81,114.07,11698.52,10777.60,61.34,55.87
5.92063,8,0.5381,0.011,0.011,5.243,6.049,0.9874,0.00991,270.62,51.91,0.56191748,0.7136351996,2.17,1.938568e-08,9.730649e-09,2.105119e-08,1.015404e-08,123.16,113.87,11636.84,10759.02,60.98,55.76
5.92087,8,0.5381,0.011,0.011,5.243,6.049,0.9874,0.00991,270.62,51.91,0.5619165199999999,0.7136339803999999,2.17,1.940732e-08,9.746262e-09,2.1077e-08,1.016731e-08,123.28,113.89,11648.24,10760.70,61.04,55.77
5.92112,8,0.5381,0.011,0.011,5.243,6.049,0.9874,0.00991,270.62,51.91,0.56191552,0.7136327104,2.17,1.945273e-08,9.763045e-09,2.111197e-08,1.016968e-08,123.13,113.58,11633.82,10731.14,60.96,55.59
5.92138,8,0.5382,0.011,0.011,5.243,6.049,0.9874,0.00991,270.62,51.91,0.56191448,0.7136313896,2.17,1.948974e-08,9.776519e-09,2.114766e-08,1.017613e-08,123.02,113.37,11623.81,10711.32,60.90,55.47
5.92162,8,0.5382,0.011,0.011,5.243,6.049,0.9874,0.00991,270.62,51.91,0.5619135199999999,0.7136301704,2.17,1.955385e-08,9.78665e-09,2.118778e-08,1.018334e-08,122.47,113.11,11571.55,10686.85,60.59,55.33
5.92188,8,0.5382,0.011,0.011,5.243,6.049,0.9874,0.00991,270.62,51.91,0.5619124799999999,0.7136288496,2.17,1.958035e-08,9.805344e-09,2.119354e-08,1.019512e-08,122.61,113.30,11584.39,10705.07,60.66,55.43
5.92213,8,0.5383,0.011,0.011,5.243,6.049,0.9874,0.00991,270.62,51.91,0.5619114799999999,0.7136275795999999,2.17,1.965665e-08,9.828892e-09,2.12717e-08,1.020935e-08,122.26,112.82,11552.03,10660.04,60.47,55.17
5.92237,8,0.5383,0.011,0.011,5.243,6.049,0.9874,0.00991,270.62,51.91,0.56191052,0.7136263603999999,2.17,1.969866e-08,9.841395e-09,2.130461e-08,1.022187e-08,122.05,112.75,11532.10,10653.48,60.35,55.13
5.92263,8,0.5383,0.011,0.011,5.243,6.049,0.9874,0.00991,270.62,51.91,0.56190948,0.7136250396,2.17,1.978164e-08,9.870293e-09,2.134244e-08,1.022872e-08,121.74,112.51,11502.85,10630.90,60.18,54.99
5.92288,8,0.5384,0.011,0.011,5.242,6.049,0.9874,0.00991,270.62,51.91,0.5619084799999999,0.7136237696,2.17,1.981115e-08,9.890329e-09,2.13832e-08,1.024287e-08,121.90,112.42,11517.34,10622.15,60.26,54.94
5.92312,8,0.5384,0.011,0.011,5.242,6.049,0.9874,0.00991,270.62,51.91,0.56190752,0.7136225504,2.17,1.988888e-08,9.915907e-09,2.141736e-08,1.025596e-08,121.57,112.35,11486.74,10615.65,60.08,54.90
5.92338,8,0.5384,0.011,0.011,5.242,6.049,0.9874,0.00991,270.62,51.91,0.56190648,0.7136212296,2.17,1.997308e-08,9.939678e-09,2.147041e-08,1.027165e-08,121.13,112.15,11444.93,10596.42,59.83,54.79
5.92363,8,0.5385,0.011,0.011,5.242,6.049,0.9874,0.00991,270.62,51.91,0.56190548,0.7136199595999999,2.17,2.004418e-08,9.970824e-09,2.152151e-08,1.028705e-08,121.05,111.98,11437.38,10580.55,59.79,54.69
5.92387,8,0.5385,0.011,0.011,5.242,6.049,0.9874,0.00991,270.62,51.91,0.5619045199999999,0.7136187403999998,2.17,2.012009e-08,9.998791e-09,2.155231e-08,1.030055e-08,120.81,111.96,11415.13,10578.14,59.66,54.68
5.92413,8,0.5385,0.011,0.011,5.242,6.049,0.9874,0.00991,270.62,51.91,0.56190348,0.7136174196,2.17,2.019657e-08,1.002429e-08,2.161424e-08,1.031891e-08,120.52,111.72,11386.88,10556.12,59.49,54.55
5.92438,8,0.5386,0.011,0.011,5.242,6.049,0.9874,0.00991,270.62,51.91,0.56190248,0.7136161496,2.17,2.026192e-08,1.006123e-08,2.165577e-08,1.033014e-08,120.64,111.57,11399.13,10541.30,59.56,54.46
5.92462,8,0.5386,0.011,0.011,5.242,6.049,0.9874,0.00991,270.62,51.91,0.5619015199999999,0.7136149303999999,2.17,2.036134e-08,1.009244e-08,2.170952e-08,1.03534e-08,120.22,111.52,11358.54,10536.67,59.32,54.43
5.92488,8,0.5386,0.011,0.011,5.242,6.049,0.9874,0.00991,270.63,51.91,0.5619004799999999,0.7136136095999999,2.17,2.045095e-08,1.012429e-08,2.175851e-08,1.037098e-08,119.92,111.40,11330.65,10525.44,59.15,54.36
5.92513,8,0.5387,0.011,0.011,5.242,6.049,0.9874,0.00991,270.63,51.91,0.56189948,0.7136123396,2.17,2.052559e-08,1.01545e-08,2.181863e-08,1.039436e-08,119.78,111.31,11317.88,10517.20,59.08,54.32
5.92537,8,0.5387,0.011,0.011,5.242,6.049,0.9874,0.00991,270.63,51.91,0.56189852,0.7136111204,2.17,2.060682e-08,1.018476e-08,2.187604e-08,1.040878e-08,119.55,111.05,11296.09,10492.31,58.95,54.17
5.92563,8,0.5387,0.011,0.011,5.242,6.049,0.9874,0.00991,270.63,51.91,0.56189748,0.7136097995999999,2.17,2.068227e-08,1.021945e-08,2.193939e-08,1.042392e-08,119.49,110.74,11290.41,10463.58,58.91,54.00
5.92587,8,0.5388,0.011,0.011,5.242,6.049,0.9874,0.00991,270.63,51.91,0.56189652,0.7136085804,2.17,2.077251e-08,1.025385e-08,2.197396e-08,1.043822e-08,119.28,110.72,11270.36,10461.46,58.79,53.98
5.92612,8,0.5388,0.011,0.011,5.242,6.049,0.9874,0.00991,270.63,51.91,0.56189552,0.7136073104,2.17,2.086905e-08,1.028696e-08,2.202964e-08,1.045595e-08,118.95,110.55,11238.98,10444.87,58.61,53.88
5.92638,8,0.5388,0.011,0.011,5.242,6.049,0.9874,0.00991,270.63,51.91,0.56189448,0.7136059896,2.17,2.094569e-08,1.03149e-08,2.20841e-08,1.046902e-08,118.73,110.29,11217.88,10420.66,58.48,53.74
5.92662,8,0.5389,0.011,0.011,5.242,6.049,0.9874,0.00991,270.63,51.91,0.5618935199999999,0.7136047703999999,2.17,2.101739e-08,1.034596e-08,2.213839e-08,1.048074e-08,118.65,110.03,11210.89,10396.16,58.44,53.59
5.92687,8,0.5389,0.011,0.011,5.242,6.049,0.9874,0.00991,270.63,51.91,0.56189252,0.7136035004,2.17,2.110284e-08,1.037906e-08,2.219588e-08,1.050665e-08,118.45,110.00,11191.86,10393.70,58.33,53.58
5.92713,8,0.5390,0.011,0.011,5.242,6.049,0.9874,0.00991,270.63,51.91,0.56189148,0.7136021796,2.17,2.117332e-08,1.039956e-08,2.22362e-08,1.051819e-08,118.16,109.87,11164.01,10381.49,58.16,53.51
5.92737,8,0.5390,0.011,0.011,5.242,6.049,0.9874,0.00991,270.63,51.91,0.56189052,0.7136009604,2.17,2.125863e-08,1.042637e-08,2.227489e-08,1.053373e-08,117.82,109.82,11132.34,10376.33,57.97,53.48
5.92762,8,0.5390,0.011,0.011,5.242,6.049,0.9874,0.00991,270.63,51.91,0.5618895199999999,0.7135996903999999,2.17,2.133203e-08,1.045051e-08,2.231987e-08,1.054738e-08,117.56,109.67,11107.61,10362.13,57.83,53.39
5.92788,8,0.5391,0.011,0.011,5.241,6.049,0.9874,0.00991,270.63,51.91,0.5618884799999999,0.7135983695999999,2.17,2.138845e-08,1.047836e-08,2.236266e-08,1.054763e-08,117.59,109.30,11110.10,10326.98,57.84,53.18
5.92812,8,0.5391,0.011,0.011,5.241,6.049,0.9874,0.00991,270.63,51.91,0.56188752,0.7135971503999999,2.17,2.146855e-08,1.049932e-08,2.24007e-08,1.056115e-08,117.19,109.21,11072.31,10318.80,57.62,53.13
5.92837,8,0.5391,0.011,0.011,5.241,6.049,0.9874,0.00991,270.63,51.91,0.56188652,0.7135958804,2.17,2.151385e-08,1.051313e-08,2.245279e-08,1.05685e-08,117.00,108.88,11055.14,10287.11,57.51,52.95
5.92863,8,0.5392,0.011,0.011,5.241,6.049,0.9874,0.00991,270.63,51.91,0.5618854799999999,0.7135945596,2.17,2.157187e-08,1.053964e-08,2.248266e-08,1.057266e-08,116.99,108.70,11053.41,10270.85,57.50,52.85
5.92887,8,0.5392,0.011,0.011,5.241,6.049,0.9874,0.00991,270.63,51.91,0.56188452,0.7135933404,2.17,2.162497e-08,1.055411e-08,2.250271e-08,1.058126e-08,116.74,108.69,11029.96,10269.33,57.36,52.84
5.92912,8,0.5392,0.011,0.011,5.241,6.049,0.9874,0.00991,270.63,51.91,0.56188352,0.7135920704,2.17,2.167207e-08,1.055913e-08,2.25189e-08,1.058558e-08,116.35,108.62,10993.42,10263.30,57.15,52.80
5.92938,8,0.5393,0.011,0.011,5.241,6.049,0.9874,0.00991,270.63,51.91,0.56188248,0.7135907495999999,2.17,2.171444e-08,1.057873e-08,2.256596e-08,1.058645e-08,116.35,108.23,10993.35,10226.47,57.15,52.58
5.92962,8,0.5393,0.011,0.011,5.241,6.049,0.9874,0.00991,270.63,51.91,0.5618815199999999,0.7135895304,2.17,2.174803e-08,1.057643e-08,2.257198e-08,1.058311e-08,115.95,108.12,10955.65,10215.26,56.92,52.52
5.92988,8,0.5393,0.011,0.011,5.241,6.049,0.9874,0.00991,270.63,51.91,0.5618804799999999,0.7135882095999999,2.17,2.178642e-08,1.058218e-08,2.257362e-08,1.057727e-08,115.68,107.99,10929.67,10203.25,56.77,52.45
5.93013,8,0.5394,0.011,0.011,5.241,6.049,0.9874,0.00991,270.63,51.91,0.56187948,0.7135869396,2.17,2.181717e-08,1.05953e-08,2.258585e-08,1.05749e-08,115.66,107.85,10928.05,10190.46,56.76,52.37
5.93037,8,0.5394,0.011,0.011,5.241,6.049,0.9874,0.00991,270.63,51.91,0.5618785199999999,0.7135857203999999,2.17,2.183135e-08,1.059134e-08,2.260026e-08,1.057158e-08,115.43,107.66,10906.34,10172.24,56.63,52.26
5.93063,8,0.5394,0.011,0.011,5.241,6.049,0.9874,0.00991,270.63,51.91,0.5618774799999999,0.7135843996,2.17,2.185478e-08,1.059761e-08,2.260744e-08,1.056644e-08,115.32,107.50,10896.16,10156.89,56.57,52.17
5.93088,8,0.5395,0.011,0.011,5.241,6.049,0.9874,0.00991,270.63,51.91,0.56187648,0.7135831296,2.17,2.186492e-08,1.05825e-08,2.259423e-08,1.055203e-08,114.92,107.36,10858.29,10143.91,56.34,52.09
5.93112,8,0.5395,0.011,0.011,5.241,6.049,0.9874,0.00991,270.63,51.91,0.56187552,0.7135819104,2.17,2.187056e-08,1.058678e-08,2.258762e-08,1.054556e-08,114.95,107.30,10861.37,10137.81,56.36,52.06
5.93138,8,0.5395,0.011,0.011,5.241,6.049,0.9874,0.00991,270.63,51.91,0.56187448,0.7135805895999999,2.17,2.187494e-08,1.057356e-08,2.257582e-08,1.052733e-08,114.63,107.05,10830.91,10114.88,56.18,51.92
5.93163,8,0.5396,0.011,0.011,5.241,6.049,0.9874,0.00991,270.63,51.91,0.5618734799999999,0.7135793195999999,2.17,2.184908e-08,1.056634e-08,2.256695e-08,1.051823e-08,114.76,106.98,10843.41,10107.82,56.25,51.88
5.93187,8,0.5396,0.011,0.011,5.241,6.049,0.9874,0.00991,270.63,51.91,0.56187252,0.7135781004,2.17,2.186435e-08,1.055713e-08,2.255346e-08,1.050203e-08,114.41,106.79,10810.50,10089.98,56.06,51.77
5.93213,8,0.5396,0.011,0.011,5.241,6.049,0.9874,0.00991,270.63,51.91,0.56187148,0.7135767796,2.17,2.186793e-08,1.054075e-08,2.253282e-08,1.047699e-08,114.04,106.50,10774.71,10062.25,55.84,51.61
5.93238,8,0.5397,0.011,0.011,5.241,6.049,0.9874,0.00991,270.63,51.91,0.56187048,0.7135755095999999,2.17,2.186001e-08,1.052817e-08,2.251518e-08,1.045806e-08,113.87,106.31,10759.42,10044.86,55.75,51.50
5.93262,8,0.5397,0.011,0.011,5.241,6.049,0.9874,0.00991,270.63,51.91,0.56186952,0.7135742904,2.17,2.185823e-08,1.051911e-08,2.249093e-08,1.043741e-08,113.70,106.13,10743.26,10028.02,55.66,51.40
5.93288,8,0.5397,0.011,0.011,5.241,6.049,0.9874,0.00991,270.63,51.91,0.56186848,0.7135729696,2.17,2.183942e-08,1.05001e-08,2.246722e-08,1.041973e-08,113.50,106.01,10723.65,10016.04,55.54,51.33
5.93313,8,0.5398,0.011,0.011,5.240,6.049,0.9874,0.00991,270.63,51.91,0.56186748,0.7135716996,2.17,2.182768e-08,1.049845e-08,2.243199e-08,1.039097e-08,113.60,105.79,10733.50,9995.61,55.60,51.21
5.93337,8,0.5398,0.011,0.011,5.240,6.049,0.9874,0.00991,270.63,51.91,0.5618665199999999,0.7135704803999999,2.17,2.182857e-08,1.047737e-08,2.240745e-08,1.038016e-08,113.15,105.80,10691.22,9996.62,55.35,51.22
5.93363,8,0.5398,0.011,0.011,5.240,6.049,0.9874,0.00991,270.63,51.91,0.5618654799999999,0.7135691595999999,2.17,2.180068e-08,1.046208e-08,2.237901e-08,1.034878e-08,113.11,105.46,10687.48,9963.96,55.32,51.02
5.93387,8,0.5399,0.011,0.011,5.240,6.049,0.9874,0.00991,270.63,51.91,0.56186452,0.7135679403999999,2.17,2.180432e-08,1.044365e-08,2.234615e-08,1.033118e-08,112.72,105.43,10649.90,9961.49,55.10,51.01
5.93412,8,0.5399,0.011,0.011,5.240,6.049,0.9874,0.00991,270.63,51.91,0.56186352,0.7135666704,2.17,2.177958e-08,1.043873e-08,2.232438e-08,1.029952e-08,112.86,105.02,10663.49,9922.80,55.18,50.78
5.93438,8,0.5399,0.011,0.011,5.240,6.049,0.9874,0.00991,270.63,51.91,0.5618624799999999,0.7135653496,2.17,2.177913e-08,1.041746e-08,2.228598e-08,1.028595e-08,112.42,105.10,10622.26,9930.23,54.94,50.82
5.93462,8,0.5400,0.011,0.011,5.240,6.049,0.9874,0.00991,270.63,51.91,0.56186152,0.7135641304,2.17,2.176717e-08,1.040692e-08,2.227224e-08,1.026381e-08,112.34,104.82,10614.80,9903.76,54.89,50.66
5.93487,8,0.5400,0.011,0.011,5.240,6.049,0.9874,0.00991,270.63,51.91,0.56186052,0.7135628603999999,2.17,2.177325e-08,1.03919e-08,2.222225e-08,1.023922e-08,111.97,104.79,10579.83,9900.97,54.68,50.65
5.93513,8,0.5400,0.011,0.011,5.240,6.049,0.9874,0.00991,270.63,51.91,0.56185948,0.7135615396,2.17,2.176297e-08,1.0386e-08,2.219703e-08,1.020889e-08,111.95,104.43,10577.90,9867.44,54.67,50.45
5.93537,8,0.5401,0.011,0.011,5.240,6.049,0.9874,0.00991,270.63,51.91,0.5618585199999999,0.7135603204,2.17,2.176133e-08,1.036961e-08,2.216535e-08,1.018762e-08,111.65,104.33,10549.48,9857.26,54.50,50.39
5.93562,8,0.5401,0.011,0.011,5.240,6.049,0.9874,0.00991,270.63,51.91,0.56185752,0.7135590504,2.17,2.175693e-08,1.036744e-08,2.213034e-08,1.016726e-08,111.65,104.25,10549.34,9849.61,54.50,50.34
5.93588,8,0.5401,0.011,0.011,5.240,6.049,0.9874,0.00991,270.63,51.91,0.56185648,0.7135577296,2.17,2.175257e-08,1.03628e-08,2.211084e-08,1.014531e-08,111.60,104.00,10544.36,9826.33,54.47,50.20
5.93612,8,0.5402,0.011,0.011,5.240,6.049,0.9874,0.00992,270.63,51.91,0.5618555199999999,0.7135565103999999,2.17,2.176622e-08,1.035368e-08,2.207477e-08,1.012384e-08,111.30,103.92,10516.01,9819.33,54.30,50.16
5.93637,8,0.5402,0.011,0.011,5.240,6.049,0.9874,0.00992,270.63,51.91,0.5618545199999999,0.7135552403999998,2.17,2.175928e-08,1.035607e-08,2.204552e-08,1.010388e-08,111.41,103.80,10527.04,9807.60,54.37,50.09
5.93663,8,0.5402,0.011,0.011,5.240,6.049,0.9874,0.00992,270.63,51.91,0.5618534799999999,0.7135539195999999,2.17,2.178479e-08,1.034994e-08,2.201684e-08,1.007984e-08,111.04,103.59,10491.70,9788.07,54.16,49.97
5.93687,8,0.5403,0.011,0.011,5.240,6.049,0.9874,0.00992,270.63,51.91,0.56185252,0.7135527004,2.17,2.180694e-08,1.034291e-08,2.200534e-08,1.006379e-08,110.70,103.41,10459.82,9770.56,53.97,49.87
5.93712,8,0.5403,0.011,0.011,5.240,6.049,0.9874,0.00992,270.63,51.91,0.5618515199999999,0.7135514303999999,2.17,2.183092e-08,1.03534e-08,2.197968e-08,1.004961e-08,110.69,103.36,10458.12,9766.19,53.96,49.84
5.93738,8,0.5403,0.011,0.011,5.240,6.049,0.9874,0.00992,270.63,51.91,0.5618504799999999,0.7135501095999999,2.17,2.187157e-08,1.035596e-08,2.196037e-08,1.002634e-08,110.35,103.09,10426.11,9740.34,53.77,49.69
5.93762,8,0.5404,0.011,0.011,5.240,6.049,0.9874,0.00992,270.63,51.91,0.56184952,0.7135488904,2.17,2.187627e-08,1.035607e-08,2.194248e-08,1.001478e-08,110.32,103.04,10423.99,9736.07,53.76,49.66
5.93788,8,0.5404,0.011,0.011,5.240,6.049,0.9874,0.00992,270.63,51.91,0.56184848,0.7135475696,2.17,2.191846e-08,1.035876e-08,2.19267e-08,9.994694e-09,109.98,102.80,10391.07,9713.04,53.56,49.53
5.93813,8,0.5404,0.011,0.011,5.240,6.049,0.9874,0.00992,270.63,51.91,0.56184748,0.7135462995999999,2.17,2.193389e-08,1.036925e-08,2.192074e-08,9.988737e-09,110.04,102.74,10397.15,9707.25,53.60,49.49
5.93837,8,0.5405,0.011,0.011,5.239,6.049,0.9874,0.00992,270.63,51.91,0.5618465199999999,0.7135450803999999,2.17,2.197987e-08,1.03774e-08,2.191615e-08,9.974703e-09,109.79,102.53,10373.32,9687.74,53.45,49.38
5.93863,8,0.5405,0.011,0.011,5.239,6.049,0.9874,0.00992,270.63,51.91,0.56184548,0.7135437596,2.17,2.202823e-08,1.038616e-08,2.190432e-08,9.960679e-09,109.51,102.37,10346.76,9672.34,53.30,49.29
5.93888,8,0.5405,0.011,0.011,5.239,6.049,0.9874,0.00992,270.63,51.91,0.56184448,0.7135424896,2.17,2.205614e-08,1.040719e-08,2.189887e-08,9.955979e-09,109.66,102.33,10361.59,9668.39,53.38,49.26
5.93912,8,0.5406,0.011,0.011,5.239,6.049,0.9874,0.00992,270.63,51.91,0.5618435199999999,0.7135412703999999,2.17,2.210577e-08,1.041162e-08,2.188533e-08,9.947885e-09,109.31,102.31,10327.84,9666.72,53.18,49.25
5.93938,8,0.5406,0.011,0.011,5.239,6.049,0.9874,0.00992,270.63,51.91,0.5618424799999999,0.7135399495999999,2.17,2.212905e-08,1.042566e-08,2.189395e-08,9.930455e-09,109.37,101.91,10333.60,9628.77,53.22,49.03
5.93963,8,0.5406,0.011,0.011,5.239,6.049,0.9874,0.00992,270.63,51.91,0.56184148,0.7135386796000001,2.17,2.218684e-08,1.044234e-08,2.188927e-08,9.925492e-09,109.16,101.85,10313.91,9623.73,53.10,49.00
5.93987,8,0.5407,0.011,0.011,5.239,6.049,0.9874,0.00992,270.63,51.91,0.56184052,0.7135374604,2.17,2.22483e-08,1.045009e-08,2.189265e-08,9.915227e-09,108.76,101.65,10276.47,9604.60,52.88,48.88
5.94013,8,0.5407,0.011,0.011,5.239,6.049,0.9874,0.00992,270.63,51.91,0.56183948,0.7135361396,2.17,2.23057e-08,1.047775e-08,2.188973e-08,9.911135e-09,108.78,101.60,10277.77,9599.70,52.89,48.85
5.94038,8,0.5407,0.011,0.011,5.239,6.049,0.9874,0.00992,270.63,51.91,0.5618384799999999,0.7135348695999999,2.17,2.232902e-08,1.048877e-08,2.187848e-08,9.905949e-09,108.78,101.60,10277.89,9599.54,52.89,48.85
5.94062,8,0.5408,0.011,0.011,5.239,6.049,0.9874,0.00992,270.63,51.91,0.56183752,0.7135336503999999,2.17,2.240213e-08,1.049799e-08,2.188647e-08,9.904611e-09,108.31,101.52,10233.60,9592.54,52.62,48.81
5.94088,8,0.5408,0.011,0.011,5.239,6.049,0.9874,0.00992,270.63,51.91,0.56183648,0.7135323296,2.17,2.244326e-08,1.051933e-08,2.191173e-08,9.895512e-09,108.35,101.14,10237.39,9556.33,52.64,48.59
5.94113,8,0.5408,0.011,0.011,5.239,6.049,0.9874,0.00992,270.63,51.91,0.5618354799999999,0.7135310596,2.17,2.247731e-08,1.053192e-08,2.191916e-08,9.885306e-09,108.28,100.89,10231.23,9532.48,52.61,48.45
5.94137,8,0.5409,0.011,0.011,5.239,6.049,0.9874,0.00992,270.63,51.91,0.56183452,0.7135298404,2.17,2.253728e-08,1.054759e-08,2.189745e-08,9.887337e-09,108.06,101.13,10210.48,9555.05,52.48,48.59
5.94163,8,0.5409,0.011,0.011,5.239,6.049,0.9874,0.00992,270.63,51.91,0.56183348,0.7135285196,2.17,2.259312e-08,1.056034e-08,2.191594e-08,9.88317e-09,107.81,100.89,10186.21,9533.04,52.34,48.46
5.94187,8,0.5409,0.011,0.011,5.239,6.049,0.9874,0.00992,270.63,51.91,0.56183252,0.7135273003999999,2.17,2.263431e-08,1.057967e-08,2.190784e-08,9.88083e-09,107.81,100.92,10186.35,9535.35,52.34,48.47
5.94212,8,0.5410,0.011,0.011,5.239,6.049,0.9874,0.00992,270.63,51.91,0.5618315199999999,0.7135260304,2.17,2.268829e-08,1.058019e-08,2.191441e-08,9.872182e-09,107.36,100.72,10143.75,9516.72,52.09,48.36
5.94238,8,0.5410,0.011,0.011,5.239,6.049,0.9874,0.00992,270.63,51.91,0.5618304799999999,0.7135247095999999,2.17,2.272152e-08,1.059622e-08,2.193167e-08,9.878974e-09,107.37,100.70,10144.71,9515.00,52.09,48.35
5.94262,8,0.5410,0.011,0.011,5.239,6.049,0.9874,0.00992,270.63,51.91,0.56182952,0.7135234904,2.17,2.278057e-08,1.060994e-08,2.191608e-08,9.871524e-09,107.11,100.70,10120.01,9514.25,51.95,48.34
5.94287,8,0.5411,0.011,0.011,5.239,6.049,0.9874,0.00992,270.63,51.91,0.5618285199999999,0.7135222203999999,2.17,2.280165e-08,1.061289e-08,2.192429e-08,9.859561e-09,107.00,100.42,10109.64,9488.58,51.88,48.19
5.94313,8,0.5411,0.011,0.011,5.239,6.049,0.9874,0.00992,270.63,51.91,0.5618274799999999,0.7135208996,2.17,2.282894e-08,1.062112e-08,2.193322e-08,9.848693e-09,106.91,100.15,10101.68,9462.60,51.84,48.04
5.94337,8,0.5412,0.011,0.011,5.238,6.049,0.9874,0.00992,270.63,51.91,0.56182652,0.7135196804,2.17,2.286313e-08,1.063024e-08,2.192585e-08,9.847992e-09,106.81,100.22,10091.50,9468.90,51.78,48.07
5.94362,8,0.5412,0.011,0.011,5.238,6.049,0.9874,0.00992,270.63,51.91,0.56182552,0.7135184104,2.17,2.288357e-08,1.063825e-08,2.192759e-08,9.833951e-09,106.78,99.94,10088.85,9443.06,51.76,47.92
5.94388,8,0.5412,0.011,0.011,5.238,6.049,0.9874,0.00992,270.63,51.91,0.56182448,0.7135170895999999,2.17,2.288156e-08,1.063526e-08,2.19034e-08,9.825537e-09,106.74,99.99,10085.21,9447.30,51.74,47.95
5.94412,8,0.5413,0.011,0.011,5.238,6.049,0.9874,0.00992,270.63,51.91,0.5618235199999999,0.7135158703999999,2.17,2.292497e-08,1.063702e-08,2.191233e-08,9.824313e-09,106.41,99.91,10054.54,9439.93,51.56,47.90
5.94437,8,0.5413,0.011,0.011,5.238,6.049,0.9874,0.00992,270.63,51.91,0.56182252,0.7135146004,2.17,2.29435e-08,1.06332e-08,2.188866e-08,9.808386e-09,106.18,99.81,10032.69,9430.67,51.43,47.85
5.94463,8,0.5413,0.011,0.011,5.238,6.049,0.9874,0.00992,270.63,51.91,0.56182148,0.7135132796,2.17,2.293294e-08,1.062175e-08,2.18927e-08,9.805682e-09,106.06,99.73,10021.16,9422.81,51.36,47.80
5.94487,8,0.5414,0.011,0.011,5.238,6.049,0.9874,0.00992,270.63,51.91,0.5618205199999999,0.7135120603999999,2.17,2.294326e-08,1.062977e-08,2.186938e-08,9.788684e-09,106.14,99.63,10028.70,9413.14,51.40,47.74
5.94512,8,0.5414,0.011,0.011,5.238,6.049,0.9874,0.00992,270.63,51.91,0.5618195199999999,0.7135107903999999,2.17,2.295864e-08,1.062079e-08,2.184584e-08,9.775273e-09,105.84,99.57,10000.45,9408.13,51.23,47.71
5.94538,8,0.5414,0.011,0.011,5.238,6.049,0.9874,0.00992,270.63,51.91,0.56181848,0.7135094696000001,2.17,2.294066e-08,1.061115e-08,2.18468e-08,9.757779e-09,105.82,99.24,9998.13,9376.96,51.22,47.53
5.94562,8,0.5415,0.011,0.011,5.238,6.049,0.9874,0.00992,270.63,51.91,0.56181752,0.7135082504,2.17,2.295192e-08,1.061049e-08,2.180446e-08,9.74555e-09,105.73,99.38,9989.70,9390.32,51.17,47.61
5.94588,8,0.5415,0.011,0.011,5.238,6.049,0.9874,0.00992,270.63,51.91,0.56181648,0.7135069296,2.17,2.293772e-08,1.059315e-08,2.178303e-08,9.733411e-09,105.53,99.34,9970.83,9385.86,51.06,47.58
5.94613,8,0.5415,0.011,0.011,5.238,6.049,0.9874,0.00992,270.63,51.91,0.5618154799999999,0.7135056595999999,2.17,2.294631e-08,1.057984e-08,2.174544e-08,9.704585e-09,105.21,99.11,9940.67,9364.87,50.88,47.45
5.94637,8,0.5416,0.011,0.011,5.238,6.049,0.9874,0.00992,270.63,51.91,0.56181452,0.7135044403999999,2.17,2.292929e-08,1.05726e-08,2.172094e-08,9.68918e-09,105.24,99.05,9943.57,9358.80,50.90,47.42
5.94663,8,0.5416,0.011,0.011,5.238,6.049,0.9874,0.00992,270.63,51.91,0.56181348,0.7135031196,2.17,2.289325e-08,1.055736e-08,2.168696e-08,9.669995e-09,105.27,98.98,9945.97,9351.77,50.91,47.38
5.94688,8,0.5416,0.011,0.011,5.238,6.049,0.9874,0.00992,270.63,51.91,0.56181248,0.7135018496,2.17,2.288202e-08,1.054028e-08,2.163754e-08,9.654721e-09,105.04,99.10,9925.18,9363.61,50.79,47.45
5.94712,8,0.5417,0.011,0.011,5.238,6.049,0.9874,0.00992,270.63,51.91,0.56181152,0.7135006304,2.17,2.285043e-08,1.05199e-08,2.162056e-08,9.630681e-09,104.96,98.81,9916.82,9336.52,50.74,47.29
5.94738,8,0.5417,0.011,0.011,5.238,6.049,0.9874,0.00992,270.63,51.91,0.56181048,0.7134993096,2.17,2.283982e-08,1.050952e-08,2.157206e-08,9.610496e-09,104.85,98.84,9907.22,9339.00,50.68,47.30
5.94763,8,0.5417,0.011,0.011,5.238,6.049,0.9874,0.00992,270.63,51.91,0.56180948,0.7134980396,2.17,2.283426e-08,1.048376e-08,2.153534e-08,9.592399e-09,104.43,98.81,9866.77,9335.95,50.44,47.28
5.94787,8,0.5418,0.011,0.011,5.238,6.049,0.9874,0.00992,270.63,51.91,0.5618085199999999,0.7134968204,2.17,2.28037e-08,1.047652e-08,2.149579e-08,9.557372e-09,104.57,98.50,9880.44,9307.10,50.52,47.11
5.94813,8,0.5418,0.011,0.011,5.238,6.049,0.9874,0.00992,270.63,51.91,0.5618074799999999,0.7134954995999999,2.17,2.278056e-08,1.045485e-08,2.145461e-08,9.53558e-09,104.37,98.44,9861.18,9300.99,50.40,47.07
5.94838,8,0.5418,0.011,0.011,5.238,6.049,0.9874,0.00992,270.63,51.91,0.56180648,0.7134942296,2.17,2.276362e-08,1.043691e-08,2.14076e-08,9.5237e-09,104.18,98.61,9843.46,9316.86,50.30,47.17
5.94862,8,0.5419,0.011,0.011,5.237,6.049,0.9874,0.00992,270.63,51.91,0.56180552,0.7134930103999999,2.17,2.273543e-08,1.041476e-08,2.137609e-08,9.490008e-09,104.03,98.26,9829.19,9283.91,50.21,46.97
5.94888,8,0.5419,0.011,0.011,5.237,6.049,0.9874,0.00992,270.63,51.91,0.5618044799999999,0.7134916896,2.17,2.271871e-08,1.040927e-08,2.131302e-08,9.458867e-09,104.07,98.20,9832.98,9278.37,50.24,46.94
5.94913,8,0.5419,0.011,0.011,5.237,6.049,0.9874,0.00992,270.63,51.91,0.5618034799999999,0.7134904195999999,2.17,2.269444e-08,1.038424e-08,2.128536e-08,9.437958e-09,103.81,98.04,9808.73,9263.13,50.09,46.85
5.94937,8,0.5420,0.011,0.011,5.237,6.049,0.9874,0.00992,270.63,51.91,0.56180252,0.7134892004,2.17,2.267775e-08,1.037408e-08,2.12279e-08,9.41797e-09,103.79,98.16,9806.14,9274.56,50.08,46.92
5.94963,8,0.5420,0.011,0.011,5.237,6.049,0.9874,0.00992,270.63,51.91,0.56180148,0.7134878795999999,2.17,2.266222e-08,1.035398e-08,2.11907e-08,9.391676e-09,103.55,97.98,9783.51,9257.21,49.94,46.81
5.94987,8,0.5420,0.011,0.011,5.237,6.049,0.9874,0.00992,270.63,51.91,0.5618005199999999,0.7134866603999999,2.17,2.263632e-08,1.034673e-08,2.114794e-08,9.367902e-09,103.63,97.88,9791.49,9248.66,49.99,46.76
5.95012,8,0.5421,0.011,0.011,5.237,6.049,0.9874,0.00992,270.63,51.91,0.56179952,0.7134853904,2.17,2.262439e-08,1.033408e-08,2.110465e-08,9.346804e-09,103.52,97.87,9780.75,9246.95,49.93,46.75
5.95038,8,0.5421,0.011,0.011,5.237,6.049,0.9874,0.00992,270.63,51.91,0.56179848,0.7134840696,2.17,2.260081e-08,1.032771e-08,2.105901e-08,9.321352e-09,103.60,97.77,9788.43,9237.63,49.97,46.70
5.95062,8,0.5421,0.011,0.011,5.237,6.049,0.9874,0.00992,270.63,51.91,0.5617975199999999,0.7134828503999999,2.17,2.260943e-08,1.031634e-08,2.100789e-08,9.302561e-09,103.32,97.84,9761.75,9244.47,49.81,46.74
5.95087,8,0.5422,0.011,0.011,5.237,6.049,0.9874,0.00992,270.63,51.91,0.5617965199999999,0.7134815803999999,2.17,2.25979e-08,1.030913e-08,2.098365e-08,9.282284e-09,103.30,97.68,9760.16,9229.15,49.80,46.65
5.95113,8,0.5422,0.011,0.011,5.237,6.049,0.9874,0.00992,270.63,51.91,0.56179548,0.7134802596,2.17,2.259288e-08,1.030114e-08,2.093248e-08,9.258216e-09,103.19,97.65,9750.24,9226.59,49.74,46.63
5.95137,8,0.5422,0.011,0.011,5.237,6.049,0.9874,0.00992,270.63,51.91,0.56179452,0.7134790404,2.17,2.260491e-08,1.029006e-08,2.09093e-08,9.237243e-09,102.89,97.45,9721.47,9207.43,49.57,46.52
5.95162,8,0.5423,0.011,0.011,5.237,6.049,0.9874,0.00992,270.63,51.91,0.5617935199999999,0.7134777703999999,2.17,2.262263e-08,1.029494e-08,2.086886e-08,9.216322e-09,102.85,97.41,9717.75,9203.66,49.55,46.49
5.95188,8,0.5423,0.011,0.011,5.237,6.049,0.9874,0.00992,270.63,51.91,0.5617924799999999,0.7134764495999999,2.17,2.262015e-08,1.029074e-08,2.08325e-08,9.202082e-09,102.79,97.44,9712.43,9206.92,49.52,46.51
5.95212,8,0.5423,0.011,0.011,5.237,6.049,0.9874,0.00992,270.63,51.91,0.56179152,0.7134752304,2.17,2.263292e-08,1.029389e-08,2.081741e-08,9.184372e-09,102.74,97.23,9707.82,9187.13,49.49,46.40
5.95237,8,0.5424,0.011,0.011,5.237,6.049,0.9874,0.00992,270.63,51.91,0.56179052,0.7134739604,2.17,2.266499e-08,1.028914e-08,2.078056e-08,9.164378e-09,102.41,97.18,9676.26,9182.12,49.30,46.37
5.95263,8,0.5424,0.011,0.011,5.237,6.049,0.9874,0.00992,270.63,51.91,0.56178948,0.7134726396,2.17,2.268296e-08,1.029405e-08,2.074832e-08,9.149436e-09,102.35,97.17,9670.67,9180.82,49.27,46.36
5.95287,8,0.5424,0.011,0.011,5.237,6.049,0.9874,0.00992,270.63,51.91,0.5617885199999999,0.7134714203999999,2.17,2.268954e-08,1.030307e-08,2.073516e-08,9.134878e-09,102.46,97.00,9681.05,9165.11,49.33,46.26
5.95312,8,0.5425,0.011,0.011,5.237,6.049,0.9874,0.00992,270.63,51.91,0.56178752,0.7134701504,2.17,2.271339e-08,1.030434e-08,2.071276e-08,9.12437e-09,102.31,97.01,9666.41,9165.65,49.24,46.27
5.95338,8,0.5425,0.011,0.011,5.237,6.049,0.9874,0.00992,270.63,51.91,0.56178648,0.7134688296,2.17,2.271524e-08,1.031278e-08,2.069729e-08,9.117458e-09,102.44,97.00,9679.47,9165.48,49.32,46.27
5.95362,8,0.5425,0.011,0.011,5.237,6.049,0.9874,0.00992,270.63,51.91,0.5617855199999999,0.7134676104,2.17,2.277823e-08,1.031419e-08,2.067681e-08,9.102896e-09,101.95,96.90,9632.96,9155.52,49.05,46.21
5.95388,8,0.5426,0.011,0.011,5.236,6.049,0.9874,0.00992,270.63,51.91,0.5617844799999999,0.7134662895999999,2.17,2.279966e-08,1.033443e-08,2.066424e-08,9.085879e-09,102.16,96.70,9652.72,9136.58,49.16,46.09
5.95413,8,0.5426,0.011,0.011,5.236,6.049,0.9874,0.00992,270.63,51.91,0.56178348,0.7134650196,2.17,2.284204e-08,1.034393e-08,2.065883e-08,9.085866e-09,101.99,96.74,9636.18,9140.82,49.06,46.12
5.95437,8,0.5426,0.011,0.011,5.236,6.049,0.9874,0.00992,270.63,51.91,0.56178252,0.7134638003999999,2.17,2.286576e-08,1.034677e-08,2.064449e-08,9.06701e-09,101.84,96.51,9622.75,9118.30,48.98,45.98
5.95463,8,0.5427,0.011,0.011,5.236,6.049,0.9874,0.00992,270.63,51.91,0.5617814799999999,0.7134624796,2.17,2.291017e-08,1.036179e-08,2.063276e-08,9.062666e-09,101.77,96.54,9615.92,9121.43,48.94,46.00
5.95488,8,0.5427,0.011,0.011,5.236,6.049,0.9874,0.00992,270.63,51.91,0.5617804799999999,0.7134612095999999,2.17,2.294913e-08,1.036952e-08,2.063706e-08,9.058136e-09,101.59,96.42,9599.20,9109.91,48.84,45.93
5.95512,8,0.5427,0.011,0.011,5.236,6.049,0.9874,0.00992,270.63,51.91,0.56177952,0.7134599904,2.17,2.299195e-08,1.038585e-08,2.0621e-08,9.052224e-09,101.54,96.44,9594.12,9111.95,48.81,45.95
5.95538,8,0.5428,0.011,0.011,5.236,6.049,0.9874,0.00992,270.63,51.91,0.56177848,0.7134586695999999,2.17,2.304578e-08,1.040046e-08,2.062e-08,9.044565e-09,101.39,96.32,9579.58,9100.68,48.73,45.88
5.95563,8,0.5428,0.011,0.011,5.236,6.049,0.9874,0.00992,270.63,51.91,0.5617774799999999,0.7134573996,2.17,2.306066e-08,1.04087e-08,2.061704e-08,9.036359e-09,101.41,96.19,9582.14,9088.31,48.74,45.81
5.95587,8,0.5428,0.011,0.011,5.236,6.049,0.9874,0.00992,270.63,51.91,0.56177652,0.7134561804,2.17,2.312941e-08,1.042658e-08,2.063071e-08,9.040658e-09,101.18,96.16,9560.16,9085.28,48.61,45.79
5.95613,8,0.5429,0.011,0.011,5.236,6.049,0.9874,0.00992,270.63,51.91,0.56177548,0.7134548596,2.17,2.316533e-08,1.04357e-08,2.061565e-08,9.042221e-09,101.08,96.33,9550.13,9101.58,48.55,45.88
5.95638,8,0.5429,0.011,0.011,5.236,6.049,0.9874,0.00992,270.63,51.91,0.56177448,0.7134535895999999,2.17,2.321766e-08,1.045343e-08,2.061626e-08,9.028093e-09,100.97,96.06,9540.43,9075.80,48.49,45.73
5.95662,8,0.5429,0.011,0.011,5.236,6.049,0.9874,0.00992,270.63,51.91,0.5617735199999999,0.7134523703999999,2.17,2.323168e-08,1.046063e-08,2.062678e-08,9.02568e-09,100.99,95.92,9541.90,9063.26,48.50,45.66
5.95688,8,0.5430,0.011,0.011,5.236,6.049,0.9874,0.00992,270.63,51.91,0.5617724799999999,0.7134510495999999,2.17,2.326468e-08,1.047174e-08,2.063225e-08,9.019578e-09,100.94,95.78,9537.45,9049.77,48.48,45.58
5.95712,8,0.5430,0.011,0.011,5.236,6.049,0.9874,0.00992,270.63,51.91,0.56177152,0.7134498304,2.17,2.33111e-08,1.047912e-08,2.063074e-08,9.022917e-09,100.71,95.86,9515.13,9056.91,48.34,45.62
5.95737,8,0.5430,0.011,0.011,5.236,6.049,0.9874,0.00992,270.63,51.91,0.5617705199999999,0.7134485603999999,2.17,2.335255e-08,1.048922e-08,2.062809e-08,9.019765e-09,100.56,95.82,9501.09,9053.35,48.26,45.60
5.95763,8,0.5431,0.011,0.011,5.236,6.049,0.9874,0.00992,270.63,51.91,0.5617694799999999,0.7134472395999999,2.17,2.337978e-08,1.049914e-08,2.064816e-08,9.017402e-09,100.53,95.63,9499.04,9035.18,48.25,45.49
5.95787,8,0.5431,0.011,0.011,5.236,6.049,0.9874,0.00992,270.63,51.91,0.56176852,0.7134460204,2.17,2.341111e-08,1.051224e-08,2.064205e-08,9.01679e-09,100.52,95.66,9497.45,9038.84,48.24,45.51
5.95812,8,0.5432,0.011,0.011,5.236,6.049,0.9874,0.00992,270.63,51.91,0.56176752,0.7134447504,2.17,2.342353e-08,1.051729e-08,2.063679e-08,9.01098e-09,100.53,95.62,9498.34,9034.26,48.24,45.48
5.95838,8,0.5432,0.011,0.011,5.236,6.049,0.9874,0.00992,270.63,51.91,0.56176648,0.7134434296,2.17,2.345486e-08,1.05154e-08,2.064048e-08,8.99507e-09,100.25,95.29,9472.25,9003.13,48.09,45.30
5.95862,8,0.5432,0.011,0.011,5.236,6.049,0.9874,0.00992,270.63,51.91,0.56176552,0.7134422104,2.17,2.347941e-08,1.052725e-08,2.063876e-08,8.992266e-09,100.27,95.25,9473.63,8999.48,48.10,45.28
5.95887,8,0.5433,0.011,0.011,5.235,6.049,0.9874,0.00992,270.63,51.91,0.56176452,0.7134409404,2.17,2.349224e-08,1.05234e-08,2.063775e-08,8.991051e-09,100.12,95.25,9459.72,8999.76,48.01,45.28
5.95913,8,0.5433,0.011,0.011,5.235,6.049,0.9874,0.00992,270.63,51.91,0.56176348,0.7134396196,2.17,2.350365e-08,1.052599e-08,2.061211e-08,8.984077e-09,100.08,95.33,9455.62,9007.22,47.99,45.32
5.95937,8,0.5433,0.011,0.011,5.235,6.049,0.9874,0.00992,270.63,51.91,0.5617625199999999,0.7134384004,2.17,2.350528e-08,1.052736e-08,2.061609e-08,8.978312e-09,100.09,95.19,9456.66,8993.90,47.99,45.24
5.95962,8,0.5434,0.011,0.011,5.235,6.049,0.9874,0.00992,270.63,51.91,0.5617615199999999,0.7134371303999999,2.17,2.350855e-08,1.052555e-08,2.0601e-08,8.96718e-09,100.05,95.12,9453.08,8987.46,47.97,45.21
5.95988,8,0.5434,0.011,0.011,5.235,6.049,0.9874,0.00992,270.63,51.91,0.56176048,0.7134358096,2.17,2.352935e-08,1.052168e-08,2.059532e-08,8.959045e-09,99.82,95.01,9431.68,8977.41,47.85,45.15
5.96012,8,0.5434,0.011,0.011,5.235,6.049,0.9874,0.00992,270.63,51.91,0.56175952,0.7134345903999999,2.17,2.352366e-08,1.051625e-08,2.058585e-08,8.959328e-09,99.77,95.10,9427.00,8985.23,47.82,45.19
5.96037,8,0.5435,0.011,0.011,5.235,6.049,0.9874,0.00992,270.63,51.91,0.5617585199999999,0.7134333204,2.17,2.353722e-08,1.050855e-08,2.055659e-08,8.936964e-09,99.56,94.93,9406.46,8969.77,47.70,45.10
5.96063,8,0.5435,0.011,0.011,5.235,6.049,0.9874,0.00992,270.63,51.91,0.5617574799999999,0.7134319995999999,2.17,2.351964e-08,1.049698e-08,2.055231e-08,8.928461e-09,99.49,94.81,9400.44,8957.98,47.66,45.03
5.96087,8,0.5435,0.011,0.011,5.235,6.049,0.9874,0.00992,270.63,51.91,0.56175652,0.7134307804,2.17,2.350242e-08,1.048772e-08,2.052895e-08,8.921155e-09,99.46,94.86,9397.89,8963.03,47.64,45.06
5.96113,8,0.5436,0.011,0.011,5.235,6.049,0.9874,0.00992,270.63,51.91,0.56175548,0.7134294595999999,2.17,2.347523e-08,1.048426e-08,2.050672e-08,8.907299e-09,99.63,94.80,9413.68,8957.21,47.74,45.02
5.96138,8,0.5436,0.011,0.011,5.235,6.049,0.9874,0.00992,270.63,51.91,0.56175448,0.7134281896,2.17,2.345578e-08,1.046836e-08,2.049491e-08,8.895625e-09,99.51,94.68,9401.97,8945.58,47.67,44.96
5.96162,8,0.5436,0.011,0.011,5.235,6.049,0.9874,0.00992,270.63,51.91,0.56175352,0.7134269704,2.17,2.344647e-08,1.046242e-08,2.046005e-08,8.882817e-09,99.48,94.72,9399.08,8949.72,47.65,44.98
5.96188,8,0.5437,0.011,0.010,5.235,6.049,0.9874,0.00992,270.63,51.91,0.56175248,0.7134256496,2.17,2.341677e-08,1.044717e-08,2.042868e-08,8.867332e-09,99.46,94.70,9397.64,8948.11,47.64,44.97
5.96213,8,0.5437,0.011,0.010,5.235,6.049,0.9874,0.00992,270.63,51.91,0.56175148,0.7134243795999999,2.17,2.339506e-08,1.043202e-08,2.039524e-08,8.844578e-09,99.37,94.55,9388.76,8933.40,47.59,44.88
5.96237,8,0.5437,0.011,0.010,5.235,6.049,0.9874,0.00992,270.63,51.91,0.5617505199999999,0.7134231603999999,2.17,2.337364e-08,1.041237e-08,2.037087e-08,8.831412e-09,99.19,94.50,9372.35,8928.77,47.49,44.86
5.96263,8,0.5438,0.011,0.010,5.235,6.049,0.9874,0.00992,270.63,51.91,0.5617494799999999,0.7134218395999999,2.17,2.335329e-08,1.039495e-08,2.033053e-08,8.818638e-09,99.07,94.61,9360.51,8938.84,47.42,44.92
5.96288,8,0.5438,0.011,0.010,5.235,6.049,0.9874,0.00992,270.63,51.91,0.56174848,0.7134205696,2.17,2.331008e-08,1.038169e-08,2.029652e-08,8.800946e-09,99.17,94.55,9370.23,8933.57,47.48,44.88
5.96312,8,0.5438,0.011,0.010,5.235,6.049,0.9874,0.00992,270.63,51.91,0.56174752,0.7134193503999999,2.17,2.330135e-08,1.03682e-08,2.026245e-08,8.783609e-09,99.01,94.50,9354.61,8928.97,47.39,44.86
5.96338,8,0.5439,0.011,0.010,5.235,6.049,0.9874,0.00992,270.64,51.91,0.5617464799999999,0.7134180295999999,2.17,2.32598e-08,1.035761e-08,2.022068e-08,8.76229e-09,99.16,94.46,9369.20,8924.84,47.47,44.83
5.96363,8,0.5439,0.011,0.010,5.235,6.049,0.9874,0.00992,270.64,51.91,0.5617454799999999,0.7134167595999998,2.17,2.324048e-08,1.033956e-08,2.018598e-08,8.749194e-09,99.00,94.49,9353.79,8928.33,47.38,44.85
5.96387,8,0.5439,0.011,0.010,5.235,6.049,0.9874,0.00992,270.64,51.91,0.56174452,0.7134155404,2.17,2.321658e-08,1.032582e-08,2.014309e-08,8.729076e-09,98.94,94.47,9348.73,8925.58,47.35,44.84
5.96413,8,0.5440,0.011,0.010,5.234,6.049,0.9874,0.00992,270.64,51.91,0.56174348,0.7134142196,2.17,2.318229e-08,1.031195e-08,2.010391e-08,8.708872e-09,98.99,94.42,9352.70,8921.39,47.38,44.81
5.96438,8,0.5440,0.011,0.010,5.234,6.049,0.9874,0.00992,270.64,51.91,0.5617424799999999,0.7134129495999999,2.17,2.313248e-08,1.030094e-08,2.008215e-08,8.689384e-09,99.18,94.23,9370.97,8903.20,47.48,44.70
5.96462,8,0.5440,0.011,0.010,5.234,6.049,0.9874,0.00992,270.64,51.91,0.56174152,0.7134117304,2.17,2.311102e-08,1.027331e-08,2.004095e-08,8.673328e-09,98.87,94.26,9341.34,8906.40,47.31,44.72
5.96488,8,0.5441,0.011,0.010,5.234,6.049,0.9874,0.00992,270.64,51.91,0.56174048,0.7134104096,2.17,2.309288e-08,1.027053e-08,2.000129e-08,8.65113e-09,98.98,94.18,9351.72,8898.91,47.37,44.68
5.96512,8,0.5441,0.011,0.010,5.234,6.049,0.9874,0.00992,270.64,51.91,0.5617395199999999,0.7134091904,2.17,2.308283e-08,1.025528e-08,1.99641e-08,8.633011e-09,98.79,94.14,9334.04,8895.22,47.26,44.66
5.96537,8,0.5441,0.011,0.010,5.234,6.049,0.9874,0.00992,270.64,51.91,0.5617385199999999,0.7134079203999999,2.17,2.305775e-08,1.023967e-08,1.993137e-08,8.618607e-09,98.71,94.14,9326.72,8894.76,47.22,44.65
5.96563,8,0.5442,0.011,0.010,5.234,6.049,0.9874,0.00992,270.64,51.91,0.56173748,0.7134065996,2.17,2.304542e-08,1.022917e-08,1.989088e-08,8.603909e-09,98.64,94.21,9320.20,8901.52,47.18,44.69
5.96587,8,0.5442,0.011,0.010,5.234,6.049,0.9874,0.00992,270.64,51.91,0.56173652,0.7134053804,2.17,2.301634e-08,1.022098e-08,1.985069e-08,8.58756e-09,98.72,94.23,9327.94,8903.41,47.23,44.70
5.96612,8,0.5442,0.011,0.010,5.234,6.049,0.9874,0.00992,270.64,51.91,0.5617355199999999,0.7134041104,2.17,2.299493e-08,1.020572e-08,1.982616e-08,8.566021e-09,98.62,94.02,9318.50,8883.44,47.17,44.59
5.96638,8,0.5443,0.011,0.010,5.234,6.049,0.9874,0.00992,270.64,51.91,0.5617344799999999,0.7134027895999999,2.17,2.297572e-08,1.019939e-08,1.979042e-08,8.555244e-09,98.68,94.13,9323.82,8893.61,47.20,44.65
5.96662,8,0.5443,0.011,0.010,5.234,6.049,0.9874,0.00992,270.64,51.91,0.56173352,0.7134015704,2.17,2.29537e-08,1.018871e-08,1.974983e-08,8.538297e-09,98.66,94.14,9322.33,8894.71,47.19,44.65
5.96687,8,0.5443,0.011,0.010,5.234,6.049,0.9874,0.00992,270.64,51.91,0.56173252,0.7134003003999999,2.17,2.296364e-08,1.018649e-08,1.97262e-08,8.524641e-09,98.55,94.07,9311.43,8888.39,47.13,44.61
5.96713,8,0.5444,0.011,0.010,5.234,6.049,0.9874,0.00992,270.64,51.91,0.56173148,0.7133989796,2.17,2.294792e-08,1.017685e-08,1.96996e-08,8.5144e-09,98.52,94.11,9308.75,8892.33,47.11,44.64
5.96737,8,0.5444,0.011,0.010,5.234,6.049,0.9874,0.00992,270.64,51.91,0.56173052,0.7133977604,2.17,2.294583e-08,1.017633e-08,1.967008e-08,8.499441e-09,98.53,94.07,9309.42,8888.28,47.12,44.61
5.96762,8,0.5444,0.011,0.010,5.234,6.049,0.9874,0.00992,270.64,51.91,0.56172952,0.7133964904,2.17,2.293268e-08,1.017162e-08,1.966476e-08,8.48612e-09,98.55,93.86,9311.27,8868.00,47.13,44.49
5.96788,8,0.5445,0.011,0.010,5.234,6.049,0.9874,0.00992,270.64,51.91,0.56172848,0.7133951695999999,2.17,2.292212e-08,1.016137e-08,1.962835e-08,8.482039e-09,98.47,94.10,9303.82,8891.08,47.08,44.63
5.96812,8,0.5445,0.011,0.010,5.234,6.049,0.9874,0.00992,270.64,51.91,0.5617275199999999,0.7133939503999999,2.17,2.294051e-08,1.016135e-08,1.961406e-08,8.47301e-09,98.33,94.04,9290.40,8885.81,47.00,44.60
5.96837,8,0.5445,0.011,0.010,5.234,6.049,0.9874,0.00992,270.64,51.91,0.56172652,0.7133926804,2.17,2.292965e-08,1.015967e-08,1.960988e-08,8.460962e-09,98.38,93.84,9295.54,8866.91,47.03,44.49
5.96863,8,0.5446,0.011,0.010,5.234,6.049,0.9874,0.00992,270.64,51.91,0.56172548,0.7133913596,2.17,2.293368e-08,1.015332e-08,1.959065e-08,8.455928e-09,98.26,93.93,9283.89,8874.56,46.96,44.53
5.96887,8,0.5446,0.011,0.010,5.234,6.049,0.9874,0.00992,270.64,51.91,0.56172452,0.7133901403999999,2.17,2.293347e-08,1.016213e-08,1.957024e-08,8.451293e-09,98.41,94.01,9298.51,8882.28,47.05,44.58
5.96913,8,0.5446,0.011,0.010,5.234,6.049,0.9874,0.00992,270.64,51.91,0.5617234799999999,0.7133888195999999,2.17,2.294182e-08,1.015755e-08,1.957082e-08,8.441506e-09,98.27,93.81,9284.92,8863.73,46.97,44.47
5.96938,8,0.5447,0.011,0.010,5.233,6.049,0.9874,0.00992,270.64,51.91,0.5617224799999999,0.7133875496,2.17,2.291958e-08,1.015321e-08,1.955724e-08,8.436414e-09,98.38,93.84,9295.67,8866.77,47.03,44.48
5.96962,8,0.5447,0.011,0.010,5.233,6.049,0.9874,0.00992,270.64,51.91,0.56172152,0.7133863304,2.17,2.294525e-08,1.016157e-08,1.955365e-08,8.441011e-09,98.33,93.96,9290.73,8878.14,47.01,44.55
5.96988,8,0.5447,0.011,0.010,5.233,6.049,0.9874,0.00992,270.64,51.91,0.56172048,0.7133850096,2.17,2.29385e-08,1.015782e-08,1.955139e-08,8.433324e-09,98.32,93.83,9289.48,8865.72,47.00,44.48
5.97013,8,0.5448,0.011,0.010,5.233,6.049,0.9874,0.00992,270.64,51.91,0.5617194799999999,0.7133837395999999,2.17,2.29428e-08,1.015822e-08,1.955812e-08,8.436047e-09,98.31,93.85,9288.71,8867.02,46.99,44.49
5.97037,8,0.5448,0.011,0.010,5.233,6.049,0.9874,0.00992,270.64,51.91,0.56171852,0.7133825204,2.17,2.296317e-08,1.015559e-08,1.955145e-08,8.437431e-09,98.11,93.93,9269.63,8874.90,46.88,44.53
5.97063,8,0.5448,0.011,0.010,5.233,6.049,0.9874,0.00992,270.64,51.91,0.56171748,0.7133811996,2.17,2.296081e-08,1.015669e-08,1.955918e-08,8.436499e-09,98.14,93.85,9273.14,8867.01,46.90,44.49
5.97088,8,0.5449,0.011,0.010,5.233,6.049,0.9874,0.00992,270.64,51.91,0.56171648,0.7133799296,2.17,2.295525e-08,1.016039e-08,1.95633e-08,8.4333e-09,98.27,93.77,9284.94,8859.45,46.97,44.44
5.97112,8,0.5449,0.011,0.010,5.233,6.049,0.9874,0.00992,270.64,51.91,0.5617155199999999,0.7133787103999999,2.17,2.296812e-08,1.016424e-08,1.956518e-08,8.433021e-09,98.24,93.74,9281.91,8857.43,46.95,44.43
5.97138,8,0.5449,0.011,0.010,5.233,6.049,0.9874,0.00992,270.64,51.91,0.56171448,0.7133773896000001,2.17,2.297236e-08,1.016056e-08,1.95814e-08,8.438623e-09,98.14,93.72,9272.82,8854.87,46.90,44.41
5.97163,8,0.5450,0.011,0.010,5.233,6.049,0.9874,0.00992,270.64,51.91,0.56171348,0.7133761196,2.17,2.297133e-08,1.016038e-08,1.958914e-08,8.439295e-09,98.16,93.68,9274.97,8851.59,46.91,44.39
5.97187,8,0.5450,0.011,0.010,5.233,6.049,0.9874,0.00992,270.64,51.91,0.5617125199999999,0.7133749004,2.17,2.298648e-08,1.016463e-08,1.959011e-08,8.448018e-09,98.12,93.84,9270.96,8866.90,46.89,44.48
5.97213,8,0.5450,0.011,0.010,5.233,6.049,0.9874,0.00992,270.64,51.91,0.5617114799999999,0.7133735795999999,2.17,2.297642e-08,1.016067e-08,1.959332e-08,8.443301e-09,98.13,93.73,9271.76,8855.65,46.89,44.42
5.97238,8,0.5451,0.011,0.010,5.233,6.049,0.9874,0.00992,270.64,51.91,0.5617104799999999,0.7133723095999999,2.17,2.29798e-08,1.016365e-08,1.960517e-08,8.451991e-09,98.17,93.81,9275.89,8863.88,46.92,44.47
5.97262,8,0.5451,0.011,0.010,5.233,6.049,0.9874,0.00992,270.64,51.91,0.56170952,0.7133710903999999,2.17,2.296609e-08,1.016393e-08,1.96196e-08,8.452016e-09,98.28,93.69,9286.28,8852.47,46.98,44.40
5.97288,8,0.5452,0.011,0.010,5.233,6.049,0.9874,0.00992,270.64,51.91,0.56170848,0.7133697696,2.17,2.296516e-08,1.015322e-08,1.961804e-08,8.454122e-09,98.12,93.76,9271.12,8859.21,46.89,44.44
5.97312,8,0.5452,0.011,0.010,5.233,6.049,0.9874,0.00992,270.64,51.91,0.56170752,0.7133685504,2.17,2.296273e-08,1.014696e-08,1.962274e-08,8.458342e-09,98.03,93.81,9262.63,8863.25,46.84,44.46
5.97337,8,0.5452,0.011,0.010,5.233,6.049,0.9874,0.00992,270.64,51.91,0.56170652,0.7133672804,2.17,2.295493e-08,1.014602e-08,1.962512e-08,8.453547e-09,98.08,93.69,9266.73,8852.54,46.86,44.40
5.97363,8,0.5453,0.011,0.010,5.233,6.049,0.9874,0.00992,270.64,51.91,0.56170548,0.7133659595999999,2.17,2.293147e-08,1.014148e-08,1.964606e-08,8.462895e-09,98.20,93.72,9277.99,8854.77,46.93,44.41
5.97387,8,0.5453,0.011,0.010,5.233,6.049,0.9874,0.00993,270.64,51.91,0.5617045199999999,0.7133647404,2.17,2.292882e-08,1.013189e-08,1.964119e-08,8.458239e-09,98.05,93.67,9264.19,8850.06,46.85,44.38
5.97412,8,0.5453,0.011,0.010,5.233,6.049,0.9874,0.00993,270.64,51.91,0.56170352,0.7133634704,2.17,2.29204e-08,1.01157e-08,1.965289e-08,8.460964e-09,97.83,93.62,9243.77,8845.81,46.72,44.36
5.97438,8,0.5454,0.011,0.010,5.232,6.049,0.9874,0.00993,270.64,51.91,0.56170248,0.7133621496,2.17,2.287975e-08,1.011813e-08,1.965082e-08,8.461162e-09,98.21,93.66,9278.91,8849.44,46.93,44.38
5.97462,8,0.5454,0.011,0.010,5.232,6.049,0.9874,0.00993,270.64,51.91,0.56170152,0.7133609303999999,2.17,2.28626e-08,1.010584e-08,1.965085e-08,8.47085e-09,98.12,93.85,9271.17,8867.22,46.89,44.49
5.97487,8,0.5454,0.011,0.010,5.232,6.049,0.9874,0.00993,270.64,51.91,0.5617005199999999,0.7133596603999999,2.17,2.285257e-08,1.009551e-08,1.966572e-08,8.464129e-09,98.02,93.59,9261.47,8843.11,46.83,44.34
5.97513,8,0.5455,0.011,0.010,5.232,6.049,0.9874,0.00993,270.64,51.91,0.5616994799999999,0.7133583396,2.17,2.282743e-08,1.008687e-08,1.966344e-08,8.467445e-09,98.08,93.69,9267.23,8852.62,46.86,44.40
5.97537,8,0.5455,0.011,0.010,5.232,6.049,0.9874,0.00993,270.64,51.91,0.56169852,0.7133571204,2.17,2.280035e-08,1.007e-08,1.964763e-08,8.466095e-09,98.00,93.80,9259.15,8862.65,46.82,44.46
5.97562,8,0.5455,0.011,0.010,5.232,6.049,0.9874,0.00993,270.64,51.91,0.56169752,0.7133558503999999,2.17,2.276807e-08,1.005901e-08,1.964185e-08,8.460228e-09,98.05,93.73,9264.54,8856.44,46.85,44.42
5.97588,8,0.5456,0.011,0.010,5.232,6.049,0.9874,0.00993,270.64,51.91,0.5616964799999999,0.7133545295999999,2.17,2.272067e-08,1.004362e-08,1.963421e-08,8.461542e-09,98.17,93.84,9275.42,8866.54,46.91,44.48
5.97612,8,0.5456,0.011,0.010,5.232,6.049,0.9874,0.00993,270.64,51.91,0.56169552,0.7133533104,2.17,2.270468e-08,1.002887e-08,1.964298e-08,8.456852e-09,98.03,93.68,9262.71,8850.97,46.84,44.39
5.97637,8,0.5456,0.011,0.010,5.232,6.049,0.9874,0.00993,270.64,51.91,0.56169452,0.7133520404,2.17,2.265256e-08,1.001473e-08,1.962565e-08,8.453665e-09,98.19,93.76,9277.45,8858.83,46.92,44.43
5.97663,8,0.5457,0.011,0.010,5.232,6.049,0.9874,0.00993,270.64,51.91,0.56169348,0.7133507196,2.17,2.261737e-08,9.999256e-09,1.962165e-08,8.451903e-09,98.21,93.78,9279.29,8860.38,46.93,44.44
5.97687,8,0.5457,0.011,0.010,5.232,6.049,0.9874,0.00993,270.64,51.91,0.5616925199999999,0.7133495003999999,2.17,2.257357e-08,9.97615e-09,1.960864e-08,8.446894e-09,98.14,93.79,9273.05,8861.48,46.90,44.45
5.97713,8,0.5457,0.011,0.010,5.232,6.049,0.9874,0.00993,270.64,51.91,0.5616914799999999,0.7133481795999999,2.17,2.254456e-08,9.960765e-09,1.958022e-08,8.440552e-09,98.10,93.90,9268.78,8872.37,46.87,44.52
5.97738,8,0.5458,0.011,0.010,5.232,6.049,0.9874,0.00993,270.64,51.91,0.56169048,0.7133469096,2.17,2.251085e-08,9.941176e-09,1.957331e-08,8.439883e-09,98.03,93.96,9262.64,8878.27,46.84,44.55
5.97762,8,0.5458,0.011,0.010,5.232,6.049,0.9874,0.00993,270.64,51.91,0.5616895199999999,0.7133456904,2.17,2.244531e-08,9.920863e-09,1.955185e-08,8.429564e-09,98.19,93.94,9277.09,8876.30,46.92,44.54
5.97788,8,0.5458,0.011,0.010,5.232,6.049,0.9874,0.00993,270.64,51.91,0.5616884799999999,0.7133443695999999,2.17,2.24109e-08,9.896988e-09,1.954476e-08,8.416481e-09,98.03,93.75,9262.56,8857.75,46.83,44.43
5.97813,8,0.5459,0.011,0.010,5.232,6.049,0.9874,0.00993,270.64,51.91,0.56168748,0.7133430996000001,2.17,2.2358e-08,9.889197e-09,1.950709e-08,8.412515e-09,98.33,94.01,9290.45,8882.10,47.00,44.57
5.97837,8,0.5459,0.011,0.010,5.232,6.049,0.9874,0.00993,270.64,51.91,0.56168652,0.7133418804,2.17,2.232416e-08,9.866477e-09,1.950456e-08,8.400419e-09,98.19,93.79,9277.38,8861.69,46.92,44.45
5.97863,8,0.5459,0.011,0.010,5.232,6.049,0.9874,0.00993,270.64,51.91,0.56168548,0.7133405596,2.17,2.227373e-08,9.850962e-09,1.947501e-08,8.392314e-09,98.31,93.88,9288.82,8870.27,46.99,44.50
5.97888,8,0.5460,0.011,0.010,5.232,6.049,0.9874,0.00993,270.64,51.91,0.5616844799999999,0.7133392895999999,2.17,2.224094e-08,9.82592e-09,1.945888e-08,8.387542e-09,98.14,93.94,9272.69,8875.94,46.89,44.54
5.97912,8,0.5460,0.011,0.010,5.232,6.049,0.9874,0.00993,270.64,51.91,0.56168352,0.7133380704,2.17,2.220662e-08,9.810709e-09,1.943702e-08,8.372465e-09,98.14,93.83,9272.61,8865.42,46.89,44.47
5.97938,8,0.5460,0.011,0.010,5.232,6.049,0.9874,0.00993,270.64,51.91,0.56168248,0.7133367496,2.17,2.213438e-08,9.792463e-09,1.942156e-08,8.36659e-09,98.38,93.84,9295.85,8866.88,47.03,44.48
5.97963,8,0.5461,0.011,0.010,5.231,6.049,0.9874,0.00993,270.64,51.91,0.56168148,0.7133354796,2.17,2.212499e-08,9.77023e-09,1.940086e-08,8.358279e-09,98.08,93.87,9266.80,8869.64,46.86,44.50
5.97987,8,0.5461,0.011,0.010,5.231,6.049,0.9874,0.00993,270.64,51.91,0.5616805199999999,0.7133342603999999,2.17,2.208631e-08,9.750732e-09,1.938466e-08,8.358217e-09,98.03,94.01,9262.69,8882.55,46.83,44.57
5.98013,8,0.5461,0.011,0.010,5.231,6.049,0.9874,0.00993,270.64,51.91,0.56167948,0.7133329396,2.17,2.203186e-08,9.745233e-09,1.936089e-08,8.342711e-09,98.37,93.91,9294.35,8872.72,47.02,44.52
5.98038,8,0.5462,0.011,0.010,5.231,6.049,0.9874,0.00993,270.64,51.91,0.56167848,0.7133316695999999,2.17,2.200983e-08,9.725579e-09,1.933884e-08,8.338054e-09,98.21,94.02,9279.10,8883.42,46.93,44.58
5.98062,8,0.5462,0.011,0.010,5.231,6.049,0.9874,0.00993,270.64,51.91,0.5616775199999999,0.7133304503999999,2.17,2.196449e-08,9.705193e-09,1.933966e-08,8.333808e-09,98.20,93.93,9278.50,8874.81,46.93,44.53
5.98088,8,0.5462,0.011,0.010,5.231,6.049,0.9874,0.00993,270.64,51.91,0.5616764799999999,0.7133291296,2.17,2.191725e-08,9.685437e-09,1.929538e-08,8.328662e-09,98.22,94.21,9280.42,8900.98,46.94,44.68
5.98112,8,0.5463,0.011,0.010,5.231,6.049,0.9874,0.00993,270.64,51.91,0.56167552,0.7133279104,2.17,2.188771e-08,9.673271e-09,1.930638e-08,8.321346e-09,98.26,93.98,9283.64,8879.95,46.96,44.56
5.98137,8,0.5463,0.011,0.010,5.231,6.049,0.9874,0.00993,270.64,51.91,0.56167452,0.7133266403999999,2.17,2.184743e-08,9.657702e-09,1.928392e-08,8.30966e-09,98.30,93.94,9287.49,8876.19,46.98,44.54
5.98163,8,0.5463,0.011,0.010,5.231,6.049,0.9874,0.00993,270.64,51.91,0.56167348,0.7133253195999999,2.17,2.181063e-08,9.643922e-09,1.926364e-08,8.313973e-09,98.34,94.20,9291.78,8900.74,47.01,44.68
5.98187,8,0.5464,0.011,0.010,5.231,6.049,0.9874,0.00993,270.64,51.91,0.56167252,0.7133241004,2.17,2.178571e-08,9.635341e-09,1.926531e-08,8.303163e-09,98.40,93.99,9297.70,8880.67,47.04,44.56
5.98212,8,0.5464,0.011,0.010,5.231,6.049,0.9874,0.00993,270.64,51.91,0.56167152,0.7133228304,2.17,2.176629e-08,9.622152e-09,1.925252e-08,8.297543e-09,98.32,93.99,9289.74,8880.47,46.99,44.56
5.98238,8,0.5464,0.011,0.010,5.231,6.049,0.9874,0.00993,270.64,51.91,0.56167048,0.7133215096,2.17,2.172846e-08,9.615911e-09,1.924363e-08,8.299086e-09,98.51,94.10,9307.93,8890.59,47.10,44.62
5.98262,8,0.5465,0.011,0.010,5.231,6.049,0.9874,0.00993,270.64,51.91,0.5616695199999999,0.7133202903999999,2.17,2.171935e-08,9.599489e-09,1.923959e-08,8.296787e-09,98.30,94.10,9288.12,8891.17,46.98,44.62
5.98287,8,0.5465,0.011,0.010,5.231,6.049,0.9874,0.00993,270.64,51.91,0.56166852,0.7133190204000001,2.17,2.167624e-08,9.586878e-09,1.924406e-08,8.29656e-09,98.42,94.06,9299.32,8887.11,47.05,44.60
5.98313,8,0.5465,0.011,0.010,5.231,6.049,0.9874,0.00993,270.64,51.91,0.56166748,0.7133176996,2.17,2.16665e-08,9.581716e-09,1.924014e-08,8.292743e-09,98.41,94.02,9297.84,8883.11,47.04,44.58
5.98337,8,0.5466,0.011,0.010,5.231,6.049,0.9874,0.00993,270.64,51.91,0.56166652,0.7133164804,2.17,2.163241e-08,9.573845e-09,1.921869e-08,8.294004e-09,98.56,94.24,9312.10,8904.56,47.13,44.70
5.98362,8,0.5466,0.011,0.010,5.231,6.049,0.9874,0.00993,270.64,51.91,0.5616655199999999,0.7133152103999999,2.17,2.163899e-08,9.565897e-09,1.922755e-08,8.305179e-09,98.36,94.39,9293.17,8918.44,47.01,44.79
5.98388,8,0.5466,0.011,0.010,5.231,6.049,0.9874,0.00993,270.64,51.91,0.5616644799999999,0.7133138895999999,2.17,2.160612e-08,9.565413e-09,1.924372e-08,8.304907e-09,98.62,94.25,9317.70,8904.75,47.16,44.71
5.98412,8,0.5467,0.010,0.010,5.231,6.049,0.9874,0.00993,270.64,51.91,0.56166352,0.7133126704,2.17,2.158777e-08,9.559097e-09,1.925134e-08,8.310415e-09,98.67,94.31,9322.49,8910.49,47.19,44.74
5.98438,8,0.5467,0.010,0.010,5.231,6.049,0.9874,0.00993,270.64,51.91,0.56166248,0.7133113496,2.17,2.156909e-08,9.55083e-09,1.925612e-08,8.314411e-09,98.67,94.34,9322.50,8914.14,47.19,44.76
5.98463,8,0.5467,0.010,0.010,5.231,6.049,0.9874,0.00993,270.64,51.91,0.5616614799999999,0.7133100795999999,2.17,2.156779e-08,9.54692e-09,1.927651e-08,8.317641e-09,98.60,94.23,9316.66,8903.63,47.15,44.70
5.98487,8,0.5468,0.010,0.010,5.230,6.049,0.9874,0.00993,270.64,51.91,0.56166052,0.7133088604,2.17,2.154048e-08,9.548665e-09,1.927919e-08,8.323581e-09,98.88,94.35,9342.65,8914.27,47.31,44.76
5.98513,8,0.5468,0.010,0.010,5.230,6.049,0.9874,0.00993,270.64,51.91,0.56165948,0.7133075396,2.17,2.152048e-08,9.538113e-09,1.92841e-08,8.3299e-09,98.85,94.43,9339.68,8922.19,47.29,44.81
5.98538,8,0.5468,0.010,0.010,5.230,6.049,0.9874,0.00993,270.64,51.91,0.56165848,0.7133062696,2.17,2.151532e-08,9.536002e-09,1.930452e-08,8.333458e-09,98.85,94.32,9339.99,8912.28,47.29,44.75
5.98562,8,0.5469,0.010,0.010,5.230,6.049,0.9874,0.00993,270.64,51.91,0.5616575199999999,0.7133050503999999,2.17,2.151672e-08,9.530719e-09,1.932899e-08,8.349764e-09,98.76,94.46,9331.32,8924.71,47.24,44.82
5.98588,8,0.5469,0.010,0.010,5.230,6.049,0.9874,0.00993,270.64,51.91,0.56165648,0.7133037296,2.17,2.150572e-08,9.533524e-09,1.934792e-08,8.354783e-09,98.90,94.39,9344.83,8918.78,47.32,44.79
5.98613,8,0.5470,0.010,0.010,5.230,6.049,0.9874,0.00993,270.64,51.91,0.56165548,0.7133024595999999,2.17,2.149405e-08,9.528751e-09,1.936319e-08,8.364316e-09,98.93,94.47,9347.24,8925.93,47.33,44.83
5.98637,8,0.5470,0.010,0.010,5.230,6.049,0.9874,0.00993,270.64,51.91,0.5616545199999999,0.7133012404,2.17,2.147515e-08,9.522982e-09,1.93767e-08,8.365014e-09,98.98,94.37,9351.85,8916.29,47.36,44.77
5.98663,8,0.5470,0.010,0.010,5.230,6.049,0.9874,0.00993,270.64,51.91,0.5616534799999999,0.7132999195999999,2.17,2.147739e-08,9.519495e-09,1.939641e-08,8.380797e-09,98.89,94.51,9343.95,8929.92,47.31,44.85
5.98688,8,0.5471,0.010,0.010,5.230,6.049,0.9874,0.00993,270.64,51.91,0.56165248,0.7132986496,2.17,2.145959e-08,9.518438e-09,1.942539e-08,8.390304e-09,99.04,94.47,9357.72,8925.91,47.40,44.83
5.98712,8,0.5471,0.010,0.010,5.230,6.049,0.9874,0.00993,270.64,51.91,0.56165152,0.7132974303999999,2.17,2.145492e-08,9.5162e-09,1.944933e-08,8.40525e-09,99.04,94.56,9357.42,8934.53,47.39,44.88
5.98738,8,0.5471,0.010,0.010,5.230,6.049,0.9874,0.00993,270.64,51.91,0.56165048,0.7132961095999999,2.17,2.143515e-08,9.520864e-09,1.946689e-08,8.411675e-09,99.29,94.54,9381.21,8932.35,47.54,44.87
5.98763,8,0.5472,0.010,0.010,5.230,6.049,0.9874,0.00993,270.64,51.91,0.5616494799999999,0.7132948396,2.17,2.141259e-08,9.510916e-09,1.949283e-08,8.424212e-09,99.31,94.58,9383.05,8936.47,47.55,44.89
5.98787,8,0.5472,0.010,0.010,5.230,6.049,0.9874,0.00993,270.64,51.91,0.56164852,0.7132936204,2.17,2.141521e-08,9.514275e-09,1.950911e-08,8.433823e-09,99.35,94.63,9386.95,8941.27,47.57,44.92
5.98813,8,0.5472,0.010,0.010,5.230,6.049,0.9874,0.00993,270.64,51.91,0.56164748,0.7132922996,2.17,2.140732e-08,9.51295e-09,1.952302e-08,8.447463e-09,99.39,94.78,9390.82,8955.52,47.59,45.01
5.98837,8,0.5473,0.010,0.010,5.230,6.049,0.9874,0.00993,270.64,51.91,0.5616465199999999,0.7132910803999999,2.17,2.139e-08,9.501209e-09,1.954111e-08,8.451844e-09,99.33,94.73,9385.35,8950.72,47.56,44.98
5.98862,8,0.5473,0.010,0.010,5.230,6.049,0.9874,0.00993,270.64,51.91,0.56164552,0.7132898104000001,2.17,2.137246e-08,9.505172e-09,1.957498e-08,8.466384e-09,99.55,94.73,9406.28,8950.52,47.68,44.98
5.98888,8,0.5473,0.010,0.010,5.230,6.049,0.9874,0.00993,270.64,51.91,0.56164448,0.7132884896,2.17,2.136223e-08,9.503951e-09,1.958497e-08,8.461002e-09,99.62,94.54,9412.21,8932.47,47.72,44.87
5.98912,8,0.5474,0.010,0.010,5.230,6.049,0.9874,0.00993,270.64,51.91,0.56164352,0.7132872704,2.17,2.135513e-08,9.495553e-09,1.958559e-08,8.478084e-09,99.54,94.89,9404.59,8965.40,47.67,45.06
5.98937,8,0.5474,0.010,0.010,5.230,6.049,0.9874,0.00993,270.64,51.91,0.5616425199999999,0.7132860003999999,2.17,2.133918e-08,9.491842e-09,1.959913e-08,8.482266e-09,99.60,94.85,9410.62,8962.27,47.71,45.05
5.98963,8,0.5474,0.010,0.010,5.230,6.049,0.9874,0.00993,270.64,51.91,0.5616414799999999,0.7132846795999999,2.17,2.130716e-08,9.492765e-09,1.96184e-08,8.489886e-09,99.89,94.84,9437.78,8960.93,47.87,45.04
5.98987,8,0.5475,0.010,0.010,5.229,6.049,0.9874,0.00993,270.64,51.91,0.56164052,0.7132834604,2.17,2.128305e-08,9.485622e-09,1.964684e-08,8.499296e-09,99.97,94.80,9445.97,8957.19,47.92,45.01
5.99012,8,0.5475,0.010,0.010,5.229,6.049,0.9874,0.00993,270.64,51.91,0.56163952,0.7132821904,2.17,2.128107e-08,9.476254e-09,1.962613e-08,8.503116e-09,99.81,95.05,9430.73,8980.98,47.83,45.16
5.99038,8,0.5475,0.010,0.010,5.229,6.049,0.9874,0.00993,270.64,51.91,0.5616384799999999,0.7132808695999999,2.17,2.124692e-08,9.474216e-09,1.963712e-08,8.513405e-09,100.06,95.16,9454.42,8991.28,47.97,45.22
5.99062,8,0.5476,0.010,0.010,5.229,6.049,0.9874,0.00993,270.64,51.91,0.56163752,0.7132796504,2.17,2.121962e-08,9.474965e-09,1.963439e-08,8.512563e-09,100.33,95.19,9479.48,8993.56,48.12,45.23
5.99087,8,0.5476,0.010,0.010,5.229,6.049,0.9874,0.00993,270.64,51.91,0.56163652,0.7132783804,2.17,2.120105e-08,9.470395e-09,1.965991e-08,8.518252e-09,100.40,95.08,9486.22,8983.55,48.16,45.17
5.99113,8,0.5476,0.010,0.010,5.229,6.049,0.9874,0.00993,270.64,51.91,0.56163548,0.7132770596,2.17,2.117194e-08,9.461147e-09,1.966586e-08,8.519507e-09,100.47,95.05,9493.03,8981.09,48.20,45.16
5.99137,8,0.5477,0.010,0.010,5.229,6.049,0.9874,0.00993,270.64,51.91,0.5616345199999999,0.7132758403999999,2.17,2.114776e-08,9.458927e-09,1.965047e-08,8.521646e-09,100.65,95.24,9510.37,8999.14,48.30,45.26
5.99162,8,0.5477,0.010,0.010,5.229,6.049,0.9874,0.00993,270.64,51.91,0.56163352,0.7132745704,2.17,2.114047e-08,9.453445e-09,1.96553e-08,8.520701e-09,100.61,95.18,9506.33,8993.47,48.28,45.23
5.99188,8,0.5477,0.010,0.010,5.229,6.049,0.9874,0.00993,270.64,51.91,0.56163248,0.7132732496,2.17,2.111678e-08,9.443774e-09,1.966519e-08,8.523738e-09,100.63,95.16,9508.01,8991.14,48.29,45.22
5.99212,8,0.5478,0.010,0.010,5.229,6.049,0.9874,0.00993,270.64,51.91,0.5616315199999999,0.7132720304,2.17,2.108487e-08,9.440217e-09,1.964719e-08,8.522689e-09,100.86,95.31,9529.31,9005.38,48.41,45.30
5.99238,8,0.5478,0.010,0.010,5.229,6.049,0.9874,0.00993,270.64,51.91,0.5616304799999999,0.7132707095999999,2.17,2.106524e-08,9.436211e-09,1.965152e-08,8.528223e-09,100.95,95.38,9538.06,9012.20,48.47,45.34
5.99263,8,0.5478,0.010,0.010,5.229,6.049,0.9874,0.00993,270.64,51.91,0.56162948,0.7132694396,2.17,2.103208e-08,9.423688e-09,1.964302e-08,8.527513e-09,100.99,95.44,9542.34,9017.77,48.49,45.37
5.99287,8,0.5479,0.010,0.010,5.229,6.049,0.9874,0.00993,270.64,51.91,0.56162852,0.7132682203999999,2.17,2.099394e-08,9.420462e-09,1.964025e-08,8.527599e-09,101.28,95.48,9569.59,9021.82,48.65,45.40
5.99313,8,0.5479,0.010,0.010,5.229,6.049,0.9874,0.00993,270.64,51.91,0.56162748,0.7132668996,2.17,2.097388e-08,9.414628e-09,1.96214e-08,8.527891e-09,101.34,95.65,9575.44,9037.70,48.69,45.49
5.99338,8,0.5479,0.010,0.010,5.229,6.049,0.9874,0.00993,270.64,51.91,0.5616264799999999,0.7132656296,2.17,2.095388e-08,9.415911e-09,1.961522e-08,8.526711e-09,101.54,95.68,9594.41,9040.52,48.80,45.51
5.99362,8,0.5480,0.010,0.010,5.229,6.049,0.9874,0.00993,270.64,51.91,0.56162552,0.7132644104,2.17,2.093136e-08,9.399465e-09,1.960929e-08,8.520547e-09,101.44,95.63,9584.44,9035.44,48.74,45.48
5.99388,8,0.5480,0.010,0.010,5.229,6.049,0.9874,0.00993,270.64,51.91,0.56162448,0.7132630896,2.17,2.090319e-08,9.405148e-09,1.961312e-08,8.524759e-09,101.80,95.68,9618.47,9040.22,48.94,45.51
5.99413,8,0.5480,0.010,0.010,5.229,6.049,0.9874,0.00993,270.64,51.91,0.56162348,0.7132618195999999,2.17,2.088421e-08,9.397492e-09,1.959258e-08,8.526078e-09,101.82,95.88,9620.12,9059.48,48.95,45.62
5.99437,8,0.5481,0.010,0.010,5.229,6.049,0.9874,0.00993,270.64,51.91,0.56162252,0.7132606004,2.17,2.085737e-08,9.399272e-09,1.960208e-08,8.522471e-09,102.11,95.75,9647.73,9046.59,49.12,45.54
5.99463,8,0.5481,0.010,0.010,5.229,6.049,0.9874,0.00993,270.64,51.91,0.56162148,0.7132592796,2.17,2.084302e-08,9.394379e-09,1.958075e-08,8.524628e-09,102.14,95.97,9650.68,9068.10,49.13,45.67
5.99488,8,0.5481,0.010,0.010,5.229,6.049,0.9874,0.00993,270.64,51.91,0.56162048,0.7132580096,2.17,2.082739e-08,9.387325e-09,1.957538e-08,8.522715e-09,102.14,95.98,9650.66,9068.90,49.13,45.68
5.99512,8,0.5482,0.010,0.010,5.228,6.049,0.9874,0.00993,270.64,51.91,0.5616195199999999,0.7132567903999999,2.17,2.080696e-08,9.390562e-09,1.958598e-08,8.52292e-09,102.41,95.91,9675.77,9062.25,49.28,45.64
5.99538,8,0.5482,0.010,0.010,5.228,6.049,0.9874,0.00993,270.64,51.91,0.5616184799999999,0.7132554695999999,2.17,2.077451e-08,9.390427e-09,1.957015e-08,8.528105e-09,102.69,96.15,9703.09,9085.02,49.45,45.77
5.99563,8,0.5482,0.010,0.010,5.228,6.049,0.9874,0.00993,270.64,51.91,0.56161748,0.7132541996,2.17,2.077657e-08,9.381014e-09,1.958247e-08,8.532134e-09,102.49,96.13,9683.61,9082.49,49.33,45.76
5.99587,8,0.5483,0.010,0.010,5.228,6.049,0.9874,0.00993,270.64,51.91,0.56161652,0.7132529804,2.17,2.075773e-08,9.393606e-09,1.95633e-08,8.542125e-09,102.93,96.51,9725.20,9118.85,49.58,45.97
5.99613,8,0.5483,0.010,0.010,5.228,6.049,0.9874,0.00993,270.64,51.91,0.56161548,0.7132516595999999,2.17,2.075888e-08,9.386723e-09,1.958137e-08,8.542301e-09,102.78,96.36,9711.21,9104.26,49.49,45.89
5.99637,8,0.5483,0.010,0.010,5.228,6.049,0.9874,0.00993,270.64,51.91,0.56161452,0.7132504404,2.17,2.075491e-08,9.388549e-09,1.958684e-08,8.543948e-09,102.85,96.34,9718.05,9102.86,49.53,45.88
5.99662,8,0.5484,0.010,0.010,5.228,6.049,0.9874,0.00993,270.64,51.91,0.56161352,0.7132491704,2.17,2.07315e-08,9.395476e-09,1.960028e-08,8.547587e-09,103.22,96.31,9753.02,9100.32,49.74,45.86
5.99688,8,0.5484,0.010,0.010,5.228,6.049,0.9874,0.00993,270.64,51.91,0.56161248,0.7132478496,2.17,2.073155e-08,9.399533e-09,1.959794e-08,8.557389e-09,103.30,96.53,9760.69,9120.78,49.79,45.98
5.99712,8,0.5484,0.010,0.010,5.228,6.049,0.9874,0.00993,270.64,51.91,0.5616115199999999,0.7132466303999999,2.17,2.071697e-08,9.404661e-09,1.959904e-08,8.567645e-09,103.54,96.73,9783.02,9139.29,49.92,46.09
5.99737,8,0.5485,0.010,0.010,5.228,6.049,0.9874,0.00993,270.64,51.91,0.56161052,0.7132453604,2.17,2.073068e-08,9.405913e-09,1.962054e-08,8.568361e-09,103.46,96.57,9775.35,9124.53,49.87,46.01
5.99763,8,0.5485,0.010,0.010,5.228,6.049,0.9874,0.00993,270.64,51.91,0.56160948,0.7132440396,2.17,2.071504e-08,9.419077e-09,1.962958e-08,8.589041e-09,103.87,96.91,9813.99,9156.19,50.10,46.19
5.99787,8,0.5485,0.010,0.010,5.228,6.049,0.9874,0.00993,270.64,51.91,0.5616085199999999,0.7132428204,2.17,2.073672e-08,9.423455e-09,1.965444e-08,8.604577e-09,103.76,97.00,9803.53,9165.01,50.04,46.25
5.99812,8,0.5486,0.010,0.010,5.228,6.049,0.9874,0.00993,270.64,51.91,0.5616075199999999,0.7132415503999999,2.17,2.073472e-08,9.43119e-09,1.967445e-08,8.615221e-09,103.95,97.06,9821.82,9170.25,50.15,46.28
5.99838,8,0.5486,0.010,0.010,5.228,6.049,0.9874,0.00993,270.64,51.91,0.5616064799999999,0.7132402295999999,2.17,2.07422e-08,9.443526e-09,1.970207e-08,8.632314e-09,104.13,97.16,9838.90,9179.71,50.25,46.33
5.99862,8,0.5486,0.010,0.010,5.228,6.049,0.9874,0.00993,270.64,51.91,0.56160552,0.7132390103999999,2.17,2.074479e-08,9.448382e-09,1.972775e-08,8.649714e-09,104.21,97.28,9845.93,9191.34,50.29,46.40
5.99887,8,0.5487,0.010,0.010,5.228,6.049,0.9874,0.00993,270.64,51.91,0.5616045199999999,0.7132377404,2.17,2.077548e-08,9.463945e-09,1.976323e-08,8.661186e-09,104.26,97.21,9850.75,9185.30,50.32,46.37
5.99913,8,0.5487,0.010,0.010,5.228,6.049,0.9874,0.00993,270.64,51.91,0.5616034799999999,0.7132364196,2.17,2.077067e-08,9.47735e-09,1.98263e-08,8.685436e-09,104.57,97.15,9880.62,9178.92,50.50,46.33
5.99937,8,0.5487,0.010,0.010,5.228,6.049,0.9874,0.00993,270.64,51.91,0.56160252,0.7132352004,2.17,2.077869e-08,9.482512e-09,1.984392e-08,8.702574e-09,104.60,97.33,9883.50,9196.63,50.52,46.43
5.99962,8,0.5488,0.010,0.010,5.228,6.049,0.9874,0.00993,270.64,51.91,0.56160152,0.7132339303999999,2.17,2.080079e-08,9.496214e-09,1.988496e-08,8.728852e-09,104.70,97.52,9892.23,9213.88,50.57,46.54
5.99988,8,0.5488,0.010,0.010,5.228,6.049,0.9874,0.00993,270.64,51.91,0.56160048,0.7132326095999999,2.17,2.082377e-08,9.506349e-09,1.991346e-08,8.753807e-09,104.69,97.76,9891.55,9237.28,50.56,46.68
6.00012,8,0.5488,0.010,0.010,5.228,6.049,0.9874,0.00993,270.64,51.91,0.5615995199999999,0.7132313903999999,2.17,2.08496e-08,9.530186e-09,1.998579e-08,8.771167e-09,104.93,97.48,9914.60,9210.23,50.70,46.51
6.00038,8,0.5489,0.010,0.010,5.227,6.049,0.9874,0.00993,270.64,51.91,0.56159848,0.7132300696,2.17,2.086988e-08,9.545555e-09,2.002569e-08,8.806262e-09,105.08,97.84,9928.09,9244.81,50.78,46.72
6.00063,8,0.5489,0.010,0.010,5.227,6.049,0.9874,0.00993,270.64,51.91,0.56159748,0.7132287996,2.17,2.088693e-08,9.559176e-09,2.006339e-08,8.825508e-09,105.19,97.90,9939.25,9249.80,50.85,46.75
6.00087,8,0.5490,0.010,0.010,5.227,6.049,0.9874,0.00993,270.64,51.91,0.5615965199999999,0.7132275803999999,2.17,2.09048e-08,9.577029e-09,2.012632e-08,8.850266e-09,105.41,97.86,9959.61,9246.03,50.97,46.73
6.00113,8,0.5490,0.010,0.010,5.227,6.049,0.9874,0.00993,270.64,51.91,0.5615954799999999,0.7132262596,2.17,2.093995e-08,9.591437e-09,2.017264e-08,8.881873e-09,105.38,98.08,9956.37,9266.96,50.95,46.85
6.00138,8,0.5490,0.010,0.010,5.227,6.049,0.9874,0.00993,270.64,51.91,0.56159448,0.7132249896,2.17,2.093783e-08,9.605575e-09,2.02539e-08,8.915484e-09,105.68,98.04,9985.35,9262.94,51.12,46.83
6.00162,8,0.5491,0.010,0.010,5.227,6.049,0.9874,0.00993,270.64,51.91,0.56159352,0.7132237704,2.17,2.097407e-08,9.626508e-09,2.030061e-08,8.943298e-09,105.79,98.20,9995.43,9278.07,51.18,46.92
6.00188,8,0.5491,0.010,0.010,5.227,6.049,0.9874,0.00993,270.64,51.91,0.56159248,0.7132224495999999,2.17,2.101941e-08,9.641273e-09,2.03604e-08,8.975118e-09,105.67,98.30,9983.86,9288.20,51.11,46.98
6.00213,8,0.5491,0.010,0.010,5.227,6.049,0.9874,0.00993,270.65,51.91,0.5615914799999999,0.7132211795999999,2.17,2.104648e-08,9.6635e-09,2.043121e-08,9.004531e-09,105.86,98.27,10002.62,9284.88,51.22,46.96
6.00237,8,0.5492,0.010,0.010,5.227,6.049,0.9874,0.00993,270.65,51.91,0.56159052,0.7132199604,2.17,2.105874e-08,9.673793e-09,2.049451e-08,9.035946e-09,105.98,98.35,10013.37,9293.04,51.29,47.01
6.00263,8,0.5492,0.010,0.010,5.227,6.049,0.9874,0.00993,270.65,51.91,0.56158948,0.7132186396,2.17,2.110508e-08,9.696136e-09,2.055412e-08,9.065418e-09,106.00,98.42,10015.38,9298.89,51.30,47.04
6.00288,8,0.5492,0.010,0.010,5.227,6.049,0.9874,0.00993,270.65,51.91,0.56158848,0.7132173695999999,2.17,2.113227e-08,9.722572e-09,2.060735e-08,9.098733e-09,106.28,98.61,10042.03,9316.92,51.46,47.15
6.00312,8,0.5493,0.010,0.010,5.227,6.049,0.9874,0.00993,270.65,51.91,0.56158752,0.7132161504,2.17,2.115811e-08,9.734371e-09,2.068284e-08,9.134022e-09,106.30,98.66,10043.68,9322.19,51.47,47.18
6.00338,8,0.5493,0.010,0.010,5.227,6.049,0.9874,0.00993,270.65,51.91,0.56158648,0.7132148296,2.17,2.118051e-08,9.751894e-09,2.075348e-08,9.165659e-09,106.45,98.67,10057.47,9322.99,51.55,47.18
6.00363,8,0.5493,0.010,0.010,5.227,6.049,0.9874,0.00993,270.65,51.91,0.56158548,0.7132135596,2.17,2.12121e-08,9.773772e-09,2.080854e-08,9.202246e-09,106.59,98.91,10071.48,9345.31,51.63,47.32
6.00387,8,0.5494,0.010,0.010,5.227,6.049,0.9874,0.00993,270.65,51.91,0.5615845199999999,0.7132123403999999,2.17,2.124258e-08,9.790369e-09,2.088145e-08,9.229746e-09,106.66,98.83,10078.18,9338.41,51.67,47.28
6.00413,8,0.5494,0.010,0.010,5.227,6.049,0.9874,0.00993,270.65,51.91,0.5615834799999999,0.7132110195999999,2.17,2.128064e-08,9.80128e-09,2.092701e-08,9.270436e-09,106.53,99.23,10065.55,9375.66,51.60,47.50
6.00437,8,0.5494,0.010,0.010,5.227,6.049,0.9874,0.00993,270.65,51.91,0.56158252,0.7132098003999999,2.17,2.13086e-08,9.824598e-09,2.099658e-08,9.294036e-09,106.74,99.09,10085.42,9362.60,51.71,47.42
6.00462,8,0.5495,0.010,0.010,5.227,6.049,0.9874,0.00993,270.65,51.91,0.56158152,0.7132085304,2.17,2.132184e-08,9.84361e-09,2.106867e-08,9.325533e-09,107.02,99.10,10111.86,9363.56,51.87,47.42
6.00488,8,0.5495,0.010,0.010,5.227,6.049,0.9874,0.00993,270.65,51.91,0.5615804799999999,0.7132072096,2.17,2.136682e-08,9.859905e-09,2.112099e-08,9.347827e-09,106.93,99.08,10103.35,9362.01,51.82,47.41
6.00512,8,0.5495,0.010,0.010,5.227,6.049,0.9874,0.00993,270.65,51.91,0.56157952,0.7132059904,2.17,2.140626e-08,9.876157e-09,2.11816e-08,9.392457e-09,106.89,99.42,10099.65,9393.96,51.80,47.60
6.00537,8,0.5496,0.010,0.010,5.226,6.049,0.9874,0.00993,270.65,51.91,0.56157852,0.7132047203999999,2.17,2.140619e-08,9.898843e-09,2.123024e-08,9.405997e-09,107.37,99.29,10144.71,9381.28,52.07,47.53
6.00563,8,0.5496,0.010,0.010,5.226,6.049,0.9874,0.00993,270.65,51.91,0.56157748,0.7132033996,2.17,2.145171e-08,9.913283e-09,2.128427e-08,9.445817e-09,107.24,99.59,10132.15,9409.69,51.99,47.70
6.00587,8,0.5496,0.010,0.010,5.226,6.049,0.9874,0.00993,270.65,51.91,0.5615765199999999,0.7132021803999999,2.17,2.146608e-08,9.93112e-09,2.134974e-08,9.470752e-09,107.46,99.51,10153.43,9402.33,52.12,47.65
6.00612,8,0.5497,0.010,0.010,5.226,6.049,0.9874,0.00993,270.65,51.91,0.56157552,0.7132009104,2.17,2.146824e-08,9.946748e-09,2.139623e-08,9.497189e-09,107.78,99.64,10183.15,9414.40,52.29,47.73
6.00638,8,0.5497,0.010,0.010,5.226,6.049,0.9874,0.00993,270.65,51.91,0.56157448,0.7131995896,2.17,2.150965e-08,9.955105e-09,2.144127e-08,9.518539e-09,107.56,99.66,10162.55,9416.82,52.17,47.74
6.00662,8,0.5497,0.010,0.010,5.226,6.049,0.9874,0.00993,270.65,51.91,0.5615735199999999,0.7131983703999999,2.17,2.153709e-08,9.980925e-09,2.148385e-08,9.542019e-09,107.82,99.75,10187.48,9424.95,52.32,47.79
6.00687,8,0.5498,0.010,0.010,5.226,6.049,0.9874,0.00993,270.65,51.91,0.5615725199999999,0.7131971003999998,2.17,2.156293e-08,9.996696e-09,2.154193e-08,9.574365e-09,107.92,99.89,10196.55,9438.28,52.37,47.87
6.00713,8,0.5498,0.010,0.010,5.226,6.049,0.9874,0.00993,270.65,51.91,0.56157148,0.7131957796,2.17,2.158709e-08,1.001148e-08,2.158923e-08,9.594799e-09,107.99,99.88,10203.35,9437.24,52.41,47.86
6.00737,8,0.5498,0.010,0.010,5.226,6.049,0.9874,0.00993,270.65,51.91,0.56157052,0.7131945604,2.17,2.160245e-08,1.002984e-08,2.16266e-08,9.614254e-09,108.22,99.93,10224.72,9442.27,52.54,47.89
6.00762,8,0.5499,0.010,0.010,5.226,6.049,0.9874,0.00993,270.65,51.91,0.5615695199999999,0.7131932903999999,2.17,2.160605e-08,1.003803e-08,2.167664e-08,9.635116e-09,108.37,99.93,10238.99,9441.54,52.63,47.89
6.00788,8,0.5499,0.010,0.010,5.226,6.049,0.9874,0.00993,270.65,51.91,0.5615684799999999,0.7131919695999999,2.17,2.163353e-08,1.005868e-08,2.172489e-08,9.655187e-09,108.53,99.90,10254.00,9439.12,52.72,47.87
6.00812,8,0.5499,0.010,0.010,5.226,6.049,0.9874,0.00993,270.65,51.91,0.56156752,0.7131907504,2.17,2.166964e-08,1.007606e-08,2.176159e-08,9.686008e-09,108.54,100.17,10255.12,9464.64,52.72,48.02
6.00838,8,0.5500,0.010,0.010,5.226,6.049,0.9874,0.00993,270.65,51.91,0.56156648,0.7131894296,2.17,2.167832e-08,1.008266e-08,2.180966e-08,9.698947e-09,108.61,100.03,10261.86,9451.51,52.76,47.95
6.00863,8,0.5500,0.010,0.010,5.226,6.049,0.9874,0.00993,270.65,51.91,0.56156548,0.7131881595999999,2.17,2.171043e-08,1.00974e-08,2.182867e-08,9.723117e-09,108.60,100.32,10261.49,9479.11,52.76,48.11
6.00887,8,0.5500,0.010,0.010,5.226,6.049,0.9874,0.00993,270.65,51.91,0.56156452,0.7131869404,2.17,2.171467e-08,1.011623e-08,2.187691e-08,9.745157e-09,108.94,100.33,10293.56,9480.08,52.95,48.12
6.00913,8,0.5501,0.010,0.010,5.226,6.049,0.9874,0.00993,270.65,51.91,0.56156348,0.7131856196,2.17,2.174765e-08,1.013147e-08,2.192129e-08,9.765574e-09,108.96,100.36,10295.20,9482.93,52.96,48.13
6.00938,8,0.5501,0.010,0.010,5.226,6.049,0.9874,0.00993,270.65,51.91,0.56156248,0.7131843496,2.17,2.175955e-08,1.014136e-08,2.195913e-08,9.787553e-09,109.05,100.46,10303.46,9491.89,53.01,48.19
6.00962,8,0.5501,0.010,0.010,5.226,6.049,0.9874,0.00993,270.65,51.91,0.5615615199999999,0.7131831303999999,2.17,2.178364e-08,1.015504e-08,2.200018e-08,9.806815e-09,109.10,100.48,10308.13,9493.58,53.04,48.20
6.00988,8,0.5502,0.010,0.010,5.226,6.049,0.9874,0.00993,270.65,51.91,0.5615604799999999,0.7131818095999999,2.17,2.180027e-08,1.016932e-08,2.203482e-08,9.828343e-09,109.25,100.61,10322.41,9505.92,53.12,48.27
6.01013,8,0.5502,0.010,0.010,5.226,6.049,0.9874,0.00993,270.65,51.91,0.56155948,0.7131805396,2.17,2.183233e-08,1.019047e-08,2.208255e-08,9.847292e-09,109.37,100.56,10334.19,9501.85,53.19,48.24
6.01037,8,0.5502,0.010,0.010,5.226,6.049,0.9874,0.00993,270.65,51.91,0.56155852,0.7131793204,2.17,2.184414e-08,1.02071e-08,2.211067e-08,9.871878e-09,109.60,100.79,10355.34,9522.82,53.32,48.37
6.01063,8,0.5503,0.010,0.010,5.225,6.049,0.9874,0.00993,270.65,51.91,0.5615574799999999,0.7131779996,2.17,2.186107e-08,1.022183e-08,2.21552e-08,9.888021e-09,109.76,100.74,10370.21,9518.05,53.40,48.34
6.01088,8,0.5503,0.010,0.010,5.225,6.049,0.9874,0.00993,270.65,51.91,0.5615564799999999,0.7131767295999999,2.17,2.188538e-08,1.023025e-08,2.221086e-08,9.916698e-09,109.70,100.81,10364.60,9524.70,53.37,48.38
6.01112,8,0.5503,0.010,0.010,5.225,6.049,0.9874,0.00993,270.65,51.91,0.56155552,0.7131755103999999,2.17,2.191518e-08,1.025697e-08,2.225243e-08,9.942142e-09,109.95,100.93,10388.92,9536.63,53.52,48.45
6.01138,8,0.5504,0.010,0.010,5.225,6.049,0.9874,0.00994,270.65,51.91,0.56155448,0.7131741896,2.17,2.192592e-08,1.027587e-08,2.231092e-08,9.963518e-09,110.25,100.86,10417.25,9530.14,53.68,48.41
6.01163,8,0.5504,0.010,0.010,5.225,6.049,0.9874,0.00994,270.65,51.91,0.5615534799999999,0.7131729196,2.17,2.196225e-08,1.028204e-08,2.234921e-08,9.987962e-09,110.03,101.00,10396.59,9542.82,53.56,48.49
6.01187,8,0.5504,0.010,0.010,5.225,6.049,0.9874,0.00994,270.65,51.91,0.56155252,0.7131717004,2.17,2.198612e-08,1.030203e-08,2.241365e-08,1.001354e-08,110.21,100.94,10413.34,9537.28,53.66,48.45
6.01213,8,0.5505,0.010,0.010,5.225,6.049,0.9874,0.00994,270.65,51.91,0.56155148,0.7131703796,2.17,2.201167e-08,1.032352e-08,2.246009e-08,1.004557e-08,110.42,101.16,10433.34,9558.41,53.78,48.58
6.01237,8,0.5505,0.010,0.010,5.225,6.049,0.9874,0.00994,270.65,51.91,0.5615505199999999,0.7131691603999999,2.17,2.202621e-08,1.034261e-08,2.252881e-08,1.007885e-08,110.67,101.21,10456.70,9562.78,53.92,48.61
6.01262,8,0.5505,0.010,0.010,5.225,6.049,0.9874,0.00994,270.65,51.91,0.5615495199999999,0.7131678904,2.17,2.205404e-08,1.03576e-08,2.258333e-08,1.010652e-08,110.71,101.27,10460.36,9568.40,53.94,48.64
6.01288,8,0.5506,0.010,0.010,5.225,6.049,0.9874,0.00994,270.65,51.91,0.5615484799999999,0.7131665695999999,2.17,2.208159e-08,1.038693e-08,2.265739e-08,1.013513e-08,111.06,101.21,10493.48,9562.39,54.14,48.60
6.01312,8,0.5506,0.010,0.010,5.225,6.049,0.9874,0.00994,270.65,51.91,0.56154752,0.7131653504,2.17,2.212938e-08,1.040086e-08,2.270601e-08,1.018355e-08,110.89,101.69,10477.22,9607.92,54.04,48.87
6.01337,8,0.5506,0.010,0.010,5.225,6.049,0.9874,0.00994,270.65,51.91,0.5615465199999999,0.7131640803999999,2.17,2.214163e-08,1.043027e-08,2.278317e-08,1.020918e-08,111.36,101.53,10522.24,9592.63,54.31,48.78
6.01363,8,0.5507,0.010,0.010,5.225,6.049,0.9874,0.00994,270.65,51.91,0.5615454799999999,0.7131627596,2.17,2.216847e-08,1.044359e-08,2.286165e-08,1.024913e-08,111.40,101.63,10525.44,9602.49,54.33,48.84
6.01387,8,0.5507,0.010,0.010,5.225,6.049,0.9874,0.00994,270.65,51.91,0.56154452,0.7131615404,2.17,2.220781e-08,1.046472e-08,2.295514e-08,1.028105e-08,111.45,101.45,10530.38,9585.61,54.36,48.74
6.01412,8,0.5507,0.010,0.010,5.225,6.049,0.9874,0.00994,270.65,51.91,0.56154352,0.7131602704,2.17,2.223976e-08,1.048753e-08,2.301027e-08,1.032457e-08,111.61,101.79,10545.13,9617.37,54.44,48.93
6.01438,8,0.5508,0.010,0.010,5.225,6.049,0.9874,0.00994,270.65,51.91,0.56154248,0.7131589495999999,2.17,2.228378e-08,1.05114e-08,2.309733e-08,1.036151e-08,111.69,101.77,10552.95,9615.54,54.49,48.92
6.01462,8,0.5508,0.010,0.010,5.225,6.049,0.9874,0.00994,270.65,51.91,0.5615415199999999,0.7131577303999999,2.17,2.230317e-08,1.053581e-08,2.316253e-08,1.040475e-08,112.00,102.02,10581.97,9639.05,54.66,49.06
6.01487,8,0.5509,0.010,0.010,5.225,6.049,0.9874,0.00994,270.65,51.91,0.56154052,0.7131564604,2.17,2.236375e-08,1.05591e-08,2.326669e-08,1.045845e-08,111.91,102.16,10573.78,9652.38,54.61,49.14
6.01513,8,0.5509,0.010,0.010,5.225,6.049,0.9874,0.00994,270.65,51.91,0.56153948,0.7131551396,2.17,2.238469e-08,1.05775e-08,2.334779e-08,1.049256e-08,112.08,102.12,10589.93,9648.46,54.71,49.11
6.01537,8,0.5509,0.010,0.010,5.225,6.049,0.9874,0.00994,270.65,51.91,0.5615385199999999,0.7131539203999999,2.17,2.241027e-08,1.060952e-08,2.347087e-08,1.054007e-08,112.48,101.98,10627.78,9635.51,54.93,49.04
6.01562,8,0.5510,0.010,0.010,5.224,6.049,0.9874,0.00994,270.65,51.91,0.56153752,0.7131526504,2.17,2.245162e-08,1.063847e-08,2.355045e-08,1.058798e-08,112.69,102.21,10647.53,9657.41,55.05,49.17
6.01588,8,0.5510,0.010,0.010,5.224,6.049,0.9874,0.00994,270.65,51.91,0.56153648,0.7131513296,2.17,2.249679e-08,1.067001e-08,2.36396e-08,1.063771e-08,112.89,102.38,10666.79,9673.35,55.17,49.26
6.01612,8,0.5510,0.010,0.010,5.224,6.049,0.9874,0.00994,270.65,51.91,0.56153552,0.7131501104,2.17,2.252369e-08,1.06867e-08,2.372668e-08,1.06882e-08,112.97,102.58,10674.26,9691.99,55.21,49.37
6.01638,8,0.5511,0.010,0.010,5.224,6.049,0.9874,0.00994,270.65,51.91,0.56153448,0.7131487895999999,2.17,2.256359e-08,1.071618e-08,2.384814e-08,1.074331e-08,113.21,102.60,10696.23,9694.40,55.34,49.39
6.01663,8,0.5511,0.010,0.010,5.224,6.049,0.9874,0.00994,270.65,51.91,0.5615334799999999,0.7131475195999999,2.17,2.261675e-08,1.0739e-08,2.395085e-08,1.077995e-08,113.16,102.44,10691.63,9678.67,55.31,49.29
6.01687,8,0.5511,0.010,0.010,5.224,6.049,0.9874,0.00994,270.65,51.91,0.56153252,0.7131463003999999,2.17,2.265147e-08,1.076532e-08,2.403971e-08,1.084481e-08,113.35,102.86,10710.26,9719.19,55.42,49.53
6.01713,8,0.5512,0.010,0.010,5.224,6.049,0.9874,0.00994,270.65,51.91,0.56153148,0.7131449796,2.17,2.268205e-08,1.079212e-08,2.41512e-08,1.089745e-08,113.62,102.92,10735.46,9724.77,55.57,49.57
6.01738,8,0.5512,0.010,0.010,5.224,6.049,0.9874,0.00994,270.65,51.91,0.5615304799999999,0.7131437096,2.17,2.27216e-08,1.082377e-08,2.425987e-08,1.09434e-08,113.88,102.87,10759.79,9719.77,55.72,49.54
6.01762,8,0.5512,0.010,0.010,5.224,6.049,0.9874,0.00994,270.65,51.91,0.56152952,0.7131424904,2.17,2.275973e-08,1.085104e-08,2.434812e-08,1.10067e-08,114.06,103.27,10777.06,9757.71,55.82,49.76
6.01788,8,0.5513,0.010,0.010,5.224,6.049,0.9874,0.00994,270.65,51.91,0.56152848,0.7131411696,2.17,2.281661e-08,1.088211e-08,2.444244e-08,1.104385e-08,114.16,103.20,10786.50,9750.64,55.88,49.72
6.01813,8,0.5513,0.010,0.010,5.224,6.049,0.9874,0.00994,270.65,51.91,0.56152748,0.7131398996,2.17,2.283586e-08,1.090329e-08,2.456108e-08,1.11004e-08,114.40,103.25,10809.25,9755.36,56.01,49.75
6.01837,8,0.5513,0.010,0.010,5.224,6.049,0.9874,0.00994,270.65,51.91,0.5615265199999999,0.7131386804,2.17,2.288008e-08,1.092415e-08,2.466593e-08,1.114601e-08,114.40,103.22,10808.77,9752.53,56.01,49.73
6.01863,8,0.5514,0.010,0.010,5.224,6.049,0.9874,0.00994,270.65,51.91,0.5615254799999999,0.7131373595999999,2.17,2.292735e-08,1.095529e-08,2.475431e-08,1.120608e-08,114.59,103.58,10826.94,9786.37,56.12,49.93
6.01888,8,0.5514,0.010,0.010,5.224,6.049,0.9874,0.00994,270.65,51.91,0.56152448,0.7131360896,2.17,2.297461e-08,1.097928e-08,2.484947e-08,1.124933e-08,114.62,103.58,10829.60,9786.65,56.13,49.93
6.01912,8,0.5514,0.010,0.010,5.224,6.049,0.9874,0.00994,270.65,51.91,0.5615235199999999,0.7131348703999999,2.17,2.300373e-08,1.100191e-08,2.496565e-08,1.13009e-08,114.79,103.56,10846.05,9785.02,56.23,49.92
6.01938,8,0.5515,0.010,0.010,5.224,6.049,0.9874,0.00994,270.65,51.91,0.5615224799999999,0.7131335496,2.17,2.304266e-08,1.103481e-08,2.50374e-08,1.134779e-08,115.10,103.82,10874.99,9809.56,56.40,50.07
6.01962,8,0.5515,0.010,0.010,5.224,6.049,0.9874,0.00994,270.65,51.91,0.56152152,0.7131323304,2.17,2.308485e-08,1.105926e-08,2.512509e-08,1.138901e-08,115.18,103.85,10883.01,9811.89,56.45,50.08
6.01987,8,0.5515,0.010,0.010,5.224,6.049,0.9874,0.00994,270.65,51.91,0.56152052,0.7131310604,2.17,2.31171e-08,1.108035e-08,2.523006e-08,1.143905e-08,115.30,103.89,10893.65,9815.74,56.51,50.11
6.02013,8,0.5516,0.010,0.010,5.224,6.049,0.9874,0.00994,270.65,51.91,0.56151948,0.7131297395999999,2.17,2.314439e-08,1.110504e-08,2.531713e-08,1.148154e-08,115.55,103.96,10917.55,9822.24,56.65,50.14
6.02037,8,0.5516,0.010,0.010,5.224,6.049,0.9874,0.00994,270.65,51.91,0.5615185199999999,0.7131285203999999,2.17,2.318399e-08,1.11311e-08,2.538662e-08,1.152121e-08,115.69,104.09,10930.88,9834.98,56.73,50.22
6.02062,8,0.5516,0.010,0.010,5.224,6.049,0.9874,0.00994,270.65,51.91,0.56151752,0.7131272504,2.17,2.32222e-08,1.114967e-08,2.546362e-08,1.156945e-08,115.69,104.31,10931.30,9855.72,56.73,50.34
6.02088,8,0.5517,0.010,0.010,5.223,6.049,0.9874,0.00994,270.65,51.91,0.56151648,0.7131259296,2.17,2.324606e-08,1.117618e-08,2.554208e-08,1.161474e-08,116.02,104.49,10961.68,9872.52,56.92,50.44
6.02112,8,0.5517,0.010,0.010,5.223,6.049,0.9874,0.00994,270.65,51.91,0.5615155199999999,0.7131247103999999,2.17,2.327521e-08,1.120371e-08,2.561283e-08,1.165112e-08,116.29,104.56,10987.21,9879.07,57.07,50.48
6.02137,8,0.5517,0.010,0.010,5.223,6.049,0.9874,0.00994,270.65,51.91,0.5615145199999999,0.7131234403999999,2.17,2.329296e-08,1.122297e-08,2.568041e-08,1.16911e-08,116.50,104.71,11007.47,9893.41,57.19,50.57
6.02163,8,0.5518,0.010,0.010,5.223,6.049,0.9874,0.00994,270.65,51.91,0.56151348,0.7131221196,2.17,2.332771e-08,1.124335e-08,2.575711e-08,1.172606e-08,116.59,104.73,11016.35,9895.27,57.24,50.58
6.02187,8,0.5518,0.010,0.010,5.223,6.049,0.9874,0.00994,270.65,51.91,0.56151252,0.7131209004,2.17,2.335382e-08,1.126593e-08,2.580708e-08,1.176182e-08,116.79,104.94,11035.25,9915.40,57.35,50.70
6.02212,8,0.5518,0.010,0.010,5.223,6.049,0.9874,0.00994,270.65,51.91,0.5615115199999999,0.7131196303999999,2.17,2.339376e-08,1.127721e-08,2.587615e-08,1.179882e-08,116.63,105.03,11020.17,9923.93,57.26,50.75
6.02238,8,0.5519,0.010,0.010,5.223,6.049,0.9874,0.00994,270.65,51.91,0.5615104799999999,0.7131183095999999,2.17,2.34236e-08,1.13022e-08,2.593034e-08,1.182411e-08,116.87,105.06,11042.17,9926.63,57.39,50.76
6.02262,8,0.5519,0.010,0.010,5.223,6.049,0.9874,0.00994,270.65,51.91,0.56150952,0.7131170904,2.17,2.343723e-08,1.132417e-08,2.599682e-08,1.18579e-08,117.17,105.12,11071.25,9931.98,57.57,50.80
6.02287,8,0.5519,0.010,0.010,5.223,6.049,0.9874,0.00994,270.65,51.91,0.56150852,0.7131158204,2.17,2.347056e-08,1.134297e-08,2.605952e-08,1.188126e-08,117.23,105.03,11076.35,9923.93,57.60,50.75
6.02313,8,0.5520,0.010,0.010,5.223,6.049,0.9874,0.00994,270.65,51.91,0.56150748,0.7131144996,2.17,2.348397e-08,1.135406e-08,2.610564e-08,1.191213e-08,117.34,105.21,11087.06,9940.83,57.66,50.85
6.02337,8,0.5520,0.010,0.010,5.223,6.049,0.9874,0.00994,270.65,51.91,0.56150652,0.7131132804,2.17,2.350807e-08,1.137408e-08,2.615636e-08,1.194682e-08,117.51,105.40,11102.88,9958.53,57.75,50.95
6.02363,8,0.5520,0.010,0.010,5.223,6.049,0.9874,0.00994,270.65,51.91,0.56150548,0.7131119596,2.17,2.352427e-08,1.139351e-08,2.619731e-08,1.197244e-08,117.74,105.51,11124.81,9969.13,57.88,51.02
6.02388,8,0.5521,0.010,0.010,5.223,6.049,0.9874,0.00994,270.65,51.91,0.56150448,0.7131106896,2.17,2.35458e-08,1.141265e-08,2.626223e-08,1.199422e-08,117.94,105.40,11143.32,9958.87,57.99,50.95
6.02412,8,0.5521,0.010,0.010,5.223,6.049,0.9874,0.00994,270.65,51.91,0.5615035199999999,0.7131094704,2.17,2.355988e-08,1.142137e-08,2.627942e-08,1.202643e-08,117.98,105.80,11146.91,9996.14,58.01,51.18
6.02438,8,0.5521,0.010,0.010,5.223,6.049,0.9874,0.00994,270.65,51.91,0.5615024799999999,0.7131081495999999,2.17,2.356605e-08,1.143821e-08,2.633602e-08,1.204797e-08,118.25,105.73,11173.16,9989.47,58.17,51.14
6.02463,8,0.5522,0.010,0.010,5.223,6.049,0.9874,0.00994,270.65,51.91,0.56150148,0.7131068796,2.17,2.359119e-08,1.145501e-08,2.637758e-08,1.207442e-08,118.37,105.86,11183.91,10002.64,58.23,51.21
6.02487,8,0.5522,0.010,0.010,5.223,6.049,0.9874,0.00994,270.65,51.91,0.56150052,0.7131056603999999,2.17,2.360787e-08,1.14639e-08,2.642583e-08,1.210003e-08,118.38,105.92,11185.41,10008.01,58.24,51.25
6.02513,8,0.5522,0.010,0.010,5.223,6.049,0.9874,0.00994,270.65,51.91,0.5614994799999999,0.7131043396,2.17,2.363934e-08,1.147811e-08,2.645272e-08,1.212586e-08,118.36,106.14,11183.38,10028.63,58.23,51.37
6.02538,8,0.5523,0.010,0.010,5.223,6.049,0.9874,0.00994,270.65,51.91,0.5614984799999999,0.7131030695999999,2.17,2.364394e-08,1.149215e-08,2.651744e-08,1.21444e-08,118.62,105.98,11207.79,10013.51,58.38,51.28
6.02562,8,0.5523,0.010,0.010,5.223,6.049,0.9874,0.00994,270.65,51.91,0.56149752,0.7131018504,2.17,2.366234e-08,1.150054e-08,2.656497e-08,1.217925e-08,118.61,106.19,11206.74,10033.39,58.37,51.40
6.02588,8,0.5523,0.010,0.010,5.223,6.049,0.9874,0.00994,270.65,51.91,0.56149648,0.7131005295999999,2.17,2.368742e-08,1.15199e-08,2.661031e-08,1.219911e-08,118.75,106.18,11220.33,10031.98,58.45,51.39
6.02613,8,0.5524,0.010,0.010,5.222,6.049,0.9874,0.00994,270.65,51.91,0.5614954799999999,0.7130992596,2.17,2.367537e-08,1.152665e-08,2.667362e-08,1.222454e-08,119.03,106.14,11246.31,10028.36,58.60,51.37
6.02637,8,0.5524,0.010,0.010,5.222,6.049,0.9874,0.00994,270.65,51.91,0.56149452,0.7130980404,2.17,2.370855e-08,1.153646e-08,2.670578e-08,1.225744e-08,118.90,106.43,11234.27,10055.86,58.53,51.53
6.02663,8,0.5524,0.010,0.010,5.222,6.049,0.9874,0.00994,270.65,51.91,0.56149348,0.7130967196,2.17,2.37116e-08,1.154522e-08,2.677615e-08,1.229126e-08,119.05,106.45,11248.08,10058.16,58.61,51.54
6.02688,8,0.5525,0.010,0.010,5.222,6.049,0.9874,0.00994,270.65,51.91,0.56149248,0.7130954495999999,2.17,2.372071e-08,1.155511e-08,2.683047e-08,1.231917e-08,119.18,106.52,11260.47,10064.48,58.69,51.58
6.02712,8,0.5525,0.010,0.010,5.222,6.049,0.9874,0.00994,270.65,51.91,0.5614915199999999,0.7130942303999999,2.17,2.373929e-08,1.156727e-08,2.688224e-08,1.235683e-08,119.24,106.74,11266.38,10085.44,58.72,51.71
6.02738,8,0.5525,0.010,0.010,5.222,6.049,0.9874,0.00994,270.65,51.91,0.56149048,0.7130929096,2.17,2.374681e-08,1.157549e-08,2.693134e-08,1.238888e-08,119.33,106.89,11275.03,10099.74,58.77,51.79
6.02762,8,0.5526,0.010,0.010,5.222,6.049,0.9874,0.00994,270.65,51.91,0.56148952,0.7130916904,2.17,2.375895e-08,1.158737e-08,2.698412e-08,1.241437e-08,119.47,106.93,11288.41,10103.39,58.85,51.81
6.02787,8,0.5526,0.010,0.010,5.222,6.049,0.9874,0.00994,270.65,51.91,0.5614885199999999,0.7130904203999999,2.17,2.376104e-08,1.159244e-08,2.70691e-08,1.245984e-08,119.55,107.03,11296.11,10112.98,58.90,51.87
6.02813,8,0.5527,0.010,0.010,5.222,6.049,0.9874,0.00994,270.65,51.91,0.5614874799999999,0.7130890995999999,2.17,2.378315e-08,1.159978e-08,2.714491e-08,1.249113e-08,119.51,106.99,11291.60,10109.40,58.87,51.85
6.02837,8,0.5527,0.010,0.010,5.222,6.049,0.9874,0.00994,270.65,51.91,0.56148652,0.7130878804,2.17,2.378412e-08,1.161688e-08,2.722487e-08,1.252733e-08,119.84,106.99,11323.24,10108.51,59.06,51.84
6.02862,8,0.5527,0.010,0.010,5.222,6.049,0.9874,0.00994,270.65,51.91,0.56148552,0.7130866104,2.17,2.38046e-08,1.162181e-08,2.730834e-08,1.256871e-08,119.74,107.03,11313.59,10112.94,59.00,51.87
6.02888,8,0.5528,0.010,0.010,5.222,6.049,0.9874,0.00994,270.65,51.91,0.56148448,0.7130852896,2.17,2.380141e-08,1.162725e-08,2.739128e-08,1.261528e-08,119.90,107.18,11328.96,10127.26,59.09,51.95
6.02912,8,0.5528,0.010,0.010,5.222,6.049,0.9874,0.00994,270.65,51.91,0.5614835199999999,0.7130840703999999,2.17,2.382065e-08,1.163416e-08,2.744723e-08,1.264167e-08,119.85,107.19,11324.22,10128.18,59.07,51.96
6.02937,8,0.5528,0.010,0.010,5.222,6.049,0.9874,0.00994,270.65,51.91,0.56148252,0.7130828003999999,2.17,2.382012e-08,1.164035e-08,2.755834e-08,1.268891e-08,119.98,107.13,11336.50,10122.36,59.14,51.92
6.02963,8,0.5529,0.010,0.010,5.222,6.076,0.9874,0.00994,270.65,51.91,0.56148148,0.7130814796,2.17,2.383833e-08,1.164783e-08,2.763035e-08,1.275134e-08,119.98,107.61,11335.85,10167.45,59.11,52.16
6.02987,8,0.5529,0.010,0.010,5.222,6.076,0.9874,0.00994,270.65,51.91,0.5614805199999999,0.7130802603999999,2.17,2.38549e-08,1.164947e-08,2.775692e-08,1.278678e-08,119.85,107.25,11323.57,10133.65,59.03,51.96
6.03012,8,0.5529,0.010,0.010,5.222,6.076,0.9874,0.00994,270.65,51.91,0.56147952,0.7130789904,2.17,2.385493e-08,1.166232e-08,2.781703e-08,1.283598e-08,120.10,107.59,11347.98,10165.23,59.18,52.15
6.03038,8,0.5530,0.010,0.010,5.222,6.076,0.9874,0.00994,270.65,51.91,0.56147848,0.7130776696,2.17,2.387399e-08,1.166775e-08,2.793728e-08,1.288989e-08,120.05,107.58,11342.64,10164.76,59.15,52.15
6.03062,8,0.5530,0.010,0.010,5.222,6.076,0.9874,0.00994,270.65,51.91,0.56147752,0.7130764503999999,2.17,2.38893e-08,1.167049e-08,2.803966e-08,1.293824e-08,119.95,107.60,11333.63,10166.38,59.09,52.16
6.03087,8,0.5530,0.010,0.010,5.222,6.076,0.9874,0.00994,270.65,51.91,0.5614765199999999,0.7130751804,2.17,2.386019e-08,1.16846e-08,2.816194e-08,1.298017e-08,120.52,107.38,11387.62,10145.35,59.41,52.03
6.03113,8,0.5531,0.010,0.010,5.221,6.076,0.9874,0.00994,270.65,51.91,0.5614754799999999,0.7130738595999999,2.17,2.389102e-08,1.168549e-08,2.823444e-08,1.303627e-08,120.26,107.74,11362.60,10180.04,59.27,52.24
6.03137,8,0.5531,0.010,0.010,5.221,6.076,0.9874,0.00994,270.65,51.91,0.56147452,0.7130726404,2.17,2.389246e-08,1.168128e-08,2.835447e-08,1.30998e-08,120.16,107.87,11353.25,10191.76,59.21,52.31
6.03163,8,0.5531,0.010,0.010,5.221,6.076,0.9874,0.00994,270.65,51.91,0.56147348,0.7130713195999999,2.17,2.390555e-08,1.169249e-08,2.846873e-08,1.313971e-08,120.26,107.67,11362.40,10173.23,59.26,52.20
6.03188,8,0.5532,0.010,0.010,5.221,6.076,0.9874,0.00994,270.65,51.91,0.5614724799999999,0.7130700496,2.17,2.389485e-08,1.170262e-08,2.857431e-08,1.318546e-08,120.59,107.64,11393.73,10170.80,59.45,52.18
6.03212,8,0.5532,0.010,0.010,5.221,6.076,0.9874,0.00994,270.65,51.91,0.56147152,0.7130688304,2.17,2.39198e-08,1.169471e-08,2.870423e-08,1.325824e-08,120.18,107.84,11355.42,10189.11,59.22,52.29
6.03238,8,0.5532,0.010,0.010,5.221,6.076,0.9874,0.00994,270.65,51.91,0.56147048,0.7130675096,2.17,2.391706e-08,1.170077e-08,2.880449e-08,1.330372e-08,120.33,107.83,11369.49,10187.93,59.31,52.29
6.03263,8,0.5533,0.010,0.010,5.221,6.076,0.9874,0.00994,270.65,51.91,0.56146948,0.7130662395999999,2.17,2.391895e-08,1.171355e-08,2.891908e-08,1.335182e-08,120.59,107.77,11394.13,10182.93,59.45,52.26
6.03287,8,0.5533,0.010,0.010,5.221,6.076,0.9874,0.00994,270.65,51.91,0.5614685199999999,0.7130650203999999,2.17,2.391979e-08,1.171016e-08,2.903269e-08,1.340832e-08,120.52,107.83,11386.88,10188.64,59.41,52.29
6.03313,8,0.5533,0.010,0.010,5.221,6.076,0.9874,0.00994,270.65,51.91,0.5614674799999999,0.7130636995999999,2.17,2.394408e-08,1.17212e-08,2.913292e-08,1.345809e-08,120.50,107.89,11385.26,10193.54,59.40,52.32
6.03338,8,0.5534,0.010,0.010,5.221,6.076,0.9874,0.00994,270.65,51.91,0.56146648,0.7130624296,2.17,2.393587e-08,1.172338e-08,2.924843e-08,1.351026e-08,120.64,107.89,11399.13,10193.71,59.48,52.32
6.03362,8,0.5534,0.010,0.010,5.221,6.076,0.9874,0.00994,270.65,51.91,0.5614655199999999,0.7130612103999999,2.17,2.394925e-08,1.172801e-08,2.933823e-08,1.356278e-08,120.61,108.05,11395.46,10209.16,59.46,52.41
6.03388,8,0.5534,0.010,0.010,5.221,6.076,0.9874,0.00994,270.65,51.91,0.5614644799999999,0.7130598895999999,2.17,2.395341e-08,1.173627e-08,2.944904e-08,1.361308e-08,120.73,108.04,11407.32,10207.87,59.53,52.40
6.03413,8,0.5535,0.010,0.010,5.221,6.076,0.9874,0.00994,270.65,51.91,0.5614634799999999,0.7130586195999998,2.17,2.394265e-08,1.173902e-08,2.955494e-08,1.365234e-08,120.92,107.91,11424.69,10196.25,59.63,52.33
6.03437,8,0.5535,0.010,0.010,5.221,6.076,0.9874,0.00994,270.65,51.91,0.56146252,0.7130574004,2.17,2.394725e-08,1.173998e-08,2.96435e-08,1.369925e-08,120.89,108.00,11422.21,10204.56,59.62,52.38
6.03463,8,0.5535,0.010,0.010,5.221,6.076,0.9874,0.00994,270.65,51.91,0.56146148,0.7130560796,2.17,2.394209e-08,1.173686e-08,2.972664e-08,1.374505e-08,120.88,108.11,11421.09,10214.75,59.61,52.44
6.03488,8,0.5536,0.010,0.010,5.221,6.076,0.9874,0.00994,270.65,51.91,0.5614604799999999,0.7130548095999999,2.17,2.394045e-08,1.173683e-08,2.98471e-08,1.379571e-08,120.91,108.06,11424.63,10209.66,59.63,52.41
6.03512,8,0.5536,0.010,0.010,5.221,6.076,0.9874,0.00994,270.65,51.91,0.56145952,0.7130535904,2.17,2.394222e-08,1.174322e-08,2.991291e-08,1.382088e-08,121.03,107.98,11435.18,10202.46,59.70,52.37
6.03538,8,0.5536,0.010,0.010,5.221,6.076,0.9874,0.00994,270.65,51.91,0.56145848,0.7130522696,2.17,2.395632e-08,1.17525e-08,2.998664e-08,1.386508e-08,121.07,108.13,11439.69,10216.34,59.72,52.45
6.03562,8,0.5537,0.010,0.010,5.221,6.076,0.9874,0.00994,270.65,51.91,0.5614575199999999,0.7130510503999999,2.17,2.393751e-08,1.173746e-08,3.008394e-08,1.390761e-08,120.98,108.11,11430.65,10214.82,59.67,52.44
6.03587,8,0.5537,0.010,0.010,5.221,6.076,0.9874,0.00994,270.65,51.91,0.5614565199999999,0.7130497803999999,2.17,2.392879e-08,1.175186e-08,3.013452e-08,1.39488e-08,121.36,108.37,11466.40,10239.13,59.88,52.59
6.03613,8,0.5537,0.010,0.010,5.221,6.076,0.9874,0.00994,270.65,51.91,0.56145548,0.7130484596000001,2.17,2.394474e-08,1.175505e-08,3.022428e-08,1.397406e-08,121.26,108.13,11457.51,10216.96,59.83,52.46
6.03637,8,0.5538,0.010,0.010,5.220,6.076,0.9874,0.00994,270.65,51.91,0.56145452,0.7130472404,2.17,2.391756e-08,1.175316e-08,3.026232e-08,1.399145e-08,121.52,108.15,11481.56,10218.54,59.97,52.47
6.03662,8,0.5538,0.010,0.010,5.220,6.076,0.9874,0.00994,270.65,51.91,0.5614535199999999,0.7130459704,2.17,2.391134e-08,1.175316e-08,3.036515e-08,1.403475e-08,121.58,108.09,11487.43,10212.80,60.01,52.43
6.03688,8,0.5538,0.010,0.010,5.220,6.076,0.9874,0.00994,270.65,51.91,0.5614524799999999,0.7130446495999999,2.17,2.390682e-08,1.175784e-08,3.037931e-08,1.406347e-08,121.72,108.41,11500.71,10242.83,60.08,52.61
6.03712,8,0.5539,0.010,0.010,5.220,6.076,0.9874,0.00994,270.65,51.91,0.56145152,0.7130434304,2.17,2.389594e-08,1.175301e-08,3.0446e-08,1.408226e-08,121.75,108.25,11503.79,10228.34,60.10,52.52
6.03737,8,0.5539,0.010,0.010,5.220,6.076,0.9874,0.00994,270.65,51.91,0.56145052,0.7130421603999999,2.17,2.388282e-08,1.174868e-08,3.049149e-08,1.409767e-08,121.80,108.17,11507.88,10220.74,60.13,52.48
6.03763,8,0.5539,0.010,0.010,5.220,6.076,0.9874,0.00994,270.65,51.91,0.56144948,0.7130408396,2.17,2.385449e-08,1.175815e-08,3.050695e-08,1.412099e-08,122.27,108.40,11553.14,10242.56,60.40,52.61
6.03787,8,0.5540,0.010,0.010,5.220,6.076,0.9874,0.00994,270.65,51.91,0.56144852,0.7130396204,2.17,2.384771e-08,1.174267e-08,3.055693e-08,1.413276e-08,122.05,108.26,11531.72,10229.09,60.27,52.53
6.03812,8,0.5540,0.010,0.010,5.220,6.076,0.9874,0.00994,270.65,51.91,0.56144752,0.7130383504,2.17,2.382394e-08,1.174444e-08,3.058141e-08,1.414161e-08,122.32,108.23,11557.85,10225.77,60.42,52.51
6.03838,8,0.5540,0.010,0.010,5.220,6.076,0.9874,0.00994,270.65,51.91,0.56144648,0.7130370295999999,2.17,2.381211e-08,1.174138e-08,3.061729e-08,1.416776e-08,122.38,108.36,11563.23,10238.62,60.45,52.58
6.03862,8,0.5541,0.010,0.010,5.220,6.076,0.9874,0.00994,270.65,51.91,0.5614455199999999,0.7130358103999999,2.17,2.377791e-08,1.173594e-08,3.063958e-08,1.417326e-08,122.64,108.31,11587.57,10233.99,60.60,52.56
6.03887,8,0.5541,0.010,0.010,5.220,6.076,0.9874,0.00994,270.65,51.91,0.56144452,0.7130345404,2.17,2.376522e-08,1.173581e-08,3.062475e-08,1.418278e-08,122.77,108.55,11599.54,10256.03,60.67,52.69
6.03913,8,0.5541,0.010,0.010,5.220,6.076,0.9874,0.00994,270.65,51.91,0.56144348,0.7130332196,2.17,2.376222e-08,1.172851e-08,3.068158e-08,1.418771e-08,122.65,108.24,11588.18,10227.32,60.60,52.52
6.03937,8,0.5542,0.010,0.010,5.220,6.076,0.9874,0.00994,270.65,51.91,0.56144252,0.7130320003999999,2.17,2.372615e-08,1.172699e-08,3.068042e-08,1.420602e-08,123.01,108.53,11622.14,10254.47,60.80,52.68
6.03963,8,0.5542,0.010,0.010,5.220,6.076,0.9874,0.00994,270.65,51.91,0.5614414799999999,0.7130306795999999,2.17,2.370192e-08,1.171808e-08,3.069727e-08,1.420343e-08,123.07,108.38,11628.15,10240.52,60.84,52.59
6.03988,8,0.5542,0.010,0.010,5.220,6.076,0.9874,0.00994,270.65,51.91,0.5614404799999999,0.7130294095999999,2.17,2.369159e-08,1.171929e-08,3.069608e-08,1.421569e-08,123.20,108.56,11640.56,10257.72,60.91,52.70
6.04012,8,0.5543,0.010,0.010,5.220,6.076,0.9874,0.00994,270.65,51.91,0.56143952,0.7130281904,2.17,2.365037e-08,1.171113e-08,3.069616e-08,1.422945e-08,123.48,108.78,11666.78,10278.03,61.07,52.82
6.04038,8,0.5543,0.010,0.010,5.220,6.076,0.9874,0.00994,270.65,51.91,0.56143848,0.7130268696,2.17,2.361029e-08,1.170563e-08,3.071737e-08,1.422357e-08,123.78,108.56,11695.17,10256.91,61.24,52.69
6.04063,8,0.5543,0.010,0.010,5.220,6.076,0.9874,0.00994,270.66,51.91,0.5614374799999999,0.7130255995999999,2.17,2.359694e-08,1.169534e-08,3.073391e-08,1.423903e-08,123.70,108.67,11687.89,10267.39,61.19,52.75
6.04087,8,0.5544,0.010,0.010,5.220,6.076,0.9874,0.00994,270.66,51.91,0.56143652,0.7130243804,2.17,2.358014e-08,1.169314e-08,3.073481e-08,1.423762e-08,123.85,108.66,11702.16,10266.79,61.28,52.75
6.04113,8,0.5544,0.010,0.010,5.220,6.076,0.9874,0.00994,270.66,51.91,0.56143548,0.7130230596,2.17,2.3529e-08,1.169522e-08,3.073571e-08,1.424221e-08,124.43,108.72,11756.88,10272.39,61.60,52.78
6.04138,8,0.5544,0.010,0.010,5.220,6.076,0.9874,0.00994,270.66,51.91,0.56143448,0.7130217896,2.17,2.352387e-08,1.167818e-08,3.073158e-08,1.424835e-08,124.12,108.83,11727.94,10283.22,61.43,52.85
6.04162,8,0.5545,0.010,0.010,5.219,6.076,0.9874,0.00994,270.66,51.91,0.5614335199999999,0.7130205703999999,2.17,2.348244e-08,1.167901e-08,3.075271e-08,1.426057e-08,124.60,108.89,11772.89,10288.34,61.70,52.88
6.04188,8,0.5545,0.010,0.010,5.219,6.076,0.9874,0.00994,270.66,51.91,0.56143248,0.7130192496000001,2.17,2.344512e-08,1.166706e-08,3.076671e-08,1.426346e-08,124.74,108.84,11786.18,10283.50,61.78,52.85
6.04213,8,0.5546,0.010,0.010,5.219,6.076,0.9874,0.00994,270.66,51.91,0.56143148,0.7130179796,2.17,2.344103e-08,1.165599e-08,3.076739e-08,1.4262e-08,124.57,108.83,11770.14,10282.96,61.68,52.85
6.04237,8,0.5546,0.010,0.010,5.219,6.076,0.9874,0.00994,270.66,51.91,0.5614305199999999,0.7130167604,2.17,2.340275e-08,1.164955e-08,3.076833e-08,1.428644e-08,124.84,109.17,11795.51,10315.27,61.83,53.04
6.04263,8,0.5546,0.010,0.010,5.219,6.076,0.9874,0.00994,270.66,51.91,0.5614294799999999,0.7130154395999999,2.17,2.337267e-08,1.164e-08,3.07938e-08,1.429243e-08,124.96,109.09,11806.46,10307.42,61.90,52.99
6.04288,8,0.5547,0.010,0.010,5.219,6.076,0.9874,0.00994,270.66,51.91,0.56142848,0.7130141696,2.17,2.334509e-08,1.163146e-08,3.081481e-08,1.429626e-08,125.09,109.03,11819.11,10301.31,61.97,52.95
6.04312,8,0.5547,0.010,0.010,5.219,6.076,0.9874,0.00994,270.66,51.91,0.56142752,0.7130129503999999,2.17,2.330801e-08,1.163243e-08,3.082412e-08,1.43092e-08,125.51,109.15,11858.62,10312.90,62.21,53.02
6.04338,8,0.5547,0.010,0.010,5.219,6.076,0.9874,0.00994,270.66,51.91,0.56142648,0.7130116296,2.17,2.327599e-08,1.16215e-08,3.083424e-08,1.430812e-08,125.62,109.07,11868.91,10305.13,62.27,52.98
6.04362,8,0.5548,0.010,0.010,5.219,6.076,0.9874,0.00994,270.66,51.91,0.56142552,0.7130104104,2.17,2.325681e-08,1.161473e-08,3.086462e-08,1.432909e-08,125.70,109.18,11876.78,10316.22,62.32,53.04
6.04387,8,0.5548,0.010,0.010,5.219,6.076,0.9874,0.00994,270.66,51.91,0.56142452,0.7130091404,2.17,2.321076e-08,1.160811e-08,3.089089e-08,1.43397e-08,126.06,109.16,11910.35,10314.09,62.51,53.03
6.04413,8,0.5548,0.010,0.010,5.219,6.076,0.9874,0.00994,270.66,51.91,0.56142348,0.7130078195999999,2.17,2.320253e-08,1.159667e-08,3.093161e-08,1.436118e-08,125.90,109.20,11895.32,10317.55,62.43,53.05
6.04437,8,0.5549,0.010,0.010,5.219,6.076,0.9874,0.00994,270.66,51.91,0.5614225199999999,0.7130066004,2.17,2.316285e-08,1.159519e-08,3.094305e-08,1.438251e-08,126.32,109.44,11935.23,10340.91,62.66,53.19
6.04462,8,0.5549,0.010,0.010,5.219,6.076,0.9874,0.00994,270.66,51.91,0.56142152,0.7130053304,2.17,2.31295e-08,1.158312e-08,3.096444e-08,1.440159e-08,126.42,109.57,11944.78,10353.18,62.72,53.26
6.04488,8,0.5549,0.010,0.010,5.219,6.076,0.9874,0.00994,270.66,51.91,0.56142048,0.7130040096,2.17,2.311593e-08,1.157718e-08,3.101288e-08,1.440732e-08,126.44,109.34,11946.55,10330.66,62.73,53.13
6.04512,8,0.5550,0.010,0.010,5.219,6.076,0.9874,0.00994,270.66,51.91,0.56141952,0.7130027903999999,2.17,2.309064e-08,1.157206e-08,3.105654e-08,1.442527e-08,126.63,109.32,11964.33,10329.41,62.83,53.12
6.04537,8,0.5550,0.010,0.010,5.219,6.076,0.9874,0.00994,270.66,51.91,0.5614185199999999,0.7130015203999999,2.17,2.307659e-08,1.155954e-08,3.108924e-08,1.44572e-08,126.51,109.56,11952.98,10351.79,62.77,53.25
6.04563,8,0.5550,0.010,0.010,5.219,6.076,0.9874,0.00994,270.66,51.91,0.5614174799999999,0.7130001995999999,2.17,2.304464e-08,1.156479e-08,3.114131e-08,1.448187e-08,126.97,109.57,11997.16,10352.40,63.03,53.26
6.04587,8,0.5551,0.010,0.010,5.219,6.076,0.9874,0.00994,270.66,51.91,0.56141652,0.7129989804,2.17,2.302583e-08,1.154662e-08,3.116583e-08,1.450395e-08,126.80,109.74,11981.13,10368.53,62.93,53.35
6.04612,8,0.5551,0.010,0.010,5.219,6.076,0.9874,0.00994,270.66,51.91,0.56141552,0.7129977103999999,2.17,2.301539e-08,1.154631e-08,3.120248e-08,1.453091e-08,126.91,109.88,11991.39,10381.77,63.00,53.43
6.04638,8,0.5551,0.010,0.010,5.219,6.076,0.9874,0.00994,270.66,51.91,0.5614144799999999,0.7129963895999999,2.17,2.298773e-08,1.153778e-08,3.1247e-08,1.455249e-08,127.03,109.89,12002.56,10382.90,63.06,53.44
6.04662,8,0.5552,0.010,0.010,5.218,6.076,0.9874,0.00994,270.66,51.91,0.56141352,0.7129951704,2.17,2.296936e-08,1.153831e-08,3.130382e-08,1.456457e-08,127.27,109.71,12025.12,10365.61,63.20,53.33
6.04688,8,0.5552,0.010,0.010,5.218,6.076,0.9874,0.00994,270.66,51.91,0.56141248,0.7129938496,2.17,2.294435e-08,1.152833e-08,3.134874e-08,1.458886e-08,127.33,109.75,12030.54,10370.12,63.23,53.36
6.04713,8,0.5552,0.010,0.010,5.218,6.076,0.9874,0.00994,270.66,51.91,0.56141148,0.7129925796,2.17,2.292305e-08,1.152764e-08,3.136989e-08,1.461369e-08,127.55,109.97,12051.57,10390.05,63.35,53.48
6.04737,8,0.5553,0.010,0.010,5.218,6.076,0.9874,0.00994,270.66,51.91,0.5614105199999999,0.7129913603999999,2.17,2.29314e-08,1.151964e-08,3.140985e-08,1.463106e-08,127.30,109.97,12028.12,10390.27,63.21,53.48
6.04763,8,0.5553,0.010,0.010,5.218,6.076,0.9874,0.00994,270.66,51.91,0.56140948,0.7129900396000001,2.17,2.290923e-08,1.152102e-08,3.147514e-08,1.465236e-08,127.58,109.84,12054.44,10378.18,63.37,53.41
6.04788,8,0.5553,0.010,0.010,5.218,6.076,0.9874,0.00994,270.66,51.91,0.56140848,0.7129887696,2.17,2.289338e-08,1.151502e-08,3.150912e-08,1.467281e-08,127.62,109.90,12058.59,10384.32,63.39,53.45
6.04812,8,0.5554,0.010,0.010,5.218,6.076,0.9874,0.00994,270.66,51.91,0.5614075199999999,0.7129875504,2.17,2.289258e-08,1.151177e-08,3.154537e-08,1.470878e-08,127.58,110.19,12054.76,10411.47,63.37,53.61
6.04838,8,0.5554,0.010,0.010,5.218,6.076,0.9874,0.00994,270.66,51.91,0.5614064799999999,0.7129862295999999,2.17,2.286716e-08,1.151235e-08,3.157368e-08,1.471826e-08,127.88,110.14,12082.97,10406.55,63.54,53.58
6.04863,8,0.5554,0.010,0.010,5.218,6.076,0.9874,0.00995,270.66,51.91,0.5614054799999999,0.7129849595999999,2.17,2.286676e-08,1.151563e-08,3.161561e-08,1.473736e-08,127.96,110.13,12090.33,10405.96,63.58,53.57
6.04887,8,0.5555,0.010,0.010,5.218,6.076,0.9874,0.00995,270.66,51.91,0.56140452,0.7129837404,2.17,2.286328e-08,1.150573e-08,3.165096e-08,1.475407e-08,127.80,110.16,12075.29,10408.14,63.49,53.59
6.04913,8,0.5555,0.010,0.010,5.218,6.076,0.9874,0.00995,270.66,51.91,0.56140348,0.7129824196,2.17,2.286611e-08,1.151154e-08,3.169256e-08,1.477528e-08,127.90,110.18,12084.55,10410.54,63.55,53.60
6.04938,8,0.5555,0.010,0.010,5.218,6.076,0.9874,0.00995,270.66,51.91,0.5614024799999999,0.7129811495999999,2.17,2.285013e-08,1.15093e-08,3.169892e-08,1.479456e-08,128.03,110.41,12096.84,10432.09,63.62,53.73
6.04962,8,0.5556,0.010,0.010,5.218,6.076,0.9874,0.00995,270.66,51.91,0.56140152,0.7129799304,2.17,2.284564e-08,1.150187e-08,3.174683e-08,1.479909e-08,127.94,110.18,12088.07,10410.44,63.57,53.60
6.04988,8,0.5556,0.010,0.010,5.218,6.076,0.9874,0.00995,270.66,51.91,0.56140048,0.7129786096,2.17,2.283694e-08,1.150809e-08,3.177024e-08,1.481895e-08,128.17,110.31,12110.54,10422.23,63.70,53.67
6.05013,8,0.5556,0.010,0.010,5.218,6.076,0.9874,0.00995,270.66,51.91,0.56139948,0.7129773396,2.17,2.28405e-08,1.150196e-08,3.180486e-08,1.482182e-08,128.00,110.12,12093.74,10404.76,63.60,53.57
6.05037,8,0.5557,0.010,0.010,5.218,6.076,0.9874,0.00995,270.66,51.91,0.56139852,0.7129761204,2.17,2.283662e-08,1.15089e-08,3.17818e-08,1.484439e-08,128.22,110.61,12114.78,10450.56,63.73,53.84
6.05063,8,0.5557,0.010,0.010,5.218,6.076,0.9874,0.00995,270.66,51.91,0.56139748,0.7129747996,2.17,2.28493e-08,1.150588e-08,3.182148e-08,1.484812e-08,128.01,110.40,12094.84,10431.05,63.61,53.72
6.05087,8,0.5557,0.010,0.010,5.218,6.076,0.9874,0.00995,270.66,51.91,0.56139652,0.7129735803999999,2.17,2.284317e-08,1.150604e-08,3.183947e-08,1.484008e-08,128.08,110.17,12101.72,10409.43,63.65,53.59
6.05112,8,0.5558,0.010,0.010,5.218,6.076,0.9874,0.00995,270.66,51.91,0.5613955199999999,0.7129723103999999,2.17,2.284765e-08,1.150502e-08,3.182717e-08,1.484626e-08,128.03,110.36,12096.95,10426.98,63.62,53.70
6.05138,8,0.5558,0.010,0.010,5.218,6.076,0.9874,0.00995,270.66,51.91,0.5613944799999999,0.7129709895999999,2.17,2.283285e-08,1.150972e-08,3.181963e-08,1.485138e-08,128.30,110.48,12122.74,10438.36,63.77,53.76
6.05162,8,0.5558,0.010,0.010,5.218,6.076,0.9874,0.00995,270.66,51.91,0.56139352,0.7129697704,2.17,2.28511e-08,1.151157e-08,3.180559e-08,1.48552e-08,128.14,110.62,12107.15,10452.04,63.68,53.85
6.05187,8,0.5559,0.010,0.010,5.217,6.076,0.9874,0.00995,270.66,51.91,0.56139252,0.7129685003999999,2.17,2.284524e-08,1.150868e-08,3.182607e-08,1.485122e-08,128.16,110.45,12109.46,10436.06,63.69,53.75
6.05213,8,0.5559,0.010,0.010,5.217,6.076,0.9874,0.00995,270.66,51.91,0.5613914799999999,0.7129671795999999,2.17,2.285403e-08,1.151844e-08,3.178977e-08,1.484947e-08,128.28,110.66,12120.77,10456.12,63.76,53.87
6.05237,8,0.5559,0.010,0.010,5.217,6.076,0.9874,0.00995,270.66,51.91,0.56139052,0.7129659604,2.17,2.284703e-08,1.151553e-08,3.177593e-08,1.48434e-08,128.30,110.67,12122.08,10456.64,63.77,53.87
6.05262,8,0.5560,0.010,0.010,5.217,6.076,0.9874,0.00995,270.66,51.91,0.56138952,0.7129646904,2.17,2.284454e-08,1.151227e-08,3.17668e-08,1.484376e-08,128.27,110.75,12120.00,10464.64,63.76,53.92
6.05288,8,0.5560,0.010,0.010,5.217,6.076,0.9874,0.00995,270.66,51.91,0.56138848,0.7129633696,2.17,2.286599e-08,1.151832e-08,3.174275e-08,1.481789e-08,128.17,110.55,12109.91,10445.28,63.70,53.81
6.05312,8,0.5560,0.010,0.010,5.217,6.076,0.9874,0.00995,270.66,51.91,0.5613875199999999,0.7129621503999999,2.17,2.28692e-08,1.151635e-08,3.173181e-08,1.481114e-08,128.09,110.53,12102.32,10443.10,63.65,53.79
6.05337,8,0.5561,0.010,0.010,5.217,6.076,0.9874,0.00995,270.66,51.91,0.56138652,0.7129608804,2.17,2.284975e-08,1.151655e-08,3.169327e-08,1.480092e-08,128.33,110.66,12125.69,10455.27,63.79,53.86
6.05363,8,0.5561,0.010,0.010,5.217,6.076,0.9874,0.00995,270.66,51.91,0.56138548,0.7129595596,2.17,2.286294e-08,1.150785e-08,3.170443e-08,1.478541e-08,127.99,110.37,12093.17,10427.85,63.60,53.70
6.05387,8,0.5561,0.010,0.010,5.217,6.076,0.9874,0.00995,270.66,51.91,0.5613845199999999,0.7129583404,2.17,2.284822e-08,1.151056e-08,3.164807e-08,1.476343e-08,128.22,110.43,12114.62,10433.55,63.72,53.74
6.05412,8,0.5562,0.010,0.010,5.217,6.076,0.9874,0.00995,270.66,51.91,0.5613835199999999,0.7129570703999999,2.17,2.285867e-08,1.152062e-08,3.162373e-08,1.475868e-08,128.35,110.54,12126.97,10444.19,63.80,53.80
6.05438,8,0.5562,0.010,0.010,5.217,6.076,0.9874,0.00995,270.66,51.91,0.56138248,0.7129557496000001,2.17,2.285821e-08,1.151764e-08,3.159259e-08,1.474884e-08,128.29,110.60,12121.14,10450.42,63.76,53.84
6.05462,8,0.5562,0.010,0.010,5.217,6.076,0.9874,0.00995,270.66,51.91,0.56138152,0.7129545304,2.17,2.285832e-08,1.15039e-08,3.156381e-08,1.471882e-08,127.98,110.37,12091.91,10428.38,63.59,53.70
6.05488,8,0.5563,0.010,0.010,5.217,6.076,0.9874,0.00995,270.66,51.91,0.56138048,0.7129532096,2.17,2.28615e-08,1.151198e-08,3.153061e-08,1.470879e-08,128.15,110.47,12107.81,10437.51,63.68,53.76
6.05513,8,0.5563,0.010,0.010,5.217,6.076,0.9874,0.00995,270.66,51.91,0.5613794799999999,0.7129519395999999,2.17,2.284667e-08,1.150965e-08,3.147827e-08,1.470599e-08,128.26,110.77,12118.70,10466.35,63.75,53.93
6.05537,8,0.5563,0.010,0.010,5.217,6.076,0.9874,0.00995,270.66,51.91,0.56137852,0.7129507204,2.17,2.284439e-08,1.150656e-08,3.146615e-08,1.46892e-08,128.22,110.62,12114.58,10451.49,63.72,53.84
6.05563,8,0.5564,0.010,0.010,5.217,6.076,0.9874,0.00995,270.66,51.91,0.56137748,0.7129493996,2.17,2.284166e-08,1.150149e-08,3.140934e-08,1.465704e-08,128.16,110.56,12108.92,10445.83,63.69,53.81
6.05588,8,0.5564,0.010,0.010,5.217,6.076,0.9874,0.00995,270.66,51.91,0.56137648,0.7129481296,2.17,2.281567e-08,1.150868e-08,3.141272e-08,1.466442e-08,128.61,110.64,12152.05,10453.58,63.94,53.85
6.05612,8,0.5564,0.010,0.010,5.217,6.076,0.9874,0.00995,270.66,51.91,0.5613755199999999,0.7129469103999999,2.17,2.282875e-08,1.149444e-08,3.138953e-08,1.464883e-08,128.14,110.57,12107.76,10447.21,63.68,53.82
6.05638,8,0.5565,0.010,0.010,5.217,6.076,0.9874,0.00995,270.66,51.91,0.56137448,0.7129455896,2.17,2.284104e-08,1.149271e-08,3.135587e-08,1.462734e-08,127.99,110.51,12093.15,10441.35,63.59,53.78
6.05663,8,0.5565,0.010,0.010,5.217,6.076,0.9874,0.00995,270.66,51.91,0.56137348,0.7129443195999999,2.17,2.281048e-08,1.148602e-08,3.133446e-08,1.462568e-08,128.19,110.63,12111.59,10452.50,63.70,53.85
6.05687,8,0.5565,0.010,0.010,5.217,6.076,0.9874,0.00995,270.66,51.91,0.5613725199999999,0.7129431004,2.17,2.279742e-08,1.149528e-08,3.132332e-08,1.461951e-08,128.54,110.61,12145.29,10451.20,63.90,53.84
6.05713,8,0.5566,0.010,0.010,5.216,6.076,0.9874,0.00995,270.66,51.91,0.5613714799999999,0.7129417795999999,2.17,2.279418e-08,1.148206e-08,3.128862e-08,1.460756e-08,128.30,110.69,12122.80,10458.78,63.77,53.88
6.05738,8,0.5566,0.010,0.010,5.216,6.076,0.9874,0.00995,270.66,51.91,0.56137048,0.7129405096,2.17,2.277139e-08,1.146935e-08,3.127887e-08,1.459844e-08,128.28,110.63,12120.18,10452.65,63.75,53.85
6.05762,8,0.5567,0.010,0.010,5.216,6.076,0.9874,0.00995,270.66,51.91,0.56136952,0.7129392903999999,2.17,2.277286e-08,1.145964e-08,3.12715e-08,1.459377e-08,128.06,110.63,12100.12,10452.87,63.64,53.85
6.05788,8,0.5567,0.010,0.010,5.216,6.076,0.9874,0.00995,270.66,51.91,0.56136848,0.7129379695999999,2.17,2.27527e-08,1.145347e-08,3.127057e-08,1.459324e-08,128.15,110.63,12108.58,10452.74,63.69,53.85
6.05813,8,0.5567,0.010,0.010,5.216,6.076,0.9874,0.00995,270.66,51.91,0.5613674799999999,0.7129366996,2.17,2.274973e-08,1.146092e-08,3.125826e-08,1.45928e-08,128.36,110.70,12127.64,10459.87,63.80,53.89
6.05837,8,0.5568,0.010,0.010,5.216,6.076,0.9874,0.00995,270.66,51.91,0.56136652,0.7129354804,2.17,2.273569e-08,1.14388e-08,3.126702e-08,1.458857e-08,128.04,110.61,12097.75,10450.57,63.62,53.83
6.05863,8,0.5568,0.010,0.010,5.216,6.076,0.9874,0.00995,270.66,51.91,0.56136548,0.7129341596,2.17,2.272556e-08,1.144505e-08,3.127985e-08,1.458315e-08,128.29,110.44,12121.94,10435.27,63.76,53.74
6.05887,8,0.5568,0.010,0.010,5.216,6.076,0.9874,0.00995,270.66,51.91,0.5613645199999999,0.7129329403999999,2.17,2.27135e-08,1.143523e-08,3.12819e-08,1.459301e-08,128.21,110.57,12113.94,10447.21,63.72,53.81
6.05912,8,0.5569,0.010,0.010,5.216,6.076,0.9874,0.00995,270.66,51.91,0.56136352,0.7129316704,2.17,2.270027e-08,1.14335e-08,3.130514e-08,1.459719e-08,128.34,110.50,12126.65,10440.16,63.79,53.77
6.05938,8,0.5569,0.010,0.010,5.216,6.076,0.9874,0.00995,270.66,51.91,0.56136248,0.7129303496,2.17,2.269441e-08,1.143177e-08,3.13172e-08,1.460316e-08,128.37,110.50,12129.26,10440.62,63.81,53.77
6.05962,8,0.5569,0.010,0.010,5.216,6.076,0.9874,0.00995,270.66,51.91,0.56136152,0.7129291303999999,2.17,2.27002e-08,1.142184e-08,3.133015e-08,1.460567e-08,128.08,110.45,12101.83,10435.90,63.64,53.75
6.05987,8,0.5570,0.010,0.010,5.216,6.076,0.9874,0.00995,270.66,51.91,0.5613605199999999,0.7129278603999999,2.17,2.268179e-08,1.141626e-08,3.133972e-08,1.461148e-08,128.19,110.49,12111.87,10439.58,63.70,53.77
6.06013,8,0.5570,0.010,0.010,5.216,6.076,0.9874,0.00995,270.66,51.91,0.5613594799999999,0.7129265395999999,2.17,2.266688e-08,1.141008e-08,3.13587e-08,1.462867e-08,128.22,110.61,12114.70,10450.74,63.72,53.83
6.06037,8,0.5570,0.010,0.010,5.216,6.076,0.9874,0.00995,270.66,51.91,0.56135852,0.7129253204,2.17,2.266881e-08,1.140649e-08,3.139981e-08,1.463734e-08,128.12,110.46,12104.96,10436.70,63.66,53.75
6.06062,8,0.5571,0.010,0.010,5.216,6.076,0.9874,0.00995,270.66,51.91,0.5613575199999999,0.7129240504,2.17,2.262932e-08,1.140092e-08,3.143774e-08,1.465436e-08,128.46,110.47,12137.77,10437.69,63.86,53.76
6.06088,8,0.5571,0.010,0.010,5.216,6.076,0.9874,0.00995,270.66,51.91,0.5613564799999999,0.7129227295999999,2.17,2.262879e-08,1.139994e-08,3.146991e-08,1.465487e-08,128.45,110.27,12136.24,10418.40,63.85,53.64
6.06112,8,0.5571,0.010,0.010,5.216,6.076,0.9874,0.00995,270.66,51.91,0.56135552,0.7129215104,2.17,2.263031e-08,1.139487e-08,3.151125e-08,1.466885e-08,128.31,110.19,12123.73,10411.40,63.77,53.60
6.06137,8,0.5572,0.010,0.010,5.216,6.076,0.9874,0.00995,270.66,51.91,0.56135452,0.7129202404,2.17,2.26288e-08,1.139336e-08,3.154057e-08,1.469062e-08,128.32,110.32,12124.30,10424.05,63.78,53.68
6.06163,8,0.5572,0.010,0.010,5.216,6.076,0.9874,0.00995,270.66,51.91,0.56135348,0.7129189196,2.17,2.262746e-08,1.13962e-08,3.158629e-08,1.470598e-08,128.40,110.24,12131.84,10416.18,63.82,53.63
6.06187,8,0.5572,0.010,0.010,5.216,6.076,0.9874,0.00995,270.66,51.91,0.5613525199999999,0.7129177003999999,2.17,2.261441e-08,1.138874e-08,3.158999e-08,1.471959e-08,128.38,110.41,12129.93,10431.94,63.81,53.72
6.06212,8,0.5573,0.010,0.010,5.215,6.076,0.9874,0.00995,270.66,51.91,0.56135152,0.7129164304,2.17,2.260821e-08,1.138824e-08,3.163829e-08,1.474088e-08,128.46,110.41,12137.74,10432.21,63.86,53.72
6.06238,8,0.5573,0.010,0.010,5.215,6.076,0.9874,0.00995,270.66,51.91,0.56135048,0.7129151096,2.17,2.261885e-08,1.138972e-08,3.169281e-08,1.474935e-08,128.37,110.17,12129.41,10409.83,63.81,53.59
6.06262,8,0.5573,0.010,0.010,5.215,6.076,0.9874,0.00995,270.66,51.91,0.5613495199999999,0.7129138904,2.17,2.261586e-08,1.140233e-08,3.173497e-08,1.477439e-08,128.69,110.25,12159.74,10416.98,63.99,53.63
6.06288,8,0.5574,0.010,0.010,5.215,6.076,0.9874,0.00995,270.66,51.91,0.5613484799999999,0.7129125695999999,2.17,2.262404e-08,1.139545e-08,3.177681e-08,1.478143e-08,128.47,110.10,12138.28,10402.47,63.86,53.55
6.06313,8,0.5574,0.010,0.010,5.215,6.076,0.9874,0.00995,270.66,51.91,0.56134748,0.7129112996,2.17,2.260006e-08,1.139448e-08,3.180843e-08,1.481027e-08,128.72,110.29,12162.17,10421.06,64.00,53.66
6.06337,8,0.5574,0.010,0.010,5.215,6.076,0.9874,0.00995,270.66,51.91,0.56134652,0.7129100803999999,2.17,2.261617e-08,1.139751e-08,3.182623e-08,1.481561e-08,128.60,110.25,12151.22,10417.18,63.94,53.63
6.06363,8,0.5575,0.010,0.010,5.215,6.076,0.9874,0.00995,270.66,51.91,0.56134548,0.7129087596,2.17,2.26415e-08,1.139875e-08,3.186511e-08,1.482912e-08,128.37,110.21,12128.68,10413.02,63.80,53.61
6.06388,8,0.5575,0.010,0.010,5.215,6.076,0.9874,0.00995,270.66,51.91,0.5613444799999999,0.7129074895999999,2.17,2.262852e-08,1.140462e-08,3.190717e-08,1.485661e-08,128.65,110.32,12155.30,10423.41,63.96,53.67
6.06412,8,0.5575,0.010,0.010,5.215,6.076,0.9874,0.00995,270.66,51.91,0.56134352,0.7129062704,2.17,2.26276e-08,1.141945e-08,3.191912e-08,1.485595e-08,129.00,110.23,12188.21,10415.24,64.16,53.62
6.06438,8,0.5576,0.010,0.010,5.215,6.076,0.9874,0.00995,270.66,51.91,0.56134248,0.7129049496,2.17,2.266177e-08,1.141281e-08,3.197372e-08,1.486681e-08,128.48,110.05,12139.11,10398.07,63.86,53.52
6.06463,8,0.5576,0.010,0.010,5.215,6.076,0.9874,0.00995,270.66,51.91,0.56134148,0.7129036795999999,2.17,2.266732e-08,1.14199e-08,3.19722e-08,1.488338e-08,128.57,110.29,12148.31,10420.68,63.92,53.65
6.06487,8,0.5576,0.010,0.010,5.215,6.076,0.9874,0.00995,270.66,51.91,0.56134052,0.7129024604,2.17,2.2687e-08,1.143422e-08,3.200324e-08,1.489046e-08,128.67,110.19,12157.75,10411.04,63.97,53.60
6.06513,8,0.5577,0.010,0.010,5.215,6.076,0.9874,0.00995,270.66,51.91,0.56133948,0.7129011396,2.17,2.268838e-08,1.143185e-08,3.203123e-08,1.490178e-08,128.63,110.18,12153.36,10410.68,63.95,53.59
6.06538,8,0.5577,0.010,0.010,5.215,6.076,0.9874,0.00995,270.66,51.91,0.56133848,0.7128998696,2.17,2.270382e-08,1.144844e-08,3.204062e-08,1.489569e-08,128.83,110.04,12172.24,10397.03,64.06,53.51
6.06562,8,0.5577,0.010,0.010,5.215,6.076,0.9874,0.00995,270.66,51.91,0.5613375199999999,0.7128986503999999,2.17,2.272531e-08,1.145583e-08,3.206407e-08,1.489652e-08,128.75,109.90,12164.86,10383.91,64.02,53.44
6.06588,8,0.5578,0.010,0.010,5.215,6.076,0.9874,0.00995,270.66,51.91,0.5613364799999999,0.7128973295999999,2.17,2.274143e-08,1.145885e-08,3.20514e-08,1.489382e-08,128.66,109.96,12156.12,10389.92,63.96,53.47
6.06613,8,0.5578,0.010,0.010,5.215,6.076,0.9874,0.00995,270.66,51.91,0.56133548,0.7128960596,2.17,2.27701e-08,1.146341e-08,3.204994e-08,1.489455e-08,128.43,109.98,12135.03,10391.76,63.84,53.48
6.06637,8,0.5578,0.010,0.010,5.215,6.076,0.9874,0.00995,270.66,51.91,0.56133452,0.7128948404,2.17,2.278686e-08,1.148801e-08,3.209195e-08,1.490289e-08,128.80,109.83,12169.50,10377.21,64.04,53.39
6.06663,8,0.5579,0.010,0.010,5.215,6.076,0.9874,0.00995,270.66,51.91,0.5613334799999999,0.7128935195999999,2.17,2.280772e-08,1.149234e-08,3.207761e-08,1.49028e-08,128.68,109.94,12158.49,10387.62,63.98,53.46
6.06687,8,0.5579,0.010,0.010,5.215,6.076,0.9874,0.00995,270.66,51.91,0.56133252,0.7128923004,2.17,2.281784e-08,1.151226e-08,3.207608e-08,1.489117e-08,129.02,109.79,12190.12,10373.41,64.17,53.37
6.06712,8,0.5579,0.010,0.010,5.215,6.076,0.9874,0.00995,270.66,51.91,0.56133152,0.7128910304,2.17,2.285625e-08,1.152426e-08,3.206844e-08,1.489265e-08,128.85,109.86,12174.39,10379.95,64.07,53.41
6.06738,8,0.5580,0.010,0.010,5.214,6.076,0.9874,0.00995,270.66,51.91,0.56133048,0.7128897096,2.17,2.286565e-08,1.152667e-08,3.207314e-08,1.488489e-08,128.82,109.74,12171.61,10368.88,64.05,53.34
6.06762,8,0.5580,0.010,0.010,5.214,6.076,0.9874,0.00995,270.66,51.91,0.5613295199999999,0.7128884903999999,2.17,2.289612e-08,1.153657e-08,3.201223e-08,1.487198e-08,128.70,109.95,12160.00,10388.90,63.99,53.46
6.06787,8,0.5580,0.010,0.010,5.214,6.076,0.9874,0.00995,270.66,51.91,0.56132852,0.7128872204,2.17,2.292146e-08,1.155875e-08,3.201025e-08,1.486931e-08,128.91,109.93,12179.99,10386.62,64.10,53.45
6.06813,8,0.5581,0.010,0.010,5.214,6.076,0.9874,0.00995,270.66,51.91,0.56132748,0.7128858996,2.17,2.294054e-08,1.157041e-08,3.200628e-08,1.485246e-08,128.98,109.74,12186.50,10368.92,64.14,53.34
6.06837,8,0.5581,0.010,0.010,5.214,6.076,0.9874,0.00995,270.66,51.91,0.5613265199999999,0.7128846804,2.17,2.296699e-08,1.156732e-08,3.198483e-08,1.484367e-08,128.61,109.76,12151.68,10370.43,63.94,53.35
6.06862,8,0.5581,0.010,0.010,5.214,6.076,0.9874,0.00995,270.66,51.91,0.5613255199999999,0.7128834103999999,2.17,2.299889e-08,1.159234e-08,3.193189e-08,1.482158e-08,128.81,109.79,12170.62,10373.67,64.05,53.37
6.06888,8,0.5582,0.010,0.010,5.214,6.076,0.9874,0.00995,270.66,51.91,0.56132448,0.7128820896,2.17,2.301332e-08,1.160051e-08,3.192558e-08,1.481886e-08,128.85,109.81,12174.70,10375.80,64.07,53.39
6.06912,8,0.5582,0.010,0.010,5.214,6.076,0.9874,0.00995,270.66,51.91,0.56132352,0.7128808703999999,2.17,2.305095e-08,1.161616e-08,3.188936e-08,1.480497e-08,128.78,109.85,12167.69,10379.63,64.03,53.41
6.06937,8,0.5582,0.010,0.010,5.214,6.076,0.9874,0.00995,270.66,51.91,0.5613225199999999,0.7128796004,2.17,2.30605e-08,1.162281e-08,3.185916e-08,1.478328e-08,128.82,109.75,12171.57,10369.58,64.05,53.35
6.06963,8,0.5583,0.010,0.010,5.214,6.076,0.9874,0.00995,270.66,51.91,0.5613214799999999,0.7128782795999999,2.17,2.308946e-08,1.164338e-08,3.183721e-08,1.476444e-08,128.98,109.65,12186.35,10360.11,64.14,53.29
6.06987,8,0.5583,0.010,0.010,5.214,6.076,0.9874,0.00995,270.66,51.91,0.56132052,0.7128770604,2.17,2.311348e-08,1.165149e-08,3.182193e-08,1.475031e-08,128.89,109.55,12177.91,10350.89,64.09,53.24
6.07012,8,0.5583,0.010,0.010,5.214,6.076,0.9874,0.00995,270.66,51.91,0.56131952,0.7128757903999999,2.17,2.313859e-08,1.166109e-08,3.178101e-08,1.475051e-08,128.82,109.82,12171.48,10376.03,64.05,53.39
6.07038,8,0.5584,0.010,0.010,5.214,6.076,0.9874,0.00995,270.66,51.91,0.56131848,0.7128744696,2.17,2.314844e-08,1.166956e-08,3.177223e-08,1.472033e-08,128.92,109.47,12181.04,10343.65,64.11,53.19
6.07062,8,0.5584,0.010,0.010,5.214,6.076,0.9874,0.00995,270.66,51.91,0.56131752,0.7128732504,2.17,2.31902e-08,1.168368e-08,3.172712e-08,1.470917e-08,128.77,109.61,12166.48,10356.43,64.02,53.27
6.07088,8,0.5584,0.010,0.010,5.214,6.076,0.9874,0.00995,270.66,51.91,0.56131648,0.7128719296,2.17,2.320484e-08,1.169923e-08,3.171412e-08,1.469089e-08,128.95,109.44,12183.63,10340.35,64.12,53.17
6.07113,8,0.5585,0.010,0.010,5.214,6.076,0.9874,0.00995,270.66,51.91,0.56131548,0.7128706596,2.17,2.323376e-08,1.170405e-08,3.169721e-08,1.468132e-08,128.75,109.43,12165.36,10339.93,64.02,53.17
6.07137,8,0.5585,0.010,0.010,5.214,6.076,0.9874,0.00995,270.66,51.91,0.5613145199999999,0.7128694403999999,2.17,2.327219e-08,1.171296e-08,3.166749e-08,1.467251e-08,128.52,109.50,12143.52,10346.44,63.89,53.21
6.07163,8,0.5585,0.010,0.010,5.214,6.076,0.9874,0.00995,270.66,51.91,0.5613134799999999,0.7128681196,2.17,2.331095e-08,1.173186e-08,3.163273e-08,1.465991e-08,128.51,109.55,12142.26,10351.05,63.88,53.24
6.07188,8,0.5586,0.010,0.010,5.214,6.076,0.9874,0.00995,270.66,51.91,0.56131248,0.7128668496,2.17,2.331991e-08,1.174274e-08,3.16305e-08,1.464108e-08,128.67,109.32,12157.71,10329.50,63.97,53.11
6.07212,8,0.5586,0.010,0.010,5.214,6.076,0.9874,0.00995,270.66,51.91,0.56131152,0.7128656304,2.17,2.332826e-08,1.175068e-08,3.162053e-08,1.463525e-08,128.76,109.31,12165.50,10327.90,64.02,53.10
6.07238,8,0.5587,0.010,0.010,5.213,6.076,0.9874,0.00995,270.66,51.91,0.56131048,0.7128643095999999,2.17,2.33648e-08,1.176649e-08,3.160311e-08,1.462767e-08,128.72,109.33,12162.27,10330.39,64.00,53.11
6.07263,8,0.5587,0.010,0.010,5.213,6.076,0.9874,0.00995,270.66,51.91,0.5613094799999999,0.7128630395999999,2.17,2.341042e-08,1.176566e-08,3.158509e-08,1.462335e-08,128.20,109.39,12112.90,10335.68,63.70,53.15
6.07287,8,0.5587,0.010,0.010,5.213,6.076,0.9874,0.00995,270.66,51.91,0.56130852,0.7128618204,2.17,2.340487e-08,1.177482e-08,3.16162e-08,1.463412e-08,128.46,109.34,12137.67,10330.90,63.85,53.12
6.07313,8,0.5588,0.010,0.010,5.213,6.076,0.9874,0.00995,270.66,51.91,0.56130748,0.7128604996,2.17,2.344042e-08,1.179301e-08,3.160103e-08,1.461348e-08,128.49,109.17,12140.47,10314.85,63.87,53.02
6.07338,8,0.5588,0.010,0.010,5.213,6.076,0.9874,0.00995,270.66,51.91,0.5613064799999999,0.7128592295999999,2.17,2.346632e-08,1.180206e-08,3.160831e-08,1.4605e-08,128.40,109.00,12132.24,10299.31,63.82,52.93
6.07362,8,0.5588,0.010,0.010,5.213,6.076,0.9874,0.00995,270.66,51.91,0.56130552,0.7128580104,2.17,2.350819e-08,1.180574e-08,3.164177e-08,1.461658e-08,128.02,108.95,12096.41,10294.23,63.60,52.90
6.07388,8,0.5589,0.010,0.010,5.213,6.076,0.9874,0.00995,270.66,51.91,0.56130448,0.7128566896,2.17,2.353443e-08,1.181802e-08,3.16368e-08,1.459865e-08,128.03,108.75,12096.73,10275.62,63.61,52.79
6.07413,8,0.5589,0.010,0.010,5.213,6.076,0.9874,0.00995,270.66,51.91,0.56130348,0.7128554196,2.17,2.354878e-08,1.182696e-08,3.164097e-08,1.461213e-08,128.07,108.91,12100.30,10290.74,63.63,52.88
6.07437,8,0.5589,0.010,0.010,5.213,6.076,0.9874,0.00995,270.66,51.91,0.5613025199999999,0.7128542003999999,2.17,2.357709e-08,1.184121e-08,3.166177e-08,1.461577e-08,128.07,108.83,12100.36,10282.94,63.63,52.83
6.07463,8,0.5590,0.010,0.010,5.213,6.076,0.9874,0.00995,270.66,51.91,0.5613014799999999,0.7128528795999999,2.17,2.362184e-08,1.18474e-08,3.165509e-08,1.462263e-08,127.74,108.99,12069.20,10297.78,63.44,52.92
6.07487,8,0.5590,0.010,0.010,5.213,6.076,0.9874,0.00995,270.66,51.91,0.56130052,0.7128516603999999,2.17,2.364528e-08,1.186884e-08,3.170397e-08,1.46292e-08,127.95,108.77,12088.99,10276.88,63.56,52.80
6.07512,8,0.5590,0.010,0.010,5.213,6.076,0.9874,0.00995,270.66,51.91,0.5612995199999999,0.7128503904,2.17,2.369037e-08,1.186775e-08,3.172065e-08,1.463764e-08,127.43,108.78,12040.66,10277.85,63.27,52.80
6.07538,8,0.5591,0.010,0.010,5.213,6.076,0.9874,0.00995,270.66,51.91,0.5612984799999999,0.7128490695999999,2.17,2.370682e-08,1.188892e-08,3.175252e-08,1.46522e-08,127.74,108.80,12069.11,10279.50,63.44,52.81
6.07562,8,0.5591,0.010,0.010,5.213,6.076,0.9874,0.00995,270.66,51.91,0.56129752,0.7128478504,2.17,2.376729e-08,1.189438e-08,3.180442e-08,1.466648e-08,127.20,108.66,12018.71,10266.93,63.14,52.74
6.07587,8,0.5591,0.010,0.010,5.213,6.076,0.9874,0.00995,270.66,51.91,0.56129652,0.7128465803999999,2.17,2.377587e-08,1.190879e-08,3.181845e-08,1.468351e-08,127.42,108.81,12039.18,10280.65,63.26,52.82
6.07613,8,0.5592,0.010,0.010,5.213,6.076,0.9874,0.00995,270.66,51.91,0.56129548,0.7128452596,2.17,2.382191e-08,1.191971e-08,3.18767e-08,1.46842e-08,127.18,108.47,12016.82,10248.55,63.13,52.63
6.07637,8,0.5592,0.010,0.010,5.213,6.076,0.9874,0.00995,270.66,51.91,0.5612945199999999,0.7128440403999999,2.17,2.386824e-08,1.19313e-08,3.192714e-08,1.47049e-08,126.94,108.43,11993.49,10245.27,62.99,52.61
6.07662,8,0.5592,0.010,0.010,5.213,6.076,0.9874,0.00995,270.66,51.91,0.56129352,0.7128427704,2.17,2.39068e-08,1.194652e-08,3.195386e-08,1.471107e-08,126.85,108.35,11985.36,10237.35,62.94,52.56
6.07688,8,0.5593,0.010,0.010,5.213,6.076,0.9874,0.00995,270.66,51.91,0.56129248,0.7128414496,2.17,2.392896e-08,1.196569e-08,3.200746e-08,1.473022e-08,127.04,108.29,12003.74,10232.07,63.05,52.53
6.07712,8,0.5593,0.010,0.010,5.213,6.076,0.9874,0.00995,270.66,51.91,0.5612915199999999,0.7128402303999999,2.17,2.398145e-08,1.197582e-08,3.203785e-08,1.473908e-08,126.70,108.22,11971.51,10225.48,62.86,52.49
6.07737,8,0.5593,0.010,0.010,5.213,6.076,0.9874,0.00995,270.66,51.91,0.56129052,0.7128389604,2.17,2.403126e-08,1.199458e-08,3.209333e-08,1.474836e-08,126.57,108.00,11959.33,10204.67,62.79,52.37
6.07763,8,0.5594,0.010,0.010,5.212,6.076,0.9874,0.00995,270.66,51.91,0.56128948,0.7128376396,2.17,2.408813e-08,1.200402e-08,3.215589e-08,1.477024e-08,126.20,107.93,11923.90,10197.72,62.58,52.32
6.07787,8,0.5594,0.010,0.010,5.212,6.076,0.9874,0.00995,270.66,51.91,0.56128852,0.7128364204,2.17,2.411246e-08,1.203425e-08,3.218531e-08,1.479094e-08,126.58,108.03,11959.77,10206.89,62.79,52.38
6.07812,8,0.5594,0.010,0.010,5.212,6.076,0.9874,0.00995,270.66,51.91,0.5612875199999999,0.7128351503999999,2.17,2.416741e-08,1.205033e-08,3.22403e-08,1.480899e-08,126.34,107.93,11937.33,10197.69,62.66,52.32
6.07838,8,0.5595,0.010,0.010,5.212,6.076,0.9874,0.00995,270.66,51.91,0.5612864799999999,0.7128338295999999,2.17,2.424652e-08,1.20726e-08,3.229881e-08,1.482362e-08,126.01,107.78,11905.68,10183.95,62.47,52.24
6.07862,8,0.5595,0.010,0.010,5.212,6.076,0.9874,0.00995,270.66,51.91,0.56128552,0.7128326104,2.17,2.426684e-08,1.208337e-08,3.233244e-08,1.483888e-08,126.02,107.78,11906.96,10183.73,62.48,52.24
6.07888,8,0.5595,0.010,0.010,5.212,6.076,0.9874,0.00995,270.66,51.91,0.56128448,0.7128312896,2.17,2.43287e-08,1.210642e-08,3.236004e-08,1.485912e-08,125.86,107.88,11891.80,10193.33,62.39,52.30
6.07913,8,0.5596,0.010,0.010,5.212,6.076,0.9874,0.00995,270.67,51.91,0.56128348,0.7128300195999999,2.17,2.435987e-08,1.212411e-08,3.243493e-08,1.48596e-08,125.93,107.45,11898.18,10152.32,62.42,52.05
6.07937,8,0.5596,0.010,0.010,5.212,6.076,0.9874,0.00995,270.67,51.91,0.56128252,0.7128288004000001,2.17,2.441548e-08,1.214191e-08,3.244103e-08,1.487536e-08,125.72,107.62,11878.94,10168.67,62.31,52.15
6.07963,8,0.5596,0.010,0.010,5.212,6.076,0.9874,0.00995,270.67,51.91,0.56128148,0.7128274796,2.17,2.44718e-08,1.216148e-08,3.248423e-08,1.488381e-08,125.55,107.47,11862.57,10154.36,62.21,52.07
6.07988,8,0.5597,0.010,0.010,5.212,6.076,0.9874,0.00995,270.67,51.91,0.56128048,0.7128262096,2.17,2.452811e-08,1.218412e-08,3.25207e-08,1.488568e-08,125.46,107.29,11854.35,10137.52,62.16,51.97
6.08012,8,0.5597,0.010,0.010,5.212,6.076,0.9874,0.00995,270.67,51.91,0.5612795199999999,0.7128249903999999,2.17,2.457821e-08,1.221262e-08,3.257072e-08,1.49138e-08,125.54,107.36,11861.32,10144.08,62.21,52.00
6.08038,8,0.5597,0.010,0.010,5.212,6.076,0.9874,0.00995,270.67,51.91,0.5612784799999999,0.7128236695999999,2.17,2.464318e-08,1.222381e-08,3.259132e-08,1.490743e-08,125.11,107.15,11820.78,10124.28,61.96,51.89
6.08063,8,0.5598,0.010,0.010,5.212,6.076,0.9874,0.00995,270.67,51.91,0.56127748,0.7128223996,2.17,2.46831e-08,1.225196e-08,3.261288e-08,1.492205e-08,125.30,107.23,11838.90,10132.04,62.07,51.93
6.08087,8,0.5598,0.010,0.010,5.212,6.076,0.9874,0.00995,270.67,51.91,0.56127652,0.7128211804,2.17,2.473388e-08,1.227275e-08,3.265455e-08,1.492974e-08,125.21,107.08,11830.45,10117.83,62.02,51.85
6.08113,8,0.5598,0.010,0.010,5.212,6.076,0.9874,0.00995,270.67,51.91,0.5612754799999999,0.7128198595999999,2.17,2.478777e-08,1.229902e-08,3.271257e-08,1.493237e-08,125.20,106.77,11829.55,10088.09,62.02,51.67
6.08138,8,0.5599,0.010,0.010,5.212,6.076,0.9874,0.00995,270.67,51.91,0.5612744799999999,0.7128185895999999,2.17,2.484665e-08,1.231913e-08,3.271391e-08,1.49313e-08,125.04,106.77,11814.33,10087.80,61.93,51.67
6.08162,8,0.5599,0.010,0.010,5.212,6.076,0.9874,0.00995,270.67,51.91,0.56127352,0.7128173703999999,2.17,2.489777e-08,1.234147e-08,3.272531e-08,1.493162e-08,124.98,106.70,11808.63,10081.73,61.89,51.63
6.08188,8,0.5599,0.010,0.010,5.212,6.076,0.9874,0.00995,270.67,51.91,0.56127248,0.7128160496,2.17,2.495841e-08,1.236255e-08,3.272713e-08,1.494028e-08,124.80,106.80,11791.65,10091.46,61.79,51.69
6.08212,8,0.5600,0.010,0.010,5.212,6.076,0.9874,0.00995,270.67,51.91,0.5612715199999999,0.7128148303999999,2.17,2.499963e-08,1.239455e-08,3.273352e-08,1.493303e-08,125.05,106.69,11815.63,10080.63,61.93,51.63
6.08237,8,0.5600,0.010,0.010,5.212,6.076,0.9874,0.00995,270.67,51.91,0.56127052,0.7128135604,2.17,2.504188e-08,1.24043e-08,3.275945e-08,1.492907e-08,124.83,106.48,11794.52,10061.07,61.81,51.51
6.08263,8,0.5600,0.010,0.010,5.212,6.076,0.9874,0.00995,270.67,51.91,0.56126948,0.7128122396,2.17,2.509303e-08,1.242894e-08,3.276157e-08,1.492812e-08,124.82,106.46,11793.21,10058.69,61.80,51.50
6.08287,8,0.5601,0.010,0.010,5.211,6.076,0.9874,0.00995,270.67,51.91,0.5612685199999999,0.7128110203999999,2.17,2.518108e-08,1.245686e-08,3.279385e-08,1.491996e-08,124.53,106.18,11765.94,10032.24,61.64,51.34
6.08312,8,0.5601,0.010,0.010,5.211,6.076,0.9874,0.00995,270.67,51.91,0.5612675199999999,0.7128097503999999,2.17,2.520718e-08,1.247692e-08,3.278985e-08,1.49136e-08,124.67,106.12,11779.30,10026.64,61.72,51.31
6.08338,8,0.5601,0.010,0.010,5.211,6.076,0.9874,0.00995,270.67,51.91,0.56126648,0.7128084296,2.17,2.525547e-08,1.249581e-08,3.27812e-08,1.491268e-08,124.57,106.16,11769.95,10030.36,61.66,51.33
6.08362,8,0.5602,0.010,0.010,5.211,6.076,0.9874,0.00995,270.67,51.91,0.56126552,0.7128072104,2.17,2.530493e-08,1.252336e-08,3.277513e-08,1.490422e-08,124.65,106.10,11777.78,10025.12,61.71,51.30
6.08387,8,0.5602,0.010,0.010,5.211,6.076,0.9874,0.00995,270.67,51.91,0.5612645199999999,0.7128059403999999,2.17,2.534658e-08,1.253057e-08,3.276675e-08,1.488788e-08,124.39,105.94,11752.90,10009.67,61.56,51.20
6.08413,8,0.5602,0.010,0.010,5.211,6.076,0.9874,0.00995,270.67,51.91,0.5612634799999999,0.7128046196,2.17,2.541057e-08,1.2563e-08,3.274361e-08,1.488979e-08,124.40,106.10,11754.37,10025.00,61.57,51.29
6.08437,8,0.5603,0.010,0.010,5.211,6.076,0.9874,0.00995,270.67,51.91,0.56126252,0.7128034004,2.17,2.545274e-08,1.25817e-08,3.27453e-08,1.487432e-08,124.38,105.91,11752.50,10006.75,61.56,51.19
6.08462,8,0.5603,0.010,0.010,5.211,6.076,0.9874,0.00995,270.67,51.91,0.56126152,0.7128021304,2.17,2.550272e-08,1.260379e-08,3.275884e-08,1.486795e-08,124.33,105.75,11747.67,9991.34,61.53,51.09
6.08488,8,0.5603,0.010,0.010,5.211,6.076,0.9874,0.00995,270.67,51.91,0.56126048,0.7128008095999999,2.17,2.55395e-08,1.261977e-08,3.273494e-08,1.485565e-08,124.29,105.73,11743.63,9989.55,61.50,51.08
6.08512,8,0.5604,0.010,0.010,5.211,6.076,0.9874,0.00995,270.67,51.91,0.56125952,0.7127995904000001,2.17,2.561242e-08,1.264167e-08,3.272122e-08,1.48434e-08,124.04,105.67,11719.83,9983.91,61.36,51.05
6.08537,8,0.5604,0.010,0.010,5.211,6.076,0.9874,0.00995,270.67,51.91,0.56125852,0.7127983204,2.17,2.566544e-08,1.26552e-08,3.272425e-08,1.48408e-08,123.79,105.61,11696.76,9979.02,61.22,51.02
6.08563,8,0.5604,0.010,0.010,5.211,6.076,0.9874,0.00995,270.67,51.91,0.56125748,0.7127969996,2.17,2.567215e-08,1.267809e-08,3.271738e-08,1.481955e-08,124.17,105.38,11732.51,9956.73,61.44,50.89
6.08587,8,0.5605,0.010,0.010,5.211,6.076,0.9874,0.00996,270.67,51.91,0.5612565199999999,0.7127957803999999,2.17,2.570584e-08,1.269118e-08,3.269698e-08,1.482102e-08,124.13,105.54,11728.13,9971.68,61.41,50.98
6.08613,8,0.5605,0.010,0.010,5.211,6.076,0.9874,0.00996,270.67,51.91,0.5612554799999999,0.7127944595999999,2.17,2.576353e-08,1.271134e-08,3.269082e-08,1.480064e-08,123.97,105.31,11712.98,9950.05,61.32,50.85
6.08638,8,0.5605,0.010,0.010,5.211,6.076,0.9874,0.00996,270.67,51.91,0.56125448,0.7127931896,2.17,2.579764e-08,1.273212e-08,3.269629e-08,1.480105e-08,124.04,105.28,11720.16,9947.51,61.36,50.83
6.08662,8,0.5606,0.010,0.010,5.211,6.076,0.9874,0.00996,270.67,51.91,0.56125352,0.7127919704,2.17,2.584624e-08,1.274487e-08,3.268033e-08,1.478785e-08,123.85,105.22,11701.88,9941.95,61.25,50.80
6.08688,8,0.5606,0.010,0.010,5.211,6.076,0.9874,0.00996,270.67,51.91,0.5612524799999999,0.7127906495999999,2.17,2.588119e-08,1.27656e-08,3.270751e-08,1.477809e-08,123.92,104.94,11708.21,9914.91,61.29,50.64
6.08713,8,0.5607,0.010,0.010,5.211,6.076,0.9874,0.00996,270.67,51.91,0.5612514799999999,0.7127893795999999,2.17,2.592565e-08,1.278996e-08,3.267822e-08,1.47676e-08,123.98,104.99,11714.69,9920.05,61.33,50.67
6.08737,8,0.5607,0.010,0.010,5.211,6.076,0.9874,0.00996,270.67,51.91,0.56125052,0.7127881603999999,2.17,2.59762e-08,1.280032e-08,3.269879e-08,1.476722e-08,123.71,104.87,11688.41,9908.20,61.17,50.60
6.08763,8,0.5607,0.010,0.010,5.211,6.076,0.9874,0.00996,270.67,51.91,0.56124948,0.7127868396,2.17,2.601967e-08,1.282014e-08,3.268445e-08,1.475273e-08,123.68,104.76,11685.54,9898.40,61.16,50.54
6.08788,8,0.5608,0.010,0.010,5.210,6.076,0.9874,0.00996,270.67,51.91,0.5612484799999999,0.7127855696,2.17,2.605726e-08,1.28348e-08,3.267549e-08,1.476181e-08,123.62,104.95,11680.69,9916.23,61.13,50.65
6.08812,8,0.5608,0.010,0.010,5.210,6.076,0.9874,0.00996,270.67,51.91,0.56124752,0.7127843504,2.17,2.608294e-08,1.286204e-08,3.265265e-08,1.474845e-08,123.90,104.91,11706.87,9912.50,61.28,50.62
6.08838,8,0.5608,0.010,0.010,5.210,6.076,0.9874,0.00996,270.67,51.91,0.56124648,0.7127830296,2.17,2.613228e-08,1.287297e-08,3.265499e-08,1.474229e-08,123.65,104.82,11682.87,9903.66,61.14,50.57
6.08863,8,0.5609,0.010,0.010,5.210,6.076,0.9874,0.00996,270.67,51.91,0.56124548,0.7127817596,2.17,2.617301e-08,1.28917e-08,3.269533e-08,1.474181e-08,123.64,104.59,11682.57,9882.58,61.14,50.45
6.08887,8,0.5609,0.010,0.010,5.210,6.076,0.9874,0.00996,270.67,51.91,0.5612445199999999,0.7127805403999999,2.17,2.622222e-08,1.290572e-08,3.266798e-08,1.474064e-08,123.45,104.74,11664.37,9896.23,61.03,50.53
6.08913,8,0.5609,0.010,0.010,5.210,6.076,0.9874,0.00996,270.67,51.91,0.5612434799999999,0.7127792195999999,2.17,2.625653e-08,1.293549e-08,3.266967e-08,1.474174e-08,123.69,104.74,11687.30,9896.64,61.17,50.53
6.08938,8,0.5610,0.010,0.010,5.210,6.076,0.9874,0.00996,270.67,51.91,0.56124248,0.7127779496,2.17,2.629559e-08,1.295089e-08,3.268869e-08,1.474398e-08,123.64,104.68,11682.55,9890.65,61.14,50.49
6.08962,8,0.5610,0.010,0.010,5.210,6.076,0.9874,0.00996,270.67,51.91,0.5612415199999999,0.7127767303999999,2.17,2.635618e-08,1.296675e-08,3.269863e-08,1.473691e-08,123.38,104.53,11657.78,9876.55,60.99,50.41
6.08988,8,0.5610,0.010,0.010,5.210,6.076,0.9874,0.00996,270.67,51.91,0.5612404799999999,0.7127754096,2.17,2.639876e-08,1.29802e-08,3.269154e-08,1.474244e-08,123.24,104.64,11644.54,9887.20,60.91,50.47
6.09012,8,0.5611,0.010,0.010,5.210,6.076,0.9874,0.00996,270.67,51.91,0.56123952,0.7127741904,2.17,2.644215e-08,1.300217e-08,3.269957e-08,1.475094e-08,123.28,104.72,11647.73,9894.92,60.93,50.52
6.09037,8,0.5611,0.010,0.010,5.210,6.076,0.9874,0.00996,270.67,51.91,0.56123852,0.7127729204,2.17,2.648523e-08,1.303193e-08,3.272145e-08,1.472916e-08,123.44,104.32,11662.83,9856.34,61.02,50.29
6.09063,8,0.5611,0.010,0.010,5.210,6.076,0.9874,0.00996,270.67,51.91,0.56123748,0.7127715995999999,2.17,2.655267e-08,1.303797e-08,3.274539e-08,1.474043e-08,122.93,104.32,11615.23,9856.94,60.74,50.29
6.09087,8,0.5612,0.010,0.010,5.210,6.076,0.9874,0.00996,270.67,51.91,0.5612365199999999,0.7127703803999998,2.17,2.659523e-08,1.306215e-08,3.275035e-08,1.474179e-08,123.01,104.33,11623.03,9857.63,60.78,50.30
6.09112,8,0.5612,0.010,0.010,5.210,6.076,0.9874,0.00996,270.67,51.91,0.56123552,0.7127691104,2.17,2.665471e-08,1.308613e-08,3.274523e-08,1.473944e-08,122.92,104.33,11613.91,9857.58,60.73,50.30
6.09138,8,0.5612,0.010,0.010,5.210,6.076,0.9874,0.00996,270.67,51.91,0.56123448,0.7127677896,2.17,2.669369e-08,1.31098e-08,3.275334e-08,1.474672e-08,123.00,104.38,11621.80,9861.99,60.78,50.32
6.09162,8,0.5613,0.010,0.010,5.210,6.076,0.9874,0.00996,270.67,51.91,0.5612335199999999,0.7127665703999999,2.17,2.677455e-08,1.313268e-08,3.279404e-08,1.474508e-08,122.71,104.14,11594.67,9839.52,60.62,50.19
6.09187,8,0.5613,0.010,0.010,5.210,6.076,0.9874,0.00996,270.67,51.91,0.56123252,0.7127653004000001,2.17,2.679136e-08,1.314358e-08,3.276546e-08,1.473585e-08,122.76,104.18,11599.27,9843.91,60.64,50.22
6.09213,8,0.5613,0.010,0.010,5.210,6.076,0.9874,0.00996,270.67,51.91,0.56123148,0.7127639796,2.17,2.687276e-08,1.31807e-08,3.277743e-08,1.474e-08,122.71,104.17,11594.41,9842.42,60.61,50.21
6.09237,8,0.5614,0.010,0.010,5.210,6.076,0.9874,0.00996,270.67,51.91,0.56123052,0.7127627604,2.17,2.69275e-08,1.319777e-08,3.278155e-08,1.474782e-08,122.56,104.26,11579.63,9851.41,60.53,50.26
6.09262,8,0.5614,0.010,0.010,5.210,6.076,0.9874,0.00996,270.67,51.91,0.5612295199999999,0.7127614903999999,2.17,2.70039e-08,1.322812e-08,3.280312e-08,1.474488e-08,122.43,104.10,11567.46,9836.08,60.45,50.17
6.09288,8,0.5614,0.010,0.010,5.210,6.076,0.9874,0.00996,270.67,51.91,0.5612284799999999,0.7127601695999999,2.17,2.70664e-08,1.32606e-08,3.280108e-08,1.474675e-08,122.46,104.14,11570.65,9839.46,60.47,50.19
6.09312,8,0.5615,0.010,0.010,5.209,6.076,0.9874,0.00996,270.67,51.91,0.56122752,0.7127589504,2.17,2.712323e-08,1.327981e-08,3.279045e-08,1.473315e-08,122.33,104.04,11557.98,9830.52,60.40,50.14
6.09337,8,0.5615,0.010,0.010,5.209,6.076,0.9874,0.00996,270.67,51.91,0.56122652,0.7127576804,2.17,2.720579e-08,1.330566e-08,3.282906e-08,1.474425e-08,122.06,103.96,11533.24,9822.96,60.25,50.09
6.09363,8,0.5615,0.010,0.010,5.209,6.076,0.9874,0.00996,270.67,51.91,0.5612254799999999,0.7127563596,2.17,2.726278e-08,1.334275e-08,3.28087e-08,1.47322e-08,122.23,103.93,11548.85,9819.44,60.34,50.07
6.09387,8,0.5616,0.010,0.010,5.209,6.076,0.9874,0.00996,270.67,51.91,0.56122452,0.7127551404,2.17,2.734008e-08,1.336912e-08,3.28144e-08,1.473292e-08,122.05,103.92,11531.54,9818.97,60.24,50.07
6.09413,8,0.5616,0.010,0.010,5.209,6.076,0.9874,0.00996,270.67,51.91,0.56122348,0.7127538196000001,2.17,2.740687e-08,1.340461e-08,3.280288e-08,1.472398e-08,122.10,103.87,11536.31,9814.41,60.27,50.04
6.09438,8,0.5616,0.010,0.010,5.209,6.076,0.9874,0.00996,270.67,51.91,0.56122248,0.7127525496,2.17,2.749575e-08,1.342747e-08,3.279956e-08,1.47176e-08,121.73,103.81,11501.76,9808.50,60.06,50.00
6.09462,8,0.5617,0.010,0.010,5.209,6.076,0.9874,0.00996,270.67,51.91,0.5612215199999999,0.7127513303999999,2.17,2.755173e-08,1.345338e-08,3.278543e-08,1.47165e-08,121.73,103.90,11501.42,9816.58,60.06,50.05
6.09488,8,0.5617,0.010,0.010,5.209,6.076,0.9874,0.00996,270.67,51.91,0.5612204799999999,0.7127500095999999,2.17,2.763045e-08,1.349072e-08,3.276871e-08,1.47035e-08,121.71,103.83,11499.59,9809.93,60.05,50.01
6.09513,8,0.5617,0.010,0.010,5.209,6.076,0.9874,0.00996,270.67,51.91,0.56121948,0.7127487396,2.17,2.769789e-08,1.352379e-08,3.27427e-08,1.469285e-08,121.71,103.84,11499.82,9811.17,60.05,50.02
6.09537,8,0.5618,0.010,0.010,5.209,6.076,0.9874,0.00996,270.67,51.91,0.5612185199999999,0.7127475203999999,2.17,2.77741e-08,1.355166e-08,3.273904e-08,1.467882e-08,121.57,103.70,11486.40,9797.92,59.97,49.94
6.09563,8,0.5618,0.010,0.010,5.209,6.076,0.9874,0.00996,270.67,51.91,0.5612174799999999,0.7127461996,2.17,2.788017e-08,1.357995e-08,3.271926e-08,1.467146e-08,121.16,103.72,11447.77,9799.74,59.74,49.95
6.09588,8,0.5618,0.010,0.010,5.209,6.076,0.9874,0.00996,270.67,51.91,0.5612164799999999,0.7127449295999999,2.17,2.795948e-08,1.361992e-08,3.268719e-08,1.466106e-08,121.18,103.77,11449.97,9804.57,59.75,49.98
6.09612,8,0.5619,0.010,0.010,5.209,6.076,0.9874,0.00996,270.67,51.91,0.56121552,0.7127437104,2.17,2.802843e-08,1.364521e-08,3.267643e-08,1.464826e-08,121.06,103.68,11438.44,9796.64,59.69,49.93
6.09638,8,0.5619,0.010,0.010,5.209,6.076,0.9874,0.00996,270.67,51.91,0.56121448,0.7127423895999999,2.17,2.810874e-08,1.368059e-08,3.264815e-08,1.46198e-08,121.00,103.48,11432.39,9777.51,59.65,49.82
6.09663,8,0.5619,0.010,0.010,5.209,6.076,0.9874,0.00996,270.67,51.91,0.5612134799999999,0.7127411196,2.17,2.819712e-08,1.372398e-08,3.26144e-08,1.46076e-08,121.00,103.52,11433.00,9781.04,59.65,49.84
6.09687,8,0.5620,0.010,0.010,5.209,6.076,0.9874,0.00996,270.67,51.91,0.56121252,0.7127399004,2.17,2.827243e-08,1.374601e-08,3.258873e-08,1.459006e-08,120.77,103.46,11411.38,9775.45,59.52,49.81
6.09713,8,0.5620,0.010,0.010,5.209,6.076,0.9874,0.00996,270.67,51.91,0.56121148,0.7127385796,2.17,2.835499e-08,1.378324e-08,3.255445e-08,1.458158e-08,120.72,103.55,11406.69,9783.79,59.50,49.86
6.09738,8,0.5620,0.010,0.010,5.209,6.076,0.9874,0.00996,270.67,51.91,0.56121048,0.7127373095999999,2.17,2.841668e-08,1.381948e-08,3.253082e-08,1.456115e-08,120.83,103.42,11416.74,9771.83,59.56,49.79
6.09762,8,0.5621,0.010,0.010,5.209,6.076,0.9874,0.00996,270.67,51.91,0.5612095199999999,0.7127360903999999,2.17,2.851906e-08,1.384865e-08,3.24789e-08,1.453555e-08,120.50,103.41,11385.78,9770.69,59.37,49.78
6.09788,8,0.5621,0.010,0.010,5.209,6.076,0.9874,0.00996,270.67,51.91,0.56120848,0.7127347696,2.17,2.860622e-08,1.387142e-08,3.244e-08,1.452831e-08,120.17,103.54,11354.66,9783.09,59.19,49.85
6.09812,8,0.5621,0.010,0.010,5.209,6.076,0.9874,0.00996,270.67,51.91,0.56120752,0.7127335504,2.17,2.868194e-08,1.39098e-08,3.239349e-08,1.45082e-08,120.20,103.55,11357.29,9783.97,59.20,49.86
6.09837,8,0.5622,0.010,0.010,5.208,6.076,0.9874,0.00996,270.67,51.91,0.5612065199999999,0.7127322803999999,2.17,2.876515e-08,1.393184e-08,3.237712e-08,1.447787e-08,119.92,103.27,11330.40,9757.63,59.04,49.70
6.09863,8,0.5622,0.010,0.010,5.208,6.076,0.9874,0.00996,270.67,51.91,0.5612054799999999,0.7127309595999999,2.17,2.883341e-08,1.397645e-08,3.231486e-08,1.445953e-08,120.11,103.39,11348.58,9769.24,59.15,49.77
6.09887,8,0.5622,0.010,0.010,5.208,6.076,0.9874,0.00996,270.67,51.91,0.56120452,0.7127297404,2.17,2.892444e-08,1.4008e-08,3.229939e-08,1.444597e-08,119.90,103.31,11328.84,9761.13,59.03,49.72
6.09912,8,0.5623,0.010,0.010,5.208,6.076,0.9874,0.00996,270.67,51.91,0.56120352,0.7127284704,2.17,2.900279e-08,1.403777e-08,3.22599e-08,1.44139e-08,119.79,103.14,11318.08,9745.24,58.97,49.63
6.09938,8,0.5623,0.010,0.010,5.208,6.076,0.9874,0.00996,270.67,51.91,0.56120248,0.7127271495999999,2.17,2.903986e-08,1.406654e-08,3.220701e-08,1.439325e-08,119.97,103.18,11334.99,9748.89,59.07,49.65
6.09962,8,0.5623,0.010,0.010,5.208,6.076,0.9874,0.00996,270.67,51.91,0.56120152,0.7127259304,2.17,2.913498e-08,1.409135e-08,3.218484e-08,1.437249e-08,119.62,103.04,11301.91,9735.60,58.87,49.57
6.09987,8,0.5624,0.010,0.010,5.208,6.076,0.9874,0.00996,270.67,51.91,0.56120052,0.7127246603999999,2.17,2.922461e-08,1.411998e-08,3.213736e-08,1.436292e-08,119.40,103.21,11281.14,9751.60,58.75,49.66
6.10013,8,0.5624,0.010,0.010,5.208,6.076,0.9874,0.00996,270.67,51.91,0.56119948,0.7127233396,2.17,2.930722e-08,1.414572e-08,3.210731e-08,1.43428e-08,119.17,103.12,11259.32,9743.38,58.62,49.62
6.10037,8,0.5624,0.010,0.010,5.235,6.076,0.9874,0.00996,270.67,51.91,0.5611985199999999,0.7127221203999999,2.17,2.950657e-08,1.429604e-08,3.221004e-08,1.442496e-08,120.04,103.59,11342.28,9787.86,59.11,49.88
6.10062,8,0.5625,0.010,0.010,5.235,6.076,0.9874,0.00996,270.67,51.91,0.56119752,0.7127208504,2.17,2.945572e-08,1.42009e-08,3.205528e-08,1.430281e-08,118.92,102.92,11236.09,9724.54,58.48,49.50
6.10088,8,0.5625,0.010,0.010,5.235,6.076,0.9874,0.00996,270.67,51.91,0.56119648,0.7127195296,2.17,2.952483e-08,1.423755e-08,3.200182e-08,1.428658e-08,118.97,103.02,11241.17,9733.92,58.51,49.56
6.10112,8,0.5625,0.010,0.010,5.235,6.076,0.9874,0.00996,270.67,51.91,0.56119552,0.7127183103999999,2.17,2.957687e-08,1.425841e-08,3.197344e-08,1.426291e-08,118.90,102.88,11234.72,9720.37,58.47,49.48
6.10137,8,0.5626,0.010,0.010,5.235,6.076,0.9874,0.00996,270.67,51.91,0.5611945199999999,0.7127170404,2.17,2.963891e-08,1.427816e-08,3.194734e-08,1.424717e-08,118.76,102.84,11221.31,9717.06,58.39,49.46
6.10163,8,0.5626,0.010,0.010,5.235,6.076,0.9874,0.00996,270.67,51.91,0.5611934799999999,0.7127157195999999,2.17,2.969696e-08,1.430044e-08,3.190974e-08,1.423651e-08,118.67,102.92,11212.70,9724.59,58.34,49.50
6.10187,8,0.5626,0.010,0.010,5.235,6.076,0.9874,0.00996,270.67,51.91,0.56119252,0.7127145004,2.17,2.977453e-08,1.432338e-08,3.188062e-08,1.42226e-08,118.44,102.91,11190.98,9723.45,58.21,49.50
6.10213,8,0.5627,0.010,0.010,5.235,6.076,0.9874,0.00996,270.67,51.91,0.56119148,0.7127131795999999,2.17,2.984611e-08,1.433996e-08,3.185464e-08,1.41903e-08,118.18,102.66,11166.18,9699.62,58.07,49.35
6.10238,8,0.5627,0.010,0.010,5.235,6.076,0.9874,0.00996,270.67,51.91,0.5611904799999999,0.7127119096,2.17,2.989715e-08,1.437114e-08,3.184101e-08,1.419397e-08,118.28,102.79,11176.15,9711.64,58.12,49.43
6.10262,8,0.5628,0.010,0.010,5.234,6.076,0.9874,0.00996,270.67,51.91,0.56118952,0.7127106904,2.17,2.995365e-08,1.439331e-08,3.181292e-08,1.417753e-08,118.23,102.75,11170.68,9708.53,58.09,49.41
6.10288,8,0.5628,0.010,0.010,5.234,6.076,0.9874,0.00996,270.67,51.91,0.56118848,0.7127093696,2.17,3.000233e-08,1.44031e-08,3.178972e-08,1.417027e-08,118.01,102.79,11150.41,9712.34,57.97,49.43
6.10313,8,0.5628,0.010,0.010,5.234,6.076,0.9874,0.00996,270.67,51.91,0.56118748,0.7127080995999999,2.17,3.005519e-08,1.44288e-08,3.17979e-08,1.415121e-08,118.02,102.50,11150.89,9684.30,57.97,49.26
6.10337,8,0.5629,0.010,0.010,5.234,6.076,0.9874,0.00996,270.67,51.91,0.5611865199999999,0.7127068803999999,2.17,3.013733e-08,1.44442e-08,3.176346e-08,1.414681e-08,117.66,102.66,11117.29,9699.52,57.77,49.35
6.10363,8,0.5629,0.010,0.010,5.234,6.076,0.9874,0.00996,270.67,51.91,0.56118548,0.7127055596,2.17,3.017054e-08,1.446993e-08,3.176077e-08,1.413625e-08,117.82,102.53,11131.79,9687.95,57.86,49.28
6.10388,8,0.5629,0.010,0.010,5.234,6.076,0.9874,0.00996,270.67,51.91,0.56118448,0.7127042896,2.17,3.022756e-08,1.448104e-08,3.175054e-08,1.412684e-08,117.56,102.47,11107.86,9681.95,57.72,49.25
6.10412,8,0.5630,0.010,0.010,5.234,6.076,0.9874,0.00996,270.67,51.91,0.5611835199999999,0.7127030703999999,2.17,3.028862e-08,1.450854e-08,3.174921e-08,1.412289e-08,117.56,102.45,11107.25,9679.53,57.71,49.23
6.10438,8,0.5630,0.010,0.010,5.234,6.076,0.9874,0.00996,270.67,51.91,0.5611824799999999,0.7127017495999999,2.17,3.034299e-08,1.452766e-08,3.173957e-08,1.411787e-08,117.45,102.44,11097.10,9678.62,57.65,49.23
6.10463,8,0.5630,0.010,0.010,5.234,6.076,0.9874,0.00996,270.67,51.91,0.56118148,0.7127004796,2.17,3.039465e-08,1.455017e-08,3.173192e-08,1.410783e-08,117.41,102.35,11093.85,9670.43,57.63,49.18
6.10487,8,0.5631,0.010,0.010,5.234,6.076,0.9874,0.00996,270.67,51.91,0.56118052,0.7126992604,2.17,3.044362e-08,1.454821e-08,3.171789e-08,1.410618e-08,117.04,102.43,11058.78,9677.81,57.43,49.22
6.10513,8,0.5631,0.010,0.010,5.234,6.076,0.9874,0.00996,270.67,51.91,0.56117948,0.7126979395999999,2.17,3.047837e-08,1.458272e-08,3.172826e-08,1.408625e-08,117.32,102.11,11084.84,9647.54,57.58,49.04
6.10538,8,0.5631,0.010,0.010,5.234,6.076,0.9874,0.00996,270.67,51.91,0.5611784799999999,0.7126966695999999,2.17,3.0565e-08,1.458133e-08,3.1711e-08,1.407785e-08,116.66,102.10,11022.75,9646.63,57.21,49.04
6.10562,8,0.5632,0.010,0.010,5.234,6.076,0.9874,0.00996,270.67,51.91,0.56117752,0.7126954504,2.17,3.061318e-08,1.461491e-08,3.16994e-08,1.407469e-08,116.84,102.14,11040.01,9650.80,57.31,49.06
6.10588,8,0.5632,0.010,0.010,5.234,6.076,0.9874,0.00996,270.67,51.91,0.56117648,0.7126941296,2.17,3.064235e-08,1.463222e-08,3.170762e-08,1.408133e-08,116.90,102.18,11044.90,9654.49,57.34,49.09
6.10612,8,0.5632,0.010,0.010,5.234,6.076,0.9874,0.00996,270.67,51.91,0.5611755199999999,0.7126929103999999,2.17,3.071879e-08,1.465023e-08,3.170813e-08,1.406417e-08,116.61,101.95,11018.28,9633.07,57.18,48.96
6.10637,8,0.5633,0.010,0.010,5.234,6.076,0.9874,0.00996,270.67,51.91,0.56117452,0.7126916404,2.17,3.07851e-08,1.467188e-08,3.169544e-08,1.405742e-08,116.48,101.96,11005.94,9633.39,57.11,48.96
6.10663,8,0.5633,0.010,0.010,5.234,6.076,0.9874,0.00996,270.67,51.91,0.56117348,0.7126903196000001,2.17,3.079508e-08,1.468969e-08,3.170111e-08,1.404937e-08,116.68,101.82,11024.65,9620.40,57.22,48.88
6.10687,8,0.5633,0.010,0.010,5.234,6.076,0.9874,0.00996,270.67,51.91,0.56117252,0.7126891004,2.17,3.088089e-08,1.471252e-08,3.167645e-08,1.404676e-08,116.41,101.93,10998.78,9630.64,57.07,48.94
6.10712,8,0.5634,0.010,0.010,5.234,6.076,0.9874,0.00996,270.67,51.91,0.5611715199999999,0.7126878303999999,2.17,3.091634e-08,1.473043e-08,3.167601e-08,1.404136e-08,116.44,101.88,11002.19,9625.94,57.09,48.91
6.10738,8,0.5634,0.010,0.010,5.234,6.076,0.9874,0.00996,270.67,51.91,0.5611704799999999,0.7126865095999999,2.17,3.096931e-08,1.474319e-08,3.167104e-08,1.402813e-08,116.26,101.73,10984.43,9612.36,56.98,48.83
6.10762,8,0.5634,0.010,0.010,5.234,6.076,0.9874,0.00996,270.67,51.91,0.56116952,0.7126852904,2.17,3.100941e-08,1.476325e-08,3.163236e-08,1.402551e-08,116.27,101.92,10985.81,9630.25,56.99,48.94
6.10787,8,0.5635,0.010,0.010,5.233,6.076,0.9874,0.00996,270.67,51.91,0.56116852,0.7126840203999999,2.17,3.108211e-08,1.478848e-08,3.162364e-08,1.400604e-08,116.15,101.74,10974.47,9612.72,56.92,48.84
6.10813,8,0.5635,0.010,0.010,5.233,6.076,0.9874,0.00996,270.67,51.91,0.5611674799999999,0.7126826996,2.17,3.113706e-08,1.479911e-08,3.16191e-08,1.39856e-08,115.92,101.50,10952.56,9590.04,56.79,48.70
6.10837,8,0.5635,0.010,0.010,5.233,6.076,0.9874,0.00996,270.67,51.91,0.56116652,0.7126814804,2.17,3.120586e-08,1.482378e-08,3.156617e-08,1.396555e-08,115.80,101.54,10941.27,9594.18,56.73,48.73
6.10862,8,0.5636,0.010,0.010,5.233,6.076,0.9874,0.00996,270.67,51.91,0.56116552,0.7126802104,2.17,3.123198e-08,1.484513e-08,3.155511e-08,1.395941e-08,115.95,101.54,10955.78,9594.34,56.81,48.73
6.10888,8,0.5636,0.010,0.010,5.233,6.076,0.9874,0.00996,270.67,51.91,0.56116448,0.7126788895999999,2.17,3.129856e-08,1.486829e-08,3.156148e-08,1.394472e-08,115.83,101.32,10943.88,9572.79,56.74,48.60
6.10912,8,0.5636,0.010,0.010,5.233,6.076,0.9874,0.00996,270.67,51.91,0.5611635199999999,0.7126776703999999,2.17,3.135153e-08,1.487798e-08,3.151935e-08,1.393245e-08,115.60,101.40,10922.24,9580.61,56.61,48.64
6.10938,8,0.5637,0.010,0.010,5.233,6.076,0.9874,0.00996,270.67,51.91,0.5611624799999999,0.7126763495999999,2.17,3.141307e-08,1.490467e-08,3.149666e-08,1.391839e-08,115.58,101.36,10920.67,9577.34,56.60,48.63
6.10963,8,0.5637,0.010,0.010,5.233,6.076,0.9874,0.00996,270.67,51.91,0.56116148,0.7126750796,2.17,3.146349e-08,1.491583e-08,3.143062e-08,1.390056e-08,115.39,101.51,10902.92,9591.37,56.50,48.71
6.10987,8,0.5637,0.010,0.010,5.233,6.076,0.9874,0.00996,270.67,51.91,0.5611605199999999,0.7126738603999999,2.17,3.151817e-08,1.494655e-08,3.140082e-08,1.387335e-08,115.46,101.33,10909.58,9574.01,56.54,48.61
6.11013,8,0.5638,0.010,0.010,5.233,6.076,0.9874,0.00996,270.67,51.91,0.5611594799999999,0.7126725395999999,2.17,3.158457e-08,1.493485e-08,3.13436e-08,1.384575e-08,114.85,101.32,10851.83,9572.84,56.19,48.60
6.11038,8,0.5638,0.010,0.010,5.233,6.076,0.9874,0.00996,270.67,51.91,0.5611584799999999,0.7126712695999999,2.17,3.162896e-08,1.498553e-08,3.133365e-08,1.382831e-08,115.29,101.15,10892.77,9556.69,56.44,48.50
6.11062,8,0.5638,0.010,0.010,5.233,6.076,0.9874,0.00996,270.67,51.91,0.56115752,0.7126700504,2.17,3.168451e-08,1.499089e-08,3.127289e-08,1.380057e-08,114.98,101.13,10863.90,9555.54,56.27,48.50
6.11088,8,0.5639,0.010,0.010,5.233,6.076,0.9874,0.00996,270.67,51.91,0.56115648,0.7126687295999999,2.17,3.173983e-08,1.501854e-08,3.119577e-08,1.377888e-08,115.02,101.31,10867.86,9572.58,56.29,48.60
6.11113,8,0.5639,0.010,0.010,5.233,6.076,0.9874,0.00996,270.67,51.91,0.5611554799999999,0.7126674595999999,2.17,3.178712e-08,1.503661e-08,3.116785e-08,1.375423e-08,114.96,101.15,10861.95,9557.25,56.25,48.51
6.11137,8,0.5639,0.010,0.010,5.233,6.076,0.9874,0.00996,270.67,51.91,0.56115452,0.7126662404,2.17,3.182093e-08,1.504177e-08,3.111086e-08,1.373033e-08,114.80,101.17,10847.13,9558.81,56.17,48.51
6.11163,8,0.5640,0.010,0.010,5.233,6.076,0.9874,0.00996,270.67,51.91,0.56115348,0.7126649196,2.17,3.186558e-08,1.506862e-08,3.103631e-08,1.367776e-08,114.91,100.93,10856.90,9535.96,56.22,48.38
6.11188,8,0.5640,0.010,0.010,5.233,6.076,0.9874,0.00996,270.67,51.91,0.56115248,0.7126636496,2.17,3.192973e-08,1.509049e-08,3.100932e-08,1.367577e-08,114.78,101.06,10845.36,9548.33,56.16,48.45
6.11212,8,0.5640,0.010,0.010,5.233,6.076,0.9874,0.00996,270.67,51.91,0.5611515199999999,0.7126624303999999,2.17,3.199757e-08,1.509838e-08,3.095439e-08,1.363596e-08,114.44,100.85,10812.53,9528.84,55.96,48.34
6.11238,8,0.5641,0.010,0.010,5.233,6.076,0.9874,0.00996,270.67,51.91,0.56115048,0.7126611096000001,2.17,3.202771e-08,1.51143e-08,3.086355e-08,1.359757e-08,114.48,100.89,10816.75,9532.57,55.99,48.36
6.11263,8,0.5641,0.010,0.010,5.233,6.076,0.9874,0.00996,270.67,51.91,0.56114948,0.7126598396,2.17,3.208289e-08,1.512515e-08,3.081179e-08,1.357351e-08,114.26,100.87,10796.22,9530.99,55.86,48.35
6.11287,8,0.5641,0.010,0.010,5.233,6.076,0.9874,0.00996,270.67,51.91,0.5611485199999999,0.7126586203999999,2.17,3.211346e-08,1.514392e-08,3.072403e-08,1.352632e-08,114.33,100.76,10802.10,9520.26,55.90,48.29
6.11313,8,0.5642,0.010,0.010,5.232,6.076,0.9874,0.00996,270.67,51.91,0.5611474799999999,0.7126572995999999,2.17,3.217036e-08,1.516056e-08,3.0657e-08,1.350022e-08,114.20,100.82,10790.29,9526.25,55.83,48.32
6.11337,8,0.5642,0.010,0.010,5.232,6.076,0.9874,0.00996,270.67,51.91,0.56114652,0.7126560804,2.17,3.221385e-08,1.516514e-08,3.059648e-08,1.345498e-08,113.97,100.57,10768.91,9502.79,55.70,48.18
6.11362,8,0.5642,0.010,0.010,5.232,6.076,0.9874,0.00996,270.67,51.91,0.56114552,0.7126548104,2.17,3.226751e-08,1.518398e-08,3.052592e-08,1.342999e-08,113.88,100.66,10760.31,9510.42,55.65,48.23
6.11388,8,0.5643,0.010,0.010,5.232,6.076,0.9874,0.00996,270.67,51.91,0.56114448,0.7126534896,2.17,3.228688e-08,1.519666e-08,3.047179e-08,1.340097e-08,113.95,100.60,10766.99,9505.52,55.69,48.20
6.11412,8,0.5643,0.010,0.010,5.232,6.076,0.9874,0.00996,270.67,51.91,0.56114352,0.7126522704,2.17,3.231209e-08,1.520854e-08,3.037848e-08,1.336592e-08,113.95,100.68,10767.01,9513.12,55.69,48.24
6.11437,8,0.5643,0.010,0.010,5.232,6.076,0.9874,0.00996,270.67,51.91,0.56114252,0.7126510004,2.17,3.235212e-08,1.521878e-08,3.028963e-08,1.333954e-08,113.83,100.86,10755.53,9529.34,55.62,48.34
6.11463,8,0.5644,0.010,0.010,5.232,6.076,0.9874,0.00996,270.67,51.91,0.56114148,0.7126496795999999,2.17,3.239072e-08,1.522465e-08,3.025554e-08,1.329927e-08,113.68,100.53,10741.06,9498.79,55.53,48.16
6.11487,8,0.5644,0.010,0.010,5.232,6.076,0.9874,0.00996,270.67,51.91,0.5611405199999999,0.7126484604,2.17,3.242507e-08,1.523357e-08,3.015668e-08,1.327196e-08,113.58,100.75,10731.46,9519.45,55.48,48.28
6.11512,8,0.5644,0.010,0.010,5.232,6.076,0.9874,0.00996,270.67,51.91,0.56113952,0.7126471904,2.17,3.244095e-08,1.524075e-08,3.010279e-08,1.324257e-08,113.57,100.67,10731.09,9512.18,55.48,48.24
6.11538,8,0.5645,0.010,0.010,5.232,6.076,0.9874,0.00996,270.67,51.91,0.56113848,0.7126458696,2.17,3.248146e-08,1.525667e-08,3.003937e-08,1.320926e-08,113.55,100.62,10728.86,9506.91,55.46,48.20
6.11562,8,0.5645,0.010,0.010,5.232,6.076,0.9874,0.00996,270.67,51.91,0.56113752,0.7126446503999999,2.17,3.251468e-08,1.524897e-08,3.000908e-08,1.317797e-08,113.22,100.37,10698.03,9483.82,55.28,48.07
6.11587,8,0.5645,0.010,0.010,5.232,6.076,0.9874,0.00996,270.67,51.91,0.5611365199999999,0.7126433803999999,2.17,3.254378e-08,1.526351e-08,2.993218e-08,1.315108e-08,113.24,100.47,10699.21,9492.68,55.29,48.12
6.11613,8,0.5646,0.010,0.010,5.232,6.076,0.9874,0.00996,270.67,51.91,0.5611354799999999,0.7126420595999999,2.17,3.258583e-08,1.527404e-08,2.988566e-08,1.313049e-08,113.13,100.48,10688.99,9494.17,55.22,48.13
6.11637,8,0.5646,0.010,0.010,5.232,6.076,0.9874,0.00996,270.67,51.91,0.56113452,0.7126408404,2.17,3.260363e-08,1.528607e-08,2.98293e-08,1.310584e-08,113.18,100.48,10693.84,9494.31,55.25,48.13
6.11662,8,0.5647,0.010,0.010,5.232,6.076,0.9874,0.00996,270.67,51.91,0.5611335199999999,0.7126395703999999,2.17,3.261651e-08,1.527878e-08,2.976032e-08,1.307258e-08,113.01,100.46,10678.20,9492.17,55.16,48.12
6.11688,8,0.5647,0.010,0.010,5.232,6.076,0.9874,0.00996,270.67,51.91,0.5611324799999999,0.7126382495999999,2.17,3.267099e-08,1.527016e-08,2.973816e-08,1.305285e-08,112.54,100.33,10633.48,9479.22,54.89,48.04
6.11712,8,0.5647,0.010,0.010,5.232,6.076,0.9874,0.00996,270.67,51.91,0.56113152,0.7126370304,2.17,3.269341e-08,1.527312e-08,2.967238e-08,1.302922e-08,112.44,100.40,10623.66,9486.02,54.84,48.08
6.11738,8,0.5648,0.010,0.010,5.232,6.076,0.9874,0.00996,270.67,51.91,0.56113048,0.7126357096,2.17,3.269101e-08,1.528041e-08,2.964897e-08,1.300439e-08,112.57,100.22,10636.53,9468.82,54.91,47.98
6.11763,8,0.5648,0.010,0.010,5.232,6.076,0.9874,0.00996,270.67,51.91,0.56112948,0.7126344396,2.17,3.272195e-08,1.528909e-08,2.961742e-08,1.298721e-08,112.49,100.17,10628.98,9464.48,54.87,47.95
6.11787,8,0.5648,0.010,0.010,5.232,6.076,0.9874,0.00996,270.68,51.91,0.5611285199999999,0.7126332203999999,2.17,3.275134e-08,1.528213e-08,2.956526e-08,1.296108e-08,112.21,100.12,10602.03,9460.24,54.71,47.93
6.11813,8,0.5649,0.010,0.010,5.231,6.076,0.9874,0.00996,270.68,51.91,0.56112748,0.7126318996000001,2.17,3.275683e-08,1.529582e-08,2.953795e-08,1.294993e-08,112.38,100.15,10618.39,9462.99,54.80,47.94
6.11838,8,0.5649,0.010,0.010,5.231,6.076,0.9874,0.00996,270.68,51.91,0.56112648,0.7126306296,2.17,3.277252e-08,1.529131e-08,2.949811e-08,1.292897e-08,112.22,100.11,10603.00,9458.44,54.71,47.92
6.11862,8,0.5649,0.010,0.010,5.231,6.076,0.9874,0.00996,270.68,51.91,0.5611255199999999,0.7126294103999999,2.17,3.28001e-08,1.529798e-08,2.94767e-08,1.291488e-08,112.13,100.04,10594.95,9452.30,54.67,47.88
6.11888,8,0.5650,0.010,0.010,5.231,6.076,0.9874,0.00996,270.68,51.91,0.5611244799999999,0.7126280895999999,2.17,3.283589e-08,1.528872e-08,2.944459e-08,1.289822e-08,111.80,100.02,10563.22,9450.60,54.48,47.87
6.11913,8,0.5650,0.010,0.010,5.231,6.076,0.9874,0.00996,270.68,51.91,0.56112348,0.7126268196000001,2.17,3.285282e-08,1.528981e-08,2.941876e-08,1.288069e-08,111.70,99.94,10554.45,9442.49,54.42,47.82
6.11937,8,0.5650,0.010,0.010,5.231,6.076,0.9874,0.00996,270.68,51.91,0.56112252,0.7126256004,2.17,3.289052e-08,1.530483e-08,2.939514e-08,1.287143e-08,111.67,99.95,10551.19,9443.90,54.40,47.83
6.11963,8,0.5651,0.010,0.010,5.231,6.076,0.9874,0.00996,270.68,51.91,0.56112148,0.7126242796,2.17,3.290311e-08,1.529521e-08,2.938419e-08,1.286056e-08,111.48,99.89,10533.12,9437.64,54.30,47.79
6.11988,8,0.5651,0.010,0.010,5.231,6.076,0.9874,0.00996,270.68,51.91,0.5611204799999999,0.7126230095999999,2.17,3.289506e-08,1.529031e-08,2.935352e-08,1.284929e-08,111.46,99.91,10531.63,9440.46,54.29,47.81
6.12012,8,0.5651,0.010,0.010,5.231,6.076,0.9874,0.00996,270.68,51.91,0.56111952,0.7126217904,2.17,3.294967e-08,1.528852e-08,2.933513e-08,1.283387e-08,111.09,99.81,10496.77,9430.82,54.08,47.75
6.12038,8,0.5652,0.010,0.010,5.231,6.076,0.9874,0.00996,270.68,51.91,0.56111848,0.7126204696,2.17,3.29809e-08,1.530793e-08,2.931928e-08,1.282705e-08,111.18,99.83,10504.92,9432.64,54.13,47.76
6.12063,8,0.5652,0.010,0.010,5.231,6.076,0.9874,0.00996,270.68,51.91,0.56111748,0.7126191996,2.17,3.301545e-08,1.530585e-08,2.931192e-08,1.281578e-08,110.94,99.72,10481.77,9422.12,53.99,47.70
6.12087,8,0.5652,0.010,0.010,5.231,6.076,0.9874,0.00996,270.68,51.91,0.56111652,0.7126179804,2.17,3.300256e-08,1.530146e-08,2.929566e-08,1.280563e-08,110.96,99.68,10483.80,9418.15,54.00,47.68
6.12113,8,0.5653,0.010,0.010,5.231,6.076,0.9874,0.00996,270.68,51.91,0.56111548,0.7126166596,2.17,3.301897e-08,1.530038e-08,2.927457e-08,1.280128e-08,110.86,99.76,10474.56,9426.18,53.95,47.72
6.12137,8,0.5653,0.010,0.010,5.231,6.076,0.9874,0.00996,270.68,51.91,0.56111452,0.7126154403999999,2.17,3.304018e-08,1.53023e-08,2.926197e-08,1.27903e-08,110.75,99.69,10464.48,9419.02,53.89,47.68
6.12162,8,0.5653,0.010,0.010,5.231,6.076,0.9874,0.00996,270.68,51.91,0.5611135199999999,0.7126141703999999,2.17,3.305454e-08,1.531343e-08,2.923345e-08,1.277834e-08,110.81,99.70,10470.19,9419.69,53.92,47.68
6.12188,8,0.5654,0.010,0.010,5.231,6.076,0.9874,0.00996,270.68,51.91,0.5611124799999999,0.7126128495999999,2.17,3.310152e-08,1.532034e-08,2.922535e-08,1.277205e-08,110.63,99.67,10453.16,9417.75,53.82,47.67
6.12212,8,0.5654,0.010,0.010,5.231,6.076,0.9874,0.00996,270.68,51.91,0.56111152,0.7126116304,2.17,3.312627e-08,1.532267e-08,2.921422e-08,1.276109e-08,110.51,99.59,10441.58,9409.77,53.75,47.63
6.12237,8,0.5654,0.010,0.010,5.231,6.077,0.9874,0.00996,270.68,51.91,0.56111052,0.7126103603999999,2.17,3.316252e-08,1.532451e-08,2.919755e-08,1.275242e-08,110.31,99.57,10422.69,9407.95,53.64,47.61
6.12263,8,0.5655,0.010,0.010,5.231,6.077,0.9874,0.00996,270.68,51.91,0.5611094799999999,0.7126090395999999,2.17,3.319477e-08,1.533807e-08,2.917697e-08,1.273278e-08,110.31,99.44,10422.84,9395.66,53.64,47.54
6.12287,8,0.5655,0.010,0.010,5.231,6.077,0.9874,0.00996,270.68,51.91,0.56110852,0.7126078204,2.17,3.321542e-08,1.53401e-08,2.914365e-08,1.272219e-08,110.21,99.50,10413.36,9400.84,53.58,47.57
6.12312,8,0.5655,0.010,0.010,5.231,6.077,0.9874,0.00997,270.68,51.91,0.56110752,0.7126065504,2.17,3.32196e-08,1.533665e-08,2.913057e-08,1.270515e-08,110.14,99.34,10406.57,9385.98,53.54,47.48
6.12338,8,0.5656,0.010,0.010,5.230,6.077,0.9874,0.00997,270.68,51.91,0.56110648,0.7126052296,2.17,3.329022e-08,1.535455e-08,2.910567e-08,1.270109e-08,109.96,99.45,10389.93,9396.56,53.44,47.55
6.12362,8,0.5656,0.010,0.010,5.230,6.077,0.9874,0.00997,270.68,51.91,0.5611055199999999,0.7126040103999999,2.17,3.328852e-08,1.534579e-08,2.909474e-08,1.268405e-08,109.86,99.28,10379.92,9380.46,53.38,47.45
6.12387,8,0.5656,0.010,0.010,5.230,6.077,0.9874,0.00997,270.68,51.91,0.56110452,0.7126027404,2.17,3.334659e-08,1.535476e-08,2.906857e-08,1.266553e-08,109.62,99.18,10357.64,9371.14,53.25,47.39
6.12413,8,0.5657,0.010,0.010,5.230,6.077,0.9874,0.00997,270.68,51.91,0.56110348,0.7126014196,2.17,3.335906e-08,1.53596e-08,2.903679e-08,1.265027e-08,109.63,99.18,10358.35,9370.94,53.26,47.39
6.12437,8,0.5657,0.010,0.010,5.230,6.077,0.9874,0.00997,270.68,51.91,0.5611025199999999,0.7126002003999999,2.17,3.338713e-08,1.536789e-08,2.899842e-08,1.263088e-08,109.57,99.14,10352.56,9367.42,53.22,47.37
6.12462,8,0.5657,0.010,0.010,5.230,6.077,0.9874,0.00997,270.68,51.91,0.5611015199999999,0.7125989303999999,2.17,3.340877e-08,1.536599e-08,2.895396e-08,1.261392e-08,109.41,99.18,10337.78,9370.59,53.13,47.39
6.12488,8,0.5658,0.010,0.010,5.230,6.077,0.9874,0.00997,270.68,51.91,0.5611004799999999,0.7125976095999998,2.17,3.343259e-08,1.536784e-08,2.892436e-08,1.26007e-08,109.31,99.19,10328.27,9371.82,53.08,47.40
6.12512,8,0.5658,0.010,0.010,5.230,6.077,0.9874,0.00997,270.68,51.91,0.56109952,0.7125963904,2.17,3.345921e-08,1.537968e-08,2.885531e-08,1.25773e-08,109.31,99.28,10327.78,9380.65,53.07,47.45
6.12538,8,0.5658,0.010,0.010,5.230,6.077,0.9874,0.00997,270.68,51.91,0.56109848,0.7125950696,2.17,3.346582e-08,1.537418e-08,2.884882e-08,1.254452e-08,109.19,98.86,10317.17,9341.11,53.01,47.22
6.12563,8,0.5659,0.010,0.010,5.230,6.077,0.9874,0.00997,270.68,51.91,0.5610974799999999,0.7125937995999999,2.17,3.350615e-08,1.537471e-08,2.880702e-08,1.252525e-08,108.98,98.87,10296.70,9341.32,52.89,47.22
6.12587,8,0.5659,0.010,0.010,5.230,6.077,0.9874,0.00997,270.68,51.91,0.56109652,0.7125925804,2.17,3.353031e-08,1.537808e-08,2.875337e-08,1.250254e-08,108.88,98.87,10287.16,9342.14,52.83,47.22
6.12613,8,0.5659,0.010,0.010,5.230,6.077,0.9874,0.00997,270.68,51.91,0.56109548,0.7125912596,2.17,3.355262e-08,1.537808e-08,2.865757e-08,1.248029e-08,108.74,99.15,10274.54,9367.91,52.76,47.37
6.12638,8,0.5660,0.010,0.010,5.230,6.077,0.9874,0.00997,270.68,51.91,0.56109448,0.7125899896,2.17,3.35461e-08,1.538478e-08,2.862494e-08,1.244303e-08,108.89,98.84,10288.31,9338.92,52.84,47.20
6.12662,8,0.5660,0.010,0.010,5.230,6.077,0.9874,0.00997,270.68,51.91,0.56109352,0.7125887704,2.17,3.356357e-08,1.538882e-08,2.855114e-08,1.242756e-08,108.84,99.07,10283.41,9361.05,52.81,47.33
6.12688,8,0.5660,0.010,0.010,5.230,6.077,0.9874,0.00997,270.68,51.91,0.56109248,0.7125874496,2.17,3.356675e-08,1.537394e-08,2.850887e-08,1.23864e-08,108.62,98.75,10263.27,9330.69,52.69,47.15
6.12713,8,0.5661,0.010,0.010,5.230,6.077,0.9874,0.00997,270.68,51.91,0.56109148,0.7125861795999999,2.17,3.356714e-08,1.538155e-08,2.844831e-08,1.236395e-08,108.74,98.83,10274.24,9337.50,52.76,47.19
6.12737,8,0.5661,0.010,0.010,5.230,6.077,0.9874,0.00997,270.68,51.91,0.5610905199999999,0.7125849604,2.17,3.358831e-08,1.537071e-08,2.83875e-08,1.232643e-08,108.47,98.67,10248.96,9322.66,52.61,47.10
6.12763,8,0.5661,0.010,0.010,5.230,6.077,0.9874,0.00997,270.68,51.91,0.5610894799999999,0.7125836395999999,2.17,3.357978e-08,1.53641e-08,2.832467e-08,1.229884e-08,108.44,98.66,10245.63,9322.25,52.59,47.10
6.12788,8,0.5662,0.010,0.010,5.230,6.077,0.9874,0.00997,270.68,51.91,0.56108848,0.7125823696,2.17,3.357662e-08,1.536366e-08,2.82586e-08,1.227139e-08,108.47,98.70,10248.68,9325.56,52.60,47.12
6.12812,8,0.5662,0.010,0.010,5.230,6.077,0.9874,0.00997,270.68,51.91,0.56108752,0.7125811503999999,2.17,3.357058e-08,1.534834e-08,2.819768e-08,1.224073e-08,108.31,98.64,10233.24,9319.90,52.51,47.09
6.12838,8,0.5662,0.010,0.010,5.230,6.077,0.9874,0.00997,270.68,51.91,0.5610864799999999,0.7125798296,2.17,3.355273e-08,1.534212e-08,2.811954e-08,1.219624e-08,108.33,98.49,10235.63,9305.65,52.53,47.00
6.12863,8,0.5663,0.010,0.010,5.229,6.077,0.9874,0.00997,270.68,51.91,0.5610854799999999,0.7125785595999999,2.17,3.35486e-08,1.532735e-08,2.805855e-08,1.217472e-08,108.18,98.58,10221.61,9313.96,52.44,47.05
6.12887,8,0.5663,0.010,0.010,5.229,6.077,0.9874,0.00997,270.68,51.91,0.56108452,0.7125773404,2.17,3.351853e-08,1.532409e-08,2.79796e-08,1.213826e-08,108.32,98.54,10234.49,9310.97,52.52,47.03
6.12913,8,0.5663,0.010,0.010,5.229,6.077,0.9874,0.00997,270.68,51.91,0.56108348,0.7125760195999999,2.17,3.348715e-08,1.53037e-08,2.791996e-08,1.210369e-08,108.24,98.42,10227.05,9299.17,52.47,46.96
6.12937,8,0.5664,0.010,0.010,5.229,6.077,0.9874,0.00997,270.68,51.91,0.5610825199999999,0.7125748003999999,2.17,3.346424e-08,1.529731e-08,2.786245e-08,1.207209e-08,108.31,98.34,10233.89,9291.75,52.52,46.92
6.12962,8,0.5664,0.010,0.010,5.229,6.077,0.9874,0.00997,270.68,51.91,0.56108152,0.7125735304,2.17,3.343295e-08,1.527638e-08,2.778406e-08,1.20368e-08,108.23,98.32,10225.72,9289.94,52.47,46.91
6.12988,8,0.5665,0.010,0.010,5.229,6.077,0.9874,0.00997,270.68,51.91,0.56108048,0.7125722096,2.17,3.343841e-08,1.526716e-08,2.770402e-08,1.201539e-08,108.09,98.53,10213.09,9309.72,52.39,47.03
6.13012,8,0.5665,0.010,0.010,5.229,6.077,0.9874,0.00997,270.68,51.91,0.5610795199999999,0.7125709903999999,2.17,3.339633e-08,1.523842e-08,2.765062e-08,1.198313e-08,107.97,98.40,10201.35,9297.25,52.32,46.95
6.13037,8,0.5665,0.010,0.010,5.229,6.077,0.9874,0.00997,270.68,51.91,0.5610785199999999,0.7125697203999999,2.17,3.335444e-08,1.522356e-08,2.75779e-08,1.195911e-08,108.02,98.51,10206.60,9307.55,52.35,47.01
6.13063,8,0.5666,0.010,0.010,5.229,6.077,0.9874,0.00997,270.68,51.91,0.56107748,0.7125683996000001,2.17,3.330289e-08,1.519309e-08,2.750242e-08,1.191735e-08,107.95,98.39,10199.83,9296.75,52.31,46.95
6.13087,8,0.5666,0.010,0.010,5.229,6.077,0.9874,0.00997,270.68,51.91,0.56107652,0.7125671804,2.17,3.327005e-08,1.517609e-08,2.745578e-08,1.188999e-08,107.93,98.29,10197.33,9286.90,52.30,46.89
6.13112,8,0.5666,0.010,0.010,5.229,6.077,0.9874,0.00997,270.68,51.91,0.5610755199999999,0.7125659104,2.17,3.324187e-08,1.51537e-08,2.740989e-08,1.186535e-08,107.80,98.22,10185.55,9280.32,52.23,46.85
6.13138,8,0.5667,0.010,0.010,5.229,6.077,0.9874,0.00997,270.68,51.91,0.5610744799999999,0.7125645895999999,2.17,3.318376e-08,1.51201e-08,2.734979e-08,1.183664e-08,107.73,98.20,10178.55,9278.24,52.19,46.84
6.13162,8,0.5667,0.010,0.010,5.229,6.077,0.9874,0.00997,270.68,51.91,0.56107352,0.7125633704,2.17,3.31292e-08,1.509555e-08,2.730333e-08,1.180794e-08,107.73,98.07,10178.94,9266.35,52.19,46.77
6.13187,8,0.5667,0.010,0.010,5.229,6.077,0.9874,0.00997,270.68,51.91,0.56107252,0.7125621004,2.17,3.304831e-08,1.507398e-08,2.725226e-08,1.179558e-08,107.93,98.21,10197.94,9279.83,52.30,46.85
6.13213,8,0.5668,0.010,0.010,5.229,6.077,0.9874,0.00997,270.68,51.91,0.56107148,0.7125607796,2.17,3.300339e-08,1.503746e-08,2.720509e-08,1.176631e-08,107.74,98.10,10179.78,9269.17,52.19,46.79
6.13237,8,0.5668,0.010,0.010,5.229,6.077,0.9874,0.00997,270.68,51.91,0.5610705199999999,0.7125595603999999,2.17,3.294281e-08,1.501807e-08,2.714721e-08,1.174041e-08,107.85,98.09,10190.02,9267.97,52.25,46.78
6.13262,8,0.5668,0.010,0.010,5.229,6.077,0.9874,0.00997,270.68,51.91,0.56106952,0.7125582904,2.17,3.287397e-08,1.499133e-08,2.710668e-08,1.172858e-08,107.91,98.17,10195.82,9275.91,52.29,46.83
6.13288,8,0.5669,0.010,0.010,5.229,6.077,0.9874,0.00997,270.68,51.91,0.56106848,0.7125569696,2.17,3.28182e-08,1.495846e-08,2.703996e-08,1.170318e-08,107.83,98.24,10188.31,9282.39,52.24,46.86
6.13312,8,0.5669,0.010,0.010,5.229,6.077,0.9874,0.00997,270.68,51.91,0.5610675199999999,0.7125557504,2.17,3.274895e-08,1.4936e-08,2.701291e-08,1.168188e-08,107.95,98.10,10199.73,9268.97,52.31,46.78
6.13338,8,0.5669,0.010,0.010,5.229,6.077,0.9874,0.00997,270.68,51.91,0.5610664799999999,0.7125544295999999,2.17,3.269739e-08,1.490334e-08,2.696049e-08,1.166523e-08,107.83,98.19,10188.24,9277.41,52.24,46.83
6.13363,8,0.5670,0.010,0.010,5.228,6.077,0.9874,0.00997,270.68,51.91,0.56106548,0.7125531596,2.17,3.266099e-08,1.486444e-08,2.694068e-08,1.16551e-08,107.55,98.18,10162.01,9276.86,52.09,46.83
6.13387,8,0.5670,0.010,0.010,5.228,6.077,0.9874,0.00997,270.68,51.91,0.56106452,0.7125519403999999,2.17,3.257842e-08,1.48436e-08,2.690526e-08,1.16381e-08,107.77,98.16,10183.08,9274.50,52.21,46.82
6.13413,8,0.5670,0.010,0.010,5.228,6.077,0.9874,0.00997,270.68,51.91,0.56106348,0.7125506196,2.17,3.25246e-08,1.480814e-08,2.687398e-08,1.161979e-08,107.63,98.09,10169.29,9267.79,52.13,46.78
6.13438,8,0.5671,0.010,0.010,5.228,6.077,0.9874,0.00997,270.68,51.91,0.5610624799999999,0.7125493495999999,2.17,3.245322e-08,1.478099e-08,2.684655e-08,1.160801e-08,107.72,98.11,10177.84,9269.53,52.18,46.79
6.13462,8,0.5671,0.010,0.010,5.228,6.077,0.9874,0.00997,270.68,51.91,0.56106152,0.7125481304,2.17,3.238801e-08,1.474321e-08,2.682094e-08,1.159724e-08,107.61,98.11,10167.61,9269.96,52.12,46.79
6.13488,8,0.5671,0.010,0.010,5.228,6.077,0.9874,0.00997,270.68,51.91,0.56106048,0.7125468095999999,2.17,3.234798e-08,1.47238e-08,2.675137e-08,1.158491e-08,107.59,98.38,10166.10,9295.05,52.11,46.94
6.13513,8,0.5672,0.010,0.010,5.228,6.077,0.9874,0.00997,270.68,51.91,0.5610594799999999,0.7125455395999999,2.17,3.226682e-08,1.469888e-08,2.676344e-08,1.157294e-08,107.78,98.14,10183.18,9272.39,52.21,46.80
6.13537,8,0.5672,0.010,0.010,5.228,6.077,0.9874,0.00997,270.68,51.91,0.56105852,0.7125443204,2.17,3.220165e-08,1.46716e-08,2.673061e-08,1.155713e-08,107.81,98.11,10186.25,9270.11,52.23,46.79
6.13563,8,0.5672,0.010,0.010,5.228,6.077,0.9874,0.00997,270.68,51.91,0.56105748,0.7125429996,2.17,3.215703e-08,1.463204e-08,2.671002e-08,1.15493e-08,107.55,98.13,10161.72,9271.63,52.08,46.80
6.13588,8,0.5673,0.010,0.010,5.228,6.077,0.9874,0.00997,270.68,51.91,0.56105648,0.7125417296,2.17,3.209469e-08,1.461333e-08,2.666992e-08,1.154347e-08,107.70,98.32,10175.85,9289.58,52.17,46.90
6.13612,8,0.5673,0.010,0.010,5.228,6.077,0.9874,0.00997,270.68,51.91,0.5610555199999999,0.7125405103999999,2.17,3.204516e-08,1.458248e-08,2.664792e-08,1.152911e-08,107.59,98.25,10165.23,9282.71,52.10,46.86
6.13638,8,0.5673,0.010,0.010,5.228,6.077,0.9874,0.00997,270.68,51.91,0.5610544799999999,0.7125391895999998,2.17,3.197875e-08,1.455668e-08,2.661869e-08,1.151421e-08,107.65,98.21,10170.90,9279.51,52.14,46.84
6.13663,8,0.5674,0.010,0.010,5.228,6.077,0.9874,0.00997,270.68,51.91,0.56105348,0.7125379196,2.17,3.194065e-08,1.454587e-08,2.658966e-08,1.150537e-08,107.75,98.28,10181.08,9286.43,52.20,46.89
6.13687,8,0.5674,0.010,0.010,5.228,6.077,0.9874,0.00997,270.68,51.91,0.5610525199999999,0.7125367004,2.17,3.188266e-08,1.451486e-08,2.654691e-08,1.149893e-08,107.69,98.47,10175.16,9303.63,52.16,46.99
6.13713,8,0.5674,0.010,0.010,5.228,6.077,0.9874,0.00997,270.68,51.91,0.5610514799999999,0.7125353795999999,2.17,3.183798e-08,1.449103e-08,2.65199e-08,1.149483e-08,107.64,98.58,10170.66,9314.49,52.14,47.05
6.13737,8,0.5675,0.010,0.010,5.228,6.077,0.9874,0.00997,270.68,51.91,0.56105052,0.7125341604000001,2.17,3.178158e-08,1.447715e-08,2.6502e-08,1.147207e-08,107.82,98.37,10187.68,9294.68,52.24,46.93
6.13762,8,0.5675,0.010,0.010,5.228,6.077,0.9874,0.00997,270.68,51.91,0.56104952,0.7125328904,2.17,3.173956e-08,1.445587e-08,2.647877e-08,1.146735e-08,107.79,98.45,10184.92,9302.31,52.22,46.98
6.13788,8,0.5675,0.010,0.010,5.228,6.077,0.9874,0.00997,270.68,51.91,0.56104848,0.7125315696,2.17,3.169952e-08,1.443133e-08,2.644748e-08,1.145202e-08,107.71,98.43,10176.75,9299.77,52.17,46.96
6.13812,8,0.5676,0.010,0.010,5.228,6.077,0.9874,0.00997,270.68,51.91,0.5610475199999999,0.7125303503999999,2.17,3.165226e-08,1.440738e-08,2.640842e-08,1.14341e-08,107.69,98.43,10175.39,9299.96,52.16,46.97
6.13837,8,0.5676,0.010,0.010,5.228,6.077,0.9874,0.00997,270.68,51.91,0.56104652,0.7125290804,2.17,3.159586e-08,1.439547e-08,2.637154e-08,1.142199e-08,107.88,98.49,10193.28,9305.50,52.27,47.00
6.13863,8,0.5676,0.010,0.010,5.228,6.077,0.9874,0.00997,270.68,51.91,0.56104548,0.7125277596,2.17,3.156807e-08,1.438308e-08,2.632926e-08,1.140186e-08,107.89,98.46,10193.63,9302.89,52.27,46.98
6.13887,8,0.5677,0.010,0.010,5.227,6.077,0.9874,0.00997,270.68,51.91,0.5610445199999999,0.7125265404,2.17,3.151094e-08,1.435001e-08,2.628288e-08,1.138953e-08,107.81,98.59,10186.24,9315.71,52.23,47.06
6.13912,8,0.5677,0.010,0.010,5.227,6.077,0.9874,0.00997,270.68,51.91,0.5610435199999999,0.7125252703999999,2.17,3.148089e-08,1.43309e-08,2.622927e-08,1.136493e-08,107.73,98.57,10179.17,9313.73,52.19,47.05
6.13938,8,0.5677,0.010,0.010,5.227,6.077,0.9874,0.00997,270.68,51.91,0.56104248,0.7125239496,2.17,3.148637e-08,1.431851e-08,2.619859e-08,1.135763e-08,107.53,98.67,10159.78,9322.42,52.07,47.10
6.13962,8,0.5678,0.010,0.010,5.227,6.077,0.9874,0.00997,270.68,51.91,0.56104152,0.7125227303999999,2.17,3.143653e-08,1.430853e-08,2.613386e-08,1.132668e-08,107.72,98.64,10178.12,9319.86,52.18,47.08
6.13987,8,0.5678,0.010,0.010,5.227,6.077,0.9874,0.00997,270.68,51.91,0.5610405199999999,0.7125214604,2.17,3.140373e-08,1.427807e-08,2.606111e-08,1.130173e-08,107.51,98.74,10157.84,9329.45,52.06,47.14
6.14013,8,0.5678,0.010,0.010,5.227,6.077,0.9874,0.00997,270.68,51.91,0.5610394799999999,0.7125201395999999,2.17,3.135047e-08,1.426001e-08,2.6023e-08,1.127438e-08,107.59,98.57,10165.89,9313.66,52.11,47.05
6.14037,8,0.5679,0.010,0.010,5.227,6.077,0.9874,0.00997,270.68,51.91,0.56103852,0.7125189204,2.17,3.131068e-08,1.424342e-08,2.595225e-08,1.125914e-08,107.63,98.83,10169.65,9337.86,52.13,47.19
6.14062,8,0.5679,0.010,0.010,5.227,6.077,0.9874,0.00997,270.68,51.91,0.56103752,0.7125176503999999,2.17,3.128052e-08,1.422194e-08,2.589898e-08,1.122675e-08,107.52,98.68,10159.48,9324.24,52.07,47.11
6.14088,8,0.5679,0.010,0.010,5.227,6.077,0.9874,0.00997,270.68,51.91,0.56103648,0.7125163296,2.17,3.124364e-08,1.41945e-08,2.582976e-08,1.120493e-08,107.38,98.81,10145.50,9336.28,51.99,47.18
6.14112,8,0.5680,0.010,0.010,5.227,6.077,0.9874,0.00997,270.68,51.91,0.56103552,0.7125151104,2.17,3.118161e-08,1.418642e-08,2.576559e-08,1.118473e-08,107.68,98.95,10173.70,9349.20,52.15,47.26
6.14138,8,0.5680,0.010,0.010,5.227,6.077,0.9874,0.00997,270.68,51.91,0.56103448,0.7125137896,2.17,3.114867e-08,1.416389e-08,2.566386e-08,1.11491e-08,107.57,99.08,10163.77,9361.86,52.09,47.33
6.14163,8,0.5680,0.010,0.010,5.227,6.077,0.9874,0.00997,270.68,51.91,0.56103348,0.7125125196,2.17,3.110371e-08,1.413914e-08,2.56046e-08,1.111638e-08,107.51,98.97,10158.10,9351.48,52.06,47.27
6.14187,8,0.5681,0.010,0.010,5.227,6.077,0.9874,0.00997,270.68,51.91,0.5610325199999999,0.7125113003999999,2.17,3.103519e-08,1.411724e-08,2.554077e-08,1.108348e-08,107.66,98.91,10172.10,9345.40,52.14,47.23
6.14213,8,0.5681,0.010,0.010,5.227,6.077,0.9874,0.00997,270.68,51.91,0.5610314799999999,0.7125099796,2.17,3.098959e-08,1.409692e-08,2.544862e-08,1.105715e-08,107.66,99.13,10172.66,9365.84,52.15,47.36
6.14238,8,0.5681,0.010,0.010,5.227,6.077,0.9874,0.00997,270.68,51.91,0.56103048,0.7125087096,2.17,3.094653e-08,1.406534e-08,2.536458e-08,1.101462e-08,107.50,99.03,10156.77,9356.80,52.05,47.30
6.14262,8,0.5682,0.010,0.010,5.227,6.077,0.9874,0.00997,270.68,51.91,0.56102952,0.7125074903999999,2.17,3.086354e-08,1.403475e-08,2.527871e-08,1.09845e-08,107.62,99.16,10168.03,9369.26,52.12,47.38
6.14288,8,0.5682,0.010,0.010,5.227,6.077,0.9874,0.00997,270.68,51.91,0.5610284799999999,0.7125061695999999,2.17,3.082244e-08,1.400443e-08,2.519423e-08,1.094737e-08,107.45,99.15,10152.57,9368.62,52.03,47.37
6.14313,8,0.5682,0.010,0.010,5.227,6.077,0.9874,0.00997,270.68,51.91,0.5610274799999999,0.7125048995999999,2.17,3.077307e-08,1.398146e-08,2.510308e-08,1.091545e-08,107.44,99.28,10151.85,9380.30,52.02,47.44
6.14337,8,0.5683,0.010,0.010,5.227,6.077,0.9874,0.00997,270.68,51.91,0.56102652,0.7125036804,2.17,3.071546e-08,1.395036e-08,2.501191e-08,1.08784e-08,107.39,99.34,10147.07,9385.91,51.99,47.47
6.14363,8,0.5683,0.010,0.010,5.227,6.077,0.9874,0.00997,270.68,51.91,0.56102548,0.7125023596,2.17,3.065998e-08,1.391483e-08,2.492788e-08,1.084071e-08,107.25,99.32,10133.29,9384.16,51.91,47.46
6.14388,8,0.5684,0.010,0.010,5.226,6.077,0.9874,0.00997,270.68,51.91,0.5610244799999999,0.7125010895999999,2.17,3.059871e-08,1.388572e-08,2.483957e-08,1.080884e-08,107.25,99.44,10133.33,9395.86,51.91,47.53
6.14412,8,0.5684,0.010,0.010,5.226,6.077,0.9874,0.00997,270.68,51.91,0.56102352,0.7124998704,2.17,3.05152e-08,1.384739e-08,2.473507e-08,1.077082e-08,107.24,99.56,10132.75,9407.39,51.91,47.60
6.14438,8,0.5684,0.010,0.010,5.226,6.077,0.9874,0.00997,270.68,51.91,0.56102248,0.7124985496,2.17,3.044272e-08,1.381417e-08,2.465316e-08,1.073984e-08,107.24,99.64,10132.31,9414.67,51.91,47.64
6.14462,8,0.5685,0.010,0.010,5.226,6.077,0.9874,0.00997,270.68,51.91,0.5610215199999999,0.7124973304,2.17,3.037121e-08,1.377131e-08,2.456218e-08,1.068833e-08,107.11,99.46,10120.08,9397.82,51.83,47.54
6.14487,8,0.5685,0.010,0.010,5.226,6.077,0.9874,0.00997,270.68,51.91,0.5610205199999999,0.7124960603999999,2.17,3.029028e-08,1.372596e-08,2.447339e-08,1.06517e-08,106.98,99.50,10108.42,9400.96,51.76,47.56
6.14513,8,0.5685,0.010,0.010,5.226,6.077,0.9874,0.00997,270.68,51.91,0.56101948,0.7124947396,2.17,3.018344e-08,1.369969e-08,2.439014e-08,1.062126e-08,107.30,99.59,10138.39,9410.05,51.94,47.62
6.14537,8,0.5686,0.010,0.010,5.226,6.077,0.9874,0.00997,270.68,51.91,0.56101852,0.7124935203999999,2.17,3.010426e-08,1.364446e-08,2.429623e-08,1.057519e-08,107.04,99.52,10113.99,9403.55,51.80,47.58
6.14562,8,0.5686,0.010,0.010,5.226,6.077,0.9874,0.00997,270.68,51.91,0.5610175199999999,0.7124922504,2.17,3.001315e-08,1.361616e-08,2.420519e-08,1.05416e-08,107.23,99.63,10131.67,9413.09,51.90,47.63
6.14588,8,0.5686,0.010,0.010,5.226,6.077,0.9874,0.00997,270.68,51.91,0.5610164799999999,0.7124909295999999,2.17,2.992699e-08,1.355476e-08,2.412235e-08,1.050241e-08,106.91,99.57,10101.24,9408.15,51.72,47.61
6.14612,8,0.5687,0.010,0.010,5.226,6.077,0.9874,0.00997,270.68,51.91,0.56101552,0.7124897104,2.17,2.982355e-08,1.351703e-08,2.404292e-08,1.047039e-08,107.06,99.63,10115.49,9413.89,51.80,47.64
6.14637,8,0.5687,0.010,0.010,5.226,6.077,0.9874,0.00997,270.68,51.91,0.56101452,0.7124884403999999,2.17,2.972389e-08,1.345838e-08,2.395027e-08,1.043764e-08,106.86,99.76,10097.00,9426.04,51.69,47.71
6.14663,8,0.5687,0.010,0.010,5.226,6.077,0.9874,0.00997,270.68,51.91,0.56101348,0.7124871196,2.17,2.962303e-08,1.341425e-08,2.388197e-08,1.040887e-08,106.89,99.78,10099.11,9427.64,51.71,47.72
6.14687,8,0.5688,0.010,0.010,5.226,6.077,0.9874,0.00997,270.68,51.91,0.56101252,0.7124859004,2.17,2.952111e-08,1.337727e-08,2.378438e-08,1.037248e-08,107.04,99.90,10113.56,9439.21,51.79,47.79
6.14712,8,0.5688,0.010,0.010,5.226,6.077,0.9874,0.00997,270.68,51.91,0.56101152,0.7124846304,2.17,2.94335e-08,1.33217e-08,2.371314e-08,1.034415e-08,106.81,99.95,10091.58,9443.64,51.66,47.82
6.14738,8,0.5688,0.010,0.010,5.226,6.077,0.9874,0.00997,270.68,51.91,0.56101048,0.7124833096,2.17,2.933049e-08,1.326693e-08,2.363215e-08,1.031558e-08,106.69,100.06,10080.27,9454.63,51.60,47.88
6.14762,8,0.5689,0.010,0.010,5.226,6.077,0.9874,0.00997,270.68,51.91,0.5610095199999999,0.7124820903999999,2.17,2.922865e-08,1.321145e-08,2.358385e-08,1.027777e-08,106.57,99.79,10068.94,9429.06,51.53,47.73
6.14787,8,0.5689,0.010,0.010,5.226,6.077,0.9874,0.00997,270.68,51.91,0.56100852,0.7124808204,2.17,2.912608e-08,1.316648e-08,2.352512e-08,1.025471e-08,106.59,99.84,10070.88,9433.19,51.54,47.75
6.14813,8,0.5689,0.010,0.010,5.226,6.077,0.9874,0.00997,270.68,51.91,0.56100748,0.7124794996,2.17,2.902446e-08,1.311412e-08,2.344303e-08,1.022802e-08,106.49,100.00,10061.89,9448.09,51.49,47.84
6.14837,8,0.5690,0.010,0.010,5.226,6.077,0.9874,0.00997,270.68,51.91,0.56100652,0.7124782803999999,2.17,2.893694e-08,1.308084e-08,2.33779e-08,1.020096e-08,106.60,100.04,10072.46,9451.98,51.55,47.86
6.14863,8,0.5690,0.010,0.010,5.226,6.077,0.9874,0.00997,270.68,51.91,0.56100548,0.7124769595999999,2.17,2.881056e-08,1.303664e-08,2.331279e-08,1.017357e-08,106.80,100.05,10090.72,9453.66,51.66,47.87
6.14888,8,0.5690,0.010,0.010,5.226,6.077,0.9874,0.00997,270.68,51.91,0.5610044799999999,0.7124756895999999,2.17,2.871192e-08,1.297457e-08,2.325463e-08,1.015105e-08,106.54,100.10,10066.01,9458.39,51.51,47.90
6.14912,8,0.5691,0.010,0.010,5.225,6.077,0.9874,0.00997,270.68,51.91,0.56100352,0.7124744704,2.17,2.860627e-08,1.29248e-08,2.319127e-08,1.012475e-08,106.52,100.15,10064.90,9462.30,51.50,47.93
6.14938,8,0.5691,0.010,0.010,5.225,6.077,0.9874,0.00997,270.68,51.91,0.56100248,0.7124731496,2.17,2.848881e-08,1.287951e-08,2.315684e-08,1.010283e-08,106.64,100.03,10076.00,9450.86,51.57,47.86
6.14963,8,0.5691,0.010,0.010,5.225,6.077,0.9874,0.00997,270.68,51.91,0.5610014799999999,0.7124718795999999,2.17,2.84012e-08,1.282696e-08,2.309197e-08,1.008e-08,106.45,100.12,10057.48,9459.97,51.46,47.91
6.14987,8,0.5692,0.010,0.010,5.225,6.077,0.9874,0.00997,270.68,51.91,0.56100052,0.7124706604000001,2.17,2.830111e-08,1.278354e-08,2.304626e-08,1.006469e-08,106.49,100.22,10061.81,9469.39,51.48,47.97
6.15013,8,0.5692,0.010,0.010,5.225,6.077,0.9874,0.00997,270.68,51.91,0.56099948,0.7124693396,2.17,2.818726e-08,1.273801e-08,2.300098e-08,1.004372e-08,106.58,100.20,10070.31,9467.39,51.53,47.96
6.15038,8,0.5692,0.010,0.010,5.225,6.077,0.9874,0.00997,270.68,51.91,0.56099848,0.7124680696,2.17,2.811251e-08,1.269467e-08,2.294676e-08,1.002511e-08,106.43,100.29,10056.49,9475.89,51.45,48.01
6.15062,8,0.5693,0.010,0.010,5.225,6.077,0.9874,0.00997,270.68,51.91,0.5609975199999999,0.7124668503999999,2.17,2.802677e-08,1.265011e-08,2.291984e-08,1.000632e-08,106.36,100.18,10049.80,9465.74,51.41,47.95
6.15088,8,0.5693,0.010,0.010,5.225,6.077,0.9874,0.00997,270.68,51.91,0.5609964799999999,0.7124655295999999,2.17,2.793783e-08,1.261055e-08,2.285688e-08,9.988203e-09,106.37,100.35,10050.65,9481.53,51.42,48.04
6.15113,8,0.5693,0.010,0.010,5.225,6.077,0.9874,0.00997,270.68,51.91,0.56099548,0.7124642596,2.17,2.783791e-08,1.257083e-08,2.283357e-08,9.96703e-09,106.46,100.15,10058.49,9463.00,51.46,47.93
6.15137,8,0.5694,0.010,0.010,5.225,6.077,0.9874,0.00997,270.68,51.91,0.5609945199999999,0.7124630404,2.17,2.774174e-08,1.25262e-08,2.279601e-08,9.945612e-09,106.46,100.08,10058.50,9456.19,51.46,47.89
6.15163,8,0.5694,0.010,0.010,5.225,6.077,0.9874,0.00997,270.68,51.91,0.5609934799999999,0.7124617195999999,2.17,2.766352e-08,1.249414e-08,2.274988e-08,9.939644e-09,106.51,100.33,10063.29,9480.15,51.49,48.03
6.15188,8,0.5694,0.010,0.010,5.225,6.077,0.9874,0.00997,270.68,51.91,0.5609924799999999,0.7124604495999999,2.17,2.760348e-08,1.244882e-08,2.270265e-08,9.916963e-09,106.22,100.30,10036.52,9476.67,51.33,48.01
6.15212,8,0.5695,0.010,0.010,5.225,6.077,0.9873,0.00997,270.68,51.91,0.56099152,0.7124592303999999,2.17,2.750067e-08,1.241282e-08,2.265738e-08,9.902056e-09,106.39,100.39,10052.56,9485.66,51.43,48.06
6.15238,8,0.5695,0.010,0.010,5.225,6.077,0.9873,0.00997,270.68,51.91,0.56099048,0.7124579096,2.17,2.743291e-08,1.237627e-08,2.262743e-08,9.889007e-09,106.30,100.39,10043.74,9485.73,51.38,48.06
6.15262,8,0.5695,0.010,0.010,5.225,6.077,0.9873,0.00997,270.68,51.91,0.5609895199999999,0.7124566903999999,2.17,2.73499e-08,1.234356e-08,2.258933e-08,9.869741e-09,106.37,100.35,10050.77,9481.26,51.42,48.04
6.15287,8,0.5696,0.010,0.010,5.225,6.077,0.9873,0.00997,270.68,51.91,0.56098852,0.7124554204,2.17,2.728221e-08,1.230762e-08,2.25285e-08,9.856857e-09,106.31,100.61,10044.51,9506.38,51.38,48.19
6.15313,8,0.5696,0.010,0.010,5.225,6.077,0.9873,0.00997,270.68,51.91,0.56098748,0.7124540996,2.17,2.719386e-08,1.226163e-08,2.25022e-08,9.839542e-09,106.21,100.51,10035.37,9496.42,51.33,48.13
6.15337,8,0.5696,0.010,0.010,5.225,6.077,0.9873,0.00997,270.68,51.91,0.5609865199999999,0.7124528803999999,2.17,2.712472e-08,1.22331e-08,2.246349e-08,9.828928e-09,106.25,100.62,10039.32,9507.27,51.35,48.19
6.15362,8,0.5697,0.010,0.010,5.225,6.077,0.9873,0.00997,270.68,51.91,0.56098552,0.7124516104,2.17,2.705529e-08,1.221665e-08,2.241813e-08,9.802735e-09,106.51,100.52,10063.39,9498.01,51.49,48.14
6.15388,8,0.5697,0.010,0.010,5.225,6.077,0.9873,0.00997,270.68,51.91,0.56098448,0.7124502896,2.17,2.698793e-08,1.217152e-08,2.23835e-08,9.78515e-09,106.27,100.48,10041.25,9493.80,51.36,48.11
6.15412,8,0.5697,0.010,0.010,5.225,6.077,0.9873,0.00997,270.68,51.91,0.56098352,0.7124490703999999,2.17,2.691799e-08,1.214313e-08,2.233665e-08,9.772226e-09,106.32,100.62,10046.00,9506.86,51.39,48.19
6.15437,8,0.5698,0.010,0.010,5.224,6.077,0.9873,0.00997,270.68,51.91,0.5609825199999999,0.7124478003999999,2.17,2.686204e-08,1.211211e-08,2.230609e-08,9.755409e-09,106.25,100.57,10039.04,9502.56,51.35,48.16
6.15463,8,0.5698,0.010,0.010,5.224,6.077,0.9873,0.00997,270.68,51.91,0.5609814799999999,0.7124464796,2.17,2.678907e-08,1.209315e-08,2.225706e-08,9.729431e-09,106.47,100.49,10060.16,9494.69,51.47,48.12
6.15487,8,0.5698,0.010,0.010,5.224,6.077,0.9873,0.00997,270.68,51.91,0.56098052,0.7124452604,2.17,2.671392e-08,1.206612e-08,2.220895e-08,9.717183e-09,106.58,100.65,10070.65,9509.96,51.53,48.21
6.15512,8,0.5699,0.010,0.010,5.224,6.077,0.9873,0.00997,270.68,51.91,0.56097952,0.7124439904,2.17,2.665601e-08,1.20305e-08,2.215909e-08,9.682522e-09,106.45,100.43,10057.99,9489.25,51.46,48.08
6.15538,8,0.5699,0.010,0.010,5.224,6.077,0.9873,0.00997,270.68,51.91,0.56097848,0.7124426695999999,2.17,2.660691e-08,1.200093e-08,2.209683e-08,9.67769e-09,106.33,100.85,10046.68,9528.37,51.39,48.32
6.15562,8,0.5699,0.010,0.010,5.224,6.077,0.9873,0.00997,270.68,51.91,0.56097752,0.7124414504000001,2.17,2.65341e-08,1.198677e-08,2.206105e-08,9.644782e-09,106.63,100.53,10075.29,9498.17,51.56,48.14
6.15587,8,0.5700,0.010,0.010,5.224,6.077,0.9873,0.00997,270.68,51.91,0.56097652,0.7124401804,2.17,2.646122e-08,1.194604e-08,2.199038e-08,9.62125e-09,106.53,100.68,10065.06,9512.77,51.50,48.22
6.15613,8,0.5700,0.010,0.010,5.224,6.077,0.9873,0.00997,270.68,51.91,0.56097548,0.7124388596,2.17,2.642098e-08,1.191699e-08,2.194921e-08,9.612686e-09,106.35,100.86,10048.33,9529.42,51.40,48.32
6.15637,8,0.5700,0.010,0.010,5.224,6.077,0.9873,0.00997,270.69,51.91,0.5609745199999999,0.7124376403999999,2.17,2.635174e-08,1.189099e-08,2.188876e-08,9.58278e-09,106.43,100.79,10056.39,9523.36,51.45,48.28
6.15663,8,0.5701,0.010,0.010,5.224,6.077,0.9873,0.00997,270.69,51.91,0.5609734799999999,0.7124363195999999,2.17,2.628188e-08,1.186476e-08,2.181526e-08,9.55139e-09,106.54,100.82,10066.33,9526.42,51.51,48.30
6.15688,8,0.5701,0.010,0.010,5.224,6.077,0.9873,0.00997,270.69,51.91,0.56097248,0.7124350496,2.17,2.621755e-08,1.182755e-08,2.176135e-08,9.535582e-09,106.40,100.97,10053.68,9540.30,51.43,48.39
6.15712,8,0.5701,0.010,0.010,5.224,6.077,0.9873,0.00997,270.69,51.91,0.56097152,0.7124338304,2.17,2.614928e-08,1.180258e-08,2.169219e-08,9.51012e-09,106.50,101.06,10062.73,9548.95,51.49,48.44
6.15738,8,0.5702,0.010,0.010,5.224,6.077,0.9873,0.00997,270.69,51.91,0.5609704799999999,0.7124325095999999,2.17,2.608921e-08,1.177794e-08,2.16499e-08,9.479945e-09,106.56,100.86,10068.35,9529.80,51.52,48.32
6.15763,8,0.5702,0.010,0.010,5.224,6.077,0.9873,0.00997,270.69,51.91,0.5609694799999999,0.7124312395999999,2.17,2.602909e-08,1.174468e-08,2.156683e-08,9.457126e-09,106.46,101.12,10058.79,9554.16,51.46,48.47
6.15787,8,0.5702,0.010,0.010,5.224,6.077,0.9873,0.00997,270.69,51.91,0.56096852,0.7124300203999999,2.17,2.595674e-08,1.17201e-08,2.15108e-08,9.436638e-09,106.59,101.20,10071.42,9561.53,51.54,48.51
6.15813,8,0.5703,0.010,0.010,5.224,6.077,0.9873,0.00997,270.69,51.91,0.56096748,0.7124286996,2.17,2.589971e-08,1.168384e-08,2.144509e-08,9.404134e-09,106.44,101.14,10056.70,9556.55,51.45,48.48
6.15838,8,0.5703,0.010,0.010,5.224,6.077,0.9873,0.00997,270.69,51.91,0.5609664799999999,0.7124274295999999,2.17,2.58034e-08,1.166189e-08,2.137037e-08,9.375803e-09,106.80,101.23,10090.59,9564.61,51.65,48.53
6.15862,8,0.5704,0.010,0.010,5.224,6.077,0.9873,0.00997,270.69,51.91,0.56096552,0.7124262104,2.17,2.57616e-08,1.162476e-08,2.131329e-08,9.349523e-09,106.51,101.22,10063.55,9564.03,51.49,48.53
6.15888,8,0.5704,0.010,0.010,5.224,6.077,0.9873,0.00997,270.69,51.91,0.56096448,0.7124248895999999,2.17,2.567086e-08,1.158921e-08,2.126015e-08,9.324133e-09,106.60,101.18,10072.09,9560.23,51.54,48.50
6.15913,8,0.5704,0.010,0.010,5.224,6.077,0.9873,0.00997,270.69,51.91,0.56096348,0.7124236196,2.17,2.560969e-08,1.155312e-08,2.117237e-08,9.292078e-09,106.46,101.31,10058.64,9572.05,51.46,48.57
6.15937,8,0.5705,0.010,0.010,5.223,6.077,0.9873,0.00997,270.69,51.91,0.5609625199999999,0.7124224003999999,2.17,2.552927e-08,1.152496e-08,2.110897e-08,9.269958e-09,106.61,101.44,10073.33,9584.24,51.55,48.65
6.15963,8,0.5705,0.010,0.010,5.223,6.077,0.9873,0.00997,270.69,51.91,0.56096148,0.7124210796,2.17,2.54328e-08,1.14925e-08,2.105432e-08,9.243974e-09,106.80,101.40,10091.09,9580.58,51.65,48.62
6.15988,8,0.5705,0.010,0.010,5.223,6.077,0.9873,0.00997,270.69,51.91,0.56096048,0.7124198096,2.17,2.536134e-08,1.146535e-08,2.098011e-08,9.215598e-09,106.89,101.48,10099.35,9588.38,51.70,48.67
6.16012,8,0.5706,0.010,0.010,5.223,6.077,0.9873,0.00997,270.69,51.91,0.5609595199999999,0.7124185903999999,2.17,2.529309e-08,1.141934e-08,2.09182e-08,9.190876e-09,106.65,101.55,10076.71,9594.66,51.57,48.71
6.16038,8,0.5706,0.010,0.010,5.223,6.077,0.9873,0.00998,270.69,51.91,0.5609584799999999,0.7124172696,2.17,2.520935e-08,1.138818e-08,2.084683e-08,9.166922e-09,106.76,101.69,10087.44,9608.50,51.63,48.79
6.16062,8,0.5706,0.010,0.010,5.223,6.077,0.9873,0.00998,270.69,51.91,0.56095752,0.7124160504,2.17,2.51216e-08,1.135407e-08,2.078209e-08,9.141859e-09,106.86,101.76,10096.41,9614.89,51.69,48.83
6.16087,8,0.5707,0.010,0.010,5.223,6.077,0.9873,0.00998,270.69,51.91,0.56095652,0.7124147804,2.17,2.503606e-08,1.132128e-08,2.072809e-08,9.114636e-09,106.98,101.71,10107.75,9610.05,51.75,48.80
6.16113,8,0.5707,0.010,0.010,5.223,6.077,0.9873,0.00998,270.69,51.91,0.56095548,0.7124134595999999,2.17,2.496475e-08,1.128587e-08,2.064491e-08,9.090435e-09,106.92,101.96,10102.58,9633.46,51.72,48.94
6.16137,8,0.5707,0.010,0.010,5.223,6.077,0.9873,0.00998,270.69,51.91,0.56095452,0.7124122404000001,2.17,2.488209e-08,1.124727e-08,2.060493e-08,9.07029e-09,106.90,101.91,10100.56,9628.64,51.71,48.91
6.16162,8,0.5708,0.010,0.010,5.223,6.077,0.9873,0.00998,270.69,51.91,0.56095352,0.7124109704,2.17,2.480657e-08,1.12213e-08,2.055278e-08,9.043042e-09,107.06,101.84,10115.76,9622.17,51.80,48.87
6.16188,8,0.5708,0.010,0.010,5.223,6.077,0.9873,0.00998,270.69,51.91,0.56095248,0.7124096496,2.17,2.473296e-08,1.117556e-08,2.048377e-08,9.021929e-09,106.84,102.02,10095.24,9639.82,51.68,48.97
6.16212,8,0.5708,0.010,0.010,5.223,6.077,0.9873,0.00998,270.69,51.91,0.5609515199999999,0.7124084303999999,2.17,2.466525e-08,1.115003e-08,2.043517e-08,9.003591e-09,106.93,102.09,10103.61,9645.69,51.73,49.01
6.16237,8,0.5709,0.010,0.010,5.223,6.077,0.9873,0.00998,270.69,51.91,0.56095052,0.7124071604000001,2.17,2.458709e-08,1.111059e-08,2.037449e-08,8.985302e-09,106.88,102.28,10098.57,9663.62,51.70,49.12
6.16263,8,0.5709,0.010,0.010,5.223,6.077,0.9873,0.00998,270.69,51.91,0.56094948,0.7124058396,2.17,2.450622e-08,1.10781e-08,2.033653e-08,8.964441e-09,106.95,102.19,10105.32,9655.68,51.74,49.07
6.16287,8,0.5709,0.010,0.010,5.223,6.077,0.9873,0.00998,270.69,51.91,0.56094852,0.7124046204,2.17,2.441615e-08,1.10458e-08,2.028642e-08,8.949956e-09,107.10,102.35,10119.39,9670.37,51.82,49.16
6.16312,8,0.5710,0.010,0.010,5.223,6.077,0.9873,0.00998,270.69,51.91,0.5609475199999999,0.7124033503999999,2.17,2.432825e-08,1.101227e-08,2.023357e-08,8.93278e-09,107.23,102.49,10131.64,9683.98,51.89,49.24
6.16338,8,0.5710,0.010,0.010,5.223,6.077,0.9873,0.00998,270.69,51.91,0.5609464799999999,0.7124020295999999,2.17,2.42664e-08,1.098918e-08,2.020683e-08,8.91992e-09,107.32,102.47,10139.91,9681.93,51.94,49.22
6.16362,8,0.5710,0.010,0.010,5.223,6.077,0.9873,0.00998,270.69,51.91,0.56094552,0.7124008104,2.17,2.418413e-08,1.094477e-08,2.0161e-08,8.907427e-09,107.19,102.63,10127.81,9697.01,51.87,49.31
6.16387,8,0.5711,0.010,0.010,5.223,6.077,0.9873,0.00998,270.69,51.91,0.56094452,0.7123995404,2.17,2.413956e-08,1.092036e-08,2.01114e-08,8.887973e-09,107.13,102.70,10122.41,9703.52,51.84,49.35
6.16413,8,0.5711,0.010,0.010,5.223,6.077,0.9873,0.00998,270.69,51.91,0.5609434799999999,0.7123982195999999,2.17,2.4071e-08,1.08939e-08,2.009158e-08,8.872997e-09,107.21,102.57,10130.14,9691.35,51.88,49.28
6.16437,8,0.5711,0.010,0.010,5.223,6.077,0.9873,0.00998,270.69,51.91,0.56094252,0.7123970004,2.17,2.398007e-08,1.086306e-08,2.00534e-08,8.870844e-09,107.40,102.88,10147.74,9720.21,51.99,49.45
6.16463,8,0.5712,0.010,0.010,5.222,6.077,0.9873,0.00998,270.69,51.91,0.56094148,0.7123956796,2.17,2.392898e-08,1.083135e-08,2.0014e-08,8.858079e-09,107.26,102.99,10134.86,9731.10,51.91,49.51
6.16488,8,0.5712,0.010,0.010,5.222,6.077,0.9873,0.00998,270.69,51.91,0.56094048,0.7123944096,2.17,2.386053e-08,1.08123e-08,1.99863e-08,8.846214e-09,107.48,103.00,10155.34,9731.88,52.03,49.52
6.16512,8,0.5712,0.010,0.010,5.222,6.077,0.9873,0.00998,270.69,51.91,0.5609395199999999,0.7123931903999999,2.17,2.380784e-08,1.078044e-08,1.996466e-08,8.835854e-09,107.34,102.98,10141.61,9730.34,51.95,49.51
6.16538,8,0.5713,0.010,0.010,5.222,6.077,0.9873,0.00998,270.69,51.91,0.5609384799999999,0.7123918695999999,2.17,2.374841e-08,1.076342e-08,1.994075e-08,8.829357e-09,107.54,103.09,10160.45,9740.13,52.06,49.57
6.16563,8,0.5713,0.010,0.010,5.222,6.077,0.9873,0.00998,270.69,51.91,0.56093748,0.7123905996,2.17,2.36981e-08,1.073486e-08,1.991242e-08,8.820635e-09,107.43,103.17,10150.49,9747.71,52.00,49.61
6.16587,8,0.5713,0.010,0.010,5.222,6.077,0.9873,0.00998,270.69,51.91,0.5609365199999999,0.7123893803999999,2.17,2.365059e-08,1.071691e-08,1.989056e-08,8.813608e-09,107.50,103.22,10156.67,9752.98,52.04,49.64
6.16613,8,0.5714,0.010,0.010,5.222,6.077,0.9873,0.00998,270.69,51.91,0.5609354799999999,0.7123880596,2.17,2.360876e-08,1.070604e-08,1.988459e-08,8.80827e-09,107.66,103.18,10172.50,9749.34,52.13,49.62
6.16638,8,0.5714,0.010,0.010,5.222,6.077,0.9873,0.00998,270.69,51.91,0.56093448,0.7123867896,2.17,2.354435e-08,1.068125e-08,1.986462e-08,8.805503e-09,107.74,103.31,10180.20,9761.44,52.18,49.69
6.16662,8,0.5714,0.010,0.010,5.222,6.077,0.9873,0.00998,270.69,51.91,0.56093352,0.7123855704,2.17,2.350046e-08,1.065519e-08,1.983214e-08,8.80267e-09,107.63,103.56,10169.46,9784.53,52.12,49.83
6.16688,8,0.5715,0.010,0.010,5.222,6.077,0.9873,0.00998,270.69,51.91,0.56093248,0.7123842495999999,2.17,2.346084e-08,1.065057e-08,1.982789e-08,8.805949e-09,107.90,103.68,10194.61,9796.57,52.27,49.90
6.16713,8,0.5715,0.010,0.010,5.222,6.077,0.9873,0.00998,270.69,51.91,0.5609314799999999,0.7123829796,2.17,2.343885e-08,1.063001e-08,1.981239e-08,8.797866e-09,107.70,103.66,10176.07,9794.17,52.16,49.89
6.16737,8,0.5715,0.010,0.010,5.222,6.077,0.9873,0.00998,270.69,51.91,0.56093052,0.7123817604,2.17,2.340749e-08,1.061925e-08,1.98091e-08,8.800611e-09,107.76,103.75,10182.14,9802.60,52.19,49.94
6.16763,8,0.5716,0.010,0.010,5.222,6.077,0.9873,0.00998,270.69,51.91,0.56092948,0.7123804396,2.17,2.337801e-08,1.060304e-08,1.977102e-08,8.794538e-09,107.73,104.00,10178.94,9826.12,52.17,50.08
6.16788,8,0.5716,0.010,0.010,5.222,6.077,0.9873,0.00998,270.69,51.91,0.56092848,0.7123791695999999,2.17,2.334687e-08,1.059457e-08,1.977845e-08,8.798003e-09,107.84,104.00,10188.89,9826.44,52.23,50.08
6.16812,8,0.5716,0.010,0.010,5.222,6.077,0.9873,0.00998,270.69,51.91,0.56092752,0.7123779504000001,2.17,2.332615e-08,1.058799e-08,1.97651e-08,8.792799e-09,107.89,104.02,10193.87,9827.92,52.26,50.09
6.16838,8,0.5717,0.010,0.010,5.222,6.077,0.9873,0.00998,270.69,51.91,0.56092648,0.7123766296,2.17,2.331088e-08,1.058061e-08,1.975221e-08,8.787871e-09,107.90,104.05,10194.86,9831.26,52.27,50.11
6.16862,8,0.5717,0.010,0.010,5.222,6.077,0.9873,0.00998,270.69,51.91,0.56092552,0.7123754104,2.17,2.329188e-08,1.058077e-08,1.972649e-08,8.785205e-09,108.06,104.24,10210.38,9848.99,52.36,50.21
6.16887,8,0.5717,0.010,0.010,5.222,6.077,0.9873,0.00998,270.69,51.91,0.5609245199999999,0.7123741403999999,2.17,2.327151e-08,1.056756e-08,1.973776e-08,8.787025e-09,107.99,104.17,10203.38,9842.53,52.32,50.17
6.16913,8,0.5718,0.010,0.010,5.222,6.077,0.9873,0.00998,270.69,51.91,0.5609234799999999,0.7123728195999999,2.17,2.324889e-08,1.056181e-08,1.971846e-08,8.791122e-09,108.09,104.46,10213.17,9869.93,52.37,50.34
6.16937,8,0.5718,0.010,0.010,5.222,6.077,0.9873,0.00998,270.69,51.91,0.56092252,0.7123716004,2.17,2.325559e-08,1.056212e-08,1.96982e-08,8.785182e-09,108.04,104.53,10208.33,9876.20,52.35,50.37
6.16962,8,0.5718,0.010,0.010,5.222,6.077,0.9873,0.00998,270.69,51.91,0.56092152,0.7123703304,2.17,2.322752e-08,1.055761e-08,1.969425e-08,8.784256e-09,108.20,104.54,10222.95,9877.90,52.43,50.38
6.16988,8,0.5719,0.010,0.010,5.221,6.077,0.9873,0.00998,270.69,51.91,0.5609204799999999,0.7123690095999999,2.17,2.322232e-08,1.055625e-08,1.969462e-08,8.783583e-09,108.23,104.54,10226.52,9877.92,52.45,50.38
6.17012,8,0.5719,0.010,0.010,5.221,6.077,0.9873,0.00998,270.69,51.91,0.56091952,0.7123677904,2.17,2.321031e-08,1.055032e-08,1.968666e-08,8.784889e-09,108.23,104.65,10225.68,9887.79,52.45,50.44
6.17037,8,0.5719,0.010,0.010,5.221,6.077,0.9873,0.00998,270.69,51.91,0.56091852,0.7123665203999999,2.17,2.321589e-08,1.0562e-08,1.966759e-08,8.784686e-09,108.40,104.83,10241.94,9904.70,52.55,50.54
6.17063,8,0.5720,0.010,0.010,5.221,6.077,0.9873,0.00998,270.69,51.91,0.56091748,0.7123651996,2.17,2.322032e-08,1.056197e-08,1.96721e-08,8.775888e-09,108.38,104.61,10240.09,9884.42,52.53,50.42
6.17087,8,0.5720,0.010,0.010,5.221,6.077,0.9873,0.00998,270.69,51.91,0.5609165199999999,0.7123639803999999,2.17,2.320902e-08,1.055785e-08,1.966446e-08,8.788561e-09,108.40,104.96,10241.90,9917.19,52.54,50.62
6.17112,8,0.5720,0.010,0.010,5.221,6.077,0.9873,0.00998,270.69,51.91,0.56091552,0.7123627104,2.17,2.319057e-08,1.055981e-08,1.96592e-08,8.783172e-09,108.59,104.89,10260.36,9910.99,52.65,50.58
6.17138,8,0.5721,0.010,0.010,5.221,6.077,0.9873,0.00998,270.69,51.91,0.56091448,0.7123613896,2.17,2.320268e-08,1.056888e-08,1.965043e-08,8.781909e-09,108.68,104.97,10268.49,9918.14,52.70,50.62
6.17162,8,0.5721,0.010,0.010,5.221,6.077,0.9873,0.00998,270.69,51.91,0.5609135199999999,0.7123601704,2.17,2.32e-08,1.056162e-08,1.963904e-08,8.77588e-09,108.56,104.95,10257.72,9916.22,52.64,50.61
6.17188,8,0.5722,0.010,0.010,5.221,6.077,0.9873,0.00998,270.69,51.91,0.5609124799999999,0.7123588496,2.17,2.320437e-08,1.056536e-08,1.961648e-08,8.777355e-09,108.62,105.22,10262.64,9941.62,52.67,50.76
6.17213,8,0.5722,0.010,0.010,5.221,6.077,0.9873,0.00998,270.69,51.91,0.5609114799999999,0.7123575795999999,2.17,2.321604e-08,1.056475e-08,1.961447e-08,8.775703e-09,108.50,105.20,10252.08,9940.08,52.60,50.75
6.17237,8,0.5722,0.010,0.010,5.221,6.077,0.9873,0.00998,270.69,51.91,0.56091052,0.7123563603999999,2.17,2.319969e-08,1.057007e-08,1.960636e-08,8.771486e-09,108.75,105.19,10274.84,9938.87,52.74,50.75
6.17263,8,0.5723,0.010,0.010,5.221,6.077,0.9873,0.00998,270.69,51.91,0.56090948,0.7123550395999999,2.17,2.320656e-08,1.057989e-08,1.95782e-08,8.768455e-09,108.89,105.42,10288.59,9960.27,52.82,50.87
6.17288,8,0.5723,0.010,0.010,5.221,6.077,0.9873,0.00998,270.69,51.91,0.5609084799999999,0.7123537696,2.17,2.31936e-08,1.058551e-08,1.958162e-08,8.76681e-09,109.11,105.35,10309.23,9953.74,52.94,50.83
6.17312,8,0.5723,0.010,0.010,5.221,6.077,0.9873,0.00998,270.69,51.91,0.56090752,0.7123525504,2.17,2.321591e-08,1.05873e-08,1.957882e-08,8.768188e-09,108.95,105.40,10294.22,9959.15,52.85,50.87
6.17338,8,0.5724,0.010,0.010,5.221,6.077,0.9873,0.00998,270.69,51.91,0.56090648,0.7123512296,2.17,2.321006e-08,1.058936e-08,1.957136e-08,8.766424e-09,109.06,105.46,10304.47,9964.14,52.92,50.89
6.17363,8,0.5724,0.010,0.010,5.221,6.077,0.9873,0.00998,270.69,51.91,0.56090548,0.7123499595999999,2.17,2.321568e-08,1.059736e-08,1.955898e-08,8.766763e-09,109.16,105.59,10314.20,9976.27,52.97,50.97
6.17387,8,0.5724,0.009,0.010,5.221,6.077,0.9873,0.00998,270.69,51.91,0.5609045199999999,0.7123487403999998,2.17,2.321386e-08,1.0593e-08,1.955929e-08,8.768724e-09,109.09,105.62,10307.80,9979.95,52.93,50.99
6.17413,8,0.5725,0.009,0.010,5.221,6.077,0.9873,0.00998,270.69,51.91,0.56090348,0.7123474196,2.17,2.320683e-08,1.060133e-08,1.954638e-08,8.760055e-09,109.33,105.58,10330.28,9975.74,53.07,50.96
6.17438,8,0.5725,0.009,0.010,5.221,6.077,0.9873,0.00998,270.69,51.91,0.56090248,0.7123461496,2.17,2.320792e-08,1.059948e-08,1.953182e-08,8.769569e-09,109.29,105.93,10326.07,10008.92,53.04,51.16
6.17462,8,0.5725,0.009,0.010,5.221,6.077,0.9873,0.00998,270.69,51.91,0.5609015199999999,0.7123449303999999,2.17,2.322021e-08,1.060992e-08,1.954292e-08,8.765329e-09,109.38,105.73,10334.73,9989.84,53.09,51.05
6.17488,8,0.5726,0.009,0.010,5.220,6.077,0.9873,0.00998,270.69,51.91,0.5609004799999999,0.7123436095999999,2.17,2.322409e-08,1.061322e-08,1.953033e-08,8.771214e-09,109.43,106.00,10339.27,10015.46,53.12,51.20
6.17513,8,0.5726,0.009,0.010,5.220,6.077,0.9873,0.00998,270.69,51.91,0.56089948,0.7123423396,2.17,2.320822e-08,1.061559e-08,1.953494e-08,8.775332e-09,109.61,106.05,10356.56,10019.71,53.22,51.22
6.17537,8,0.5726,0.009,0.010,5.220,6.077,0.9873,0.00998,270.69,51.91,0.56089852,0.7123411204,2.17,2.321817e-08,1.061818e-08,1.954346e-08,8.766517e-09,109.57,105.77,10353.04,9993.54,53.20,51.07
6.17563,8,0.5727,0.009,0.010,5.220,6.077,0.9873,0.00998,270.69,51.91,0.56089748,0.7123397995999999,2.17,2.321831e-08,1.06202e-08,1.953145e-08,8.773021e-09,109.63,106.05,10358.36,10019.91,53.23,51.22
6.17587,8,0.5727,0.009,0.010,5.220,6.077,0.9873,0.00998,270.69,51.91,0.56089652,0.7123385804,2.17,2.322352e-08,1.062847e-08,1.954134e-08,8.782647e-09,109.74,106.16,10368.94,10030.66,53.30,51.29
6.17612,8,0.5727,0.009,0.010,5.220,6.077,0.9873,0.00998,270.69,51.91,0.56089552,0.7123373104,2.17,2.321539e-08,1.062573e-08,1.955079e-08,8.776359e-09,109.76,105.93,10370.71,10008.84,53.31,51.16
6.17638,8,0.5728,0.009,0.010,5.220,6.077,0.9873,0.00998,270.69,51.91,0.56089448,0.7123359896,2.17,2.322665e-08,1.06343e-08,1.954436e-08,8.780965e-09,109.84,106.11,10378.67,10026.11,53.35,51.26
6.17662,8,0.5728,0.009,0.010,5.220,6.077,0.9873,0.00998,270.69,51.91,0.5608935199999999,0.7123347703999999,2.17,2.321885e-08,1.063622e-08,1.95628e-08,8.794917e-09,109.95,106.24,10388.56,10037.86,53.41,51.33
6.17687,8,0.5728,0.009,0.010,5.220,6.077,0.9873,0.00998,270.69,51.91,0.56089252,0.7123335004,2.17,2.321729e-08,1.064233e-08,1.958061e-08,8.792697e-09,110.08,106.01,10400.87,10016.69,53.49,51.21
6.17713,8,0.5729,0.009,0.010,5.220,6.077,0.9873,0.00998,270.69,51.91,0.56089148,0.7123321796000001,2.17,2.322398e-08,1.064441e-08,1.957545e-08,8.808215e-09,110.08,106.42,10400.90,10055.39,53.49,51.43
6.17737,8,0.5729,0.009,0.010,5.220,6.077,0.9873,0.00998,270.69,51.91,0.56089052,0.7123309604,2.17,2.322195e-08,1.065441e-08,1.959129e-08,8.809928e-09,110.29,106.30,10420.64,10044.17,53.60,51.37
6.17762,8,0.5729,0.009,0.010,5.220,6.077,0.9873,0.00998,270.69,51.91,0.5608895199999999,0.7123296903999999,2.17,2.323828e-08,1.065296e-08,1.960871e-08,8.821795e-09,110.12,106.39,10404.50,10052.52,53.51,51.42
6.17788,8,0.5730,0.009,0.010,5.220,6.077,0.9873,0.00998,270.69,51.91,0.5608884799999999,0.7123283695999999,2.17,2.32415e-08,1.065079e-08,1.962387e-08,8.827226e-09,110.07,106.38,10399.75,10051.40,53.48,51.41
6.17812,8,0.5730,0.009,0.010,5.220,6.077,0.9873,0.00998,270.69,51.91,0.56088752,0.7123271503999999,2.17,2.324824e-08,1.066318e-08,1.963564e-08,8.843226e-09,110.25,106.62,10416.52,10073.57,53.58,51.54
6.17837,8,0.5730,0.009,0.010,5.220,6.077,0.9873,0.00998,270.69,51.91,0.5608865199999999,0.7123258803999999,2.17,2.324182e-08,1.066997e-08,1.966337e-08,8.848394e-09,110.43,106.46,10434.10,10058.43,53.68,51.45
6.17863,8,0.5731,0.009,0.010,5.220,6.077,0.9873,0.00998,270.69,51.91,0.5608854799999999,0.7123245596,2.17,2.326147e-08,1.067688e-08,1.968956e-08,8.860838e-09,110.41,106.49,10432.11,10061.54,53.67,51.47
6.17887,8,0.5731,0.009,0.010,5.220,6.077,0.9873,0.00998,270.69,51.91,0.56088452,0.7123233404,2.17,2.326232e-08,1.068651e-08,1.970803e-08,8.878646e-09,110.59,106.70,10448.81,10081.15,53.77,51.59
6.17912,8,0.5731,0.009,0.010,5.220,6.077,0.9873,0.00998,270.69,51.91,0.56088352,0.7123220704,2.17,2.328594e-08,1.069236e-08,1.975085e-08,8.890256e-09,110.49,106.53,10439.78,10065.32,53.72,51.49
6.17938,8,0.5732,0.009,0.010,5.220,6.077,0.9873,0.00998,270.69,51.91,0.56088248,0.7123207495999999,2.17,2.327695e-08,1.069445e-08,1.976318e-08,8.905833e-09,110.63,106.77,10452.84,10087.73,53.79,51.63
6.17962,8,0.5732,0.009,0.010,5.220,6.077,0.9873,0.00998,270.69,51.91,0.5608815199999999,0.7123195303999998,2.17,2.329611e-08,1.070786e-08,1.980637e-08,8.917561e-09,110.72,106.60,10461.16,10071.83,53.84,51.53
6.17988,8,0.5732,0.009,0.010,5.220,6.077,0.9873,0.00998,270.69,51.91,0.56088048,0.7123182096,2.17,2.331279e-08,1.071986e-08,1.983011e-08,8.933404e-09,110.80,106.71,10469.00,10082.41,53.89,51.59
6.18013,8,0.5733,0.009,0.010,5.219,6.077,0.9873,0.00998,270.69,51.91,0.56087948,0.7123169396,2.17,2.331823e-08,1.072883e-08,1.986861e-08,8.957555e-09,110.94,106.88,10482.52,10098.14,53.97,51.69
6.18037,8,0.5733,0.009,0.010,5.219,6.077,0.9873,0.00998,270.69,51.91,0.5608785199999999,0.7123157203999999,2.17,2.334894e-08,1.073962e-08,1.991091e-08,8.969187e-09,110.88,106.71,10476.49,10082.91,53.93,51.60
6.18063,8,0.5733,0.009,0.010,5.219,6.077,0.9873,0.00998,270.69,51.91,0.5608774799999999,0.7123143995999999,2.17,2.337397e-08,1.07495e-08,1.995005e-08,8.990103e-09,110.85,106.79,10473.54,10089.62,53.92,51.64
6.18088,8,0.5734,0.009,0.010,5.219,6.077,0.9873,0.00998,270.69,51.91,0.56087648,0.7123131296,2.17,2.338154e-08,1.076285e-08,2.000099e-08,9.007919e-09,111.06,106.69,10493.18,10080.91,54.03,51.58
6.18112,8,0.5734,0.009,0.010,5.219,6.077,0.9873,0.00998,270.69,51.91,0.56087552,0.7123119104,2.17,2.341268e-08,1.077722e-08,2.003884e-08,9.030213e-09,111.06,106.81,10493.25,10091.58,54.03,51.65
6.18138,8,0.5734,0.009,0.010,5.219,6.077,0.9873,0.00998,270.69,51.91,0.56087448,0.7123105895999999,2.17,2.343123e-08,1.079448e-08,2.005941e-08,9.049034e-09,111.22,107.01,10508.98,10111.00,54.13,51.76
6.18163,8,0.5735,0.009,0.010,5.219,6.077,0.9873,0.00998,270.69,51.91,0.5608734799999999,0.7123093195999999,2.17,2.348042e-08,1.080901e-08,2.010606e-08,9.066746e-09,111.09,106.96,10496.17,10106.00,54.05,51.73
6.18187,8,0.5735,0.009,0.010,5.219,6.077,0.9873,0.00998,270.69,51.91,0.56087252,0.7123081004,2.17,2.348543e-08,1.082629e-08,2.016028e-08,9.080342e-09,111.37,106.73,10523.14,10084.05,54.21,51.60
6.18213,8,0.5735,0.009,0.010,5.219,6.077,0.9873,0.00998,270.69,51.91,0.56087148,0.7123067796,2.17,2.353137e-08,1.085028e-08,2.021361e-08,9.102167e-09,111.43,106.68,10528.20,10079.62,54.24,51.58
6.18238,8,0.5736,0.009,0.010,5.219,6.077,0.9873,0.00998,270.69,51.91,0.56087048,0.7123055095999999,2.17,2.355503e-08,1.086515e-08,2.023638e-08,9.131227e-09,111.52,107.10,10537.17,10119.29,54.29,51.81
6.18262,8,0.5736,0.009,0.010,5.219,6.077,0.9873,0.00998,270.69,51.91,0.56086952,0.7123042904,2.17,2.359615e-08,1.087508e-08,2.028998e-08,9.148856e-09,111.35,106.96,10520.94,10106.10,54.20,51.73
6.18288,8,0.5736,0.009,0.010,5.219,6.077,0.9873,0.00998,270.69,51.91,0.56086848,0.7123029696000001,2.17,2.362798e-08,1.090341e-08,2.032557e-08,9.172403e-09,111.61,107.12,10545.44,10121.17,54.34,51.82
6.18313,8,0.5737,0.009,0.010,5.219,6.077,0.9873,0.00998,270.69,51.91,0.56086748,0.7123016996,2.17,2.368121e-08,1.092648e-08,2.036959e-08,9.19226e-09,111.60,107.14,10544.61,10122.91,54.34,51.83
6.18337,8,0.5737,0.009,0.010,5.219,6.077,0.9873,0.00998,270.69,51.91,0.5608665199999999,0.7123004803999999,2.17,2.37132e-08,1.094464e-08,2.042288e-08,9.212157e-09,111.67,107.05,10550.69,10114.61,54.37,51.78
6.18363,8,0.5737,0.009,0.010,5.219,6.077,0.9873,0.00998,270.69,51.91,0.5608654799999999,0.7122991595999999,2.17,2.375384e-08,1.096936e-08,2.047043e-08,9.23865e-09,111.78,107.16,10561.35,10124.68,54.44,51.84
6.18387,8,0.5738,0.009,0.010,5.219,6.077,0.9873,0.00998,270.69,51.91,0.56086452,0.7122979403999999,2.17,2.378766e-08,1.099249e-08,2.051626e-08,9.258545e-09,111.94,107.16,10576.62,10124.87,54.53,51.84
6.18412,8,0.5738,0.009,0.010,5.219,6.077,0.9873,0.00998,270.69,51.91,0.56086352,0.7122966704,2.17,2.383662e-08,1.101365e-08,2.056369e-08,9.284285e-09,111.91,107.25,10574.01,10133.50,54.51,51.90
6.18438,8,0.5738,0.009,0.010,5.219,6.077,0.9873,0.00998,270.69,51.91,0.5608624799999999,0.7122953496,2.17,2.388715e-08,1.103516e-08,2.060923e-08,9.309507e-09,111.88,107.35,10570.74,10142.76,54.49,51.95
6.18462,8,0.5739,0.009,0.010,5.219,6.077,0.9873,0.00998,270.69,51.91,0.56086152,0.7122941304,2.17,2.392118e-08,1.106488e-08,2.065409e-08,9.324027e-09,112.16,107.25,10597.50,10133.14,54.65,51.89
6.18487,8,0.5739,0.009,0.010,5.219,6.077,0.9873,0.00998,270.69,51.91,0.56086052,0.7122928604,2.17,2.398292e-08,1.108876e-08,2.070536e-08,9.356797e-09,112.07,107.45,10589.19,10152.17,54.60,52.01
6.18513,8,0.5739,0.009,0.010,5.219,6.077,0.9873,0.00998,270.69,51.91,0.56085948,0.7122915395999999,2.17,2.403322e-08,1.111773e-08,2.074653e-08,9.372489e-09,112.18,107.39,10599.32,10146.42,54.66,51.97
6.18537,8,0.5740,0.009,0.010,5.218,6.077,0.9873,0.00998,270.69,51.91,0.5608585199999999,0.7122903204,2.17,2.40702e-08,1.11406e-08,2.07904e-08,9.398986e-09,112.31,107.54,10611.38,10161.36,54.73,52.06
6.18562,8,0.5740,0.009,0.010,5.218,6.077,0.9873,0.00998,270.69,51.91,0.56085752,0.7122890504,2.17,2.411639e-08,1.11731e-08,2.08357e-08,9.419633e-09,112.52,107.55,10631.08,10161.69,54.85,52.06
6.18588,8,0.5740,0.009,0.010,5.218,6.077,0.9873,0.00998,270.69,51.91,0.56085648,0.7122877296,2.17,2.4181e-08,1.119282e-08,2.087978e-08,9.438909e-09,112.33,107.53,10613.04,10160.41,54.74,52.05
6.18612,8,0.5741,0.009,0.010,5.218,6.077,0.9873,0.00998,270.69,51.91,0.5608555199999999,0.7122865103999999,2.17,2.423118e-08,1.122704e-08,2.09269e-08,9.460222e-09,112.55,107.55,10634.27,10162.20,54.87,52.07
6.18637,8,0.5741,0.009,0.010,5.218,6.077,0.9873,0.00998,270.69,51.91,0.5608545199999999,0.7122852403999999,2.17,2.428722e-08,1.125458e-08,2.097378e-08,9.475962e-09,112.58,107.44,10637.04,10151.54,54.88,52.00
6.18663,8,0.5742,0.009,0.010,5.218,6.077,0.9873,0.00998,270.69,51.91,0.5608534799999999,0.7122839195999999,2.17,2.433914e-08,1.127713e-08,2.101494e-08,9.506702e-09,112.57,107.71,10636.24,10177.02,54.88,52.15
6.18687,8,0.5742,0.009,0.010,5.218,6.077,0.9873,0.00998,270.69,51.91,0.56085252,0.7122827004,2.17,2.437912e-08,1.130153e-08,2.106228e-08,9.521008e-09,112.68,107.56,10646.56,10163.16,54.94,52.07
6.18712,8,0.5742,0.009,0.010,5.218,6.077,0.9873,0.00998,270.69,51.91,0.5608515199999999,0.7122814303999999,2.17,2.442975e-08,1.133328e-08,2.10865e-08,9.545314e-09,112.83,107.84,10661.08,10189.19,55.03,52.22
6.18738,8,0.5743,0.009,0.010,5.218,6.077,0.9873,0.00998,270.69,51.91,0.5608504799999999,0.7122801095999999,2.17,2.447851e-08,1.135452e-08,2.113691e-08,9.561232e-09,112.83,107.72,10660.52,10177.54,55.02,52.16
6.18762,8,0.5743,0.009,0.010,5.218,6.077,0.9873,0.00998,270.69,51.91,0.56084952,0.7122788904,2.17,2.453976e-08,1.137883e-08,2.118752e-08,9.584934e-09,112.75,107.73,10653.35,10179.11,54.98,52.16
6.18788,8,0.5743,0.009,0.010,5.218,6.077,0.9873,0.00998,270.69,51.91,0.56084848,0.7122775696,2.17,2.459547e-08,1.140784e-08,2.121559e-08,9.609483e-09,112.81,107.98,10658.89,10202.08,55.01,52.30
6.18813,8,0.5744,0.009,0.010,5.218,6.077,0.9873,0.00998,270.69,51.91,0.56084748,0.7122762995999999,2.17,2.464688e-08,1.143395e-08,2.126721e-08,9.625285e-09,112.87,107.84,10664.69,10189.19,55.05,52.22
6.18837,8,0.5744,0.009,0.010,5.218,6.077,0.9873,0.00998,270.69,51.91,0.5608465199999999,0.7122750803999999,2.17,2.467733e-08,1.146074e-08,2.130311e-08,9.646563e-09,113.10,107.94,10686.71,10198.91,55.18,52.28
6.18863,8,0.5744,0.009,0.010,5.218,6.077,0.9873,0.00998,270.69,51.91,0.56084548,0.7122737596000001,2.17,2.471961e-08,1.148501e-08,2.134323e-08,9.667091e-09,113.19,107.99,10694.77,10203.46,55.23,52.31
6.18888,8,0.5745,0.009,0.010,5.218,6.077,0.9873,0.00998,270.69,51.91,0.56084448,0.7122724896,2.17,2.476143e-08,1.150854e-08,2.137925e-08,9.690935e-09,113.29,108.16,10703.76,10219.75,55.28,52.41
6.18912,8,0.5745,0.009,0.010,5.218,6.077,0.9873,0.00998,270.69,51.91,0.5608435199999999,0.7122712703999999,2.17,2.480025e-08,1.152536e-08,2.14289e-08,9.712761e-09,113.26,108.15,10701.63,10218.44,55.27,52.40
6.18938,8,0.5745,0.009,0.010,5.218,6.077,0.9873,0.00998,270.69,51.91,0.5608424799999999,0.7122699495999999,2.17,2.485558e-08,1.155742e-08,2.14876e-08,9.73167e-09,113.38,107.99,10712.62,10203.68,55.33,52.31
6.18963,8,0.5746,0.009,0.010,5.218,6.077,0.9873,0.00998,270.69,51.91,0.56084148,0.7122686796000001,2.17,2.490023e-08,1.157774e-08,2.150668e-08,9.751583e-09,113.39,108.24,10713.73,10227.07,55.34,52.45
6.18987,8,0.5746,0.009,0.010,5.218,6.077,0.9873,0.00998,270.69,51.91,0.56084052,0.7122674604,2.17,2.492257e-08,1.159668e-08,2.157301e-08,9.775126e-09,113.55,108.11,10728.51,10214.58,55.42,52.37
6.19013,8,0.5746,0.009,0.010,5.218,6.077,0.9873,0.00998,270.69,51.91,0.56083948,0.7122661396,2.17,2.498187e-08,1.161206e-08,2.161275e-08,9.796611e-09,113.32,108.18,10707.45,10221.21,55.30,52.41
6.19038,8,0.5747,0.009,0.010,5.217,6.077,0.9873,0.00998,270.69,51.91,0.5608384799999999,0.7122648695999999,2.17,2.500918e-08,1.162956e-08,2.165119e-08,9.824332e-09,113.43,108.40,10717.59,10242.63,55.36,52.54
6.19062,8,0.5747,0.009,0.010,5.217,6.077,0.9873,0.00998,270.69,51.91,0.56083752,0.7122636504,2.17,2.504103e-08,1.165443e-08,2.170038e-08,9.849349e-09,113.61,108.46,10734.91,10247.76,55.46,52.57
6.19088,8,0.5747,0.009,0.010,5.217,6.077,0.9873,0.00998,270.69,51.91,0.56083648,0.7122623296,2.17,2.508138e-08,1.167007e-08,2.174804e-08,9.871862e-09,113.56,108.48,10729.51,10249.44,55.43,52.58
6.19113,8,0.5748,0.009,0.010,5.217,6.077,0.9873,0.00998,270.69,51.91,0.5608354799999999,0.7122610596,2.17,2.511638e-08,1.168834e-08,2.180779e-08,9.895873e-09,113.61,108.43,10734.79,10245.32,55.46,52.56
6.19137,8,0.5748,0.009,0.010,5.217,6.077,0.9873,0.00998,270.69,51.91,0.56083452,0.7122598404,2.17,2.516015e-08,1.170568e-08,2.186663e-08,9.91781e-09,113.56,108.34,10729.59,10236.32,55.43,52.50
6.19163,8,0.5748,0.009,0.010,5.217,6.077,0.9873,0.00998,270.69,51.91,0.56083348,0.7122585196,2.17,2.518724e-08,1.17221e-08,2.191412e-08,9.947658e-09,113.63,108.50,10736.13,10251.99,55.47,52.60
6.19187,8,0.5749,0.009,0.010,5.217,6.077,0.9873,0.00998,270.69,51.91,0.56083252,0.7122573003999999,2.17,2.523482e-08,1.17484e-08,2.195122e-08,9.976059e-09,113.72,108.75,10745.11,10275.58,55.52,52.74
6.19212,8,0.5749,0.009,0.010,5.217,6.077,0.9873,0.00998,270.69,51.91,0.5608315199999999,0.7122560303999999,2.17,2.526611e-08,1.176197e-08,2.202807e-08,1.000533e-08,113.70,108.64,10743.41,10264.95,55.51,52.67
6.19238,8,0.5749,0.009,0.010,5.217,6.077,0.9873,0.00998,270.69,51.91,0.5608304799999999,0.7122547095999999,2.17,2.530694e-08,1.17763e-08,2.208632e-08,1.003834e-08,113.62,108.77,10735.43,10277.24,55.46,52.75
6.19262,8,0.5750,0.009,0.010,5.217,6.077,0.9873,0.00998,270.69,51.91,0.56082952,0.7122534904,2.17,2.535021e-08,1.179954e-08,2.215678e-08,1.00644e-08,113.70,108.67,10742.58,10267.87,55.51,52.69
6.19287,8,0.5750,0.009,0.010,5.217,6.077,0.9873,0.00998,270.69,51.91,0.5608285199999999,0.7122522203999999,2.17,2.536986e-08,1.181065e-08,2.221656e-08,1.009317e-08,113.73,108.70,10745.92,10270.89,55.53,52.71
6.19313,8,0.5750,0.009,0.009,5.217,6.077,0.9873,0.00998,270.69,51.91,0.5608274799999999,0.7122508995999999,2.17,2.540894e-08,1.182192e-08,2.225575e-08,1.012088e-08,113.61,108.90,10734.24,10289.42,55.46,52.82
6.19337,8,0.5751,0.009,0.009,5.217,6.077,0.9873,0.00998,270.69,51.91,0.56082652,0.7122496804,2.17,2.542521e-08,1.184242e-08,2.234093e-08,1.015498e-08,113.86,108.83,10758.08,10282.60,55.60,52.78
6.19362,8,0.5751,0.009,0.009,5.217,6.077,0.9873,0.00998,270.69,51.91,0.56082552,0.7122484104,2.17,2.547092e-08,1.185781e-08,2.24093e-08,1.019091e-08,113.75,108.92,10748.07,10291.58,55.54,52.83
6.19388,8,0.5751,0.009,0.009,5.217,6.077,0.9873,0.00998,270.69,51.91,0.56082448,0.7122470895999999,2.17,2.548915e-08,1.188896e-08,2.248651e-08,1.022582e-08,114.16,108.92,10786.54,10291.21,55.77,52.83
6.19412,8,0.5752,0.009,0.009,5.217,6.077,0.9873,0.00998,270.69,51.91,0.5608235199999999,0.7122458703999999,2.17,2.552338e-08,1.190479e-08,2.256544e-08,1.026543e-08,114.18,109.01,10788.18,10299.84,55.78,52.88
6.19437,8,0.5752,0.009,0.009,5.217,6.077,0.9873,0.00998,270.69,51.91,0.56082252,0.7122446004,2.17,2.557604e-08,1.19241e-08,2.263437e-08,1.029428e-08,114.08,108.96,10779.29,10295.24,55.73,52.85
6.19463,8,0.5752,0.009,0.009,5.217,6.077,0.9873,0.00998,270.70,51.91,0.56082148,0.7122432796,2.17,2.561477e-08,1.194154e-08,2.271959e-08,1.033383e-08,114.07,108.98,10778.24,10296.68,55.72,52.86
6.19487,8,0.5753,0.009,0.009,5.217,6.077,0.9873,0.00998,270.70,51.91,0.5608205199999999,0.7122420603999999,2.17,2.563005e-08,1.196718e-08,2.280295e-08,1.036829e-08,114.43,108.93,10811.45,10292.18,55.92,52.83
6.19512,8,0.5753,0.009,0.009,5.217,6.077,0.9873,0.00998,270.70,51.91,0.5608195199999999,0.7122407903999999,2.17,2.568188e-08,1.198934e-08,2.287092e-08,1.040672e-08,114.39,109.07,10808.00,10305.85,55.90,52.91
6.19538,8,0.5753,0.009,0.009,5.217,6.077,0.9873,0.00998,270.70,51.91,0.56081848,0.7122394696000001,2.17,2.576623e-08,1.200227e-08,2.295552e-08,1.044282e-08,113.92,109.03,10763.52,10301.51,55.63,52.89
6.19562,8,0.5754,0.009,0.009,5.216,6.077,0.9873,0.00998,270.70,51.91,0.56081752,0.7122382504,2.17,2.577706e-08,1.203308e-08,2.303046e-08,1.047918e-08,114.40,109.09,10808.71,10307.40,55.90,52.92
6.19588,8,0.5754,0.009,0.009,5.216,6.077,0.9873,0.00998,270.70,51.91,0.56081648,0.7122369296,2.17,2.580962e-08,1.205093e-08,2.312795e-08,1.052272e-08,114.44,109.07,10813.17,10305.92,55.93,52.91
6.19613,8,0.5754,0.009,0.009,5.216,6.077,0.9873,0.00998,270.70,51.91,0.5608154799999999,0.7122356595999999,2.17,2.587148e-08,1.206381e-08,2.31861e-08,1.057156e-08,114.16,109.50,10786.33,10346.12,55.77,53.15
6.19637,8,0.5755,0.009,0.009,5.216,6.077,0.9873,0.00998,270.70,51.91,0.56081452,0.7122344404,2.17,2.589619e-08,1.210078e-08,2.328922e-08,1.060626e-08,114.63,109.29,10830.88,10325.87,56.03,53.03
6.19663,8,0.5755,0.009,0.009,5.216,6.077,0.9873,0.00998,270.70,51.91,0.56081348,0.7122331196,2.17,2.597269e-08,1.211795e-08,2.336266e-08,1.064412e-08,114.30,109.37,10799.81,10333.74,55.85,53.08
6.19688,8,0.5755,0.009,0.009,5.216,6.077,0.9873,0.00998,270.70,51.91,0.56081248,0.7122318496,2.17,2.601737e-08,1.214691e-08,2.34537e-08,1.068971e-08,114.45,109.45,10813.35,10341.05,55.93,53.12
6.19712,8,0.5756,0.009,0.009,5.216,6.077,0.9873,0.00998,270.70,51.91,0.56081152,0.7122306304,2.17,2.608876e-08,1.217997e-08,2.353465e-08,1.073541e-08,114.46,109.63,10814.78,10358.46,55.93,53.23
6.19738,8,0.5756,0.009,0.009,5.216,6.077,0.9873,0.00999,270.70,51.91,0.56081048,0.7122293096,2.17,2.614473e-08,1.219611e-08,2.362724e-08,1.076495e-08,114.28,109.39,10798.18,10336.04,55.84,53.09
6.19763,8,0.5756,0.009,0.009,5.216,6.077,0.9873,0.00999,270.70,51.91,0.56080948,0.7122280395999999,2.17,2.618563e-08,1.223524e-08,2.370431e-08,1.080693e-08,114.64,109.52,10831.45,10348.12,56.03,53.16
6.19787,8,0.5757,0.009,0.009,5.216,6.077,0.9873,0.00999,270.70,51.91,0.5608085199999999,0.7122268204,2.17,2.625326e-08,1.226074e-08,2.379819e-08,1.08505e-08,114.55,109.55,10823.23,10351.27,55.98,53.18
6.19813,8,0.5757,0.009,0.009,5.216,6.077,0.9873,0.00999,270.70,51.91,0.5608074799999999,0.7122254995999999,2.17,2.632974e-08,1.229658e-08,2.388493e-08,1.089425e-08,114.55,109.63,10823.43,10358.61,55.99,53.23
6.19838,8,0.5757,0.009,0.009,5.216,6.077,0.9873,0.00999,270.70,51.91,0.56080648,0.7122242296,2.17,2.637074e-08,1.233444e-08,2.398171e-08,1.092323e-08,114.88,109.35,10854.33,10332.24,56.17,53.07
6.19862,8,0.5758,0.009,0.009,5.216,6.077,0.9873,0.00999,270.70,51.91,0.56080552,0.7122230103999999,2.17,2.642854e-08,1.236013e-08,2.405365e-08,1.096702e-08,114.88,109.57,10853.99,10353.15,56.17,53.19
6.19888,8,0.5758,0.009,0.009,5.216,6.077,0.9873,0.00999,270.70,51.91,0.5608044799999999,0.7122216896,2.17,2.649928e-08,1.2398e-08,2.414025e-08,1.100268e-08,114.96,109.50,10861.87,10346.54,56.21,53.15
6.19913,8,0.5758,0.009,0.009,5.216,6.077,0.9873,0.00999,270.70,51.91,0.5608034799999999,0.7122204195999999,2.17,2.656217e-08,1.243129e-08,2.421624e-08,1.10465e-08,115.03,109.67,10868.22,10362.37,56.25,53.25
6.19937,8,0.5759,0.009,0.009,5.216,6.077,0.9873,0.00999,270.70,51.91,0.56080252,0.7122192004,2.17,2.665775e-08,1.246211e-08,2.430678e-08,1.10906e-08,114.80,109.74,10847.35,10368.98,56.13,53.29
6.19963,8,0.5759,0.009,0.009,5.216,6.077,0.9873,0.00999,270.70,51.91,0.56080148,0.7122178795999999,2.17,2.672151e-08,1.249959e-08,2.436863e-08,1.112379e-08,114.94,109.83,10859.87,10377.51,56.20,53.34
6.19987,8,0.5759,0.009,0.009,5.216,6.077,0.9873,0.00999,270.70,51.91,0.5608005199999999,0.7122166603999999,2.17,2.680292e-08,1.253341e-08,2.447587e-08,1.115406e-08,114.86,109.49,10852.93,10345.62,56.16,53.15
6.20012,8,0.5760,0.009,0.009,5.216,6.077,0.9873,0.00999,270.70,51.91,0.56079952,0.7122153904,2.17,2.68629e-08,1.257187e-08,2.453739e-08,1.120065e-08,115.06,109.85,10871.73,10379.01,56.27,53.35
6.20038,8,0.5760,0.009,0.009,5.216,6.077,0.9873,0.00999,270.70,51.91,0.56079848,0.7122140696,2.17,2.69373e-08,1.260181e-08,2.460297e-08,1.122274e-08,114.98,109.71,10863.82,10365.68,56.22,53.27
6.20062,8,0.5760,0.009,0.009,5.216,6.077,0.9873,0.00999,270.70,51.91,0.5607975199999999,0.7122128503999999,2.17,2.699483e-08,1.263732e-08,2.466927e-08,1.126901e-08,115.13,109.99,10877.73,10392.85,56.31,53.43
6.20087,8,0.5761,0.009,0.009,5.215,6.077,0.9873,0.00999,270.70,51.91,0.5607965199999999,0.7122115803999999,2.17,2.707655e-08,1.267386e-08,2.476011e-08,1.129633e-08,115.12,109.76,10876.85,10370.70,56.30,53.30
6.20113,8,0.5761,0.009,0.009,5.215,6.077,0.9873,0.00999,270.70,51.91,0.5607954799999999,0.7122102595999998,2.17,2.71605e-08,1.271546e-08,2.483144e-08,1.131968e-08,115.16,109.60,10880.55,10355.23,56.32,53.21
6.20137,8,0.5761,0.009,0.009,5.215,6.077,0.9873,0.00999,270.70,51.91,0.56079452,0.7122090404,2.17,2.723034e-08,1.274167e-08,2.488915e-08,1.135617e-08,115.05,109.78,10870.15,10372.33,56.26,53.31
6.20162,8,0.5762,0.009,0.009,5.215,6.077,0.9873,0.00999,270.70,51.91,0.5607935199999999,0.7122077703999999,2.17,2.730209e-08,1.278362e-08,2.496233e-08,1.138714e-08,115.21,109.75,10885.44,10370.07,56.35,53.29
6.20188,8,0.5762,0.009,0.009,5.215,6.077,0.9873,0.00999,270.70,51.91,0.5607924799999999,0.7122064495999999,2.17,2.739254e-08,1.281572e-08,2.501935e-08,1.141946e-08,115.04,109.87,10869.09,10380.62,56.25,53.36
6.20212,8,0.5763,0.009,0.009,5.215,6.077,0.9873,0.00999,270.70,51.91,0.56079152,0.7122052304,2.17,2.745314e-08,1.285779e-08,2.507849e-08,1.144859e-08,115.29,109.92,10892.82,10385.99,56.40,53.39
6.20237,8,0.5763,0.009,0.009,5.215,6.077,0.9873,0.00999,270.70,51.91,0.56079052,0.7122039604,2.17,2.751152e-08,1.288559e-08,2.514045e-08,1.147744e-08,115.29,109.93,10893.55,10386.93,56.40,53.39
6.20263,8,0.5763,0.009,0.009,5.215,6.077,0.9873,0.00999,270.70,51.91,0.56078948,0.7122026396,2.17,2.757719e-08,1.29276e-08,2.521387e-08,1.149898e-08,115.48,109.72,10911.41,10367.06,56.51,53.27
6.20287,8,0.5764,0.009,0.009,5.215,6.077,0.9873,0.00999,270.70,51.91,0.56078852,0.7122014204,2.17,2.767512e-08,1.295733e-08,2.525144e-08,1.152848e-08,115.23,109.96,10887.71,10389.34,56.36,53.41
6.20312,8,0.5764,0.009,0.009,5.215,6.077,0.9873,0.00999,270.70,51.91,0.56078752,0.7122001504,2.17,2.77318e-08,1.298863e-08,2.531868e-08,1.155565e-08,115.31,109.90,10895.23,10383.51,56.41,53.37
6.20338,8,0.5764,0.009,0.009,5.215,6.077,0.9873,0.00999,270.70,51.91,0.56078648,0.7121988296,2.17,2.781507e-08,1.302253e-08,2.53656e-08,1.15795e-08,115.23,109.94,10887.21,10387.53,56.36,53.40
6.20362,8,0.5765,0.009,0.009,5.215,6.077,0.9873,0.00999,270.70,51.91,0.5607855199999999,0.7121976104,2.17,2.788394e-08,1.305686e-08,2.542493e-08,1.160098e-08,115.28,109.86,10892.37,10380.10,56.39,53.35
6.20388,8,0.5765,0.009,0.009,5.215,6.077,0.9873,0.00999,270.70,51.91,0.5607844799999999,0.7121962895999999,2.17,2.79525e-08,1.308167e-08,2.547816e-08,1.163226e-08,115.16,109.98,10880.96,10391.59,56.32,53.42
6.20413,8,0.5765,0.009,0.009,5.215,6.077,0.9873,0.00999,270.70,51.91,0.56078348,0.7121950196,2.17,2.801363e-08,1.310932e-08,2.552989e-08,1.165612e-08,115.14,109.99,10879.46,10391.99,56.32,53.42
6.20437,8,0.5766,0.009,0.009,5.215,6.077,0.9873,0.00999,270.70,51.91,0.56078252,0.7121938003999999,2.17,2.80657e-08,1.313898e-08,2.55874e-08,1.167921e-08,115.25,109.95,10889.60,10388.61,56.38,53.40
6.20463,8,0.5766,0.009,0.009,5.215,6.077,0.9873,0.00999,270.70,51.91,0.5607814799999999,0.7121924796,2.17,2.810017e-08,1.317222e-08,2.562537e-08,1.170026e-08,115.53,110.01,10916.25,10394.69,56.53,53.44
6.20488,8,0.5766,0.009,0.009,5.215,6.077,0.9873,0.00999,270.70,51.91,0.5607804799999999,0.7121912095999999,2.17,2.818115e-08,1.319141e-08,2.567148e-08,1.172858e-08,115.23,110.14,10887.08,10406.55,56.36,53.51
6.20512,8,0.5767,0.009,0.009,5.215,6.077,0.9873,0.00999,270.70,51.91,0.56077952,0.7121899904,2.17,2.821902e-08,1.321061e-08,2.573651e-08,1.175251e-08,115.27,110.06,10891.26,10398.94,56.38,53.46
6.20538,8,0.5767,0.009,0.009,5.215,6.077,0.9873,0.00999,270.70,51.91,0.56077848,0.7121886695999999,2.17,2.826773e-08,1.323592e-08,2.577597e-08,1.177007e-08,115.31,110.05,10895.14,10398.19,56.41,53.46
6.20563,8,0.5767,0.009,0.009,5.215,6.077,0.9873,0.00999,270.70,51.91,0.5607774799999999,0.7121873995999999,2.17,2.833521e-08,1.325051e-08,2.58118e-08,1.179753e-08,115.03,110.24,10868.90,10416.23,56.25,53.57
6.20587,8,0.5768,0.009,0.009,5.214,6.077,0.9873,0.00999,270.70,51.91,0.56077652,0.7121861804,2.17,2.83694e-08,1.327042e-08,2.587987e-08,1.182272e-08,115.12,110.16,10876.83,10408.43,56.30,53.52
6.20613,8,0.5768,0.009,0.009,5.214,6.077,0.9873,0.00999,270.70,51.91,0.56077548,0.7121848596,2.17,2.840012e-08,1.329564e-08,2.592637e-08,1.184395e-08,115.29,110.16,10893.53,10408.41,56.40,53.52
6.20638,8,0.5768,0.009,0.009,5.214,6.077,0.9873,0.00999,270.70,51.91,0.56077448,0.7121835895999999,2.17,2.842918e-08,1.330549e-08,2.597148e-08,1.186494e-08,115.23,110.17,10887.75,10409.03,56.36,53.52
6.20662,8,0.5769,0.009,0.009,5.214,6.077,0.9873,0.00999,270.70,51.91,0.5607735199999999,0.7121823703999999,2.17,2.848046e-08,1.332807e-08,2.602623e-08,1.18952e-08,115.23,110.27,10887.46,10419.29,56.36,53.58
6.20688,8,0.5769,0.009,0.009,5.214,6.077,0.9873,0.00999,270.70,51.91,0.56077248,0.7121810496000001,2.17,2.853125e-08,1.3355e-08,2.607161e-08,1.190221e-08,115.28,110.04,10892.31,10397.20,56.39,53.45
6.20712,8,0.5769,0.009,0.009,5.214,6.077,0.9873,0.00999,270.70,51.91,0.56077152,0.7121798304,2.17,2.855472e-08,1.336987e-08,2.613282e-08,1.193535e-08,115.34,110.13,10898.26,10405.54,56.43,53.50
6.20737,8,0.5770,0.009,0.009,5.214,6.077,0.9873,0.00999,270.70,51.91,0.5607705199999999,0.7121785603999999,2.17,2.859386e-08,1.337e-08,2.618497e-08,1.197318e-08,115.07,110.39,10872.32,10429.81,56.27,53.65
6.20763,8,0.5770,0.009,0.009,5.214,6.077,0.9873,0.00999,270.70,51.91,0.5607694799999999,0.7121772395999999,2.17,2.862439e-08,1.339397e-08,2.623396e-08,1.198635e-08,115.23,110.23,10887.12,10415.03,56.36,53.56
6.20787,8,0.5770,0.009,0.009,5.214,6.077,0.9873,0.00999,270.70,51.91,0.56076852,0.7121760204,2.17,2.865183e-08,1.341093e-08,2.628635e-08,1.202446e-08,115.29,110.47,10893.41,10437.68,56.40,53.69
6.20812,8,0.5771,0.009,0.009,5.214,6.077,0.9873,0.00999,270.70,51.91,0.56076752,0.7121747504,2.17,2.867997e-08,1.341249e-08,2.637095e-08,1.205378e-08,115.13,110.33,10877.60,10424.54,56.30,53.61
6.20838,8,0.5771,0.009,0.009,5.214,6.077,0.9873,0.00999,270.70,51.91,0.56076648,0.7121734296,2.17,2.871151e-08,1.343297e-08,2.640028e-08,1.2075e-08,115.22,110.46,10886.32,10436.98,56.35,53.69
6.20862,8,0.5771,0.009,0.009,5.214,6.077,0.9873,0.00999,270.70,51.91,0.5607655199999999,0.7121722103999999,2.17,2.873327e-08,1.343518e-08,2.648138e-08,1.211558e-08,115.09,110.52,10874.20,10442.52,56.28,53.72
6.20887,8,0.5772,0.009,0.009,5.214,6.077,0.9873,0.00999,270.70,51.91,0.56076452,0.7121709404,2.17,2.875344e-08,1.3458e-08,2.652211e-08,1.213262e-08,115.32,110.51,10896.44,10441.80,56.41,53.72
6.20913,8,0.5772,0.009,0.009,5.214,6.077,0.9873,0.00999,270.70,51.91,0.56076348,0.7121696196,2.17,2.879618e-08,1.345422e-08,2.659714e-08,1.216606e-08,114.94,110.50,10860.35,10440.40,56.20,53.71
6.20937,8,0.5772,0.009,0.009,5.214,6.077,0.9873,0.00999,270.70,51.91,0.5607625199999999,0.7121684004,2.17,2.880345e-08,1.347068e-08,2.668103e-08,1.220169e-08,115.15,110.45,10880.15,10436.08,56.32,53.68
6.20962,8,0.5773,0.009,0.009,5.214,6.077,0.9873,0.00999,270.70,51.91,0.56076152,0.7121671304,2.17,2.882005e-08,1.348213e-08,2.674214e-08,1.223251e-08,115.23,110.52,10887.63,10442.41,56.36,53.72
6.20988,8,0.5773,0.009,0.009,5.214,6.077,0.9873,0.00999,270.70,51.91,0.56076048,0.7121658096,2.17,2.88395e-08,1.348765e-08,2.680153e-08,1.226497e-08,115.17,110.61,10882.21,10450.72,56.33,53.77
6.21012,8,0.5773,0.009,0.009,5.214,6.077,0.9873,0.00999,270.70,51.91,0.56075952,0.7121645903999999,2.17,2.887394e-08,1.349504e-08,2.688086e-08,1.229348e-08,115.03,110.48,10869.02,10438.52,56.25,53.70
6.21037,8,0.5774,0.009,0.009,5.214,6.077,0.9873,0.00999,270.70,51.91,0.5607585199999999,0.7121633204,2.17,2.886433e-08,1.351064e-08,2.692538e-08,1.232591e-08,115.38,110.70,10901.34,10459.20,56.44,53.82
6.21063,8,0.5774,0.009,0.009,5.214,6.077,0.9873,0.00999,270.70,51.91,0.5607574799999999,0.7121619995999999,2.17,2.890661e-08,1.352125e-08,2.700721e-08,1.235841e-08,115.23,110.62,10887.44,10451.46,56.36,53.77
6.21087,8,0.5774,0.009,0.009,5.214,6.077,0.9873,0.00999,270.70,51.91,0.56075652,0.7121607804,2.17,2.893793e-08,1.352371e-08,2.708951e-08,1.239361e-08,115.03,110.57,10869.03,10447.64,56.25,53.75
6.21113,8,0.5775,0.009,0.009,5.213,6.077,0.9873,0.00999,270.70,51.91,0.56075548,0.7121594595999999,2.17,2.89425e-08,1.354164e-08,2.715339e-08,1.244109e-08,115.31,110.89,10894.77,10477.79,56.40,53.93
6.21138,8,0.5775,0.009,0.009,5.213,6.077,0.9873,0.00999,270.70,51.91,0.5607544799999999,0.7121581896,2.17,2.898855e-08,1.355361e-08,2.726489e-08,1.246824e-08,115.15,110.50,10880.33,10440.80,56.32,53.71
6.21162,8,0.5775,0.009,0.009,5.213,6.077,0.9873,0.00999,270.70,51.91,0.56075352,0.7121569704,2.17,2.8986e-08,1.356753e-08,2.730927e-08,1.251052e-08,115.40,110.86,10903.13,10474.71,56.45,53.91
6.21188,8,0.5776,0.009,0.009,5.213,6.077,0.9873,0.00999,270.70,51.91,0.56075248,0.7121556496,2.17,2.902803e-08,1.357859e-08,2.739449e-08,1.253934e-08,115.28,110.71,10892.03,10460.79,56.39,53.83
6.21213,8,0.5776,0.009,0.009,5.213,6.077,0.9873,0.00999,270.70,51.91,0.56075148,0.7121543795999999,2.17,2.905229e-08,1.358665e-08,2.745682e-08,1.258408e-08,115.23,110.98,10887.08,10485.70,56.36,53.97
6.21237,8,0.5776,0.009,0.009,5.213,6.077,0.9873,0.00999,270.70,51.91,0.5607505199999999,0.7121531603999999,2.17,2.90773e-08,1.360106e-08,2.754424e-08,1.261831e-08,115.27,110.88,10891.16,10476.76,56.38,53.92
6.21263,8,0.5777,0.009,0.009,5.213,6.077,0.9873,0.00999,270.70,51.91,0.5607494799999999,0.7121518396,2.17,2.909592e-08,1.361197e-08,2.761319e-08,1.265403e-08,115.32,110.97,10896.36,10484.89,56.41,53.97
6.21288,8,0.5777,0.009,0.009,5.213,6.077,0.9873,0.00999,270.70,51.91,0.56074848,0.7121505696,2.17,2.914449e-08,1.363776e-08,2.769842e-08,1.26859e-08,115.37,110.85,10900.97,10473.94,56.44,53.90
6.21312,8,0.5777,0.009,0.009,5.213,6.077,0.9873,0.00999,270.70,51.91,0.5607475199999999,0.7121493503999999,2.17,2.914728e-08,1.364103e-08,2.77688e-08,1.272031e-08,115.40,110.89,10903.92,10477.24,56.46,53.92
6.21338,8,0.5778,0.009,0.009,5.213,6.077,0.9873,0.00999,270.70,51.91,0.5607464799999999,0.7121480295999999,2.17,2.918195e-08,1.365389e-08,2.784409e-08,1.277272e-08,115.37,111.19,10900.75,10506.26,56.44,54.10
6.21363,8,0.5778,0.009,0.009,5.213,6.077,0.9873,0.00999,270.70,51.91,0.5607454799999999,0.7121467595999998,2.17,2.91947e-08,1.367197e-08,2.793091e-08,1.279402e-08,115.56,110.90,10918.94,10478.23,56.55,53.93
6.21387,8,0.5778,0.009,0.009,5.213,6.077,0.9873,0.00999,270.70,51.91,0.56074452,0.7121455404,2.17,2.922746e-08,1.368917e-08,2.796935e-08,1.282103e-08,115.59,111.05,10921.73,10492.42,56.56,54.01
6.21413,8,0.5779,0.009,0.009,5.213,6.077,0.9873,0.00999,270.70,51.91,0.56074348,0.7121442196,2.17,2.924882e-08,1.369358e-08,2.807241e-08,1.285061e-08,115.52,110.79,10915.23,10467.68,56.52,53.87
6.21438,8,0.5779,0.009,0.009,5.213,6.077,0.9873,0.00999,270.70,51.91,0.5607424799999999,0.7121429495999999,2.17,2.929922e-08,1.371033e-08,2.810408e-08,1.288734e-08,115.42,111.14,10904.99,10501.09,56.46,54.07
6.21462,8,0.5779,0.009,0.009,5.213,6.077,0.9873,0.00999,270.70,51.91,0.56074152,0.7121417304,2.17,2.931584e-08,1.37158e-08,2.820223e-08,1.292308e-08,115.38,110.99,10901.54,10487.20,56.44,53.98
6.21488,8,0.5780,0.009,0.009,5.213,6.077,0.9873,0.00999,270.70,51.91,0.56074048,0.7121404096,2.17,2.934214e-08,1.374031e-08,2.826508e-08,1.295698e-08,115.59,111.09,10921.66,10496.64,56.56,54.04
6.21512,8,0.5780,0.009,0.009,5.213,6.077,0.9873,0.00999,270.70,51.91,0.5607395199999999,0.7121391904,2.17,2.937569e-08,1.376151e-08,2.831001e-08,1.297858e-08,115.68,111.11,10929.86,10498.14,56.61,54.05
6.21537,8,0.5780,0.009,0.009,5.213,6.077,0.9873,0.00999,270.70,51.91,0.5607385199999999,0.7121379203999999,2.17,2.937948e-08,1.376735e-08,2.83685e-08,1.300835e-08,115.74,111.16,10935.93,10502.54,56.65,54.07
6.21563,8,0.5781,0.009,0.009,5.213,6.077,0.9873,0.00999,270.70,51.91,0.56073748,0.7121365996,2.17,2.939983e-08,1.376853e-08,2.843422e-08,1.304175e-08,115.63,111.23,10925.35,10509.22,56.58,54.11
6.21587,8,0.5781,0.009,0.009,5.213,6.077,0.9873,0.00999,270.70,51.91,0.56073652,0.7121353803999999,2.17,2.943648e-08,1.378341e-08,2.84942e-08,1.305869e-08,115.59,111.06,10921.94,10493.53,56.56,54.02
6.21612,8,0.5781,0.009,0.009,5.213,6.077,0.9873,0.00999,270.70,51.91,0.5607355199999999,0.7121341104,2.17,2.946263e-08,1.379549e-08,2.855183e-08,1.308813e-08,115.59,111.11,10921.70,10498.01,56.56,54.05
6.21638,8,0.5782,0.009,0.009,5.212,6.077,0.9873,0.00999,270.70,51.91,0.5607344799999999,0.7121327895999999,2.17,2.946227e-08,1.380812e-08,2.859701e-08,1.311002e-08,115.81,111.15,10942.66,10501.57,56.68,54.07
6.21662,8,0.5782,0.009,0.009,5.212,6.077,0.9873,0.00999,270.70,51.91,0.56073352,0.7121315704,2.17,2.948079e-08,1.382309e-08,2.862254e-08,1.312895e-08,115.91,111.26,10952.04,10512.25,56.74,54.13
6.21687,8,0.5782,0.009,0.009,5.212,6.077,0.9873,0.00999,270.70,51.91,0.56073252,0.7121303003999999,2.17,2.952789e-08,1.38372e-08,2.86828e-08,1.314553e-08,115.79,111.09,10940.17,10495.94,56.67,54.03
6.21713,8,0.5783,0.009,0.009,5.212,6.077,0.9873,0.00999,270.70,51.91,0.56073148,0.7121289796,2.17,2.953811e-08,1.384981e-08,2.870945e-08,1.316825e-08,115.93,111.27,10953.70,10513.24,56.75,54.14
6.21737,8,0.5783,0.009,0.009,5.212,6.077,0.9873,0.00999,270.70,51.91,0.56073052,0.7121277604,2.17,2.953579e-08,1.385125e-08,2.874923e-08,1.318322e-08,115.97,111.22,10957.47,10508.42,56.77,54.11
6.21762,8,0.5784,0.009,0.009,5.212,6.077,0.9873,0.00999,270.70,51.91,0.56072952,0.7121264904,2.17,2.956646e-08,1.38632e-08,2.879194e-08,1.319795e-08,115.95,111.16,10955.74,10503.10,56.76,54.08
6.21788,8,0.5784,0.009,0.009,5.212,6.077,0.9873,0.00999,270.70,51.91,0.56072848,0.7121251695999999,2.17,2.956435e-08,1.386819e-08,2.881467e-08,1.321211e-08,116.05,111.22,10964.64,10508.59,56.81,54.11
6.21812,8,0.5784,0.009,0.009,5.212,6.077,0.9873,0.00999,270.70,51.91,0.5607275199999999,0.7121239503999999,2.17,2.955901e-08,1.387917e-08,2.882874e-08,1.321485e-08,116.26,111.16,10984.75,10503.14,56.93,54.08
6.21837,8,0.5785,0.009,0.009,5.212,6.077,0.9873,0.00999,270.70,51.91,0.56072652,0.7121226804,2.17,2.957188e-08,1.388025e-08,2.888205e-08,1.322697e-08,116.20,110.99,10979.24,10486.93,56.90,53.98
6.21863,8,0.5785,0.009,0.009,5.212,6.077,0.9873,0.00999,270.70,51.91,0.56072548,0.7121213596,2.17,2.958702e-08,1.3885e-08,2.888857e-08,1.32453e-08,116.16,111.23,10975.73,10509.39,56.88,54.11
6.21887,8,0.5785,0.009,0.009,5.212,6.077,0.9873,0.00999,270.70,51.91,0.56072452,0.7121201403999999,2.17,2.956177e-08,1.388305e-08,2.891475e-08,1.324509e-08,116.32,111.04,10990.50,10491.52,56.97,54.01
6.21913,8,0.5786,0.009,0.009,5.212,6.077,0.9873,0.00999,270.70,51.91,0.5607234799999999,0.7121188195999999,2.17,2.956496e-08,1.388334e-08,2.893766e-08,1.325603e-08,116.32,111.07,10990.60,10493.99,56.97,54.02
6.21938,8,0.5786,0.009,0.009,5.212,6.077,0.9873,0.00999,270.70,51.91,0.5607224799999999,0.7121175495999998,2.17,2.956876e-08,1.388792e-08,2.894224e-08,1.326206e-08,116.37,111.13,10994.77,10499.73,56.99,54.05
6.21962,8,0.5786,0.009,0.009,5.212,6.077,0.9873,0.00999,270.70,51.91,0.56072152,0.7121163304,2.17,2.954821e-08,1.388008e-08,2.895041e-08,1.326387e-08,116.39,111.10,10997.48,10496.91,57.01,54.04
6.21988,8,0.5787,0.009,0.009,5.212,6.077,0.9873,0.00999,270.70,51.91,0.56072048,0.7121150096,2.17,2.953201e-08,1.387325e-08,2.898148e-08,1.327037e-08,116.43,111.00,11000.54,10487.44,57.03,53.98
6.22013,8,0.5787,0.009,0.009,5.212,6.077,0.9873,0.00999,270.70,51.91,0.5607194799999999,0.7121137395999999,2.17,2.951469e-08,1.386388e-08,2.898486e-08,1.327932e-08,116.41,111.11,10998.70,10498.23,57.02,54.05
6.22037,8,0.5787,0.009,0.009,5.212,6.077,0.9873,0.00999,270.70,51.91,0.56071852,0.7121125204000001,2.17,2.951038e-08,1.3869e-08,2.899743e-08,1.328063e-08,116.52,111.04,11009.39,10491.75,57.08,54.01
6.22063,8,0.5788,0.009,0.009,5.212,6.077,0.9873,0.00999,270.70,51.91,0.56071748,0.7121111996,2.17,2.948663e-08,1.385242e-08,2.899366e-08,1.328411e-08,116.45,111.14,11003.18,10501.16,57.04,54.06
6.22088,8,0.5788,0.009,0.009,5.212,6.077,0.9873,0.00999,270.70,51.91,0.56071648,0.7121099296,2.17,2.94746e-08,1.384631e-08,2.902706e-08,1.328673e-08,116.45,110.95,11002.49,10482.69,57.04,53.95
6.22112,8,0.5788,0.009,0.009,5.212,6.077,0.9873,0.00999,270.70,51.91,0.5607155199999999,0.7121087103999999,2.17,2.943019e-08,1.383602e-08,2.90102e-08,1.328581e-08,116.61,111.05,11018.37,10492.59,57.13,54.01
6.22138,8,0.5789,0.009,0.009,5.211,6.077,0.9873,0.00999,270.70,51.91,0.56071448,0.7121073896,2.17,2.9396e-08,1.382935e-08,2.902685e-08,1.329358e-08,116.79,111.07,11034.43,10494.61,57.23,54.02
6.22163,8,0.5789,0.009,0.009,5.211,6.077,0.9873,0.00999,270.70,51.91,0.56071348,0.7121061196,2.17,2.938641e-08,1.381717e-08,2.906568e-08,1.328679e-08,116.66,110.69,11022.88,10458.92,57.16,53.81
6.22187,8,0.5789,0.009,0.009,5.211,6.077,0.9873,0.00999,270.70,51.91,0.5607125199999999,0.7121049004,2.17,2.933733e-08,1.38035e-08,2.90724e-08,1.328345e-08,116.81,110.60,11037.08,10449.63,57.24,53.76
6.22213,8,0.5790,0.009,0.009,5.211,6.077,0.9873,0.00999,270.70,51.91,0.5607114799999999,0.7121035795999999,2.17,2.930264e-08,1.379716e-08,2.904695e-08,1.32929e-08,116.99,110.94,11054.09,10482.04,57.34,53.95
6.22238,8,0.5790,0.009,0.009,5.211,6.077,0.9873,0.00999,270.70,51.91,0.56071048,0.7121023096,2.17,2.92939e-08,1.377563e-08,2.908168e-08,1.329822e-08,116.71,110.78,11027.74,10466.70,57.19,53.86
6.22262,8,0.5790,0.009,0.009,5.211,6.077,0.9873,0.00999,270.70,51.91,0.56070952,0.7121010903999999,2.17,2.92326e-08,1.375899e-08,2.909653e-08,1.328819e-08,116.91,110.52,11046.21,10442.34,57.30,53.71
6.22288,8,0.5791,0.009,0.009,5.211,6.077,0.9873,0.00999,270.70,51.91,0.56070848,0.7120997696,2.17,2.921446e-08,1.374572e-08,2.909681e-08,1.329714e-08,116.85,110.67,11040.94,10456.92,57.26,53.80
6.22312,8,0.5791,0.009,0.009,5.211,6.077,0.9873,0.00999,270.70,51.91,0.56070752,0.7120985504,2.17,2.915486e-08,1.3727e-08,2.91054e-08,1.329645e-08,117.00,110.60,11055.12,10450.24,57.35,53.76
6.22337,8,0.5791,0.009,0.009,5.211,6.077,0.9873,0.00999,270.70,51.91,0.56070652,0.7120972804,2.17,2.911501e-08,1.370493e-08,2.9116e-08,1.328862e-08,116.95,110.41,11050.08,10431.92,57.32,53.65
6.22363,8,0.5792,0.009,0.009,5.211,6.077,0.9873,0.00999,270.70,51.91,0.56070548,0.7120959595999999,2.17,2.907549e-08,1.369052e-08,2.913639e-08,1.329217e-08,117.04,110.34,11058.38,10425.42,57.37,53.61
6.22387,8,0.5792,0.009,0.009,5.211,6.077,0.9873,0.00999,270.70,51.91,0.5607045199999999,0.7120947403999999,2.17,2.90407e-08,1.368111e-08,2.914806e-08,1.329889e-08,117.15,110.36,11069.04,10427.43,57.43,53.62
6.22412,8,0.5792,0.009,0.009,5.211,6.077,0.9873,0.00999,270.70,51.91,0.56070352,0.7120934704,2.17,2.898017e-08,1.366483e-08,2.915842e-08,1.330681e-08,117.35,110.41,11087.82,10432.03,57.54,53.65
6.22438,8,0.5793,0.009,0.009,5.211,6.077,0.9873,0.00999,270.70,51.91,0.56070248,0.7120921496,2.17,2.896598e-08,1.363444e-08,2.917116e-08,1.331094e-08,116.99,110.40,11053.37,10431.41,57.34,53.65
6.22462,8,0.5793,0.009,0.009,5.211,6.077,0.9873,0.00999,270.70,51.91,0.56070152,0.7120909303999999,2.17,2.891933e-08,1.362122e-08,2.921346e-08,1.3317e-08,117.13,110.20,11066.79,10412.36,57.42,53.53
6.22487,8,0.5793,0.009,0.009,5.211,6.077,0.9873,0.00999,270.70,51.91,0.5607005199999999,0.7120896603999999,2.17,2.886236e-08,1.360779e-08,2.922082e-08,1.331241e-08,117.35,110.08,11087.43,10400.96,57.54,53.47
6.22513,8,0.5794,0.009,0.009,5.211,6.077,0.9873,0.00999,270.70,51.91,0.5606994799999999,0.7120883396,2.17,2.883558e-08,1.358931e-08,2.924268e-08,1.331608e-08,117.27,110.00,11080.32,10393.74,57.50,53.42
6.22537,8,0.5794,0.009,0.009,5.211,6.077,0.9873,0.00999,270.70,51.91,0.56069852,0.7120871204,2.17,2.879245e-08,1.356881e-08,2.929351e-08,1.332407e-08,117.27,109.77,11080.05,10372.07,57.50,53.29
6.22562,8,0.5794,0.009,0.009,5.211,6.077,0.9873,0.00999,270.70,51.91,0.56069752,0.7120858503999999,2.17,2.874752e-08,1.355264e-08,2.929094e-08,1.333841e-08,117.35,110.01,11087.79,10394.24,57.54,53.43
6.22588,8,0.5795,0.009,0.009,5.211,6.077,0.9873,0.00999,270.70,51.91,0.5606964799999999,0.7120845295999999,2.17,2.871992e-08,1.353514e-08,2.929369e-08,1.333551e-08,117.30,109.97,11082.75,10390.10,57.51,53.40
6.22612,8,0.5795,0.009,0.009,5.211,6.077,0.9873,0.00999,270.70,51.91,0.56069552,0.7120833104000001,2.17,2.86865e-08,1.351397e-08,2.932584e-08,1.333721e-08,117.21,109.77,11074.35,10371.63,57.46,53.29
6.22637,8,0.5795,0.009,0.009,5.211,6.077,0.9873,0.00999,270.70,51.91,0.56069452,0.7120820404,2.17,2.864557e-08,1.349562e-08,2.935476e-08,1.335019e-08,117.22,109.77,11075.80,10371.38,57.47,53.29
6.22663,8,0.5796,0.009,0.009,5.210,6.077,0.9873,0.00999,270.70,51.91,0.56069348,0.7120807196,2.17,2.860463e-08,1.348127e-08,2.935755e-08,1.335674e-08,117.32,109.87,11085.38,10380.70,57.53,53.35
6.22687,8,0.5796,0.009,0.009,5.210,6.077,0.9873,0.00999,270.70,51.91,0.5606925199999999,0.7120795003999999,2.17,2.856759e-08,1.345482e-08,2.938546e-08,1.335446e-08,117.18,109.64,11071.39,10359.38,57.44,53.22
6.22713,8,0.5796,0.009,0.009,5.210,6.077,0.9873,0.00999,270.70,51.91,0.5606914799999999,0.7120781795999999,2.17,2.854637e-08,1.344668e-08,2.940185e-08,1.335523e-08,117.21,109.54,11074.27,10349.90,57.46,53.16
6.22738,8,0.5797,0.009,0.009,5.210,6.077,0.9873,0.00999,270.70,51.91,0.56069048,0.7120769096,2.17,2.849918e-08,1.342145e-08,2.943065e-08,1.336654e-08,117.18,109.53,11071.50,10349.17,57.44,53.16
6.22762,8,0.5797,0.009,0.009,5.210,6.077,0.9873,0.00999,270.70,51.91,0.5606895199999999,0.7120756904,2.17,2.844362e-08,1.340918e-08,2.942957e-08,1.335978e-08,117.41,109.44,11093.23,10340.28,57.57,53.10
6.22788,8,0.5797,0.009,0.009,5.210,6.077,0.9873,0.00999,270.70,51.91,0.5606884799999999,0.7120743695999999,2.17,2.841382e-08,1.338689e-08,2.944887e-08,1.336195e-08,117.27,109.34,11080.33,10330.95,57.50,53.05
6.22813,8,0.5798,0.009,0.009,5.210,6.077,0.9873,0.00999,270.70,51.91,0.5606874799999999,0.7120730995999999,2.17,2.836433e-08,1.336344e-08,2.943315e-08,1.335356e-08,117.29,109.34,11082.03,10330.95,57.51,53.05
6.22837,8,0.5798,0.009,0.009,5.210,6.077,0.9873,0.00999,270.70,51.91,0.56068652,0.7120718803999999,2.17,2.83267e-08,1.334543e-08,2.944467e-08,1.335596e-08,117.28,109.30,11081.59,10326.95,57.50,53.03
6.22863,8,0.5798,0.009,0.009,5.210,6.077,0.9873,0.00999,270.70,51.91,0.56068548,0.7120705596,2.17,2.825572e-08,1.331853e-08,2.943514e-08,1.334998e-08,117.39,109.27,11091.89,10324.60,57.56,53.01
6.22888,8,0.5799,0.009,0.009,5.210,6.077,0.9873,0.00999,270.70,51.91,0.5606844799999999,0.7120692895999999,2.17,2.820625e-08,1.328417e-08,2.942965e-08,1.334287e-08,117.23,109.22,11076.38,10319.84,57.47,52.98
6.22912,8,0.5799,0.009,0.009,5.210,6.077,0.9873,0.00999,270.70,51.91,0.56068352,0.7120680704,2.17,2.813375e-08,1.326134e-08,2.939878e-08,1.33217e-08,117.42,109.11,11094.28,10309.69,57.58,52.92
6.22938,8,0.5799,0.009,0.009,5.210,6.077,0.9873,0.00999,270.70,51.91,0.56068248,0.7120667495999999,2.17,2.807608e-08,1.32252e-08,2.93558e-08,1.330353e-08,117.27,109.13,11080.08,10311.54,57.49,52.93
6.22963,8,0.5800,0.009,0.009,5.210,6.077,0.9873,0.00999,270.70,51.91,0.56068148,0.7120654796,2.17,2.799199e-08,1.318944e-08,2.933089e-08,1.327452e-08,117.35,108.89,11088.11,10288.20,57.54,52.79
6.22987,8,0.5800,0.009,0.009,5.210,6.077,0.9873,0.00999,270.70,51.91,0.56068052,0.7120642604,2.17,2.792502e-08,1.316003e-08,2.926068e-08,1.324196e-08,117.39,108.88,11091.53,10287.08,57.56,52.79
6.23013,8,0.5800,0.009,0.009,5.210,6.077,0.9873,0.00999,270.70,51.91,0.56067948,0.7120629396,2.17,2.783742e-08,1.311707e-08,2.917941e-08,1.320966e-08,117.36,108.94,11088.85,10293.46,57.55,52.83
6.23038,8,0.5801,0.009,0.009,5.210,6.077,0.9873,0.00999,270.70,51.91,0.56067848,0.7120616696,2.17,2.775684e-08,1.307409e-08,2.910683e-08,1.317695e-08,117.30,108.96,11082.73,10295.44,57.51,52.84
6.23062,8,0.5801,0.009,0.009,5.210,6.077,0.9873,0.00999,270.70,51.91,0.5606775199999999,0.7120604503999999,2.17,2.765859e-08,1.302226e-08,2.900065e-08,1.313258e-08,117.20,109.02,11073.81,10300.75,57.46,52.87
6.23088,8,0.5801,0.009,0.009,5.210,6.077,0.9873,0.00999,270.70,51.91,0.5606764799999999,0.7120591296,2.17,2.758705e-08,1.299796e-08,2.892595e-08,1.308255e-08,117.36,108.77,11088.93,10277.48,57.55,52.73
6.23112,8,0.5802,0.009,0.009,5.210,6.077,0.9873,0.00999,270.70,51.91,0.56067552,0.7120579104,2.17,2.752652e-08,1.29838e-08,2.882236e-08,1.303082e-08,117.63,108.72,11114.09,10272.23,57.70,52.70
6.23137,8,0.5802,0.009,0.009,5.210,6.077,0.9873,0.00999,270.70,51.91,0.56067452,0.7120566403999999,2.17,2.75126e-08,1.296536e-08,2.872114e-08,1.299046e-08,117.42,108.80,11094.85,10280.04,57.58,52.75
6.23163,8,0.5803,0.009,0.009,5.209,6.077,0.9873,0.00999,270.70,51.91,0.56067348,0.7120553195999999,2.17,2.752446e-08,1.296438e-08,2.866847e-08,1.295753e-08,117.33,108.68,11086.14,10268.63,57.53,52.68
6.23187,8,0.5803,0.009,0.009,5.209,6.077,0.9873,0.00999,270.70,51.91,0.56067252,0.7120541004000001,2.17,2.757068e-08,1.297697e-08,2.865205e-08,1.29349e-08,117.18,108.45,11071.34,10246.64,57.44,52.55
6.23212,8,0.5803,0.009,0.009,5.209,6.077,0.9873,0.00999,270.70,51.91,0.56067152,0.7120528304,2.17,2.761037e-08,1.300231e-08,2.862595e-08,1.292613e-08,117.29,108.49,11082.06,10251.00,57.50,52.57
6.23238,8,0.5804,0.009,0.009,5.209,6.077,0.9873,0.00999,270.70,51.91,0.56067048,0.7120515096,2.17,2.767238e-08,1.304034e-08,2.864569e-08,1.293656e-08,117.46,108.54,11098.17,10254.96,57.60,52.60
6.23262,8,0.5804,0.009,0.009,5.209,6.077,0.9873,0.00999,270.70,51.91,0.5606695199999999,0.7120502903999999,2.17,2.775505e-08,1.307389e-08,2.869959e-08,1.296236e-08,117.37,108.56,11089.49,10257.06,57.55,52.61
6.23287,8,0.5804,0.009,0.009,5.209,6.077,0.9873,0.00999,270.70,51.91,0.56066852,0.7120490204000001,2.17,2.783758e-08,1.310467e-08,2.875976e-08,1.298921e-08,117.23,108.55,11076.56,10256.59,57.47,52.61
6.23313,8,0.5805,0.009,0.009,5.209,6.077,0.9873,0.00999,270.71,51.91,0.56066748,0.7120476996,2.17,2.79108e-08,1.313442e-08,2.884456e-08,1.301271e-08,117.17,108.35,11070.95,10237.13,57.44,52.49
6.23337,8,0.5805,0.009,0.009,5.209,6.077,0.9873,0.00999,270.71,51.91,0.56066652,0.7120464804,2.17,2.798575e-08,1.316833e-08,2.891956e-08,1.304933e-08,117.15,108.39,11068.79,10241.11,57.43,52.51
6.23362,8,0.5805,0.009,0.009,5.209,6.077,0.9873,0.00999,270.71,51.91,0.5606655199999999,0.7120452103999999,2.17,2.806319e-08,1.320841e-08,2.90075e-08,1.30833e-08,117.21,108.30,11074.56,10232.97,57.46,52.47
6.23388,8,0.5806,0.009,0.009,5.209,6.077,0.9873,0.00999,270.71,51.91,0.5606644799999999,0.7120438895999999,2.17,2.809651e-08,1.323408e-08,2.908562e-08,1.311947e-08,117.40,108.34,11092.28,10236.06,57.56,52.48
6.23412,8,0.5806,0.009,0.009,5.209,6.077,0.9873,0.01000,270.71,51.91,0.56066352,0.7120426704,2.17,2.814241e-08,1.325787e-08,2.914246e-08,1.313379e-08,117.43,108.17,11095.71,10220.02,57.58,52.39
6.23438,8,0.5806,0.009,0.009,5.209,6.077,0.9873,0.01000,270.71,51.91,0.56066248,0.7120413496,2.17,2.819455e-08,1.327297e-08,2.917225e-08,1.315836e-08,117.28,108.33,11080.78,10235.80,57.50,52.48
6.23463,8,0.5807,0.009,0.009,5.209,6.077,0.9873,0.01000,270.71,51.91,0.5606614799999999,0.7120400795999999,2.17,2.822202e-08,1.328462e-08,2.920364e-08,1.316764e-08,117.27,108.28,11080.66,10230.66,57.50,52.45
6.23487,8,0.5807,0.009,0.009,5.209,6.077,0.9873,0.01000,270.71,51.91,0.56066052,0.7120388604,2.17,2.825481e-08,1.328455e-08,2.925274e-08,1.31838e-08,117.02,108.19,11056.28,10222.22,57.35,52.40
6.23513,8,0.5807,0.009,0.009,5.209,6.077,0.9873,0.01000,270.71,51.91,0.56065948,0.7120375396,2.17,2.825873e-08,1.329618e-08,2.924404e-08,1.319075e-08,117.18,108.35,11071.67,10237.58,57.44,52.49
6.23538,8,0.5808,0.009,0.009,5.209,6.077,0.9873,0.01000,270.71,51.91,0.56065848,0.7120362696,2.17,2.829e-08,1.329444e-08,2.925996e-08,1.318278e-08,116.93,108.14,11047.75,10217.95,57.30,52.38
6.23562,8,0.5808,0.009,0.009,5.209,6.077,0.9873,0.01000,270.71,51.91,0.5606575199999999,0.7120350503999999,2.17,2.830605e-08,1.329942e-08,2.928796e-08,1.318243e-08,116.88,107.95,11043.73,10199.69,57.28,52.27
6.23588,8,0.5808,0.009,0.009,5.209,6.077,0.9873,0.01000,270.71,51.91,0.56065648,0.7120337296,2.17,2.832421e-08,1.331e-08,2.926135e-08,1.318778e-08,116.92,108.21,11046.94,10224.12,57.29,52.41
6.23613,8,0.5809,0.009,0.009,5.209,6.077,0.9873,0.01000,270.71,51.91,0.56065548,0.7120324596,2.17,2.831895e-08,1.33063e-08,2.926468e-08,1.318458e-08,116.92,108.16,11046.92,10219.24,57.29,52.38
6.23637,8,0.5809,0.009,0.009,5.209,6.077,0.9873,0.01000,270.71,51.91,0.5606545199999999,0.7120312403999999,2.17,2.832072e-08,1.330358e-08,2.92495e-08,1.31682e-08,116.86,108.01,11041.36,10205.79,57.26,52.30
6.23663,8,0.5809,0.009,0.009,5.209,6.077,0.9873,0.01000,270.71,51.91,0.5606534799999999,0.7120299196,2.17,2.831922e-08,1.330088e-08,2.922726e-08,1.316572e-08,116.83,108.13,11038.24,10216.42,57.24,52.37
6.23688,8,0.5810,0.009,0.009,5.208,6.077,0.9873,0.01000,270.71,51.91,0.56065248,0.7120286496,2.17,2.829866e-08,1.329257e-08,2.921499e-08,1.314614e-08,116.87,107.94,11042.25,10198.34,57.27,52.26
6.23712,8,0.5810,0.009,0.009,5.208,6.077,0.9873,0.01000,270.71,51.91,0.56065152,0.7120274303999999,2.17,2.831247e-08,1.328901e-08,2.920168e-08,1.312943e-08,116.70,107.78,11026.52,10183.22,57.17,52.17
6.23738,8,0.5810,0.009,0.009,5.208,6.077,0.9873,0.01000,270.71,51.91,0.56065048,0.7120261095999999,2.17,2.829595e-08,1.327847e-08,2.916536e-08,1.31239e-08,116.66,107.94,11022.17,10198.47,57.15,52.26
6.23763,8,0.5811,0.009,0.009,5.208,6.077,0.9873,0.01000,270.71,51.91,0.5606494799999999,0.7120248396,2.17,2.828628e-08,1.327562e-08,2.913682e-08,1.311355e-08,116.70,107.99,11026.70,10203.75,57.17,52.29
6.23787,8,0.5811,0.009,0.009,5.208,6.077,0.9873,0.01000,270.71,51.91,0.56064852,0.7120236204,2.17,2.825688e-08,1.32638e-08,2.910156e-08,1.310156e-08,116.74,108.05,11029.80,10209.25,57.19,52.32
6.23813,8,0.5811,0.009,0.009,5.208,6.077,0.9873,0.01000,270.71,51.91,0.56064748,0.7120222996,2.17,2.825122e-08,1.325579e-08,2.906593e-08,1.308087e-08,116.65,107.98,11021.42,10202.65,57.14,52.28
6.23837,8,0.5812,0.009,0.009,5.208,6.077,0.9873,0.01000,270.71,51.91,0.5606465199999999,0.7120210803999999,2.17,2.823234e-08,1.324364e-08,2.906328e-08,1.305912e-08,116.61,107.69,11018.15,10175.28,57.12,52.12
6.23862,8,0.5812,0.009,0.009,5.208,6.077,0.9873,0.01000,270.71,51.91,0.56064552,0.7120198104000001,2.17,2.823627e-08,1.323157e-08,2.903115e-08,1.304896e-08,116.38,107.76,10996.37,10181.34,56.99,52.16
6.23888,8,0.5812,0.009,0.009,5.208,6.077,0.9873,0.01000,270.71,51.91,0.56064448,0.7120184896,2.17,2.819588e-08,1.321465e-08,2.902076e-08,1.303407e-08,116.42,107.60,10999.52,10166.86,57.01,52.07
6.23912,8,0.5813,0.009,0.009,5.208,6.077,0.9873,0.01000,270.71,51.91,0.56064352,0.7120172704,2.17,2.817313e-08,1.320501e-08,2.899115e-08,1.301704e-08,116.45,107.57,11003.01,10163.32,57.03,52.05
6.23937,8,0.5813,0.009,0.009,5.208,6.077,0.9873,0.01000,270.71,51.91,0.5606425199999999,0.7120160003999999,2.17,2.815741e-08,1.32014e-08,2.897413e-08,1.300481e-08,116.51,107.50,11008.91,10156.82,57.07,52.01
6.23963,8,0.5813,0.009,0.009,5.208,6.077,0.9873,0.01000,270.71,51.91,0.5606414799999999,0.7120146795999999,2.17,2.814966e-08,1.318551e-08,2.892919e-08,1.299652e-08,116.31,107.68,10989.68,10173.69,56.95,52.11
6.23987,8,0.5814,0.009,0.009,5.208,6.077,0.9873,0.01000,270.71,51.91,0.56064052,0.7120134604,2.17,2.812792e-08,1.317409e-08,2.891008e-08,1.298318e-08,116.31,107.62,10989.63,10168.68,56.95,52.08
6.24012,8,0.5814,0.009,0.009,5.208,6.077,0.9873,0.01000,270.71,51.91,0.56063952,0.7120121904,2.17,2.813075e-08,1.3165e-08,2.887823e-08,1.296371e-08,116.14,107.54,10973.30,10161.33,56.86,52.04
6.24038,8,0.5814,0.009,0.009,5.208,6.077,0.9873,0.01000,270.71,51.91,0.5606384799999999,0.7120108695999999,2.17,2.810614e-08,1.314763e-08,2.886484e-08,1.296777e-08,116.04,107.70,10964.13,10175.67,56.80,52.12
6.24062,8,0.5815,0.009,0.009,5.208,6.077,0.9873,0.01000,270.71,51.91,0.56063752,0.7120096504,2.17,2.809434e-08,1.314644e-08,2.884871e-08,1.293956e-08,116.13,107.40,10972.80,10147.57,56.85,51.96
6.24087,8,0.5815,0.009,0.009,5.208,6.077,0.9873,0.01000,270.71,51.91,0.56063652,0.7120083803999999,2.17,2.810044e-08,1.313144e-08,2.882317e-08,1.292837e-08,115.84,107.40,10944.83,10147.95,56.69,51.96
6.24113,8,0.5815,0.009,0.009,5.208,6.077,0.9873,0.01000,270.71,51.91,0.56063548,0.7120070596,2.17,2.807898e-08,1.312456e-08,2.881227e-08,1.291732e-08,115.89,107.31,10949.76,10139.18,56.72,51.91
6.24137,8,0.5816,0.009,0.009,5.208,6.077,0.9873,0.01000,270.71,51.91,0.5606345199999999,0.7120058403999999,2.17,2.807595e-08,1.310377e-08,2.880128e-08,1.291227e-08,115.59,107.33,10921.33,10140.75,56.55,51.91
6.24162,8,0.5816,0.009,0.009,5.208,6.077,0.9873,0.01000,270.71,51.91,0.56063352,0.7120045704,2.17,2.806932e-08,1.310714e-08,2.88019e-08,1.290268e-08,115.69,107.18,10931.44,10126.71,56.61,51.83
6.24188,8,0.5816,0.009,0.009,5.208,6.077,0.9873,0.01000,270.71,51.91,0.56063248,0.7120032495999999,2.17,2.805133e-08,1.309436e-08,2.876324e-08,1.288373e-08,115.62,107.15,10924.58,10124.39,56.57,51.82
6.24212,8,0.5817,0.009,0.009,5.207,6.077,0.9873,0.01000,270.71,51.91,0.5606315199999999,0.7120020304,2.17,2.805709e-08,1.309754e-08,2.876958e-08,1.286974e-08,115.65,106.92,10927.23,10102.20,56.58,51.69
6.24238,8,0.5817,0.009,0.009,5.207,6.077,0.9873,0.01000,270.71,51.91,0.5606304799999999,0.7120007096,2.17,2.805186e-08,1.30774e-08,2.874722e-08,1.287082e-08,115.36,107.09,10899.56,10117.96,56.42,51.78
6.24263,8,0.5817,0.009,0.009,5.207,6.077,0.9873,0.01000,270.71,51.91,0.56062948,0.7119994396,2.17,2.802503e-08,1.307701e-08,2.872692e-08,1.286355e-08,115.56,107.11,10918.52,10120.55,56.53,51.79
6.24287,8,0.5818,0.009,0.009,5.207,6.077,0.9873,0.01000,270.71,51.91,0.56062852,0.7119982203999999,2.17,2.805566e-08,1.307099e-08,2.871229e-08,1.284381e-08,115.24,106.93,10888.67,10103.51,56.35,51.69
6.24313,8,0.5818,0.009,0.009,5.207,6.077,0.9873,0.01000,270.71,51.91,0.56062748,0.7119968995999999,2.17,2.803636e-08,1.306581e-08,2.869777e-08,1.283928e-08,115.31,106.96,10894.62,10106.30,56.39,51.71
6.24338,8,0.5818,0.009,0.009,5.207,6.077,0.9873,0.01000,270.71,51.91,0.5606264799999999,0.7119956296,2.17,2.804864e-08,1.3058e-08,2.870398e-08,1.283235e-08,115.08,106.82,10873.52,10092.49,56.26,51.63
6.24362,8,0.5819,0.009,0.009,5.207,6.077,0.9873,0.01000,270.71,51.91,0.56062552,0.7119944104,2.17,2.806195e-08,1.307498e-08,2.870311e-08,1.281919e-08,115.28,106.64,10892.19,10076.07,56.37,51.53
6.24388,8,0.5819,0.009,0.009,5.207,6.077,0.9873,0.01000,270.71,51.91,0.56062448,0.7119930896,2.17,2.807698e-08,1.306087e-08,2.868575e-08,1.281042e-08,114.93,106.63,10859.33,10074.62,56.18,51.52
6.24413,8,0.5819,0.009,0.009,5.207,6.077,0.9873,0.01000,270.71,51.91,0.56062348,0.7119918195999999,2.17,2.805837e-08,1.305575e-08,2.868605e-08,1.280043e-08,114.99,106.47,10864.83,10060.25,56.21,51.44
6.24437,8,0.5820,0.009,0.009,5.207,6.077,0.9873,0.01000,270.71,51.91,0.56062252,0.7119906004000001,2.17,2.807026e-08,1.30608e-08,2.863151e-08,1.278644e-08,115.00,106.65,10865.95,10076.70,56.22,51.53
6.24463,8,0.5820,0.009,0.009,5.207,6.077,0.9873,0.01000,270.71,51.91,0.56062148,0.7119892796,2.17,2.808246e-08,1.305797e-08,2.863737e-08,1.27787e-08,114.86,106.49,10852.72,10061.96,56.14,51.45
6.24488,8,0.5820,0.009,0.009,5.207,6.077,0.9873,0.01000,270.71,51.91,0.56062048,0.7119880096,2.17,2.808027e-08,1.305658e-08,2.861993e-08,1.275396e-08,114.86,106.24,10852.15,10037.86,56.13,51.30
6.24512,8,0.5821,0.009,0.009,5.207,6.077,0.9873,0.01000,270.71,51.91,0.5606195199999999,0.7119867903999999,2.17,2.81064e-08,1.305296e-08,2.859864e-08,1.275254e-08,114.62,106.38,10829.56,10051.06,56.00,51.38
6.24538,8,0.5821,0.009,0.009,5.207,6.077,0.9873,0.01000,270.71,51.91,0.5606184799999999,0.7119854695999999,2.17,2.810142e-08,1.305307e-08,2.857611e-08,1.272987e-08,114.66,106.19,10833.31,10033.10,56.02,51.27
6.24563,8,0.5821,0.009,0.009,5.207,6.077,0.9873,0.01000,270.71,51.91,0.56061748,0.7119841996,2.17,2.814329e-08,1.305768e-08,2.855979e-08,1.272035e-08,114.41,106.15,10810.37,10029.90,55.89,51.26
6.24587,8,0.5822,0.009,0.009,5.207,6.077,0.9873,0.01000,270.71,51.91,0.56061652,0.7119829804,2.17,2.81243e-08,1.305633e-08,2.854138e-08,1.270108e-08,114.56,106.01,10823.77,10015.88,55.97,51.17
6.24613,8,0.5822,0.009,0.009,5.207,6.077,0.9873,0.01000,270.71,51.91,0.5606154799999999,0.7119816595999999,2.17,2.815784e-08,1.305591e-08,2.853808e-08,1.269007e-08,114.29,105.86,10799.08,10002.33,55.82,51.09
6.24637,8,0.5822,0.009,0.009,5.207,6.077,0.9873,0.01000,270.71,51.91,0.56061452,0.7119804404,2.17,2.81625e-08,1.305666e-08,2.848418e-08,1.267554e-08,114.27,106.00,10796.90,10015.76,55.81,51.17
6.24662,8,0.5823,0.009,0.009,5.207,6.077,0.9873,0.01000,270.71,51.91,0.56061352,0.7119791704,2.17,2.818732e-08,1.305004e-08,2.846709e-08,1.265058e-08,114.00,105.76,10770.87,9992.78,55.65,51.03
6.24688,8,0.5823,0.009,0.009,5.207,6.077,0.9873,0.01000,270.71,51.91,0.56061248,0.7119778496,2.17,2.821939e-08,1.306185e-08,2.844602e-08,1.264428e-08,113.95,105.81,10766.20,9997.14,55.62,51.06
6.24712,8,0.5823,0.009,0.009,5.207,6.077,0.9873,0.01000,270.71,51.91,0.5606115199999999,0.7119766303999999,2.17,2.821748e-08,1.305839e-08,2.841785e-08,1.261859e-08,113.90,105.61,10762.25,9978.40,55.60,50.95
6.24737,8,0.5824,0.009,0.009,5.206,6.077,0.9873,0.01000,270.71,51.91,0.56061052,0.7119753604,2.17,2.8229e-08,1.306287e-08,2.836283e-08,1.259576e-08,113.91,105.65,10762.79,9982.39,55.60,50.97
6.24763,8,0.5824,0.009,0.009,5.206,6.077,0.9873,0.01000,270.71,51.91,0.56060948,0.7119740396,2.17,2.824892e-08,1.30565e-08,2.832738e-08,1.257256e-08,113.66,105.54,10738.93,9971.75,55.46,50.91
6.24787,8,0.5824,0.009,0.009,5.206,6.077,0.9873,0.01000,270.71,51.91,0.5606085199999999,0.7119728204,2.17,2.823561e-08,1.306461e-08,2.829834e-08,1.255401e-08,113.89,105.45,10760.77,9963.67,55.59,50.86
6.24812,8,0.5825,0.009,0.009,5.206,6.077,0.9873,0.01000,270.71,51.91,0.5606075199999999,0.7119715503999999,2.17,2.826502e-08,1.30617e-08,2.823937e-08,1.25173e-08,113.64,105.31,10737.35,9950.31,55.45,50.78
6.24838,8,0.5825,0.009,0.009,5.206,6.077,0.9873,0.01000,270.71,51.91,0.5606064799999999,0.7119702295999999,2.17,2.825966e-08,1.306545e-08,2.819107e-08,1.249389e-08,113.74,105.28,10746.87,9947.45,55.51,50.77
6.24862,8,0.5825,0.009,0.009,5.206,6.077,0.9873,0.01000,270.71,51.91,0.56060552,0.7119690103999999,2.17,2.829282e-08,1.306388e-08,2.815667e-08,1.247557e-08,113.47,105.23,10721.07,9943.05,55.36,50.74
6.24887,8,0.5826,0.009,0.009,5.206,6.077,0.9873,0.01000,270.71,51.91,0.5606045199999999,0.7119677403999999,2.17,2.829663e-08,1.306022e-08,2.810029e-08,1.244658e-08,113.40,105.19,10714.65,9939.01,55.32,50.71
6.24913,8,0.5826,0.009,0.009,5.206,6.077,0.9873,0.01000,270.71,51.91,0.5606034799999999,0.7119664196,2.17,2.829444e-08,1.306316e-08,2.806041e-08,1.241665e-08,113.46,105.01,10720.68,9921.41,55.35,50.61
6.24937,8,0.5826,0.009,0.009,5.206,6.077,0.9873,0.01000,270.71,51.91,0.56060252,0.7119652004,2.17,2.830097e-08,1.30589e-08,2.800422e-08,1.239091e-08,113.35,104.99,10709.59,9920.16,55.29,50.60
6.24962,8,0.5827,0.009,0.009,5.206,6.077,0.9873,0.01000,270.71,51.91,0.56060152,0.7119639304,2.17,2.832785e-08,1.306316e-08,2.794439e-08,1.236051e-08,113.24,104.95,10699.05,9916.21,55.22,50.58
6.24988,8,0.5827,0.009,0.009,5.206,6.077,0.9873,0.01000,270.71,51.91,0.56060048,0.7119626095999999,2.17,2.833376e-08,1.3057e-08,2.788432e-08,1.233361e-08,113.09,104.95,10685.55,9915.73,55.14,50.58
6.25012,8,0.5827,0.009,0.009,5.206,6.077,0.9873,0.01000,270.71,51.91,0.5605995199999999,0.7119613903999998,2.17,2.831582e-08,1.305738e-08,2.785037e-08,1.230499e-08,113.23,104.74,10698.69,9896.12,55.22,50.46
6.25038,8,0.5828,0.009,0.009,5.206,6.077,0.9873,0.01000,270.71,51.91,0.56059848,0.7119600696,2.17,2.830972e-08,1.304012e-08,2.778649e-08,1.227618e-08,113.02,104.75,10678.58,9896.97,55.10,50.46
6.25063,8,0.5828,0.009,0.009,5.206,6.077,0.9873,0.01000,270.71,51.91,0.56059748,0.7119587996,2.17,2.833042e-08,1.305029e-08,2.77093e-08,1.224859e-08,113.03,104.85,10679.54,9906.40,55.11,50.52
6.25087,8,0.5828,0.009,0.009,5.206,6.077,0.9873,0.01000,270.71,51.91,0.5605965199999999,0.7119575803999999,2.17,2.834522e-08,1.303474e-08,2.767226e-08,1.222406e-08,112.67,104.72,10645.67,9894.57,54.91,50.45
6.25113,8,0.5829,0.009,0.009,5.206,6.077,0.9873,0.01000,270.71,51.91,0.5605954799999999,0.7119562595999999,2.17,2.831746e-08,1.302473e-08,2.76082e-08,1.218488e-08,112.73,104.57,10651.67,9880.46,54.94,50.37
6.25138,8,0.5829,0.009,0.009,5.206,6.077,0.9873,0.01000,270.71,51.91,0.56059448,0.7119549896,2.17,2.833685e-08,1.303087e-08,2.756669e-08,1.216454e-08,112.69,104.54,10647.46,9877.53,54.92,50.35
6.25162,8,0.5829,0.009,0.009,5.206,6.077,0.9873,0.01000,270.71,51.91,0.56059352,0.7119537704,2.17,2.830865e-08,1.301937e-08,2.748465e-08,1.211858e-08,112.71,104.39,10649.69,9863.31,54.93,50.26
6.25188,8,0.5830,0.009,0.009,5.206,6.077,0.9873,0.01000,270.71,51.91,0.56059248,0.7119524495999999,2.17,2.829064e-08,1.300644e-08,2.743934e-08,1.210632e-08,112.66,104.53,10644.47,9876.27,54.90,50.34
6.25213,8,0.5830,0.009,0.009,5.206,6.077,0.9873,0.01000,270.71,51.91,0.5605914799999999,0.7119511795999999,2.17,2.829215e-08,1.299447e-08,2.738762e-08,1.207162e-08,112.45,104.34,10625.30,9858.90,54.79,50.24
6.25237,8,0.5830,0.009,0.009,5.206,6.077,0.9873,0.01000,270.71,51.91,0.56059052,0.7119499604,2.17,2.828696e-08,1.299383e-08,2.731941e-08,1.20308e-08,112.48,104.18,10627.94,9843.17,54.80,50.14
6.25263,8,0.5831,0.009,0.009,5.205,6.077,0.9873,0.01000,270.71,51.91,0.56058948,0.7119486396,2.17,2.829067e-08,1.298816e-08,2.725341e-08,1.200734e-08,112.38,104.28,10618.61,9853.07,54.75,50.20
6.25288,8,0.5831,0.009,0.009,5.205,6.077,0.9873,0.01000,270.71,51.91,0.56058848,0.7119473695999999,2.17,2.828218e-08,1.297417e-08,2.721226e-08,1.198265e-08,112.22,104.18,10603.37,9843.44,54.65,50.15
6.25312,8,0.5831,0.009,0.009,5.205,6.077,0.9873,0.01000,270.71,51.91,0.56058752,0.7119461504,2.17,2.824708e-08,1.296647e-08,2.715695e-08,1.19536e-08,112.36,104.11,10616.07,9836.54,54.73,50.11
6.25338,8,0.5832,0.009,0.009,5.205,6.077,0.9873,0.01000,270.71,51.91,0.56058648,0.7119448296,2.17,2.824873e-08,1.296309e-08,2.707408e-08,1.192855e-08,112.31,104.30,10611.63,9855.09,54.70,50.21
6.25363,8,0.5832,0.009,0.009,5.205,6.077,0.9873,0.01000,270.71,51.91,0.56058548,0.7119435596,2.17,2.823222e-08,1.295871e-08,2.705276e-08,1.189344e-08,112.36,103.90,10616.47,9817.14,54.73,49.99
6.25387,8,0.5832,0.009,0.009,5.205,6.077,0.9873,0.01000,270.71,51.91,0.5605845199999999,0.7119423403999999,2.17,2.821233e-08,1.295404e-08,2.700065e-08,1.187138e-08,112.43,103.91,10623.23,9818.40,54.77,50.00
6.25413,8,0.5833,0.009,0.009,5.205,6.077,0.9873,0.01000,270.71,51.91,0.5605834799999999,0.7119410195999999,2.17,2.821396e-08,1.293748e-08,2.694103e-08,1.184618e-08,112.17,103.95,10598.84,9821.58,54.63,50.02
6.25437,8,0.5833,0.009,0.009,5.205,6.077,0.9873,0.01000,270.71,51.91,0.56058252,0.7119398003999999,2.17,2.82198e-08,1.293235e-08,2.688951e-08,1.183017e-08,112.05,104.05,10587.03,9831.43,54.56,50.07
6.25462,8,0.5833,0.009,0.009,5.205,6.077,0.9873,0.01000,270.71,51.91,0.5605815199999999,0.7119385304,2.17,2.819432e-08,1.292444e-08,2.686716e-08,1.180643e-08,112.11,103.83,10592.73,9810.80,54.59,49.95
6.25488,8,0.5834,0.009,0.009,5.205,6.077,0.9873,0.01000,270.71,51.91,0.5605804799999999,0.7119372096,2.17,2.819884e-08,1.292502e-08,2.680279e-08,1.177833e-08,112.11,103.86,10592.29,9812.76,54.59,49.96
6.25512,8,0.5834,0.009,0.009,5.205,6.077,0.9873,0.01000,270.71,51.91,0.56057952,0.7119359904,2.17,2.816006e-08,1.290804e-08,2.675877e-08,1.175044e-08,112.12,103.72,10593.49,9800.04,54.60,49.89
6.25537,8,0.5834,0.009,0.009,5.205,6.077,0.9873,0.01000,270.71,51.91,0.56057852,0.7119347203999999,2.17,2.816446e-08,1.29032e-08,2.675725e-08,1.173467e-08,112.01,103.48,10583.11,9777.61,54.53,49.75
6.25563,8,0.5835,0.009,0.009,5.205,6.077,0.9873,0.01000,270.71,51.91,0.56057748,0.7119333995999999,2.17,2.817357e-08,1.28935e-08,2.669232e-08,1.171398e-08,111.81,103.62,10563.95,9790.87,54.42,49.83
6.25587,8,0.5835,0.009,0.009,5.205,6.077,0.9873,0.01000,270.71,51.91,0.5605765199999999,0.7119321804,2.17,2.81853e-08,1.288349e-08,2.665174e-08,1.169707e-08,111.56,103.64,10540.75,9792.22,54.28,49.84
6.25612,8,0.5835,0.009,0.009,5.205,6.077,0.9873,0.01000,270.71,51.91,0.56057552,0.7119309104,2.17,2.812986e-08,1.288858e-08,2.660703e-08,1.167228e-08,112.05,103.56,10586.79,9784.50,54.55,49.79
6.25638,8,0.5836,0.009,0.009,5.205,6.077,0.9873,0.01000,270.71,51.91,0.56057448,0.7119295896,2.17,2.816872e-08,1.287327e-08,2.657345e-08,1.165773e-08,111.54,103.58,10538.57,9786.44,54.27,49.81
6.25662,8,0.5836,0.009,0.009,5.205,6.077,0.9873,0.01000,270.71,51.91,0.5605735199999999,0.7119283703999999,2.17,2.814974e-08,1.286408e-08,2.653978e-08,1.163674e-08,111.53,103.48,10537.79,9777.13,54.26,49.75
6.25687,8,0.5836,0.009,0.009,5.205,6.077,0.9873,0.01000,270.71,51.91,0.5605725199999999,0.7119271003999998,2.17,2.815012e-08,1.286032e-08,2.650361e-08,1.161454e-08,111.47,103.38,10531.86,9767.64,54.23,49.69
6.25713,8,0.5837,0.009,0.009,5.205,6.077,0.9873,0.01000,270.71,51.91,0.56057148,0.7119257796,2.17,2.813918e-08,1.285533e-08,2.647424e-08,1.160099e-08,111.49,103.38,10533.68,9768.29,54.24,49.70
6.25737,8,0.5837,0.009,0.009,5.205,6.077,0.9873,0.01000,270.71,51.91,0.56057052,0.7119245604,2.17,2.813082e-08,1.284461e-08,2.644491e-08,1.158288e-08,111.38,103.30,10523.27,9760.41,54.18,49.65
6.25762,8,0.5837,0.009,0.009,5.205,6.077,0.9873,0.01000,270.71,51.91,0.5605695199999999,0.7119232903999999,2.17,2.813222e-08,1.28422e-08,2.640455e-08,1.156806e-08,111.33,103.35,10518.67,9764.70,54.15,49.68
6.25788,8,0.5838,0.009,0.009,5.204,6.077,0.9873,0.01000,270.71,51.91,0.5605684799999999,0.7119219695999999,2.17,2.812772e-08,1.28515e-08,2.636043e-08,1.154905e-08,111.53,103.37,10537.60,9766.85,54.26,49.69
6.25812,8,0.5838,0.009,0.009,5.204,6.077,0.9873,0.01000,270.71,51.91,0.56056752,0.7119207504,2.17,2.814621e-08,1.283774e-08,2.633835e-08,1.153412e-08,111.17,103.29,10504.15,9758.94,54.06,49.64
6.25838,8,0.5838,0.009,0.009,5.204,6.077,0.9873,0.01000,270.71,51.91,0.56056648,0.7119194296,2.17,2.814383e-08,1.283674e-08,2.631897e-08,1.152025e-08,111.17,103.20,10504.27,9750.83,54.06,49.59
6.25863,8,0.5839,0.009,0.009,5.204,6.077,0.9873,0.01000,270.71,51.91,0.56056548,0.7119181595999999,2.17,2.813312e-08,1.283069e-08,2.626343e-08,1.150856e-08,111.17,103.42,10504.32,9771.56,54.06,49.72
6.25887,8,0.5839,0.009,0.009,5.204,6.077,0.9873,0.01000,270.71,51.91,0.56056452,0.7119169404,2.17,2.817188e-08,1.282575e-08,2.623791e-08,1.147286e-08,110.82,103.03,10470.37,9734.53,53.86,49.50
6.25913,8,0.5839,0.009,0.009,5.204,6.077,0.9873,0.01000,270.71,51.91,0.56056348,0.7119156196,2.17,2.814572e-08,1.282272e-08,2.622516e-08,1.146819e-08,110.96,103.04,10483.70,9735.90,53.94,49.51
6.25938,8,0.5840,0.009,0.009,5.204,6.077,0.9873,0.01000,270.71,51.91,0.56056248,0.7119143496,2.17,2.816859e-08,1.281941e-08,2.617482e-08,1.144922e-08,110.76,103.11,10464.91,9742.17,53.83,49.54
6.25962,8,0.5840,0.009,0.009,5.204,6.077,0.9873,0.01000,270.71,51.91,0.5605615199999999,0.7119131303999999,2.17,2.81482e-08,1.283396e-08,2.612897e-08,1.142224e-08,111.14,103.00,10500.69,9731.68,54.04,49.48
6.25988,8,0.5841,0.009,0.009,5.204,6.077,0.9873,0.01000,270.71,51.91,0.5605604799999999,0.7119118095999999,2.17,2.81502e-08,1.281649e-08,2.610496e-08,1.140969e-08,110.86,102.98,10474.88,9730.23,53.89,49.47
6.26013,8,0.5841,0.009,0.009,5.204,6.077,0.9873,0.01000,270.71,51.91,0.56055948,0.7119105396000001,2.17,2.816374e-08,1.281864e-08,2.603534e-08,1.138474e-08,110.80,103.07,10468.86,9738.56,53.85,49.52
6.26037,8,0.5841,0.009,0.009,5.204,6.077,0.9873,0.01000,270.71,51.91,0.56055852,0.7119093204,2.17,2.817316e-08,1.280978e-08,2.600895e-08,1.136452e-08,110.59,102.93,10449.17,9725.36,53.74,49.44
6.26063,8,0.5842,0.009,0.009,5.204,6.077,0.9873,0.01000,270.71,51.91,0.5605574799999999,0.7119079996,2.17,2.816984e-08,1.281082e-08,2.596917e-08,1.135022e-08,110.65,103.00,10454.78,9731.72,53.77,49.48
6.26088,8,0.5842,0.009,0.009,5.204,6.077,0.9873,0.01000,270.71,51.91,0.5605564799999999,0.7119067295999999,2.17,2.818114e-08,1.280527e-08,2.592075e-08,1.132398e-08,110.48,102.92,10438.80,9723.97,53.67,49.43
6.26112,8,0.5842,0.009,0.009,5.204,6.077,0.9873,0.01000,270.71,51.91,0.56055552,0.7119055103999999,2.17,2.818942e-08,1.280218e-08,2.585964e-08,1.130023e-08,110.37,102.96,10428.57,9728.48,53.61,49.46
6.26138,8,0.5843,0.009,0.009,5.204,6.077,0.9873,0.01000,270.71,51.91,0.56055448,0.7119041896,2.17,2.819678e-08,1.280361e-08,2.580757e-08,1.127371e-08,110.36,102.92,10427.50,9724.37,53.61,49.44
6.26163,8,0.5843,0.009,0.009,5.204,6.077,0.9873,0.01000,270.71,51.91,0.5605534799999999,0.7119029196,2.17,2.818066e-08,1.279784e-08,2.575813e-08,1.125038e-08,110.39,102.89,10429.81,9721.71,53.62,49.42
6.26187,8,0.5843,0.009,0.009,5.204,6.077,0.9873,0.01000,270.71,51.91,0.56055252,0.7119017004,2.17,2.818513e-08,1.279208e-08,2.569448e-08,1.122862e-08,110.26,102.99,10418.19,9731.01,53.55,49.48
6.26213,8,0.5844,0.009,0.009,5.204,6.077,0.9873,0.01000,270.71,51.91,0.56055148,0.7119003796,2.17,2.821548e-08,1.279743e-08,2.564397e-08,1.119694e-08,110.15,102.85,10407.43,9717.86,53.49,49.40
6.26237,8,0.5844,0.009,0.009,5.204,6.077,0.9873,0.01000,270.71,51.91,0.5605505199999999,0.7118991603999999,2.17,2.820802e-08,1.279252e-08,2.557378e-08,1.115959e-08,110.12,102.74,10405.15,9707.51,53.47,49.34
6.26262,8,0.5844,0.009,0.009,5.204,6.077,0.9873,0.01000,270.71,51.91,0.5605495199999999,0.7118978903999998,2.17,2.818405e-08,1.279329e-08,2.550068e-08,1.113903e-08,110.31,102.93,10422.51,9725.08,53.58,49.44
6.26288,8,0.5845,0.009,0.009,5.203,6.077,0.9873,0.01000,270.71,51.91,0.5605484799999999,0.7118965695999999,2.17,2.819961e-08,1.278586e-08,2.54386e-08,1.109842e-08,110.10,102.72,10402.70,9705.79,53.46,49.33
6.26312,8,0.5845,0.009,0.009,5.203,6.077,0.9873,0.01000,270.71,51.91,0.56054752,0.7118953504,2.17,2.82008e-08,1.278011e-08,2.538872e-08,1.106076e-08,110.00,102.46,10393.34,9681.11,53.40,49.18
6.26337,8,0.5845,0.009,0.009,5.203,6.077,0.9873,0.01000,270.71,51.91,0.5605465199999999,0.7118940803999999,2.17,2.817957e-08,1.277226e-08,2.53047e-08,1.103738e-08,110.03,102.68,10395.98,9701.70,53.42,49.30
6.26363,8,0.5846,0.009,0.009,5.203,6.077,0.9873,0.01000,270.71,51.91,0.5605454799999999,0.7118927595999999,2.17,2.818727e-08,1.27673e-08,2.525539e-08,1.100651e-08,109.91,102.54,10385.18,9688.75,53.36,49.22
6.26387,8,0.5846,0.009,0.009,5.203,6.077,0.9873,0.01000,270.71,51.91,0.56054452,0.7118915404,2.17,2.818138e-08,1.276851e-08,2.518602e-08,1.096983e-08,109.97,102.44,10390.95,9678.66,53.39,49.16
6.26412,8,0.5846,0.009,0.009,5.203,6.077,0.9873,0.01000,270.71,51.91,0.56054352,0.7118902704,2.17,2.816621e-08,1.275185e-08,2.509901e-08,1.093443e-08,109.82,102.48,10376.39,9682.58,53.30,49.19
6.26438,8,0.5847,0.009,0.009,5.203,6.077,0.9873,0.01000,270.71,51.91,0.56054248,0.7118889495999999,2.17,2.815562e-08,1.275147e-08,2.502017e-08,1.089758e-08,109.91,102.45,10384.74,9680.30,53.35,49.17
6.26462,8,0.5847,0.009,0.009,5.203,6.077,0.9873,0.01000,270.71,51.91,0.5605415199999999,0.7118877303999999,2.17,2.812763e-08,1.273626e-08,2.493457e-08,1.086286e-08,109.87,102.50,10380.96,9684.34,53.33,49.20
6.26487,8,0.5847,0.009,0.009,5.203,6.077,0.9873,0.01000,270.71,51.91,0.56054052,0.7118864604,2.17,2.811429e-08,1.272266e-08,2.488298e-08,1.083173e-08,109.75,102.35,10369.70,9670.65,53.26,49.12
6.26513,8,0.5848,0.009,0.009,5.203,6.077,0.9873,0.01000,270.71,51.91,0.56053948,0.7118851396,2.17,2.810782e-08,1.271988e-08,2.481126e-08,1.07957e-08,109.77,102.29,10371.69,9664.68,53.27,49.08
6.26537,8,0.5848,0.009,0.009,5.203,6.077,0.9873,0.01000,270.71,51.91,0.5605385199999999,0.7118839203999999,2.17,2.809398e-08,1.269351e-08,2.470295e-08,1.075537e-08,109.45,102.40,10341.77,9675.51,53.10,49.14
6.26562,8,0.5848,0.009,0.009,5.203,6.077,0.9873,0.01000,270.71,51.91,0.56053752,0.7118826504,2.17,2.805717e-08,1.268261e-08,2.463247e-08,1.072532e-08,109.54,102.41,10350.30,9676.52,53.15,49.15
6.26588,8,0.5849,0.009,0.009,5.203,6.077,0.9873,0.01000,270.71,51.91,0.56053648,0.7118813296000001,2.17,2.802292e-08,1.267333e-08,2.453581e-08,1.067662e-08,109.66,102.32,10361.33,9667.57,53.21,49.10
6.26612,8,0.5849,0.009,0.009,5.203,6.077,0.9873,0.01000,270.71,51.91,0.56053552,0.7118801104,2.17,2.799797e-08,1.266527e-08,2.446984e-08,1.064337e-08,109.71,102.24,10366.14,9660.27,53.24,49.05
6.26638,8,0.5849,0.009,0.009,5.203,6.077,0.9873,0.01000,270.71,51.91,0.56053448,0.7118787896,2.17,2.797307e-08,1.264438e-08,2.439983e-08,1.06114e-08,109.56,102.22,10351.75,9657.82,53.16,49.04
6.26663,8,0.5850,0.009,0.009,5.203,6.077,0.9873,0.01000,270.71,51.91,0.5605334799999999,0.7118775195999999,2.17,2.7947e-08,1.261544e-08,2.433012e-08,1.057796e-08,109.31,102.18,10327.89,9654.43,53.01,49.02
6.26687,8,0.5850,0.009,0.009,5.203,6.077,0.9873,0.01000,270.71,51.91,0.56053252,0.7118763003999999,2.17,2.791654e-08,1.260823e-08,2.425704e-08,1.054297e-08,109.41,102.12,10337.67,9649.22,53.07,48.99
6.26713,8,0.5850,0.009,0.009,5.203,6.077,0.9873,0.01000,270.71,51.91,0.56053148,0.7118749796,2.17,2.788832e-08,1.259273e-08,2.418528e-08,1.050778e-08,109.37,102.06,10333.55,9642.73,53.05,48.95
6.26738,8,0.5851,0.009,0.009,5.203,6.077,0.9873,0.01000,270.71,51.91,0.5605304799999999,0.7118737096,2.17,2.785112e-08,1.255888e-08,2.408592e-08,1.04754e-08,109.12,102.26,10309.79,9661.97,52.91,49.06
6.26762,8,0.5851,0.009,0.009,5.203,6.077,0.9873,0.01000,270.71,51.91,0.56052952,0.7118724904,2.17,2.781451e-08,1.255018e-08,2.404192e-08,1.04388e-08,109.24,101.96,10321.48,9633.45,52.98,48.89
6.26788,8,0.5851,0.009,0.009,5.203,6.077,0.9873,0.01000,270.71,51.91,0.56052848,0.7118711696,2.17,2.778545e-08,1.252974e-08,2.395253e-08,1.040265e-08,109.12,102.00,10310.50,9637.81,52.91,48.92
6.26813,8,0.5852,0.009,0.009,5.202,6.077,0.9873,0.01000,270.71,51.91,0.56052748,0.7118698996,2.17,2.774199e-08,1.250829e-08,2.391595e-08,1.038024e-08,109.11,101.91,10309.48,9628.76,52.90,48.87
6.26837,8,0.5852,0.009,0.009,5.202,6.077,0.9873,0.01000,270.71,51.91,0.5605265199999999,0.7118686804,2.17,2.769262e-08,1.249516e-08,2.382455e-08,1.034666e-08,109.26,102.01,10323.21,9638.79,52.99,48.93
6.26863,8,0.5852,0.009,0.009,5.202,6.077,0.9873,0.01000,270.71,51.91,0.5605254799999999,0.7118673595999999,2.17,2.765292e-08,1.24677e-08,2.377257e-08,1.031563e-08,109.11,101.87,10308.83,9624.84,52.90,48.84
6.26888,8,0.5853,0.009,0.009,5.202,6.077,0.9873,0.01000,270.71,51.91,0.56052448,0.7118660896,2.17,2.76179e-08,1.243838e-08,2.374037e-08,1.029033e-08,108.91,101.69,10290.21,9607.80,52.79,48.74
6.26912,8,0.5853,0.009,0.009,5.202,6.077,0.9873,0.01000,270.71,51.91,0.5605235199999999,0.7118648703999999,2.17,2.7564e-08,1.24159e-08,2.367669e-08,1.026211e-08,108.94,101.68,10292.92,9606.78,52.81,48.74
6.26938,8,0.5853,0.009,0.009,5.202,6.077,0.9873,0.01000,270.71,51.91,0.5605224799999999,0.7118635496,2.17,2.753753e-08,1.240194e-08,2.361254e-08,1.023119e-08,108.90,101.62,10289.84,9601.62,52.79,48.70
6.26962,8,0.5854,0.009,0.009,5.202,6.077,0.9873,0.01000,270.71,51.91,0.56052152,0.7118623304,2.17,2.748529e-08,1.23743e-08,2.357588e-08,1.021531e-08,108.86,101.64,10285.38,9603.27,52.76,48.71
6.26987,8,0.5854,0.009,0.009,5.202,6.077,0.9873,0.01000,270.71,51.91,0.56052052,0.7118610604,2.17,2.747056e-08,1.235508e-08,2.353723e-08,1.019384e-08,108.66,101.56,10266.35,9595.42,52.65,48.67
6.27013,8,0.5854,0.009,0.009,5.202,6.077,0.9873,0.01000,270.71,51.91,0.56051948,0.7118597395999999,2.17,2.740273e-08,1.233498e-08,2.347233e-08,1.017562e-08,108.82,101.73,10282.12,9611.90,52.74,48.77
6.27037,8,0.5855,0.009,0.009,5.202,6.077,0.9873,0.01000,270.71,51.91,0.5605185199999999,0.7118585203999999,2.17,2.736305e-08,1.231932e-08,2.343101e-08,1.015825e-08,108.88,101.76,10287.22,9614.45,52.77,48.78
6.27062,8,0.5855,0.009,0.009,5.202,6.077,0.9873,0.01000,270.71,51.91,0.56051752,0.7118572504,2.17,2.732302e-08,1.22915e-08,2.339447e-08,1.013738e-08,108.72,101.67,10272.32,9606.04,52.68,48.73
6.27088,8,0.5855,0.009,0.009,5.202,6.077,0.9873,0.01000,270.71,51.91,0.56051648,0.7118559296,2.17,2.727209e-08,1.226926e-08,2.337479e-08,1.01182e-08,108.73,101.48,10273.35,9588.22,52.69,48.62
6.27112,8,0.5856,0.009,0.009,5.202,6.077,0.9873,0.01001,270.71,51.91,0.5605155199999999,0.7118547103999999,2.17,2.721652e-08,1.224762e-08,2.332198e-08,1.009415e-08,108.80,101.48,10280.23,9587.87,52.73,48.62
6.27137,8,0.5856,0.009,0.009,5.202,6.077,0.9873,0.01001,270.72,51.91,0.5605145199999999,0.7118534403999999,2.17,2.720749e-08,1.223097e-08,2.331089e-08,1.008258e-08,108.60,101.36,10261.03,9576.53,52.62,48.55
6.27163,8,0.5856,0.009,0.009,5.202,6.077,0.9873,0.01001,270.72,51.91,0.56051348,0.7118521196,2.17,2.715339e-08,1.221088e-08,2.32841e-08,1.006798e-08,108.67,101.30,10267.49,9571.48,52.65,48.52
6.27187,8,0.5857,0.009,0.009,5.202,6.077,0.9873,0.01001,270.72,51.91,0.56051252,0.7118509004,2.17,2.710675e-08,1.218805e-08,2.326256e-08,1.005732e-08,108.66,101.30,10266.40,9570.86,52.65,48.52
6.27212,8,0.5857,0.009,0.009,5.202,6.077,0.9873,0.01001,270.72,51.91,0.5605115199999999,0.7118496303999999,2.17,2.70922e-08,1.21589e-08,2.323064e-08,1.005169e-08,108.29,101.44,10231.84,9584.59,52.44,48.60
6.27238,8,0.5857,0.009,0.009,5.202,6.077,0.9873,0.01001,270.72,51.91,0.5605104799999999,0.7118483095999999,2.17,2.707132e-08,1.214779e-08,2.321563e-08,1.002911e-08,108.26,101.15,10229.18,9557.57,52.43,48.44
6.27262,8,0.5858,0.009,0.009,5.202,6.077,0.9873,0.01001,270.72,51.91,0.56050952,0.7118470903999999,2.17,2.702934e-08,1.21351e-08,2.319618e-08,1.001856e-08,108.38,101.13,10240.34,9555.59,52.49,48.43
6.27287,8,0.5858,0.009,0.009,5.202,6.077,0.9873,0.01001,270.72,51.91,0.56050852,0.7118458204,2.17,2.698243e-08,1.21126e-08,2.316916e-08,1.0004e-08,108.36,101.08,10238.13,9550.73,52.48,48.40
6.27313,8,0.5858,0.009,0.009,5.202,6.077,0.9873,0.01001,270.72,51.91,0.56050748,0.7118444996,2.17,2.695553e-08,1.2093e-08,2.316725e-08,9.995605e-09,108.23,100.95,10226.58,9538.02,52.41,48.33
6.27337,8,0.5859,0.009,0.009,5.201,6.077,0.9873,0.01001,270.72,51.91,0.56050652,0.7118432804,2.17,2.692318e-08,1.208331e-08,2.315304e-08,9.98802e-09,108.33,100.94,10235.74,9537.21,52.46,48.32
6.27363,8,0.5859,0.009,0.009,5.201,6.077,0.9873,0.01001,270.72,51.91,0.56050548,0.7118419596,2.17,2.689397e-08,1.206316e-08,2.313018e-08,9.973909e-09,108.22,100.86,10224.91,9530.07,52.40,48.28
6.27388,8,0.5859,0.009,0.009,5.201,6.077,0.9873,0.01001,270.72,51.91,0.56050448,0.7118406896,2.17,2.686684e-08,1.204674e-08,2.31222e-08,9.972627e-09,108.15,100.90,10218.37,9533.70,52.36,48.30
6.27412,8,0.5860,0.009,0.009,5.201,6.077,0.9873,0.01001,270.72,51.91,0.5605035199999999,0.7118394704,2.17,2.681109e-08,1.202594e-08,2.308702e-08,9.964916e-09,108.24,101.05,10226.59,9547.89,52.41,48.38
6.27438,8,0.5860,0.009,0.009,5.201,6.077,0.9873,0.01001,270.72,51.91,0.5605024799999999,0.7118381495999999,2.17,2.680071e-08,1.202217e-08,2.308114e-08,9.947983e-09,108.25,100.80,10227.95,9523.65,52.42,48.24
6.27463,8,0.5860,0.009,0.009,5.201,6.077,0.9873,0.01001,270.72,51.91,0.56050148,0.7118368796,2.17,2.677672e-08,1.200189e-08,2.305915e-08,9.941297e-09,108.09,100.85,10213.27,9528.35,52.33,48.27
6.27487,8,0.5861,0.009,0.009,5.201,6.077,0.9873,0.01001,270.72,51.91,0.56050052,0.7118356603999999,2.17,2.674035e-08,1.198726e-08,2.304671e-08,9.923022e-09,108.14,100.63,10217.59,9508.23,52.36,48.15
6.27513,8,0.5861,0.009,0.009,5.201,6.077,0.9873,0.01001,270.72,51.91,0.5604994799999999,0.7118343396,2.17,2.672667e-08,1.197199e-08,2.302694e-08,9.913536e-09,107.99,100.61,10203.48,9506.59,52.27,48.14
6.27538,8,0.5861,0.009,0.009,5.201,6.077,0.9873,0.01001,270.72,51.91,0.5604984799999999,0.7118330695999999,2.17,2.669738e-08,1.195796e-08,2.302343e-08,9.913304e-09,107.98,100.64,10202.07,9508.74,52.26,48.15
6.27562,8,0.5862,0.009,0.009,5.201,6.077,0.9873,0.01001,270.72,51.91,0.56049752,0.7118318504,2.17,2.668799e-08,1.195439e-08,2.298989e-08,9.896329e-09,108.00,100.61,10204.79,9506.09,52.28,48.14
6.27588,8,0.5862,0.009,0.009,5.201,6.077,0.9873,0.01001,270.72,51.91,0.56049648,0.7118305295999999,2.17,2.666028e-08,1.193937e-08,2.297199e-08,9.886786e-09,107.96,100.58,10200.76,9502.99,52.26,48.12
6.27613,8,0.5862,0.009,0.009,5.201,6.077,0.9873,0.01001,270.72,51.91,0.5604954799999999,0.7118292595999999,2.17,2.663367e-08,1.193115e-08,2.294912e-08,9.86757e-09,108.02,100.41,10206.48,9487.17,52.29,48.02
6.27637,8,0.5863,0.009,0.009,5.201,6.077,0.9873,0.01001,270.72,51.91,0.56049452,0.7118280404,2.17,2.661733e-08,1.1919e-08,2.292454e-08,9.862724e-09,107.96,100.53,10200.74,9498.46,52.26,48.09
6.27663,8,0.5863,0.009,0.009,5.201,6.077,0.9873,0.01001,270.72,51.91,0.56049348,0.7118267196,2.17,2.65943e-08,1.190928e-08,2.287832e-08,9.845889e-09,107.97,100.58,10201.66,9503.62,52.26,48.12
6.27688,8,0.5863,0.009,0.009,5.201,6.077,0.9873,0.01001,270.72,51.91,0.56049248,0.7118254495999999,2.17,2.656922e-08,1.189581e-08,2.284117e-08,9.829803e-09,107.93,100.58,10198.18,9503.46,52.24,48.12
6.27712,8,0.5864,0.009,0.009,5.201,6.077,0.9873,0.01001,270.72,51.91,0.5604915199999999,0.7118242303999999,2.17,2.654676e-08,1.18875e-08,2.282481e-08,9.807176e-09,107.98,100.32,10202.63,9478.63,52.27,47.97
6.27738,8,0.5864,0.009,0.009,5.201,6.077,0.9873,0.01001,270.72,51.91,0.5604904799999999,0.7118229095999998,2.17,2.653117e-08,1.188431e-08,2.278636e-08,9.80016e-09,108.04,100.49,10208.53,9494.78,52.30,48.07
6.27762,8,0.5864,0.009,0.009,5.201,6.077,0.9873,0.01001,270.72,51.91,0.56048952,0.7118216904,2.17,2.652054e-08,1.187304e-08,2.274677e-08,9.781107e-09,107.94,100.45,10198.40,9491.33,52.24,48.05
6.27787,8,0.5865,0.009,0.009,5.201,6.077,0.9873,0.01001,270.72,51.91,0.5604885199999999,0.7118204203999999,2.17,2.646203e-08,1.185683e-08,2.270882e-08,9.756262e-09,108.12,100.32,10215.72,9478.42,52.34,47.97
6.27813,8,0.5865,0.009,0.009,5.201,6.077,0.9873,0.01001,270.72,51.91,0.5604874799999999,0.7118190995999999,2.17,2.645896e-08,1.185174e-08,2.264563e-08,9.738826e-09,108.06,100.49,10209.92,9495.02,52.31,48.07
6.27837,8,0.5865,0.009,0.009,5.201,6.077,0.9873,0.01001,270.72,51.91,0.56048652,0.7118178804,2.17,2.64542e-08,1.18452e-08,2.262127e-08,9.713466e-09,107.99,100.22,10203.04,9469.56,52.27,47.92
6.27862,8,0.5866,0.009,0.009,5.200,6.077,0.9873,0.01001,270.72,51.91,0.56048552,0.7118166104,2.17,2.644607e-08,1.183988e-08,2.254758e-08,9.690965e-09,107.98,100.41,10202.16,9486.86,52.26,48.02
6.27888,8,0.5866,0.009,0.009,5.200,6.077,0.9873,0.01001,270.72,51.91,0.56048448,0.7118152896,2.17,2.642176e-08,1.183079e-08,2.2499e-08,9.662522e-09,108.01,100.27,10204.96,9473.85,52.28,47.94
6.27912,8,0.5866,0.009,0.009,5.200,6.077,0.9873,0.01001,270.72,51.91,0.56048352,0.7118140704,2.17,2.641598e-08,1.181382e-08,2.244242e-08,9.639532e-09,107.77,100.29,10182.52,9476.11,52.15,47.96
6.27937,8,0.5867,0.009,0.009,5.200,6.077,0.9873,0.01001,270.72,51.91,0.56048252,0.7118128004,2.17,2.63868e-08,1.181277e-08,2.239212e-08,9.61685e-09,107.99,100.29,10203.00,9475.86,52.27,47.95
6.27963,8,0.5867,0.009,0.009,5.200,6.077,0.9873,0.01001,270.72,51.91,0.56048148,0.7118114796,2.17,2.635745e-08,1.180761e-08,2.232077e-08,9.58488e-09,108.12,100.27,10215.50,9473.56,52.34,47.94
6.27987,8,0.5867,0.009,0.009,5.200,6.077,0.9873,0.01001,270.72,51.91,0.5604805199999999,0.7118102604,2.17,2.634858e-08,1.179576e-08,2.22673e-08,9.565888e-09,107.99,100.34,10203.16,9480.46,52.27,47.98
6.28012,8,0.5868,0.009,0.009,5.200,6.077,0.9873,0.01001,270.72,51.91,0.56047952,0.7118089904,2.17,2.631652e-08,1.178122e-08,2.220911e-08,9.53865e-09,108.00,100.31,10204.61,9478.17,52.28,47.97
6.28038,8,0.5868,0.009,0.009,5.200,6.077,0.9873,0.01001,270.72,51.91,0.56047848,0.7118076696,2.17,2.627704e-08,1.17775e-08,2.214069e-08,9.51027e-09,108.23,100.33,10226.54,9479.93,52.41,47.98
6.28062,8,0.5868,0.009,0.009,5.200,6.077,0.9873,0.01001,270.72,51.91,0.56047752,0.7118064503999999,2.17,2.627847e-08,1.17706e-08,2.208615e-08,9.471306e-09,108.11,100.04,10214.68,9452.74,52.34,47.82
6.28087,8,0.5869,0.009,0.009,5.200,6.077,0.9873,0.01001,270.72,51.91,0.5604765199999999,0.7118051804,2.17,2.625805e-08,1.175623e-08,2.200467e-08,9.452199e-09,108.04,100.36,10208.21,9482.17,52.30,47.99
6.28113,8,0.5869,0.009,0.009,5.200,6.077,0.9873,0.01001,270.72,51.91,0.5604754799999999,0.7118038595999999,2.17,2.623851e-08,1.175585e-08,2.194267e-08,9.41738e-09,108.18,100.20,10221.38,9467.74,52.38,47.91
6.28137,8,0.5869,0.009,0.009,5.200,6.077,0.9873,0.01001,270.72,51.91,0.56047452,0.7118026404,2.17,2.621211e-08,1.174767e-08,2.188027e-08,9.388489e-09,108.24,100.16,10227.14,9464.01,52.41,47.88
6.28163,8,0.5870,0.009,0.009,5.200,6.077,0.9873,0.01001,270.72,51.91,0.56047348,0.7118013195999999,2.17,2.619834e-08,1.174033e-08,2.181265e-08,9.361391e-09,108.24,100.22,10227.03,9469.02,52.41,47.91
6.28188,8,0.5870,0.009,0.009,5.200,6.077,0.9873,0.01001,270.72,51.91,0.5604724799999999,0.7118000496,2.17,2.616234e-08,1.173333e-08,2.176186e-08,9.331194e-09,108.39,100.06,10241.48,9454.11,52.50,47.82
6.28212,8,0.5870,0.009,0.009,5.200,6.077,0.9873,0.01001,270.72,51.91,0.56047152,0.7117988304,2.17,2.617235e-08,1.172423e-08,2.167526e-08,9.301557e-09,108.17,100.20,10220.00,9467.47,52.37,47.90
6.28238,8,0.5871,0.009,0.009,5.200,6.077,0.9873,0.01001,270.72,51.91,0.56047048,0.7117975096,2.17,2.616179e-08,1.171508e-08,2.160405e-08,9.274945e-09,108.11,100.29,10214.76,9476.15,52.34,47.96
6.28263,8,0.5871,0.009,0.009,5.200,6.077,0.9873,0.01001,270.72,51.91,0.56046948,0.7117962395999999,2.17,2.613251e-08,1.170772e-08,2.155866e-08,9.251923e-09,108.21,100.23,10223.86,9469.80,52.39,47.92
6.28287,8,0.5871,0.009,0.009,5.200,6.077,0.9873,0.01001,270.72,51.91,0.5604685199999999,0.7117950203999999,2.17,2.613915e-08,1.170035e-08,2.148331e-08,9.224525e-09,108.03,100.32,10207.51,9478.69,52.29,47.97
6.28313,8,0.5872,0.009,0.009,5.200,6.077,0.9873,0.01001,270.72,51.91,0.56046748,0.7117936996,2.17,2.610242e-08,1.170559e-08,2.141724e-08,9.192539e-09,108.42,100.27,10243.59,9473.78,52.51,47.94
6.28338,8,0.5872,0.009,0.009,5.200,6.077,0.9873,0.01001,270.72,51.91,0.56046648,0.7117924296,2.17,2.609105e-08,1.169388e-08,2.135785e-08,9.177776e-09,108.30,100.47,10233.10,9493.22,52.44,48.06
6.28362,8,0.5872,0.009,0.009,5.200,6.077,0.9873,0.01001,270.72,51.91,0.5604655199999999,0.7117912103999999,2.17,2.60784e-08,1.169376e-08,2.129986e-08,9.14956e-09,108.40,100.41,10241.91,9487.22,52.50,48.02
6.28388,8,0.5873,0.009,0.009,5.199,6.077,0.9873,0.01001,270.72,51.91,0.5604644799999999,0.7117898895999999,2.17,2.60589e-08,1.168428e-08,2.124282e-08,9.126649e-09,108.40,100.46,10242.49,9491.74,52.50,48.05
6.28413,8,0.5873,0.009,0.009,5.199,6.077,0.9873,0.01001,270.72,51.91,0.5604634799999999,0.7117886195999998,2.17,2.605524e-08,1.168161e-08,2.121057e-08,9.091729e-09,108.39,100.05,10240.85,9453.34,52.49,47.82
6.28437,8,0.5873,0.009,0.009,5.199,6.077,0.9873,0.01001,270.72,51.91,0.56046252,0.7117874004,2.17,2.608046e-08,1.168001e-08,2.115114e-08,9.081196e-09,108.17,100.34,10220.38,9480.64,52.37,47.98
6.28463,8,0.5874,0.009,0.009,5.199,6.077,0.9873,0.01001,270.72,51.91,0.56046148,0.7117860796,2.17,2.604362e-08,1.167982e-08,2.109264e-08,9.055554e-09,108.46,100.35,10248.03,9481.29,52.53,47.98
6.28488,8,0.5874,0.009,0.009,5.199,6.077,0.9873,0.01001,270.72,51.91,0.5604604799999999,0.7117848095999999,2.17,2.604402e-08,1.168479e-08,2.103428e-08,9.040953e-09,108.54,100.55,10255.66,9500.54,52.58,48.10
6.28512,8,0.5874,0.009,0.009,5.199,6.077,0.9873,0.01001,270.72,51.91,0.56045952,0.7117835903999999,2.17,2.605113e-08,1.168564e-08,2.099708e-08,9.020744e-09,108.50,100.47,10251.93,9492.75,52.56,48.05
6.28538,8,0.5875,0.009,0.009,5.199,6.077,0.9873,0.01001,270.72,51.91,0.56045848,0.7117822696,2.17,2.605632e-08,1.168695e-08,2.094967e-08,9.002926e-09,108.50,100.54,10252.06,9499.09,52.56,48.09
6.28562,8,0.5875,0.009,0.009,5.199,6.077,0.9873,0.01001,270.72,51.91,0.5604575199999999,0.7117810504,2.17,2.601906e-08,1.168231e-08,2.092134e-08,8.983429e-09,108.71,100.39,10271.31,9485.53,52.67,48.01
6.28587,8,0.5875,0.009,0.009,5.199,6.077,0.9873,0.01001,270.72,51.91,0.56045652,0.7117797804,2.17,2.604922e-08,1.168405e-08,2.088252e-08,8.970486e-09,108.51,100.47,10252.51,9492.44,52.56,48.05
6.28613,8,0.5876,0.009,0.009,5.199,6.077,0.9873,0.01001,270.72,51.91,0.56045548,0.7117784596,2.17,2.604347e-08,1.168931e-08,2.083609e-08,8.953962e-09,108.66,100.55,10266.74,9500.42,52.64,48.10
6.28637,8,0.5876,0.009,0.009,5.199,6.077,0.9873,0.01001,270.72,51.91,0.56045452,0.7117772403999999,2.17,2.608332e-08,1.169559e-08,2.081522e-08,8.943186e-09,108.46,100.51,10248.29,9497.05,52.53,48.08
6.28662,8,0.5876,0.009,0.009,5.199,6.077,0.9873,0.01001,270.72,51.91,0.5604535199999999,0.7117759704,2.17,2.608224e-08,1.169875e-08,2.079465e-08,8.929709e-09,108.53,100.42,10254.08,9488.41,52.57,48.03
6.28688,8,0.5877,0.009,0.009,5.199,6.077,0.9873,0.01001,270.72,51.91,0.5604524799999999,0.7117746495999999,2.17,2.609853e-08,1.170223e-08,2.076913e-08,8.918903e-09,108.48,100.44,10249.75,9490.31,52.54,48.04
6.28712,8,0.5877,0.009,0.009,5.199,6.077,0.9873,0.01001,270.72,51.91,0.56045152,0.7117734304,2.17,2.611277e-08,1.171144e-08,2.072686e-08,8.90408e-09,108.53,100.51,10254.23,9496.53,52.57,48.07
6.28737,8,0.5877,0.009,0.009,5.199,6.077,0.9873,0.01001,270.72,51.91,0.56045052,0.7117721603999999,2.17,2.610913e-08,1.171892e-08,2.070819e-08,8.897889e-09,108.68,100.54,10268.71,9499.96,52.65,48.09
6.28763,8,0.5878,0.009,0.009,5.199,6.077,0.9873,0.01001,270.72,51.91,0.5604494799999999,0.7117708396,2.17,2.612952e-08,1.173052e-08,2.069969e-08,8.89547e-09,108.74,100.59,10274.35,9503.88,52.69,48.12
6.28787,8,0.5878,0.009,0.009,5.199,6.077,0.9873,0.01001,270.72,51.91,0.56044852,0.7117696204,2.17,2.615267e-08,1.173746e-08,2.069253e-08,8.885431e-09,108.68,100.45,10268.87,9490.84,52.65,48.04
6.28812,8,0.5878,0.009,0.009,5.199,6.077,0.9873,0.01001,270.72,51.91,0.56044752,0.7117683504,2.17,2.616158e-08,1.17463e-08,2.065718e-08,8.884148e-09,108.76,100.72,10276.55,9516.93,52.70,48.19
6.28838,8,0.5879,0.009,0.009,5.199,6.077,0.9873,0.01001,270.72,51.91,0.56044648,0.7117670295999999,2.17,2.618012e-08,1.175249e-08,2.065143e-08,8.877484e-09,108.75,100.66,10274.91,9510.67,52.69,48.16
6.28862,8,0.5879,0.009,0.009,5.199,6.077,0.9873,0.01001,270.72,51.91,0.5604455199999999,0.7117658103999999,2.17,2.621725e-08,1.176547e-08,2.062476e-08,8.87166e-09,108.68,100.77,10269.07,9521.29,52.66,48.22
6.28887,8,0.5879,0.009,0.009,5.199,6.077,0.9873,0.01001,270.72,51.91,0.56044452,0.7117645404,2.17,2.624112e-08,1.177979e-08,2.062335e-08,8.871941e-09,108.75,100.79,10274.78,9522.96,52.69,48.23
6.28913,8,0.5880,0.009,0.009,5.198,6.077,0.9873,0.01001,270.72,51.91,0.56044348,0.7117632196,2.17,2.625665e-08,1.179693e-08,2.061388e-08,8.864514e-09,108.93,100.74,10292.63,9518.26,52.80,48.20
6.28937,8,0.5880,0.009,0.009,5.199,6.077,0.9873,0.01001,270.72,51.91,0.5604425199999999,0.7117620003999999,2.17,2.627986e-08,1.180487e-08,2.061175e-08,8.861146e-09,108.89,100.69,10288.69,9513.64,52.77,48.17
6.28963,8,0.5880,0.009,0.009,5.199,6.077,0.9873,0.01001,270.72,51.91,0.5604414799999999,0.7117606795999999,2.17,2.632003e-08,1.182533e-08,2.059383e-08,8.857278e-09,108.93,100.77,10292.51,9520.88,52.79,48.22
6.28988,8,0.5881,0.009,0.009,5.198,6.077,0.9873,0.01001,270.72,51.91,0.5604404799999999,0.7117594095999998,2.17,2.636166e-08,1.182741e-08,2.058541e-08,8.853199e-09,108.67,100.77,10268.05,9521.63,52.65,48.22
6.29012,8,0.5881,0.009,0.009,5.198,6.077,0.9873,0.01001,270.72,51.91,0.56043952,0.7117581904,2.17,2.636978e-08,1.184812e-08,2.057623e-08,8.855951e-09,108.96,100.91,10294.95,9534.29,52.81,48.30
6.29038,8,0.5881,0.009,0.009,5.198,6.077,0.9873,0.01001,270.72,51.91,0.56043848,0.7117568696,2.17,2.638039e-08,1.186186e-08,2.056871e-08,8.849886e-09,109.11,100.85,10309.11,9528.94,52.89,48.26
6.29063,8,0.5882,0.009,0.009,5.198,6.077,0.9873,0.01001,270.72,51.91,0.5604374799999999,0.7117555995999999,2.17,2.641438e-08,1.186926e-08,2.057408e-08,8.848252e-09,109.00,100.79,10298.43,9523.11,52.83,48.23
6.29087,8,0.5882,0.009,0.009,5.198,6.077,0.9873,0.01001,270.72,51.91,0.56043652,0.7117543804,2.17,2.645357e-08,1.187487e-08,2.056629e-08,8.842215e-09,108.80,100.74,10279.57,9518.04,52.72,48.20
6.29113,8,0.5882,0.009,0.009,5.198,6.077,0.9873,0.01001,270.72,51.91,0.56043548,0.7117530596,2.17,2.645024e-08,1.189617e-08,2.054477e-08,8.847814e-09,109.18,101.03,10315.44,9546.14,52.93,48.37
6.29138,8,0.5883,0.009,0.009,5.198,6.077,0.9873,0.01001,270.72,51.91,0.56043448,0.7117517896,2.17,2.649798e-08,1.190305e-08,2.053646e-08,8.844487e-09,108.95,101.06,10294.26,9548.24,52.80,48.38
6.29162,8,0.5883,0.009,0.009,5.198,6.077,0.9873,0.01001,270.72,51.91,0.5604335199999999,0.7117505703999999,2.17,2.651555e-08,1.191324e-08,2.053864e-08,8.837749e-09,108.99,100.90,10297.86,9533.70,52.83,48.29
6.29188,8,0.5883,0.009,0.009,5.198,6.077,0.9873,0.01001,270.72,51.91,0.56043248,0.7117492496000001,2.17,2.65459e-08,1.19305e-08,2.052645e-08,8.843453e-09,109.05,101.12,10303.54,9554.46,52.86,48.42
6.29213,8,0.5884,0.009,0.009,5.198,6.077,0.9873,0.01001,270.72,51.91,0.56043148,0.7117479796,2.17,2.656116e-08,1.193766e-08,2.051078e-08,8.835791e-09,109.07,101.12,10305.77,9554.36,52.87,48.42
6.29237,8,0.5884,0.009,0.009,5.198,6.077,0.9873,0.01001,270.72,51.91,0.5604305199999999,0.7117467604,2.17,2.656644e-08,1.195241e-08,2.049534e-08,8.828676e-09,109.28,101.11,10325.19,9553.48,52.99,48.41
6.29263,8,0.5884,0.009,0.009,5.198,6.077,0.9873,0.01001,270.72,51.91,0.5604294799999999,0.7117454395999999,2.17,2.659351e-08,1.195338e-08,2.049176e-08,8.824507e-09,109.09,101.06,10307.62,9548.48,52.88,48.38
6.29288,8,0.5885,0.009,0.009,5.198,6.077,0.9873,0.01001,270.72,51.91,0.56042848,0.7117441696,2.17,2.660902e-08,1.195604e-08,2.047792e-08,8.822248e-09,109.04,101.15,10302.62,9557.15,52.85,48.43
6.29312,8,0.5885,0.009,0.009,5.198,6.077,0.9873,0.01001,270.72,51.91,0.56042752,0.7117429503999999,2.17,2.663011e-08,1.197278e-08,2.045459e-08,8.81752e-09,109.16,101.26,10313.98,9567.29,52.92,48.49
6.29338,8,0.5885,0.009,0.009,5.198,6.077,0.9873,0.01001,270.72,51.91,0.56042648,0.7117416296,2.17,2.665635e-08,1.197794e-08,2.046581e-08,8.816862e-09,109.05,101.15,10303.61,9556.83,52.86,48.43
6.29362,8,0.5886,0.009,0.009,5.198,6.077,0.9873,0.01001,270.72,51.91,0.56042552,0.7117404104,2.17,2.663882e-08,1.198609e-08,2.044019e-08,8.813428e-09,109.33,101.32,10330.45,9572.96,53.02,48.52
6.29387,8,0.5886,0.009,0.009,5.198,6.077,0.9873,0.01001,270.72,51.91,0.56042452,0.7117391404,2.17,2.663799e-08,1.198314e-08,2.041895e-08,8.803854e-09,109.29,101.31,10326.41,9572.16,52.99,48.52
6.29413,8,0.5886,0.009,0.009,5.198,6.077,0.9873,0.01001,270.72,51.91,0.56042348,0.7117378195999999,2.17,2.664587e-08,1.199279e-08,2.041125e-08,8.797812e-09,109.39,101.25,10335.97,9566.96,53.05,48.49
6.29437,8,0.5887,0.009,0.009,5.198,6.077,0.9873,0.01001,270.72,51.91,0.5604225199999999,0.7117366003999999,2.17,2.665548e-08,1.199552e-08,2.03937e-08,8.793533e-09,109.38,101.34,10335.23,9574.87,53.05,48.54
6.29462,8,0.5887,0.009,0.009,5.198,6.077,0.9873,0.01001,270.72,51.91,0.56042152,0.7117353304,2.17,2.663277e-08,1.199054e-08,2.037606e-08,8.785077e-09,109.47,101.32,10343.45,9573.25,53.09,48.53
6.29488,8,0.5887,0.009,0.009,5.198,6.077,0.9873,0.01001,270.72,51.91,0.56042048,0.7117340096,2.17,2.663578e-08,1.199929e-08,2.035134e-08,8.776927e-09,109.59,101.37,10355.06,9578.06,53.16,48.55
6.29512,8,0.5888,0.009,0.009,5.197,6.077,0.9873,0.01001,270.72,51.91,0.56041952,0.7117327903999999,2.17,2.663988e-08,1.200134e-08,2.033731e-08,8.770848e-09,109.62,101.39,10357.13,9579.63,53.18,48.56
6.29537,8,0.5888,0.009,0.009,5.197,6.077,0.9873,0.01001,270.72,51.91,0.5604185199999999,0.7117315203999999,2.17,2.662175e-08,1.198668e-08,2.030297e-08,8.762975e-09,109.51,101.53,10346.94,9592.98,53.11,48.64
6.29563,8,0.5888,0.009,0.009,5.197,6.077,0.9873,0.01001,270.72,51.91,0.5604174799999999,0.7117301996,2.17,2.661187e-08,1.198362e-08,2.030025e-08,8.751383e-09,109.53,101.32,10349.12,9572.93,53.13,48.52
6.29587,8,0.5889,0.009,0.009,5.197,6.077,0.9873,0.01001,270.72,51.91,0.56041652,0.7117289804,2.17,2.66069e-08,1.199117e-08,2.027593e-08,8.746236e-09,109.71,101.44,10366.27,9584.84,53.23,48.59
6.29612,8,0.5889,0.009,0.009,5.197,6.077,0.9873,0.01001,270.72,51.91,0.56041552,0.7117277103999999,2.17,2.661356e-08,1.197558e-08,2.027042e-08,8.733927e-09,109.40,101.24,10337.05,9565.71,53.06,48.48
6.29638,8,0.5890,0.009,0.009,5.197,6.077,0.9873,0.01001,270.72,51.91,0.5604144799999999,0.7117263895999999,2.17,2.65629e-08,1.197891e-08,2.025134e-08,8.732624e-09,109.86,101.40,10379.97,9580.67,53.31,48.57
6.29662,8,0.5890,0.009,0.009,5.197,6.077,0.9873,0.01001,270.72,51.91,0.56041352,0.7117251704,2.17,2.655353e-08,1.196183e-08,2.021185e-08,8.72081e-09,109.64,101.51,10359.69,9590.75,53.19,48.63
6.29688,8,0.5890,0.009,0.009,5.197,6.077,0.9873,0.01001,270.72,51.91,0.56041248,0.7117238496,2.17,2.651353e-08,1.195863e-08,2.019497e-08,8.72242e-09,109.89,101.69,10383.11,9607.98,53.33,48.73
6.29713,8,0.5891,0.009,0.009,5.197,6.077,0.9873,0.01001,270.72,51.91,0.56041148,0.7117225796,2.17,2.649333e-08,1.194924e-08,2.018977e-08,8.712195e-09,109.91,101.54,10384.43,9594.15,53.34,48.65
6.29737,8,0.5891,0.009,0.009,5.197,6.077,0.9873,0.01001,270.72,51.91,0.5604105199999999,0.7117213603999999,2.17,2.64638e-08,1.193918e-08,2.016525e-08,8.694126e-09,109.96,101.39,10389.59,9579.63,53.37,48.56
6.29763,8,0.5891,0.009,0.009,5.197,6.077,0.9873,0.01001,270.72,51.91,0.56040948,0.7117200396000001,2.17,2.644471e-08,1.193782e-08,2.015049e-08,8.694301e-09,110.08,101.52,10401.11,9592.31,53.44,48.64
6.29788,8,0.5892,0.009,0.009,5.197,6.077,0.9873,0.01001,270.72,51.91,0.56040848,0.7117187696,2.17,2.642276e-08,1.191284e-08,2.013598e-08,8.693981e-09,109.85,101.66,10378.94,9605.49,53.30,48.72
6.29812,8,0.5892,0.009,0.009,5.197,6.077,0.9873,0.01001,270.72,51.91,0.5604075199999999,0.7117175504,2.17,2.637248e-08,1.190365e-08,2.011847e-08,8.688041e-09,110.07,101.69,10400.38,9608.64,53.43,48.73
6.29838,8,0.5892,0.009,0.009,5.197,6.077,0.9873,0.01001,270.72,51.91,0.5604064799999999,0.7117162295999999,2.17,2.636154e-08,1.190272e-08,2.010336e-08,8.675014e-09,110.14,101.56,10406.77,9595.98,53.47,48.66
6.29863,8,0.5893,0.009,0.009,5.197,6.077,0.9873,0.01001,270.72,51.91,0.56040548,0.7117149596,2.17,2.632916e-08,1.189027e-08,2.008693e-08,8.676966e-09,110.20,101.76,10412.00,9615.24,53.50,48.77
6.29887,8,0.5893,0.009,0.009,5.197,6.077,0.9873,0.01001,270.72,51.91,0.56040452,0.7117137403999999,2.17,2.630118e-08,1.187097e-08,2.006364e-08,8.669963e-09,110.08,101.83,10401.35,9621.21,53.44,48.81
6.29913,8,0.5893,0.009,0.009,5.197,6.077,0.9873,0.01001,270.72,51.91,0.56040348,0.7117124196,2.17,2.627254e-08,1.186538e-08,2.00686e-08,8.670789e-09,110.21,101.80,10413.09,9618.64,53.51,48.79
6.29938,8,0.5894,0.009,0.009,5.197,6.077,0.9873,0.01001,270.72,51.91,0.5604024799999999,0.7117111495999999,2.17,2.622497e-08,1.185846e-08,2.00482e-08,8.668692e-09,110.48,101.96,10438.23,9633.41,53.65,48.88
6.29962,8,0.5894,0.009,0.009,5.197,6.077,0.9873,0.01001,270.72,51.91,0.56040152,0.7117099304,2.17,2.619699e-08,1.184927e-08,2.003497e-08,8.662301e-09,110.53,101.94,10443.80,9632.10,53.69,48.87
6.29988,8,0.5894,0.009,0.009,5.197,6.077,0.9873,0.01001,270.72,51.91,0.56040048,0.7117086095999999,2.17,2.619088e-08,1.183015e-08,2.003874e-08,8.659234e-09,110.26,101.85,10417.50,9622.90,53.53,48.82
6.30013,8,0.5895,0.009,0.009,5.196,6.077,0.9873,0.01001,270.72,51.91,0.56039948,0.7117073396,2.17,2.614187e-08,1.182965e-08,2.00261e-08,8.666437e-09,110.64,102.13,10454.15,9649.37,53.75,48.98
6.30037,8,0.5895,0.009,0.009,5.196,6.077,0.9873,0.01001,270.72,51.91,0.56039852,0.7117061204,2.17,2.611196e-08,1.182208e-08,2.002358e-08,8.662401e-09,110.75,102.06,10463.79,9643.59,53.81,48.94
6.30063,8,0.5895,0.009,0.009,5.196,6.077,0.9873,0.01001,270.72,51.91,0.56039748,0.7117047996,2.17,2.607204e-08,1.181549e-08,2.001366e-08,8.666111e-09,110.94,102.23,10482.41,9659.30,53.92,49.03
6.30087,8,0.5896,0.009,0.009,5.196,6.077,0.9873,0.01001,270.72,51.91,0.56039652,0.7117035803999999,2.17,2.60569e-08,1.180375e-08,2.002152e-08,8.667488e-09,110.88,102.21,10476.26,9656.96,53.88,49.02
6.30112,8,0.5896,0.009,0.009,5.196,6.077,0.9873,0.01001,270.72,51.91,0.5603955199999999,0.7117023103999999,2.17,2.60212e-08,1.178809e-08,2.002025e-08,8.671304e-09,110.89,102.30,10477.10,9665.54,53.88,49.07
6.30138,8,0.5896,0.009,0.009,5.196,6.077,0.9873,0.01001,270.72,51.91,0.5603944799999999,0.7117009896,2.17,2.600491e-08,1.178564e-08,2.002339e-08,8.668654e-09,110.97,102.21,10485.11,9657.66,53.93,49.02
6.30162,8,0.5897,0.009,0.009,5.196,6.077,0.9873,0.01001,270.72,51.91,0.56039352,0.7116997704,2.17,2.597267e-08,1.177909e-08,2.000674e-08,8.677113e-09,111.13,102.56,10500.04,9690.15,54.02,49.22
6.30187,8,0.5897,0.009,0.009,5.196,6.077,0.9873,0.01001,270.72,51.91,0.56039252,0.7116985003999999,2.17,2.595138e-08,1.176708e-08,2.001845e-08,8.674106e-09,111.09,102.39,10496.19,9674.23,54.00,49.12
6.30213,8,0.5897,0.009,0.009,5.196,6.077,0.9873,0.01001,270.72,51.91,0.5603914799999999,0.7116971795999999,2.17,2.591663e-08,1.177126e-08,2.001926e-08,8.68081e-09,111.43,102.52,10528.82,9686.74,54.19,49.20
6.30237,8,0.5898,0.009,0.009,5.196,6.077,0.9873,0.01001,270.72,51.91,0.56039052,0.7116959604,2.17,2.588568e-08,1.175563e-08,2.003568e-08,8.687493e-09,111.43,102.53,10528.02,9687.52,54.19,49.20
6.30262,8,0.5898,0.009,0.009,5.196,6.077,0.9873,0.01001,270.72,51.91,0.56038952,0.7116946904,2.17,2.586927e-08,1.175148e-08,2.003197e-08,8.690919e-09,111.48,102.63,10533.45,9697.44,54.22,49.26
6.30288,8,0.5898,0.009,0.009,5.196,6.077,0.9873,0.01001,270.72,51.91,0.56038848,0.7116933696,2.17,2.587018e-08,1.175016e-08,2.004875e-08,8.694924e-09,111.45,102.57,10530.60,9690.99,54.20,49.22
6.30312,8,0.5899,0.009,0.009,5.196,6.077,0.9873,0.01001,270.72,51.91,0.5603875199999999,0.7116921503999999,2.17,2.584571e-08,1.173943e-08,2.005604e-08,8.703193e-09,111.48,102.69,10533.02,9702.69,54.21,49.29
6.30337,8,0.5899,0.009,0.009,5.196,6.077,0.9873,0.01001,270.72,51.91,0.56038652,0.7116908804000001,2.17,2.583708e-08,1.174396e-08,2.005016e-08,8.713188e-09,111.63,102.95,10546.92,9727.43,54.30,49.44
6.30363,8,0.5899,0.009,0.009,5.196,6.077,0.9873,0.01001,270.72,51.91,0.56038548,0.7116895596,2.17,2.582749e-08,1.173794e-08,2.004299e-08,8.709381e-09,111.60,102.94,10544.18,9726.07,54.28,49.43
6.30387,8,0.5900,0.009,0.009,5.196,6.077,0.9873,0.01001,270.72,51.91,0.5603845199999999,0.7116883404,2.17,2.579476e-08,1.172999e-08,2.005602e-08,8.721399e-09,111.74,103.09,10557.40,9740.27,54.36,49.51
6.30412,8,0.5900,0.009,0.009,5.196,6.077,0.9873,0.01001,270.72,51.91,0.5603835199999999,0.7116870703999999,2.17,2.577101e-08,1.173836e-08,2.007084e-08,8.727777e-09,112.07,103.09,10589.11,9740.14,54.55,49.51
6.30438,8,0.5900,0.009,0.009,5.196,6.077,0.9873,0.01001,270.72,51.91,0.5603824799999999,0.7116857495999999,2.17,2.575466e-08,1.173588e-08,2.006561e-08,8.732073e-09,112.16,103.22,10597.35,9753.12,54.60,49.59
6.30462,8,0.5901,0.009,0.009,5.196,6.077,0.9873,0.01001,270.72,51.91,0.56038152,0.7116845304,2.17,2.574247e-08,1.172577e-08,2.004969e-08,8.733008e-09,112.10,103.41,10591.59,9770.35,54.56,49.69
6.30488,8,0.5901,0.009,0.009,5.196,6.077,0.9873,0.01001,270.72,51.91,0.56038048,0.7116832096,2.17,2.571233e-08,1.172387e-08,2.005546e-08,8.737496e-09,112.31,103.45,10611.25,9774.27,54.68,49.71
6.30513,8,0.5901,0.009,0.009,5.196,6.077,0.9873,0.01001,270.72,51.91,0.5603794799999999,0.7116819395999999,2.17,2.569806e-08,1.172457e-08,2.006881e-08,8.747128e-09,112.43,103.53,10623.25,9781.83,54.75,49.76
6.30537,8,0.5902,0.009,0.009,5.195,6.077,0.9873,0.01001,270.72,51.91,0.56037852,0.7116807204,2.17,2.568834e-08,1.172132e-08,2.007372e-08,8.752483e-09,112.47,103.61,10627.03,9789.86,54.77,49.81
6.30563,8,0.5902,0.009,0.009,5.195,6.077,0.9873,0.01001,270.72,51.91,0.56037748,0.7116793996,2.17,2.564817e-08,1.171651e-08,2.005518e-08,8.746357e-09,112.71,103.65,10649.63,9793.75,54.91,49.83
6.30588,8,0.5902,0.009,0.009,5.195,6.077,0.9873,0.01001,270.72,51.91,0.56037648,0.7116781296,2.17,2.563782e-08,1.171258e-08,2.005725e-08,8.751827e-09,112.73,103.75,10650.96,9802.82,54.91,49.88
6.30612,8,0.5903,0.009,0.009,5.195,6.077,0.9873,0.01001,270.72,51.91,0.56037552,0.7116769104,2.17,2.560473e-08,1.170772e-08,2.003602e-08,8.760357e-09,112.93,104.14,10669.98,9839.94,55.03,50.10
6.30638,8,0.5903,0.009,0.009,5.195,6.077,0.9873,0.01001,270.72,51.91,0.56037448,0.7116755896,2.17,2.560104e-08,1.171025e-08,2.004382e-08,8.759939e-09,113.00,104.06,10677.06,9832.30,55.07,50.06
6.30663,8,0.5903,0.009,0.009,5.195,6.077,0.9873,0.01001,270.72,51.91,0.56037348,0.7116743195999999,2.17,2.558048e-08,1.169599e-08,2.001639e-08,8.758501e-09,112.92,104.29,10668.90,9853.38,55.02,50.18
6.30687,8,0.5904,0.009,0.009,5.195,6.077,0.9873,0.01001,270.72,51.91,0.5603725199999999,0.7116731003999999,2.17,2.553858e-08,1.170093e-08,2.001847e-08,8.756252e-09,113.37,104.24,10711.35,9848.74,55.27,50.15
6.30713,8,0.5904,0.009,0.009,5.195,6.077,0.9873,0.01001,270.72,51.91,0.5603714799999999,0.7116717795999999,2.17,2.551021e-08,1.168529e-08,1.999095e-08,8.750895e-09,113.32,104.38,10706.88,9862.12,55.24,50.23
6.30738,8,0.5904,0.009,0.009,5.195,6.077,0.9873,0.01001,270.72,51.91,0.56037048,0.7116705096,2.17,2.549441e-08,1.168353e-08,1.997751e-08,8.756222e-09,113.42,104.62,10716.15,9884.63,55.30,50.37
6.30762,8,0.5905,0.009,0.009,5.195,6.077,0.9873,0.01001,270.72,51.91,0.56036952,0.7116692903999999,2.17,2.54737e-08,1.167396e-08,1.99634e-08,8.756592e-09,113.43,104.77,10717.83,9899.49,55.31,50.46
6.30788,8,0.5905,0.009,0.009,5.195,6.077,0.9873,0.01002,270.72,51.91,0.56036848,0.7116679695999999,2.17,2.542455e-08,1.166213e-08,1.993373e-08,8.746029e-09,113.63,104.83,10736.01,9904.44,55.42,50.48
6.30813,8,0.5905,0.009,0.009,5.195,6.077,0.9873,0.01002,270.72,51.91,0.5603674799999999,0.7116666996,2.17,2.538886e-08,1.165359e-08,1.99323e-08,8.738776e-09,113.77,104.68,10749.35,9891.08,55.50,50.41
6.30837,8,0.5906,0.009,0.009,5.195,6.077,0.9873,0.01002,270.72,51.91,0.56036652,0.7116654804,2.17,2.532955e-08,1.164206e-08,1.990238e-08,8.743161e-09,114.07,105.08,10778.03,9928.14,55.67,50.63
6.30863,8,0.5906,0.009,0.009,5.195,6.077,0.9873,0.01002,270.72,51.91,0.56036548,0.7116641596,2.17,2.528293e-08,1.162605e-08,1.988071e-08,8.736531e-09,114.17,105.14,10787.33,9934.00,55.72,50.66
6.30887,8,0.5906,0.009,0.009,5.195,6.077,0.9873,0.01002,270.72,51.91,0.5603645199999999,0.7116629403999999,2.17,2.524572e-08,1.161359e-08,1.986039e-08,8.720936e-09,114.25,105.00,10795.33,9920.48,55.77,50.58
6.30912,8,0.5907,0.009,0.009,5.195,6.077,0.9873,0.01002,270.72,51.91,0.56036352,0.7116616704000001,2.17,2.518599e-08,1.159664e-08,1.982287e-08,8.720425e-09,114.47,105.36,10815.34,9954.65,55.89,50.78
6.30938,8,0.5907,0.009,0.009,5.195,6.077,0.9873,0.01002,270.72,51.91,0.56036248,0.7116603496,2.17,2.515631e-08,1.158368e-08,1.978047e-08,8.708931e-09,114.48,105.51,10816.56,9969.28,55.89,50.87
6.30962,8,0.5907,0.009,0.009,5.195,6.077,0.9873,0.01002,270.72,51.91,0.56036152,0.7116591304,2.17,2.508557e-08,1.157133e-08,1.976134e-08,8.704197e-09,114.85,105.59,10851.72,9976.83,56.10,50.91
6.30987,8,0.5908,0.009,0.009,5.195,6.077,0.9873,0.01002,270.73,51.91,0.5603605199999999,0.7116578603999999,2.17,2.501543e-08,1.154798e-08,1.973423e-08,8.686857e-09,115.04,105.49,10869.29,9967.45,56.21,50.86
6.31013,8,0.5908,0.009,0.009,5.195,6.077,0.9873,0.01002,270.73,51.91,0.5603594799999999,0.7116565395999999,2.17,2.494911e-08,1.15292e-08,1.969318e-08,8.68362e-09,115.26,105.82,10890.05,9997.95,56.33,51.04
6.31037,8,0.5908,0.009,0.009,5.195,6.077,0.9873,0.01002,270.73,51.91,0.56035852,0.7116553204,2.17,2.490771e-08,1.150185e-08,1.965591e-08,8.673561e-09,115.10,105.95,10875.60,10011.12,56.24,51.12
6.31062,8,0.5909,0.009,0.009,5.194,6.077,0.9873,0.01002,270.73,51.91,0.5603575199999999,0.7116540504,2.17,2.480862e-08,1.149026e-08,1.96076e-08,8.665489e-09,115.76,106.26,10937.87,10040.28,56.61,51.29
6.31088,8,0.5909,0.009,0.009,5.194,6.077,0.9873,0.01002,270.73,51.91,0.5603564799999999,0.7116527295999999,2.17,2.475258e-08,1.146201e-08,1.959293e-08,8.655387e-09,115.72,106.18,10933.80,10032.76,56.59,51.24
6.31112,8,0.5909,0.009,0.009,5.194,6.077,0.9873,0.01002,270.73,51.91,0.56035552,0.7116515104,2.17,2.468551e-08,1.143045e-08,1.954107e-08,8.643527e-09,115.71,106.43,10932.90,10055.79,56.58,51.38
6.31137,8,0.5910,0.009,0.009,5.194,6.077,0.9873,0.01002,270.73,51.91,0.56035452,0.7116502404,2.17,2.461982e-08,1.140288e-08,1.951316e-08,8.632028e-09,115.78,106.46,10939.84,10059.26,56.62,51.40
6.31163,8,0.5910,0.009,0.009,5.194,6.077,0.9873,0.01002,270.73,51.91,0.56035348,0.7116489196,2.17,2.454688e-08,1.137293e-08,1.947926e-08,8.629446e-09,115.86,106.74,10946.71,10085.28,56.66,51.56
6.31187,8,0.5910,0.009,0.009,5.194,6.077,0.9873,0.01002,270.73,51.91,0.5603525199999999,0.7116477003999999,2.17,2.444889e-08,1.13477e-08,1.944071e-08,8.620159e-09,116.24,106.91,10983.09,10101.67,56.88,51.65
6.31212,8,0.5911,0.009,0.009,5.194,6.077,0.9873,0.01002,270.73,51.91,0.56035152,0.7116464304,2.17,2.436061e-08,1.131186e-08,1.941229e-08,8.608048e-09,116.36,106.94,10994.26,10104.42,56.95,51.67
6.31238,8,0.5911,0.009,0.009,5.194,6.077,0.9873,0.01002,270.73,51.91,0.56035048,0.7116451095999999,2.17,2.426536e-08,1.127776e-08,1.938212e-08,8.600971e-09,116.56,107.08,11012.72,10117.73,57.06,51.75
6.31262,8,0.5911,0.009,0.009,5.194,6.077,0.9873,0.01002,270.73,51.91,0.5603495199999999,0.7116438904,2.17,2.42055e-08,1.125081e-08,1.934096e-08,8.586059e-09,116.57,107.16,11014.32,10124.84,57.07,51.79
6.31288,8,0.5912,0.009,0.009,5.194,6.077,0.9873,0.01002,270.73,51.91,0.5603484799999999,0.7116425695999999,2.17,2.411185e-08,1.121518e-08,1.930773e-08,8.582926e-09,116.75,107.44,11030.70,10151.27,57.16,51.95
6.31313,8,0.5912,0.009,0.009,5.194,6.077,0.9873,0.01002,270.73,51.91,0.56034748,0.7116412996,2.17,2.402037e-08,1.118351e-08,1.928364e-08,8.574085e-09,116.96,107.48,11050.80,10155.25,57.28,51.97
6.31337,8,0.5912,0.009,0.009,5.194,6.077,0.9873,0.01002,270.73,51.91,0.56034652,0.7116400803999999,2.17,2.394223e-08,1.114447e-08,1.925076e-08,8.569244e-09,116.91,107.70,11045.86,10176.16,57.25,52.09
6.31363,8,0.5913,0.009,0.009,5.194,6.077,0.9873,0.01002,270.73,51.91,0.56034548,0.7116387595999999,2.17,2.384087e-08,1.111488e-08,1.922352e-08,8.560963e-09,117.27,107.81,11080.54,10186.12,57.46,52.15
6.31388,8,0.5913,0.009,0.009,5.194,6.077,0.9873,0.01002,270.73,51.91,0.5603444799999999,0.7116374896,2.17,2.376061e-08,1.107383e-08,1.920049e-08,8.549768e-09,117.20,107.79,11073.74,10184.11,57.42,52.14
6.31412,8,0.5913,0.009,0.009,5.194,6.077,0.9873,0.01002,270.73,51.91,0.56034352,0.7116362704,2.17,2.368101e-08,1.104972e-08,1.91686e-08,8.548429e-09,117.46,108.08,11098.17,10211.81,57.56,52.31
6.31438,8,0.5914,0.009,0.009,5.194,6.077,0.9873,0.01002,270.73,51.91,0.56034248,0.7116349496,2.17,2.356766e-08,1.101694e-08,1.914515e-08,8.54457e-09,117.88,108.25,11138.16,10227.79,57.80,52.40
6.31463,8,0.5914,0.009,0.009,5.194,6.077,0.9873,0.01002,270.73,51.91,0.56034148,0.7116336795999999,2.17,2.348709e-08,1.09857e-08,1.910798e-08,8.544295e-09,118.01,108.62,11150.40,10263.18,57.87,52.61
6.31487,8,0.5914,0.009,0.009,5.194,6.077,0.9873,0.01002,270.73,51.91,0.56034052,0.7116324604,2.17,2.340517e-08,1.094659e-08,1.911125e-08,8.535654e-09,118.00,108.39,11148.89,10241.25,57.86,52.48
6.31513,8,0.5915,0.009,0.009,5.194,6.077,0.9873,0.01002,270.73,51.91,0.56033948,0.7116311396,2.17,2.330769e-08,1.091645e-08,1.907044e-08,8.529956e-09,118.33,108.70,11180.50,10270.25,58.05,52.65
6.31538,8,0.5915,0.009,0.009,5.194,6.077,0.9873,0.01002,270.73,51.91,0.56033848,0.7116298696,2.17,2.321947e-08,1.088087e-08,1.907102e-08,8.529129e-09,118.45,108.67,11191.60,10267.88,58.12,52.64
6.31562,8,0.5915,0.009,0.009,5.194,6.077,0.9873,0.01002,270.73,51.91,0.5603375199999999,0.7116286503999999,2.17,2.313667e-08,1.084814e-08,1.904036e-08,8.529996e-09,118.57,109.01,11203.40,10299.73,58.19,52.83
6.31588,8,0.5916,0.009,0.009,5.193,6.077,0.9873,0.01002,270.73,51.91,0.5603364799999999,0.7116273295999999,2.17,2.304485e-08,1.080729e-08,1.903999e-08,8.523299e-09,118.64,108.88,11209.60,10287.19,58.22,52.75
6.31613,8,0.5916,0.009,0.009,5.193,6.077,0.9873,0.01002,270.73,51.91,0.56033548,0.7116260596,2.17,2.297645e-08,1.077656e-08,1.902083e-08,8.522419e-09,118.67,109.05,11212.24,10304.03,58.24,52.85
6.31637,8,0.5916,0.009,0.009,5.193,6.077,0.9873,0.01002,270.73,51.91,0.56033452,0.7116248404,2.17,2.288161e-08,1.075714e-08,1.900464e-08,8.51876e-09,119.19,109.14,11261.65,10311.92,58.53,52.90
6.31663,8,0.5917,0.009,0.009,5.193,6.077,0.9873,0.01002,270.73,51.91,0.5603334799999999,0.7116235195999999,2.17,2.281757e-08,1.072111e-08,1.901187e-08,8.522398e-09,119.09,109.17,11251.82,10314.53,58.47,52.91
6.31687,8,0.5917,0.009,0.009,5.193,6.077,0.9873,0.01002,270.73,51.91,0.56033252,0.7116223004,2.17,2.27338e-08,1.069146e-08,1.898029e-08,8.524635e-09,119.29,109.55,11271.13,10350.61,58.59,53.13
6.31712,8,0.5917,0.009,0.009,5.193,6.077,0.9873,0.01002,270.73,51.91,0.56033152,0.7116210304,2.17,2.264824e-08,1.066568e-08,1.897188e-08,8.520184e-09,119.60,109.53,11300.05,10349.12,58.76,53.12
6.31738,8,0.5918,0.009,0.009,5.193,6.077,0.9873,0.01002,270.73,51.91,0.56033048,0.7116197096,2.17,2.258631e-08,1.06292e-08,1.896429e-08,8.518141e-09,119.46,109.58,11287.28,10353.89,58.68,53.15
6.31762,8,0.5918,0.009,0.009,5.193,6.077,0.9873,0.01002,270.73,51.91,0.5603295199999999,0.7116184903999999,2.17,2.250004e-08,1.060423e-08,1.893779e-08,8.520965e-09,119.79,109.93,11318.79,10386.48,58.87,53.34
6.31787,8,0.5918,0.009,0.009,5.193,6.077,0.9873,0.01002,270.73,51.91,0.56032852,0.7116172204,2.17,2.244683e-08,1.058493e-08,1.893352e-08,8.522761e-09,119.92,110.01,11330.49,10394.72,58.94,53.39
6.31813,8,0.5919,0.009,0.009,5.193,6.077,0.9873,0.01002,270.73,51.91,0.56032748,0.7116158996,2.17,2.236946e-08,1.055353e-08,1.893302e-08,8.524183e-09,120.05,110.07,11342.74,10400.13,59.01,53.42
6.31837,8,0.5919,0.009,0.009,5.193,6.077,0.9873,0.01002,270.73,51.91,0.5603265199999999,0.7116146804,2.17,2.229873e-08,1.052472e-08,1.891278e-08,8.52362e-09,120.15,110.27,11352.05,10419.14,59.07,53.53
6.31862,8,0.5919,0.009,0.009,5.193,6.077,0.9873,0.01002,270.73,51.91,0.5603255199999999,0.7116134103999999,2.17,2.223026e-08,1.05085e-08,1.890084e-08,8.520936e-09,120.50,110.34,11385.08,10425.15,59.26,53.57
6.31888,8,0.5920,0.009,0.009,5.193,6.077,0.9873,0.01002,270.73,51.91,0.56032448,0.7116120896,2.17,2.216631e-08,1.047816e-08,1.89024e-08,8.514895e-09,120.51,110.20,11386.78,10411.89,59.27,53.49
6.31912,8,0.5920,0.009,0.009,5.193,6.077,0.9873,0.01002,270.73,51.91,0.56032352,0.7116108703999999,2.17,2.210027e-08,1.045788e-08,1.888543e-08,8.518164e-09,120.75,110.45,11409.41,10436.22,59.41,53.63
6.31937,8,0.5920,0.009,0.009,5.193,6.077,0.9873,0.01002,270.73,51.91,0.5603225199999999,0.7116096003999999,2.17,2.203555e-08,1.043356e-08,1.888266e-08,8.521932e-09,120.89,110.57,11422.51,10447.43,59.48,53.70
6.31963,8,0.5921,0.009,0.009,5.193,6.077,0.9873,0.01002,270.73,51.91,0.5603214799999999,0.7116082796,2.17,2.197224e-08,1.042093e-08,1.886104e-08,8.513552e-09,121.30,110.62,11460.67,10452.27,59.71,53.73
6.31987,8,0.5921,0.009,0.009,5.193,6.077,0.9873,0.01002,270.73,51.91,0.56032052,0.7116070604,2.17,2.192109e-08,1.03863e-08,1.884242e-08,8.507302e-09,121.07,110.67,11438.95,10457.10,59.58,53.76
6.32012,8,0.5921,0.009,0.009,5.193,6.077,0.9873,0.01002,270.73,51.91,0.56031952,0.7116057903999999,2.17,2.186968e-08,1.037849e-08,1.883829e-08,8.507047e-09,121.43,110.71,11473.72,10460.71,59.79,53.78
6.32038,8,0.5922,0.009,0.009,5.193,6.077,0.9873,0.01002,270.73,51.91,0.56031848,0.7116044695999999,2.17,2.181016e-08,1.035489e-08,1.881132e-08,8.509688e-09,121.56,111.08,11485.46,10495.81,59.86,53.99
6.32062,8,0.5922,0.009,0.009,5.193,6.077,0.9873,0.01002,270.73,51.91,0.56031752,0.7116032504,2.17,2.176277e-08,1.033469e-08,1.878972e-08,8.492896e-09,121.61,110.92,11490.33,10479.99,59.88,53.89
6.32088,8,0.5922,0.009,0.009,5.193,6.077,0.9873,0.01002,270.73,51.91,0.56031648,0.7116019296,2.17,2.170224e-08,1.031164e-08,1.876011e-08,8.489732e-09,121.74,111.16,11502.42,10503.06,59.96,54.03
6.32113,8,0.5923,0.009,0.009,5.192,6.077,0.9873,0.01002,270.73,51.91,0.56031548,0.7116006596,2.17,2.167122e-08,1.029034e-08,1.873284e-08,8.48911e-09,121.61,111.46,11490.41,10531.39,59.88,54.20
6.32137,8,0.5923,0.009,0.009,5.192,6.077,0.9873,0.01002,270.73,51.91,0.5603145199999999,0.7115994403999999,2.17,2.160002e-08,1.027392e-08,1.870675e-08,8.474766e-09,122.00,111.40,11527.56,10525.66,60.10,54.16
6.32163,8,0.5923,0.009,0.009,5.192,6.077,0.9873,0.01002,270.73,51.91,0.5603134799999999,0.7115981195999999,2.17,2.154278e-08,1.025746e-08,1.868283e-08,8.471139e-09,122.25,111.57,11550.68,10542.07,60.24,54.26
6.32188,8,0.5924,0.009,0.009,5.192,6.077,0.9873,0.01002,270.73,51.91,0.56031248,0.7115968496,2.17,2.148387e-08,1.023774e-08,1.864426e-08,8.453275e-09,122.46,111.58,11570.60,10542.99,60.36,54.27
6.32212,8,0.5924,0.009,0.009,5.192,6.077,0.9873,0.01002,270.73,51.91,0.56031152,0.7115956304,2.17,2.142784e-08,1.021319e-08,1.861121e-08,8.442926e-09,122.51,111.70,11575.26,10553.59,60.39,54.33
6.32238,8,0.5924,0.009,0.009,5.192,6.077,0.9873,0.01002,270.73,51.91,0.5603104799999999,0.7115943095999999,2.17,2.140091e-08,1.019291e-08,1.859104e-08,8.438999e-09,122.34,111.82,11559.12,10565.56,60.29,54.40
6.32263,8,0.5925,0.009,0.009,5.192,6.077,0.9873,0.01002,270.73,51.91,0.5603094799999999,0.7115930395999999,2.17,2.132726e-08,1.018184e-08,1.855696e-08,8.426214e-09,122.91,111.91,11613.36,10573.51,60.61,54.45
6.32287,8,0.5925,0.009,0.009,5.192,6.077,0.9873,0.01002,270.73,51.91,0.56030852,0.7115918204,2.17,2.128086e-08,1.015617e-08,1.851753e-08,8.405993e-09,122.83,111.85,11605.67,10568.18,60.57,54.41
6.32313,8,0.5925,0.009,0.009,5.192,6.077,0.9873,0.01002,270.73,51.91,0.56030748,0.7115904996,2.17,2.121323e-08,1.013584e-08,1.845542e-08,8.392258e-09,123.11,112.20,11631.90,10601.63,60.72,54.61
6.32338,8,0.5926,0.009,0.009,5.192,6.077,0.9873,0.01002,270.73,51.91,0.5603064799999999,0.7115892295999999,2.17,2.116904e-08,1.012224e-08,1.841126e-08,8.376679e-09,123.30,112.33,11650.42,10613.88,60.83,54.69
6.32362,8,0.5926,0.009,0.009,5.192,6.077,0.9873,0.01002,270.73,51.91,0.56030552,0.7115880104,2.17,2.110064e-08,1.00898e-08,1.837781e-08,8.357652e-09,123.31,112.24,11651.01,10605.01,60.84,54.63
6.32388,8,0.5926,0.009,0.009,5.192,6.077,0.9873,0.01002,270.73,51.91,0.56030448,0.7115866896,2.17,2.103727e-08,1.007291e-08,1.833552e-08,8.337468e-09,123.63,112.22,11680.82,10602.79,61.01,54.62
6.32413,8,0.5927,0.009,0.009,5.192,6.077,0.9873,0.01002,270.73,51.91,0.56030348,0.7115854196,2.17,2.09866e-08,1.005698e-08,1.828868e-08,8.327318e-09,123.84,112.51,11701.39,10630.68,61.13,54.78
6.32437,8,0.5927,0.009,0.009,5.192,6.077,0.9873,0.01002,270.73,51.91,0.5603025199999999,0.7115842003999999,2.17,2.093049e-08,1.00354e-08,1.824327e-08,8.303657e-09,123.97,112.44,11713.28,10623.67,61.20,54.74
6.32463,8,0.5927,0.009,0.009,5.192,6.104,0.9873,0.01002,270.73,51.91,0.5603014799999999,0.7115828795999999,2.17,2.086641e-08,1.00083e-08,1.81715e-08,8.289595e-09,124.06,112.90,11721.44,10667.62,61.23,54.98
6.32487,8,0.5928,0.009,0.009,5.192,6.104,0.9873,0.01002,270.73,51.91,0.56030052,0.7115816603999999,2.17,2.080024e-08,9.979301e-09,1.812579e-08,8.268178e-09,124.14,112.91,11729.60,10668.08,61.27,54.98
6.32512,8,0.5928,0.009,0.009,5.192,6.104,0.9873,0.01002,270.73,51.91,0.5602995199999999,0.7115803904,2.17,2.072937e-08,9.964245e-09,1.807879e-08,8.243866e-09,124.60,112.84,11772.63,10661.25,61.53,54.94
6.32538,8,0.5928,0.009,0.009,5.192,6.104,0.9873,0.01002,270.73,51.91,0.5602984799999999,0.7115790696,2.17,2.066303e-08,9.938347e-09,1.801881e-08,8.229136e-09,124.74,113.15,11786.31,10691.39,61.61,55.12
6.32562,8,0.5929,0.009,0.009,5.192,6.104,0.9873,0.01002,270.73,51.91,0.56029752,0.7115778504,2.17,2.062044e-08,9.91908e-09,1.795331e-08,8.200955e-09,124.79,113.22,11791.08,10697.35,61.64,55.15
6.32587,8,0.5929,0.009,0.009,5.192,6.104,0.9873,0.01002,270.73,51.91,0.56029652,0.7115765803999999,2.17,2.055434e-08,9.888094e-09,1.791223e-08,8.177693e-09,124.81,113.10,11792.95,10686.53,61.65,55.09
6.32613,8,0.5929,0.009,0.009,5.192,6.104,0.9873,0.01002,270.73,51.91,0.56029548,0.7115752596,2.17,2.046911e-08,9.867432e-09,1.784724e-08,8.161479e-09,125.31,113.45,11839.98,10719.05,61.93,55.28
6.32637,8,0.5930,0.009,0.009,5.191,6.104,0.9873,0.01002,270.73,51.91,0.5602945199999999,0.7115740403999999,2.17,2.040984e-08,9.841941e-09,1.779444e-08,8.144171e-09,125.41,113.64,11849.13,10737.47,61.98,55.39
6.32662,8,0.5930,0.009,0.009,5.191,6.104,0.9873,0.01002,270.73,51.91,0.56029352,0.7115727704,2.17,2.034763e-08,9.813097e-09,1.773341e-08,8.125796e-09,125.44,113.89,11851.83,10760.81,62.00,55.53
6.32688,8,0.5930,0.009,0.009,5.191,6.104,0.9873,0.01002,270.73,51.91,0.56029248,0.7115714496,2.17,2.026796e-08,9.792974e-09,1.768656e-08,8.104263e-09,125.89,113.89,11894.76,10760.65,62.25,55.53
6.32712,8,0.5931,0.009,0.009,5.191,6.104,0.9873,0.01002,270.73,51.91,0.5602915199999999,0.7115702303999999,2.17,2.019e-08,9.759955e-09,1.762934e-08,8.079238e-09,126.03,113.94,11907.74,10765.40,62.33,55.56
6.32737,8,0.5931,0.009,0.009,5.191,6.104,0.9873,0.01002,270.73,51.91,0.56029052,0.7115689604000001,2.17,2.013841e-08,9.737223e-09,1.756727e-08,8.066663e-09,126.08,114.35,11912.97,10804.64,62.36,55.79
6.32763,8,0.5931,0.009,0.009,5.191,6.104,0.9873,0.01002,270.73,51.91,0.56028948,0.7115676396,2.17,2.006339e-08,9.70676e-09,1.752842e-08,8.047795e-09,126.23,114.33,11926.79,10802.09,62.44,55.77
6.32787,8,0.5932,0.009,0.009,5.191,6.104,0.9873,0.01002,270.73,51.91,0.56028852,0.7115664204,2.17,1.998851e-08,9.680334e-09,1.746663e-08,8.025391e-09,126.50,114.50,11952.25,10818.78,62.59,55.87
6.32812,8,0.5932,0.009,0.009,5.191,6.104,0.9873,0.01002,270.73,51.91,0.5602875199999999,0.7115651503999999,2.17,1.991778e-08,9.651763e-09,1.740371e-08,8.003031e-09,126.64,114.68,11965.91,10835.18,62.67,55.97
6.32838,8,0.5932,0.009,0.009,5.191,6.104,0.9873,0.01002,270.73,51.91,0.5602864799999999,0.7115638295999999,2.17,1.983769e-08,9.634983e-09,1.736141e-08,7.989786e-09,127.21,114.84,12019.23,10850.79,62.99,56.06
6.32862,8,0.5933,0.009,0.009,5.191,6.104,0.9873,0.01002,270.73,51.91,0.56028552,0.7115626104,2.17,1.97648e-08,9.60267e-09,1.731908e-08,7.96777e-09,127.31,114.79,12028.78,10846.22,63.05,56.03
6.32888,8,0.5933,0.009,0.009,5.191,6.104,0.9873,0.01002,270.73,51.91,0.56028448,0.7115612896,2.17,1.970098e-08,9.582963e-09,1.727316e-08,7.955987e-09,127.60,115.04,12056.43,10869.86,63.21,56.17
6.32913,8,0.5933,0.009,0.009,5.191,6.104,0.9873,0.01002,270.73,51.91,0.56028348,0.7115600195999999,2.17,1.963825e-08,9.552446e-09,1.723069e-08,7.944004e-09,127.60,115.25,12056.42,10889.12,63.21,56.29
6.32937,8,0.5934,0.009,0.009,5.191,6.104,0.9873,0.01002,270.73,51.91,0.56028252,0.7115588004,2.17,1.957251e-08,9.527933e-09,1.719091e-08,7.930114e-09,127.82,115.39,12076.87,10902.31,63.33,56.37
6.32963,8,0.5934,0.009,0.009,5.191,6.104,0.9873,0.01002,270.73,51.91,0.56028148,0.7115574796,2.17,1.949313e-08,9.498692e-09,1.713935e-08,7.917047e-09,128.06,115.68,12100.21,10929.77,63.47,56.53
6.32988,8,0.5934,0.009,0.009,5.191,6.104,0.9873,0.01002,270.73,51.91,0.56028048,0.7115562096,2.17,1.942756e-08,9.485468e-09,1.707608e-08,7.902394e-09,128.56,116.08,12146.98,10967.36,63.75,56.75
6.33012,8,0.5935,0.009,0.009,5.191,6.104,0.9873,0.01002,270.73,51.91,0.5602795199999999,0.7115549903999999,2.17,1.935974e-08,9.456595e-09,1.7055e-08,7.888261e-09,128.69,115.97,12159.68,10957.89,63.82,56.70
6.33038,8,0.5935,0.009,0.009,5.191,6.104,0.9873,0.01002,270.73,51.91,0.5602784799999999,0.7115536695999999,2.17,1.930606e-08,9.436338e-09,1.702184e-08,7.876579e-09,128.85,116.08,12174.72,10967.36,63.91,56.75
6.33063,8,0.5935,0.009,0.009,5.191,6.104,0.9873,0.01002,270.73,51.91,0.56027748,0.7115523996,2.17,1.922603e-08,9.411059e-09,1.698086e-08,7.862117e-09,129.23,116.20,12209.84,10979.06,64.12,56.82
6.33087,8,0.5936,0.009,0.009,5.191,6.104,0.9873,0.01002,270.73,51.91,0.56027652,0.7115511804,2.17,1.918576e-08,9.390686e-09,1.695259e-08,7.854966e-09,129.23,116.38,12210.22,10996.39,64.12,56.92
6.33113,8,0.5936,0.009,0.009,5.191,6.104,0.9873,0.01002,270.73,51.91,0.5602754799999999,0.7115498596,2.17,1.911268e-08,9.37079e-09,1.68994e-08,7.841515e-09,129.66,116.69,12250.86,11025.72,64.36,57.10
6.33138,8,0.5936,0.009,0.009,5.191,6.104,0.9873,0.01002,270.73,51.91,0.5602744799999999,0.7115485895999999,2.17,1.905588e-08,9.35497e-09,1.687823e-08,7.836486e-09,129.99,116.83,12281.85,11038.32,64.55,57.17
6.33162,8,0.5937,0.009,0.009,5.190,6.104,0.9873,0.01002,270.73,51.91,0.56027352,0.7115473703999999,2.17,1.901607e-08,9.338084e-09,1.683557e-08,7.828192e-09,130.08,117.17,12290.79,11070.57,64.60,57.36
6.33188,8,0.5937,0.009,0.009,5.190,6.104,0.9873,0.01002,270.73,51.91,0.56027248,0.7115460496,2.17,1.895114e-08,9.326846e-09,1.682214e-08,7.818673e-09,130.65,117.08,12344.48,11061.91,64.92,57.31
6.33212,8,0.5937,0.009,0.009,5.190,6.104,0.9873,0.01002,270.73,51.91,0.5602715199999999,0.7115448303999999,2.17,1.891107e-08,9.298617e-09,1.677872e-08,7.812915e-09,130.42,117.48,12322.28,11100.20,64.78,57.54
6.33237,8,0.5938,0.009,0.009,5.190,6.104,0.9873,0.01002,270.73,51.91,0.56027052,0.7115435604,2.17,1.885082e-08,9.287841e-09,1.67549e-08,7.807162e-09,130.96,117.65,12373.76,11116.29,65.09,57.63
6.33263,8,0.5938,0.009,0.009,5.190,6.104,0.9873,0.01002,270.73,51.91,0.56026948,0.7115422396,2.17,1.88144e-08,9.279739e-09,1.671819e-08,7.799113e-09,131.23,117.91,12399.68,11140.52,65.24,57.78
6.33287,8,0.5938,0.009,0.009,5.190,6.104,0.9873,0.01002,270.73,51.91,0.5602685199999999,0.7115410203999999,2.17,1.877378e-08,9.257104e-09,1.670254e-08,7.798218e-09,131.16,118.09,12392.81,11157.70,65.20,57.88
6.33312,8,0.5939,0.009,0.009,5.190,6.104,0.9873,0.01002,270.73,51.91,0.5602675199999999,0.7115397503999998,2.17,1.872536e-08,9.244826e-09,1.666148e-08,7.789568e-09,131.51,118.41,12425.65,11187.92,65.40,58.06
6.33338,8,0.5939,0.009,0.009,5.190,6.104,0.9873,0.01002,270.73,51.91,0.56026648,0.7115384296,2.17,1.86866e-08,9.247426e-09,1.663154e-08,7.783507e-09,132.12,118.64,12483.61,11209.38,65.74,58.19
6.33362,8,0.5939,0.009,0.009,5.190,6.104,0.9873,0.01002,270.73,51.91,0.56026552,0.7115372104,2.17,1.865947e-08,9.23081e-09,1.661493e-08,7.775195e-09,132.03,118.62,12475.07,11207.92,65.69,58.18
6.33387,8,0.5940,0.009,0.009,5.190,6.104,0.9873,0.01002,270.73,51.91,0.5602645199999999,0.7115359403999999,2.17,1.862609e-08,9.226548e-09,1.657541e-08,7.768858e-09,132.40,118.99,12510.04,11242.88,65.90,58.38
6.33413,8,0.5940,0.009,0.009,5.190,6.104,0.9873,0.01002,270.73,51.91,0.5602634799999999,0.7115346195999999,2.17,1.858671e-08,9.212696e-09,1.655108e-08,7.759923e-09,132.56,119.06,12525.28,11249.62,65.99,58.42
6.33437,8,0.5940,0.009,0.009,5.190,6.104,0.9873,0.01002,270.73,51.91,0.56026252,0.7115334004,2.17,1.855257e-08,9.200621e-09,1.652061e-08,7.758984e-09,132.70,119.45,12538.38,11286.17,66.07,58.64
6.33462,8,0.5941,0.009,0.009,5.190,6.104,0.9873,0.01002,270.73,51.91,0.56026152,0.7115321304,2.17,1.851964e-08,9.201462e-09,1.650452e-08,7.749051e-09,133.22,119.40,12587.09,11281.54,66.35,58.61
6.33488,8,0.5941,0.009,0.009,5.190,6.104,0.9873,0.01002,270.73,51.91,0.56026048,0.7115308095999999,2.17,1.848314e-08,9.202449e-09,1.645809e-08,7.739581e-09,133.77,119.76,12639.28,11315.52,66.66,58.81
6.33512,8,0.5941,0.009,0.009,5.190,6.104,0.9873,0.01002,270.73,51.91,0.56025952,0.7115295904000001,2.17,1.847982e-08,9.193378e-09,1.6434e-08,7.735824e-09,133.56,119.98,12619.01,11336.47,66.54,58.94
6.33537,8,0.5942,0.009,0.009,5.190,6.104,0.9873,0.01002,270.73,51.91,0.56025852,0.7115283204,2.17,1.844021e-08,9.188695e-09,1.641638e-08,7.721281e-09,134.01,119.82,12662.33,11321.07,66.80,58.85
6.33563,8,0.5942,0.009,0.009,5.190,6.104,0.9873,0.01002,270.73,51.91,0.56025748,0.7115269996,2.17,1.841037e-08,9.186658e-09,1.637051e-08,7.712803e-09,134.39,120.20,12697.68,11357.48,67.01,59.06
6.33587,8,0.5942,0.009,0.009,5.190,6.104,0.9873,0.01002,270.73,51.91,0.5602565199999999,0.7115257803999999,2.17,1.842447e-08,9.183296e-09,1.634836e-08,7.707569e-09,134.09,120.36,12669.05,11371.99,66.84,59.15
6.33613,8,0.5943,0.009,0.009,5.190,6.104,0.9873,0.01002,270.73,51.91,0.5602554799999999,0.7115244595999999,2.17,1.838396e-08,9.17725e-09,1.631078e-08,7.691172e-09,134.52,120.42,12710.24,11377.60,67.08,59.18
6.33638,8,0.5943,0.009,0.009,5.190,6.104,0.9873,0.01002,270.73,51.91,0.56025448,0.7115231896,2.17,1.837795e-08,9.174712e-09,1.627387e-08,7.687939e-09,134.53,120.84,12711.52,11417.42,67.09,59.42
6.33662,8,0.5943,0.009,0.009,5.190,6.104,0.9873,0.01002,270.73,51.91,0.56025352,0.7115219704,2.17,1.835877e-08,9.17492e-09,1.621814e-08,7.678236e-09,134.82,121.34,12738.64,11464.47,67.25,59.70
6.33688,8,0.5944,0.009,0.009,5.189,6.104,0.9873,0.01002,270.73,51.91,0.5602524799999999,0.7115206495999999,2.17,1.833555e-08,9.171234e-09,1.619522e-08,7.655768e-09,135.08,121.01,12762.81,11433.45,67.39,59.51
6.33713,8,0.5944,0.009,0.009,5.189,6.104,0.9873,0.01002,270.73,51.91,0.5602514799999999,0.7115193795999999,2.17,1.831438e-08,9.184315e-09,1.614796e-08,7.645013e-09,135.78,121.36,12828.96,11466.41,67.79,59.71
6.33737,8,0.5944,0.009,0.009,5.189,6.104,0.9873,0.01002,270.73,51.91,0.56025052,0.7115181603999999,2.17,1.830322e-08,9.174295e-09,1.610543e-08,7.638422e-09,135.65,121.77,12816.57,11505.15,67.71,59.94
6.33763,8,0.5945,0.009,0.009,5.189,6.104,0.9873,0.01002,270.73,51.91,0.56024948,0.7115168396,2.17,1.828941e-08,9.18023e-09,1.606437e-08,7.628563e-09,136.05,122.08,12854.82,11534.74,67.94,60.11
6.33788,8,0.5945,0.009,0.009,5.189,6.104,0.9873,0.01002,270.73,51.91,0.5602484799999999,0.7115155696,2.17,1.828126e-08,9.181528e-09,1.602507e-08,7.603354e-09,136.21,121.88,12869.99,11515.86,68.03,60.00
6.33812,8,0.5945,0.009,0.009,5.189,6.104,0.9873,0.01002,270.73,51.91,0.56024752,0.7115143504,2.17,1.824888e-08,9.177472e-09,1.597678e-08,7.591043e-09,136.58,122.21,12904.47,11546.54,68.23,60.18
6.33838,8,0.5946,0.009,0.009,5.189,6.104,0.9873,0.01002,270.73,51.91,0.56024648,0.7115130296,2.17,1.824728e-08,9.174387e-09,1.593911e-08,7.568246e-09,136.53,122.08,12900.19,11534.26,68.21,60.11
6.33863,8,0.5946,0.009,0.009,5.189,6.104,0.9873,0.01002,270.73,51.91,0.56024548,0.7115117596,2.17,1.823506e-08,9.177674e-09,1.589393e-08,7.556636e-09,136.81,122.38,12926.90,11562.94,68.37,60.28
6.33887,8,0.5946,0.009,0.009,5.189,6.104,0.9873,0.01002,270.73,51.91,0.5602445199999999,0.7115105404,2.17,1.822653e-08,9.17579e-09,1.58301e-08,7.538131e-09,136.89,122.75,12933.74,11597.67,68.41,60.48
6.33913,8,0.5947,0.009,0.009,5.189,6.104,0.9873,0.01002,270.73,51.91,0.5602434799999999,0.7115092195999999,2.17,1.819839e-08,9.171155e-09,1.578115e-08,7.522097e-09,137.20,122.99,12963.05,11621.08,68.58,60.62
6.33938,8,0.5947,0.009,0.009,5.189,6.104,0.9873,0.01002,270.73,51.91,0.56024248,0.7115079496,2.17,1.818845e-08,9.169808e-09,1.573869e-08,7.497508e-09,137.31,122.86,12973.49,11608.21,68.64,60.55
6.33962,8,0.5947,0.009,0.009,5.189,6.104,0.9873,0.01002,270.73,51.91,0.5602415199999999,0.7115067303999999,2.17,1.817508e-08,9.174559e-09,1.569256e-08,7.484154e-09,137.66,123.13,13006.35,11633.80,68.84,60.70
6.33988,8,0.5948,0.009,0.009,5.189,6.104,0.9873,0.01002,270.73,51.91,0.5602404799999999,0.7115054096,2.17,1.815038e-08,9.170127e-09,1.564447e-08,7.4636e-09,137.92,123.22,13031.60,11642.86,68.99,60.75
6.34012,8,0.5948,0.009,0.009,5.189,6.104,0.9873,0.01002,270.73,51.91,0.56023952,0.7115041904,2.17,1.814026e-08,9.165383e-09,1.55904e-08,7.445712e-09,137.93,123.48,13032.66,11666.55,68.99,60.89
6.34037,8,0.5948,0.009,0.009,5.189,6.104,0.9873,0.01002,270.73,51.91,0.56023852,0.7115029204,2.17,1.813646e-08,9.160395e-09,1.554036e-08,7.426249e-09,137.84,123.62,13023.84,11679.91,68.94,60.97
6.34063,8,0.5949,0.009,0.009,5.189,6.104,0.9873,0.01002,270.73,51.91,0.56023748,0.7115015995999999,2.17,1.810354e-08,9.154437e-09,1.548399e-08,7.409815e-09,138.19,123.97,13056.78,11713.67,69.14,61.17
6.34087,8,0.5949,0.009,0.009,5.189,6.104,0.9873,0.01002,270.73,51.91,0.5602365199999999,0.7115003803999999,2.17,1.809528e-08,9.152434e-09,1.544745e-08,7.388521e-09,138.26,123.85,13063.05,11702.11,69.17,61.10
6.34112,8,0.5949,0.009,0.009,5.189,6.104,0.9873,0.01002,270.73,51.91,0.56023552,0.7114991104,2.17,1.806706e-08,9.151578e-09,1.539601e-08,7.370856e-09,138.67,124.08,13101.92,11723.26,69.40,61.23
6.34138,8,0.5950,0.009,0.009,5.189,6.104,0.9873,0.01002,270.73,51.91,0.56023448,0.7114977896,2.17,1.804321e-08,9.155095e-09,1.534867e-08,7.351497e-09,139.17,124.20,13149.52,11735.35,69.69,61.30
6.34162,8,0.5950,0.009,0.009,5.189,6.104,0.9873,0.01002,270.73,51.91,0.5602335199999999,0.7114965703999999,2.17,1.803309e-08,9.152052e-09,1.530213e-08,7.330605e-09,139.24,124.25,13155.63,11739.65,69.72,61.33
6.34187,8,0.5950,0.009,0.009,5.189,6.104,0.9873,0.01002,270.73,51.91,0.56023252,0.7114953004,2.17,1.802406e-08,9.138797e-09,1.526414e-08,7.31369e-09,138.97,124.29,13130.33,11743.61,69.57,61.35
6.34213,8,0.5951,0.009,0.009,5.188,6.104,0.9873,0.01002,270.73,51.91,0.56023148,0.7114939796,2.17,1.798704e-08,9.141531e-09,1.521122e-08,7.295741e-09,139.66,124.55,13195.50,11768.52,69.96,61.50
6.34237,8,0.5951,0.009,0.009,5.188,6.104,0.9873,0.01002,270.73,51.91,0.56023052,0.7114927604,2.17,1.796424e-08,9.134481e-09,1.516985e-08,7.275995e-09,139.80,124.56,13208.84,11768.82,70.04,61.50
6.34262,8,0.5951,0.009,0.009,5.188,6.104,0.9873,0.01002,270.73,51.91,0.5602295199999999,0.7114914903999999,2.17,1.794852e-08,9.124023e-09,1.510984e-08,7.258194e-09,139.72,124.92,13201.59,11803.14,69.99,61.70
6.34288,8,0.5952,0.009,0.009,5.188,6.104,0.9873,0.01002,270.73,51.91,0.5602284799999999,0.7114901695999999,2.17,1.793575e-08,9.116285e-09,1.50808e-08,7.247488e-09,139.71,125.05,13200.14,11815.30,69.98,61.77
6.34312,8,0.5952,0.009,0.009,5.188,6.104,0.9873,0.01002,270.73,51.91,0.56022752,0.7114889503999999,2.17,1.790861e-08,9.111507e-09,1.503831e-08,7.226216e-09,139.99,125.02,13226.75,11812.62,70.14,61.76
6.34337,8,0.5953,0.009,0.009,5.188,6.104,0.9873,0.01002,270.73,51.91,0.56022652,0.7114876804,2.17,1.788973e-08,9.100628e-09,1.50002e-08,7.215026e-09,139.97,125.28,13225.21,11837.10,70.13,61.90
6.34363,8,0.5953,0.009,0.009,5.188,6.104,0.9873,0.01002,270.73,51.91,0.5602254799999999,0.7114863596,2.17,1.786246e-08,9.104618e-09,1.495653e-08,7.202979e-09,140.53,125.58,13278.23,11865.53,70.45,62.07
6.34387,8,0.5953,0.009,0.009,5.188,6.104,0.9873,0.01002,270.73,51.91,0.56022452,0.7114851404,2.17,1.784349e-08,9.100074e-09,1.49291e-08,7.189499e-09,140.69,125.57,13293.51,11864.67,70.54,62.07
6.34413,8,0.5954,0.009,0.009,5.188,6.104,0.9873,0.01002,270.73,51.91,0.56022348,0.7114838196,2.17,1.783669e-08,9.089953e-09,1.48865e-08,7.175097e-09,140.51,125.80,13275.91,11886.20,70.43,62.19
6.34438,8,0.5954,0.009,0.009,5.188,6.104,0.9873,0.01003,270.73,51.91,0.56022248,0.7114825496,2.17,1.780267e-08,9.082252e-09,1.485747e-08,7.16222e-09,140.81,125.84,13304.69,11889.77,70.60,62.21
6.34462,8,0.5954,0.009,0.009,5.188,6.104,0.9873,0.01003,270.73,51.91,0.5602215199999999,0.7114813304,2.17,1.778584e-08,9.089224e-09,1.481875e-08,7.150041e-09,141.31,126.06,13351.35,11910.64,70.88,62.34
6.34488,8,0.5955,0.009,0.009,5.188,6.104,0.9873,0.01003,270.73,51.91,0.5602204799999999,0.7114800095999999,2.17,1.776444e-08,9.076693e-09,1.479426e-08,7.139035e-09,141.28,126.11,13348.80,11915.25,70.86,62.36
6.34513,8,0.5955,0.009,0.009,5.188,6.104,0.9873,0.01003,270.73,51.91,0.56021948,0.7114787396,2.17,1.774926e-08,9.078022e-09,1.478159e-08,7.130422e-09,141.57,126.02,13376.17,11907.19,71.03,62.32
6.34537,8,0.5955,0.009,0.009,5.188,6.104,0.9873,0.01003,270.73,51.91,0.5602185199999999,0.7114775203999999,2.17,1.774233e-08,9.068139e-09,1.474696e-08,7.123439e-09,141.37,126.36,13357.06,11938.66,70.91,62.50
6.34563,8,0.5956,0.009,0.009,5.188,6.104,0.9873,0.01003,270.73,51.91,0.5602174799999999,0.7114761996,2.17,1.773769e-08,9.07066e-09,1.471177e-08,7.108155e-09,141.55,126.44,13374.06,11946.24,71.01,62.55
6.34588,8,0.5956,0.009,0.009,5.188,6.104,0.9873,0.01003,270.73,51.91,0.5602164799999999,0.7114749295999999,2.17,1.77126e-08,9.065866e-09,1.469601e-08,7.101085e-09,141.80,126.45,13398.36,11948.01,71.16,62.56
6.34612,8,0.5956,0.009,0.009,5.188,6.104,0.9873,0.01003,270.73,51.91,0.56021552,0.7114737104,2.17,1.770268e-08,9.065169e-09,1.466502e-08,7.093082e-09,141.94,126.70,13411.64,11970.78,71.24,62.69
6.34638,8,0.5957,0.009,0.009,5.188,6.104,0.9873,0.01003,270.73,51.91,0.56021448,0.7114723895999999,2.17,1.770021e-08,9.062934e-09,1.464621e-08,7.085321e-09,141.94,126.76,13410.95,11977.17,71.23,62.73
6.34663,8,0.5957,0.009,0.009,5.188,6.104,0.9873,0.01003,270.73,51.91,0.5602134799999999,0.7114711195999999,2.17,1.768761e-08,9.071536e-09,1.462723e-08,7.078956e-09,142.42,126.86,13456.71,11986.41,71.50,62.79
6.34687,8,0.5957,0.009,0.009,5.188,6.104,0.9873,0.01003,270.73,51.91,0.56021252,0.7114699004,2.17,1.76822e-08,9.063918e-09,1.460939e-08,7.072519e-09,142.27,126.94,13441.96,11993.63,71.42,62.83
6.34713,8,0.5958,0.009,0.009,5.187,6.104,0.9873,0.01003,270.73,51.91,0.56021148,0.7114685796,2.17,1.767746e-08,9.071136e-09,1.458635e-08,7.067939e-09,142.60,127.19,13473.62,12017.30,71.60,62.97
6.34738,8,0.5958,0.009,0.009,5.187,6.104,0.9873,0.01003,270.73,51.91,0.56021048,0.7114673095999999,2.17,1.767608e-08,9.076174e-09,1.457098e-08,7.058999e-09,142.79,127.14,13491.16,12012.38,71.71,62.94
6.34762,8,0.5958,0.009,0.009,5.187,6.104,0.9873,0.01003,270.73,51.91,0.5602095199999999,0.7114660903999999,2.17,1.767934e-08,9.087331e-09,1.45555e-08,7.05701e-09,143.09,127.33,13520.16,12030.60,71.88,63.05
6.34788,8,0.5959,0.009,0.009,5.187,6.104,0.9873,0.01003,270.73,51.91,0.56020848,0.7114647696,2.17,1.767767e-08,9.084766e-09,1.453203e-08,7.052372e-09,143.06,127.59,13517.21,12054.99,71.86,63.19
6.34812,8,0.5959,0.009,0.009,5.187,6.104,0.9873,0.01003,270.74,51.91,0.56020752,0.7114635504,2.17,1.767931e-08,9.098722e-09,1.452156e-08,7.043071e-09,143.49,127.44,13557.41,12040.97,72.10,63.11
6.34837,8,0.5959,0.009,0.009,5.187,6.104,0.9873,0.01003,270.74,51.91,0.5602065199999999,0.7114622803999999,2.17,1.768747e-08,9.099595e-09,1.450491e-08,7.038992e-09,143.38,127.58,13547.20,12054.26,72.04,63.19
6.34863,8,0.5960,0.009,0.009,5.187,6.104,0.9873,0.01003,270.74,51.91,0.5602054799999999,0.7114609595999999,2.17,1.769758e-08,9.113771e-09,1.446898e-08,7.039198e-09,143.69,128.22,13577.01,12115.27,72.22,63.55
6.34887,8,0.5960,0.009,0.009,5.187,6.104,0.9873,0.01003,270.74,51.91,0.56020452,0.7114597404,2.17,1.769163e-08,9.119929e-09,1.4469e-08,7.02758e-09,144.00,127.81,13605.38,12076.36,72.38,63.32
6.34912,8,0.5960,0.009,0.009,5.187,6.104,0.9873,0.01003,270.74,51.91,0.56020352,0.7114584704,2.17,1.77145e-08,9.131487e-09,1.443928e-08,7.014493e-09,143.99,127.86,13604.66,12080.87,72.38,63.34
6.34938,8,0.5961,0.009,0.009,5.187,6.104,0.9873,0.01003,270.74,51.91,0.56020248,0.7114571496,2.17,1.771947e-08,9.137715e-09,1.442043e-08,7.01736e-09,144.13,128.31,13618.22,12123.30,72.46,63.60
6.34962,8,0.5961,0.009,0.009,5.187,6.104,0.9873,0.01003,270.74,51.91,0.56020152,0.7114559304,2.17,1.77364e-08,9.150548e-09,1.440652e-08,7.003021e-09,144.26,128.04,13630.84,12097.83,72.53,63.45
6.34987,8,0.5961,0.009,0.009,5.187,6.104,0.9873,0.01003,270.74,51.91,0.56020052,0.7114546603999999,2.17,1.774798e-08,9.162616e-09,1.437962e-08,7.002822e-09,144.46,128.50,13649.59,12141.27,72.65,63.70
6.35013,8,0.5962,0.009,0.009,5.187,6.104,0.9873,0.01003,270.74,51.91,0.56019948,0.7114533396,2.17,1.776731e-08,9.172126e-09,1.435297e-08,6.99073e-09,144.47,128.55,13650.44,12146.31,72.65,63.73
6.35037,8,0.5962,0.009,0.009,5.187,6.104,0.9873,0.01003,270.74,51.91,0.5601985199999999,0.7114521203999999,2.17,1.778505e-08,9.195346e-09,1.432247e-08,6.987555e-09,144.93,128.97,13693.73,12186.02,72.91,63.97
6.35062,8,0.5962,0.009,0.009,5.187,6.104,0.9873,0.01003,270.74,51.91,0.56019752,0.7114508504,2.17,1.779458e-08,9.204503e-09,1.431209e-08,6.976284e-09,145.07,128.75,13706.77,12164.89,72.98,63.84
6.35088,8,0.5963,0.009,0.009,5.187,6.104,0.9873,0.01003,270.74,51.91,0.56019648,0.7114495296,2.17,1.781678e-08,9.221306e-09,1.428736e-08,6.966544e-09,145.27,128.85,13725.47,12174.82,73.09,63.90
6.35112,8,0.5963,0.009,0.009,5.187,6.104,0.9873,0.01003,270.74,51.91,0.56019552,0.7114483103999999,2.17,1.783954e-08,9.234378e-09,1.42507e-08,6.959723e-09,145.31,129.26,13729.45,12212.68,73.12,64.13
6.35137,8,0.5963,0.009,0.009,5.187,6.104,0.9873,0.01003,270.74,51.91,0.5601945199999999,0.7114470404,2.17,1.785896e-08,9.253828e-09,1.422373e-08,6.95517e-09,145.61,129.57,13758.42,12242.33,73.29,64.30
6.35163,8,0.5964,0.009,0.009,5.187,6.104,0.9873,0.01003,270.74,51.91,0.5601934799999999,0.7114457195999999,2.17,1.786411e-08,9.265714e-09,1.420447e-08,6.941976e-09,145.94,129.45,13789.20,12231.36,73.47,64.24
6.35187,8,0.5964,0.009,0.009,5.187,6.104,0.9873,0.01003,270.74,51.91,0.56019252,0.7114445004,2.17,1.789527e-08,9.278342e-09,1.416529e-08,6.930196e-09,145.83,129.72,13778.29,12256.85,73.41,64.39
6.35213,8,0.5964,0.009,0.009,5.187,6.104,0.9873,0.01003,270.74,51.91,0.56019148,0.7114431795999999,2.17,1.791297e-08,9.302253e-09,1.413918e-08,6.920646e-09,146.31,129.84,13823.76,12268.04,73.68,64.45
6.35238,8,0.5965,0.009,0.009,5.186,6.104,0.9873,0.01003,270.74,51.91,0.5601904799999999,0.7114419096,2.17,1.793166e-08,9.317109e-09,1.411043e-08,6.911903e-09,146.50,130.06,13842.00,12288.65,73.78,64.57
6.35262,8,0.5965,0.009,0.009,5.186,6.104,0.9873,0.01003,270.74,51.91,0.56018952,0.7114406904,2.17,1.793798e-08,9.33188e-09,1.407441e-08,6.895212e-09,146.88,130.09,13877.56,12291.98,74.00,64.59
6.35288,8,0.5965,0.009,0.009,5.186,6.104,0.9873,0.01003,270.74,51.91,0.56018848,0.7114393696,2.17,1.797159e-08,9.347989e-09,1.404157e-08,6.882657e-09,146.83,130.23,13873.30,12304.37,73.97,64.67
6.35313,8,0.5966,0.009,0.009,5.186,6.104,0.9873,0.01003,270.74,51.91,0.56018748,0.7114380995999999,2.17,1.798578e-08,9.362697e-09,1.400501e-08,6.870498e-09,147.10,130.46,13898.29,12326.71,74.12,64.80
6.35337,8,0.5966,0.009,0.009,5.186,6.104,0.9873,0.01003,270.74,51.91,0.5601865199999999,0.7114368803999999,2.17,1.800119e-08,9.376178e-09,1.397884e-08,6.855349e-09,147.27,130.38,13915.19,12318.56,74.22,64.75
6.35363,8,0.5966,0.009,0.009,5.186,6.104,0.9873,0.01003,270.74,51.91,0.5601854799999999,0.7114355595999999,2.17,1.801277e-08,9.393927e-09,1.392366e-08,6.84768e-09,147.66,131.10,13951.51,12387.39,74.43,65.16
6.35388,8,0.5967,0.009,0.009,5.186,6.104,0.9873,0.01003,270.74,51.91,0.56018448,0.7114342896,2.17,1.802443e-08,9.409044e-09,1.389511e-08,6.830787e-09,147.98,131.02,13981.91,12379.30,74.61,65.11
6.35412,8,0.5967,0.009,0.009,5.186,6.104,0.9873,0.01003,270.74,51.91,0.5601835199999999,0.7114330703999999,2.17,1.804573e-08,9.415754e-09,1.38525e-08,6.81749e-09,147.84,131.31,13968.23,12406.68,74.53,65.27
6.35438,8,0.5967,0.009,0.009,5.186,6.104,0.9873,0.01003,270.74,51.91,0.5601824799999999,0.7114317495999999,2.17,1.804782e-08,9.432881e-09,1.381539e-08,6.802463e-09,148.36,131.43,14018.06,12418.32,74.83,65.34
6.35463,8,0.5968,0.009,0.009,5.186,6.104,0.9873,0.01003,270.74,51.91,0.56018148,0.7114304796,2.17,1.807123e-08,9.443666e-09,1.376989e-08,6.784052e-09,148.34,131.61,14015.90,12434.81,74.81,65.44
6.35487,8,0.5968,0.009,0.009,5.186,6.104,0.9873,0.01003,270.74,51.91,0.56018052,0.7114292604,2.17,1.806589e-08,9.451958e-09,1.373283e-08,6.767734e-09,148.71,131.68,14050.41,12441.85,75.02,65.48
6.35513,8,0.5968,0.009,0.009,5.186,6.104,0.9873,0.01003,270.74,51.91,0.56017948,0.7114279396,2.17,1.807546e-08,9.468007e-09,1.368946e-08,6.755017e-09,149.07,132.01,14084.86,12473.36,75.22,65.67
6.35538,8,0.5969,0.009,0.009,5.186,6.104,0.9873,0.01003,270.74,51.91,0.5601784799999999,0.7114266695999999,2.17,1.807425e-08,9.475844e-09,1.365569e-08,6.736092e-09,149.38,131.95,14113.72,12467.19,75.39,65.63
6.35562,8,0.5969,0.009,0.009,5.186,6.104,0.9873,0.01003,270.74,51.91,0.56017752,0.7114254503999999,2.17,1.8074e-08,9.48048e-09,1.360777e-08,6.722675e-09,149.53,132.35,14128.65,12504.71,75.48,65.85
6.35588,8,0.5969,0.009,0.009,5.186,6.104,0.9873,0.01003,270.74,51.91,0.56017648,0.7114241296,2.17,1.807499e-08,9.492094e-09,1.357663e-08,6.706461e-09,149.90,132.31,14163.47,12501.65,75.69,65.84
6.39412,9,0.6021,0.008,0.009,5.205,6.131,0.9873,0.01004,270.75,51.43,0.56002352,0.7112298704,2.14,9.179749e-09,5.1473e-09,1.296556e-08,6.699352e-09,174.52,146.17,16489.82,13811.26,89.46,73.58
6.39438,9,0.6021,0.008,0.009,5.205,6.131,0.9873,0.01004,270.75,51.43,0.56002248,0.7112285496,2.14,9.176368e-09,5.156368e-09,1.293078e-08,6.680577e-09,175.37,146.14,16570.02,13807.82,89.93,73.56
6.39462,9,0.6021,0.008,0.009,5.205,6.131,0.9873,0.01004,270.75,51.43,0.5600215199999999,0.7112273304,2.14,9.111084e-09,5.111141e-09,1.29003e-08,6.6719e-09,174.71,146.46,16507.05,13838.16,89.56,73.74
6.39487,9,0.6022,0.008,0.009,5.205,6.131,0.9873,0.01004,270.75,51.43,0.5600205199999999,0.7112260603999999,2.14,9.086606e-09,5.093683e-09,1.2868e-08,6.64786e-09,174.44,146.15,16482.32,13808.90,89.41,73.57
6.39513,9,0.6022,0.008,0.009,5.205,6.131,0.9873,0.01004,270.75,51.43,0.56001948,0.7112247396,2.14,9.056347e-09,5.079024e-09,1.284302e-08,6.639296e-09,174.62,146.35,16499.35,13827.61,89.51,73.68
6.39537,9,0.6022,0.008,0.009,5.205,6.131,0.9873,0.01004,270.75,51.43,0.56001852,0.7112235203999999,2.14,9.023211e-09,5.064842e-09,1.281478e-08,6.620363e-09,174.97,146.15,16532.06,13808.89,89.71,73.57
6.39562,9,0.6023,0.008,0.009,5.205,6.131,0.9873,0.01004,270.75,51.43,0.5600175199999999,0.7112222504,2.14,8.99344e-09,5.049191e-09,1.278669e-08,6.608692e-09,175.08,146.30,16542.72,13823.48,89.77,73.65
6.39588,9,0.6023,0.008,0.009,5.205,6.131,0.9873,0.01004,270.75,51.43,0.5600164799999999,0.7112209295999999,2.14,8.966237e-09,5.034483e-09,1.275574e-08,6.595763e-09,175.13,146.44,16546.95,13836.79,89.79,73.73
6.39612,9,0.6023,0.008,0.009,5.205,6.131,0.9873,0.01004,270.75,51.43,0.56001552,0.7112197104,2.14,8.941963e-09,5.020943e-09,1.273286e-08,6.583622e-09,175.13,146.43,16547.63,13835.44,89.80,73.72
6.39637,9,0.6024,0.008,0.009,5.205,6.131,0.9873,0.01004,270.75,51.43,0.56001452,0.7112184403999999,2.14,8.922923e-09,5.010473e-09,1.272328e-08,6.577057e-09,175.18,146.38,16552.04,13830.72,89.82,73.69
6.39663,9,0.6024,0.008,0.009,5.205,6.131,0.9873,0.01004,270.75,51.43,0.56001348,0.7112171196,2.14,8.899925e-09,4.995857e-09,1.271052e-08,6.569599e-09,175.05,146.34,16539.19,13826.97,89.75,73.67
6.39687,9,0.6024,0.008,0.009,5.205,6.131,0.9873,0.01004,270.75,51.43,0.56001252,0.7112159004,2.14,8.880646e-09,4.98921e-09,1.269859e-08,6.561879e-09,175.38,146.27,16570.80,13820.20,89.94,73.63
6.39712,9,0.6025,0.008,0.009,5.205,6.131,0.9873,0.01004,270.75,51.43,0.56001152,0.7112146304,2.14,8.864878e-09,4.979179e-09,1.267448e-08,6.557831e-09,175.32,146.68,16564.65,13859.27,89.90,73.86
6.39738,9,0.6025,0.008,0.009,5.205,6.131,0.9873,0.01004,270.75,51.43,0.56001048,0.7112133096,2.14,8.852822e-09,4.97357e-09,1.267955e-08,6.552203e-09,175.41,146.30,16573.49,13823.20,89.95,73.65
6.39762,9,0.6025,0.008,0.009,5.205,6.131,0.9873,0.01004,270.75,51.43,0.5600095199999999,0.7112120903999999,2.14,8.849911e-09,4.967534e-09,1.26577e-08,6.553666e-09,175.05,146.89,16540.05,13879.09,89.75,73.98
6.39787,9,0.6026,0.008,0.009,5.205,6.131,0.9873,0.01004,270.75,51.43,0.56000852,0.7112108204,2.14,8.838232e-09,4.963535e-09,1.266245e-08,6.55091e-09,175.29,146.67,16562.24,13858.52,89.88,73.86
6.39813,9,0.6026,0.008,0.009,5.205,6.131,0.9873,0.01004,270.75,51.43,0.56000748,0.7112094996,2.14,8.832856e-09,4.960953e-09,1.266138e-08,6.549743e-09,175.32,146.65,16565.57,13855.83,89.90,73.84
6.39837,9,0.6026,0.008,0.009,5.205,6.131,0.9873,0.01004,270.75,51.43,0.56000652,0.7112082804,2.14,8.832621e-09,4.960641e-09,1.266145e-08,6.549968e-09,175.31,146.65,16564.20,13856.66,89.89,73.85
6.39863,9,0.6027,0.008,0.009,5.204,6.131,0.9873,0.01004,270.75,51.43,0.5600054799999999,0.7112069595999999,2.14,8.830708e-09,4.963095e-09,1.266088e-08,6.549278e-09,175.62,146.66,16593.86,13857.22,90.07,73.85
6.39888,9,0.6027,0.008,0.009,5.204,6.131,0.9873,0.01004,270.75,51.43,0.5600044799999999,0.7112056895999999,2.14,8.83452e-09,4.965075e-09,1.266174e-08,6.552145e-09,175.61,146.77,16592.62,13867.84,90.06,73.91
6.39912,9,0.6027,0.008,0.009,5.205,6.131,0.9873,0.01004,270.75,51.43,0.56000352,0.7112044704,2.14,8.844492e-09,4.967422e-09,1.267182e-08,6.555688e-09,175.35,146.70,16567.82,13860.51,89.92,73.87
6.39938,9,0.6028,0.008,0.009,5.204,6.131,0.9873,0.01004,270.75,51.43,0.56000248,0.7112031496,2.14,8.847547e-09,4.969957e-09,1.268833e-08,6.559983e-09,175.44,146.52,16576.80,13844.25,89.97,73.77
6.39963,9,0.6028,0.008,0.009,5.204,6.131,0.9873,0.01004,270.75,51.43,0.5600014799999999,0.7112018795999999,2.14,8.865241e-09,4.981783e-09,1.270492e-08,6.568086e-09,175.60,146.50,16591.14,13842.18,90.05,73.76
6.39987,9,0.6028,0.008,0.009,5.204,6.131,0.9873,0.01004,270.75,51.43,0.56000052,0.7112006604,2.14,8.883278e-09,4.990216e-09,1.271664e-08,6.572804e-09,175.46,146.44,16578.22,13836.33,89.98,73.73
6.40013,9,0.6029,0.008,0.009,5.204,6.131,0.9873,0.01004,270.75,51.43,0.55999948,0.7111993396,2.14,8.899975e-09,4.99685e-09,1.273559e-08,6.579711e-09,175.27,146.33,16560.21,13826.07,89.87,73.67
6.40038,9,0.6029,0.008,0.009,5.204,6.131,0.9873,0.01004,270.75,51.43,0.55999848,0.7111980696,2.14,8.923435e-09,5.007281e-09,1.273955e-08,6.588408e-09,175.05,146.64,16539.57,13855.00,89.75,73.84
6.40062,9,0.6029,0.008,0.009,5.204,6.131,0.9873,0.01004,270.75,51.43,0.5599975199999999,0.7111968503999999,2.14,8.9452e-09,5.018304e-09,1.275669e-08,6.59062e-09,174.96,146.33,16530.63,13826.10,89.69,73.67
6.40088,9,0.6030,0.008,0.009,5.204,6.131,0.9873,0.01004,270.75,51.43,0.5599964799999999,0.7111955295999999,2.14,8.966096e-09,5.03139e-09,1.277923e-08,6.601941e-09,175.09,146.34,16543.59,13826.99,89.77,73.67
6.40113,9,0.6030,0.008,0.009,5.204,6.131,0.9873,0.01004,270.75,51.43,0.55999548,0.7111942596,2.14,8.986443e-09,5.042004e-09,1.277712e-08,6.609908e-09,175.03,146.76,16537.58,13866.30,89.74,73.90
6.40137,9,0.6030,0.008,0.009,5.204,6.131,0.9873,0.01004,270.75,51.43,0.5599945199999999,0.7111930404,2.14,9.009974e-09,5.055368e-09,1.28064e-08,6.614999e-09,175.04,146.30,16538.78,13822.76,89.74,73.64
6.40163,9,0.6031,0.008,0.009,5.204,6.131,0.9873,0.01004,270.75,51.43,0.5599934799999999,0.7111917195999999,2.14,9.045454e-09,5.068866e-09,1.281774e-08,6.616662e-09,174.57,146.13,16494.01,13806.95,89.48,73.55
6.40188,9,0.6031,0.008,0.009,5.204,6.131,0.9873,0.01004,270.75,51.43,0.55999248,0.7111904496,2.14,9.069271e-09,5.083563e-09,1.283286e-08,6.625215e-09,174.67,146.16,16503.98,13810.17,89.54,73.57
6.40212,9,0.6031,0.008,0.009,5.204,6.131,0.9873,0.01004,270.75,51.43,0.55999152,0.7111892303999999,2.14,9.102204e-09,5.096516e-09,1.285447e-08,6.627917e-09,174.24,145.78,16463.50,13773.85,89.30,73.35
6.40238,9,0.6032,0.008,0.009,5.204,6.131,0.9873,0.01004,270.75,51.43,0.55999048,0.7111879096,2.14,9.128104e-09,5.111494e-09,1.285966e-08,6.63348e-09,174.31,145.93,16469.72,13788.52,89.33,73.44
6.40262,9,0.6032,0.008,0.009,5.204,6.131,0.9873,0.01004,270.75,51.43,0.5599895199999999,0.7111866903999999,2.14,9.154159e-09,5.123858e-09,1.286878e-08,6.643583e-09,174.14,146.18,16453.47,13811.70,89.24,73.58
6.40287,9,0.6032,0.008,0.009,5.204,6.131,0.9873,0.01004,270.75,51.43,0.55998852,0.7111854204,2.14,9.186563e-09,5.133204e-09,1.287922e-08,6.642733e-09,173.46,145.90,16389.72,13784.94,88.86,73.42
6.40313,9,0.6033,0.008,0.009,5.204,6.131,0.9873,0.01004,270.75,51.43,0.55998748,0.7111840996,2.14,9.21278e-09,5.144371e-09,1.28856e-08,6.641292e-09,173.23,145.71,16367.32,13766.97,88.72,73.31
6.40337,9,0.6033,0.008,0.009,5.204,6.131,0.9873,0.01004,270.75,51.43,0.5599865199999999,0.7111828803999999,2.14,9.240913e-09,5.160494e-09,1.289244e-08,6.650202e-09,173.26,145.95,16370.30,13790.01,88.74,73.45
6.40362,9,0.6033,0.008,0.009,5.204,6.131,0.9873,0.01004,270.75,51.43,0.55998552,0.7111816104,2.14,9.264228e-09,5.171482e-09,1.289022e-08,6.649113e-09,173.10,145.95,16355.74,13790.25,88.66,73.45
6.40388,9,0.6034,0.008,0.009,5.204,6.131,0.9873,0.01004,270.75,51.43,0.55998448,0.7111802896,2.14,9.275609e-09,5.18353e-09,1.288829e-08,6.642669e-09,173.56,145.73,16399.23,13769.21,88.91,73.33
6.40412,9,0.6034,0.008,0.009,5.204,6.131,0.9873,0.01004,270.75,51.43,0.55998352,0.7111790704,2.14,9.296715e-09,5.188534e-09,1.288402e-08,6.634094e-09,173.05,145.44,16350.73,13741.96,88.63,73.16
6.40437,9,0.6034,0.008,0.009,5.204,6.131,0.9873,0.01004,270.75,51.43,0.5599825199999999,0.7111778003999999,2.14,9.323232e-09,5.198854e-09,1.288375e-08,6.637187e-09,172.71,145.59,16318.91,13755.77,88.44,73.25
6.40463,9,0.6035,0.008,0.009,5.203,6.131,0.9873,0.01004,270.75,51.43,0.5599814799999999,0.7111764795999999,2.14,9.339756e-09,5.201009e-09,1.286434e-08,6.633498e-09,172.21,145.90,16271.69,13785.10,88.16,73.42
6.40487,9,0.6035,0.008,0.009,5.203,6.131,0.9873,0.01004,270.75,51.43,0.55998052,0.7111752604,2.14,9.348408e-09,5.204545e-09,1.286935e-08,6.618295e-09,172.12,145.09,16262.65,13709.03,88.10,72.97
6.40512,9,0.6035,0.008,0.009,5.203,6.131,0.9873,0.01004,270.75,51.43,0.55997952,0.7111739904,2.14,9.3566e-09,5.2075e-09,1.285014e-08,6.609842e-09,172.00,145.16,16251.35,13715.12,88.04,73.00
6.40538,9,0.6036,0.008,0.009,5.203,6.131,0.9873,0.01004,270.75,51.43,0.55997848,0.7111726695999999,2.14,9.370468e-09,5.209166e-09,1.283879e-08,6.605325e-09,171.58,145.24,16211.56,13723.05,87.80,73.05
6.40562,9,0.6036,0.008,0.009,5.203,6.131,0.9873,0.01004,270.75,51.43,0.55997752,0.7111714504000001,2.14,9.375597e-09,5.20658e-09,1.281762e-08,6.592946e-09,171.18,145.17,16173.53,13716.67,87.57,73.01
6.40587,9,0.6036,0.008,0.009,5.203,6.131,0.9873,0.01004,270.75,51.43,0.55997652,0.7111701804,2.14,9.368386e-09,5.202901e-09,1.280075e-08,6.579742e-09,171.20,144.97,16175.80,13697.27,87.59,72.90
6.40613,9,0.6037,0.008,0.009,5.203,6.131,0.9873,0.01004,270.75,51.43,0.55997548,0.7111688596,2.14,9.372135e-09,5.200627e-09,1.27758e-08,6.566033e-09,170.91,144.95,16148.06,13695.74,87.42,72.89
6.40637,9,0.6037,0.008,0.009,5.203,6.131,0.9873,0.01004,270.75,51.43,0.5599745199999999,0.7111676403999999,2.14,9.36907e-09,5.198607e-09,1.276281e-08,6.550203e-09,170.88,144.54,16145.84,13656.48,87.41,72.66
6.40663,9,0.6037,0.008,0.009,5.203,6.131,0.9873,0.01004,270.75,51.43,0.5599734799999999,0.7111663195999999,2.14,9.356242e-09,5.188962e-09,1.272921e-08,6.53481e-09,170.70,144.62,16128.19,13664.43,87.31,72.70
6.40688,9,0.6038,0.008,0.009,5.203,6.131,0.9873,0.01004,270.75,51.43,0.55997248,0.7111650496,2.14,9.353451e-09,5.180218e-09,1.270458e-08,6.521929e-09,170.19,144.63,16080.71,13665.68,87.02,72.71
6.40712,9,0.6038,0.008,0.009,5.203,6.131,0.9873,0.01004,270.75,51.43,0.55997152,0.7111638304,2.14,9.345398e-09,5.173493e-09,1.267488e-08,6.504703e-09,170.03,144.54,16064.94,13657.14,86.93,72.66
6.40738,9,0.6038,0.008,0.009,5.203,6.131,0.9873,0.01004,270.75,51.43,0.5599704799999999,0.7111625095999999,2.14,9.334289e-09,5.162273e-09,1.265146e-08,6.484853e-09,169.65,144.19,16029.68,13623.34,86.72,72.46
6.40763,9,0.6039,0.008,0.009,5.203,6.131,0.9873,0.01004,270.75,51.43,0.5599694799999999,0.7111612395999999,2.14,9.316579e-09,5.149376e-09,1.26307e-08,6.472067e-09,169.45,144.11,16010.75,13616.34,86.61,72.42
6.40787,9,0.6039,0.008,0.009,5.203,6.131,0.9873,0.01004,270.75,51.43,0.55996852,0.7111600203999999,2.14,9.301202e-09,5.135253e-09,1.259392e-08,6.451078e-09,169.04,144.01,15971.64,13607.07,86.38,72.36
6.40813,9,0.6039,0.008,0.009,5.203,6.131,0.9873,0.01004,270.75,51.43,0.55996748,0.7111586996,2.14,9.281033e-09,5.122934e-09,1.257235e-08,6.435235e-09,168.95,143.79,15963.41,13586.32,86.33,72.24
6.40838,9,0.6040,0.008,0.009,5.203,6.131,0.9873,0.01004,270.75,51.43,0.5599664799999999,0.7111574296,2.14,9.262606e-09,5.112096e-09,1.254233e-08,6.417702e-09,168.93,143.72,15961.41,13579.18,86.32,72.20
6.40862,9,0.6040,0.008,0.009,5.203,6.131,0.9873,0.01004,270.75,51.43,0.55996552,0.7111562104,2.14,9.240654e-09,5.099364e-09,1.25135e-08,6.401533e-09,168.89,143.65,15957.10,13573.02,86.29,72.16
6.40888,9,0.6040,0.008,0.009,5.203,6.131,0.9873,0.01004,270.75,51.43,0.55996448,0.7111548896,2.14,9.226086e-09,5.082026e-09,1.248369e-08,6.380894e-09,168.20,143.40,15892.22,13549.59,85.91,72.02
6.40913,9,0.6041,0.008,0.009,5.203,6.131,0.9873,0.01004,270.75,51.43,0.55996348,0.7111536196,2.14,9.203114e-09,5.070178e-09,1.246297e-08,6.366889e-09,168.29,143.27,15900.47,13536.99,85.95,71.95
6.40937,9,0.6041,0.008,0.009,5.203,6.131,0.9873,0.01004,270.75,51.43,0.5599625199999999,0.7111524003999999,2.14,9.181554e-09,5.058209e-09,1.243493e-08,6.352943e-09,168.28,143.29,15899.83,13538.64,85.95,71.96
6.40963,9,0.6041,0.008,0.009,5.203,6.131,0.9873,0.01004,270.75,51.43,0.55996148,0.7111510796,2.14,9.164933e-09,5.040345e-09,1.241613e-08,6.335536e-09,167.63,142.93,15838.91,13504.64,85.59,71.75
6.40988,9,0.6042,0.008,0.009,5.202,6.131,0.9873,0.01004,270.75,51.43,0.55996048,0.7111498096,2.14,9.149765e-09,5.02584e-09,1.23974e-08,6.323976e-09,167.21,142.86,15798.48,13498.14,85.35,71.72
6.41012,9,0.6042,0.008,0.009,5.202,6.131,0.9873,0.01004,270.75,51.43,0.5599595199999999,0.7111485903999999,2.14,9.124792e-09,5.017015e-09,1.23693e-08,6.308909e-09,167.57,142.83,15832.73,13494.94,85.55,71.70
6.41038,9,0.6042,0.008,0.009,5.202,6.131,0.9873,0.01004,270.75,51.43,0.5599584799999999,0.7111472696,2.14,9.110165e-09,5.00307e-09,1.235553e-08,6.301323e-09,167.13,142.80,15791.35,13492.48,85.31,71.68
6.41062,9,0.6043,0.008,0.009,5.202,6.131,0.9873,0.01004,270.75,51.43,0.55995752,0.7111460504,2.14,9.103371e-09,4.991058e-09,1.234376e-08,6.284439e-09,166.55,142.32,15736.05,13447.20,84.98,71.41
6.41087,9,0.6043,0.008,0.009,5.202,6.131,0.9873,0.01004,270.75,51.43,0.55995652,0.7111447804,2.14,9.087437e-09,4.980159e-09,1.232657e-08,6.281654e-09,166.39,142.60,15720.94,13473.27,84.89,71.57
6.41113,9,0.6043,0.008,0.009,5.202,6.131,0.9873,0.01004,270.75,51.43,0.55995548,0.7111434595999999,2.14,9.0665e-09,4.974057e-09,1.231487e-08,6.270121e-09,166.78,142.34,15758.59,13448.90,85.11,71.42
6.41137,9,0.6044,0.008,0.009,5.202,6.131,0.9873,0.01004,270.75,51.43,0.55995452,0.7111422404000001,2.14,9.063834e-09,4.965325e-09,1.231426e-08,6.259495e-09,166.27,141.89,15710.24,13406.12,84.82,71.17
6.41162,9,0.6044,0.008,0.009,5.202,6.131,0.9873,0.01004,270.75,51.43,0.55995352,0.7111409704,2.14,9.055126e-09,4.95774e-09,1.230005e-08,6.256157e-09,166.06,142.07,15690.54,13423.07,84.71,71.27
6.41188,9,0.6044,0.008,0.009,5.202,6.131,0.9873,0.01004,270.75,51.43,0.55995248,0.7111396496,2.14,9.046513e-09,4.95171e-09,1.22983e-08,6.253022e-09,165.97,141.96,15681.35,13413.27,84.65,71.21
6.41212,9,0.6045,0.008,0.009,5.202,6.131,0.9873,0.01004,270.75,51.43,0.5599515199999999,0.7111384303999999,2.14,9.043125e-09,4.947821e-09,1.22981e-08,6.251642e-09,165.84,141.93,15669.70,13409.92,84.58,71.19
6.41237,9,0.6045,0.008,0.009,5.202,6.131,0.9873,0.01004,270.75,51.43,0.55995052,0.7111371604,2.14,9.052105e-09,4.946101e-09,1.230194e-08,6.247742e-09,165.35,141.66,15623.44,13384.42,84.31,71.04
6.41263,9,0.6045,0.008,0.009,5.202,6.131,0.9873,0.01004,270.75,51.43,0.55994948,0.7111358396,2.14,9.046076e-09,4.944772e-09,1.231702e-08,6.252395e-09,165.50,141.52,15637.14,13371.36,84.39,70.96
6.41287,9,0.6046,0.008,0.009,5.202,6.131,0.9873,0.01004,270.75,51.43,0.55994852,0.7111346204,2.14,9.049004e-09,4.944132e-09,1.231661e-08,6.250353e-09,165.36,141.46,15624.11,13365.60,84.31,70.93
6.41312,9,0.6046,0.008,0.009,5.202,6.131,0.9873,0.01004,270.75,51.43,0.5599475199999999,0.7111333503999999,2.14,9.059196e-09,4.947014e-09,1.233328e-08,6.254799e-09,165.16,141.27,15605.43,13348.21,84.20,70.83
6.41338,9,0.6046,0.008,0.009,5.202,6.131,0.9873,0.01004,270.75,51.43,0.5599464799999999,0.7111320295999999,2.14,9.064964e-09,4.9486e-09,1.233697e-08,6.255042e-09,165.05,141.20,15594.57,13341.17,84.14,70.78
6.41362,9,0.6047,0.008,0.009,5.202,6.131,0.9873,0.01004,270.75,51.43,0.55994552,0.7111308103999999,2.14,9.069811e-09,4.952299e-09,1.234519e-08,6.256845e-09,165.15,141.11,15604.46,13333.15,84.20,70.74
6.41387,9,0.6047,0.008,0.009,5.202,6.131,0.9873,0.01004,270.75,51.43,0.55994452,0.7111295404,2.14,9.087207e-09,4.961241e-09,1.236835e-08,6.263212e-09,165.11,140.87,15600.60,13310.01,84.17,70.60
6.41413,9,0.6047,0.008,0.009,5.202,6.131,0.9873,0.01004,270.75,51.43,0.5599434799999999,0.7111282195999999,2.14,9.099448e-09,4.966312e-09,1.238523e-08,6.268797e-09,164.99,140.73,15589.46,13297.27,84.11,70.52
6.41437,9,0.6048,0.008,0.009,5.202,6.131,0.9873,0.01004,270.75,51.43,0.55994252,0.7111270004,2.14,9.12096e-09,4.970423e-09,1.239276e-08,6.275305e-09,164.47,140.88,15539.52,13311.06,83.81,70.60
6.41463,9,0.6048,0.008,0.009,5.202,6.131,0.9873,0.01004,270.75,51.43,0.55994148,0.7111256796,2.14,9.142214e-09,4.9847e-09,1.242085e-08,6.288389e-09,164.66,140.83,15558.00,13306.17,83.92,70.58
6.41488,9,0.6048,0.008,0.009,5.202,6.131,0.9873,0.01004,270.75,51.43,0.55994048,0.7111244096,2.14,9.175268e-09,4.994723e-09,1.244822e-08,6.298887e-09,164.08,140.68,15503.40,13291.81,83.60,70.49
6.41512,9,0.6049,0.008,0.009,5.201,6.131,0.9873,0.01004,270.75,51.43,0.5599395199999999,0.7111231903999999,2.14,9.19159e-09,5.007813e-09,1.247042e-08,6.302822e-09,164.41,140.37,15534.59,13262.92,83.78,70.32
6.41538,9,0.6049,0.008,0.009,5.201,6.131,0.9873,0.01004,270.75,51.43,0.5599384799999999,0.7111218695999999,2.14,9.211638e-09,5.016907e-09,1.249437e-08,6.317207e-09,164.28,140.47,15522.16,13272.61,83.71,70.38
6.41563,9,0.6049,0.008,0.009,5.201,6.131,0.9873,0.01004,270.75,51.43,0.55993748,0.7111205996,2.14,9.246039e-09,5.033456e-09,1.252632e-08,6.321127e-09,164.13,139.93,15507.37,13220.85,83.62,70.07
6.41587,9,0.6050,0.008,0.009,5.201,6.131,0.9873,0.01004,270.75,51.43,0.5599365199999999,0.7111193803999999,2.14,9.274186e-09,5.044689e-09,1.253884e-08,6.337394e-09,163.86,140.39,15482.38,13265.08,83.47,70.33
6.41613,9,0.6050,0.008,0.009,5.201,6.131,0.9873,0.01004,270.75,51.43,0.5599354799999999,0.7111180596,2.14,9.304629e-09,5.057169e-09,1.257886e-08,6.346552e-09,163.57,139.90,15455.04,13218.46,83.31,70.06
6.41638,9,0.6050,0.008,0.009,5.201,6.131,0.9873,0.01004,270.75,51.43,0.55993448,0.7111167896,2.14,9.321534e-09,5.073788e-09,1.260199e-08,6.356012e-09,164.10,139.80,15504.79,13209.19,83.60,70.00
6.41662,9,0.6051,0.008,0.009,5.201,6.131,0.9873,0.01004,270.75,51.43,0.55993352,0.7111155704,2.14,9.356548e-09,5.080462e-09,1.26305e-08,6.367208e-09,163.25,139.68,15424.84,13198.06,83.13,69.93
6.41688,9,0.6051,0.008,0.009,5.201,6.131,0.9873,0.01004,270.75,51.43,0.55993248,0.7111142495999999,2.14,9.389859e-09,5.09813e-09,1.265158e-08,6.379572e-09,163.22,139.76,15422.06,13205.32,83.11,69.98
6.41713,9,0.6051,0.008,0.009,5.201,6.131,0.9873,0.01005,270.75,51.43,0.5599314799999999,0.7111129795999999,2.14,9.414078e-09,5.116259e-09,1.268158e-08,6.387115e-09,163.57,139.43,15454.97,13173.76,83.31,69.79
6.41737,9,0.6052,0.008,0.009,5.201,6.131,0.9873,0.01005,270.75,51.43,0.55993052,0.7111117604,2.14,9.45108e-09,5.125492e-09,1.270938e-08,6.395621e-09,162.84,139.21,15386.01,13153.17,82.90,69.67
6.41763,9,0.6052,0.008,0.009,5.201,6.131,0.9873,0.01005,270.75,51.43,0.55992948,0.7111104396,2.14,9.469538e-09,5.14279e-09,1.273652e-08,6.406533e-09,163.35,139.09,15433.80,13141.83,83.18,69.60
6.41788,9,0.6052,0.008,0.009,5.201,6.131,0.9873,0.01005,270.75,51.43,0.55992848,0.7111091695999999,2.14,9.493902e-09,5.151978e-09,1.275407e-08,6.41416e-09,163.07,139.04,15407.33,13136.88,83.03,69.57
6.41812,9,0.6053,0.008,0.009,5.201,6.131,0.9873,0.01005,270.75,51.43,0.55992752,0.7111079504000001,2.14,9.527224e-09,5.158034e-09,1.278586e-08,6.42482e-09,162.27,138.83,15331.71,13117.17,82.58,69.45
6.41838,9,0.6053,0.008,0.009,5.201,6.131,0.9873,0.01005,270.75,51.43,0.55992648,0.7111066296,2.14,9.542783e-09,5.171247e-09,1.279427e-08,6.426214e-09,162.59,138.71,15362.74,13105.56,82.76,69.38
6.41862,9,0.6053,0.008,0.009,5.201,6.131,0.9873,0.01005,270.75,51.43,0.55992552,0.7111054104,2.14,9.559328e-09,5.178176e-09,1.282415e-08,6.429469e-09,162.45,138.20,15349.56,13057.61,82.68,69.10
6.41887,9,0.6054,0.008,0.009,5.201,6.131,0.9873,0.01005,270.75,51.43,0.5599245199999999,0.7111041403999999,2.14,9.575352e-09,5.188898e-09,1.284032e-08,6.441241e-09,162.62,138.38,15365.29,13074.68,82.78,69.20
6.41913,9,0.6054,0.008,0.009,5.201,6.131,0.9873,0.01005,270.75,51.43,0.5599234799999999,0.7111028195999999,2.14,9.601937e-09,5.191056e-09,1.285902e-08,6.443597e-09,161.79,138.08,15286.55,13046.14,82.31,69.03
6.41937,9,0.6054,0.008,0.009,5.201,6.131,0.9873,0.01005,270.75,51.43,0.55992252,0.7111016004,2.14,9.618992e-09,5.198584e-09,1.286181e-08,6.447913e-09,161.67,138.20,15275.72,13057.99,82.24,69.10
6.41962,9,0.6055,0.008,0.009,5.201,6.131,0.9873,0.01005,270.75,51.43,0.55992152,0.7111003304,2.14,9.626044e-09,5.205656e-09,1.287816e-08,6.450548e-09,161.92,137.99,15299.10,13037.60,82.38,68.98
6.41988,9,0.6055,0.008,0.009,5.201,6.131,0.9873,0.01005,270.75,51.43,0.5599204799999999,0.7110990095999999,2.14,9.634864e-09,5.206767e-09,1.28971e-08,6.453819e-09,161.67,137.72,15275.73,13012.49,82.24,68.83
6.42012,9,0.6055,0.008,0.009,5.201,6.131,0.9873,0.01005,270.75,51.43,0.55991952,0.7110977904,2.14,9.642972e-09,5.203736e-09,1.289881e-08,6.452973e-09,161.17,137.65,15228.53,13005.63,81.96,68.79
6.42037,9,0.6056,0.008,0.009,5.200,6.131,0.9873,0.01005,270.75,51.43,0.55991852,0.7110965203999999,2.14,9.645434e-09,5.205441e-09,1.290949e-08,6.452999e-09,161.23,137.44,15233.43,12986.36,81.99,68.68
6.42063,9,0.6056,0.008,0.009,5.200,6.131,0.9873,0.01005,270.75,51.43,0.55991748,0.7110951996,2.14,9.64896e-09,5.20533e-09,1.291853e-08,6.45108e-09,161.09,137.17,15220.64,12960.50,81.92,68.52
6.42087,9,0.6056,0.008,0.009,5.200,6.131,0.9873,0.01005,270.75,51.43,0.5599165199999999,0.7110939803999999,2.14,9.641875e-09,5.199936e-09,1.291777e-08,6.447554e-09,160.98,137.04,15210.66,12947.88,81.86,68.45
6.42112,9,0.6057,0.008,0.009,5.200,6.131,0.9873,0.01005,270.75,51.43,0.55991552,0.7110927104,2.14,9.636105e-09,5.196481e-09,1.291486e-08,6.447017e-09,160.99,137.10,15210.99,12953.69,81.86,68.48
6.42138,9,0.6057,0.008,0.009,5.200,6.131,0.9873,0.01005,270.75,51.43,0.55991448,0.7110913896,2.14,9.627591e-09,5.190439e-09,1.29246e-08,6.447499e-09,160.89,136.91,15201.77,12936.14,81.81,68.38
6.42162,9,0.6057,0.008,0.009,5.200,6.131,0.9873,0.01005,270.75,51.43,0.5599135199999999,0.7110901703999999,2.14,9.623742e-09,5.183596e-09,1.293288e-08,6.438532e-09,160.57,136.36,15171.49,12883.85,81.63,68.07
6.42188,9,0.6058,0.008,0.009,5.200,6.131,0.9873,0.01005,270.75,51.43,0.5599124799999999,0.7110888496,2.14,9.618134e-09,5.172218e-09,1.292583e-08,6.435697e-09,160.04,136.41,15121.04,12888.67,81.33,68.10
6.42213,9,0.6058,0.008,0.009,5.200,6.131,0.9873,0.01005,270.75,51.43,0.5599114799999999,0.7110875795999999,2.14,9.607031e-09,5.160488e-09,1.291995e-08,6.428988e-09,159.65,136.25,15084.61,12873.58,81.11,68.01
6.42237,9,0.6058,0.008,0.009,5.200,6.131,0.9873,0.01005,270.75,51.43,0.55991052,0.7110863604,2.14,9.592212e-09,5.153122e-09,1.292251e-08,6.430373e-09,159.69,136.25,15088.37,12874.03,81.13,68.01
6.42263,9,0.6059,0.008,0.009,5.200,6.131,0.9873,0.01005,270.75,51.43,0.55990948,0.7110850395999999,2.14,9.574046e-09,5.140571e-09,1.291462e-08,6.413393e-09,159.53,135.73,15073.17,12824.20,81.04,67.72
6.42288,9,0.6059,0.008,0.009,5.200,6.131,0.9873,0.01005,270.75,51.43,0.5599084799999999,0.7110837696,2.14,9.555532e-09,5.131636e-09,1.292196e-08,6.41274e-09,159.60,135.55,15079.56,12807.14,81.08,67.61
6.42312,9,0.6060,0.008,0.009,5.200,6.131,0.9873,0.01005,270.75,51.43,0.55990752,0.7110825504,2.14,9.534782e-09,5.117994e-09,1.291369e-08,6.409017e-09,159.46,135.59,15066.16,12810.77,81.00,67.64
6.42338,9,0.6060,0.008,0.009,5.200,6.131,0.9873,0.01005,270.75,51.43,0.55990648,0.7110812296,2.14,9.524454e-09,5.103044e-09,1.29192e-08,6.400921e-09,158.82,135.13,15006.45,12767.88,80.65,67.38
6.42363,9,0.6060,0.008,0.009,5.200,6.131,0.9873,0.01005,270.75,51.43,0.55990548,0.7110799595999999,2.14,9.502231e-09,5.087361e-09,1.291452e-08,6.391708e-09,158.57,134.84,14982.49,12740.64,80.50,67.22
6.42387,9,0.6061,0.008,0.009,5.200,6.131,0.9873,0.01005,270.75,51.43,0.5599045199999999,0.7110787403999999,2.14,9.483474e-09,5.077605e-09,1.291712e-08,6.390378e-09,158.62,134.76,14986.78,12732.42,80.53,67.17
6.42413,9,0.6061,0.008,0.009,5.200,6.131,0.9873,0.01005,270.76,51.43,0.55990348,0.7110774196,2.14,9.478168e-09,5.060973e-09,1.291639e-08,6.384382e-09,157.69,134.52,14899.39,12710.22,80.01,67.04
6.42438,9,0.6061,0.008,0.009,5.200,6.131,0.9873,0.01005,270.76,51.43,0.55990248,0.7110761496,2.14,9.450544e-09,5.053446e-09,1.290855e-08,6.377846e-09,158.18,134.41,14945.22,12699.74,80.28,66.98
6.42462,9,0.6062,0.008,0.009,5.200,6.131,0.9873,0.01005,270.76,51.43,0.5599015199999999,0.7110749303999999,2.14,9.437734e-09,5.040307e-09,1.29045e-08,6.373288e-09,157.78,134.33,14907.71,12691.78,80.06,66.93
6.42488,9,0.6062,0.008,0.009,5.200,6.131,0.9873,0.01005,270.76,51.43,0.5599004799999999,0.7110736095999999,2.14,9.427297e-09,5.032407e-09,1.291218e-08,6.369368e-09,157.62,134.01,14892.94,12661.48,79.97,66.75
6.42513,9,0.6062,0.008,0.009,5.200,6.131,0.9873,0.01005,270.76,51.43,0.55989948,0.7110723396,2.14,9.407862e-09,5.016652e-09,1.291029e-08,6.366634e-09,157.26,133.93,14858.75,12654.41,79.77,66.71
6.42537,9,0.6063,0.008,0.009,5.199,6.131,0.9873,0.01005,270.76,51.43,0.55989852,0.7110711204,2.14,9.400479e-09,5.007262e-09,1.29204e-08,6.365898e-09,156.92,133.72,14826.61,12634.10,79.58,66.59
6.42563,9,0.6063,0.008,0.009,5.199,6.131,0.9873,0.01005,270.76,51.43,0.55989748,0.7110697995999999,2.14,9.382053e-09,4.997694e-09,1.293303e-08,6.366004e-09,156.94,133.46,14828.18,12610.21,79.59,66.45
6.42587,9,0.6063,0.008,0.009,5.199,6.131,0.9873,0.01005,270.76,51.43,0.55989652,0.7110685804,2.14,9.385793e-09,4.990379e-09,1.294004e-08,6.362272e-09,156.31,133.17,14769.23,12582.24,79.24,66.28
6.42612,9,0.6064,0.008,0.009,5.199,6.131,0.9873,0.01005,270.76,51.43,0.55989552,0.7110673103999999,2.14,9.386766e-09,4.985593e-09,1.295004e-08,6.362664e-09,155.98,133.00,14738.19,12566.73,79.06,66.19
6.42638,9,0.6064,0.008,0.009,5.199,6.131,0.9873,0.01005,270.76,51.43,0.55989448,0.7110659896,2.14,9.377765e-09,4.977466e-09,1.296567e-08,6.365938e-09,155.76,132.82,14717.09,12549.66,78.93,66.09
6.42662,9,0.6064,0.008,0.009,5.199,6.131,0.9873,0.01005,270.76,51.43,0.5598935199999999,0.7110647703999999,2.14,9.378025e-09,4.973571e-09,1.298235e-08,6.365938e-09,155.49,132.49,14691.70,12518.02,78.78,65.90
6.42687,9,0.6065,0.008,0.009,5.199,6.131,0.9873,0.01005,270.76,51.43,0.55989252,0.7110635004,2.14,9.382781e-09,4.971464e-09,1.300159e-08,6.371102e-09,155.21,132.33,14665.05,12503.64,78.62,65.81
6.42713,9,0.6065,0.008,0.009,5.199,6.131,0.9873,0.01005,270.76,51.43,0.55989148,0.7110621796,2.14,9.379591e-09,4.968288e-09,1.300927e-08,6.370833e-09,155.11,132.17,14655.73,12488.14,78.57,65.72
6.42737,9,0.6065,0.008,0.009,5.199,6.131,0.9873,0.01005,270.76,51.43,0.55989052,0.7110609604,2.14,9.397625e-09,4.969216e-09,1.303572e-08,6.376585e-09,154.54,131.88,14601.84,12460.57,78.25,65.56
6.42762,9,0.6066,0.008,0.009,5.199,6.131,0.9873,0.01005,270.76,51.43,0.5598895199999999,0.7110596903999999,2.14,9.408796e-09,4.970438e-09,1.305949e-08,6.382635e-09,154.26,131.68,14575.10,12441.34,78.09,65.44
6.42788,9,0.6066,0.008,0.009,5.199,6.131,0.9873,0.01005,270.76,51.43,0.5598884799999999,0.7110583695999999,2.14,9.419825e-09,4.97105e-09,1.308624e-08,6.386116e-09,153.92,131.29,14542.76,12404.89,77.90,65.23
6.42812,9,0.6066,0.008,0.009,5.199,6.131,0.9873,0.01005,270.76,51.43,0.55988752,0.7110571504,2.14,9.437235e-09,4.977431e-09,1.309945e-08,6.39525e-09,153.73,131.40,14525.42,12415.08,77.79,65.29
6.42837,9,0.6067,0.008,0.009,5.199,6.131,0.9873,0.01005,270.76,51.43,0.5598865199999999,0.7110558803999999,2.14,9.466249e-09,4.98271e-09,1.312386e-08,6.40349e-09,153.11,131.27,14466.23,12403.21,77.44,65.22
6.42863,9,0.6067,0.008,0.009,5.199,6.131,0.9873,0.01005,270.76,51.43,0.5598854799999999,0.7110545596,2.14,9.47898e-09,4.990425e-09,1.316066e-08,6.407344e-09,153.17,130.71,14472.44,12350.13,77.48,64.90
6.42887,9,0.6067,0.008,0.009,5.199,6.131,0.9873,0.01005,270.76,51.43,0.55988452,0.7110533404,2.14,9.504634e-09,5.002144e-09,1.319042e-08,6.420624e-09,153.06,130.66,14461.53,12345.60,77.41,64.88
6.42912,9,0.6068,0.008,0.009,5.199,6.131,0.9873,0.01005,270.76,51.43,0.55988352,0.7110520704,2.14,9.535835e-09,5.012065e-09,1.321726e-08,6.430714e-09,152.66,130.57,14424.42,12336.52,77.19,64.82
6.42938,9,0.6068,0.008,0.009,5.199,6.131,0.9873,0.01005,270.76,51.43,0.55988248,0.7110507495999999,2.14,9.561377e-09,5.021955e-09,1.325368e-08,6.43916e-09,152.44,130.20,14403.05,12302.01,77.07,64.62
6.42962,9,0.6068,0.008,0.009,5.199,6.131,0.9873,0.01005,270.76,51.43,0.5598815199999999,0.7110495303999999,2.14,9.590951e-09,5.034131e-09,1.329353e-08,6.446532e-09,152.22,129.73,14382.85,12257.68,76.95,64.35
6.42988,9,0.6069,0.008,0.009,5.199,6.131,0.9873,0.01005,270.76,51.43,0.5598804799999999,0.7110482095999999,2.14,9.630743e-09,5.051696e-09,1.332594e-08,6.467136e-09,152.04,129.94,14365.34,12277.71,76.84,64.47
6.43013,9,0.6069,0.008,0.009,5.199,6.131,0.9873,0.01005,270.76,51.43,0.55987948,0.7110469396,2.14,9.664302e-09,5.065633e-09,1.335108e-08,6.471178e-09,151.81,129.63,14343.51,12247.71,76.71,64.29
6.43037,9,0.6069,0.008,0.009,5.199,6.131,0.9873,0.01005,270.76,51.43,0.5598785199999999,0.7110457203999999,2.14,9.706004e-09,5.080728e-09,1.33877e-08,6.485902e-09,151.38,129.51,14303.49,12236.63,76.48,64.23
6.43063,9,0.6070,0.008,0.009,5.198,6.131,0.9873,0.01005,270.76,51.43,0.5598774799999999,0.7110443995999999,2.14,9.744869e-09,5.093857e-09,1.342234e-08,6.501432e-09,150.96,129.48,14263.45,12234.08,76.24,64.21
6.43088,9,0.6070,0.008,0.009,5.198,6.131,0.9873,0.01005,270.76,51.43,0.55987648,0.7110431296,2.14,9.78839e-09,5.113082e-09,1.346216e-08,6.5123e-09,150.74,129.16,14242.88,12203.48,76.12,64.03
6.43112,9,0.6070,0.008,0.009,5.198,6.131,0.9873,0.01005,270.76,51.43,0.55987552,0.7110419104,2.14,9.830274e-09,5.132693e-09,1.348794e-08,6.518568e-09,150.60,128.92,14229.72,12181.03,76.04,63.90
6.43138,9,0.6071,0.008,0.009,5.198,6.131,0.9873,0.01005,270.76,51.43,0.55987448,0.7110405895999999,2.14,9.871314e-09,5.151127e-09,1.353289e-08,6.534582e-09,150.44,128.72,14214.77,12162.47,75.95,63.79
6.43163,9,0.6071,0.008,0.009,5.198,6.131,0.9873,0.01005,270.76,51.43,0.5598734799999999,0.7110393195999999,2.14,9.924012e-09,5.167177e-09,1.356017e-08,6.547268e-09,149.75,128.71,14149.21,12160.72,75.56,63.78
6.43187,9,0.6071,0.008,0.009,5.198,6.131,0.9873,0.01005,270.76,51.43,0.55987252,0.7110381004,2.14,9.961078e-09,5.187808e-09,1.35922e-08,6.557877e-09,149.83,128.52,14156.79,12143.33,75.61,63.68
6.43213,9,0.6072,0.008,0.009,5.198,6.131,0.9873,0.01005,270.76,51.43,0.55987148,0.7110367796,2.14,1.000481e-08,5.204012e-09,1.363031e-08,6.571739e-09,149.46,128.37,14121.91,12129.19,75.40,63.59
6.43238,9,0.6072,0.008,0.009,5.198,6.131,0.9873,0.01005,270.76,51.43,0.55987048,0.7110355096,2.14,1.005413e-08,5.225515e-09,1.365754e-08,6.578673e-09,149.21,128.14,14098.57,12107.18,75.26,63.46
6.43262,9,0.6072,0.008,0.009,5.198,6.131,0.9873,0.01005,270.76,51.43,0.55986952,0.7110342904,2.14,1.009705e-08,5.241753e-09,1.369023e-08,6.588984e-09,148.86,127.94,14064.66,12087.94,75.06,63.35
6.43288,9,0.6073,0.008,0.009,5.198,6.131,0.9873,0.01005,270.76,51.43,0.55986848,0.7110329696000001,2.14,1.013862e-08,5.261433e-09,1.372268e-08,6.596671e-09,148.77,127.66,14056.42,12061.98,75.01,63.19
6.43313,9,0.6073,0.008,0.009,5.198,6.131,0.9873,0.01005,270.76,51.43,0.55986748,0.7110316996,2.14,1.018445e-08,5.280172e-09,1.375283e-08,6.605968e-09,148.47,127.47,14028.56,12043.73,74.85,63.08
6.43337,9,0.6073,0.008,0.009,5.198,6.131,0.9873,0.01005,270.76,51.43,0.5598665199999999,0.7110304803999999,2.14,1.022165e-08,5.291688e-09,1.378473e-08,6.617786e-09,148.02,127.34,13985.91,12031.47,74.59,63.01
6.43363,9,0.6074,0.008,0.009,5.198,6.131,0.9873,0.01005,270.76,51.43,0.5598654799999999,0.7110291595999999,2.14,1.025761e-08,5.311439e-09,1.379722e-08,6.624632e-09,148.11,127.39,13994.41,12036.42,74.64,63.04
6.43387,9,0.6074,0.008,0.009,5.198,6.131,0.9873,0.01005,270.76,51.43,0.55986452,0.7110279404,2.14,1.029806e-08,5.32873e-09,1.382525e-08,6.632241e-09,147.90,127.17,13974.53,12016.03,74.53,62.92
6.43412,9,0.6074,0.008,0.009,5.198,6.131,0.9873,0.01005,270.76,51.43,0.55986352,0.7110266703999999,2.14,1.03369e-08,5.342064e-09,1.386132e-08,6.64035e-09,147.52,126.84,13937.96,11984.14,74.31,62.73
6.43438,9,0.6075,0.008,0.009,5.198,6.131,0.9873,0.01005,270.76,51.43,0.5598624799999999,0.7110253496,2.14,1.036366e-08,5.353354e-09,1.388863e-08,6.643917e-09,147.39,126.51,13926.59,11953.25,74.24,62.55
6.43462,9,0.6075,0.008,0.009,5.198,6.131,0.9873,0.01005,270.76,51.43,0.55986152,0.7110241304,2.14,1.038665e-08,5.365626e-09,1.389775e-08,6.652188e-09,147.42,126.65,13928.72,11966.73,74.25,62.63
6.43487,9,0.6075,0.008,0.009,5.198,6.131,0.9873,0.01005,270.76,51.43,0.55986052,0.7110228604,2.14,1.042817e-08,5.374684e-09,1.391011e-08,6.653498e-09,146.72,126.48,13862.60,11950.86,73.86,62.53
6.43513,9,0.6076,0.008,0.009,5.198,6.131,0.9873,0.01005,270.76,51.43,0.55985948,0.7110215395999999,2.14,1.045672e-08,5.383874e-09,1.393931e-08,6.659253e-09,146.43,126.21,13835.59,11924.64,73.70,62.38
6.43537,9,0.6076,0.008,0.009,5.198,6.131,0.9873,0.01005,270.76,51.43,0.5598585199999999,0.7110203203999999,2.14,1.048218e-08,5.394341e-09,1.395085e-08,6.664868e-09,146.28,126.21,13821.64,11924.99,73.62,62.38
6.43562,9,0.6076,0.008,0.009,5.198,6.131,0.9873,0.01005,270.76,51.43,0.55985752,0.7110190504,2.14,1.050293e-08,5.39804e-09,1.396767e-08,6.66778e-09,145.90,126.02,13784.92,11907.47,73.40,62.28
6.43588,9,0.6077,0.008,0.009,5.197,6.131,0.9873,0.01005,270.76,51.43,0.55985648,0.7110177296,2.14,1.051925e-08,5.407383e-09,1.398025e-08,6.673962e-09,145.97,126.05,13792.20,11910.03,73.44,62.29
6.43612,9,0.6077,0.008,0.009,5.197,6.131,0.9873,0.01005,270.76,51.43,0.5598555199999999,0.7110165103999999,2.14,1.053465e-08,5.409431e-09,1.399168e-08,6.670831e-09,145.65,125.74,13761.48,11880.77,73.26,62.12
6.43637,9,0.6077,0.008,0.009,5.197,6.131,0.9873,0.01005,270.76,51.43,0.5598545199999999,0.7110152403999999,2.14,1.0554e-08,5.412981e-09,1.400803e-08,6.675277e-09,145.29,125.62,13728.19,11869.38,73.06,62.05
6.43663,9,0.6078,0.008,0.009,5.197,6.131,0.9873,0.01005,270.76,51.43,0.5598534799999999,0.7110139195999999,2.14,1.056234e-08,5.415857e-09,1.402045e-08,6.672933e-09,145.24,125.35,13723.16,11843.32,73.03,61.90
6.43687,9,0.6078,0.008,0.009,5.197,6.131,0.9873,0.01005,270.76,51.43,0.55985252,0.7110127004,2.14,1.057315e-08,5.419612e-09,1.403724e-08,6.676975e-09,145.14,125.20,13713.87,11829.97,72.98,61.82
6.43712,9,0.6078,0.008,0.009,5.197,6.131,0.9873,0.01005,270.76,51.43,0.5598515199999999,0.7110114303999999,2.14,1.057975e-08,5.417737e-09,1.405547e-08,6.680675e-09,144.85,125.03,13686.62,11813.21,72.82,61.72
6.43738,9,0.6079,0.008,0.009,5.197,6.131,0.9873,0.01005,270.76,51.43,0.5598504799999999,0.7110101095999999,2.14,1.05837e-08,5.417192e-09,1.406119e-08,6.681189e-09,144.74,124.97,13675.59,11807.72,72.75,61.68
6.43762,9,0.6079,0.008,0.009,5.197,6.131,0.9873,0.01005,270.76,51.43,0.55984952,0.7110088904,2.14,1.059206e-08,5.416546e-09,1.408433e-08,6.679568e-09,144.47,124.52,13650.16,11765.38,72.60,61.43
6.43788,9,0.6079,0.008,0.009,5.197,6.131,0.9873,0.01005,270.76,51.43,0.55984848,0.7110075696,2.14,1.059438e-08,5.41388e-09,1.409364e-08,6.686922e-09,144.26,124.63,13630.31,11775.23,72.48,61.49
6.43813,9,0.6080,0.008,0.009,5.197,6.131,0.9873,0.01005,270.76,51.43,0.55984748,0.7110062996,2.14,1.059307e-08,5.408411e-09,1.409673e-08,6.686105e-09,144.02,124.56,13607.86,11769.52,72.35,61.46
6.43837,9,0.6080,0.008,0.009,5.197,6.131,0.9873,0.01005,270.76,51.43,0.55984652,0.7110050804,2.14,1.059555e-08,5.405142e-09,1.410929e-08,6.692244e-09,143.77,124.57,13584.57,11770.12,72.21,61.46
6.43863,9,0.6080,0.008,0.009,5.197,6.131,0.9873,0.01005,270.76,51.43,0.55984548,0.7110037596000001,2.14,1.059724e-08,5.403754e-09,1.41236e-08,6.690969e-09,143.65,124.29,13573.03,11743.21,72.14,61.30
6.43888,9,0.6081,0.008,0.009,5.197,6.131,0.9873,0.01005,270.76,51.43,0.55984448,0.7110024896,2.14,1.060094e-08,5.401557e-09,1.415225e-08,6.697628e-09,143.46,124.06,13554.35,11722.15,72.03,61.18
6.43912,9,0.6081,0.008,0.009,5.197,6.131,0.9873,0.01005,270.76,51.43,0.5598435199999999,0.7110012703999999,2.14,1.05998e-08,5.397118e-09,1.416641e-08,6.70149e-09,143.25,123.96,13534.63,11712.72,71.92,61.12
6.43938,9,0.6081,0.008,0.009,5.197,6.131,0.9873,0.01005,270.76,51.43,0.5598424799999999,0.7109999495999999,2.14,1.060708e-08,5.393062e-09,1.418252e-08,6.704111e-09,142.83,123.79,13495.05,11696.17,71.68,61.02
6.43963,9,0.6082,0.008,0.009,5.197,6.131,0.9873,0.01005,270.76,51.43,0.55984148,0.7109986796,2.14,1.059786e-08,5.387892e-09,1.420102e-08,6.707014e-09,142.82,123.60,13494.82,11678.80,71.68,60.92
6.43987,9,0.6082,0.008,0.009,5.197,6.131,0.9873,0.01005,270.76,51.43,0.55984052,0.7109974604,2.14,1.060586e-08,5.385298e-09,1.422398e-08,6.717025e-09,142.47,123.58,13460.95,11676.06,71.48,60.90
6.44013,9,0.6082,0.008,0.009,5.197,6.131,0.9873,0.01005,270.76,51.43,0.55983948,0.7109961396,2.14,1.060596e-08,5.382533e-09,1.425444e-08,6.724675e-09,142.32,123.34,13446.66,11653.95,71.39,60.77
6.44038,9,0.6083,0.008,0.009,5.197,6.131,0.9873,0.01005,270.76,51.43,0.5598384799999999,0.7109948695999999,2.14,1.061473e-08,5.384604e-09,1.427784e-08,6.728945e-09,142.21,123.13,13436.81,11633.71,71.34,60.65
6.44062,9,0.6083,0.008,0.009,5.197,6.131,0.9873,0.01005,270.76,51.43,0.55983752,0.7109936504,2.14,1.062119e-08,5.384604e-09,1.431667e-08,6.732943e-09,142.04,122.63,13420.23,11587.15,71.24,60.38
6.44088,9,0.6083,0.008,0.009,5.197,6.131,0.9873,0.01005,270.76,51.43,0.55983648,0.7109923295999999,2.14,1.062932e-08,5.387203e-09,1.433765e-08,6.747173e-09,141.95,122.78,13412.54,11601.32,71.19,60.46
6.44113,9,0.6084,0.008,0.009,5.196,6.131,0.9873,0.01005,270.76,51.43,0.5598354799999999,0.7109910596,2.14,1.064303e-08,5.388438e-09,1.43765e-08,6.757589e-09,141.67,122.54,13385.97,11577.77,71.03,60.32
6.44137,9,0.6084,0.008,0.009,5.196,6.131,0.9873,0.01005,270.76,51.43,0.55983452,0.7109898404,2.14,1.065696e-08,5.388469e-09,1.440121e-08,6.774155e-09,141.30,122.70,13350.73,11593.76,70.82,60.41
6.44163,9,0.6084,0.008,0.009,5.196,6.131,0.9873,0.01005,270.76,51.43,0.55983348,0.7109885196,2.14,1.067419e-08,5.39489e-09,1.44395e-08,6.78414e-09,141.18,122.43,13339.27,11567.91,70.76,60.26
6.44187,9,0.6085,0.008,0.009,5.196,6.131,0.9873,0.01005,270.76,51.43,0.55983252,0.7109873003999999,2.14,1.068481e-08,5.399847e-09,1.448597e-08,6.800603e-09,141.18,122.27,13339.41,11552.61,70.76,60.17
6.44212,9,0.6085,0.008,0.009,5.196,6.131,0.9873,0.01005,270.76,51.43,0.5598315199999999,0.7109860303999999,2.14,1.069016e-08,5.404238e-09,1.451632e-08,6.814489e-09,141.27,122.26,13347.84,11551.45,70.81,60.16
6.44238,9,0.6085,0.008,0.009,5.196,6.131,0.9873,0.01005,270.76,51.43,0.5598304799999999,0.7109847095999999,2.14,1.072366e-08,5.414827e-09,1.45765e-08,6.831435e-09,140.94,121.88,13316.28,11515.54,70.62,59.95
6.44262,9,0.6086,0.008,0.009,5.196,6.131,0.9873,0.01005,270.76,51.43,0.55982952,0.7109834904,2.14,1.075351e-08,5.418378e-09,1.460938e-08,6.845837e-09,140.36,121.86,13261.50,11514.24,70.30,59.94
6.44287,9,0.6086,0.008,0.009,5.196,6.131,0.9873,0.01005,270.76,51.43,0.5598285199999999,0.7109822203999999,2.14,1.078559e-08,5.428814e-09,1.466095e-08,6.861024e-09,140.06,121.56,13233.36,11485.95,70.13,59.77
6.44313,9,0.6086,0.008,0.009,5.223,6.131,0.9872,0.01005,270.76,51.43,0.5598274799999999,0.7109808995999999,2.14,1.081277e-08,5.438767e-09,1.472458e-08,6.884693e-09,139.85,121.35,13213.78,11465.67,70.01,59.65
6.44337,9,0.6087,0.008,0.009,5.223,6.131,0.9872,0.01005,270.76,51.43,0.55982652,0.7109796804,2.14,1.083761e-08,5.457197e-09,1.477178e-08,6.893904e-09,140.18,120.95,13244.94,11427.52,70.20,59.43
6.44362,9,0.6087,0.008,0.009,5.223,6.131,0.9872,0.01005,270.76,51.43,0.55982552,0.7109784104,2.14,1.08776e-08,5.470665e-09,1.483025e-08,6.918869e-09,139.84,120.87,13212.50,11420.33,70.00,59.39
6.44388,9,0.6087,0.008,0.009,5.223,6.131,0.9872,0.01005,270.76,51.43,0.55982448,0.7109770896,2.14,1.090912e-08,5.482746e-09,1.488408e-08,6.941864e-09,139.64,120.80,13194.24,11413.80,69.90,59.35
6.44412,9,0.6088,0.008,0.009,5.223,6.131,0.9872,0.01005,270.76,51.43,0.5598235199999999,0.7109758703999999,2.14,1.095414e-08,5.498356e-09,1.494352e-08,6.964939e-09,139.31,120.67,13162.64,11401.42,69.71,59.27
6.44437,9,0.6088,0.008,0.009,5.223,6.131,0.9872,0.01005,270.76,51.43,0.55982252,0.7109746004,2.14,1.099921e-08,5.516533e-09,1.499986e-08,6.9885e-09,139.08,120.58,13141.38,11393.18,69.58,59.22
6.44463,9,0.6088,0.008,0.009,5.223,6.131,0.9872,0.01005,270.76,51.43,0.55982148,0.7109732796,2.14,1.103811e-08,5.531629e-09,1.505711e-08,7.01241e-09,138.86,120.49,13120.38,11384.78,69.46,59.17
6.44487,9,0.6089,0.008,0.009,5.223,6.131,0.9872,0.01005,270.76,51.43,0.5598205199999999,0.7109720603999999,2.14,1.109274e-08,5.553428e-09,1.512783e-08,7.035053e-09,138.61,120.18,13096.16,11355.56,69.31,59.00
6.44512,9,0.6089,0.008,0.009,5.223,6.131,0.9872,0.01005,270.76,51.43,0.5598195199999999,0.7109707903999999,2.14,1.114734e-08,5.572937e-09,1.519193e-08,7.055052e-09,138.22,119.87,13059.44,11326.12,69.10,58.83
6.44538,9,0.6089,0.008,0.009,5.223,6.131,0.9872,0.01005,270.76,51.43,0.55981848,0.7109694696000001,2.14,1.118863e-08,5.596774e-09,1.524653e-08,7.080756e-09,138.37,119.88,13074.36,11327.16,69.18,58.83
6.44562,9,0.6090,0.008,0.009,5.222,6.131,0.9872,0.01005,270.76,51.43,0.55981752,0.7109682504,2.14,1.124301e-08,5.618472e-09,1.532159e-08,7.102896e-09,138.13,119.50,13050.93,11291.27,69.05,58.62
6.44588,9,0.6090,0.008,0.009,5.222,6.131,0.9872,0.01005,270.76,51.43,0.55981648,0.7109669296,2.14,1.129834e-08,5.643867e-09,1.538961e-08,7.12719e-09,138.02,119.28,13040.51,11269.93,68.98,58.49
6.44613,9,0.6090,0.008,0.009,5.222,6.131,0.9872,0.01005,270.76,51.43,0.5598154799999999,0.7109656595999999,2.14,1.134721e-08,5.667017e-09,1.545004e-08,7.155311e-09,137.96,119.28,13034.71,11270.32,68.95,58.50
6.44637,9,0.6091,0.008,0.009,5.222,6.131,0.9872,0.01005,270.76,51.43,0.55981452,0.7109644404,2.14,1.140951e-08,5.689746e-09,1.55111e-08,7.175387e-09,137.57,119.05,12998.59,11248.22,68.74,58.36
6.44663,9,0.6091,0.008,0.009,5.222,6.131,0.9872,0.01005,270.76,51.43,0.55981348,0.7109631196,2.14,1.146573e-08,5.713298e-09,1.558025e-08,7.200303e-09,137.36,118.83,12978.27,11227.70,68.61,58.24
6.44688,9,0.6091,0.008,0.009,5.222,6.131,0.9872,0.01005,270.76,51.43,0.55981248,0.7109618496,2.14,1.152411e-08,5.743494e-09,1.564358e-08,7.226989e-09,137.41,118.75,12983.25,11220.25,68.64,58.20
6.44712,9,0.6092,0.008,0.009,5.222,6.131,0.9872,0.01005,270.76,51.43,0.55981152,0.7109606304,2.14,1.158348e-08,5.764969e-09,1.569924e-08,7.245833e-09,137.05,118.56,12949.04,11202.35,68.44,58.09
6.44738,9,0.6092,0.008,0.009,5.222,6.131,0.9872,0.01005,270.76,51.43,0.55981048,0.7109593096,2.14,1.16486e-08,5.78973e-09,1.576047e-08,7.273091e-09,136.69,118.53,12915.08,11199.48,68.24,58.08
6.44763,9,0.6092,0.008,0.009,5.222,6.131,0.9872,0.01005,270.76,51.43,0.55980948,0.7109580395999999,2.14,1.170548e-08,5.813014e-09,1.58311e-08,7.290361e-09,136.46,118.07,12893.09,11155.94,68.11,57.82
6.44787,9,0.6093,0.008,0.009,5.222,6.131,0.9872,0.01005,270.76,51.43,0.5598085199999999,0.7109568203999999,2.14,1.176817e-08,5.838545e-09,1.590149e-08,7.321936e-09,136.22,118.07,12870.67,11155.40,67.98,57.81
6.44813,9,0.6093,0.008,0.009,5.222,6.131,0.9872,0.01005,270.76,51.43,0.5598074799999999,0.7109554995999999,2.14,1.182586e-08,5.861383e-09,1.596128e-08,7.332089e-09,135.95,117.55,12845.52,11106.61,67.83,57.52
6.44838,9,0.6093,0.008,0.009,5.222,6.131,0.9872,0.01005,270.76,51.43,0.55980648,0.7109542296,2.14,1.187629e-08,5.883145e-09,1.601552e-08,7.364834e-09,135.81,117.78,12831.54,11128.49,67.74,57.65
6.44862,9,0.6094,0.008,0.009,5.222,6.131,0.9872,0.01005,270.76,51.43,0.55980552,0.7109530103999999,2.14,1.193529e-08,5.908147e-09,1.606397e-08,7.38397e-09,135.64,117.71,12815.48,11121.55,67.65,57.61
6.44888,9,0.6094,0.008,0.009,5.222,6.131,0.9872,0.01005,270.76,51.43,0.5598044799999999,0.7109516895999999,2.14,1.200008e-08,5.929647e-09,1.612702e-08,7.402295e-09,135.16,117.39,12770.40,11092.00,67.38,57.44
6.44913,9,0.6094,0.008,0.009,5.222,6.131,0.9872,0.01005,270.76,51.43,0.5598034799999999,0.7109504195999999,2.14,1.204285e-08,5.952811e-09,1.617964e-08,7.418586e-09,135.25,117.16,12779.01,11070.31,67.43,57.31
6.44937,9,0.6095,0.008,0.009,5.222,6.131,0.9872,0.01005,270.76,51.43,0.55980252,0.7109492004,2.14,1.209399e-08,5.974015e-09,1.623127e-08,7.434918e-09,135.09,116.97,12763.89,11051.98,67.34,57.20
6.44963,9,0.6095,0.008,0.009,5.222,6.131,0.9872,0.01005,270.76,51.43,0.55980148,0.7109478795999999,2.14,1.21415e-08,5.996478e-09,1.626596e-08,7.448684e-09,135.04,116.91,12759.66,11046.17,67.32,57.17
6.44987,9,0.6095,0.008,0.009,5.222,6.131,0.9872,0.01005,270.76,51.43,0.5598005199999999,0.7109466603999999,2.14,1.220422e-08,6.014931e-09,1.632847e-08,7.465272e-09,134.49,116.56,12707.39,11013.40,67.01,56.97
6.45012,9,0.6096,0.008,0.009,5.222,6.131,0.9872,0.01005,270.76,51.43,0.55979952,0.7109453904,2.14,1.223872e-08,6.030903e-09,1.636828e-08,7.477908e-09,134.47,116.42,12705.19,11000.13,66.99,56.89
6.45038,9,0.6096,0.008,0.009,5.222,6.131,0.9872,0.01005,270.76,51.43,0.55979848,0.7109440696,2.14,1.229256e-08,6.046197e-09,1.640739e-08,7.492501e-09,133.98,116.33,12658.81,10991.29,66.72,56.84
6.45062,9,0.6096,0.008,0.009,5.222,6.131,0.9872,0.01005,270.76,51.43,0.5597975199999999,0.7109428503999999,2.14,1.231849e-08,6.063044e-09,1.645548e-08,7.509384e-09,134.16,116.18,12675.65,10977.63,66.82,56.76
6.45087,9,0.6097,0.008,0.009,5.221,6.131,0.9872,0.01005,270.76,51.43,0.5597965199999999,0.7109415803999999,2.14,1.236963e-08,6.077477e-09,1.650472e-08,7.5148e-09,133.71,115.72,12633.77,10933.78,66.57,56.50
6.45113,9,0.6097,0.008,0.009,5.221,6.131,0.9872,0.01005,270.76,51.43,0.55979548,0.7109402596000001,2.14,1.240682e-08,6.093218e-09,1.652947e-08,7.529548e-09,133.60,115.82,12623.46,10943.07,66.51,56.55
6.45137,9,0.6097,0.008,0.009,5.221,6.131,0.9872,0.01005,270.76,51.43,0.55979452,0.7109390404,2.14,1.244765e-08,6.097128e-09,1.656824e-08,7.536079e-09,132.91,115.50,12558.12,10913.47,66.12,56.38
6.45162,9,0.6098,0.008,0.009,5.221,6.131,0.9872,0.01005,270.76,51.43,0.5597935199999999,0.7109377704,2.14,1.248556e-08,6.117271e-09,1.661041e-08,7.545327e-09,133.00,115.25,12566.52,10888.96,66.17,56.23
6.45188,9,0.6098,0.008,0.009,5.221,6.131,0.9872,0.01005,270.76,51.43,0.5597924799999999,0.7109364495999999,2.14,1.251712e-08,6.124806e-09,1.664018e-08,7.558008e-09,132.66,115.22,12534.71,10886.74,65.98,56.22
6.45212,9,0.6098,0.008,0.009,5.221,6.131,0.9872,0.01005,270.76,51.43,0.55979152,0.7109352304,2.14,1.255712e-08,6.138452e-09,1.668081e-08,7.568794e-09,132.41,115.01,12511.06,10866.57,65.84,56.10
6.45237,9,0.6099,0.008,0.009,5.221,6.131,0.9872,0.01005,270.76,51.43,0.55979052,0.7109339604,2.14,1.257961e-08,6.148898e-09,1.670041e-08,7.574968e-09,132.41,114.95,12510.93,10861.21,65.84,56.07
6.45263,9,0.6099,0.008,0.009,5.221,6.131,0.9872,0.01005,270.76,51.43,0.55978948,0.7109326396,2.14,1.261367e-08,6.153179e-09,1.673329e-08,7.586073e-09,131.89,114.85,12461.93,10851.24,65.55,56.01
6.45287,9,0.6099,0.008,0.009,5.221,6.131,0.9872,0.01005,270.76,51.43,0.55978852,0.7109314204,2.14,1.263566e-08,6.162054e-09,1.676837e-08,7.593919e-09,131.82,114.62,12454.62,10830.22,65.51,55.89
6.45312,9,0.6100,0.008,0.009,5.221,6.131,0.9872,0.01005,270.76,51.43,0.55978752,0.7109301504,2.14,1.266987e-08,6.167165e-09,1.680462e-08,7.601568e-09,131.36,114.40,12411.21,10809.21,65.25,55.76
6.45338,9,0.6100,0.008,0.009,5.221,6.131,0.9872,0.01006,270.76,51.43,0.55978648,0.7109288295999999,2.14,1.269273e-08,6.179447e-09,1.682633e-08,7.606666e-09,131.40,114.27,12415.73,10796.97,65.28,55.69
6.45362,9,0.6100,0.008,0.009,5.221,6.131,0.9872,0.01006,270.76,51.43,0.5597855199999999,0.7109276104,2.14,1.27198e-08,6.186522e-09,1.685396e-08,7.619403e-09,131.15,114.28,12391.90,10797.60,65.14,55.69
6.45388,9,0.6101,0.008,0.009,5.221,6.131,0.9872,0.01006,270.76,51.43,0.5597844799999999,0.7109262895999999,2.14,1.274854e-08,6.187783e-09,1.688922e-08,7.625429e-09,130.65,114.03,12344.54,10773.81,64.86,55.55
6.45413,9,0.6101,0.008,0.009,5.221,6.131,0.9872,0.01006,270.76,51.43,0.55978348,0.7109250196,2.14,1.275938e-08,6.197324e-09,1.691389e-08,7.634355e-09,130.83,113.97,12361.13,10768.12,64.95,55.52
6.45437,9,0.6101,0.008,0.009,5.221,6.131,0.9872,0.01006,270.76,51.43,0.55978252,0.7109238003999999,2.14,1.279566e-08,6.209966e-09,1.695379e-08,7.643746e-09,130.62,113.73,12341.88,10746.04,64.84,55.39
6.45463,9,0.6102,0.008,0.009,5.221,6.131,0.9872,0.01006,270.76,51.43,0.5597814799999999,0.7109224796,2.14,1.282037e-08,6.216028e-09,1.698842e-08,7.652938e-09,130.40,113.58,12321.07,10731.40,64.72,55.30
6.45488,9,0.6102,0.008,0.009,5.221,6.131,0.9872,0.01006,270.76,51.43,0.5597804799999999,0.7109212095999999,2.14,1.284716e-08,6.219026e-09,1.702491e-08,7.669315e-09,130.00,113.58,12282.76,10731.24,64.49,55.30
6.45512,9,0.6102,0.008,0.009,5.221,6.131,0.9872,0.01006,270.76,51.43,0.55977952,0.7109199904,2.14,1.28781e-08,6.225296e-09,1.705994e-08,7.676514e-09,129.65,113.35,12249.55,10709.46,64.29,55.17
6.45538,9,0.6103,0.008,0.009,5.221,6.131,0.9872,0.01006,270.76,51.43,0.55977848,0.7109186695999999,2.14,1.290601e-08,6.237733e-09,1.709341e-08,7.684699e-09,129.62,113.18,12247.55,10693.82,64.28,55.08
6.45563,9,0.6103,0.008,0.009,5.221,6.131,0.9872,0.01006,270.76,51.43,0.5597774799999999,0.7109173995999999,2.14,1.292925e-08,6.247426e-09,1.713363e-08,7.703617e-09,129.56,113.20,12241.71,10695.93,64.25,55.09
6.45587,9,0.6103,0.008,0.009,5.221,6.131,0.9872,0.01006,270.76,51.43,0.55977652,0.7109161804,2.14,1.297044e-08,6.257811e-09,1.717554e-08,7.713508e-09,129.18,112.96,12205.79,10673.42,64.03,54.95
6.45613,9,0.6104,0.008,0.009,5.220,6.131,0.9872,0.01006,270.76,51.43,0.55977548,0.7109148596,2.14,1.299781e-08,6.266537e-09,1.722842e-08,7.723363e-09,129.03,112.61,12190.95,10640.42,63.95,54.76
6.45638,9,0.6104,0.008,0.009,5.220,6.131,0.9872,0.01006,270.76,51.43,0.55977448,0.7109135896,2.14,1.303006e-08,6.28203e-09,1.727542e-08,7.743315e-09,129.02,112.59,12190.74,10637.64,63.94,54.74
6.45662,9,0.6104,0.008,0.009,5.220,6.131,0.9872,0.01006,270.76,51.43,0.5597735199999999,0.7109123703999999,2.14,1.308063e-08,6.294541e-09,1.731589e-08,7.758092e-09,128.55,112.50,12146.52,10629.29,63.68,54.69
6.45688,9,0.6105,0.008,0.009,5.220,6.131,0.9872,0.01006,270.76,51.43,0.5597724799999999,0.7109110495999998,2.14,1.312461e-08,6.308784e-09,1.736777e-08,7.773385e-09,128.30,112.31,12122.87,10611.37,63.54,54.59
6.45712,9,0.6105,0.008,0.009,5.220,6.131,0.9872,0.01006,270.76,51.43,0.55977152,0.7109098304,2.14,1.316289e-08,6.320098e-09,1.740536e-08,7.794339e-09,128.03,112.42,12096.75,10621.56,63.39,54.65
6.45737,9,0.6105,0.008,0.009,5.220,6.131,0.9872,0.01006,270.76,51.43,0.5597705199999999,0.7109085604,2.14,1.320193e-08,6.34011e-09,1.745777e-08,7.809201e-09,128.08,112.19,12101.41,10600.40,63.41,54.52
6.45763,9,0.6106,0.008,0.009,5.220,6.131,0.9872,0.01006,270.76,51.43,0.5597694799999999,0.7109072395999999,2.14,1.325317e-08,6.356209e-09,1.751839e-08,7.8275e-09,127.77,111.98,12072.30,10580.57,63.24,54.40
6.45787,9,0.6106,0.008,0.009,5.220,6.131,0.9872,0.01006,270.76,51.43,0.55976852,0.7109060204,2.14,1.329811e-08,6.378328e-09,1.758081e-08,7.852444e-09,127.79,111.91,12074.36,10573.40,63.25,54.36
6.45812,9,0.6106,0.008,0.009,5.220,6.131,0.9872,0.01006,270.76,51.43,0.55976752,0.7109047504,2.14,1.334395e-08,6.39503e-09,1.764087e-08,7.869454e-09,127.59,111.65,12055.21,10549.62,63.14,54.22
6.45838,9,0.6107,0.008,0.009,5.220,6.131,0.9872,0.01006,270.76,51.43,0.55976648,0.7109034296,2.14,1.341026e-08,6.417383e-09,1.770253e-08,7.890342e-09,127.25,111.50,12023.27,10535.39,62.95,54.14
6.45862,9,0.6107,0.008,0.009,5.220,6.131,0.9872,0.01006,270.76,51.43,0.55976552,0.7109022104,2.14,1.345767e-08,6.438461e-09,1.777214e-08,7.919173e-09,127.19,111.45,12017.51,10530.12,62.92,54.10
6.45887,9,0.6107,0.008,0.009,5.220,6.131,0.9872,0.01006,270.76,51.43,0.55976452,0.7109009404,2.14,1.352784e-08,6.460386e-09,1.783016e-08,7.936454e-09,126.75,111.23,11976.12,10509.65,62.67,53.98
6.45913,9,0.6108,0.008,0.009,5.220,6.131,0.9872,0.01006,270.76,51.43,0.55976348,0.7108996196,2.14,1.357577e-08,6.487035e-09,1.789706e-08,7.963484e-09,126.91,111.18,11991.38,10504.84,62.76,53.95
6.45937,9,0.6108,0.008,0.009,5.220,6.131,0.9872,0.01006,270.76,51.43,0.5597625199999999,0.7108984004,2.14,1.364191e-08,6.506803e-09,1.797215e-08,7.987426e-09,126.47,110.94,11949.75,10482.44,62.51,53.82
6.45962,9,0.6108,0.008,0.009,5.220,6.131,0.9872,0.01006,270.76,51.43,0.5597615199999999,0.7108971303999999,2.14,1.370799e-08,6.533084e-09,1.804732e-08,8.01276e-09,126.28,110.74,11931.47,10463.47,62.41,53.71
6.45988,9,0.6109,0.008,0.009,5.220,6.131,0.9872,0.01006,270.76,51.43,0.55976048,0.7108958096,2.14,1.378059e-08,6.557222e-09,1.811219e-08,8.042534e-09,125.92,110.78,11897.15,10467.46,62.20,53.73
6.46012,9,0.6109,0.008,0.009,5.220,6.131,0.9872,0.01006,270.76,51.43,0.55975952,0.7108945903999999,2.14,1.38338e-08,6.586496e-09,1.818549e-08,8.068798e-09,126.06,110.63,11910.80,10452.81,62.28,53.65
6.46037,9,0.6109,0.008,0.008,5.220,6.131,0.9872,0.01006,270.76,51.43,0.5597585199999999,0.7108933203999999,2.14,1.390381e-08,6.621435e-09,1.826973e-08,8.093516e-09,126.12,110.32,11916.40,10423.58,62.32,53.47
6.46063,9,0.6109,0.008,0.008,5.220,6.131,0.9872,0.01006,270.76,51.43,0.5597574799999999,0.7108919995999999,2.14,1.397984e-08,6.646245e-09,1.832933e-08,8.122252e-09,125.71,110.38,11877.51,10428.96,62.09,53.51
6.46087,9,0.6110,0.008,0.008,5.220,6.131,0.9872,0.01006,270.76,51.43,0.55975652,0.7108907804,2.14,1.404229e-08,6.677582e-09,1.840628e-08,8.15457e-09,125.79,110.35,11885.04,10426.58,62.13,53.49
6.46113,9,0.6110,0.008,0.008,5.220,6.131,0.9872,0.01006,270.76,51.43,0.55975548,0.7108894595999999,2.14,1.41111e-08,6.703165e-09,1.847005e-08,8.183185e-09,125.53,110.36,11860.96,10427.41,61.99,53.50
6.46138,9,0.6110,0.008,0.008,5.220,6.131,0.9872,0.01006,270.76,51.43,0.5597544799999999,0.7108881895999999,2.14,1.4189e-08,6.731932e-09,1.856947e-08,8.207881e-09,125.24,109.90,11833.38,10383.45,61.83,53.24
6.46162,9,0.6111,0.008,0.008,5.219,6.131,0.9872,0.01006,270.76,51.43,0.55975352,0.7108869704,2.14,1.425161e-08,6.75536e-09,1.864719e-08,8.230618e-09,125.04,109.64,11814.42,10358.95,61.71,53.09
6.46188,9,0.6111,0.008,0.008,5.219,6.131,0.9872,0.01006,270.76,51.43,0.55975248,0.7108856496,2.14,1.433907e-08,6.788513e-09,1.870304e-08,8.26144e-09,124.75,109.78,11787.01,10372.82,61.55,53.17
6.46213,9,0.6111,0.008,0.008,5.219,6.131,0.9872,0.01006,270.77,51.43,0.55975148,0.7108843796,2.14,1.440446e-08,6.814854e-09,1.878243e-08,8.29434e-09,124.59,109.73,11771.87,10367.97,61.46,53.14
6.46237,9,0.6112,0.008,0.008,5.219,6.131,0.9872,0.01006,270.77,51.43,0.5597505199999999,0.7108831603999999,2.14,1.446844e-08,6.83781e-09,1.8862e-08,8.31817e-09,124.36,109.48,11749.94,10344.48,61.33,53.00
6.46263,9,0.6112,0.008,0.008,5.219,6.131,0.9872,0.01006,270.77,51.43,0.5597494799999999,0.7108818395999998,2.14,1.454534e-08,6.87485e-09,1.892286e-08,8.344094e-09,124.38,109.46,11752.20,10342.45,61.34,52.99
6.46288,9,0.6112,0.008,0.008,5.219,6.131,0.9872,0.01006,270.77,51.43,0.55974848,0.7108805696,2.14,1.460848e-08,6.898674e-09,1.901796e-08,8.367524e-09,124.18,109.03,11732.79,10301.70,61.23,52.75
6.46312,9,0.6113,0.008,0.008,5.219,6.131,0.9872,0.01006,270.77,51.43,0.5597475199999999,0.7108793503999999,2.14,1.46798e-08,6.923972e-09,1.908159e-08,8.393598e-09,123.91,109.00,11707.86,10299.17,61.08,52.74
6.46338,9,0.6113,0.008,0.008,5.219,6.131,0.9872,0.01006,270.77,51.43,0.5597464799999999,0.7108780295999999,2.14,1.473635e-08,6.945524e-09,1.914041e-08,8.422301e-09,123.74,109.07,11691.54,10305.35,60.98,52.77
6.46363,9,0.6113,0.008,0.008,5.219,6.131,0.9872,0.01006,270.77,51.43,0.5597454799999999,0.7108767595999999,2.14,1.479989e-08,6.974011e-09,1.920359e-08,8.442462e-09,123.69,108.89,11686.91,10288.73,60.96,52.67
6.46387,9,0.6114,0.008,0.008,5.219,6.131,0.9872,0.01006,270.77,51.43,0.55974452,0.7108755404,2.14,1.486417e-08,6.994192e-09,1.928182e-08,8.467913e-09,123.37,108.71,11656.96,10271.05,60.78,52.57
6.46413,9,0.6114,0.008,0.008,5.219,6.131,0.9872,0.01006,270.77,51.43,0.55974348,0.7108742196,2.14,1.491935e-08,7.02537e-09,1.933366e-08,8.49025e-09,123.55,108.70,11673.32,10270.13,60.88,52.56
6.46438,9,0.6114,0.008,0.008,5.219,6.131,0.9872,0.01006,270.77,51.43,0.5597424799999999,0.7108729495999999,2.14,1.49717e-08,7.046581e-09,1.940183e-08,8.511292e-09,123.43,108.49,11662.56,10251.03,60.81,52.45
6.46462,9,0.6115,0.008,0.008,5.219,6.131,0.9872,0.01006,270.77,51.43,0.55974152,0.7108717304,2.14,1.502769e-08,7.063993e-09,1.947409e-08,8.527064e-09,123.16,108.15,11636.65,10218.70,60.66,52.26
6.46488,9,0.6115,0.008,0.008,5.219,6.131,0.9872,0.01006,270.77,51.43,0.55974048,0.7108704096,2.14,1.508124e-08,7.081437e-09,1.95117e-08,8.545067e-09,122.91,108.19,11612.73,10221.97,60.52,52.28
6.46512,9,0.6115,0.008,0.008,5.219,6.131,0.9872,0.01006,270.77,51.43,0.5597395199999999,0.7108691904,2.14,1.512413e-08,7.097116e-09,1.956997e-08,8.566255e-09,122.76,108.09,11598.99,10212.78,60.43,52.22
6.46537,9,0.6116,0.008,0.008,5.219,6.131,0.9872,0.01006,270.77,51.43,0.55973852,0.7108679204,2.14,1.517246e-08,7.111067e-09,1.963042e-08,8.588045e-09,122.50,108.00,11574.12,10204.58,60.29,52.17
6.46563,9,0.6116,0.008,0.008,5.219,6.131,0.9872,0.01006,270.77,51.43,0.55973748,0.7108665996,2.14,1.521116e-08,7.128218e-09,1.968449e-08,8.601793e-09,122.46,107.78,11571.11,10183.73,60.27,52.05
6.46587,9,0.6116,0.008,0.008,5.219,6.131,0.9872,0.01006,270.77,51.43,0.55973652,0.7108653803999999,2.14,1.525585e-08,7.139868e-09,1.973579e-08,8.625236e-09,122.17,107.80,11542.83,10185.88,60.10,52.06
6.46612,9,0.6117,0.008,0.008,5.219,6.131,0.9872,0.01006,270.77,51.43,0.5597355199999999,0.7108641104,2.14,1.529739e-08,7.150166e-09,1.977947e-08,8.633253e-09,121.89,107.58,11517.04,10164.39,59.95,51.94
6.46638,9,0.6117,0.008,0.008,5.219,6.131,0.9872,0.01006,270.77,51.43,0.5597344799999999,0.7108627895999999,2.14,1.53319e-08,7.163191e-09,1.983035e-08,8.64856e-09,121.79,107.42,11507.67,10150.02,59.89,51.85
6.46662,9,0.6117,0.008,0.008,5.219,6.131,0.9872,0.01006,270.77,51.43,0.55973352,0.7108615704,2.14,1.535936e-08,7.175442e-09,1.987394e-08,8.66814e-09,121.78,107.44,11505.93,10151.20,59.88,51.86
6.46687,9,0.6118,0.008,0.008,5.218,6.131,0.9872,0.01006,270.77,51.43,0.55973252,0.7108603003999999,2.14,1.539046e-08,7.185084e-09,1.991513e-08,8.675168e-09,121.64,107.21,11493.14,10130.21,59.81,51.73
6.46713,9,0.6118,0.008,0.008,5.218,6.131,0.9872,0.01006,270.77,51.43,0.55973148,0.7108589796,2.14,1.54131e-08,7.192269e-09,1.995578e-08,8.690633e-09,121.53,107.17,11483.00,10125.58,59.75,51.71
6.46737,9,0.6118,0.008,0.008,5.218,6.131,0.9872,0.01006,270.77,51.43,0.55973052,0.7108577604,2.14,1.544777e-08,7.20188e-09,2.000418e-08,8.700013e-09,121.33,106.91,11463.41,10101.52,59.63,51.56
6.46762,9,0.6119,0.008,0.008,5.218,6.131,0.9872,0.01006,270.77,51.43,0.55972952,0.7108564904,2.14,1.547132e-08,7.208944e-09,2.002986e-08,8.707543e-09,121.22,106.85,11453.63,10095.70,59.57,51.53
6.46788,9,0.6119,0.008,0.008,5.218,6.131,0.9872,0.01006,270.77,51.43,0.55972848,0.7108551696,2.14,1.549638e-08,7.214244e-09,2.007607e-08,8.726921e-09,121.02,106.83,11434.70,10094.25,59.46,51.52
6.46812,9,0.6119,0.008,0.008,5.218,6.131,0.9872,0.01006,270.77,51.43,0.5597275199999999,0.7108539503999999,2.14,1.551187e-08,7.213102e-09,2.009717e-08,8.737883e-09,120.76,106.87,11409.98,10097.91,59.31,51.54
6.46837,9,0.6120,0.008,0.008,5.218,6.131,0.9872,0.01006,270.77,51.43,0.55972652,0.7108526804,2.14,1.554601e-08,7.222005e-09,2.015295e-08,8.748126e-09,120.56,106.59,11391.29,10071.03,59.20,51.38
6.46863,9,0.6120,0.008,0.008,5.218,6.131,0.9872,0.01006,270.77,51.43,0.55972548,0.7108513596,2.14,1.557359e-08,7.228706e-09,2.019149e-08,8.760898e-09,120.37,106.50,11373.33,10062.99,59.10,51.33
6.46887,9,0.6120,0.008,0.008,5.218,6.131,0.9872,0.01006,270.77,51.43,0.55972452,0.7108501403999999,2.14,1.560631e-08,7.23283e-09,2.022866e-08,8.766571e-09,120.03,106.28,11340.95,10041.84,58.90,51.21
6.46913,9,0.6121,0.008,0.008,5.218,6.131,0.9872,0.01006,270.77,51.43,0.5597234799999999,0.7108488195999999,2.14,1.56111e-08,7.247073e-09,2.025904e-08,8.774951e-09,120.42,106.19,11377.99,10033.82,59.12,51.16
6.46938,9,0.6121,0.008,0.008,5.218,6.131,0.9872,0.01006,270.77,51.43,0.5597224799999999,0.7108475495999999,2.14,1.563696e-08,7.250163e-09,2.029792e-08,8.787178e-09,120.15,106.10,11351.93,10024.54,58.97,51.11
6.46962,9,0.6121,0.008,0.008,5.218,6.131,0.9872,0.01006,270.77,51.43,0.55972152,0.7108463304,2.14,1.56511e-08,7.258792e-09,2.034779e-08,8.794337e-09,120.21,105.79,11357.98,9995.62,59.00,50.93
6.46988,9,0.6122,0.008,0.008,5.218,6.131,0.9872,0.01006,270.77,51.43,0.55972048,0.7108450096,2.14,1.56835e-08,7.258613e-09,2.038735e-08,8.80563e-09,119.76,105.69,11315.63,9985.65,58.75,50.88
6.47013,9,0.6122,0.008,0.008,5.218,6.131,0.9872,0.01006,270.77,51.43,0.5597194799999999,0.7108437395999999,2.14,1.571005e-08,7.260986e-09,2.044007e-08,8.816388e-09,119.46,105.43,11286.94,9961.76,58.58,50.73
6.47037,9,0.6122,0.008,0.008,5.218,6.131,0.9872,0.01006,270.77,51.43,0.55971852,0.7108425204,2.14,1.572928e-08,7.271262e-09,2.046746e-08,8.834756e-09,119.50,105.57,11290.95,9974.77,58.61,50.81
6.47063,9,0.6123,0.008,0.008,5.218,6.131,0.9872,0.01006,270.77,51.43,0.55971748,0.7108411996,2.14,1.576408e-08,7.283972e-09,2.05193e-08,8.846394e-09,119.42,105.36,11283.06,9955.14,58.56,50.69
6.47088,9,0.6123,0.008,0.008,5.218,6.131,0.9872,0.01006,270.77,51.43,0.55971648,0.7108399296,2.14,1.580327e-08,7.289581e-09,2.055008e-08,8.864154e-09,119.04,105.46,11247.21,9964.01,58.35,50.75
6.47112,9,0.6123,0.008,0.008,5.218,6.131,0.9872,0.01006,270.77,51.43,0.5597155199999999,0.7108387103999999,2.14,1.582661e-08,7.300839e-09,2.060128e-08,8.876195e-09,119.05,105.25,11248.62,9944.23,58.36,50.63
6.47138,9,0.6124,0.008,0.008,5.218,6.131,0.9872,0.01006,270.77,51.43,0.55971448,0.7108373896,2.14,1.585846e-08,7.309128e-09,2.06568e-08,8.889485e-09,118.88,105.04,11232.19,9924.99,58.26,50.52
6.47163,9,0.6124,0.008,0.008,5.218,6.131,0.9872,0.01006,270.77,51.43,0.55971348,0.7108361196,2.14,1.589634e-08,7.318448e-09,2.070347e-08,8.901998e-09,118.63,104.89,11209.07,9910.20,58.12,50.43
6.47187,9,0.6124,0.008,0.008,5.218,6.131,0.9872,0.01006,270.77,51.43,0.5597125199999999,0.7108349004,2.14,1.592796e-08,7.333521e-09,2.077349e-08,8.934081e-09,118.65,104.93,11210.53,9914.05,58.13,50.45
6.47213,9,0.6125,0.008,0.008,5.217,6.131,0.9872,0.01006,270.77,51.43,0.5597114799999999,0.7108335795999999,2.14,1.59816e-08,7.351961e-09,2.081693e-08,8.946294e-09,118.48,104.81,11194.70,9903.10,58.04,50.39
6.47238,9,0.6125,0.008,0.008,5.217,6.131,0.9872,0.01006,270.77,51.43,0.55971048,0.7108323096,2.14,1.600827e-08,7.365181e-09,2.090182e-08,8.966444e-09,118.51,104.48,11197.38,9871.57,58.05,50.20
6.47262,9,0.6125,0.008,0.008,5.217,6.131,0.9872,0.01006,270.77,51.43,0.55970952,0.7108310903999999,2.14,1.605439e-08,7.381616e-09,2.096073e-08,8.981876e-09,118.37,104.28,11183.95,9852.67,57.97,50.09
6.47288,9,0.6126,0.008,0.008,5.217,6.131,0.9872,0.01006,270.77,51.43,0.55970848,0.7108297696,2.14,1.610965e-08,7.396529e-09,2.10094e-08,9.009824e-09,118.08,104.44,11156.48,9867.87,57.81,50.18
6.47312,9,0.6126,0.008,0.008,5.217,6.131,0.9872,0.01006,270.77,51.43,0.55970752,0.7108285504,2.14,1.615042e-08,7.42181e-09,2.107776e-08,9.026961e-09,118.27,104.19,11174.74,9844.61,57.92,50.04
6.47337,9,0.6126,0.008,0.008,5.217,6.131,0.9872,0.01006,270.77,51.43,0.55970652,0.7108272804,2.14,1.620151e-08,7.434231e-09,2.115972e-08,9.048158e-09,117.95,103.91,11144.08,9818.22,57.74,49.88
6.47363,9,0.6127,0.008,0.008,5.217,6.131,0.9872,0.01006,270.77,51.43,0.55970548,0.7108259596,2.14,1.625077e-08,7.453488e-09,2.122341e-08,9.071571e-09,117.87,103.85,11136.66,9812.60,57.69,49.85
6.47387,9,0.6127,0.008,0.008,5.217,6.131,0.9872,0.01006,270.77,51.43,0.5597045199999999,0.7108247403999999,2.14,1.631495e-08,7.478199e-09,2.129165e-08,9.099392e-09,117.73,103.83,11123.67,9810.07,57.61,49.83
6.47412,9,0.6127,0.008,0.008,5.217,6.131,0.9872,0.01006,270.77,51.43,0.55970352,0.7108234704,2.14,1.6375e-08,7.504188e-09,2.137568e-08,9.12119e-09,117.69,103.55,11119.47,9783.63,57.59,49.68
6.47438,9,0.6128,0.008,0.008,5.217,6.131,0.9872,0.01006,270.77,51.43,0.55970248,0.7108221496,2.14,1.64399e-08,7.520159e-09,2.145278e-08,9.150975e-09,117.31,103.50,11083.82,9779.42,57.38,49.65
6.47462,9,0.6128,0.008,0.008,5.217,6.131,0.9872,0.01006,270.77,51.43,0.55970152,0.7108209303999999,2.14,1.649407e-08,7.547968e-09,2.150374e-08,9.182966e-09,117.39,103.70,11092.02,9798.50,57.43,49.76
6.47487,9,0.6128,0.008,0.008,5.217,6.131,0.9872,0.01006,270.77,51.43,0.5597005199999999,0.7108196603999999,2.14,1.654549e-08,7.570346e-09,2.160045e-08,9.205591e-09,117.36,103.34,11088.91,9763.93,57.41,49.56
6.47513,9,0.6129,0.008,0.008,5.217,6.131,0.9872,0.01006,270.77,51.43,0.5596994799999999,0.7108183395999998,2.14,1.661535e-08,7.593416e-09,2.167419e-08,9.235757e-09,117.13,103.33,11066.82,9763.20,57.28,49.56
6.47537,9,0.6129,0.008,0.008,5.217,6.131,0.9872,0.01006,270.77,51.43,0.55969852,0.7108171204,2.14,1.667909e-08,7.622226e-09,2.174305e-08,9.264e-09,117.12,103.31,11065.97,9761.18,57.27,49.54
6.47562,9,0.6129,0.008,0.008,5.217,6.131,0.9872,0.01006,270.77,51.43,0.55969752,0.7108158504,2.14,1.673736e-08,7.639078e-09,2.183418e-08,9.288372e-09,116.84,103.03,11039.95,9734.79,57.12,49.39
6.47588,9,0.6130,0.008,0.008,5.217,6.131,0.9872,0.01006,270.77,51.43,0.5596964799999999,0.7108145295999999,2.14,1.680917e-08,7.670082e-09,2.189679e-08,9.31208e-09,116.81,102.99,11037.06,9731.05,57.10,49.36
6.47612,9,0.6130,0.008,0.008,5.217,6.131,0.9872,0.01006,270.77,51.43,0.55969552,0.7108133104000001,2.14,1.686697e-08,7.690779e-09,2.198905e-08,9.346153e-09,116.65,102.89,11022.10,9721.71,57.01,49.31
6.47637,9,0.6130,0.008,0.008,5.217,6.131,0.9872,0.01006,270.77,51.43,0.55969452,0.7108120404,2.14,1.692596e-08,7.719614e-09,2.206039e-08,9.374695e-09,116.71,102.86,11027.18,9718.50,57.04,49.29
6.47663,9,0.6131,0.008,0.008,5.217,6.131,0.9872,0.01006,270.77,51.43,0.55969348,0.7108107196,2.14,1.698657e-08,7.740392e-09,2.214853e-08,9.408121e-09,116.54,102.80,11011.03,9712.85,56.95,49.26
6.47687,9,0.6131,0.008,0.008,5.217,6.131,0.9872,0.01006,270.77,51.43,0.5596925199999999,0.7108095003999999,2.14,1.704505e-08,7.762126e-09,2.221699e-08,9.435078e-09,116.40,102.76,10998.24,9709.05,56.87,49.23
6.47713,9,0.6131,0.008,0.008,5.217,6.131,0.9872,0.01006,270.77,51.43,0.5596914799999999,0.7108081795999999,2.14,1.70991e-08,7.788761e-09,2.228763e-08,9.454356e-09,116.46,102.56,11003.48,9689.95,56.90,49.12
6.47738,9,0.6132,0.008,0.008,5.216,6.131,0.9872,0.01006,270.77,51.43,0.55969048,0.7108069096,2.14,1.715061e-08,7.812611e-09,2.235011e-08,9.482362e-09,116.49,102.60,11006.28,9694.20,56.92,49.15
6.47762,9,0.6132,0.008,0.008,5.217,6.131,0.9872,0.01006,270.77,51.43,0.5596895199999999,0.7108056904,2.14,1.719728e-08,7.830172e-09,2.243526e-08,9.509326e-09,116.39,102.43,10996.74,9678.00,56.86,49.05
6.47788,9,0.6132,0.008,0.008,5.217,6.131,0.9872,0.01006,270.77,51.43,0.5596884799999999,0.7108043695999999,2.14,1.725989e-08,7.849512e-09,2.251164e-08,9.532138e-09,116.14,102.25,10973.21,9661.18,56.72,48.95
6.47813,9,0.6133,0.008,0.008,5.216,6.131,0.9872,0.01006,270.77,51.43,0.55968748,0.7108030996,2.14,1.730308e-08,7.871813e-09,2.257708e-08,9.555845e-09,116.23,102.19,10981.80,9655.74,56.77,48.92
6.47837,9,0.6133,0.008,0.008,5.216,6.131,0.9872,0.01006,270.77,51.43,0.55968652,0.7108018803999999,2.14,1.734406e-08,7.886345e-09,2.26322e-08,9.579248e-09,116.12,102.19,10971.31,9655.87,56.71,48.92
6.47863,9,0.6133,0.008,0.008,5.216,6.131,0.9872,0.01006,270.77,51.43,0.55968548,0.7108005596,2.14,1.739874e-08,7.904238e-09,2.26889e-08,9.595397e-09,115.93,102.05,10953.59,9642.20,56.61,48.84
6.47888,9,0.6134,0.008,0.008,5.216,6.131,0.9872,0.01006,270.77,51.43,0.5596844799999999,0.7107992895999999,2.14,1.742824e-08,7.913114e-09,2.274894e-08,9.609985e-09,115.83,101.87,10943.91,9625.02,56.55,48.74
6.47912,9,0.6134,0.008,0.008,5.216,6.131,0.9872,0.01006,270.77,51.43,0.55968352,0.7107980704,2.14,1.745961e-08,7.92849e-09,2.280655e-08,9.63554e-09,115.86,101.89,10946.77,9627.12,56.56,48.75
6.47938,9,0.6134,0.008,0.008,5.216,6.131,0.9872,0.01006,270.77,51.43,0.55968248,0.7107967495999999,2.14,1.748357e-08,7.934441e-09,2.283807e-08,9.654842e-09,115.73,102.00,10934.33,9637.47,56.49,48.81
6.47963,9,0.6135,0.008,0.008,5.216,6.131,0.9872,0.01006,270.77,51.43,0.55968148,0.7107954796,2.14,1.75253e-08,7.945561e-09,2.28978e-08,9.67067e-09,115.54,101.84,10916.45,9622.80,56.38,48.72
6.47987,9,0.6135,0.008,0.008,5.216,6.131,0.9872,0.01006,270.77,51.43,0.55968052,0.7107942604,2.14,1.754148e-08,7.947304e-09,2.291496e-08,9.680138e-09,115.39,101.89,10902.41,9626.62,56.30,48.74
6.48013,9,0.6135,0.008,0.008,5.216,6.131,0.9872,0.01006,270.77,51.43,0.55967948,0.7107929396,2.14,1.755203e-08,7.956939e-09,2.297222e-08,9.692166e-09,115.52,101.66,10914.59,9605.75,56.37,48.62
6.48038,9,0.6136,0.008,0.008,5.216,6.131,0.9872,0.01006,270.77,51.43,0.55967848,0.7107916696,2.14,1.75632e-08,7.95962e-09,2.300607e-08,9.700095e-09,115.47,101.57,10910.39,9596.45,56.35,48.57
6.48062,9,0.6136,0.008,0.008,5.216,6.131,0.9872,0.01006,270.77,51.43,0.5596775199999999,0.7107904503999999,2.14,1.75841e-08,7.96024e-09,2.302781e-08,9.714567e-09,115.24,101.66,10888.25,9605.52,56.22,48.62
6.48088,9,0.6136,0.008,0.008,5.216,6.131,0.9872,0.01006,270.77,51.43,0.5596764799999999,0.7107891296,2.14,1.759156e-08,7.961817e-09,2.306341e-08,9.71706e-09,115.19,101.44,10883.75,9584.15,56.19,48.49
6.48112,9,0.6137,0.008,0.008,5.216,6.131,0.9872,0.01006,270.77,51.43,0.55967552,0.7107879104,2.14,1.759126e-08,7.961119e-09,2.310157e-08,9.720742e-09,115.19,101.23,10884.12,9564.64,56.19,48.38
6.48137,9,0.6137,0.008,0.008,5.216,6.131,0.9872,0.01006,270.77,51.43,0.55967452,0.7107866404,2.14,1.757699e-08,7.9585e-09,2.309895e-08,9.735291e-09,115.30,101.51,10893.72,9591.26,56.25,48.53
6.48163,9,0.6137,0.008,0.008,5.216,6.131,0.9872,0.01006,270.77,51.43,0.55967348,0.7107853195999999,2.14,1.758452e-08,7.948697e-09,2.31125e-08,9.729562e-09,114.95,101.31,10860.73,9571.80,56.05,48.42
6.48187,9,0.6138,0.008,0.008,5.216,6.131,0.9872,0.01006,270.77,51.43,0.55967252,0.7107841004000001,2.14,1.757222e-08,7.946652e-09,2.314155e-08,9.732952e-09,115.06,101.16,10871.28,9558.37,56.12,48.34
6.48212,9,0.6138,0.008,0.008,5.216,6.131,0.9872,0.01006,270.77,51.43,0.55967152,0.7107828304,2.14,1.755611e-08,7.935772e-09,2.313063e-08,9.734836e-09,114.96,101.28,10862.29,9569.36,56.06,48.40
6.48238,9,0.6138,0.008,0.008,5.216,6.131,0.9872,0.01006,270.77,51.43,0.55967048,0.7107815096,2.14,1.75342e-08,7.929841e-09,2.316479e-08,9.742111e-09,115.07,101.15,10872.23,9557.33,56.12,48.33
6.48262,9,0.6139,0.008,0.008,5.216,6.131,0.9872,0.01006,270.77,51.43,0.5596695199999999,0.7107802903999999,2.14,1.753123e-08,7.91868e-09,2.314761e-08,9.734893e-09,114.83,101.17,10849.45,9558.90,55.99,48.34
6.48287,9,0.6139,0.008,0.008,5.216,6.131,0.9872,0.01006,270.77,51.43,0.55966852,0.7107790204,2.14,1.750598e-08,7.907892e-09,2.314822e-08,9.732851e-09,114.84,101.13,10850.99,9555.01,56.00,48.32
6.48313,9,0.6139,0.008,0.008,5.216,6.131,0.9872,0.01006,270.77,51.43,0.55966748,0.7107776996,2.14,1.747788e-08,7.891954e-09,2.31629e-08,9.726679e-09,114.76,100.91,10842.86,9534.13,55.95,48.19
6.48337,9,0.6140,0.008,0.008,5.215,6.131,0.9872,0.01006,270.77,51.43,0.55966652,0.7107764804,2.14,1.746299e-08,7.881752e-09,2.314197e-08,9.727194e-09,114.68,101.09,10835.91,9551.43,55.91,48.30
6.48362,9,0.6140,0.008,0.008,5.215,6.131,0.9872,0.01006,270.77,51.43,0.5596655199999999,0.7107752103999999,2.14,1.744307e-08,7.868515e-09,2.313356e-08,9.721118e-09,114.57,101.04,10825.26,9547.12,55.84,48.27
6.48388,9,0.6140,0.008,0.008,5.215,6.131,0.9872,0.01006,270.77,51.43,0.5596644799999999,0.7107738895999999,2.14,1.742321e-08,7.854246e-09,2.314078e-08,9.709844e-09,114.43,100.79,10811.94,9522.92,55.76,48.13
6.48412,9,0.6141,0.008,0.008,5.215,6.131,0.9872,0.01006,270.77,51.43,0.55966352,0.7107726703999999,2.14,1.740951e-08,7.841946e-09,2.314058e-08,9.707085e-09,114.29,100.76,10798.35,9519.95,55.68,48.11
6.48438,9,0.6141,0.008,0.008,5.215,6.131,0.9872,0.01006,270.77,51.43,0.55966248,0.7107713496,2.14,1.737875e-08,7.835181e-09,2.311996e-08,9.698953e-09,114.47,100.77,10816.16,9520.83,55.79,48.12
6.48463,9,0.6141,0.008,0.008,5.215,6.131,0.9872,0.01006,270.77,51.43,0.5596614799999999,0.7107700795999999,2.14,1.735957e-08,7.820737e-09,2.311019e-08,9.694377e-09,114.32,100.76,10801.58,9520.02,55.70,48.11
6.48487,9,0.6142,0.008,0.008,5.215,6.131,0.9872,0.01006,270.77,51.43,0.55966052,0.7107688604,2.14,1.734926e-08,7.804749e-09,2.310422e-08,9.693829e-09,114.04,100.81,10774.84,9524.88,55.54,48.14
6.48513,9,0.6142,0.008,0.008,5.215,6.131,0.9872,0.01006,270.77,51.43,0.55965948,0.7107675395999999,2.14,1.731587e-08,7.795903e-09,2.309898e-08,9.682013e-09,114.20,100.64,10790.38,9508.61,55.64,48.04
6.48538,9,0.6142,0.008,0.008,5.215,6.131,0.9872,0.01006,270.77,51.43,0.55965848,0.7107662696,2.14,1.729219e-08,7.781746e-09,2.309152e-08,9.678003e-09,114.11,100.62,10781.57,9507.12,55.58,48.03
6.48562,9,0.6143,0.008,0.008,5.215,6.131,0.9872,0.01006,270.77,51.43,0.5596575199999999,0.7107650503999999,2.14,1.726249e-08,7.770041e-09,2.309092e-08,9.676208e-09,114.17,100.61,10787.51,9506.05,55.62,48.03
6.48588,9,0.6143,0.008,0.008,5.215,6.131,0.9872,0.01006,270.77,51.43,0.55965648,0.7107637296,2.14,1.725288e-08,7.764732e-09,2.309025e-08,9.671396e-09,114.15,100.53,10785.03,9498.39,55.60,47.98
6.48613,9,0.6143,0.008,0.008,5.215,6.131,0.9872,0.01006,270.77,51.43,0.55965548,0.7107624596,2.14,1.724797e-08,7.751463e-09,2.306894e-08,9.664722e-09,113.85,100.57,10757.12,9502.20,55.44,48.00
6.48637,9,0.6144,0.008,0.008,5.215,6.131,0.9872,0.01006,270.77,51.43,0.5596545199999999,0.7107612403999999,2.14,1.723281e-08,7.748354e-09,2.306633e-08,9.664205e-09,113.97,100.60,10768.22,9504.72,55.50,48.02
6.48663,9,0.6144,0.008,0.008,5.215,6.131,0.9872,0.01006,270.77,51.43,0.5596534799999999,0.7107599196,2.14,1.721632e-08,7.743863e-09,2.307812e-08,9.666775e-09,114.05,100.55,10775.62,9500.72,55.55,48.00
6.48688,9,0.6144,0.008,0.008,5.215,6.131,0.9872,0.01006,270.77,51.43,0.55965248,0.7107586496,2.14,1.722117e-08,7.734948e-09,2.306941e-08,9.655991e-09,113.75,100.42,10747.59,9488.65,55.38,47.92
6.48712,9,0.6145,0.008,0.008,5.215,6.131,0.9872,0.01006,270.77,51.43,0.55965152,0.7107574304,2.14,1.721743e-08,7.728261e-09,2.309121e-08,9.654076e-09,113.63,100.24,10736.71,9471.57,55.32,47.82
6.48738,9,0.6145,0.008,0.008,5.215,6.131,0.9872,0.01006,270.77,51.43,0.55965048,0.7107561095999999,2.14,1.719859e-08,7.731127e-09,2.308282e-08,9.655587e-09,113.94,100.33,10765.32,9480.03,55.49,47.87
6.48763,9,0.6145,0.008,0.008,5.215,6.131,0.9872,0.01006,270.77,51.43,0.5596494799999999,0.7107548395999999,2.14,1.719028e-08,7.720567e-09,2.309821e-08,9.659416e-09,113.75,100.29,10748.06,9475.63,55.38,47.85
6.48787,9,0.6146,0.008,0.008,5.215,6.131,0.9872,0.01006,270.77,51.43,0.55964852,0.7107536204,2.14,1.720569e-08,7.722951e-09,2.309813e-08,9.657008e-09,113.65,100.26,10738.36,9473.17,55.33,47.83
6.48813,9,0.6146,0.008,0.008,5.215,6.131,0.9872,0.01006,270.77,51.43,0.55964748,0.7107522996,2.14,1.720383e-08,7.721072e-09,2.311198e-08,9.659474e-09,113.62,100.20,10735.72,9467.57,55.31,47.80
6.48837,9,0.6146,0.008,0.008,5.215,6.131,0.9872,0.01006,270.77,51.43,0.5596465199999999,0.7107510803999999,2.14,1.720693e-08,7.717504e-09,2.313197e-08,9.67325e-09,113.49,100.30,10723.22,9476.70,55.24,47.85
6.48862,9,0.6147,0.008,0.008,5.214,6.131,0.9872,0.01006,270.77,51.43,0.55964552,0.7107498104000001,2.14,1.722332e-08,7.719748e-09,2.31413e-08,9.677007e-09,113.37,100.31,10712.12,9478.00,55.17,47.86
6.48888,9,0.6147,0.008,0.008,5.214,6.131,0.9872,0.01006,270.77,51.43,0.55964448,0.7107484896,2.14,1.722894e-08,7.728182e-09,2.31656e-08,9.675836e-09,113.53,100.11,10727.00,9458.96,55.26,47.75
6.48912,9,0.6147,0.008,0.008,5.214,6.131,0.9872,0.01006,270.77,51.43,0.55964352,0.7107472704,2.14,1.723768e-08,7.729381e-09,2.317209e-08,9.678944e-09,113.46,100.12,10720.15,9459.62,55.22,47.75
6.48937,9,0.6148,0.008,0.008,5.214,6.131,0.9872,0.01006,270.77,51.43,0.5596425199999999,0.7107460003999999,2.14,1.723862e-08,7.735535e-09,2.320978e-08,9.689171e-09,113.63,100.04,10736.32,9451.92,55.31,47.71
6.48963,9,0.6148,0.008,0.008,5.214,6.131,0.9872,0.01007,270.77,51.43,0.5596414799999999,0.7107446795999999,2.14,1.725958e-08,7.738057e-09,2.322272e-08,9.696153e-09,113.45,100.06,10719.02,9454.57,55.21,47.72
6.48987,9,0.6148,0.008,0.008,5.214,6.131,0.9872,0.01007,270.77,51.43,0.55964052,0.7107434604,2.14,1.72819e-08,7.742392e-09,2.324836e-08,9.709213e-09,113.30,100.11,10704.81,9458.50,55.13,47.74
6.49012,9,0.6149,0.008,0.008,5.214,6.131,0.9872,0.01007,270.77,51.43,0.55963952,0.7107421904,2.14,1.729475e-08,7.744258e-09,2.327484e-08,9.719505e-09,113.21,100.11,10696.81,9458.76,55.08,47.75
6.49038,9,0.6149,0.008,0.008,5.214,6.131,0.9872,0.01007,270.77,51.43,0.5596384799999999,0.7107408695999999,2.14,1.7293e-08,7.751597e-09,2.331236e-08,9.725428e-09,113.43,99.94,10717.15,9442.51,55.20,47.65
6.49062,9,0.6149,0.008,0.008,5.214,6.131,0.9872,0.01007,270.77,51.43,0.55963752,0.7107396504,2.14,1.731856e-08,7.759878e-09,2.333554e-08,9.733446e-09,113.34,99.91,10709.20,9439.77,55.15,47.63
6.49087,9,0.6150,0.008,0.008,5.214,6.131,0.9872,0.01007,270.77,51.43,0.55963652,0.7107383803999999,2.14,1.732135e-08,7.769668e-09,2.337154e-08,9.736987e-09,113.59,99.72,10732.32,9422.25,55.29,47.53
6.49113,9,0.6150,0.008,0.008,5.214,6.131,0.9872,0.01007,270.77,51.43,0.55963548,0.7107370596,2.14,1.735191e-08,7.765878e-09,2.339019e-08,9.749354e-09,113.13,99.80,10688.65,9429.87,55.03,47.57
6.49137,9,0.6150,0.008,0.008,5.214,6.131,0.9872,0.01007,270.77,51.43,0.5596345199999999,0.7107358403999999,2.14,1.735922e-08,7.776547e-09,2.339664e-08,9.76533e-09,113.32,100.04,10707.08,9451.93,55.14,47.70
6.49162,9,0.6151,0.008,0.008,5.214,6.131,0.9872,0.01007,270.77,51.43,0.55963352,0.7107345704,2.14,1.738221e-08,7.787038e-09,2.343874e-08,9.779206e-09,113.34,99.99,10709.30,9447.33,55.15,47.68
6.49188,9,0.6151,0.008,0.008,5.214,6.131,0.9872,0.01007,270.77,51.43,0.55963248,0.7107332496,2.14,1.739814e-08,7.789247e-09,2.346257e-08,9.78526e-09,113.21,99.92,10697.04,9440.90,55.08,47.64
6.49212,9,0.6151,0.008,0.008,5.214,6.131,0.9872,0.01007,270.77,51.43,0.5596315199999999,0.7107320303999999,2.14,1.740028e-08,7.795465e-09,2.34757e-08,9.796478e-09,113.35,100.02,10710.13,9450.40,55.16,47.70
6.49238,9,0.6152,0.008,0.008,5.214,6.131,0.9872,0.01007,270.77,51.43,0.5596304799999999,0.7107307096,2.14,1.740842e-08,7.803057e-09,2.351823e-08,9.800354e-09,113.48,99.79,10721.69,9429.03,55.23,47.57
6.49263,9,0.6152,0.008,0.008,5.214,6.131,0.9872,0.01007,270.77,51.43,0.55962948,0.7107294396,2.14,1.741399e-08,7.80333e-09,2.353517e-08,9.81734e-09,113.42,99.97,10716.15,9445.41,55.19,47.67
6.49287,9,0.6152,0.008,0.008,5.214,6.131,0.9872,0.01007,270.77,51.43,0.55962852,0.7107282203999999,2.14,1.741622e-08,7.804905e-09,2.357061e-08,9.825207e-09,113.43,99.85,10717.59,9434.01,55.20,47.60
6.49313,9,0.6153,0.008,0.008,5.214,6.131,0.9872,0.01007,270.77,51.43,0.55962748,0.7107268995999999,2.14,1.742707e-08,7.80778e-09,2.35806e-08,9.826867e-09,113.40,99.82,10714.39,9431.42,55.18,47.58
6.49338,9,0.6153,0.008,0.008,5.214,6.131,0.9872,0.01007,270.77,51.43,0.5596264799999999,0.7107256296,2.14,1.742916e-08,7.812622e-09,2.358125e-08,9.834977e-09,113.50,99.96,10724.10,9444.33,55.24,47.66
6.49362,9,0.6153,0.008,0.008,5.214,6.131,0.9872,0.01007,270.77,51.43,0.55962552,0.7107244104,2.14,1.742474e-08,7.808071e-09,2.36165e-08,9.84098e-09,113.43,99.80,10717.71,9430.03,55.20,47.57
6.49388,9,0.6154,0.008,0.008,5.213,6.131,0.9872,0.01007,270.77,51.43,0.55962448,0.7107230896,2.14,1.741729e-08,7.80144e-09,2.362863e-08,9.839833e-09,113.36,99.71,10711.26,9421.38,55.16,47.52
6.49413,9,0.6154,0.008,0.008,5.213,6.131,0.9872,0.01007,270.77,51.43,0.55962348,0.7107218195999999,2.14,1.741031e-08,7.80283e-09,2.362476e-08,9.848937e-09,113.48,99.90,10722.50,9438.98,55.23,47.63
6.49437,9,0.6154,0.008,0.008,5.213,6.131,0.9872,0.01007,270.77,51.43,0.55962252,0.7107206004000001,2.14,1.739322e-08,7.791161e-09,2.362963e-08,9.853514e-09,113.38,99.94,10712.51,9443.17,55.17,47.65
6.49463,9,0.6155,0.008,0.008,5.213,6.131,0.9872,0.01007,270.77,51.43,0.55962148,0.7107192796,2.14,1.738328e-08,7.791319e-09,2.363267e-08,9.847227e-09,113.52,99.83,10725.75,9432.29,55.25,47.59
6.49488,9,0.6155,0.008,0.008,5.213,6.131,0.9872,0.01007,270.77,51.43,0.55962048,0.7107180096,2.14,1.735517e-08,7.785603e-09,2.363538e-08,9.85479e-09,113.70,99.94,10742.96,9442.86,55.35,47.65
6.49512,9,0.6155,0.008,0.008,5.213,6.131,0.9872,0.01007,270.77,51.43,0.5596195199999999,0.7107167903999999,2.14,1.733601e-08,7.776083e-09,2.363104e-08,9.853032e-09,113.68,99.94,10740.64,9442.94,55.34,47.65
6.49538,9,0.6156,0.008,0.008,5.213,6.131,0.9872,0.01007,270.77,51.43,0.5596184799999999,0.7107154695999999,2.14,1.732177e-08,7.764578e-09,2.36306e-08,9.853537e-09,113.56,99.97,10729.56,9445.61,55.27,47.67
6.49563,9,0.6156,0.008,0.008,5.213,6.131,0.9872,0.01007,270.77,51.43,0.55961748,0.7107141996,2.14,1.728032e-08,7.759422e-09,2.362761e-08,9.845683e-09,113.92,99.85,10763.31,9434.75,55.47,47.60
6.49587,9,0.6156,0.008,0.008,5.213,6.131,0.9872,0.01007,270.77,51.43,0.55961652,0.7107129804,2.14,1.726813e-08,7.741344e-09,2.359266e-08,9.836369e-09,113.58,99.95,10731.60,9443.39,55.28,47.65
6.49613,9,0.6157,0.008,0.008,5.213,6.131,0.9872,0.01007,270.77,51.43,0.5596154799999999,0.7107116595999999,2.14,1.722825e-08,7.732751e-09,2.358898e-08,9.828936e-09,113.85,99.86,10756.75,9435.21,55.43,47.60
6.49637,9,0.6157,0.008,0.008,5.213,6.131,0.9872,0.01007,270.77,51.43,0.55961452,0.7107104404,2.14,1.71868e-08,7.713671e-09,2.357006e-08,9.829861e-09,113.83,100.01,10755.55,9449.73,55.42,47.69
6.49662,9,0.6157,0.008,0.008,5.213,6.131,0.9872,0.01007,270.77,51.43,0.55961352,0.7107091703999999,2.14,1.714296e-08,7.697659e-09,2.354472e-08,9.825132e-09,113.93,100.12,10764.85,9459.37,55.48,47.75
6.49688,9,0.6158,0.008,0.008,5.213,6.131,0.9872,0.01007,270.77,51.43,0.55961248,0.7107078496,2.14,1.712156e-08,7.683555e-09,2.352142e-08,9.806614e-09,113.83,99.98,10755.18,9446.37,55.42,47.67
6.49712,9,0.6158,0.008,0.008,5.213,6.131,0.9872,0.01007,270.77,51.43,0.5596115199999999,0.7107066303999999,2.14,1.707795e-08,7.66288e-09,2.347172e-08,9.796424e-09,113.80,100.16,10752.37,9463.82,55.40,47.77
6.49737,9,0.6158,0.008,0.008,5.213,6.131,0.9872,0.01007,270.77,51.43,0.55961052,0.7107053604,2.14,1.703904e-08,7.647051e-09,2.346654e-08,9.788857e-09,113.84,100.07,10756.52,9454.86,55.43,47.72
6.49763,9,0.6159,0.008,0.008,5.213,6.131,0.9872,0.01007,270.77,51.43,0.55960948,0.7107040396,2.14,1.699329e-08,7.629423e-09,2.341971e-08,9.776324e-09,113.94,100.21,10765.71,9468.03,55.48,47.80
6.49787,9,0.6159,0.008,0.008,5.213,6.131,0.9872,0.01007,270.77,51.43,0.5596085199999999,0.7107028204,2.14,1.694569e-08,7.613241e-09,2.338901e-08,9.767095e-09,114.08,100.27,10779.04,9474.00,55.56,47.83
6.49812,9,0.6159,0.008,0.008,5.213,6.131,0.9872,0.01007,270.77,51.43,0.5596075199999999,0.7107015503999999,2.14,1.691052e-08,7.597304e-09,2.335045e-08,9.749992e-09,114.08,100.25,10778.69,9472.33,55.56,47.82
6.49838,9,0.6160,0.008,0.008,5.213,6.131,0.9872,0.01007,270.77,51.43,0.5596064799999999,0.7107002295999999,2.14,1.686814e-08,7.574201e-09,2.331969e-08,9.736843e-09,113.99,100.26,10769.95,9473.36,55.51,47.83
6.49862,9,0.6160,0.008,0.008,5.213,6.131,0.9872,0.01007,270.77,51.43,0.55960552,0.7106990103999999,2.14,1.681994e-08,7.560228e-09,2.327497e-08,9.725051e-09,114.20,100.39,10789.81,9484.88,55.63,47.90
6.49887,9,0.6160,0.008,0.008,5.213,6.131,0.9872,0.01007,270.77,51.43,0.5596045199999999,0.7106977403999999,2.14,1.676421e-08,7.539778e-09,2.323751e-08,9.704079e-09,114.32,100.29,10801.78,9475.95,55.70,47.84
6.49913,9,0.6161,0.008,0.008,5.212,6.131,0.9872,0.01007,270.77,51.43,0.5596034799999999,0.7106964196,2.14,1.673445e-08,7.516371e-09,2.318444e-08,9.691041e-09,114.06,100.47,10777.42,9492.84,55.55,47.94
6.49937,9,0.6161,0.008,0.008,5.212,6.131,0.9872,0.01007,270.77,51.43,0.55960252,0.7106952004,2.14,1.669444e-08,7.50067e-09,2.313836e-08,9.681289e-09,114.13,100.64,10783.34,9508.89,55.59,48.04
6.49962,9,0.6161,0.008,0.008,5.212,6.131,0.9872,0.01007,270.77,51.43,0.55960152,0.7106939304,2.14,1.664822e-08,7.481321e-09,2.311632e-08,9.670592e-09,114.17,100.61,10787.06,9506.39,55.61,48.02
6.49988,9,0.6162,0.008,0.008,5.212,6.131,0.9872,0.01007,270.77,51.43,0.55960048,0.7106926095999999,2.14,1.66227e-08,7.463504e-09,2.306025e-08,9.64611e-09,114.01,100.61,10772.16,9506.20,55.52,48.02
6.50012,9,0.6162,0.008,0.008,5.212,6.131,0.9872,0.01007,270.78,51.43,0.5595995199999999,0.7106913903999998,2.14,1.657359e-08,7.454283e-09,2.303301e-08,9.633235e-09,114.37,100.58,10805.92,9503.69,55.72,48.01
6.50038,9,0.6162,0.008,0.008,5.212,6.131,0.9872,0.01007,270.78,51.43,0.55959848,0.7106900696,2.14,1.653255e-08,7.435946e-09,2.297171e-08,9.628065e-09,114.37,100.95,10806.24,9538.54,55.72,48.21
6.50063,9,0.6163,0.008,0.008,5.212,6.131,0.9872,0.01007,270.78,51.43,0.55959748,0.7106887996,2.14,1.65083e-08,7.426174e-09,2.29368e-08,9.60385e-09,114.42,100.80,10810.99,9523.73,55.75,48.13
6.50087,9,0.6163,0.008,0.008,5.212,6.131,0.9872,0.01007,270.78,51.43,0.5595965199999999,0.7106875803999999,2.14,1.647865e-08,7.414179e-09,2.290545e-08,9.592968e-09,114.46,100.84,10814.55,9527.57,55.77,48.15
6.50113,9,0.6163,0.008,0.008,5.212,6.131,0.9872,0.01007,270.78,51.43,0.5595954799999999,0.7106862595999999,2.14,1.644191e-08,7.400315e-09,2.286202e-08,9.582632e-09,114.53,100.98,10821.64,9541.02,55.81,48.23
6.50138,9,0.6164,0.008,0.008,5.212,6.131,0.9872,0.01007,270.78,51.43,0.55959448,0.7106849896,2.14,1.642153e-08,7.389664e-09,2.281397e-08,9.568476e-09,114.51,101.10,10819.46,9552.85,55.80,48.30
6.50162,9,0.6164,0.008,0.008,5.212,6.131,0.9872,0.01007,270.78,51.43,0.55959352,0.7106837704,2.14,1.639806e-08,7.376532e-09,2.280354e-08,9.554301e-09,114.44,100.93,10812.61,9536.00,55.76,48.20
6.50188,9,0.6164,0.008,0.008,5.212,6.131,0.9872,0.01007,270.78,51.43,0.55959248,0.7106824495999999,2.14,1.637486e-08,7.370806e-09,2.275853e-08,9.550078e-09,114.57,101.19,10825.19,9561.22,55.83,48.35
6.50213,9,0.6165,0.008,0.008,5.212,6.131,0.9872,0.01007,270.78,51.43,0.5595914799999999,0.7106811795999999,2.14,1.635352e-08,7.357965e-09,2.272801e-08,9.54003e-09,114.50,101.26,10818.29,9567.54,55.79,48.39
6.50237,9,0.6165,0.008,0.008,5.212,6.131,0.9872,0.01007,270.78,51.43,0.55959052,0.7106799604,2.14,1.63439e-08,7.358692e-09,2.270555e-08,9.531616e-09,114.64,101.28,10831.82,9569.30,55.87,48.40
6.50263,9,0.6165,0.008,0.008,5.212,6.131,0.9872,0.01007,270.78,51.43,0.55958948,0.7106786396,2.14,1.632818e-08,7.344657e-09,2.267393e-08,9.52315e-09,114.44,101.37,10813.19,9577.63,55.76,48.44
6.50288,9,0.6166,0.008,0.008,5.212,6.131,0.9872,0.01007,270.78,51.43,0.5595884799999999,0.7106773695999999,2.14,1.631768e-08,7.349527e-09,2.26431e-08,9.511274e-09,114.73,101.40,10840.66,9581.05,55.92,48.46
6.50312,9,0.6166,0.008,0.008,5.212,6.131,0.9872,0.01007,270.78,51.43,0.55958752,0.7106761504,2.14,1.631843e-08,7.346072e-09,2.263304e-08,9.507086e-09,114.63,101.40,10830.49,9581.11,55.86,48.47
6.50338,9,0.6166,0.008,0.008,5.212,6.131,0.9872,0.01007,270.78,51.43,0.55958648,0.7106748296000001,2.14,1.630986e-08,7.341149e-09,2.262508e-08,9.506601e-09,114.60,101.46,10827.63,9586.08,55.85,48.49
6.50363,9,0.6167,0.008,0.008,5.212,6.131,0.9872,0.01007,270.78,51.43,0.55958548,0.7106735596,2.14,1.630643e-08,7.341466e-09,2.258967e-08,9.495572e-09,114.67,101.54,10834.38,9594.35,55.89,48.54
6.50387,9,0.6167,0.008,0.008,5.212,6.131,0.9872,0.01007,270.78,51.43,0.5595845199999999,0.7106723403999999,2.14,1.631839e-08,7.346781e-09,2.256738e-08,9.494224e-09,114.67,101.69,10834.19,9608.35,55.89,48.63
6.50413,9,0.6167,0.008,0.008,5.212,6.131,0.9872,0.01007,270.78,51.43,0.5595834799999999,0.7106710195999999,2.14,1.632838e-08,7.347455e-09,2.256147e-08,9.493201e-09,114.56,101.72,10823.95,9610.91,55.83,48.64
6.50437,9,0.6168,0.008,0.008,5.211,6.131,0.9872,0.01007,270.78,51.43,0.55958252,0.7106698003999999,2.14,1.632825e-08,7.351151e-09,2.256002e-08,9.495437e-09,114.68,101.79,10835.76,9617.44,55.90,48.68
6.50462,9,0.6168,0.008,0.008,5.211,6.131,0.9872,0.01007,270.78,51.43,0.5595815199999999,0.7106685303999999,2.14,1.632675e-08,7.358718e-09,2.254109e-08,9.489177e-09,114.92,101.82,10857.88,9620.43,56.03,48.70
6.50488,9,0.6168,0.008,0.008,5.211,6.131,0.9872,0.01007,270.78,51.43,0.5595804799999999,0.7106672096,2.14,1.635294e-08,7.358484e-09,2.251705e-08,9.496676e-09,114.58,102.15,10825.64,9651.36,55.84,48.88
6.50512,9,0.6169,0.008,0.008,5.211,6.131,0.9872,0.01007,270.78,51.43,0.55957952,0.7106659904,2.14,1.634848e-08,7.36634e-09,2.25362e-08,9.49372e-09,114.87,101.96,10853.82,9633.56,56.00,48.77
6.50537,9,0.6169,0.008,0.008,5.211,6.131,0.9872,0.01007,270.78,51.43,0.55957852,0.7106647204,2.14,1.635523e-08,7.369965e-09,2.252788e-08,9.488688e-09,114.89,101.93,10855.38,9630.88,56.01,48.76
6.50563,9,0.6169,0.008,0.008,5.211,6.131,0.9872,0.01007,270.78,51.43,0.55957748,0.7106633995999999,2.14,1.637172e-08,7.376526e-09,2.253355e-08,9.50172e-09,114.87,102.13,10853.05,9649.56,56.00,48.87
6.50587,9,0.6170,0.008,0.008,5.211,6.131,0.9872,0.01007,270.78,51.43,0.5595765199999999,0.7106621803999998,2.14,1.639414e-08,7.381524e-09,2.251141e-08,9.498477e-09,114.74,102.26,10841.17,9661.84,55.93,48.94
6.50612,9,0.6170,0.008,0.008,5.211,6.131,0.9872,0.01007,270.78,51.43,0.55957552,0.7106609104,2.14,1.640588e-08,7.387356e-09,2.25306e-08,9.501678e-09,114.76,102.17,10842.63,9653.23,55.94,48.89
6.50638,9,0.6170,0.008,0.008,5.211,6.131,0.9872,0.01007,270.78,51.43,0.55957448,0.7106595896,2.14,1.6412e-08,7.399424e-09,2.25235e-08,9.498663e-09,115.02,102.17,10867.51,9653.20,56.08,48.89
6.50662,9,0.6171,0.008,0.008,5.211,6.131,0.9872,0.01007,270.78,51.43,0.5595735199999999,0.7106583703999999,2.14,1.642251e-08,7.40584e-09,2.252296e-08,9.507764e-09,115.08,102.36,10873.76,9671.17,56.12,49.00
6.50687,9,0.6171,0.008,0.008,5.211,6.131,0.9872,0.01007,270.78,51.43,0.5595725199999999,0.7106571003999999,2.14,1.646432e-08,7.409223e-09,2.25086e-08,9.512239e-09,114.65,102.55,10832.56,9689.75,55.88,49.11
6.50713,9,0.6171,0.008,0.008,5.211,6.131,0.9872,0.01007,270.78,51.43,0.55957148,0.7106557796,2.14,1.646359e-08,7.421761e-09,2.253539e-08,9.509995e-09,115.01,102.30,10866.81,9665.87,56.08,48.97
6.50737,9,0.6172,0.008,0.008,5.211,6.131,0.9872,0.01007,270.78,51.43,0.55957052,0.7106545604,2.14,1.647773e-08,7.42553e-09,2.252404e-08,9.517764e-09,114.96,102.55,10861.63,9689.55,56.05,49.11
6.50762,9,0.6172,0.008,0.008,5.211,6.131,0.9872,0.01007,270.78,51.43,0.5595695199999999,0.7106532903999999,2.14,1.650099e-08,7.430898e-09,2.252559e-08,9.522222e-09,114.81,102.62,10848.04,9696.26,55.97,49.15
6.50788,9,0.6172,0.008,0.008,5.211,6.131,0.9872,0.01007,270.78,51.43,0.5595684799999999,0.7106519695999999,2.14,1.649425e-08,7.440732e-09,2.253421e-08,9.523829e-09,115.17,102.58,10882.28,9692.67,56.17,49.12
6.50812,9,0.6173,0.008,0.008,5.211,6.131,0.9872,0.01007,270.78,51.43,0.55956752,0.7106507504,2.14,1.650255e-08,7.438016e-09,2.252857e-08,9.521025e-09,115.01,102.59,10866.85,9693.50,56.08,49.13
6.50838,9,0.6173,0.008,0.008,5.211,6.131,0.9872,0.01007,270.78,51.43,0.55956648,0.7106494296,2.14,1.650711e-08,7.451217e-09,2.252702e-08,9.524577e-09,115.33,102.67,10896.53,9700.92,56.25,49.17
6.50863,9,0.6173,0.008,0.008,5.211,6.131,0.9872,0.01007,270.78,51.43,0.55956548,0.7106481595999999,2.14,1.651535e-08,7.451964e-09,2.251265e-08,9.526735e-09,115.24,102.83,10888.61,9715.47,56.21,49.26
6.50887,9,0.6174,0.008,0.008,5.211,6.131,0.9872,0.01007,270.78,51.43,0.55956452,0.7106469404,2.14,1.651497e-08,7.455188e-09,2.250218e-08,9.521798e-09,115.36,102.83,10899.42,9716.14,56.27,49.26
6.50913,9,0.6174,0.008,0.008,5.211,6.131,0.9872,0.01007,270.78,51.43,0.55956348,0.7106456196000001,2.14,1.652341e-08,7.455357e-09,2.249933e-08,9.527504e-09,115.25,102.96,10889.72,9728.38,56.21,49.33
6.50938,9,0.6174,0.008,0.008,5.211,6.131,0.9872,0.01007,270.78,51.43,0.55956248,0.7106443496,2.14,1.652222e-08,7.46252e-09,2.249208e-08,9.521059e-09,115.47,102.90,10910.24,9722.40,56.33,49.30
6.50962,9,0.6175,0.008,0.008,5.210,6.131,0.9872,0.01007,270.78,51.43,0.5595615199999999,0.7106431303999999,2.14,1.651628e-08,7.460351e-09,2.248049e-08,9.528313e-09,115.50,103.14,10913.37,9745.54,56.35,49.44
6.50988,9,0.6175,0.008,0.008,5.210,6.131,0.9872,0.01007,270.78,51.43,0.5595604799999999,0.7106418095999999,2.14,1.650203e-08,7.458034e-09,2.246242e-08,9.514818e-09,115.62,103.03,10924.38,9735.18,56.42,49.37
6.51013,9,0.6175,0.008,0.008,5.210,6.131,0.9872,0.01007,270.78,51.43,0.55955948,0.7106405396,2.14,1.650555e-08,7.457285e-09,2.245408e-08,9.509e-09,115.55,102.99,10918.13,9731.12,56.38,49.35
6.51037,9,0.6176,0.008,0.008,5.210,6.131,0.9872,0.01007,270.78,51.43,0.55955852,0.7106393204,2.14,1.650031e-08,7.449515e-09,2.243746e-08,9.502978e-09,115.42,103.03,10905.47,9734.50,56.31,49.37
6.51063,9,0.6176,0.008,0.008,5.210,6.131,0.9872,0.01007,270.78,51.43,0.5595574799999999,0.7106379996,2.14,1.648024e-08,7.445629e-09,2.240706e-08,9.495674e-09,115.57,103.13,10919.31,9744.42,56.39,49.43
6.51088,9,0.6176,0.008,0.008,5.210,6.131,0.9872,0.01007,270.78,51.43,0.5595564799999999,0.7106367295999999,2.14,1.646451e-08,7.451405e-09,2.237983e-08,9.491165e-09,115.93,103.26,10953.85,9756.96,56.59,49.50
6.51112,9,0.6176,0.008,0.008,5.210,6.131,0.9872,0.01007,270.78,51.43,0.55955552,0.7106355104,2.14,1.644847e-08,7.437596e-09,2.235853e-08,9.480709e-09,115.75,103.24,10936.26,9754.42,56.49,49.49
6.51138,9,0.6177,0.008,0.008,5.210,6.131,0.9872,0.01007,270.78,51.43,0.55955448,0.7106341895999999,2.14,1.643169e-08,7.43665e-09,2.232502e-08,9.473561e-09,115.95,103.39,10955.89,9768.64,56.60,49.57
6.51163,9,0.6177,0.008,0.008,5.210,6.131,0.9872,0.01007,270.78,51.43,0.5595534799999999,0.7106329196,2.14,1.640198e-08,7.430846e-09,2.230143e-08,9.454679e-09,116.17,103.22,10976.51,9752.75,56.73,49.48
6.51187,9,0.6177,0.008,0.008,5.210,6.131,0.9872,0.01007,270.78,51.43,0.55955252,0.7106317004,2.14,1.638682e-08,7.425665e-09,2.226926e-08,9.447957e-09,116.22,103.35,10981.07,9765.16,56.75,49.55
6.51213,9,0.6178,0.008,0.008,5.210,6.131,0.9872,0.01007,270.78,51.43,0.55955148,0.7106303796,2.14,1.63588e-08,7.414413e-09,2.221587e-08,9.439638e-09,116.28,103.64,10986.77,9792.56,56.79,49.71
6.51237,9,0.6178,0.008,0.008,5.210,6.131,0.9872,0.01007,270.78,51.43,0.5595505199999999,0.7106291603999999,2.14,1.632798e-08,7.404161e-09,2.219825e-08,9.427263e-09,116.39,103.55,10996.86,9783.74,56.85,49.66
6.51262,9,0.6178,0.008,0.008,5.210,6.131,0.9872,0.01007,270.78,51.43,0.5595495199999999,0.7106278903999999,2.14,1.630377e-08,7.398364e-09,2.215255e-08,9.415072e-09,116.54,103.69,11010.97,9796.79,56.93,49.74
6.51288,9,0.6179,0.008,0.008,5.210,6.131,0.9872,0.01007,270.78,51.43,0.5595484799999999,0.7106265695999999,2.14,1.628855e-08,7.391152e-09,2.210846e-08,9.394043e-09,116.55,103.66,11011.92,9794.23,56.93,49.72
6.51312,9,0.6179,0.008,0.008,5.210,6.131,0.9872,0.01007,270.78,51.43,0.55954752,0.7106253504,2.14,1.624251e-08,7.377739e-09,2.207436e-08,9.380332e-09,116.76,103.67,11032.40,9795.64,57.06,49.73
6.51337,9,0.6179,0.008,0.008,5.210,6.131,0.9872,0.01007,270.78,51.43,0.5595465199999999,0.7106240803999999,2.14,1.622745e-08,7.369086e-09,2.203002e-08,9.369296e-09,116.71,103.82,11027.43,9809.85,57.03,49.82
6.51363,9,0.6180,0.008,0.008,5.210,6.131,0.9872,0.01007,270.78,51.43,0.5595454799999999,0.7106227595999999,2.14,1.619678e-08,7.359239e-09,2.199581e-08,9.354912e-09,116.85,103.84,11040.42,9811.74,57.10,49.83
6.51387,9,0.6180,0.008,0.008,5.210,6.131,0.9872,0.01007,270.78,51.43,0.55954452,0.7106215404,2.14,1.616903e-08,7.349937e-09,2.195635e-08,9.335073e-09,116.94,103.79,11049.54,9806.15,57.16,49.79
6.51412,9,0.6180,0.008,0.008,5.210,6.131,0.9872,0.01007,270.78,51.43,0.55954352,0.7106202704,2.14,1.612836e-08,7.338527e-09,2.189358e-08,9.323954e-09,117.15,104.09,11069.11,9834.72,57.27,49.96
6.51438,9,0.6181,0.008,0.008,5.210,6.131,0.9872,0.01007,270.78,51.43,0.55954248,0.7106189495999999,2.14,1.609788e-08,7.332561e-09,2.185364e-08,9.296042e-09,117.40,103.89,11092.83,9816.26,57.41,49.85
6.51462,9,0.6181,0.008,0.008,5.210,6.131,0.9872,0.01007,270.78,51.43,0.55954152,0.7106177304,2.14,1.607133e-08,7.320923e-09,2.181335e-08,9.284149e-09,117.42,103.99,11094.10,9825.92,57.42,49.91
6.51487,9,0.6181,0.008,0.008,5.210,6.131,0.9872,0.01007,270.78,51.43,0.55954052,0.7106164604,2.14,1.60488e-08,7.316707e-09,2.178271e-08,9.271385e-09,117.60,104.00,11110.97,9826.43,57.52,49.91
6.51513,9,0.6182,0.008,0.008,5.209,6.131,0.9872,0.01007,270.78,51.43,0.55953948,0.7106151396,2.14,1.60283e-08,7.312793e-09,2.172286e-08,9.2561e-09,117.77,104.22,11127.96,9846.89,57.62,50.03
6.51537,9,0.6182,0.008,0.008,5.209,6.131,0.9872,0.01007,270.78,51.43,0.5595385199999999,0.7106139203999999,2.14,1.600261e-08,7.301487e-09,2.16883e-08,9.242969e-09,117.79,104.25,11129.12,9849.86,57.63,50.05
6.51562,9,0.6182,0.008,0.008,5.209,6.131,0.9872,0.01007,270.78,51.43,0.55953752,0.7106126504,2.14,1.597738e-08,7.29211e-09,2.166145e-08,9.229247e-09,117.85,104.20,11135.12,9845.62,57.66,50.03
6.51588,9,0.6183,0.008,0.008,5.209,6.131,0.9872,0.01007,270.78,51.43,0.55953648,0.7106113296000001,2.14,1.595411e-08,7.29059e-09,2.1607e-08,9.214495e-09,118.14,104.39,11162.55,9862.97,57.83,50.13
6.51612,9,0.6183,0.008,0.008,5.209,6.131,0.9872,0.01007,270.78,51.43,0.55953552,0.7106101104,2.14,1.593052e-08,7.287306e-09,2.158426e-08,9.1965e-09,118.37,104.22,11183.73,9847.48,57.95,50.04
6.51638,9,0.6183,0.008,0.008,5.209,6.131,0.9872,0.01007,270.78,51.43,0.55953448,0.7106087896,2.14,1.591959e-08,7.287572e-09,2.153174e-08,9.186814e-09,118.52,104.47,11198.65,9871.24,58.04,50.18
6.51663,9,0.6184,0.008,0.008,5.209,6.131,0.9872,0.01007,270.78,51.43,0.5595334799999999,0.7106075195999999,2.14,1.589147e-08,7.272754e-09,2.150555e-08,9.173542e-09,118.48,104.45,11194.94,9868.90,58.02,50.16
6.51687,9,0.6184,0.008,0.008,5.209,6.131,0.9872,0.01007,270.78,51.43,0.55953252,0.7106063004,2.14,1.58695e-08,7.274095e-09,2.146825e-08,9.158127e-09,118.83,104.46,11227.37,9869.83,58.21,50.17
6.51713,9,0.6184,0.008,0.008,5.209,6.131,0.9872,0.01007,270.78,51.43,0.55953148,0.7106049796,2.14,1.587832e-08,7.271824e-09,2.14468e-08,9.151039e-09,118.64,104.50,11209.40,9873.71,58.10,50.19
6.51738,9,0.6185,0.008,0.008,5.209,6.131,0.9872,0.01007,270.78,51.43,0.5595304799999999,0.7106037096,2.14,1.585994e-08,7.267936e-09,2.141107e-08,9.14095e-09,118.79,104.62,11224.12,9885.03,58.19,50.26
6.51762,9,0.6185,0.008,0.008,5.209,6.131,0.9872,0.01007,270.78,51.43,0.55952952,0.7106024904,2.14,1.583798e-08,7.274802e-09,2.139461e-08,9.141223e-09,119.31,104.77,11272.54,9898.83,58.48,50.34
6.51788,9,0.6185,0.008,0.008,5.209,6.131,0.9872,0.01007,270.78,51.43,0.55952848,0.7106011696,2.14,1.585024e-08,7.273214e-09,2.137352e-08,9.130796e-09,119.09,104.74,11251.88,9896.15,58.35,50.32
6.51813,9,0.6186,0.008,0.008,5.209,6.131,0.9872,0.01007,270.78,51.43,0.55952748,0.7105998995999999,2.14,1.583737e-08,7.272193e-09,2.134794e-08,9.127257e-09,119.25,104.90,11267.69,9911.76,58.45,50.42
6.51837,9,0.6186,0.008,0.008,5.209,6.131,0.9872,0.01007,270.78,51.43,0.5595265199999999,0.7105986803999998,2.14,1.583735e-08,7.274345e-09,2.133045e-08,9.12125e-09,119.32,104.93,11273.88,9914.55,58.48,50.43
6.51863,9,0.6186,0.008,0.008,5.209,6.131,0.9872,0.01007,270.78,51.43,0.5595254799999999,0.7105973595999999,2.14,1.583268e-08,7.277664e-09,2.132239e-08,9.11636e-09,119.49,104.90,11289.56,9911.81,58.58,50.42
6.51888,9,0.6187,0.008,0.008,5.209,6.131,0.9872,0.01007,270.78,51.43,0.55952448,0.7105960896,2.14,1.582761e-08,7.284212e-09,2.130907e-08,9.11852e-09,119.77,105.08,11316.91,9928.35,58.74,50.52
6.51912,9,0.6187,0.008,0.008,5.209,6.131,0.9872,0.01007,270.78,51.43,0.5595235199999999,0.7105948703999999,2.14,1.58279e-08,7.287046e-09,2.128718e-08,9.117781e-09,119.86,105.25,11324.69,9944.80,58.78,50.61
6.51938,9,0.6187,0.008,0.008,5.209,6.131,0.9872,0.01007,270.78,51.43,0.5595224799999999,0.7105935495999999,2.14,1.58394e-08,7.296386e-09,2.128293e-08,9.11912e-09,119.98,105.32,11336.33,9950.83,58.85,50.65
6.51962,9,0.6188,0.008,0.008,5.209,6.131,0.9872,0.01007,270.78,51.43,0.55952152,0.7105923304,2.14,1.58499e-08,7.300857e-09,2.126658e-08,9.115309e-09,119.99,105.40,11337.11,9958.54,58.86,50.69
6.51987,9,0.6188,0.008,0.008,5.209,6.131,0.9872,0.01007,270.78,51.43,0.55952052,0.7105910604,2.14,1.583926e-08,7.303625e-09,2.127617e-08,9.118581e-09,120.22,105.38,11359.23,9956.94,58.99,50.68
6.52013,9,0.6188,0.008,0.008,5.209,6.131,0.9872,0.01007,270.78,51.43,0.55951948,0.7105897395999999,2.14,1.585144e-08,7.312472e-09,2.127115e-08,9.125764e-09,120.32,105.57,11368.55,9974.80,59.04,50.79
6.52037,9,0.6189,0.008,0.008,5.208,6.131,0.9872,0.01007,270.78,51.43,0.5595185199999999,0.7105885203999999,2.14,1.585115e-08,7.327787e-09,2.127361e-08,9.122921e-09,120.81,105.51,11415.06,9968.95,59.32,50.75
6.52062,9,0.6189,0.008,0.008,5.208,6.131,0.9872,0.01007,270.78,51.43,0.55951752,0.7105872504,2.14,1.585446e-08,7.32397e-09,2.128299e-08,9.127572e-09,120.65,105.52,11399.58,9970.15,59.23,50.76
6.52088,9,0.6189,0.008,0.008,5.208,6.131,0.9872,0.01007,270.78,51.43,0.55951648,0.7105859296,2.14,1.587562e-08,7.336138e-09,2.127382e-08,9.137738e-09,120.72,105.81,11406.50,9997.16,59.27,50.92
6.52112,9,0.6190,0.008,0.008,5.208,6.131,0.9872,0.01007,270.78,51.43,0.5595155199999999,0.7105847103999999,2.14,1.588931e-08,7.345351e-09,2.128298e-08,9.142239e-09,120.83,105.84,11416.68,9999.86,59.33,50.94
6.52137,9,0.6190,0.008,0.008,5.208,6.131,0.9872,0.01007,270.78,51.43,0.5595145199999999,0.7105834403999999,2.14,1.589312e-08,7.352716e-09,2.128643e-08,9.154775e-09,121.00,106.06,11432.89,10021.07,59.42,51.06
6.52163,9,0.6190,0.008,0.008,5.208,6.131,0.9872,0.01007,270.78,51.43,0.55951348,0.7105821196000001,2.14,1.590082e-08,7.359238e-09,2.13103e-08,9.161598e-09,121.09,105.99,11441.45,10014.47,59.47,51.02
6.52187,9,0.6191,0.008,0.008,5.208,6.131,0.9872,0.01007,270.78,51.43,0.55951252,0.7105809004,2.14,1.590674e-08,7.368269e-09,2.130931e-08,9.174413e-09,121.31,106.28,11461.51,10041.51,59.59,51.18
6.52212,9,0.6191,0.008,0.008,5.208,6.131,0.9872,0.01007,270.78,51.43,0.5595115199999999,0.7105796303999999,2.14,1.591716e-08,7.374365e-09,2.13233e-08,9.176764e-09,121.34,106.20,11465.19,10034.45,59.61,51.14
6.52238,9,0.6191,0.008,0.008,5.208,6.131,0.9872,0.01007,270.78,51.43,0.5595104799999999,0.7105783095999999,2.14,1.592721e-08,7.387136e-09,2.13313e-08,9.186466e-09,121.59,106.33,11488.71,10046.47,59.75,51.21
6.52262,9,0.6192,0.008,0.008,5.208,6.131,0.9872,0.01007,270.78,51.43,0.55950952,0.7105770903999999,2.14,1.592862e-08,7.392305e-09,2.133511e-08,9.199214e-09,121.75,106.57,11503.67,10069.45,59.84,51.35
6.52287,9,0.6192,0.008,0.008,5.208,6.131,0.9872,0.01007,270.78,51.43,0.55950852,0.7105758204,2.14,1.593594e-08,7.395613e-09,2.13545e-08,9.208319e-09,121.75,106.59,11503.41,10070.88,59.84,51.36
6.52313,9,0.6192,0.008,0.008,5.208,6.131,0.9872,0.01007,270.78,51.43,0.55950748,0.7105744996,2.14,1.594265e-08,7.400681e-09,2.134928e-08,9.210836e-09,121.81,106.68,11509.08,10080.05,59.87,51.41
6.52337,9,0.6193,0.008,0.008,5.208,6.131,0.9872,0.01007,270.78,51.43,0.55950652,0.7105732804,2.14,1.593726e-08,7.407944e-09,2.135107e-08,9.224338e-09,122.13,106.96,11539.33,10106.21,60.05,51.57
6.52363,9,0.6193,0.008,0.008,5.208,6.131,0.9872,0.01007,270.78,51.43,0.55950548,0.7105719596,2.14,1.594482e-08,7.406962e-09,2.138013e-08,9.231303e-09,121.99,106.85,11526.25,10095.45,59.98,51.50
6.52388,9,0.6193,0.008,0.008,5.208,6.131,0.9872,0.01007,270.78,51.43,0.55950448,0.7105706896,2.14,1.594276e-08,7.411607e-09,2.137201e-08,9.232943e-09,122.16,106.95,11542.55,10105.36,60.07,51.56
6.52412,9,0.6194,0.008,0.008,5.208,6.131,0.9872,0.01007,270.78,51.43,0.5595035199999999,0.7105694704,2.14,1.593423e-08,7.412245e-09,2.137847e-08,9.249967e-09,122.32,107.26,11557.82,10134.45,60.16,51.73
6.52438,9,0.6194,0.008,0.008,5.208,6.131,0.9872,0.01007,270.78,51.43,0.5595024799999999,0.7105681495999999,2.14,1.593439e-08,7.408821e-09,2.138933e-08,9.254316e-09,122.22,107.25,11547.63,10133.77,60.10,51.73
6.52463,9,0.6194,0.008,0.008,5.208,6.131,0.9872,0.01007,270.78,51.43,0.55950148,0.7105668796,2.14,1.593669e-08,7.411241e-09,2.139548e-08,9.258942e-09,122.26,107.29,11551.56,10137.56,60.12,51.75
6.52487,9,0.6195,0.008,0.008,5.208,6.131,0.9872,0.01007,270.78,51.43,0.55950052,0.7105656603999999,2.14,1.592333e-08,7.414255e-09,2.140085e-08,9.270843e-09,122.56,107.51,11580.37,10157.70,60.30,51.87
6.52513,9,0.6195,0.008,0.008,5.208,6.131,0.9872,0.01007,270.78,51.43,0.5594994799999999,0.7105643396,2.14,1.591814e-08,7.410257e-09,2.13996e-08,9.273402e-09,122.51,107.57,11575.74,10163.69,60.27,51.91
6.52538,9,0.6195,0.008,0.008,5.208,6.131,0.9872,0.01007,270.78,51.43,0.5594984799999999,0.7105630695999999,2.14,1.590436e-08,7.415218e-09,2.139095e-08,9.275445e-09,122.87,107.69,11609.07,10174.91,60.46,51.97
6.52562,9,0.6196,0.008,0.008,5.207,6.131,0.9872,0.01008,270.78,51.43,0.55949752,0.7105618504,2.14,1.589085e-08,7.407063e-09,2.139992e-08,9.284835e-09,122.83,107.82,11605.49,10187.20,60.44,52.05
6.52588,9,0.6196,0.008,0.008,5.207,6.131,0.9872,0.01008,270.78,51.43,0.55949648,0.7105605295999999,2.14,1.588101e-08,7.4086e-09,2.139298e-08,9.285512e-09,123.02,107.89,11623.49,10194.36,60.55,52.09
6.52613,9,0.6196,0.008,0.008,5.207,6.131,0.9872,0.01008,270.78,51.43,0.5594954799999999,0.7105592595999999,2.14,1.586945e-08,7.400645e-09,2.137682e-08,9.288586e-09,122.94,108.10,11615.95,10213.96,60.51,52.20
6.52637,9,0.6197,0.008,0.008,5.207,6.131,0.9872,0.01008,270.78,51.43,0.55949452,0.7105580404,2.14,1.58503e-08,7.396029e-09,2.136216e-08,9.288775e-09,123.09,108.25,11630.54,10228.38,60.59,52.29
6.52663,9,0.6197,0.008,0.008,5.207,6.131,0.9872,0.01008,270.78,51.43,0.55949348,0.7105567196,2.14,1.582751e-08,7.386797e-09,2.13615e-08,9.292989e-09,123.14,108.35,11634.68,10237.15,60.62,52.34
6.52688,9,0.6197,0.008,0.008,5.207,6.131,0.9872,0.01008,270.78,51.43,0.55949248,0.7105554495999999,2.14,1.580486e-08,7.383966e-09,2.135289e-08,9.295208e-09,123.38,108.47,11657.59,10248.79,60.75,52.41
6.52712,9,0.6198,0.008,0.008,5.207,6.131,0.9872,0.01008,270.78,51.43,0.5594915199999999,0.7105542303999999,2.14,1.577772e-08,7.369228e-09,2.133656e-08,9.285434e-09,123.34,108.43,11653.36,10245.24,60.73,52.39
6.52738,9,0.6198,0.008,0.008,5.207,6.131,0.9872,0.01008,270.78,51.43,0.55949048,0.7105529096000001,2.14,1.576974e-08,7.365574e-09,2.134016e-08,9.295876e-09,123.34,108.62,11653.58,10262.58,60.73,52.49
6.52762,9,0.6198,0.008,0.008,5.207,6.131,0.9872,0.01008,270.78,51.43,0.55948952,0.7105516904,2.14,1.573809e-08,7.358111e-09,2.131323e-08,9.28121e-09,123.57,108.56,11675.37,10256.84,60.86,52.46
6.52787,9,0.6199,0.008,0.008,5.207,6.131,0.9872,0.01008,270.78,51.43,0.5594885199999999,0.7105504203999999,2.14,1.571522e-08,7.346546e-09,2.129224e-08,9.280732e-09,123.56,108.75,11674.65,10275.48,60.85,52.57
6.52813,9,0.6199,0.008,0.008,5.207,6.131,0.9872,0.01008,270.78,51.43,0.5594874799999999,0.7105490995999999,2.14,1.569463e-08,7.330692e-09,2.129082e-08,9.278502e-09,123.36,108.72,11656.06,10272.32,60.74,52.55
6.52837,9,0.6199,0.008,0.008,5.207,6.131,0.9872,0.01008,270.78,51.43,0.55948652,0.7105478803999999,2.14,1.56588e-08,7.322571e-09,2.127503e-08,9.274271e-09,123.64,108.77,11681.85,10277.53,60.89,52.58
6.52862,9,0.6200,0.008,0.008,5.207,6.131,0.9872,0.01008,270.78,51.43,0.55948552,0.7105466104,2.14,1.564015e-08,7.318068e-09,2.125458e-08,9.27569e-09,123.79,109.01,11696.39,10299.52,60.98,52.71
6.52888,9,0.6200,0.008,0.008,5.207,6.131,0.9872,0.01008,270.78,51.43,0.55948448,0.7105452896,2.14,1.560659e-08,7.302607e-09,2.124077e-08,9.274216e-09,123.80,109.10,11697.12,10308.50,60.98,52.76
6.52912,9,0.6200,0.008,0.008,5.207,6.131,0.9872,0.01008,270.78,51.43,0.55948352,0.7105440704,2.14,1.558423e-08,7.298334e-09,2.120874e-08,9.267958e-09,124.00,109.26,11715.80,10323.78,61.09,52.85
6.52937,9,0.6201,0.008,0.008,5.207,6.131,0.9872,0.01008,270.78,51.43,0.55948252,0.7105428004,2.14,1.555389e-08,7.28685e-09,2.118784e-08,9.268903e-09,124.10,109.49,11725.93,10345.43,61.15,52.98
6.52963,9,0.6201,0.008,0.008,5.207,6.131,0.9872,0.01008,270.78,51.43,0.55948148,0.7105414796,2.14,1.551748e-08,7.278173e-09,2.118909e-08,9.264105e-09,124.37,109.38,11751.39,10334.83,61.31,52.92
6.52987,9,0.6201,0.008,0.008,5.207,6.131,0.9872,0.01008,270.78,51.43,0.5594805199999999,0.7105402604,2.14,1.549346e-08,7.264059e-09,2.115602e-08,9.263771e-09,124.28,109.68,11742.72,10362.90,61.25,53.08
6.53012,9,0.6202,0.008,0.008,5.207,6.131,0.9872,0.01008,270.78,51.43,0.55947952,0.7105389904,2.14,1.547639e-08,7.252848e-09,2.115202e-08,9.254899e-09,124.20,109.55,11734.84,10350.41,61.21,53.01
6.53038,9,0.6202,0.008,0.008,5.207,6.131,0.9872,0.01008,270.78,51.43,0.55947848,0.7105376696,2.14,1.54469e-08,7.240566e-09,2.113951e-08,9.248999e-09,124.25,109.54,11739.54,10349.56,61.23,53.00
6.53062,9,0.6202,0.008,0.008,5.207,6.131,0.9872,0.01008,270.78,51.43,0.55947752,0.7105364503999999,2.14,1.541918e-08,7.227726e-09,2.112221e-08,9.255431e-09,124.25,109.83,11740.01,10377.47,61.24,53.17
6.53087,9,0.6203,0.008,0.008,5.206,6.131,0.9872,0.01008,270.78,51.43,0.5594765199999999,0.7105351803999999,2.14,1.538976e-08,7.220428e-09,2.112626e-08,9.252517e-09,124.48,109.75,11761.81,10369.79,61.37,53.12
6.53113,9,0.6203,0.008,0.008,5.206,6.131,0.9872,0.01008,270.78,51.43,0.5594754799999999,0.7105338595999999,2.14,1.536729e-08,7.21707e-09,2.109751e-08,9.253421e-09,124.72,110.04,11783.90,10396.77,61.50,53.28
6.53137,9,0.6203,0.008,0.008,5.206,6.131,0.9872,0.01008,270.78,51.43,0.55947452,0.7105326404,2.14,1.533348e-08,7.209906e-09,2.109217e-08,9.24894e-09,125.00,109.99,11810.82,10392.49,61.66,53.26
6.53163,9,0.6204,0.008,0.008,5.206,6.131,0.9872,0.01008,270.78,51.43,0.55947348,0.7105313195999999,2.14,1.532192e-08,7.200838e-09,2.108932e-08,9.249169e-09,124.90,110.04,11801.49,10397.12,61.60,53.29
6.53188,9,0.6204,0.008,0.008,5.206,6.131,0.9872,0.01008,270.78,51.43,0.5594724799999999,0.7105300495999999,2.14,1.528807e-08,7.188951e-09,2.106557e-08,9.248798e-09,125.04,110.25,11813.96,10417.27,61.67,53.40
6.53212,9,0.6204,0.008,0.008,5.206,6.131,0.9872,0.01008,270.78,51.43,0.55947152,0.7105288304,2.14,1.526917e-08,7.187265e-09,2.105414e-08,9.262046e-09,125.27,110.64,11836.34,10454.03,61.81,53.62
6.53238,9,0.6205,0.008,0.008,5.206,6.131,0.9872,0.01008,270.78,51.43,0.55947048,0.7105275096,2.14,1.526161e-08,7.180827e-09,2.107488e-08,9.265283e-09,125.20,110.53,11829.29,10443.86,61.77,53.56
6.53263,9,0.6205,0.008,0.008,5.206,6.131,0.9872,0.01008,270.78,51.43,0.55946948,0.7105262395999999,2.14,1.523387e-08,7.174632e-09,2.105975e-08,9.26056e-09,125.42,110.58,11850.68,10447.75,61.89,53.58
6.53287,9,0.6205,0.008,0.008,5.206,6.131,0.9872,0.01008,270.78,51.43,0.5594685199999999,0.7105250203999999,2.14,1.520334e-08,7.171332e-09,2.107004e-08,9.2638e-09,125.79,110.55,11885.39,10445.16,62.10,53.57
6.53313,9,0.6206,0.008,0.008,5.206,6.131,0.9872,0.01008,270.78,51.43,0.5594674799999999,0.7105236995999998,2.14,1.518351e-08,7.16322e-09,2.106209e-08,9.265315e-09,125.85,110.67,11891.20,10456.94,62.13,53.64
6.53338,9,0.6206,0.008,0.008,5.206,6.131,0.9872,0.01008,270.78,51.43,0.55946648,0.7105224296,2.14,1.518094e-08,7.159296e-09,2.107434e-08,9.282743e-09,125.76,110.93,11882.68,10481.21,62.08,53.78
6.53362,9,0.6206,0.008,0.008,5.206,6.131,0.9872,0.01008,270.78,51.43,0.5594655199999999,0.7105212103999999,2.14,1.514854e-08,7.159336e-09,2.109238e-08,9.285899e-09,126.27,110.83,11931.00,10471.55,62.37,53.73
6.53388,9,0.6207,0.008,0.008,5.206,6.131,0.9872,0.01008,270.78,51.43,0.5594644799999999,0.7105198895999999,2.14,1.51445e-08,7.156763e-09,2.109072e-08,9.296237e-09,126.27,111.08,11930.82,10495.57,62.37,53.87
6.53413,9,0.6207,0.008,0.008,5.206,6.131,0.9872,0.01008,270.78,51.43,0.55946348,0.7105186196000001,2.14,1.513283e-08,7.15391e-09,2.109712e-08,9.303741e-09,126.36,111.18,11939.25,10505.02,62.42,53.92
6.53437,9,0.6207,0.008,0.008,5.206,6.131,0.9872,0.01008,270.78,51.43,0.55946252,0.7105174004,2.14,1.511966e-08,7.146281e-09,2.109982e-08,9.31374e-09,126.31,111.37,11934.80,10522.82,62.39,54.03
6.53463,9,0.6208,0.008,0.008,5.206,6.131,0.9872,0.01008,270.78,51.43,0.55946148,0.7105160796,2.14,1.510181e-08,7.149597e-09,2.11353e-08,9.322866e-09,126.73,111.25,11974.05,10511.33,62.62,53.96
6.53488,9,0.6208,0.008,0.008,5.206,6.131,0.9872,0.01008,270.78,51.43,0.5594604799999999,0.7105148095999999,2.14,1.50797e-08,7.143876e-09,2.115531e-08,9.346102e-09,126.89,111.56,11989.18,10540.41,62.71,54.13
6.53512,9,0.6208,0.008,0.008,5.206,6.131,0.9872,0.01008,270.78,51.43,0.55945952,0.7105135904,2.14,1.507076e-08,7.14783e-09,2.117437e-08,9.355865e-09,127.17,111.59,12015.34,10543.12,62.87,54.15
6.53538,9,0.6209,0.008,0.008,5.206,6.131,0.9872,0.01008,270.78,51.43,0.55945848,0.7105122696,2.14,1.505833e-08,7.139615e-09,2.117525e-08,9.372608e-09,127.11,111.95,12009.85,10577.88,62.83,54.35
6.53562,9,0.6209,0.008,0.008,5.206,6.131,0.9872,0.01008,270.78,51.43,0.5594575199999999,0.7105110504,2.14,1.503865e-08,7.14485e-09,2.121803e-08,9.383652e-09,127.60,111.78,12056.59,10561.95,63.11,54.26
6.53587,9,0.6209,0.008,0.008,5.206,6.131,0.9872,0.01008,270.78,51.43,0.5594565199999999,0.7105097803999999,2.14,1.502131e-08,7.140021e-09,2.123969e-08,9.395944e-09,127.72,111.84,12067.57,10567.42,63.17,54.29
6.53613,9,0.6210,0.008,0.008,5.205,6.131,0.9872,0.01008,270.78,51.43,0.55945548,0.7105084596,2.14,1.501416e-08,7.144386e-09,2.126799e-08,9.408583e-09,128.01,111.86,12094.56,10569.36,63.33,54.30
6.53637,9,0.6210,0.008,0.008,5.205,6.131,0.9872,0.01008,270.78,51.43,0.55945452,0.7105072403999999,2.14,1.499449e-08,7.14837e-09,2.128225e-08,9.425946e-09,128.46,112.10,12137.79,10591.64,63.59,54.44
6.53662,9,0.6210,0.008,0.008,5.205,6.131,0.9872,0.01008,270.78,51.43,0.5594535199999999,0.7105059704,2.14,1.497925e-08,7.142766e-09,2.13023e-08,9.446494e-09,128.52,112.35,12143.19,10615.17,63.62,54.57
6.53688,9,0.6211,0.008,0.008,5.205,6.131,0.9872,0.01008,270.78,51.43,0.5594524799999999,0.7105046495999999,2.14,1.497672e-08,7.139626e-09,2.13353e-08,9.463259e-09,128.47,112.41,12138.86,10621.18,63.60,54.61
6.53712,9,0.6211,0.008,0.008,5.205,6.131,0.9872,0.01008,270.78,51.43,0.55945152,0.7105034304,2.14,1.495989e-08,7.139267e-09,2.134975e-08,9.475525e-09,128.74,112.54,12163.81,10632.99,63.74,54.68
6.53737,9,0.6211,0.008,0.008,5.205,6.131,0.9872,0.01008,270.78,51.43,0.55945052,0.7105021603999999,2.14,1.493333e-08,7.143218e-09,2.138182e-08,9.493177e-09,129.31,112.61,12218.21,10639.88,64.07,54.72
6.53763,9,0.6212,0.008,0.008,5.205,6.131,0.9872,0.01008,270.78,51.43,0.5594494799999999,0.7105008396,2.14,1.492856e-08,7.133776e-09,2.141211e-08,9.506402e-09,129.09,112.62,12196.71,10641.14,63.94,54.73
6.53787,9,0.6212,0.008,0.008,5.205,6.131,0.9872,0.01008,270.79,51.43,0.55944852,0.7104996204,2.14,1.490038e-08,7.135232e-09,2.142393e-08,9.521146e-09,129.61,112.82,12245.76,10660.26,64.23,54.84
6.53812,9,0.6212,0.008,0.008,5.205,6.131,0.9872,0.01008,270.79,51.43,0.55944752,0.7104983504,2.14,1.488964e-08,7.131614e-09,2.145344e-08,9.545016e-09,129.66,113.05,12250.78,10681.93,64.26,54.97
6.53838,9,0.6213,0.008,0.008,5.205,6.131,0.9872,0.01008,270.79,51.43,0.55944648,0.7104970295999999,2.14,1.48656e-08,7.1281e-09,2.148201e-08,9.55049e-09,129.96,112.92,12279.21,10669.08,64.43,54.89
6.53862,9,0.6213,0.008,0.008,5.205,6.131,0.9872,0.01008,270.79,51.43,0.5594455199999999,0.7104958103999999,2.14,1.484469e-08,7.121354e-09,2.150338e-08,9.571336e-09,130.07,113.16,12290.08,10691.90,64.49,55.03
6.53887,9,0.6213,0.008,0.008,5.205,6.131,0.9872,0.01008,270.79,51.43,0.55944452,0.7104945404,2.14,1.48249e-08,7.120196e-09,2.151972e-08,9.58357e-09,130.37,113.27,12317.80,10701.88,64.65,55.09
6.53913,9,0.6214,0.008,0.008,5.205,6.131,0.9872,0.01008,270.79,51.43,0.55944348,0.7104932196,2.14,1.480157e-08,7.114968e-09,2.15289e-08,9.603407e-09,130.60,113.62,12339.73,10735.35,64.78,55.28
6.53937,9,0.6214,0.008,0.008,5.205,6.131,0.9872,0.01008,270.79,51.43,0.5594425199999999,0.7104920003999999,2.14,1.47864e-08,7.111605e-09,2.15323e-08,9.617287e-09,130.74,113.88,12352.87,10760.32,64.86,55.43
6.53963,9,0.6214,0.008,0.008,5.205,6.131,0.9872,0.01008,270.79,51.43,0.5594414799999999,0.7104906795999999,2.14,1.475994e-08,7.10402e-09,2.154441e-08,9.625599e-09,130.92,113.95,12370.12,10766.19,64.96,55.47
6.53988,9,0.6215,0.008,0.008,5.205,6.131,0.9872,0.01008,270.79,51.43,0.5594404799999999,0.7104894095999998,2.14,1.472521e-08,7.096157e-09,2.156718e-08,9.635071e-09,131.26,113.95,12401.94,10766.50,65.15,55.47
6.54012,9,0.6215,0.008,0.008,5.205,6.131,0.9872,0.01008,270.79,51.43,0.55943952,0.7104881904,2.14,1.470351e-08,7.086349e-09,2.158258e-08,9.648718e-09,131.28,114.09,12404.13,10780.17,65.17,55.55
6.54038,9,0.6215,0.008,0.008,5.205,6.131,0.9872,0.01008,270.79,51.43,0.55943848,0.7104868696,2.14,1.46699e-08,7.080815e-09,2.16076e-08,9.649051e-09,131.66,113.86,12440.30,10758.29,65.38,55.42
6.54063,9,0.6216,0.008,0.008,5.205,6.131,0.9872,0.01008,270.79,51.43,0.5594374799999999,0.7104855995999999,2.14,1.463755e-08,7.071707e-09,2.158953e-08,9.66226e-09,131.92,114.34,12464.47,10803.00,65.52,55.68
6.54087,9,0.6216,0.008,0.008,5.205,6.131,0.9872,0.01008,270.79,51.43,0.55943652,0.7104843804,2.14,1.461121e-08,7.068546e-09,2.160649e-08,9.676241e-09,132.27,114.47,12497.18,10815.93,65.72,55.76
6.54113,9,0.6216,0.008,0.008,5.205,6.131,0.9872,0.01008,270.79,51.43,0.55943548,0.7104830596,2.14,1.45867e-08,7.054769e-09,2.159077e-08,9.680898e-09,132.20,114.72,12490.60,10839.65,65.68,55.90
6.54138,9,0.6217,0.008,0.008,5.204,6.132,0.9872,0.01008,270.79,51.43,0.55943448,0.7104817896,2.14,1.455098e-08,7.047074e-09,2.16005e-08,9.683383e-09,132.57,114.70,12525.59,10837.59,65.88,55.89
6.54162,9,0.6217,0.008,0.008,5.204,6.132,0.9872,0.01008,270.79,51.43,0.55943352,0.7104805704,2.14,1.451067e-08,7.035029e-09,2.158872e-08,9.695782e-09,132.84,115.08,12551.46,10873.53,66.04,56.10
6.54188,9,0.6217,0.008,0.008,5.204,6.132,0.9872,0.01008,270.79,51.43,0.55943248,0.7104792496,2.14,1.449438e-08,7.022436e-09,2.159575e-08,9.696731e-09,132.67,115.03,12535.19,10869.03,65.94,56.07
6.54213,9,0.6218,0.008,0.008,5.204,6.132,0.9872,0.01008,270.79,51.43,0.55943148,0.7104779796,2.14,1.446776e-08,7.010168e-09,2.159854e-08,9.693315e-09,132.71,114.95,12539.39,10861.29,65.96,56.03
6.54237,9,0.6218,0.008,0.008,5.204,6.132,0.9872,0.01008,270.79,51.43,0.5594305199999999,0.7104767604,2.14,1.443194e-08,6.998698e-09,2.15793e-08,9.696498e-09,132.93,115.21,12559.88,10885.36,66.09,56.17
6.54263,9,0.6218,0.008,0.008,5.204,6.132,0.9872,0.01008,270.79,51.43,0.5594294799999999,0.7104754395999999,2.14,1.438954e-08,6.989363e-09,2.158541e-08,9.707961e-09,133.35,115.40,12599.17,10903.14,66.32,56.28
6.54288,9,0.6219,0.008,0.008,5.204,6.132,0.9872,0.01008,270.79,51.43,0.55942848,0.7104741696,2.14,1.434501e-08,6.981104e-09,2.155054e-08,9.706995e-09,133.87,115.73,12648.30,10935.02,66.61,56.46
6.54312,9,0.6219,0.008,0.008,5.204,6.132,0.9872,0.01008,270.79,51.43,0.55942752,0.7104729503999999,2.14,1.431727e-08,6.971264e-09,2.156114e-08,9.702099e-09,134.00,115.52,12661.25,10915.22,66.68,56.35
6.54338,9,0.6219,0.008,0.008,5.204,6.132,0.9872,0.01008,270.79,51.43,0.55942648,0.7104716296,2.14,1.428275e-08,6.954646e-09,2.154131e-08,9.705436e-09,134.01,115.79,12661.93,10940.35,66.69,56.50
6.54362,9,0.6220,0.008,0.008,5.204,6.132,0.9872,0.01008,270.79,51.43,0.55942552,0.7104704104,2.14,1.424231e-08,6.943923e-09,2.153049e-08,9.710473e-09,134.37,116.02,12695.92,10962.47,66.89,56.63
6.54387,9,0.6220,0.008,0.008,5.204,6.132,0.9872,0.01008,270.79,51.43,0.55942452,0.7104691404,2.14,1.421023e-08,6.928449e-09,2.151065e-08,9.704855e-09,134.38,116.10,12696.52,10969.33,66.89,56.67
6.54413,9,0.6220,0.008,0.008,5.204,6.132,0.9872,0.01008,270.79,51.43,0.55942348,0.7104678195999999,2.14,1.416739e-08,6.91601e-09,2.150231e-08,9.714998e-09,134.70,116.40,12726.86,10998.01,67.07,56.84
6.54437,9,0.6221,0.008,0.008,5.204,6.132,0.9872,0.01008,270.79,51.43,0.5594225199999999,0.7104666003999999,2.14,1.414975e-08,6.913132e-09,2.148633e-08,9.702894e-09,134.94,116.31,12749.56,10989.69,67.21,56.79
6.54462,9,0.6221,0.008,0.008,5.204,6.132,0.9872,0.01008,270.79,51.43,0.55942152,0.7104653304,2.14,1.41197e-08,6.900641e-09,2.147588e-08,9.71855e-09,135.02,116.76,12757.48,11031.86,67.25,57.04
6.54488,9,0.6221,0.008,0.008,5.204,6.132,0.9872,0.01008,270.79,51.43,0.55942048,0.7104640096,2.14,1.408663e-08,6.886166e-09,2.146713e-08,9.719103e-09,135.09,116.86,12763.60,11041.23,67.29,57.09
6.54512,9,0.6222,0.008,0.008,5.204,6.132,0.9872,0.01008,270.79,51.43,0.55941952,0.7104627903999999,2.14,1.405208e-08,6.878874e-09,2.146825e-08,9.718994e-09,135.48,116.86,12800.59,11041.72,67.51,57.09
6.54537,9,0.6222,0.008,0.008,5.204,6.132,0.9872,0.01008,270.79,51.43,0.5594185199999999,0.7104615203999999,2.14,1.402817e-08,6.865993e-09,2.144756e-08,9.719853e-09,135.43,117.09,12796.29,11062.99,67.48,57.22
6.54563,9,0.6222,0.008,0.008,5.204,6.132,0.9872,0.01008,270.79,51.43,0.5594174799999999,0.7104601995999998,2.14,1.400511e-08,6.85377e-09,2.143387e-08,9.724084e-09,135.40,117.32,12792.87,11084.74,67.46,57.35
6.54587,9,0.6223,0.008,0.008,5.204,6.132,0.9872,0.01008,270.79,51.43,0.55941652,0.7104589804,2.14,1.397455e-08,6.846223e-09,2.144295e-08,9.728313e-09,135.71,117.34,12822.10,11086.75,67.64,57.36
6.54612,9,0.6223,0.008,0.008,5.204,6.132,0.9872,0.01008,270.79,51.43,0.5594155199999999,0.7104577103999999,2.14,1.394201e-08,6.841428e-09,2.144052e-08,9.730591e-09,136.14,117.41,12863.18,11093.81,67.88,57.40
6.54638,9,0.6223,0.008,0.008,5.204,6.132,0.9872,0.01008,270.79,51.43,0.5594144799999999,0.7104563895999999,2.14,1.393983e-08,6.83146e-09,2.141828e-08,9.740273e-09,135.79,117.85,12830.37,11135.20,67.68,57.65
6.54662,9,0.6224,0.008,0.008,5.203,6.132,0.9872,0.01008,270.79,51.43,0.55941352,0.7104551704000001,2.14,1.389846e-08,6.821288e-09,2.142468e-08,9.738868e-09,136.21,117.77,12869.81,11127.95,67.92,57.60
6.54688,9,0.6224,0.008,0.008,5.203,6.132,0.9872,0.01008,270.79,51.43,0.55941248,0.7104538496,2.14,1.388436e-08,6.819639e-09,2.144406e-08,9.74643e-09,136.42,117.75,12889.37,11125.34,68.03,57.59
6.54713,9,0.6224,0.008,0.008,5.203,6.132,0.9872,0.01008,270.79,51.43,0.55941148,0.7104525796,2.14,1.386253e-08,6.813505e-09,2.144002e-08,9.762729e-09,136.60,118.15,12906.45,11163.35,68.13,57.81
6.54737,9,0.6225,0.008,0.008,5.203,6.132,0.9872,0.01008,270.79,51.43,0.5594105199999999,0.7104513603999999,2.14,1.385217e-08,6.810357e-09,2.144811e-08,9.761173e-09,136.70,118.05,12915.78,11154.15,68.19,57.76
6.54763,9,0.6225,0.008,0.008,5.203,6.132,0.9872,0.01008,270.79,51.43,0.55940948,0.7104500396000001,2.14,1.383381e-08,6.801765e-09,2.145637e-08,9.769246e-09,136.71,118.15,12917.40,11163.20,68.20,57.81
6.54788,9,0.6225,0.008,0.008,5.203,6.132,0.9872,0.01008,270.79,51.43,0.55940848,0.7104487696,2.14,1.381779e-08,6.804568e-09,2.147918e-08,9.785493e-09,137.14,118.28,12957.41,11175.49,68.44,57.89
6.54812,9,0.6226,0.008,0.008,5.203,6.132,0.9872,0.01008,270.79,51.43,0.5594075199999999,0.7104475504,2.14,1.381893e-08,6.799702e-09,2.148766e-08,9.795736e-09,136.94,118.44,12939.14,11190.67,68.33,57.98
6.54838,9,0.6226,0.008,0.008,5.203,6.132,0.9872,0.01008,270.79,51.43,0.5594064799999999,0.7104462295999999,2.14,1.37981e-08,6.800673e-09,2.151586e-08,9.816341e-09,137.39,118.61,12981.31,11206.93,68.58,58.07
6.54863,9,0.6226,0.008,0.008,5.203,6.132,0.9872,0.01008,270.79,51.43,0.55940548,0.7104449596,2.14,1.378365e-08,6.797806e-09,2.152891e-08,9.834912e-09,137.56,118.89,12997.35,11233.43,68.67,58.23
6.54887,9,0.6227,0.008,0.008,5.203,6.132,0.9872,0.01008,270.79,51.43,0.55940452,0.7104437403999999,2.14,1.379639e-08,6.797989e-09,2.154726e-08,9.847692e-09,137.34,119.01,12976.46,11244.48,68.55,58.29
6.54913,9,0.6227,0.008,0.008,5.203,6.132,0.9872,0.01008,270.79,51.43,0.55940348,0.7104424196,2.14,1.378619e-08,6.800094e-09,2.159224e-08,9.869973e-09,137.62,119.05,13003.34,11248.10,68.71,58.31
6.54938,9,0.6227,0.008,0.008,5.203,6.132,0.9872,0.01008,270.79,51.43,0.5594024799999999,0.7104411495999999,2.14,1.378874e-08,6.799585e-09,2.161307e-08,9.880364e-09,137.55,119.07,12996.68,11249.92,68.67,58.33
6.54962,9,0.6228,0.008,0.008,5.203,6.132,0.9872,0.01008,270.79,51.43,0.55940152,0.7104399304,2.14,1.37926e-08,6.80799e-09,2.166334e-08,9.907195e-09,137.83,119.17,13023.30,11259.79,68.82,58.38
6.54988,9,0.6228,0.008,0.008,5.203,6.132,0.9872,0.01008,270.79,51.43,0.55940048,0.7104386095999999,2.14,1.378453e-08,6.806958e-09,2.168987e-08,9.92365e-09,137.95,119.27,13034.46,11268.83,68.89,58.44
6.55013,9,0.6228,0.008,0.008,5.203,6.132,0.9872,0.01008,270.79,51.43,0.55939948,0.7104373396,2.14,1.377769e-08,6.80848e-09,2.173222e-08,9.947962e-09,138.15,119.38,13053.02,11279.15,69.00,58.50
6.55037,9,0.6229,0.008,0.008,5.203,6.132,0.9872,0.01008,270.79,51.43,0.55939852,0.7104361204,2.14,1.378814e-08,6.811403e-09,2.176846e-08,9.974862e-09,138.08,119.62,13046.63,11302.51,68.96,58.64
6.55063,9,0.6229,0.008,0.008,5.203,6.132,0.9872,0.01008,270.79,51.43,0.55939748,0.7104347996,2.14,1.379237e-08,6.816098e-09,2.180279e-08,9.998161e-09,138.19,119.79,13056.49,11318.32,69.02,58.73
6.55087,9,0.6229,0.008,0.008,5.203,6.132,0.9872,0.01008,270.79,51.43,0.55939652,0.7104335803999999,2.14,1.380028e-08,6.81852e-09,2.185726e-08,1.002302e-08,138.13,119.79,13050.87,11318.07,68.99,58.73
6.55112,9,0.6230,0.008,0.008,5.203,6.132,0.9872,0.01008,270.79,51.43,0.5593955199999999,0.7104323103999999,2.14,1.381035e-08,6.826562e-09,2.192385e-08,1.004528e-08,138.27,119.62,13064.56,11302.69,69.07,58.64
6.55138,9,0.6230,0.008,0.008,5.203,6.132,0.9872,0.01008,270.79,51.43,0.5593944799999999,0.7104309896,2.14,1.381586e-08,6.831574e-09,2.19571e-08,1.007246e-08,138.36,119.89,13073.22,11327.48,69.12,58.78
6.55162,9,0.6230,0.008,0.008,5.203,6.132,0.9872,0.01008,270.79,51.43,0.55939352,0.7104297704,2.14,1.382355e-08,6.838634e-09,2.20095e-08,1.010239e-08,138.49,120.02,13085.55,11339.70,69.19,58.86
6.55187,9,0.6231,0.008,0.008,5.202,6.132,0.9872,0.01008,270.79,51.43,0.55939252,0.7104285003999999,2.14,1.382986e-08,6.844755e-09,2.205657e-08,1.013712e-08,138.64,120.32,13099.01,11368.73,69.27,59.03
6.55213,9,0.6231,0.008,0.008,5.202,6.132,0.9872,0.01008,270.79,51.43,0.5593914799999999,0.7104271795999999,2.14,1.383415e-08,6.850418e-09,2.212124e-08,1.016183e-08,138.78,120.21,13112.43,11358.36,69.35,58.97
6.55237,9,0.6231,0.008,0.008,5.202,6.132,0.9872,0.01008,270.79,51.43,0.55939052,0.7104259604000001,2.14,1.38391e-08,6.853068e-09,2.21818e-08,1.019185e-08,138.79,120.26,13113.18,11362.90,69.36,58.99
6.55262,9,0.6231,0.008,0.008,5.202,6.132,0.9872,0.01008,270.79,51.43,0.55938952,0.7104246904,2.14,1.385194e-08,6.858915e-09,2.222727e-08,1.022069e-08,138.77,120.43,13111.25,11379.27,69.34,59.09
6.55288,9,0.6232,0.008,0.008,5.202,6.132,0.9872,0.01008,270.79,51.43,0.55938848,0.7104233696,2.14,1.385997e-08,6.867829e-09,2.226653e-08,1.024235e-08,138.99,120.53,13132.05,11388.52,69.47,59.14
6.55312,9,0.6232,0.008,0.008,5.202,6.132,0.9872,0.01008,270.79,51.43,0.5593875199999999,0.7104221503999999,2.14,1.386595e-08,6.87577e-09,2.233217e-08,1.028003e-08,139.19,120.70,13150.92,11403.90,69.58,59.24
6.55337,9,0.6232,0.008,0.008,5.202,6.132,0.9872,0.01008,270.79,51.43,0.55938652,0.7104208804,2.14,1.387516e-08,6.882463e-09,2.238768e-08,1.030531e-08,139.27,120.69,13158.99,11403.34,69.63,59.23
6.55363,9,0.6233,0.008,0.008,5.202,6.132,0.9872,0.01008,270.79,51.43,0.55938548,0.7104195596,2.14,1.387673e-08,6.88913e-09,2.244747e-08,1.033233e-08,139.53,120.70,13183.46,11404.15,69.77,59.24
6.55387,9,0.6233,0.008,0.008,5.202,6.132,0.9872,0.01008,270.79,51.43,0.5593845199999999,0.7104183404,2.14,1.388941e-08,6.892396e-09,2.249429e-08,1.035782e-08,139.41,120.78,13171.96,11412.19,69.70,59.28
6.55412,9,0.6233,0.008,0.008,5.202,6.132,0.9872,0.01008,270.79,51.43,0.5593835199999999,0.7104170703999999,2.14,1.39136e-08,6.895458e-09,2.255656e-08,1.03827e-08,139.05,120.70,13138.14,11404.47,69.50,59.24
6.55438,9,0.6234,0.008,0.008,5.202,6.132,0.9872,0.01008,270.79,51.43,0.55938248,0.7104157496,2.14,1.392152e-08,6.903051e-09,2.258932e-08,1.040362e-08,139.22,120.85,13154.11,11418.17,69.60,59.32
6.55462,9,0.6234,0.008,0.008,5.202,6.132,0.9872,0.01008,270.79,51.43,0.55938152,0.7104145303999999,2.14,1.392905e-08,6.906407e-09,2.265154e-08,1.043929e-08,139.20,121.00,13152.68,11432.41,69.59,59.40
6.55488,9,0.6234,0.008,0.008,5.202,6.132,0.9872,0.01008,270.79,51.43,0.55938048,0.7104132096,2.14,1.393317e-08,6.914854e-09,2.270301e-08,1.046592e-08,139.46,121.06,13176.88,11438.31,69.73,59.44
6.55513,9,0.6235,0.008,0.008,5.202,6.132,0.9872,0.01008,270.79,51.43,0.5593794799999999,0.7104119395999999,2.14,1.393272e-08,6.915865e-09,2.272839e-08,1.048951e-08,139.53,121.33,13183.67,11464.25,69.77,59.59
6.55537,9,0.6235,0.008,0.008,5.202,6.132,0.9872,0.01008,270.79,51.43,0.55937852,0.7104107204,2.14,1.395078e-08,6.919158e-09,2.277313e-08,1.050667e-08,139.31,121.26,13162.25,11457.19,69.64,59.55
6.55563,9,0.6235,0.008,0.008,5.202,6.132,0.9872,0.01008,270.79,51.43,0.55937748,0.7104093995999999,2.14,1.394832e-08,6.926579e-09,2.281742e-08,1.052775e-08,139.65,121.27,13194.91,11458.50,69.84,59.56
6.55588,9,0.6236,0.008,0.008,5.202,6.132,0.9872,0.01008,270.79,51.43,0.55937648,0.7104081296,2.14,1.393401e-08,6.929959e-09,2.286827e-08,1.054142e-08,140.09,121.08,13236.81,11440.60,70.09,59.45
6.55612,9,0.6236,0.008,0.008,5.202,6.132,0.9872,0.01008,270.79,51.43,0.55937552,0.7104069104,2.14,1.394535e-08,6.932983e-09,2.289133e-08,1.056763e-08,139.99,121.42,13226.88,11471.98,70.03,59.64
6.55638,9,0.6236,0.008,0.008,5.202,6.132,0.9872,0.01008,270.79,51.43,0.55937448,0.7104055896,2.14,1.394859e-08,6.934383e-09,2.292501e-08,1.059027e-08,139.98,121.57,13226.08,11486.27,70.02,59.72
6.55663,9,0.6237,0.008,0.008,5.202,6.132,0.9872,0.01008,270.79,51.43,0.55937348,0.7104043196,2.14,1.395408e-08,6.940676e-09,2.295783e-08,1.060546e-08,140.15,121.59,13241.72,11488.17,70.11,59.73
6.55687,9,0.6237,0.008,0.008,5.202,6.132,0.9872,0.01008,270.79,51.43,0.5593725199999999,0.7104031003999999,2.14,1.39641e-08,6.940938e-09,2.299971e-08,1.062035e-08,139.96,121.49,13223.82,11479.22,70.01,59.68
6.55713,9,0.6237,0.008,0.008,5.202,6.132,0.9872,0.01008,270.79,51.43,0.5593714799999999,0.7104017796,2.14,1.395289e-08,6.943549e-09,2.303262e-08,1.063521e-08,140.29,121.49,13254.88,11478.54,70.19,59.68
6.55738,9,0.6238,0.008,0.008,5.201,6.132,0.9872,0.01008,270.79,51.43,0.55937048,0.7104005096,2.14,1.396092e-08,6.937676e-09,2.306091e-08,1.064794e-08,139.91,121.50,13219.57,11479.72,69.98,59.68
6.55762,9,0.6238,0.008,0.008,5.201,6.132,0.9872,0.01008,270.79,51.43,0.55936952,0.7103992903999999,2.14,1.396193e-08,6.944603e-09,2.307602e-08,1.066321e-08,140.17,121.67,13243.93,11496.33,70.13,59.78
6.55788,9,0.6238,0.008,0.008,5.201,6.132,0.9872,0.01008,270.79,51.43,0.55936848,0.7103979695999999,2.14,1.396188e-08,6.946624e-09,2.312199e-08,1.067691e-08,140.25,121.51,13251.70,11481.25,70.17,59.69
6.55813,9,0.6239,0.008,0.008,5.201,6.132,0.9872,0.01008,270.79,51.43,0.5593674799999999,0.7103966996,2.14,1.396949e-08,6.948844e-09,2.312187e-08,1.069487e-08,140.21,121.92,13247.88,11519.14,70.15,59.92
6.55837,9,0.6239,0.008,0.008,5.201,6.132,0.9872,0.01008,270.79,51.43,0.55936652,0.7103954804,2.14,1.395718e-08,6.951506e-09,2.315708e-08,1.069921e-08,140.56,121.66,13281.28,11495.26,70.35,59.77
6.55863,9,0.6239,0.008,0.008,5.201,6.132,0.9872,0.01008,270.79,51.43,0.55936548,0.7103941596,2.14,1.396469e-08,6.955648e-09,2.316947e-08,1.070944e-08,140.58,121.76,13282.80,11504.26,70.36,59.83
6.55887,9,0.6240,0.008,0.008,5.201,6.132,0.9872,0.01008,270.79,51.43,0.5593645199999999,0.7103929403999999,2.14,1.395852e-08,6.953293e-09,2.319042e-08,1.072185e-08,140.63,121.83,13287.67,11511.54,70.38,59.87
6.55912,9,0.6240,0.008,0.008,5.201,6.132,0.9872,0.01008,270.79,51.43,0.55936352,0.7103916704000001,2.14,1.395995e-08,6.950125e-09,2.32072e-08,1.073504e-08,140.48,121.95,13272.90,11522.39,70.30,59.93
6.55938,9,0.6240,0.008,0.008,5.201,6.132,0.9872,0.01008,270.79,51.43,0.55936248,0.7103903496,2.14,1.395317e-08,6.95718e-09,2.32199e-08,1.074302e-08,140.90,121.99,13312.65,11526.59,70.53,59.96
6.55962,9,0.6241,0.008,0.008,5.201,6.132,0.9872,0.01008,270.79,51.43,0.55936152,0.7103891304,2.14,1.395147e-08,6.960949e-09,2.324455e-08,1.076055e-08,141.11,122.14,13332.42,11540.66,70.65,60.04
6.55987,9,0.6241,0.008,0.008,5.201,6.132,0.9872,0.01008,270.79,51.43,0.5593605199999999,0.7103878603999999,2.14,1.395329e-08,6.963399e-09,2.325486e-08,1.077206e-08,141.17,122.29,13338.31,11554.12,70.68,60.12
6.56013,9,0.6241,0.008,0.008,5.201,6.132,0.9872,0.01008,270.79,51.43,0.5593594799999999,0.7103865395999999,2.14,1.395272e-08,6.968991e-09,2.329299e-08,1.077959e-08,141.41,122.07,13360.80,11533.92,70.82,60.00
6.56037,9,0.6242,0.008,0.008,5.201,6.132,0.9872,0.01008,270.79,51.43,0.55935852,0.7103853204,2.14,1.396411e-08,6.968567e-09,2.329379e-08,1.079496e-08,141.18,122.41,13339.56,11565.68,70.69,60.19
6.56062,9,0.6242,0.008,0.008,5.201,6.132,0.9872,0.01008,270.79,51.43,0.5593575199999999,0.7103840504,2.14,1.395625e-08,6.97325e-09,2.330127e-08,1.081675e-08,141.53,122.80,13372.51,11602.31,70.89,60.41
6.56088,9,0.6242,0.008,0.008,5.201,6.132,0.9872,0.01008,270.79,51.43,0.5593564799999999,0.7103827295999999,2.14,1.396659e-08,6.973718e-09,2.335356e-08,1.081778e-08,141.34,122.30,13354.52,11555.97,70.78,60.13
6.56112,9,0.6243,0.008,0.008,5.201,6.132,0.9872,0.01008,270.79,51.43,0.55935552,0.7103815104,2.14,1.396371e-08,6.981193e-09,2.335983e-08,1.082356e-08,141.72,122.38,13390.81,11563.54,70.99,60.18
6.56137,9,0.6243,0.008,0.008,5.201,6.132,0.9872,0.01009,270.79,51.43,0.55935452,0.7103802403999999,2.14,1.39748e-08,6.982773e-09,2.338694e-08,1.084371e-08,141.56,122.54,13375.62,11578.64,70.90,60.27
6.56163,9,0.6243,0.008,0.008,5.201,6.132,0.9872,0.01009,270.79,51.43,0.55935348,0.7103789196,2.14,1.397433e-08,6.986714e-09,2.340397e-08,1.085488e-08,141.73,122.61,13391.62,11585.16,71.00,60.30
6.56187,9,0.6244,0.008,0.008,5.201,6.132,0.9872,0.01009,270.79,51.43,0.5593525199999999,0.7103777003999999,2.14,1.396873e-08,7.004481e-09,2.343801e-08,1.088428e-08,142.59,122.92,13472.88,11614.10,71.48,60.48
6.56212,9,0.6244,0.008,0.008,5.201,6.132,0.9872,0.01009,270.79,51.43,0.55935152,0.7103764304,2.14,1.397748e-08,7.007616e-09,2.349608e-08,1.09026e-08,142.54,122.74,13468.05,11596.93,71.45,60.37
6.56238,9,0.6244,0.008,0.008,5.201,6.132,0.9872,0.01009,270.79,51.43,0.55935048,0.7103751095999999,2.14,1.39895e-08,7.013983e-09,2.350856e-08,1.090464e-08,142.56,122.66,13469.36,11589.49,71.46,60.33
6.56262,9,0.6245,0.008,0.008,5.200,6.132,0.9872,0.01009,270.79,51.43,0.5593495199999999,0.7103738903999999,2.14,1.399443e-08,7.020952e-09,2.35405e-08,1.093519e-08,142.76,123.01,13488.85,11622.54,71.57,60.53
6.56288,9,0.6245,0.008,0.008,5.200,6.132,0.9872,0.01009,270.79,51.43,0.5593484799999999,0.7103725696,2.14,1.400595e-08,7.02583e-09,2.359839e-08,1.095874e-08,142.73,122.94,13485.38,11615.93,71.55,60.49
6.56313,9,0.6245,0.008,0.008,5.201,6.132,0.9872,0.01009,270.79,51.43,0.55934748,0.7103712996,2.14,1.402363e-08,7.038075e-09,2.363038e-08,1.098476e-08,142.86,123.17,13498.37,11638.01,71.63,60.62
6.56337,9,0.6246,0.008,0.008,5.200,6.132,0.9872,0.01009,270.79,51.43,0.55934652,0.7103700803999999,2.14,1.402748e-08,7.043677e-09,2.368776e-08,1.100802e-08,143.04,123.12,13514.66,11633.13,71.73,60.59
6.56363,9,0.6246,0.008,0.008,5.200,6.132,0.9872,0.01009,270.79,51.43,0.55934548,0.7103687595999999,2.14,1.404531e-08,7.062323e-09,2.374526e-08,1.103583e-08,143.43,123.14,13552.02,11635.28,71.95,60.60
6.56388,9,0.6246,0.008,0.008,5.200,6.132,0.9872,0.01009,270.79,51.43,0.5593444799999999,0.7103674896,2.14,1.404719e-08,7.06669e-09,2.379036e-08,1.106958e-08,143.57,123.41,13565.24,11660.45,72.03,60.75
6.56412,9,0.6247,0.008,0.008,5.200,6.132,0.9872,0.01009,270.79,51.43,0.55934352,0.7103662704,2.14,1.406895e-08,7.08549e-09,2.383181e-08,1.108725e-08,143.91,123.40,13597.74,11659.14,72.22,60.74
6.56438,9,0.6247,0.008,0.008,5.200,6.132,0.9872,0.01009,270.79,51.43,0.55934248,0.7103649496,2.14,1.408255e-08,7.098845e-09,2.388469e-08,1.112094e-08,144.18,123.59,13622.89,11676.98,72.37,60.85
6.56463,9,0.6247,0.008,0.008,5.200,6.132,0.9872,0.01009,270.79,51.43,0.55934148,0.7103636795999999,2.14,1.411667e-08,7.108121e-09,2.396053e-08,1.11512e-08,143.86,123.48,13592.33,11667.09,72.19,60.79
6.56487,9,0.6248,0.008,0.008,5.200,6.132,0.9872,0.01009,270.79,51.43,0.55934052,0.7103624604000001,2.14,1.411568e-08,7.124235e-09,2.401979e-08,1.118328e-08,144.56,123.59,13658.66,11677.75,72.58,60.85
6.56513,9,0.6248,0.008,0.008,5.200,6.132,0.9872,0.01009,270.79,51.43,0.55933948,0.7103611396,2.14,1.414049e-08,7.138076e-09,2.409929e-08,1.12156e-08,144.61,123.50,13663.76,11668.61,72.61,60.80
6.56538,9,0.6248,0.008,0.008,5.200,6.132,0.9872,0.01009,270.79,51.43,0.55933848,0.7103598696,2.14,1.416873e-08,7.156354e-09,2.415662e-08,1.125211e-08,144.78,123.70,13679.29,11687.71,72.70,60.91
6.56562,9,0.6249,0.008,0.008,5.200,6.132,0.9872,0.01009,270.79,51.43,0.5593375199999999,0.7103586503999999,2.14,1.419615e-08,7.170417e-09,2.419679e-08,1.128764e-08,144.81,124.06,13682.30,11722.27,72.72,61.11
6.56588,9,0.6249,0.008,0.008,5.200,6.132,0.9872,0.01009,270.79,51.43,0.5593364799999999,0.7103573295999999,2.14,1.421613e-08,7.183904e-09,2.428495e-08,1.131717e-08,144.95,123.83,13695.38,11699.80,72.79,60.98
6.56613,9,0.6249,0.008,0.008,5.200,6.132,0.9872,0.01009,270.79,51.43,0.55933548,0.7103560596,2.14,1.424467e-08,7.203983e-09,2.436005e-08,1.13574e-08,145.18,123.93,13717.15,11709.91,72.92,61.04
6.56637,9,0.6250,0.008,0.008,5.200,6.132,0.9872,0.01009,270.79,51.43,0.55933452,0.7103548404,2.14,1.427289e-08,7.218201e-09,2.443455e-08,1.139862e-08,145.20,124.09,13719.14,11724.28,72.93,61.13
6.56663,9,0.6250,0.008,0.008,5.200,6.132,0.9872,0.01009,270.79,51.43,0.5593334799999999,0.7103535195999999,2.14,1.429317e-08,7.236109e-09,2.450683e-08,1.143568e-08,145.51,124.15,13748.56,11730.70,73.11,61.16
6.56687,9,0.6250,0.008,0.008,5.200,6.132,0.9872,0.01009,270.79,51.43,0.55933252,0.7103523004,2.14,1.431212e-08,7.247972e-09,2.458312e-08,1.147598e-08,145.60,124.25,13757.28,11739.72,73.16,61.22
6.56712,9,0.6251,0.008,0.008,5.200,6.132,0.9872,0.01009,270.79,51.43,0.55933152,0.7103510304,2.14,1.435141e-08,7.269354e-09,2.465318e-08,1.151004e-08,145.69,124.30,13765.18,11744.19,73.21,61.24
6.56738,9,0.6251,0.008,0.008,5.200,6.132,0.9872,0.01009,270.79,51.43,0.55933048,0.7103497096,2.14,1.437677e-08,7.283234e-09,2.473041e-08,1.155255e-08,145.73,124.43,13769.14,11756.51,73.23,61.32
6.56762,9,0.6251,0.008,0.008,5.200,6.132,0.9872,0.01009,270.79,51.43,0.5593295199999999,0.7103484903999999,2.14,1.440784e-08,7.302625e-09,2.482329e-08,1.158287e-08,145.88,124.16,13783.11,11731.67,73.31,61.17
6.56787,9,0.6252,0.008,0.008,5.200,6.132,0.9872,0.01009,270.79,51.43,0.55932852,0.7103472204,2.14,1.443263e-08,7.323688e-09,2.488764e-08,1.162249e-08,146.24,124.38,13817.82,11751.73,73.52,61.29
6.56813,9,0.6252,0.008,0.008,5.200,6.132,0.9872,0.01009,270.79,51.43,0.55932748,0.7103458995999999,2.14,1.445971e-08,7.341359e-09,2.495903e-08,1.165612e-08,146.40,124.38,13832.86,11752.28,73.61,61.29
6.56837,9,0.6252,0.008,0.008,5.200,6.132,0.9872,0.01009,270.79,51.43,0.5593265199999999,0.7103446804,2.14,1.449594e-08,7.357638e-09,2.502275e-08,1.169844e-08,146.32,124.63,13824.78,11776.01,73.56,61.43
6.56862,9,0.6253,0.008,0.008,5.199,6.132,0.9872,0.01009,270.79,51.43,0.5593255199999999,0.7103434103999999,2.14,1.452049e-08,7.373298e-09,2.509398e-08,1.173556e-08,146.47,124.73,13839.19,11785.09,73.64,61.48
6.56888,9,0.6253,0.008,0.008,5.199,6.132,0.9872,0.01009,270.79,51.43,0.55932448,0.7103420896,2.14,1.455608e-08,7.385189e-09,2.516002e-08,1.176611e-08,146.22,124.72,13815.70,11784.46,73.51,61.48
6.56912,9,0.6253,0.008,0.008,5.199,6.132,0.9872,0.01009,270.79,51.43,0.55932352,0.7103408703999999,2.14,1.457332e-08,7.411965e-09,2.5229e-08,1.179923e-08,146.95,124.74,13884.25,11786.08,73.91,61.49
6.56937,9,0.6254,0.008,0.008,5.199,6.132,0.9872,0.01009,270.79,51.43,0.5593225199999999,0.7103396003999999,2.14,1.45961e-08,7.425581e-09,2.5302e-08,1.184288e-08,147.05,124.95,13894.20,11805.77,73.97,61.61
6.56963,9,0.6254,0.008,0.008,5.199,6.132,0.9872,0.01009,270.79,51.43,0.5593214799999999,0.7103382796,2.14,1.463471e-08,7.440133e-09,2.536296e-08,1.186677e-08,146.85,124.86,13874.88,11797.09,73.85,61.56
6.56987,9,0.6254,0.008,0.008,5.199,6.132,0.9872,0.01009,270.79,51.43,0.55932052,0.7103370604,2.14,1.467042e-08,7.460961e-09,2.540761e-08,1.188638e-08,146.95,124.83,13885.00,11794.71,73.91,61.54
6.57012,9,0.6255,0.008,0.008,5.199,6.132,0.9872,0.01009,270.79,51.43,0.55931952,0.7103357904,2.14,1.469555e-08,7.477455e-09,2.547801e-08,1.193649e-08,147.13,125.19,13901.27,11828.57,74.01,61.74
6.57038,9,0.6255,0.008,0.008,5.199,6.132,0.9872,0.01009,270.79,51.43,0.55931848,0.7103344695999999,2.14,1.473011e-08,7.495218e-09,2.551946e-08,1.195041e-08,147.13,125.08,13901.94,11818.34,74.01,61.68
6.57062,9,0.6255,0.008,0.008,5.199,6.132,0.9872,0.01009,270.79,51.43,0.55931752,0.7103332504000001,2.14,1.474704e-08,7.510282e-09,2.558063e-08,1.197895e-08,147.39,125.08,13926.29,11818.15,74.16,61.68
6.57088,9,0.6256,0.008,0.008,5.199,6.132,0.9872,0.01009,270.79,51.43,0.55931648,0.7103319296,2.14,1.478268e-08,7.527046e-09,2.562807e-08,1.201119e-08,147.36,125.30,13923.29,11838.62,74.14,61.80
6.57113,9,0.6256,0.008,0.008,5.199,6.132,0.9872,0.01009,270.79,51.43,0.55931548,0.7103306596,2.14,1.480679e-08,7.537798e-09,2.566054e-08,1.203025e-08,147.30,125.37,13917.55,11845.74,74.11,61.84
6.57137,9,0.6256,0.008,0.008,5.199,6.132,0.9872,0.01009,270.79,51.43,0.5593145199999999,0.7103294403999999,2.14,1.4837e-08,7.547899e-09,2.570834e-08,1.205785e-08,147.09,125.47,13897.76,11855.35,73.99,61.90
6.57163,9,0.6257,0.008,0.008,5.199,6.132,0.9872,0.01009,270.79,51.43,0.5593134799999999,0.7103281195999999,2.14,1.485247e-08,7.572998e-09,2.573836e-08,1.207717e-08,147.80,125.60,13964.65,11866.94,74.39,61.97
6.57188,9,0.6257,0.008,0.008,5.199,6.132,0.9872,0.01009,270.79,51.43,0.55931248,0.7103268496,2.14,1.488455e-08,7.578508e-09,2.577655e-08,1.20947e-08,147.37,125.59,13923.99,11866.22,74.14,61.96
6.57212,9,0.6257,0.008,0.008,5.199,6.132,0.9872,0.01009,270.79,51.43,0.55931152,0.7103256304,2.14,1.491088e-08,7.592869e-09,2.580766e-08,1.210489e-08,147.40,125.50,13927.55,11858.08,74.17,61.91
6.57238,9,0.6258,0.008,0.008,5.199,6.132,0.9872,0.01009,270.79,51.43,0.5593104799999999,0.7103243095999999,2.14,1.494858e-08,7.606229e-09,2.583918e-08,1.212548e-08,147.20,125.64,13908.03,11870.68,74.05,61.99
6.57263,9,0.6258,0.008,0.008,5.199,6.132,0.9872,0.01009,270.79,51.43,0.5593094799999999,0.7103230395999999,2.14,1.497212e-08,7.62331e-09,2.587766e-08,1.214924e-08,147.40,125.75,13927.01,11881.19,74.16,62.05
6.57287,9,0.6258,0.008,0.008,5.199,6.132,0.9872,0.01009,270.79,51.43,0.55930852,0.7103218204,2.14,1.4994e-08,7.637881e-09,2.590088e-08,1.216306e-08,147.53,125.80,13939.77,11886.57,74.24,62.08
6.57313,9,0.6259,0.008,0.008,5.199,6.132,0.9872,0.01009,270.79,51.43,0.55930748,0.7103204996,2.14,1.501619e-08,7.643877e-09,2.593108e-08,1.216538e-08,147.35,125.59,13922.29,11866.65,74.13,61.97
6.57338,9,0.6259,0.008,0.008,5.199,6.132,0.9872,0.01009,270.79,51.43,0.5593064799999999,0.7103192295999999,2.14,1.504893e-08,7.660504e-09,2.595445e-08,1.217426e-08,147.35,125.55,13922.15,11862.83,74.13,61.94
6.57362,9,0.6259,0.008,0.008,5.199,6.132,0.9872,0.01009,270.79,51.43,0.55930552,0.7103180104,2.14,1.507116e-08,7.674685e-09,2.596182e-08,1.21996e-08,147.46,125.98,13932.74,11903.04,74.20,62.18
6.57388,9,0.6260,0.008,0.008,5.198,6.132,0.9872,0.01009,270.79,51.43,0.55930448,0.7103166896,2.14,1.509849e-08,7.679582e-09,2.599344e-08,1.220955e-08,147.13,125.90,13901.70,11895.92,74.01,62.14
6.57413,9,0.6260,0.008,0.008,5.198,6.132,0.9872,0.01009,270.79,51.43,0.55930348,0.7103154196,2.14,1.511908e-08,7.688e-09,2.600225e-08,1.222043e-08,147.05,126.03,13894.14,11908.31,73.97,62.21
6.57437,9,0.6260,0.008,0.008,5.198,6.132,0.9872,0.01009,270.79,51.43,0.5593025199999999,0.7103142003999999,2.14,1.513842e-08,7.706548e-09,2.603654e-08,1.222915e-08,147.39,125.89,13926.18,11894.74,74.16,62.13
6.57463,9,0.6261,0.008,0.008,5.198,6.132,0.9872,0.01009,270.79,51.43,0.5593014799999999,0.7103128795999999,2.14,1.516045e-08,7.71542e-09,2.604929e-08,1.223263e-08,147.32,125.86,13919.79,11892.04,74.12,62.11
6.57487,9,0.6261,0.008,0.008,5.198,6.132,0.9872,0.01009,270.79,51.43,0.55930052,0.7103116603999999,2.14,1.517727e-08,7.724566e-09,2.604575e-08,1.224937e-08,147.35,126.22,13921.94,11925.82,74.13,62.31
6.57512,9,0.6261,0.008,0.008,5.198,6.132,0.9872,0.01009,270.79,51.43,0.5592995199999999,0.7103103903999999,2.14,1.52068e-08,7.738522e-09,2.606769e-08,1.226063e-08,147.30,126.24,13918.01,11927.55,74.11,62.32
6.57538,9,0.6262,0.008,0.008,5.198,6.132,0.9872,0.01009,270.79,51.43,0.5592984799999999,0.7103090696,2.14,1.523918e-08,7.746925e-09,2.610554e-08,1.22683e-08,147.02,126.06,13890.75,11910.88,73.95,62.23
6.57562,9,0.6262,0.008,0.008,5.198,6.132,0.9872,0.01009,270.80,51.43,0.55929752,0.7103078504,2.14,1.525696e-08,7.759141e-09,2.612386e-08,1.227755e-08,147.14,126.07,13902.33,11912.05,74.01,62.23
6.57587,9,0.6262,0.008,0.008,5.198,6.132,0.9872,0.01009,270.80,51.43,0.55929652,0.7103065803999999,2.14,1.527875e-08,7.768132e-09,2.615554e-08,1.229502e-08,147.06,126.12,13894.72,11916.77,73.97,62.26
6.57613,9,0.6263,0.008,0.008,5.198,6.132,0.9872,0.01009,270.80,51.43,0.55929548,0.7103052595999999,2.14,1.529573e-08,7.777695e-09,2.618953e-08,1.230819e-08,147.12,126.09,13900.32,11913.55,74.00,62.24
6.57637,9,0.6263,0.008,0.008,5.198,6.132,0.9872,0.01009,270.80,51.43,0.5592945199999999,0.7103040403999998,2.14,1.532855e-08,7.787623e-09,2.621322e-08,1.233392e-08,146.86,126.37,13875.81,11940.21,73.86,62.40
6.57662,9,0.6263,0.008,0.008,5.198,6.132,0.9872,0.01009,270.80,51.43,0.55929352,0.7103027704,2.14,1.536312e-08,7.799809e-09,2.624519e-08,1.234218e-08,146.65,126.24,13856.40,11927.83,73.74,62.33
6.57688,9,0.6264,0.008,0.008,5.198,6.132,0.9872,0.01009,270.80,51.43,0.55929248,0.7103014496,2.14,1.53675e-08,7.817901e-09,2.628725e-08,1.235144e-08,147.28,126.06,13915.98,11910.58,74.09,62.22
6.57712,9,0.6264,0.008,0.008,5.198,6.132,0.9872,0.01009,270.80,51.43,0.5592915199999999,0.7103002303999999,2.14,1.539175e-08,7.824931e-09,2.631837e-08,1.237665e-08,147.08,126.26,13896.80,11929.83,73.98,62.34
6.57737,9,0.6264,0.008,0.008,5.198,6.132,0.9872,0.01009,270.80,51.43,0.55929052,0.7102989604000001,2.14,1.54224e-08,7.833179e-09,2.635379e-08,1.240088e-08,146.80,126.41,13870.38,11943.60,73.82,62.42
6.57763,9,0.6265,0.008,0.008,5.198,6.132,0.9872,0.01009,270.80,51.43,0.55928948,0.7102976396,2.14,1.544355e-08,7.844376e-09,2.639127e-08,1.24201e-08,146.84,126.46,13874.23,11948.39,73.85,62.45
6.57787,9,0.6265,0.008,0.008,5.198,6.132,0.9872,0.01009,270.80,51.43,0.55928852,0.7102964204,2.14,1.546931e-08,7.851665e-09,2.642956e-08,1.244365e-08,146.62,126.56,13853.45,11958.42,73.72,62.51
6.57812,9,0.6265,0.008,0.008,5.198,6.132,0.9872,0.01009,270.80,51.43,0.5592875199999999,0.7102951503999999,2.14,1.550218e-08,7.871589e-09,2.64882e-08,1.247329e-08,146.74,126.60,13865.04,11962.11,73.79,62.53
6.57838,9,0.6266,0.008,0.008,5.198,6.132,0.9872,0.01009,270.80,51.43,0.5592864799999999,0.7102938295999999,2.14,1.552353e-08,7.885554e-09,2.654409e-08,1.249987e-08,146.88,126.63,13878.42,11964.49,73.87,62.54
6.57862,9,0.6266,0.008,0.008,5.198,6.132,0.9872,0.01009,270.80,51.43,0.55928552,0.7102926104,2.14,1.554782e-08,7.89351e-09,2.660728e-08,1.251823e-08,146.72,126.41,13862.78,11943.94,73.78,62.42
6.57888,9,0.6266,0.008,0.008,5.198,6.132,0.9872,0.01009,270.80,51.43,0.55928448,0.7102912896,2.14,1.557048e-08,7.902474e-09,2.667178e-08,1.255438e-08,146.62,126.52,13853.73,11954.37,73.72,62.48
6.57913,9,0.6267,0.008,0.008,5.197,6.132,0.9872,0.01009,270.80,51.43,0.5592834799999999,0.7102900195999999,2.14,1.561221e-08,7.915451e-09,2.672904e-08,1.258125e-08,146.34,126.54,13826.85,11956.13,73.57,62.49
6.57937,9,0.6267,0.008,0.008,5.197,6.132,0.9872,0.01009,270.80,51.43,0.55928252,0.7102888004,2.14,1.562501e-08,7.929183e-09,2.682192e-08,1.262182e-08,146.61,126.48,13852.52,11950.50,73.72,62.46
6.57963,9,0.6267,0.008,0.008,5.197,6.132,0.9872,0.01009,270.80,51.43,0.55928148,0.7102874796,2.14,1.565111e-08,7.945343e-09,2.688424e-08,1.265418e-08,146.72,126.54,13862.84,11955.92,73.78,62.49
6.57988,9,0.6268,0.008,0.008,5.197,6.132,0.9872,0.01009,270.80,51.43,0.55928048,0.7102862096,2.14,1.566913e-08,7.954858e-09,2.69714e-08,1.268437e-08,146.76,126.35,13866.36,11938.56,73.80,62.39
6.58012,9,0.6268,0.008,0.008,5.197,6.132,0.9872,0.01009,270.80,51.43,0.5592795199999999,0.7102849903999999,2.14,1.569573e-08,7.964943e-09,2.702759e-08,1.272486e-08,146.63,126.62,13854.27,11963.52,73.73,62.53
6.58038,9,0.6268,0.008,0.008,5.197,6.132,0.9872,0.01009,270.80,51.43,0.5592784799999999,0.7102836695999999,2.14,1.572964e-08,7.974597e-09,2.712385e-08,1.276413e-08,146.35,126.50,13827.68,11952.81,73.57,62.47
6.58063,9,0.6269,0.008,0.008,5.197,6.132,0.9872,0.01009,270.80,51.43,0.55927748,0.7102823996,2.14,1.575149e-08,7.992732e-09,2.719843e-08,1.28062e-08,146.63,126.66,13854.70,11967.03,73.73,62.56
6.58087,9,0.6269,0.008,0.008,5.197,6.132,0.9872,0.01009,270.80,51.43,0.5592765199999999,0.7102811804,2.14,1.5773e-08,8.005842e-09,2.728322e-08,1.285608e-08,146.72,126.84,13862.42,11984.57,73.77,62.66
6.58113,9,0.6269,0.008,0.008,5.197,6.132,0.9872,0.01009,270.80,51.43,0.5592754799999999,0.7102798596,2.14,1.580158e-08,8.013914e-09,2.738755e-08,1.289946e-08,146.48,126.73,13839.85,11974.42,73.64,62.60
6.58138,9,0.6270,0.008,0.008,5.197,6.132,0.9872,0.01009,270.80,51.43,0.5592744799999999,0.7102785895999999,2.14,1.58263e-08,8.026406e-09,2.747525e-08,1.293956e-08,146.50,126.73,13841.90,11974.22,73.65,62.60
6.58162,9,0.6270,0.008,0.008,5.197,6.132,0.9872,0.01009,270.80,51.43,0.55927352,0.7102773703999999,2.14,1.585604e-08,8.039478e-09,2.756126e-08,1.297952e-08,146.42,126.72,13834.88,11973.27,73.61,62.59
6.58188,9,0.6270,0.008,0.008,5.197,6.132,0.9872,0.01009,270.80,51.43,0.55927248,0.7102760496,2.14,1.58817e-08,8.057198e-09,2.765844e-08,1.302831e-08,146.60,126.78,13851.31,11978.52,73.71,62.62
6.58212,9,0.6271,0.008,0.008,5.197,6.132,0.9872,0.01009,270.80,51.43,0.5592715199999999,0.7102748304,2.14,1.589845e-08,8.070764e-09,2.775766e-08,1.307496e-08,146.81,126.80,13871.20,11980.28,73.83,62.63
6.58237,9,0.6271,0.008,0.008,5.197,6.132,0.9872,0.01009,270.80,51.43,0.55927052,0.7102735604,2.14,1.591271e-08,8.079422e-09,2.784098e-08,1.312657e-08,146.86,127.02,13876.15,12001.65,73.85,62.76
6.58263,9,0.6271,0.008,0.008,5.197,6.132,0.9872,0.01009,270.80,51.43,0.55926948,0.7102722396,2.14,1.594476e-08,8.087662e-09,2.793846e-08,1.316917e-08,146.57,126.96,13848.20,11995.86,73.69,62.73
6.58287,9,0.6272,0.008,0.008,5.197,6.132,0.9872,0.01009,270.80,51.43,0.5592685199999999,0.7102710203999999,2.14,1.597485e-08,8.100792e-09,2.804435e-08,1.320212e-08,146.51,126.67,13843.02,11968.68,73.66,62.56
6.58312,9,0.6272,0.008,0.008,5.197,6.132,0.9872,0.01009,270.80,51.43,0.5592675199999999,0.7102697503999998,2.14,1.599268e-08,8.114831e-09,2.814112e-08,1.325642e-08,146.69,126.83,13860.34,11983.62,73.76,62.65
6.58338,9,0.6272,0.008,0.008,5.197,6.132,0.9872,0.01009,270.80,51.43,0.55926648,0.7102684296,2.14,1.600713e-08,8.117886e-09,2.823473e-08,1.330156e-08,146.54,126.85,13845.53,11985.40,73.67,62.66
6.58362,9,0.6273,0.008,0.008,5.197,6.132,0.9872,0.01009,270.80,51.43,0.55926552,0.7102672104,2.14,1.603791e-08,8.132858e-09,2.833197e-08,1.335189e-08,146.54,126.95,13845.53,11994.99,73.67,62.72
6.58387,9,0.6273,0.008,0.008,5.197,6.132,0.9872,0.01009,270.80,51.43,0.5592645199999999,0.7102659403999999,2.14,1.605173e-08,8.14495e-09,2.840433e-08,1.339412e-08,146.72,127.10,13863.09,12008.77,73.78,62.80
6.58413,9,0.6273,0.008,0.008,5.197,6.132,0.9872,0.01009,270.80,51.43,0.5592634799999999,0.7102646195999999,2.14,1.607848e-08,8.159395e-09,2.84881e-08,1.342811e-08,146.75,127.00,13866.09,11999.45,73.79,62.75
6.58437,9,0.6274,0.008,0.008,5.196,6.132,0.9872,0.01009,270.80,51.43,0.55926252,0.7102634004,2.14,1.608685e-08,8.164343e-09,2.858049e-08,1.347443e-08,146.80,127.07,13870.72,12006.03,73.82,62.78
6.58462,9,0.6274,0.008,0.008,5.196,6.132,0.9872,0.01009,270.80,51.43,0.55926152,0.7102621304,2.14,1.612237e-08,8.176002e-09,2.867141e-08,1.351717e-08,146.57,127.07,13848.82,12005.82,73.69,62.78
6.58488,9,0.6274,0.008,0.008,5.196,6.132,0.9872,0.01009,270.80,51.43,0.55926048,0.7102608095999999,2.14,1.612565e-08,8.185789e-09,2.873318e-08,1.355452e-08,146.87,127.21,13876.76,12019.63,73.86,62.86
6.58512,9,0.6275,0.008,0.008,5.196,6.132,0.9872,0.01009,270.80,51.43,0.55925952,0.7102595904,2.14,1.615396e-08,8.19415e-09,2.880084e-08,1.359228e-08,146.67,127.34,13858.33,12031.33,73.75,62.93
6.58537,9,0.6275,0.008,0.008,5.196,6.132,0.9872,0.01009,270.80,51.43,0.55925852,0.7102583204,2.14,1.6171e-08,8.202722e-09,2.889044e-08,1.363206e-08,146.67,127.29,13858.08,12027.15,73.75,62.91
6.58563,9,0.6275,0.008,0.008,5.196,6.132,0.9872,0.01009,270.80,51.43,0.55925748,0.7102569996,2.14,1.617668e-08,8.207024e-09,2.89411e-08,1.366957e-08,146.72,127.53,13862.95,12049.86,73.77,63.04
6.58587,9,0.6276,0.008,0.008,5.196,6.132,0.9872,0.01009,270.80,51.43,0.5592565199999999,0.7102557803999999,2.14,1.619881e-08,8.216019e-09,2.902337e-08,1.36919e-08,146.66,127.26,13857.52,12024.27,73.74,62.89
6.58613,9,0.6276,0.008,0.008,5.196,6.132,0.9872,0.01009,270.80,51.43,0.5592554799999999,0.7102544595999999,2.14,1.621403e-08,8.225449e-09,2.9056e-08,1.373047e-08,146.73,127.67,13863.37,12062.82,73.78,63.12
6.58638,9,0.6276,0.008,0.008,5.196,6.132,0.9872,0.01009,270.80,51.43,0.55925448,0.7102531896000001,2.14,1.622915e-08,8.233047e-09,2.914078e-08,1.37536e-08,146.72,127.37,13863.12,12034.72,73.78,62.95
6.58662,9,0.6277,0.008,0.008,5.196,6.132,0.9872,0.01009,270.80,51.43,0.55925352,0.7102519704,2.14,1.623505e-08,8.243118e-09,2.918027e-08,1.37741e-08,147.00,127.42,13889.54,12039.72,73.93,62.98
6.58688,9,0.6277,0.008,0.008,5.196,6.132,0.9872,0.01009,270.80,51.43,0.5592524799999999,0.7102506496,2.14,1.624783e-08,8.248134e-09,2.922707e-08,1.37982e-08,146.95,127.46,13884.50,12043.04,73.90,63.00
6.58713,9,0.6277,0.008,0.008,5.196,6.132,0.9872,0.01009,270.80,51.43,0.5592514799999999,0.7102493795999999,2.14,1.62542e-08,8.246598e-09,2.926884e-08,1.382058e-08,146.78,127.51,13868.21,12047.44,73.81,63.03
6.58737,9,0.6278,0.008,0.008,5.196,6.132,0.9872,0.01009,270.80,51.43,0.55925052,0.7102481603999999,2.14,1.625959e-08,8.253486e-09,2.92895e-08,1.383961e-08,146.95,127.69,13884.60,12064.67,73.90,63.13
6.58763,9,0.6278,0.008,0.008,5.196,6.132,0.9872,0.01009,270.80,51.43,0.55924948,0.7102468396,2.14,1.626827e-08,8.262979e-09,2.935258e-08,1.385422e-08,147.13,127.42,13901.98,12039.64,74.00,62.98
6.58788,9,0.6278,0.008,0.008,5.196,6.132,0.9872,0.01009,270.80,51.43,0.5592484799999999,0.7102455696,2.14,1.628437e-08,8.263304e-09,2.934936e-08,1.387959e-08,146.85,127.89,13875.19,12083.98,73.85,63.24
6.58812,9,0.6279,0.008,0.008,5.196,6.132,0.9872,0.01009,270.80,51.43,0.55924752,0.7102443504,2.14,1.629407e-08,8.269214e-09,2.942427e-08,1.390231e-08,146.91,127.69,13880.76,12064.98,73.88,63.13
6.58838,9,0.6279,0.008,0.008,5.196,6.132,0.9872,0.01009,270.80,51.43,0.55924648,0.7102430296,2.14,1.629843e-08,8.271786e-09,2.941781e-08,1.391194e-08,146.92,127.91,13881.99,12085.87,73.89,63.25
6.58863,9,0.6279,0.008,0.008,5.196,6.132,0.9872,0.01009,270.80,51.43,0.55924548,0.7102417595999999,2.14,1.62975e-08,8.277045e-09,2.944478e-08,1.392664e-08,147.13,127.95,13901.53,12089.07,74.00,63.27
6.58887,9,0.6280,0.008,0.008,5.196,6.132,0.9872,0.01009,270.80,51.43,0.5592445199999999,0.7102405403999998,2.14,1.631618e-08,8.282081e-09,2.949707e-08,1.393122e-08,146.99,127.62,13888.58,12057.90,73.92,63.09
6.58913,9,0.6280,0.008,0.008,5.196,6.132,0.9872,0.01009,270.80,51.43,0.5592434799999999,0.7102392195999999,2.14,1.630895e-08,8.275285e-09,2.946877e-08,1.392776e-08,146.88,127.79,13877.93,12074.18,73.86,63.19
6.58938,9,0.6280,0.008,0.008,5.196,6.132,0.9872,0.01009,270.80,51.43,0.55924248,0.7102379496,2.14,1.632534e-08,8.283561e-09,2.948433e-08,1.393886e-08,146.88,127.85,13877.79,12080.33,73.86,63.22
6.58962,9,0.6281,0.008,0.008,5.195,6.132,0.9872,0.01009,270.80,51.43,0.5592415199999999,0.7102367303999999,2.14,1.632447e-08,8.286166e-09,2.951919e-08,1.395592e-08,147.01,127.88,13890.37,12083.21,73.93,63.24
6.58988,9,0.6281,0.008,0.008,5.195,6.132,0.9872,0.01009,270.80,51.43,0.5592404799999999,0.7102354095999999,2.14,1.632943e-08,8.285645e-09,2.952428e-08,1.395538e-08,146.90,127.83,13880.03,12078.37,73.87,63.21
6.59012,9,0.6281,0.008,0.008,5.195,6.132,0.9872,0.01009,270.80,51.43,0.55923952,0.7102341904,2.14,1.63429e-08,8.290568e-09,2.952315e-08,1.396654e-08,146.83,128.04,13873.54,12097.58,73.83,63.32
6.59037,9,0.6282,0.008,0.008,5.195,6.132,0.9872,0.01009,270.80,51.43,0.55923852,0.7102329204,2.14,1.634312e-08,8.288982e-09,2.954053e-08,1.39767e-08,146.80,128.09,13869.98,12102.69,73.81,63.35
6.59063,9,0.6282,0.008,0.008,5.195,6.132,0.9872,0.01009,270.80,51.43,0.55923748,0.7102315995999999,2.14,1.635138e-08,8.285494e-09,2.951843e-08,1.398535e-08,146.52,128.42,13843.95,12134.16,73.66,63.54
6.59087,9,0.6282,0.008,0.008,5.195,6.132,0.9872,0.01009,270.80,51.43,0.55923652,0.7102303804000001,2.14,1.634745e-08,8.29349e-09,2.956753e-08,1.39875e-08,146.88,128.06,13877.83,12099.45,73.86,63.33
6.59112,9,0.6283,0.008,0.008,5.195,6.132,0.9872,0.01009,270.80,51.43,0.55923552,0.7102291104,2.14,1.635807e-08,8.292744e-09,2.958687e-08,1.399499e-08,146.68,128.05,13859.23,12098.65,73.75,63.33
6.59138,9,0.6283,0.008,0.008,5.195,6.132,0.9872,0.01009,270.80,51.43,0.55923448,0.7102277896,2.14,1.635123e-08,8.295364e-09,2.960165e-08,1.400094e-08,146.90,128.03,13879.89,12096.95,73.87,63.32
6.59162,9,0.6283,0.008,0.008,5.195,6.132,0.9872,0.01009,270.80,51.43,0.5592335199999999,0.7102265703999999,2.14,1.635767e-08,8.290803e-09,2.961202e-08,1.400237e-08,146.62,127.97,13853.34,12091.25,73.71,63.29
6.59187,9,0.6284,0.008,0.008,5.195,6.132,0.9872,0.01009,270.80,51.43,0.55923252,0.7102253004,2.14,1.635856e-08,8.286587e-09,2.964651e-08,1.401835e-08,146.48,127.98,13839.74,12092.64,73.63,63.29
6.59213,9,0.6284,0.008,0.008,5.195,6.132,0.9872,0.01009,270.80,51.43,0.55923148,0.7102239796,2.14,1.63768e-08,8.293363e-09,2.965974e-08,1.402136e-08,146.39,127.93,13831.42,12087.33,73.58,63.26
6.59237,9,0.6284,0.008,0.008,5.195,6.132,0.9872,0.01009,270.80,51.43,0.55923052,0.7102227604,2.14,1.63718e-08,8.287441e-09,2.966372e-08,1.403583e-08,146.27,128.15,13819.96,12107.93,73.52,63.38
6.59262,9,0.6285,0.008,0.008,5.195,6.132,0.9872,0.01009,270.80,51.43,0.5592295199999999,0.7102214903999999,2.14,1.636526e-08,8.295213e-09,2.970551e-08,1.404648e-08,146.69,128.01,13859.66,12094.94,73.75,63.31
6.59288,9,0.6285,0.008,0.008,5.195,6.132,0.9872,0.01009,270.80,51.43,0.5592284799999999,0.7102201695999999,2.14,1.637871e-08,8.290981e-09,2.972667e-08,1.404976e-08,146.29,127.89,13822.30,12083.97,73.53,63.24
6.59312,9,0.6285,0.008,0.008,5.195,6.132,0.9872,0.01009,270.80,51.43,0.55922752,0.7102189503999999,2.14,1.637669e-08,8.288135e-09,2.976355e-08,1.406783e-08,146.23,127.90,13816.15,12085.01,73.49,63.25
6.59337,9,0.6286,0.008,0.008,5.195,6.132,0.9872,0.01009,270.80,51.43,0.55922652,0.7102176804,2.14,1.638761e-08,8.289507e-09,2.977247e-08,1.408788e-08,146.10,128.20,13804.34,12112.75,73.42,63.41
6.59363,9,0.6286,0.008,0.008,5.195,6.132,0.9872,0.01009,270.80,51.43,0.5592254799999999,0.7102163596,2.14,1.639896e-08,8.28748e-09,2.983147e-08,1.410182e-08,145.82,127.96,13778.20,12090.00,73.27,63.28
6.59387,9,0.6286,0.008,0.008,5.195,6.132,0.9872,0.01009,270.80,51.43,0.55922452,0.7102151404,2.14,1.640572e-08,8.291313e-09,2.986639e-08,1.410908e-08,145.84,127.80,13779.60,12074.99,73.28,63.19
6.59413,9,0.6287,0.008,0.008,5.195,6.132,0.9872,0.01009,270.80,51.43,0.55922348,0.7102138196,2.14,1.640082e-08,8.282614e-09,2.986828e-08,1.412292e-08,145.64,128.04,13760.89,12097.93,73.17,63.32
6.59438,9,0.6287,0.008,0.008,5.195,6.132,0.9872,0.01009,270.80,51.43,0.55922248,0.7102125496,2.14,1.641487e-08,8.279514e-09,2.991116e-08,1.414276e-08,145.28,128.03,13726.75,12097.23,72.96,63.32
6.59462,9,0.6287,0.008,0.008,5.195,6.132,0.9872,0.01009,270.80,51.43,0.5592215199999999,0.7102113304,2.14,1.641838e-08,8.280015e-09,2.995696e-08,1.41693e-08,145.23,128.12,13722.50,12105.14,72.94,63.37
6.59488,9,0.6288,0.008,0.008,5.194,6.132,0.9872,0.01009,270.80,51.43,0.5592204799999999,0.7102100095999999,2.14,1.643055e-08,8.287847e-09,3.003871e-08,1.418809e-08,145.32,127.80,13730.35,12074.97,72.98,63.19
6.59513,9,0.6288,0.008,0.008,5.194,6.132,0.9872,0.01009,270.80,51.43,0.55921948,0.7102087396,2.14,1.643849e-08,8.282893e-09,3.00948e-08,1.420728e-08,145.00,127.67,13700.45,12063.22,72.81,63.12
6.59537,9,0.6288,0.008,0.008,5.194,6.132,0.9872,0.01009,270.80,51.43,0.5592185199999999,0.7102075203999999,2.14,1.645595e-08,8.283066e-09,3.012975e-08,1.423448e-08,144.70,127.86,13671.75,12080.42,72.64,63.22
6.59563,9,0.6289,0.008,0.008,5.194,6.132,0.9872,0.01009,270.80,51.43,0.5592174799999999,0.7102061996,2.14,1.645274e-08,8.283202e-09,3.01794e-08,1.425711e-08,144.78,127.86,13679.75,12081.01,72.68,63.22
6.59588,9,0.6289,0.008,0.008,5.194,6.132,0.9872,0.01009,270.80,51.43,0.5592164799999999,0.7102049295999999,2.14,1.644517e-08,8.286531e-09,3.022032e-08,1.428069e-08,145.03,127.93,13703.53,12087.83,72.83,63.26
6.59612,9,0.6289,0.008,0.008,5.194,6.132,0.9872,0.01009,270.80,51.43,0.55921552,0.7102037104,2.14,1.645289e-08,8.288439e-09,3.029544e-08,1.429208e-08,144.96,127.53,13696.93,12049.30,72.79,63.03
6.59638,9,0.6290,0.008,0.008,5.194,6.132,0.9872,0.01009,270.80,51.43,0.55921448,0.7102023895999999,2.14,1.646913e-08,8.284371e-09,3.034942e-08,1.431771e-08,144.56,127.55,13658.41,12051.48,72.56,63.05
6.59663,9,0.6290,0.008,0.008,5.194,6.132,0.9872,0.01009,270.80,51.43,0.5592134799999999,0.7102011195999999,2.14,1.646948e-08,8.283926e-09,3.042652e-08,1.435053e-08,144.53,127.49,13656.35,12045.83,72.55,63.01
6.59687,9,0.6290,0.008,0.008,5.194,6.132,0.9872,0.01009,270.80,51.43,0.55921252,0.7101999004,2.14,1.648071e-08,8.275274e-09,3.046592e-08,1.437602e-08,144.03,127.61,13609.03,12056.79,72.27,63.08
6.59713,9,0.6291,0.008,0.008,5.194,6.132,0.9872,0.01010,270.80,51.43,0.55921148,0.7101985796,2.14,1.648414e-08,8.283755e-09,3.05145e-08,1.440558e-08,144.29,127.74,13633.54,12069.24,72.41,63.15
6.59738,9,0.6291,0.008,0.008,5.194,6.132,0.9872,0.01010,270.80,51.43,0.55921048,0.7101973095999999,2.14,1.650054e-08,8.28055e-09,3.057603e-08,1.442371e-08,143.89,127.55,13595.76,12051.96,72.19,63.05
6.59762,9,0.6291,0.008,0.008,5.194,6.132,0.9872,0.01010,270.80,51.43,0.5592095199999999,0.7101960903999999,2.14,1.649879e-08,8.282167e-09,3.06609e-08,1.444467e-08,143.98,127.24,13603.99,12021.90,72.24,62.87
6.59788,9,0.6292,0.008,0.008,5.194,6.132,0.9872,0.01010,270.80,51.43,0.55920848,0.7101947696,2.14,1.650545e-08,8.279275e-09,3.069617e-08,1.447035e-08,143.79,127.41,13585.60,12038.07,72.13,62.97
6.59812,9,0.6292,0.008,0.008,5.194,6.132,0.9872,0.01010,270.80,51.43,0.55920752,0.7101935504,2.14,1.650823e-08,8.285252e-09,3.073654e-08,1.450389e-08,143.95,127.65,13600.70,12060.90,72.22,63.10
6.59837,9,0.6292,0.008,0.008,5.194,6.132,0.9872,0.01010,270.80,51.43,0.5592065199999999,0.7101922803999999,2.14,1.652238e-08,8.27644e-09,3.080388e-08,1.452095e-08,143.39,127.40,13548.40,12037.80,71.91,62.97
6.59863,9,0.6293,0.008,0.008,5.194,6.132,0.9872,0.01010,270.80,51.43,0.5592054799999999,0.7101909595999999,2.14,1.653753e-08,8.276642e-09,3.086232e-08,1.453329e-08,143.16,127.17,13526.36,12015.92,71.78,62.84
6.59887,9,0.6293,0.008,0.008,5.194,6.132,0.9872,0.01010,270.80,51.43,0.55920452,0.7101897403999999,2.14,1.653579e-08,8.278006e-09,3.087898e-08,1.456154e-08,143.24,127.51,13533.68,12047.83,71.82,63.02
6.59912,9,0.6293,0.008,0.008,5.194,6.132,0.9872,0.01010,270.80,51.43,0.55920352,0.7101884704,2.14,1.654328e-08,8.278969e-09,3.093564e-08,1.45678e-08,143.14,127.17,13524.56,12015.90,71.76,62.84
6.59938,9,0.6294,0.008,0.008,5.194,6.132,0.9872,0.01010,270.80,51.43,0.55920248,0.7101871496,2.14,1.655223e-08,8.271392e-09,3.100189e-08,1.460278e-08,142.75,127.26,13487.36,12023.69,71.54,62.88
6.59962,9,0.6294,0.008,0.008,5.194,6.132,0.9872,0.01010,270.80,51.43,0.55920152,0.7101859304,2.14,1.655987e-08,8.27467e-09,3.101629e-08,1.460344e-08,142.73,127.15,13485.60,12014.17,71.53,62.82
6.59987,9,0.6294,0.008,0.008,5.194,6.132,0.9872,0.01010,270.80,51.43,0.55920052,0.7101846604,2.14,1.656344e-08,8.278958e-09,3.107705e-08,1.462755e-08,142.81,127.08,13493.76,12007.19,71.58,62.78
6.60013,9,0.6295,0.008,0.008,5.193,6.132,0.9872,0.01010,270.80,51.43,0.55919948,0.7101833396,2.14,1.657501e-08,8.273881e-09,3.109556e-08,1.462389e-08,142.46,126.90,13460.58,11989.94,71.39,62.68
6.60037,9,0.6295,0.008,0.008,5.193,6.132,0.9872,0.01010,270.80,51.43,0.5591985199999999,0.7101821204,2.14,1.658394e-08,8.274273e-09,3.112443e-08,1.465544e-08,142.32,127.19,13447.38,12017.76,71.31,62.85
6.60062,9,0.6295,0.008,0.008,5.193,6.132,0.9872,0.01010,270.80,51.43,0.55919752,0.7101808504,2.14,1.658545e-08,8.269354e-09,3.112065e-08,1.462938e-08,142.13,126.79,13429.00,11980.18,71.20,62.62
6.60088,9,0.6296,0.008,0.008,5.193,6.132,0.9872,0.01010,270.80,51.43,0.55919648,0.7101795296,2.14,1.658456e-08,8.27402e-09,3.115262e-08,1.465652e-08,142.33,127.01,13447.70,12000.80,71.31,62.75
6.60112,9,0.6296,0.008,0.008,5.193,6.132,0.9872,0.01010,270.80,51.43,0.55919552,0.7101783103999999,2.14,1.658573e-08,8.270222e-09,3.117457e-08,1.465085e-08,142.18,126.75,13433.49,11976.10,71.22,62.60
6.60137,9,0.6296,0.008,0.008,5.193,6.132,0.9872,0.01010,270.80,51.43,0.5591945199999999,0.7101770404,2.14,1.659309e-08,8.269817e-09,3.116717e-08,1.465753e-08,142.04,126.92,13420.30,11991.78,71.15,62.69
6.60163,9,0.6297,0.008,0.008,5.193,6.132,0.9872,0.01010,270.80,51.43,0.5591934799999999,0.7101757195999999,2.14,1.660259e-08,8.269965e-09,3.119665e-08,1.464869e-08,141.90,126.57,13407.61,11958.70,71.07,62.50
6.60187,9,0.6297,0.008,0.008,5.193,6.132,0.9872,0.01010,270.80,51.43,0.55919252,0.7101745004,2.14,1.659531e-08,8.261716e-09,3.117035e-08,1.466949e-08,141.74,127.11,13392.68,12009.86,70.98,62.80
6.60213,9,0.6297,0.008,0.008,5.193,6.132,0.9872,0.01010,270.80,51.43,0.55919148,0.7101731795999999,2.14,1.659803e-08,8.266118e-09,3.118289e-08,1.465152e-08,141.85,126.72,13402.52,11973.01,71.04,62.58
6.60238,9,0.6298,0.008,0.008,5.193,6.132,0.9872,0.01010,270.80,51.43,0.5591904799999999,0.7101719095999999,2.14,1.660156e-08,8.258564e-09,3.119946e-08,1.464861e-08,141.55,126.56,13374.61,11958.44,70.87,62.49
6.60262,9,0.6298,0.008,0.008,5.193,6.132,0.9872,0.01010,270.80,51.43,0.55918952,0.7101706904,2.14,1.660311e-08,8.265367e-09,3.114517e-08,1.464697e-08,141.76,126.95,13394.06,11995.26,70.99,62.71
6.60288,9,0.6298,0.008,0.008,5.193,6.132,0.9872,0.01010,270.80,51.43,0.55918848,0.7101693696,2.14,1.660448e-08,8.260236e-09,3.114643e-08,1.463262e-08,141.56,126.71,13375.31,11972.18,70.88,62.57
6.60313,9,0.6299,0.008,0.008,5.193,6.132,0.9872,0.01010,270.80,51.43,0.55918748,0.7101680995999999,2.14,1.660505e-08,8.258491e-09,3.113885e-08,1.463239e-08,141.51,126.78,13370.90,11979.23,70.85,62.62
6.60337,9,0.6299,0.008,0.008,5.193,6.132,0.9872,0.01010,270.80,51.43,0.5591865199999999,0.7101668803999999,2.14,1.659937e-08,8.246731e-09,3.112071e-08,1.460994e-08,141.21,126.56,13342.14,11957.73,70.68,62.49
6.60363,9,0.6299,0.008,0.008,5.193,6.132,0.9872,0.01010,270.80,51.43,0.55918548,0.7101655596,2.14,1.660611e-08,8.2506e-09,3.110976e-08,1.459784e-08,141.23,126.44,13343.82,11946.99,70.69,62.43
6.60388,9,0.6299,0.008,0.008,5.193,6.132,0.9872,0.01010,270.80,51.43,0.55918448,0.7101642896,2.14,1.660159e-08,8.25005e-09,3.1072e-08,1.458519e-08,141.28,126.53,13349.27,11954.82,70.72,62.47
6.60412,9,0.6300,0.008,0.008,5.193,6.132,0.9872,0.01010,270.80,51.43,0.5591835199999999,0.7101630703999999,2.14,1.66038e-08,8.242369e-09,3.105956e-08,1.45778e-08,141.01,126.52,13323.18,11954.32,70.57,62.47
6.60438,9,0.6300,0.008,0.008,5.193,6.132,0.9872,0.01010,270.80,51.43,0.5591824799999999,0.7101617495999999,2.14,1.659813e-08,8.240726e-09,3.103484e-08,1.455588e-08,141.05,126.35,13326.94,11938.37,70.59,62.37
6.60463,9,0.6300,0.008,0.008,5.193,6.132,0.9872,0.01010,270.80,51.43,0.55918148,0.7101604796000001,2.14,1.658562e-08,8.232203e-09,3.1006e-08,1.453817e-08,140.97,126.28,13319.51,11931.90,70.55,62.34
6.60487,9,0.6301,0.008,0.008,5.193,6.132,0.9872,0.01010,270.80,51.43,0.55918052,0.7101592604,2.14,1.659146e-08,8.233315e-09,3.097626e-08,1.452258e-08,140.93,126.28,13315.89,11931.25,70.53,62.33
6.60513,9,0.6301,0.008,0.008,5.193,6.132,0.9872,0.01010,270.80,51.43,0.55917948,0.7101579396,2.14,1.658408e-08,8.237602e-09,3.09481e-08,1.450998e-08,141.20,126.29,13341.45,11932.19,70.68,62.34
6.60538,9,0.6301,0.008,0.008,5.193,6.132,0.9872,0.01010,270.80,51.43,0.5591784799999999,0.7101566695999999,2.14,1.657071e-08,8.230113e-09,3.091651e-08,1.449561e-08,141.17,126.29,13338.71,11932.87,70.66,62.34
6.60562,9,0.6302,0.008,0.008,5.192,6.132,0.9872,0.01010,270.80,51.43,0.55917752,0.7101554503999999,2.14,1.656542e-08,8.225876e-09,3.091353e-08,1.448195e-08,141.14,126.11,13335.65,11915.77,70.64,62.24
6.60588,9,0.6302,0.008,0.008,5.192,6.132,0.9872,0.01010,270.80,51.43,0.55917648,0.7101541296,2.14,1.655647e-08,8.22321e-09,3.090862e-08,1.446174e-08,141.20,125.82,13341.38,11888.07,70.68,62.08
6.60612,9,0.6302,0.008,0.008,5.192,6.132,0.9872,0.01010,270.80,51.43,0.5591755199999999,0.7101529104,2.14,1.655401e-08,8.21526e-09,3.084033e-08,1.445199e-08,140.97,126.18,13319.71,11922.49,70.55,62.28
6.60637,9,0.6303,0.008,0.008,5.192,6.132,0.9872,0.01010,270.80,51.43,0.55917452,0.7101516404,2.14,1.656188e-08,8.215016e-09,3.082308e-08,1.444168e-08,140.85,126.17,13308.47,11920.92,70.48,62.27
6.60663,9,0.6303,0.008,0.008,5.192,6.132,0.9872,0.01010,270.80,51.43,0.55917348,0.7101503196,2.14,1.653836e-08,8.20519e-09,3.082552e-08,1.442735e-08,140.92,125.91,13314.40,11896.91,70.52,62.13
6.60687,9,0.6303,0.008,0.008,5.192,6.132,0.9872,0.01010,270.80,51.43,0.55917252,0.7101491003999999,2.14,1.654229e-08,8.19987e-09,3.077225e-08,1.441582e-08,140.67,126.13,13291.01,11917.74,70.38,62.25
6.60712,9,0.6304,0.008,0.008,5.192,6.132,0.9872,0.01010,270.80,51.43,0.5591715199999999,0.7101478304,2.14,1.651914e-08,8.19024e-09,3.079285e-08,1.440878e-08,140.75,125.88,13299.06,11893.71,70.43,62.11
6.60738,9,0.6304,0.008,0.008,5.192,6.132,0.9872,0.01010,270.80,51.43,0.5591704799999999,0.7101465095999999,2.14,1.651232e-08,8.194419e-09,3.07786e-08,1.439899e-08,141.01,125.83,13323.44,11888.87,70.57,62.08
6.60762,9,0.6304,0.008,0.008,5.192,6.132,0.9872,0.01010,270.80,51.43,0.55916952,0.7101452904,2.14,1.650831e-08,8.194124e-09,3.074541e-08,1.438203e-08,141.07,125.80,13328.92,11886.64,70.60,62.07
6.60787,9,0.6305,0.008,0.008,5.192,6.132,0.9872,0.01010,270.80,51.43,0.55916852,0.7101440203999999,2.14,1.650184e-08,8.187041e-09,3.075399e-08,1.436946e-08,140.96,125.55,13318.53,11862.81,70.54,61.92
6.60813,9,0.6305,0.008,0.008,5.192,6.132,0.9872,0.01010,270.80,51.43,0.5591674799999999,0.7101426996,2.14,1.648373e-08,8.176367e-09,3.074485e-08,1.43814e-08,140.90,125.82,13313.07,11887.96,70.51,62.07
6.60837,9,0.6305,0.008,0.008,5.192,6.132,0.9872,0.01010,270.80,51.43,0.55916652,0.7101414804,2.14,1.648877e-08,8.176198e-09,3.076138e-08,1.437117e-08,140.81,125.52,13304.45,11860.11,70.46,61.91
6.60862,9,0.6306,0.008,0.008,5.192,6.132,0.9872,0.01010,270.80,51.43,0.55916552,0.7101402104,2.14,1.646533e-08,8.168086e-09,3.076363e-08,1.438254e-08,140.95,125.71,13317.92,11877.98,70.54,62.01
6.60888,9,0.6306,0.008,0.008,5.192,6.132,0.9872,0.01010,270.80,51.43,0.55916448,0.7101388895999999,2.14,1.646271e-08,8.166078e-09,3.07672e-08,1.436602e-08,140.93,125.41,13315.62,11849.80,70.52,61.85
6.60912,9,0.6306,0.008,0.008,5.192,6.132,0.9872,0.01010,270.80,51.43,0.5591635199999999,0.7101376703999999,2.14,1.646283e-08,8.16251e-09,3.077442e-08,1.437225e-08,140.80,125.46,13303.89,11854.23,70.45,61.87
6.60938,9,0.6307,0.008,0.008,5.192,6.132,0.9872,0.01010,270.80,51.43,0.5591624799999999,0.7101363495999999,2.14,1.644698e-08,8.159867e-09,3.077174e-08,1.438055e-08,141.01,125.64,13322.89,11870.90,70.56,61.97
6.60963,9,0.6307,0.008,0.008,5.192,6.132,0.9872,0.01010,270.80,51.43,0.55916148,0.7101350796,2.14,1.644357e-08,8.147383e-09,3.079037e-08,1.436809e-08,140.64,125.29,13287.96,11838.16,70.36,61.78
6.60987,9,0.6307,0.008,0.008,5.192,6.132,0.9872,0.01010,270.80,51.43,0.5591605199999999,0.7101338603999999,2.14,1.643979e-08,8.147138e-09,3.081875e-08,1.438173e-08,140.69,125.30,13293.22,11838.77,70.39,61.78
6.61013,9,0.6308,0.008,0.008,5.192,6.132,0.9872,0.01010,270.80,51.43,0.5591594799999999,0.7101325395999999,2.14,1.643833e-08,8.138263e-09,3.081751e-08,1.439413e-08,140.43,125.53,13268.98,11860.70,70.25,61.91
6.61038,9,0.6308,0.008,0.008,5.192,6.132,0.9872,0.01010,270.80,51.43,0.55915848,0.7101312696000001,2.14,1.642023e-08,8.133999e-09,3.085437e-08,1.440188e-08,140.60,125.38,13284.18,11846.09,70.34,61.82
6.61062,9,0.6308,0.008,0.008,5.192,6.132,0.9872,0.01010,270.80,51.43,0.55915752,0.7101300504,2.14,1.641128e-08,8.136235e-09,3.089101e-08,1.43885e-08,140.82,124.88,13305.79,11799.21,70.46,61.55
6.61088,9,0.6309,0.008,0.008,5.191,6.132,0.9872,0.01010,270.80,51.43,0.55915648,0.7101287296,2.14,1.640217e-08,8.130869e-09,3.090832e-08,1.441244e-08,140.82,125.16,13305.14,11825.47,70.46,61.70
6.61113,9,0.6309,0.008,0.008,5.191,6.132,0.9872,0.01010,270.80,51.43,0.5591554799999999,0.7101274595999999,2.14,1.640377e-08,8.12505e-09,3.096848e-08,1.441834e-08,140.59,124.80,13283.71,11791.52,70.33,61.50
6.61137,9,0.6309,0.008,0.008,5.191,6.132,0.9872,0.01010,270.80,51.43,0.55915452,0.7101262403999999,2.14,1.640547e-08,8.125358e-09,3.097865e-08,1.442107e-08,140.57,124.77,13281.98,11788.46,70.32,61.48
6.61163,9,0.6310,0.008,0.008,5.191,6.132,0.9872,0.01010,270.80,51.43,0.55915348,0.7101249196,2.14,1.640265e-08,8.120755e-09,3.101338e-08,1.443573e-08,140.48,124.76,13273.70,11788.02,70.27,61.48
6.61188,9,0.6310,0.008,0.008,5.191,6.132,0.9872,0.01010,270.80,51.43,0.55915248,0.7101236496,2.14,1.640537e-08,8.111973e-09,3.104664e-08,1.445059e-08,140.14,124.75,13240.95,11787.08,70.08,61.47
6.61212,9,0.6310,0.008,0.008,5.191,6.132,0.9872,0.01010,270.80,51.43,0.5591515199999999,0.7101224303999999,2.14,1.640635e-08,8.113346e-09,3.107708e-08,1.445457e-08,140.17,124.59,13243.82,11771.55,70.10,61.38
6.61238,9,0.6311,0.008,0.008,5.191,6.132,0.9872,0.01010,270.80,51.43,0.55915048,0.7101211096,2.14,1.641573e-08,8.105141e-09,3.110672e-08,1.445856e-08,139.75,124.45,13204.53,11758.52,69.86,61.31
6.61263,9,0.6311,0.008,0.008,5.191,6.132,0.9872,0.01010,270.80,51.43,0.55914948,0.7101198396,2.14,1.641362e-08,8.105306e-09,3.112644e-08,1.446885e-08,139.79,124.47,13208.41,11760.23,69.89,61.32
6.61287,9,0.6311,0.008,0.008,5.191,6.132,0.9872,0.01010,270.80,51.43,0.5591485199999999,0.7101186204,2.14,1.641235e-08,8.103133e-09,3.119192e-08,1.448648e-08,139.74,124.26,13203.43,11740.83,69.86,61.20
6.61313,9,0.6312,0.008,0.008,5.191,6.132,0.9872,0.01010,270.81,51.43,0.5591474799999999,0.7101172995999999,2.14,1.642092e-08,8.097811e-09,3.120486e-08,1.449784e-08,139.44,124.37,13174.83,11750.79,69.69,61.26
6.61337,9,0.6312,0.008,0.008,5.191,6.132,0.9872,0.01010,270.81,51.43,0.55914652,0.7101160804,2.14,1.641959e-08,8.101006e-09,3.122757e-08,1.451308e-08,139.57,124.44,13187.19,11757.89,69.76,61.30
6.61362,9,0.6312,0.008,0.008,5.191,6.132,0.9872,0.01010,270.81,51.43,0.55914552,0.7101148103999999,2.14,1.643706e-08,8.097865e-09,3.127651e-08,1.450882e-08,139.17,124.01,13149.50,11717.14,69.54,61.06
6.61388,9,0.6313,0.008,0.008,5.191,6.132,0.9872,0.01010,270.81,51.43,0.5591444799999999,0.7101134896,2.14,1.643734e-08,8.102735e-09,3.1279e-08,1.451217e-08,139.35,124.07,13166.74,11722.31,69.64,61.09
6.61412,9,0.6313,0.008,0.008,5.191,6.132,0.9872,0.01010,270.81,51.43,0.55914352,0.7101122704,2.14,1.644269e-08,8.101397e-09,3.132791e-08,1.45271e-08,139.22,123.94,13154.01,11710.63,69.56,61.02
6.61437,9,0.6313,0.008,0.008,5.191,6.132,0.9872,0.01010,270.81,51.43,0.55914252,0.7101110004,2.14,1.64585e-08,8.104225e-09,3.133205e-08,1.452752e-08,139.05,123.92,13138.15,11708.38,69.47,61.01
6.61463,9,0.6314,0.008,0.008,5.191,6.132,0.9872,0.01010,270.81,51.43,0.55914148,0.7101096795999999,2.14,1.646648e-08,8.099815e-09,3.135852e-08,1.451839e-08,138.79,123.60,13113.64,11678.13,69.32,60.83
6.61487,9,0.6314,0.008,0.008,5.191,6.132,0.9872,0.01010,270.81,51.43,0.5591405199999999,0.7101084603999999,2.14,1.648676e-08,8.1026e-09,3.137034e-08,1.453044e-08,138.55,123.70,13090.77,11687.99,69.19,60.89
6.61512,9,0.6314,0.008,0.008,5.191,6.132,0.9872,0.01010,270.81,51.43,0.55913952,0.7101071904,2.14,1.64805e-08,8.096371e-09,3.138123e-08,1.452108e-08,138.44,123.47,13080.76,11666.43,69.13,60.76
6.61538,9,0.6315,0.008,0.008,5.191,6.132,0.9872,0.01010,270.81,51.43,0.55913848,0.7101058696,2.14,1.650407e-08,8.110801e-09,3.138201e-08,1.452492e-08,138.56,123.55,13091.87,11673.48,69.19,60.80
6.61562,9,0.6315,0.008,0.008,5.191,6.132,0.9872,0.01010,270.81,51.43,0.5591375199999999,0.7101046503999999,2.14,1.652022e-08,8.103827e-09,3.137941e-08,1.451338e-08,138.06,123.38,13044.68,11658.02,68.91,60.71
6.61587,9,0.6315,0.008,0.008,5.191,6.132,0.9872,0.01010,270.81,51.43,0.5591365199999999,0.7101033803999999,2.14,1.653603e-08,8.110643e-09,3.139214e-08,1.450367e-08,138.03,123.14,13041.71,11634.74,68.90,60.57
6.61613,9,0.6316,0.008,0.008,5.190,6.132,0.9872,0.01010,270.81,51.43,0.5591354799999999,0.7101020596,2.14,1.655931e-08,8.114777e-09,3.13686e-08,1.449472e-08,137.81,123.19,13020.84,11639.46,68.77,60.60
6.61637,9,0.6316,0.008,0.008,5.190,6.132,0.9872,0.01010,270.81,51.43,0.55913452,0.7101008404,2.14,1.657203e-08,8.116403e-09,3.138854e-08,1.448946e-08,137.66,122.96,13006.36,11617.89,68.69,60.47
6.61662,9,0.6316,0.008,0.008,5.190,6.132,0.9872,0.01010,270.81,51.43,0.5591335199999999,0.7100995703999999,2.14,1.658913e-08,8.125927e-09,3.135882e-08,1.447952e-08,137.69,123.02,13009.97,11623.52,68.71,60.50
6.61688,9,0.6317,0.008,0.008,5.190,6.132,0.9872,0.01010,270.81,51.43,0.5591324799999999,0.7100982495999999,2.14,1.66124e-08,8.115252e-09,3.136339e-08,1.446405e-08,136.98,122.76,12943.02,11599.17,68.31,60.36
6.61712,9,0.6317,0.008,0.008,5.190,6.132,0.9872,0.01010,270.81,51.43,0.55913152,0.7100970304,2.14,1.663337e-08,8.124942e-09,3.134042e-08,1.445272e-08,136.97,122.75,12941.29,11598.07,68.30,60.35
6.61738,9,0.6317,0.008,0.008,5.190,6.132,0.9872,0.01010,270.81,51.43,0.55913048,0.7100957096,2.14,1.665429e-08,8.131687e-09,3.132579e-08,1.443401e-08,136.85,122.56,12930.49,11580.26,68.24,60.25
6.61763,9,0.6318,0.008,0.008,5.190,6.132,0.9872,0.01010,270.81,51.43,0.55912948,0.7100944396,2.14,1.667207e-08,8.134403e-09,3.131812e-08,1.441391e-08,136.68,122.32,12914.03,11557.46,68.14,60.11
6.61787,9,0.6318,0.008,0.008,5.190,6.132,0.9872,0.01010,270.81,51.43,0.55912852,0.7100932204,2.14,1.671115e-08,8.136101e-09,3.128619e-08,1.439952e-08,136.11,122.33,12860.42,11557.91,67.82,60.12
6.61813,9,0.6318,0.008,0.008,5.190,6.132,0.9872,0.01010,270.81,51.43,0.55912748,0.7100918996000001,2.14,1.672211e-08,8.149884e-09,3.125129e-08,1.437501e-08,136.39,122.19,12886.45,11545.34,67.98,60.04
6.61838,9,0.6319,0.008,0.008,5.190,6.132,0.9872,0.01010,270.81,51.43,0.55912648,0.7100906296,2.14,1.675461e-08,8.148207e-09,3.121968e-08,1.43475e-08,135.84,122.01,12834.67,11527.87,67.67,59.94
6.61862,9,0.6319,0.008,0.008,5.190,6.132,0.9872,0.01010,270.81,51.43,0.5591255199999999,0.7100894104,2.14,1.677323e-08,8.157096e-09,3.116559e-08,1.433299e-08,135.83,122.17,12834.16,11543.30,67.67,60.03
6.61888,9,0.6319,0.008,0.008,5.190,6.132,0.9872,0.01010,270.81,51.43,0.5591244799999999,0.7100880895999999,2.14,1.680379e-08,8.160899e-09,3.116296e-08,1.431089e-08,135.48,121.84,12800.39,11512.18,67.47,59.84
6.61913,9,0.6320,0.008,0.008,5.190,6.132,0.9872,0.01010,270.81,51.43,0.55912348,0.7100868196,2.14,1.682071e-08,8.168537e-09,3.11248e-08,1.428678e-08,135.48,121.76,12800.65,11504.20,67.47,59.80
6.61937,9,0.6320,0.008,0.008,5.190,6.132,0.9872,0.01010,270.81,51.43,0.55912252,0.7100856003999999,2.14,1.685466e-08,8.171701e-09,3.109723e-08,1.42611e-08,135.05,121.55,12760.20,11484.81,67.23,59.68
6.61963,9,0.6320,0.008,0.008,5.190,6.132,0.9872,0.01010,270.81,51.43,0.55912148,0.7100842796,2.14,1.687611e-08,8.187981e-09,3.104553e-08,1.423058e-08,135.24,121.44,12778.02,11474.66,67.33,59.62
6.61988,9,0.6321,0.008,0.008,5.190,6.132,0.9872,0.01010,270.81,51.43,0.5591204799999999,0.7100830095999999,2.14,1.690646e-08,8.18885e-09,3.102623e-08,1.420673e-08,134.82,121.23,12738.17,11454.15,67.10,59.50
6.62012,9,0.6321,0.008,0.008,5.190,6.132,0.9872,0.01010,270.81,51.43,0.55911952,0.7100817904,2.14,1.693094e-08,8.196674e-09,3.096988e-08,1.420188e-08,134.69,121.56,12726.03,11485.40,67.03,59.69
6.62038,9,0.6321,0.008,0.008,5.190,6.132,0.9872,0.01010,270.81,51.43,0.55911848,0.7100804695999999,2.14,1.69505e-08,8.205159e-09,3.094418e-08,1.41693e-08,134.66,121.23,12723.07,11454.35,67.01,59.50
6.62063,9,0.6322,0.008,0.008,5.190,6.132,0.9872,0.01010,270.81,51.43,0.55911748,0.7100791996,2.14,1.698134e-08,8.210549e-09,3.090468e-08,1.414674e-08,134.38,121.18,12696.49,11449.49,66.85,59.47
6.62087,9,0.6322,0.008,0.008,5.190,6.132,0.9872,0.01010,270.81,51.43,0.55911652,0.7100779804,2.14,1.701517e-08,8.219087e-09,3.089211e-08,1.412141e-08,134.13,120.87,12673.15,11420.29,66.71,59.30
6.62113,9,0.6322,0.008,0.008,5.190,6.132,0.9872,0.01010,270.81,51.43,0.55911548,0.7100766596,2.14,1.704535e-08,8.234261e-09,3.085572e-08,1.409825e-08,134.15,120.77,12674.92,11410.56,66.72,59.24
6.62137,9,0.6323,0.008,0.008,5.189,6.132,0.9872,0.01010,270.81,51.43,0.55911452,0.7100754403999999,2.14,1.708159e-08,8.235786e-09,3.082618e-08,1.40743e-08,133.67,120.62,12629.52,11396.78,66.46,59.16
6.62162,9,0.6323,0.008,0.008,5.189,6.132,0.9872,0.01010,270.81,51.43,0.5591135199999999,0.7100741703999999,2.14,1.70962e-08,8.24911e-09,3.078085e-08,1.405122e-08,133.86,120.58,12648.11,11393.23,66.57,59.14
6.62188,9,0.6323,0.008,0.008,5.189,6.132,0.9872,0.01010,270.81,51.43,0.5591124799999999,0.7100728496,2.14,1.713671e-08,8.259959e-09,3.07676e-08,1.404242e-08,133.59,120.54,12622.43,11389.12,66.41,59.11
6.62212,9,0.6324,0.008,0.008,5.189,6.132,0.9872,0.01010,270.81,51.43,0.55911152,0.7100716304,2.14,1.715727e-08,8.268915e-09,3.076476e-08,1.403069e-08,133.58,120.39,12621.61,11375.36,66.41,59.03
6.62237,9,0.6324,0.008,0.008,5.189,6.132,0.9872,0.01010,270.81,51.43,0.5591105199999999,0.7100703603999999,2.14,1.718851e-08,8.279237e-09,3.075775e-08,1.402054e-08,133.44,120.28,12607.70,11365.00,66.33,58.97
6.62263,9,0.6324,0.008,0.008,5.189,6.132,0.9872,0.01010,270.81,51.43,0.5591094799999999,0.7100690395999999,2.14,1.723426e-08,8.281953e-09,3.073178e-08,1.400296e-08,132.84,120.19,12551.21,11356.44,65.99,58.92
6.62287,9,0.6325,0.008,0.008,5.189,6.132,0.9872,0.01010,270.81,51.43,0.55910852,0.7100678204,2.14,1.72651e-08,8.295419e-09,3.069902e-08,1.399122e-08,132.82,120.26,12549.25,11362.99,65.98,58.96
6.62312,9,0.6325,0.008,0.008,5.189,6.132,0.9872,0.01010,270.81,51.43,0.55910752,0.7100665504,2.14,1.728481e-08,8.303505e-09,3.0685e-08,1.398023e-08,132.77,120.19,12545.22,11356.13,65.96,58.92
6.62338,9,0.6325,0.008,0.008,5.189,6.132,0.9872,0.01010,270.81,51.43,0.55910648,0.7100652296,2.14,1.73324e-08,8.317405e-09,3.06954e-08,1.395838e-08,132.50,119.77,12519.26,11316.53,65.80,58.68
6.62362,9,0.6326,0.008,0.008,5.189,6.132,0.9872,0.01010,270.81,51.43,0.5591055199999999,0.7100640103999999,2.14,1.735911e-08,8.331377e-09,3.067116e-08,1.396005e-08,132.56,119.99,12524.58,11337.22,65.83,58.81
6.62387,9,0.6326,0.008,0.008,5.189,6.132,0.9872,0.01010,270.81,51.43,0.55910452,0.7100627404,2.14,1.739086e-08,8.341568e-09,3.067287e-08,1.395921e-08,132.40,119.96,12510.02,11334.81,65.75,58.79
6.62413,9,0.6326,0.008,0.008,5.189,6.132,0.9872,0.01010,270.81,51.43,0.55910348,0.7100614196,2.14,1.742876e-08,8.355722e-09,3.068671e-08,1.394641e-08,132.28,119.66,12498.45,11306.40,65.68,58.62
6.62437,9,0.6327,0.008,0.008,5.189,6.132,0.9872,0.01010,270.81,51.43,0.5591025199999999,0.7100602004,2.14,1.747247e-08,8.37236e-09,3.067047e-08,1.395494e-08,132.17,119.93,12488.06,11331.87,65.62,58.77
6.62462,9,0.6327,0.008,0.008,5.189,6.132,0.9872,0.01010,270.81,51.43,0.5591015199999999,0.7100589303999999,2.14,1.749689e-08,8.385203e-09,3.069757e-08,1.395068e-08,132.20,119.67,12491.32,11307.20,65.64,58.63
6.62488,9,0.6327,0.008,0.008,5.189,6.132,0.9872,0.01010,270.81,51.43,0.55910048,0.7100576096,2.14,1.75367e-08,8.395699e-09,3.073052e-08,1.394691e-08,131.95,119.38,12466.85,11279.41,65.49,58.46
6.62512,9,0.6328,0.008,0.008,5.189,6.132,0.9872,0.01010,270.81,51.43,0.55909952,0.7100563904,2.14,1.757241e-08,8.407274e-09,3.074756e-08,1.395621e-08,131.80,119.42,12453.13,11283.51,65.41,58.49
6.62538,9,0.6328,0.008,0.008,5.189,6.132,0.9872,0.01010,270.81,51.43,0.55909848,0.7100550696,2.14,1.760798e-08,8.424456e-09,3.075631e-08,1.395747e-08,131.81,119.38,12453.60,11279.50,65.41,58.46
6.62563,9,0.6328,0.008,0.008,5.189,6.132,0.9872,0.01010,270.81,51.43,0.5590974799999999,0.7100537995999999,2.14,1.763882e-08,8.442613e-09,3.079706e-08,1.396761e-08,131.91,119.25,12463.23,11267.16,65.47,58.39
6.62587,9,0.6329,0.008,0.008,5.189,6.132,0.9872,0.01010,270.81,51.43,0.55909652,0.7100525804,2.14,1.769299e-08,8.452812e-09,3.07905e-08,1.39753e-08,131.46,119.43,12420.86,11284.70,65.22,58.50
6.62613,9,0.6329,0.008,0.008,5.189,6.132,0.9872,0.01010,270.81,51.43,0.55909548,0.7100512595999999,2.14,1.772229e-08,8.473613e-09,3.083636e-08,1.397595e-08,131.66,119.12,12439.99,11254.97,65.33,58.32
6.62638,9,0.6329,0.008,0.008,5.189,6.132,0.9872,0.01010,270.81,51.43,0.55909448,0.7100499896,2.14,1.777521e-08,8.493929e-09,3.086818e-08,1.398475e-08,131.51,119.03,12426.01,11246.70,65.25,58.27
6.62662,9,0.6330,0.008,0.008,5.188,6.132,0.9872,0.01010,270.81,51.43,0.55909352,0.7100487704,2.14,1.781446e-08,8.503813e-09,3.089755e-08,1.400051e-08,131.27,119.09,12403.19,11252.08,65.11,58.30
6.62688,9,0.6330,0.008,0.008,5.188,6.132,0.9872,0.01010,270.81,51.43,0.55909248,0.7100474496,2.14,1.786555e-08,8.529034e-09,3.093558e-08,1.40008e-08,131.30,118.83,12405.51,11227.24,65.13,58.15
6.62713,9,0.6330,0.008,0.008,5.188,6.132,0.9872,0.01010,270.81,51.43,0.55909148,0.7100461795999999,2.14,1.789949e-08,8.547285e-09,3.097756e-08,1.402543e-08,131.36,118.91,12411.20,11235.48,65.16,58.20
6.62737,9,0.6331,0.008,0.008,5.188,6.132,0.9872,0.01010,270.81,51.43,0.5590905199999999,0.7100449603999999,2.14,1.794131e-08,8.562337e-09,3.100106e-08,1.403798e-08,131.23,118.96,12399.53,11240.05,65.09,58.23
6.62763,9,0.6331,0.008,0.008,5.188,6.132,0.9872,0.01010,270.81,51.43,0.5590894799999999,0.7100436395999999,2.14,1.79912e-08,8.584499e-09,3.104516e-08,1.404782e-08,131.18,118.80,12394.98,11225.25,65.06,58.14
6.62788,9,0.6331,0.008,0.008,5.188,6.132,0.9872,0.01010,270.81,51.43,0.55908848,0.7100423696,2.14,1.803304e-08,8.600919e-09,3.10925e-08,1.406434e-08,131.08,118.73,12385.22,11218.11,65.01,58.10
6.62812,9,0.6332,0.008,0.008,5.188,6.132,0.9872,0.01010,270.81,51.43,0.55908752,0.7100411503999999,2.14,1.807452e-08,8.623526e-09,3.112897e-08,1.408072e-08,131.18,118.75,12394.93,11219.71,65.06,58.11
6.62838,9,0.6332,0.008,0.008,5.188,6.132,0.9872,0.01010,270.81,51.43,0.5590864799999999,0.7100398295999999,2.14,1.81216e-08,8.642495e-09,3.117946e-08,1.408831e-08,131.08,118.51,12385.36,11197.59,65.01,57.98
6.62863,9,0.6332,0.008,0.008,5.188,6.132,0.9872,0.01010,270.81,51.43,0.5590854799999999,0.7100385596,2.14,1.817547e-08,8.665469e-09,3.119808e-08,1.409042e-08,131.00,118.42,12377.94,11188.45,64.96,57.92
6.62887,9,0.6333,0.008,0.008,5.188,6.132,0.9872,0.01010,270.81,51.43,0.55908452,0.7100373404,2.14,1.822324e-08,8.682919e-09,3.124189e-08,1.411336e-08,130.87,118.48,12365.40,11194.78,64.89,57.96
6.62913,9,0.6333,0.008,0.008,5.188,6.132,0.9872,0.01010,270.81,51.43,0.55908348,0.7100360196,2.14,1.82735e-08,8.701072e-09,3.125884e-08,1.412386e-08,130.71,118.53,12349.69,11198.89,64.80,57.99
6.62937,9,0.6333,0.008,0.008,5.188,6.132,0.9872,0.01010,270.81,51.43,0.5590825199999999,0.7100348003999999,2.14,1.83204e-08,8.726547e-09,3.130147e-08,1.413939e-08,130.80,118.47,12358.19,11193.50,64.85,57.95
6.62962,9,0.6334,0.008,0.008,5.188,6.132,0.9872,0.01010,270.81,51.43,0.55908152,0.7100335304000001,2.14,1.837931e-08,8.750956e-09,3.13325e-08,1.413153e-08,130.71,118.15,12350.30,11163.75,64.80,57.78
6.62988,9,0.6334,0.008,0.008,5.188,6.132,0.9872,0.01010,270.81,51.43,0.55908048,0.7100322096,2.14,1.842418e-08,8.769669e-09,3.136129e-08,1.415368e-08,130.64,118.29,12343.17,11176.94,64.76,57.86
6.63012,9,0.6334,0.008,0.008,5.188,6.132,0.9872,0.01010,270.81,51.43,0.5590795199999999,0.7100309904,2.14,1.846167e-08,8.800027e-09,3.137291e-08,1.415903e-08,130.99,118.29,12376.76,11177.09,64.95,57.86
6.63037,9,0.6335,0.008,0.008,5.188,6.132,0.9872,0.01010,270.81,51.43,0.5590785199999999,0.7100297203999999,2.14,1.852104e-08,8.820694e-09,3.141747e-08,1.416877e-08,130.80,118.16,12358.28,11163.96,64.85,57.78
6.63063,9,0.6335,0.008,0.008,5.188,6.132,0.9872,0.01010,270.81,51.43,0.55907748,0.7100283996000001,2.14,1.858953e-08,8.850507e-09,3.144248e-08,1.418772e-08,130.72,118.27,12350.80,11174.96,64.80,57.84
6.63087,9,0.6335,0.008,0.008,5.188,6.132,0.9872,0.01010,270.81,51.43,0.55907652,0.7100271804,2.14,1.863682e-08,8.867589e-09,3.144169e-08,1.419065e-08,130.56,118.32,12336.38,11179.68,64.72,57.87
6.63112,9,0.6336,0.008,0.008,5.188,6.132,0.9872,0.01010,270.81,51.43,0.5590755199999999,0.7100259104,2.14,1.868132e-08,8.894975e-09,3.145176e-08,1.419528e-08,130.76,118.34,12354.79,11181.57,64.82,57.88
6.63138,9,0.6336,0.008,0.008,5.188,6.132,0.9872,0.01010,270.81,51.43,0.5590744799999999,0.7100245895999999,2.14,1.872666e-08,8.915573e-09,3.149901e-08,1.420152e-08,130.73,118.11,12352.17,11159.96,64.81,57.75
6.63162,9,0.6336,0.008,0.008,5.188,6.132,0.9872,0.01010,270.81,51.43,0.55907352,0.7100233704,2.14,1.880064e-08,8.943227e-09,3.150731e-08,1.419954e-08,130.52,118.03,12332.25,11151.78,64.69,57.71
6.63187,9,0.6337,0.008,0.008,5.187,6.132,0.9872,0.01010,270.81,51.43,0.55907252,0.7100221003999999,2.14,1.885532e-08,8.96508e-09,3.150982e-08,1.420183e-08,130.43,118.06,12323.30,11155.20,64.64,57.73
6.63213,9,0.6337,0.008,0.008,5.187,6.132,0.9872,0.01010,270.81,51.43,0.55907148,0.7100207796,2.14,1.891322e-08,8.991944e-09,3.152886e-08,1.420603e-08,130.41,118.00,12321.56,11148.94,64.63,57.69
6.63237,9,0.6337,0.008,0.008,5.187,6.132,0.9872,0.01010,270.81,51.43,0.55907052,0.7100195604,2.14,1.896858e-08,9.020265e-09,3.152363e-08,1.421028e-08,130.46,118.10,12326.77,11158.38,64.66,57.74
6.63262,9,0.6338,0.008,0.008,5.187,6.132,0.9872,0.01010,270.81,51.43,0.55906952,0.7100182904,2.14,1.902913e-08,9.039566e-09,3.154335e-08,1.421517e-08,130.22,118.05,12304.08,11154.43,64.52,57.72
6.63288,9,0.6338,0.008,0.008,5.187,6.132,0.9872,0.01011,270.81,51.43,0.55906848,0.7100169695999999,2.14,1.908368e-08,9.067518e-09,3.154006e-08,1.420886e-08,130.28,117.98,12309.35,11147.53,64.55,57.68
6.63312,9,0.6338,0.008,0.008,5.187,6.132,0.9872,0.01011,270.81,51.43,0.5590675199999999,0.7100157503999999,2.14,1.913476e-08,9.097596e-09,3.155145e-08,1.420382e-08,130.44,117.83,12324.34,11133.02,64.64,57.59
6.63338,9,0.6339,0.008,0.008,5.187,6.132,0.9872,0.01011,270.81,51.43,0.5590664799999999,0.7100144295999999,2.14,1.920398e-08,9.123303e-09,3.154825e-08,1.421347e-08,130.26,118.01,12307.76,11150.60,64.54,57.70
6.63363,9,0.6339,0.008,0.008,5.187,6.132,0.9872,0.01011,270.81,51.43,0.55906548,0.7100131596,2.14,1.92537e-08,9.149256e-09,3.155355e-08,1.420586e-08,130.32,117.86,12313.74,11136.34,64.58,57.61
6.63387,9,0.6339,0.008,0.008,5.187,6.132,0.9872,0.01011,270.81,51.43,0.55906452,0.7100119403999999,2.14,1.932517e-08,9.168919e-09,3.154183e-08,1.420252e-08,129.94,117.89,12277.26,11139.10,64.36,57.63
6.63413,9,0.6340,0.008,0.008,5.187,6.132,0.9872,0.01011,270.81,51.43,0.55906348,0.7100106195999999,2.14,1.938288e-08,9.197164e-09,3.155177e-08,1.418922e-08,129.98,117.64,12281.39,11115.53,64.39,57.49
6.63438,9,0.6340,0.008,0.008,5.187,6.132,0.9872,0.01011,270.81,51.43,0.5590624799999999,0.7100093496,2.14,1.943459e-08,9.225779e-09,3.155102e-08,1.419829e-08,130.09,117.79,12291.73,11128.93,64.45,57.57
6.63462,9,0.6340,0.008,0.008,5.187,6.132,0.9872,0.01011,270.81,51.43,0.55906152,0.7100081304,2.14,1.950101e-08,9.257705e-09,3.156027e-08,1.419265e-08,130.10,117.64,12292.73,11114.97,64.46,57.49
6.63488,9,0.6341,0.008,0.008,5.187,6.132,0.9872,0.01011,270.81,51.43,0.55906048,0.7100068096,2.14,1.955825e-08,9.282645e-09,3.152967e-08,1.419611e-08,130.06,117.92,12289.04,11141.28,64.43,57.64
6.63513,9,0.6341,0.008,0.008,5.187,6.132,0.9872,0.01011,270.81,51.43,0.5590594799999999,0.7100055395999999,2.14,1.961945e-08,9.305094e-09,3.150912e-08,1.418824e-08,129.89,117.94,12272.48,11143.26,64.34,57.65
6.63537,9,0.6341,0.008,0.008,5.187,6.132,0.9872,0.01011,270.81,51.43,0.55905852,0.7100043204,2.14,1.968131e-08,9.330479e-09,3.154538e-08,1.418711e-08,129.78,117.67,12262.59,11118.37,64.28,57.51
6.63563,9,0.6342,0.008,0.008,5.187,6.132,0.9872,0.01011,270.81,51.43,0.55905748,0.7100029996,2.14,1.97349e-08,9.35551e-09,3.153447e-08,1.417177e-08,129.79,117.53,12263.59,11105.26,64.28,57.43
6.63588,9,0.6342,0.008,0.008,5.187,6.132,0.9872,0.01011,270.81,51.43,0.55905648,0.7100017296,2.14,1.979121e-08,9.373346e-09,3.155953e-08,1.417617e-08,129.56,117.43,12241.60,11095.51,64.15,57.37
6.63612,9,0.6342,0.008,0.008,5.187,6.132,0.9872,0.01011,270.81,51.43,0.5590555199999999,0.7100005103999999,2.14,1.986814e-08,9.403749e-09,3.15395e-08,1.417069e-08,129.40,117.48,12226.70,11100.51,64.06,57.40
6.63638,9,0.6343,0.008,0.008,5.187,6.132,0.9872,0.01011,270.81,51.43,0.5590544799999999,0.7099991895999999,2.14,1.99101e-08,9.423501e-09,3.153793e-08,1.41717e-08,129.42,117.53,12228.36,11104.70,64.07,57.42
6.63663,9,0.6343,0.008,0.008,5.187,6.132,0.9872,0.01011,270.81,51.43,0.55905348,0.7099979196,2.14,1.998195e-08,9.457112e-09,3.155946e-08,1.417499e-08,129.41,117.43,12227.39,11095.63,64.07,57.37
6.63687,9,0.6343,0.008,0.008,5.187,6.132,0.9872,0.01011,270.81,51.43,0.5590525199999999,0.7099967004,2.14,2.003788e-08,9.483211e-09,3.155865e-08,1.418144e-08,129.40,117.54,12226.48,11105.31,64.06,57.43
6.63713,9,0.6344,0.008,0.008,5.186,6.132,0.9872,0.01011,270.81,51.43,0.5590514799999999,0.7099953795999999,2.14,2.01111e-08,9.505209e-09,3.154401e-08,1.417215e-08,129.10,117.51,12197.58,11103.21,63.89,57.42
6.63737,9,0.6344,0.008,0.008,5.186,6.132,0.9872,0.01011,270.81,51.43,0.55905052,0.7099941604,2.14,2.017698e-08,9.525545e-09,3.155705e-08,1.41826e-08,128.82,117.58,12171.41,11109.74,63.74,57.45
6.63762,9,0.6344,0.008,0.008,5.187,6.132,0.9872,0.01011,270.81,51.43,0.55904952,0.7099928904,2.14,2.023199e-08,9.553701e-09,3.158754e-08,1.418422e-08,128.87,117.40,12176.68,11092.58,63.77,57.35
6.63788,9,0.6345,0.008,0.008,5.186,6.132,0.9872,0.01011,270.81,51.43,0.55904848,0.7099915696,2.14,2.029593e-08,9.577738e-09,3.161877e-08,1.418994e-08,128.74,117.29,12163.79,11082.55,63.69,57.29
6.63812,9,0.6345,0.008,0.008,5.186,6.132,0.9872,0.01011,270.81,51.43,0.5590475199999999,0.7099903503999999,2.14,2.038493e-08,9.605751e-09,3.161272e-08,1.418803e-08,128.38,117.31,12130.34,11083.69,63.49,57.30
6.63837,9,0.6345,0.008,0.008,5.186,6.132,0.9872,0.01011,270.81,51.43,0.55904652,0.7099890804,2.14,2.042977e-08,9.636137e-09,3.165504e-08,1.4206e-08,128.62,117.29,12152.42,11082.25,63.62,57.29
6.63863,9,0.6346,0.008,0.008,5.186,6.132,0.9872,0.01011,270.81,51.43,0.55904548,0.7099877595999999,2.14,2.050354e-08,9.662679e-09,3.168301e-08,1.420916e-08,128.43,117.17,12134.72,11070.72,63.52,57.22
6.63887,9,0.6346,0.008,0.008,5.186,6.132,0.9872,0.01011,270.81,51.43,0.5590445199999999,0.7099865404,2.14,2.058401e-08,9.68344e-09,3.171764e-08,1.421189e-08,128.00,116.98,12094.18,11052.67,63.28,57.12
6.63912,9,0.6346,0.008,0.008,5.186,6.132,0.9872,0.01011,270.81,51.43,0.5590435199999999,0.7099852703999999,2.14,2.06384e-08,9.707785e-09,3.173571e-08,1.422129e-08,127.97,117.00,12091.26,11054.50,63.26,57.13
6.63938,9,0.6347,0.007,0.008,5.186,6.132,0.9872,0.01011,270.81,51.43,0.55904248,0.7099839496,2.14,2.06977e-08,9.734133e-09,3.175834e-08,1.424033e-08,127.95,117.15,12089.46,11068.70,63.25,57.21
6.63962,9,0.6347,0.007,0.008,5.186,6.132,0.9872,0.01011,270.81,51.43,0.55904152,0.7099827303999999,2.14,2.077377e-08,9.763087e-09,3.181294e-08,1.424538e-08,127.78,116.86,12073.53,11041.39,63.16,57.05
6.63987,9,0.6347,0.007,0.008,5.186,6.132,0.9872,0.01011,270.81,51.43,0.5590405199999999,0.7099814603999999,2.14,2.085043e-08,9.783895e-09,3.184193e-08,1.425869e-08,127.41,116.86,12038.20,11041.86,62.95,57.05
6.64013,9,0.6348,0.007,0.008,5.186,6.132,0.9872,0.01011,270.81,51.43,0.5590394799999999,0.7099801396,2.14,2.090976e-08,9.800126e-09,3.185433e-08,1.426231e-08,127.14,116.85,12013.28,11040.89,62.80,57.05
6.64037,9,0.6348,0.007,0.008,5.186,6.132,0.9872,0.01011,270.81,51.43,0.55903852,0.7099789204,2.14,2.098393e-08,9.836569e-09,3.191379e-08,1.428901e-08,127.19,116.85,12017.15,11040.99,62.82,57.05
6.64062,9,0.6348,0.007,0.008,5.186,6.132,0.9872,0.01011,270.81,51.43,0.55903752,0.7099776503999999,2.14,2.106603e-08,9.854781e-09,3.193018e-08,1.429702e-08,126.70,116.86,11970.79,11041.93,62.55,57.05
6.64088,9,0.6349,0.007,0.008,5.186,6.132,0.9872,0.01011,270.81,51.43,0.55903648,0.7099763295999999,2.14,2.112709e-08,9.893476e-09,3.198556e-08,1.430611e-08,126.96,116.65,11995.75,11021.76,62.69,56.93
6.64112,9,0.6349,0.007,0.008,5.186,6.132,0.9872,0.01011,270.81,51.43,0.55903552,0.7099751104,2.14,2.121403e-08,9.914494e-09,3.201634e-08,1.432064e-08,126.49,116.66,11951.11,11022.82,62.43,56.94
6.64138,9,0.6349,0.007,0.008,5.186,6.132,0.9872,0.01011,270.81,51.43,0.55903448,0.7099737896,2.14,2.128736e-08,9.946452e-09,3.207651e-08,1.43345e-08,126.43,116.47,11945.89,11004.69,62.40,56.83
6.64163,9,0.6350,0.007,0.008,5.186,6.132,0.9872,0.01011,270.81,51.43,0.55903348,0.7099725196,2.14,2.137203e-08,9.966217e-09,3.208366e-08,1.435303e-08,125.98,116.71,11903.39,11027.73,62.15,56.97
6.64187,9,0.6350,0.007,0.008,5.186,6.132,0.9872,0.01011,270.81,51.43,0.5590325199999999,0.7099713003999999,2.14,2.14576e-08,1.000274e-08,3.217431e-08,1.436351e-08,125.90,116.27,11895.86,10986.10,62.10,56.72
6.64213,9,0.6350,0.007,0.008,5.186,6.132,0.9872,0.01011,270.81,51.43,0.5590314799999999,0.7099699795999999,2.14,2.152159e-08,1.002068e-08,3.220543e-08,1.439741e-08,125.62,116.57,11869.48,11013.75,61.95,56.88
6.64238,9,0.6350,0.007,0.008,5.186,6.132,0.9872,0.01011,270.81,51.43,0.55903048,0.7099687096,2.14,2.159021e-08,1.00506e-08,3.223469e-08,1.440304e-08,125.58,116.46,11864.99,11003.46,61.92,56.82
6.64262,9,0.6351,0.007,0.008,5.186,6.132,0.9872,0.01011,270.81,51.43,0.55902952,0.7099674904,2.14,2.166007e-08,1.009163e-08,3.226138e-08,1.441835e-08,125.79,116.52,11885.61,11009.86,62.04,56.86
6.64288,9,0.6351,0.007,0.008,5.186,6.132,0.9872,0.01011,270.81,51.43,0.5590284799999999,0.7099661695999999,2.14,2.176062e-08,1.011942e-08,3.230953e-08,1.442784e-08,125.35,116.35,11843.85,10993.29,61.80,56.76
6.64313,9,0.6351,0.007,0.008,5.186,6.132,0.9872,0.01011,270.81,51.43,0.5590274799999999,0.7099648995999999,2.14,2.185234e-08,1.014917e-08,3.235699e-08,1.445149e-08,125.05,116.39,11815.77,10996.67,61.63,56.78
6.64337,9,0.6352,0.007,0.008,5.185,6.132,0.9872,0.01011,270.81,51.43,0.55902652,0.7099636804,2.14,2.194177e-08,1.017922e-08,3.238004e-08,1.446337e-08,124.81,116.43,11792.78,11000.58,61.49,56.81
6.64363,9,0.6352,0.007,0.008,5.185,6.132,0.9872,0.01011,270.81,51.43,0.55902548,0.7099623596,2.14,2.200767e-08,1.021187e-08,3.244225e-08,1.447378e-08,124.86,116.17,11797.26,10976.76,61.52,56.66
6.64388,9,0.6352,0.007,0.008,5.185,6.132,0.9872,0.01011,270.81,51.43,0.5590244799999999,0.7099610895999999,2.14,2.210297e-08,1.024258e-08,3.245184e-08,1.447935e-08,124.55,116.19,11768.30,10978.53,61.35,56.67
6.64412,9,0.6353,0.007,0.008,5.185,6.132,0.9872,0.01011,270.81,51.43,0.55902352,0.7099598704,2.14,2.220413e-08,1.027446e-08,3.25046e-08,1.449972e-08,124.23,116.17,11738.22,10975.92,61.17,56.66
6.64438,9,0.6353,0.007,0.008,5.185,6.132,0.9872,0.01011,270.81,51.43,0.55902248,0.7099585496,2.14,2.228159e-08,1.030568e-08,3.252505e-08,1.450602e-08,124.13,116.12,11728.43,10972.07,61.11,56.64
6.64462,9,0.6353,0.007,0.008,5.185,6.132,0.9872,0.01011,270.81,51.43,0.5590215199999999,0.7099573304,2.14,2.236891e-08,1.033843e-08,3.256045e-08,1.451274e-08,123.96,115.99,11712.33,10959.71,61.02,56.56
6.64487,9,0.6354,0.007,0.008,5.185,6.132,0.9872,0.01011,270.81,51.43,0.5590205199999999,0.7099560603999999,2.14,2.24537e-08,1.0376e-08,3.259556e-08,1.452461e-08,123.94,115.96,11710.78,10956.29,61.01,56.54
6.64513,9,0.6354,0.007,0.008,5.185,6.132,0.9872,0.01011,270.81,51.43,0.55901948,0.7099547396,2.14,2.254814e-08,1.04098e-08,3.261491e-08,1.453776e-08,123.73,116.02,11690.23,10962.45,60.89,56.58
6.64537,9,0.6354,0.007,0.008,5.185,6.132,0.9872,0.01011,270.81,51.43,0.55901852,0.7099535203999999,2.14,2.261716e-08,1.044467e-08,3.265576e-08,1.454276e-08,123.79,115.83,11696.48,10944.51,60.92,56.47
6.64562,9,0.6355,0.007,0.008,5.185,6.132,0.9872,0.01011,270.81,51.43,0.5590175199999999,0.7099522503999999,2.14,2.270931e-08,1.047717e-08,3.267502e-08,1.455241e-08,123.59,115.87,11677.50,10947.69,60.81,56.49
6.64588,9,0.6355,0.007,0.008,5.185,6.132,0.9872,0.01011,270.81,51.43,0.5590164799999999,0.7099509296,2.14,2.282643e-08,1.051805e-08,3.269587e-08,1.455306e-08,123.30,115.74,11650.45,10935.99,60.65,56.42
6.64612,9,0.6355,0.007,0.008,5.185,6.132,0.9872,0.01011,270.81,51.43,0.55901552,0.7099497104,2.14,2.292274e-08,1.055235e-08,3.269037e-08,1.456033e-08,123.09,115.88,11629.85,10949.16,60.53,56.50
6.64637,9,0.6356,0.007,0.008,5.185,6.132,0.9872,0.01011,270.81,51.43,0.55901452,0.7099484403999999,2.14,2.300789e-08,1.05877e-08,3.270081e-08,1.456925e-08,123.02,115.96,11623.85,10956.67,60.49,56.54
6.64663,9,0.6356,0.007,0.008,5.185,6.132,0.9872,0.01011,270.81,51.43,0.55901348,0.7099471195999999,2.14,2.310549e-08,1.062671e-08,3.27467e-08,1.456722e-08,122.90,115.64,11611.90,10926.27,60.42,56.36
6.64687,9,0.6356,0.007,0.008,5.185,6.132,0.9872,0.01011,270.81,51.43,0.55901252,0.7099459004,2.14,2.317446e-08,1.065906e-08,3.274894e-08,1.45609e-08,122.91,115.54,11613.17,10916.39,60.43,56.31
6.64712,9,0.6357,0.007,0.008,5.185,6.132,0.9872,0.01011,270.81,51.43,0.55901152,0.7099446304,2.14,2.327299e-08,1.069406e-08,3.278119e-08,1.456836e-08,122.71,115.46,11594.28,10908.83,60.32,56.26
6.64738,9,0.6357,0.007,0.008,5.185,6.132,0.9872,0.01011,270.81,51.43,0.55901048,0.7099433096,2.14,2.336736e-08,1.073044e-08,3.2775e-08,1.456971e-08,122.56,115.51,11580.34,10914.36,60.23,56.29
6.64762,9,0.6357,0.007,0.008,5.185,6.132,0.9872,0.01011,270.81,51.43,0.5590095199999999,0.7099420903999999,2.14,2.34741e-08,1.077498e-08,3.279741e-08,1.45741e-08,122.47,115.43,11571.45,10906.85,60.18,56.25
6.64787,9,0.6358,0.007,0.008,5.185,6.132,0.9872,0.01011,270.81,51.43,0.55900852,0.7099408204000001,2.14,2.356434e-08,1.081221e-08,3.281068e-08,1.457284e-08,122.40,115.35,11564.99,10898.94,60.14,56.20
6.64813,9,0.6358,0.007,0.008,5.185,6.132,0.9872,0.01011,270.81,51.43,0.55900748,0.7099394996,2.14,2.364457e-08,1.083954e-08,3.280121e-08,1.456749e-08,122.20,115.33,11546.32,10897.40,60.03,56.19
6.64837,9,0.6358,0.007,0.008,5.185,6.132,0.9872,0.01011,270.81,51.43,0.55900652,0.7099382804,2.14,2.375703e-08,1.088224e-08,3.281282e-08,1.457133e-08,122.02,115.32,11529.00,10895.63,59.93,56.18
6.64863,9,0.6359,0.007,0.008,5.184,6.132,0.9872,0.01011,270.81,51.43,0.5590054799999999,0.7099369595999999,2.14,2.384923e-08,1.091876e-08,3.283013e-08,1.458278e-08,121.92,115.39,11519.69,10902.40,59.87,56.22
6.64888,9,0.6359,0.007,0.008,5.184,6.132,0.9872,0.01011,270.81,51.43,0.5590044799999999,0.7099356895999999,2.14,2.392379e-08,1.095925e-08,3.282586e-08,1.456887e-08,122.05,115.22,11532.02,10886.25,59.95,56.13
6.64912,9,0.6359,0.007,0.008,5.184,6.132,0.9872,0.01011,270.81,51.43,0.55900352,0.7099344704,2.14,2.399727e-08,1.10075e-08,3.284901e-08,1.457313e-08,122.35,115.13,11560.29,10878.18,60.11,56.08
6.64938,9,0.6360,0.007,0.008,5.184,6.132,0.9872,0.01011,270.81,51.43,0.55900248,0.7099331496,2.14,2.411943e-08,1.103002e-08,3.286083e-08,1.456749e-08,121.69,114.99,11497.57,10865.30,59.74,56.00
6.64963,9,0.6360,0.007,0.008,5.184,6.132,0.9872,0.01011,270.81,51.43,0.5590014799999999,0.7099318795999999,2.14,2.421846e-08,1.106819e-08,3.287045e-08,1.45668e-08,121.54,114.92,11483.97,10858.66,59.66,55.96
6.64987,9,0.6360,0.007,0.008,5.184,6.132,0.9872,0.01011,270.81,51.43,0.55900052,0.7099306604,2.14,2.429959e-08,1.111128e-08,3.285037e-08,1.456381e-08,121.66,115.01,11495.42,10866.58,59.73,56.01
6.65013,9,0.6361,0.007,0.008,5.184,6.132,0.9872,0.01011,270.81,51.43,0.55899948,0.7099293396,2.14,2.438943e-08,1.113797e-08,3.288044e-08,1.457557e-08,121.39,115.00,11469.92,10866.19,59.58,56.01
6.65038,9,0.6361,0.007,0.008,5.184,6.132,0.9872,0.01011,270.81,51.43,0.55899848,0.7099280696,2.14,2.458067e-08,1.131408e-08,3.299888e-08,1.469392e-08,123.17,115.94,11638.00,10954.36,60.57,56.53
6.65062,9,0.6361,0.007,0.008,5.184,6.132,0.9872,0.01011,270.82,51.43,0.5589975199999999,0.7099268503999999,2.14,2.457235e-08,1.122413e-08,3.29431e-08,1.456427e-08,121.45,114.45,11474.86,10814.07,59.61,55.70
6.65088,9,0.6362,0.007,0.008,5.184,6.132,0.9872,0.01011,270.82,51.43,0.5589964799999999,0.7099255295999999,2.14,2.464532e-08,1.125315e-08,3.293967e-08,1.457919e-08,121.38,114.70,11468.58,10837.67,59.57,55.84
6.65113,9,0.6362,0.007,0.008,5.184,6.132,0.9872,0.01011,270.82,51.43,0.55899548,0.7099242595999999,2.14,2.472178e-08,1.129325e-08,3.295759e-08,1.457732e-08,121.48,114.56,11478.28,10824.61,59.63,55.76
6.65137,9,0.6362,0.007,0.008,5.184,6.132,0.9872,0.01011,270.82,51.43,0.5589945199999999,0.7099230404,2.14,2.480928e-08,1.131651e-08,3.297195e-08,1.458519e-08,121.15,114.59,11447.16,10826.63,59.44,55.77
6.65163,9,0.6363,0.007,0.008,5.184,6.132,0.9872,0.01011,270.82,51.43,0.5589934799999999,0.7099217196,2.14,2.486987e-08,1.136069e-08,3.298456e-08,1.458584e-08,121.50,114.53,11479.70,10821.78,59.64,55.74
6.65188,9,0.6363,0.007,0.008,5.184,6.132,0.9872,0.01011,270.82,51.43,0.55899248,0.7099204496,2.14,2.4962e-08,1.139199e-08,3.30007e-08,1.459119e-08,121.29,114.51,11459.72,10819.40,59.52,55.73
6.65212,9,0.6363,0.007,0.008,5.184,6.132,0.9872,0.01011,270.82,51.43,0.55899152,0.7099192303999999,2.14,2.504649e-08,1.142767e-08,3.301881e-08,1.46037e-08,121.23,114.57,11454.42,10825.39,59.49,55.77
6.65238,9,0.6364,0.007,0.008,5.184,6.132,0.9872,0.01011,270.82,51.43,0.55899048,0.7099179096,2.14,2.51328e-08,1.145676e-08,3.305687e-08,1.460866e-08,121.05,114.42,11437.33,10811.33,59.39,55.68
6.65262,9,0.6364,0.007,0.008,5.184,6.132,0.9872,0.01011,270.82,51.43,0.5589895199999999,0.7099166903999999,2.14,2.520473e-08,1.149161e-08,3.308669e-08,1.461403e-08,121.09,114.31,11441.10,10800.99,59.41,55.62
6.65287,9,0.6364,0.007,0.008,5.184,6.132,0.9872,0.01011,270.82,51.43,0.55898852,0.7099154204,2.14,2.528395e-08,1.152356e-08,3.311388e-08,1.462253e-08,121.01,114.27,11433.49,10796.35,59.36,55.59
6.65313,9,0.6365,0.007,0.008,5.184,6.132,0.9872,0.01011,270.82,51.43,0.55898748,0.7099140996,2.14,2.536268e-08,1.156227e-08,3.314749e-08,1.463385e-08,121.08,114.23,11440.43,10793.39,59.40,55.58
6.65337,9,0.6365,0.007,0.008,5.184,6.132,0.9872,0.01011,270.82,51.43,0.5589865199999999,0.7099128803999999,2.14,2.542655e-08,1.159103e-08,3.317468e-08,1.463897e-08,121.08,114.14,11439.78,10784.31,59.40,55.52
6.65362,9,0.6365,0.007,0.008,5.184,6.132,0.9872,0.01011,270.82,51.43,0.55898552,0.7099116104000001,2.14,2.551154e-08,1.162666e-08,3.322821e-08,1.46646e-08,121.02,114.17,11434.16,10786.96,59.37,55.54
6.65388,9,0.6366,0.007,0.008,5.183,6.132,0.9872,0.01011,270.82,51.43,0.55898448,0.7099102896,2.14,2.559388e-08,1.165278e-08,3.326858e-08,1.466775e-08,120.82,113.98,11415.42,10769.38,59.25,55.43
6.65412,9,0.6366,0.007,0.008,5.183,6.132,0.9872,0.01011,270.82,51.43,0.55898352,0.7099090704,2.14,2.565202e-08,1.168169e-08,3.326847e-08,1.467921e-08,120.86,114.14,11419.80,10784.50,59.28,55.52
6.65437,9,0.6366,0.007,0.008,5.183,6.132,0.9872,0.01011,270.82,51.43,0.5589825199999999,0.7099078003999999,2.14,2.571528e-08,1.171568e-08,3.33172e-08,1.469284e-08,120.96,114.03,11429.08,10774.17,59.34,55.46
6.65463,9,0.6367,0.007,0.008,5.183,6.132,0.9872,0.01011,270.82,51.43,0.5589814799999999,0.7099064795999999,2.14,2.578859e-08,1.174562e-08,3.336448e-08,1.471505e-08,120.92,114.07,11424.70,10777.65,59.31,55.48
6.65487,9,0.6367,0.007,0.008,5.183,6.132,0.9872,0.01011,270.82,51.43,0.55898052,0.7099052604,2.14,2.585434e-08,1.178388e-08,3.341461e-08,1.472318e-08,121.07,113.87,11439.52,10759.37,59.40,55.37
6.65512,9,0.6367,0.007,0.008,5.183,6.132,0.9872,0.01011,270.82,51.43,0.55897952,0.7099039904,2.14,2.593027e-08,1.18088e-08,3.34528e-08,1.472393e-08,120.89,113.65,11422.30,10738.41,59.30,55.25
6.65538,9,0.6368,0.007,0.008,5.183,6.132,0.9872,0.01011,270.82,51.43,0.5589784799999999,0.7099026695999999,2.14,2.599207e-08,1.18368e-08,3.345618e-08,1.474996e-08,120.91,114.01,11423.84,10772.11,59.30,55.45
6.65562,9,0.6368,0.007,0.008,5.183,6.132,0.9872,0.01011,270.82,51.43,0.55897752,0.7099014504,2.14,2.607382e-08,1.187061e-08,3.351806e-08,1.47658e-08,120.84,113.85,11417.80,10757.20,59.27,55.36
6.65587,9,0.6368,0.007,0.008,5.183,6.132,0.9872,0.01011,270.82,51.43,0.55897652,0.7099001804,2.14,2.613259e-08,1.18942e-08,3.354783e-08,1.476149e-08,120.78,113.61,11412.22,10734.55,59.24,55.23
6.65613,9,0.6369,0.007,0.008,5.183,6.132,0.9872,0.01011,270.82,51.43,0.55897548,0.7098988596,2.14,2.620006e-08,1.193384e-08,3.358292e-08,1.47852e-08,120.97,113.74,11429.71,10746.97,59.34,55.30
6.65637,9,0.6369,0.007,0.008,5.183,6.132,0.9872,0.01011,270.82,51.43,0.5589745199999999,0.7098976403999999,2.14,2.62678e-08,1.194829e-08,3.362906e-08,1.479672e-08,120.66,113.62,11400.97,10735.57,59.17,55.23
6.65663,9,0.6369,0.007,0.008,5.183,6.132,0.9872,0.01011,270.82,51.43,0.5589734799999999,0.7098963195999999,2.14,2.634039e-08,1.197862e-08,3.365404e-08,1.480803e-08,120.61,113.63,11396.27,10735.99,59.14,55.23
6.65688,9,0.6369,0.007,0.008,5.183,6.132,0.9872,0.01011,270.82,51.43,0.55897248,0.7098950496,2.14,2.63912e-08,1.202523e-08,3.37074e-08,1.481106e-08,121.05,113.35,11437.27,10709.58,59.38,55.08
6.65712,9,0.6370,0.007,0.008,5.183,6.159,0.9872,0.01011,270.82,51.43,0.5589715199999999,0.7098938304,2.14,2.648045e-08,1.204366e-08,3.372423e-08,1.482773e-08,120.66,113.49,11400.40,10723.23,59.14,55.13
6.65738,9,0.6370,0.007,0.008,5.183,6.159,0.9872,0.01011,270.82,51.43,0.5589704799999999,0.7098925095999999,2.14,2.652621e-08,1.206198e-08,3.374617e-08,1.483642e-08,120.61,113.48,11396.08,10722.00,59.11,55.12
6.65763,9,0.6370,0.007,0.008,5.183,6.159,0.9872,0.01011,270.82,51.43,0.5589694799999999,0.7098912395999999,2.14,2.661617e-08,1.20937e-08,3.378403e-08,1.484175e-08,120.44,113.32,11380.23,10707.43,59.02,55.04
6.65787,9,0.6371,0.007,0.008,5.183,6.159,0.9872,0.01011,270.82,51.43,0.55896852,0.7098900203999999,2.14,2.667614e-08,1.212118e-08,3.379467e-08,1.486203e-08,120.47,113.55,11382.41,10729.20,59.03,55.17
6.65813,9,0.6371,0.007,0.008,5.183,6.159,0.9872,0.01011,270.82,51.43,0.55896748,0.7098886996,2.14,2.674178e-08,1.215021e-08,3.381715e-08,1.485562e-08,120.45,113.33,11381.05,10708.23,59.02,55.04
6.65838,9,0.6371,0.007,0.008,5.183,6.159,0.9872,0.01011,270.82,51.43,0.5589664799999999,0.7098874296,2.14,2.680854e-08,1.218585e-08,3.382747e-08,1.486286e-08,120.55,113.37,11390.14,10711.71,59.08,55.06
6.65862,9,0.6372,0.007,0.008,5.183,6.159,0.9872,0.01011,270.82,51.43,0.55896552,0.7098862104,2.14,2.687666e-08,1.22131e-08,3.3836e-08,1.486227e-08,120.50,113.33,11385.58,10707.82,59.05,55.04
6.65888,9,0.6372,0.007,0.008,5.183,6.159,0.9872,0.01011,270.82,51.43,0.55896448,0.7098848896,2.14,2.695214e-08,1.22367e-08,3.383651e-08,1.486129e-08,120.31,113.31,11367.36,10706.27,58.94,55.03
6.65913,9,0.6372,0.007,0.008,5.183,6.159,0.9872,0.01011,270.82,51.43,0.55896348,0.7098836195999999,2.14,2.699232e-08,1.22679e-08,3.385563e-08,1.486208e-08,120.54,113.21,11389.39,10696.51,59.07,54.97
6.65937,9,0.6373,0.007,0.008,5.182,6.159,0.9872,0.01011,270.82,51.43,0.5589625199999999,0.7098824004,2.14,2.705579e-08,1.229159e-08,3.384638e-08,1.487025e-08,120.47,113.39,11382.43,10713.90,59.03,55.08
6.65963,9,0.6373,0.007,0.008,5.182,6.159,0.9872,0.01011,270.82,51.43,0.55896148,0.7098810796,2.14,2.712766e-08,1.231442e-08,3.382256e-08,1.485597e-08,120.29,113.34,11365.82,10708.99,58.93,55.05
6.65988,9,0.6373,0.007,0.008,5.182,6.159,0.9872,0.01011,270.82,51.43,0.55896048,0.7098798096,2.14,2.719262e-08,1.234384e-08,3.382079e-08,1.4857e-08,120.29,113.37,11365.70,10711.31,58.93,55.06
6.66012,9,0.6374,0.007,0.008,5.182,6.159,0.9872,0.01011,270.82,51.43,0.5589595199999999,0.7098785903999999,2.14,2.725263e-08,1.237504e-08,3.381078e-08,1.483572e-08,120.38,113.15,11374.15,10691.30,58.98,54.94
6.66038,9,0.6374,0.007,0.008,5.182,6.159,0.9872,0.01011,270.82,51.43,0.5589584799999999,0.7098772695999999,2.14,2.730581e-08,1.238906e-08,3.378402e-08,1.482875e-08,120.20,113.22,11357.14,10697.43,58.88,54.98
6.66062,9,0.6374,0.007,0.008,5.182,6.159,0.9872,0.01011,270.82,51.43,0.55895752,0.7098760504,2.14,2.73848e-08,1.243393e-08,3.376473e-08,1.482862e-08,120.36,113.33,11372.26,10708.16,58.97,55.04
6.66087,9,0.6375,0.007,0.008,5.182,6.159,0.9872,0.01011,270.82,51.43,0.55895652,0.7098747804,2.14,2.743793e-08,1.244473e-08,3.37194e-08,1.481521e-08,120.14,113.44,11351.79,10718.22,58.85,55.10
6.66113,9,0.6375,0.007,0.008,5.182,6.159,0.9872,0.01011,270.82,51.43,0.55895548,0.7098734595999999,2.14,2.750878e-08,1.248613e-08,3.371908e-08,1.480134e-08,120.31,113.25,11367.22,10700.52,58.94,55.00
6.66137,9,0.6375,0.007,0.008,5.182,6.159,0.9872,0.01011,270.82,51.43,0.55895452,0.7098722404000001,2.14,2.756736e-08,1.250637e-08,3.369642e-08,1.477675e-08,120.20,113.05,11356.66,10681.65,58.88,54.88
6.66162,9,0.6376,0.007,0.008,5.182,6.159,0.9872,0.01011,270.82,51.43,0.55895352,0.7098709704,2.14,2.761328e-08,1.25216e-08,3.36146e-08,1.477177e-08,120.12,113.49,11349.15,10723.28,58.83,55.13
6.66188,9,0.6376,0.007,0.008,5.182,6.159,0.9872,0.01011,270.82,51.43,0.55895248,0.7098696496,2.14,2.768754e-08,1.254934e-08,3.357379e-08,1.475383e-08,120.01,113.49,11339.34,10723.27,58.77,55.13
6.66212,9,0.6376,0.007,0.008,5.182,6.159,0.9872,0.01011,270.82,51.43,0.5589515199999999,0.7098684303999999,2.14,2.772809e-08,1.257498e-08,3.355327e-08,1.472857e-08,120.14,113.27,11351.33,10702.22,58.84,55.00
6.66237,9,0.6377,0.007,0.008,5.182,6.159,0.9872,0.01011,270.82,51.43,0.55895052,0.7098671604,2.14,2.780485e-08,1.259971e-08,3.351792e-08,1.47052e-08,119.98,113.18,11336.51,10693.72,58.76,54.95
6.66263,9,0.6377,0.007,0.008,5.182,6.159,0.9872,0.01011,270.82,51.43,0.55894948,0.7098658396,2.14,2.785099e-08,1.261341e-08,3.347254e-08,1.467921e-08,119.86,113.10,11324.68,10685.83,58.69,54.91
6.66287,9,0.6377,0.007,0.008,5.182,6.159,0.9872,0.01011,270.82,51.43,0.55894852,0.7098646204,2.14,2.791228e-08,1.263942e-08,3.340648e-08,1.464278e-08,119.83,112.99,11321.81,10676.14,58.67,54.85
6.66312,9,0.6378,0.007,0.008,5.182,6.159,0.9872,0.01011,270.82,51.43,0.5589475199999999,0.7098633503999999,2.14,2.795143e-08,1.266418e-08,3.335401e-08,1.463975e-08,119.97,113.29,11335.09,10703.81,58.75,55.01
6.66338,9,0.6378,0.007,0.008,5.182,6.159,0.9872,0.01011,270.82,51.43,0.5589464799999999,0.7098620295999999,2.14,2.802866e-08,1.268444e-08,3.331033e-08,1.46205e-08,119.71,113.28,11311.07,10703.71,58.61,55.01
6.66362,9,0.6378,0.007,0.008,5.182,6.159,0.9872,0.01011,270.82,51.43,0.55894552,0.7098608103999999,2.14,2.806163e-08,1.270706e-08,3.326464e-08,1.458807e-08,119.85,113.11,11323.61,10687.55,58.68,54.92
6.66387,9,0.6379,0.007,0.008,5.182,6.159,0.9872,0.01011,270.82,51.43,0.55894452,0.7098595404,2.14,2.809306e-08,1.2726e-08,3.317652e-08,1.456933e-08,119.95,113.41,11333.04,10715.30,58.74,55.08
6.66413,9,0.6379,0.007,0.008,5.182,6.159,0.9872,0.01011,270.82,51.43,0.5589434799999999,0.7098582196,2.14,2.816073e-08,1.275373e-08,3.313047e-08,1.454423e-08,119.90,113.34,11328.30,10708.89,58.71,55.04
6.66437,9,0.6379,0.007,0.008,5.182,6.159,0.9872,0.01011,270.82,51.43,0.55894252,0.7098570004,2.14,2.820424e-08,1.27686e-08,3.306597e-08,1.452289e-08,119.81,113.44,11320.46,10718.07,58.66,55.10
6.66463,9,0.6380,0.007,0.008,5.181,6.159,0.9872,0.01011,270.82,51.43,0.55894148,0.7098556796,2.14,2.82611e-08,1.278469e-08,3.303008e-08,1.448983e-08,119.67,113.21,11306.64,10696.98,58.58,54.97
6.66488,9,0.6380,0.007,0.008,5.181,6.159,0.9872,0.01011,270.82,51.43,0.55894048,0.7098544096,2.14,2.828454e-08,1.280393e-08,3.294339e-08,1.446608e-08,119.81,113.41,11320.58,10715.83,58.66,55.08
6.66512,9,0.6380,0.007,0.008,5.181,6.159,0.9872,0.01011,270.82,51.43,0.5589395199999999,0.7098531904,2.14,2.83414e-08,1.283222e-08,3.292706e-08,1.444062e-08,119.86,113.16,11324.69,10691.68,58.69,54.94
6.66538,9,0.6381,0.007,0.008,5.181,6.159,0.9872,0.01011,270.82,51.43,0.5589384799999999,0.7098518695999999,2.14,2.838276e-08,1.28409e-08,3.285221e-08,1.441833e-08,119.70,113.32,11310.30,10707.30,58.60,55.03
6.66563,9,0.6381,0.007,0.008,5.181,6.159,0.9872,0.01011,270.82,51.43,0.55893748,0.7098505996,2.14,2.841368e-08,1.286464e-08,3.281651e-08,1.439895e-08,119.87,113.27,11325.98,10702.38,58.69,55.00
6.66587,9,0.6381,0.007,0.008,5.181,6.159,0.9872,0.01011,270.82,51.43,0.5589365199999999,0.7098493803999999,2.14,2.84939e-08,1.288236e-08,3.274469e-08,1.43685e-08,119.56,113.29,11296.17,10703.79,58.52,55.01
6.66613,9,0.6382,0.007,0.008,5.181,6.159,0.9872,0.01011,270.82,51.43,0.5589354799999999,0.7098480596,2.14,2.853034e-08,1.289366e-08,3.27111e-08,1.436706e-08,119.49,113.49,11289.67,10723.15,58.48,55.13
6.66638,9,0.6382,0.007,0.008,5.181,6.159,0.9872,0.01011,270.82,51.43,0.55893448,0.7098467896,2.14,2.854104e-08,1.290205e-08,3.266872e-08,1.433422e-08,119.55,113.29,11295.35,10704.21,58.51,55.01
6.66662,9,0.6382,0.007,0.008,5.181,6.159,0.9872,0.01011,270.82,51.43,0.55893352,0.7098455704,2.14,2.856119e-08,1.291383e-08,3.261468e-08,1.431493e-08,119.59,113.35,11299.61,10710.10,58.54,55.05
6.66688,9,0.6383,0.007,0.008,5.181,6.159,0.9872,0.01011,270.82,51.43,0.55893248,0.7098442495999999,2.14,2.860632e-08,1.293576e-08,3.258049e-08,1.429444e-08,119.64,113.29,11303.82,10704.46,58.56,55.02
6.66713,9,0.6383,0.007,0.008,5.181,6.159,0.9872,0.01011,270.82,51.43,0.5589314799999999,0.7098429795999999,2.14,2.86386e-08,1.295458e-08,3.251215e-08,1.427804e-08,119.71,113.49,11310.55,10722.64,58.60,55.12
6.66737,9,0.6383,0.007,0.008,5.181,6.159,0.9872,0.01011,270.82,51.43,0.55893052,0.7098417604,2.14,2.870145e-08,1.296392e-08,3.248098e-08,1.425727e-08,119.39,113.38,11280.22,10713.15,58.42,55.07
6.66763,9,0.6384,0.007,0.008,5.181,6.159,0.9872,0.01011,270.82,51.43,0.55892948,0.7098404396,2.14,2.872142e-08,1.296715e-08,3.24709e-08,1.424534e-08,119.31,113.30,11272.80,10704.78,58.38,55.02
6.66788,9,0.6384,0.007,0.008,5.181,6.159,0.9872,0.01011,270.82,51.43,0.55892848,0.7098391695999999,2.14,2.875159e-08,1.298326e-08,3.242778e-08,1.422905e-08,119.35,113.33,11276.75,10708.30,58.40,55.04
6.66812,9,0.6384,0.007,0.008,5.181,6.159,0.9872,0.01011,270.82,51.43,0.55892752,0.7098379504,2.14,2.878143e-08,1.29935e-08,3.238981e-08,1.421584e-08,119.30,113.38,11271.63,10712.93,58.37,55.07
6.66838,9,0.6385,0.007,0.008,5.181,6.159,0.9872,0.01012,270.82,51.43,0.55892648,0.7098366296,2.14,2.882338e-08,1.301579e-08,3.237153e-08,1.420999e-08,119.37,113.43,11278.69,10717.53,58.41,55.09
6.66862,9,0.6385,0.007,0.008,5.181,6.159,0.9872,0.01012,270.82,51.43,0.55892552,0.7098354104,2.14,2.885323e-08,1.301893e-08,3.233611e-08,1.418902e-08,119.20,113.35,11262.38,10710.24,58.32,55.05
6.66887,9,0.6385,0.007,0.008,5.181,6.159,0.9872,0.01012,270.82,51.43,0.5589245199999999,0.7098341403999999,2.14,2.889082e-08,1.304852e-08,3.228957e-08,1.418791e-08,119.41,113.63,11282.28,10736.28,58.43,55.20
6.66913,9,0.6386,0.007,0.008,5.181,6.159,0.9872,0.01012,270.82,51.43,0.5589234799999999,0.7098328195999999,2.14,2.891088e-08,1.304501e-08,3.226332e-08,1.417679e-08,119.22,113.65,11264.25,10738.52,58.33,55.22
6.66937,9,0.6386,0.007,0.008,5.181,6.159,0.9872,0.01012,270.82,51.43,0.55892252,0.7098316003999999,2.14,2.892469e-08,1.305486e-08,3.226227e-08,1.4163e-08,119.28,113.46,11269.94,10720.52,58.36,55.11
6.66962,9,0.6386,0.007,0.008,5.181,6.159,0.9872,0.01012,270.82,51.43,0.55892152,0.7098303304,2.14,2.89386e-08,1.306194e-08,3.22173e-08,1.414852e-08,119.29,113.54,11271.20,10727.63,58.37,55.15
6.66988,9,0.6387,0.007,0.008,5.180,6.159,0.9872,0.01012,270.82,51.43,0.5589204799999999,0.7098290096,2.14,2.896244e-08,1.307462e-08,3.221041e-08,1.414898e-08,119.34,113.61,11275.99,10734.03,58.40,55.19
6.67012,9,0.6387,0.007,0.008,5.180,6.159,0.9872,0.01012,270.82,51.43,0.55891952,0.7098277904,2.14,2.899914e-08,1.309523e-08,3.219327e-08,1.413885e-08,119.41,113.57,11282.34,10730.51,58.43,55.17
6.67037,9,0.6387,0.007,0.008,5.180,6.159,0.9872,0.01012,270.82,51.43,0.55891852,0.7098265203999999,2.14,2.903086e-08,1.309626e-08,3.216766e-08,1.413068e-08,119.19,113.61,11261.49,10734.68,58.31,55.19
6.67063,9,0.6388,0.007,0.008,5.180,6.159,0.9872,0.01012,270.82,51.43,0.55891748,0.7098251996,2.14,2.904676e-08,1.311361e-08,3.213977e-08,1.412807e-08,119.38,113.77,11279.20,10749.44,58.41,55.28
6.67087,9,0.6388,0.007,0.008,5.180,6.159,0.9872,0.01012,270.82,51.43,0.5589165199999999,0.7098239803999999,2.14,2.907252e-08,1.312319e-08,3.213482e-08,1.411496e-08,119.34,113.61,11275.99,10734.60,58.39,55.19
6.67112,9,0.6388,0.007,0.008,5.180,6.159,0.9872,0.01012,270.82,51.43,0.55891552,0.7098227104,2.14,2.910737e-08,1.313892e-08,3.212421e-08,1.411305e-08,119.34,113.65,11275.99,10738.34,58.39,55.21
6.67138,9,0.6388,0.007,0.008,5.180,6.159,0.9872,0.01012,270.82,51.43,0.55891448,0.7098213896,2.14,2.911518e-08,1.314662e-08,3.209212e-08,1.40949e-08,119.41,113.59,11282.52,10732.83,58.43,55.18
6.67162,9,0.6389,0.007,0.008,5.180,6.159,0.9872,0.01012,270.82,51.43,0.5589135199999999,0.7098201703999999,2.14,2.91549e-08,1.315021e-08,3.205671e-08,1.409373e-08,119.19,113.82,11261.89,10754.08,58.31,55.31
6.67188,9,0.6389,0.007,0.008,5.180,6.159,0.9872,0.01012,270.82,51.43,0.5589124799999999,0.7098188496,2.14,2.917011e-08,1.316256e-08,3.203045e-08,1.408621e-08,119.28,113.88,11270.45,10759.57,58.36,55.34
6.67213,9,0.6389,0.007,0.008,5.180,6.159,0.9872,0.01012,270.82,51.43,0.5589114799999999,0.7098175795999999,2.14,2.921307e-08,1.31756e-08,3.201565e-08,1.406551e-08,119.18,113.67,11260.57,10740.23,58.30,55.23
6.67237,9,0.6390,0.007,0.008,5.180,6.159,0.9872,0.01012,270.82,51.43,0.55891052,0.7098163604,2.14,2.923039e-08,1.318243e-08,3.201482e-08,1.406268e-08,119.18,113.65,11260.80,10738.55,58.30,55.22
6.67263,9,0.6390,0.007,0.008,5.180,6.159,0.9872,0.01012,270.82,51.43,0.55890948,0.7098150395999999,2.14,2.924314e-08,1.319711e-08,3.198431e-08,1.405842e-08,119.33,113.79,11274.70,10751.02,58.39,55.29
6.67288,9,0.6390,0.007,0.008,5.180,6.159,0.9872,0.01012,270.82,51.43,0.5589084799999999,0.7098137695999999,2.14,2.926778e-08,1.320845e-08,3.196422e-08,1.403956e-08,119.33,113.64,11275.04,10737.33,58.39,55.21
6.67312,9,0.6391,0.007,0.008,5.180,6.159,0.9872,0.01012,270.82,51.43,0.55890752,0.7098125504,2.14,2.928548e-08,1.320992e-08,3.190859e-08,1.403027e-08,119.24,113.88,11266.67,10759.72,58.34,55.34
6.67338,9,0.6391,0.007,0.008,5.180,6.159,0.9872,0.01012,270.82,51.43,0.55890648,0.7098112296,2.14,2.932291e-08,1.322704e-08,3.189163e-08,1.401859e-08,119.25,113.82,11267.04,10753.94,58.34,55.31
6.67363,9,0.6391,0.007,0.008,5.180,6.159,0.9872,0.01012,270.82,51.43,0.55890548,0.7098099595999999,2.14,2.933065e-08,1.323639e-08,3.182688e-08,1.398982e-08,119.34,113.81,11276.13,10753.52,58.39,55.30
6.67387,9,0.6392,0.007,0.008,5.180,6.159,0.9872,0.01012,270.82,51.43,0.5589045199999999,0.7098087403999999,2.14,2.935239e-08,1.324043e-08,3.179636e-08,1.397805e-08,119.27,113.85,11268.95,10757.46,58.35,55.33
6.67413,9,0.6392,0.007,0.008,5.180,6.159,0.9872,0.01012,270.82,51.43,0.55890348,0.7098074196,2.14,2.93788e-08,1.325472e-08,3.172872e-08,1.39577e-08,119.31,113.99,11272.63,10770.38,58.37,55.40
6.67438,9,0.6392,0.007,0.008,5.180,6.159,0.9872,0.01012,270.82,51.43,0.55890248,0.7098061496,2.14,2.940996e-08,1.328068e-08,3.169708e-08,1.395062e-08,119.50,114.09,11291.07,10779.82,58.48,55.46
6.67462,9,0.6393,0.007,0.008,5.180,6.159,0.9872,0.01012,270.82,51.43,0.5589015199999999,0.7098049303999999,2.14,2.943483e-08,1.327514e-08,3.164779e-08,1.392547e-08,119.25,114.06,11266.88,10776.73,58.34,55.44
6.67488,9,0.6393,0.007,0.008,5.180,6.159,0.9872,0.01012,270.82,51.43,0.5589004799999999,0.7098036095999999,2.14,2.944283e-08,1.327699e-08,3.158898e-08,1.389721e-08,119.22,114.02,11264.16,10773.43,58.32,55.42
6.67513,9,0.6393,0.007,0.008,5.180,6.159,0.9872,0.01012,270.82,51.43,0.55889948,0.7098023396,2.14,2.946829e-08,1.32863e-08,3.154278e-08,1.387419e-08,119.18,113.98,11260.81,10769.69,58.30,55.40
6.67537,9,0.6394,0.007,0.008,5.179,6.159,0.9872,0.01012,270.82,51.43,0.55889852,0.7098011204,2.14,2.94713e-08,1.329976e-08,3.147385e-08,1.385513e-08,119.40,114.17,11281.27,10787.03,58.42,55.50
6.67563,9,0.6394,0.007,0.008,5.179,6.159,0.9872,0.01012,270.82,51.43,0.55889748,0.7097997996,2.14,2.950271e-08,1.33023e-08,3.141446e-08,1.384173e-08,119.21,114.35,11263.31,10804.80,58.32,55.61
6.67587,9,0.6394,0.007,0.008,5.179,6.159,0.9872,0.01012,270.82,51.43,0.55889652,0.7097985804,2.14,2.94983e-08,1.331513e-08,3.132921e-08,1.380291e-08,119.45,114.34,11286.19,10803.04,58.45,55.59
6.67612,9,0.6395,0.007,0.008,5.179,6.159,0.9872,0.01012,270.82,51.43,0.55889552,0.7097973103999999,2.14,2.954221e-08,1.332608e-08,3.125655e-08,1.376919e-08,119.32,114.33,11274.27,10802.33,58.38,55.59
6.67638,9,0.6395,0.007,0.008,5.179,6.159,0.9872,0.01012,270.82,51.43,0.55889448,0.7097959896,2.14,2.956929e-08,1.332897e-08,3.11909e-08,1.373054e-08,119.17,114.18,11259.92,10788.67,58.30,55.51
6.67662,9,0.6395,0.007,0.008,5.179,6.159,0.9872,0.01012,270.82,51.43,0.5588935199999999,0.7097947703999999,2.14,2.956144e-08,1.333528e-08,3.109518e-08,1.371374e-08,119.33,114.56,11275.08,10824.39,58.39,55.72
6.67687,9,0.6396,0.007,0.008,5.179,6.159,0.9872,0.01012,270.82,51.43,0.55889252,0.7097935004,2.14,2.957655e-08,1.333156e-08,3.101604e-08,1.36746e-08,119.18,114.52,11260.63,10820.09,58.30,55.70
6.67713,9,0.6396,0.007,0.008,5.179,6.159,0.9872,0.01012,270.82,51.43,0.55889148,0.7097921796,2.14,2.95896e-08,1.333301e-08,3.094525e-08,1.363549e-08,119.11,114.40,11253.82,10808.89,58.26,55.63
6.67737,9,0.6396,0.007,0.008,5.179,6.159,0.9872,0.01012,270.82,51.43,0.55889052,0.7097909603999999,2.14,2.961198e-08,1.335557e-08,3.08588e-08,1.360467e-08,119.31,114.51,11272.99,10819.23,58.37,55.69
6.67762,9,0.6397,0.007,0.008,5.179,6.159,0.9872,0.01012,270.82,51.43,0.5588895199999999,0.7097896904,2.14,2.959471e-08,1.33522e-08,3.076534e-08,1.35678e-08,119.40,114.59,11281.55,10827.10,58.42,55.74
6.67788,9,0.6397,0.007,0.008,5.179,6.159,0.9872,0.01012,270.82,51.43,0.5588884799999999,0.7097883695999999,2.14,2.960286e-08,1.33577e-08,3.069334e-08,1.354029e-08,119.43,114.65,11284.36,10833.18,58.44,55.77
6.67812,9,0.6397,0.007,0.008,5.179,6.159,0.9872,0.01012,270.82,51.43,0.55888752,0.7097871504,2.14,2.960824e-08,1.335301e-08,3.062091e-08,1.350113e-08,119.31,114.55,11273.41,10822.84,58.38,55.71
6.67837,9,0.6398,0.007,0.008,5.179,6.159,0.9872,0.01012,270.82,51.43,0.5588865199999999,0.7097858803999999,2.14,2.963276e-08,1.335586e-08,3.050134e-08,1.345773e-08,119.20,114.71,11262.56,10837.95,58.31,55.80
6.67863,9,0.6398,0.007,0.008,5.179,6.159,0.9872,0.01012,270.82,51.43,0.5588854799999999,0.7097845596,2.14,2.960626e-08,1.335942e-08,3.042756e-08,1.341068e-08,119.45,114.48,11286.41,10817.03,58.45,55.68
6.67887,9,0.6398,0.007,0.008,5.179,6.159,0.9872,0.01012,270.82,51.43,0.55888452,0.7097833404,2.14,2.960032e-08,1.335869e-08,3.031687e-08,1.338824e-08,119.48,114.89,11289.41,10855.22,58.47,55.90
6.67912,9,0.6399,0.007,0.008,5.179,6.159,0.9872,0.01012,270.82,51.43,0.55888352,0.7097820704,2.14,2.958815e-08,1.334601e-08,3.021944e-08,1.33433e-08,119.39,114.88,11280.11,10854.13,58.42,55.90
6.67938,9,0.6399,0.007,0.008,5.179,6.159,0.9872,0.01012,270.82,51.43,0.55888248,0.7097807495999999,2.14,2.959539e-08,1.334618e-08,3.014712e-08,1.331686e-08,119.33,114.96,11275.34,10862.15,58.39,55.94
6.67962,9,0.6399,0.007,0.008,5.179,6.159,0.9872,0.01012,270.82,51.43,0.5588815199999999,0.7097795303999999,2.14,2.95613e-08,1.334694e-08,3.005362e-08,1.32724e-08,119.60,114.91,11300.22,10857.53,58.53,55.92
6.67988,9,0.6400,0.007,0.008,5.179,6.159,0.9872,0.01012,270.82,51.43,0.55888048,0.7097782096,2.14,2.956358e-08,1.334544e-08,2.99702e-08,1.323834e-08,119.58,114.97,11298.08,10863.31,58.52,55.95
6.68013,9,0.6400,0.007,0.008,5.179,6.159,0.9872,0.01012,270.82,51.43,0.55887948,0.7097769396,2.14,2.954237e-08,1.332426e-08,2.98648e-08,1.320438e-08,119.39,115.17,11280.17,10881.90,58.42,56.06
6.68037,9,0.6400,0.007,0.008,5.179,6.159,0.9872,0.01012,270.82,51.43,0.5588785199999999,0.7097757203999999,2.14,2.952178e-08,1.332076e-08,2.978919e-08,1.316708e-08,119.48,115.11,11289.10,10876.17,58.47,56.03
6.68063,9,0.6401,0.007,0.008,5.178,6.159,0.9872,0.01012,270.82,51.43,0.5588774799999999,0.7097743995999999,2.14,2.949064e-08,1.331573e-08,2.970615e-08,1.313327e-08,119.65,115.17,11304.82,10882.17,58.56,56.06
6.68088,9,0.6401,0.007,0.008,5.178,6.159,0.9872,0.01012,270.82,51.43,0.55887648,0.7097731296,2.14,2.947799e-08,1.330886e-08,2.962665e-08,1.309863e-08,119.63,115.18,11303.03,10882.93,58.55,56.07
6.68112,9,0.6401,0.007,0.008,5.178,6.159,0.9872,0.01012,270.82,51.43,0.55887552,0.7097719104,2.14,2.946652e-08,1.32996e-08,2.955544e-08,1.305802e-08,119.56,115.04,11296.71,10869.31,58.51,55.98
6.68138,9,0.6402,0.007,0.008,5.178,6.159,0.9872,0.01012,270.82,51.43,0.55887448,0.7097705896,2.14,2.942545e-08,1.328829e-08,2.947751e-08,1.303817e-08,119.70,115.29,11309.69,10892.83,58.59,56.12
6.68163,9,0.6402,0.007,0.008,5.178,6.159,0.9872,0.01012,270.82,51.43,0.5588734799999999,0.7097693195999999,2.14,2.940874e-08,1.326974e-08,2.940988e-08,1.30009e-08,119.52,115.17,11292.61,10881.79,58.49,56.06
6.68187,9,0.6402,0.007,0.008,5.178,6.159,0.9872,0.01012,270.82,51.43,0.55887252,0.7097681003999999,2.14,2.936443e-08,1.326358e-08,2.932829e-08,1.296834e-08,119.75,115.23,11314.11,10887.07,58.62,56.09
6.68213,9,0.6403,0.007,0.008,5.178,6.159,0.9872,0.01012,270.82,51.43,0.55887148,0.7097667796,2.14,2.933474e-08,1.325469e-08,2.926247e-08,1.29411e-08,119.84,115.27,11322.92,10891.58,58.67,56.12
6.68238,9,0.6403,0.007,0.008,5.178,6.159,0.9872,0.01012,270.82,51.43,0.55887048,0.7097655096,2.14,2.931392e-08,1.324411e-08,2.921407e-08,1.292093e-08,119.82,115.29,11321.09,10893.45,58.66,56.13
6.68262,9,0.6403,0.007,0.008,5.178,6.159,0.9872,0.01012,270.82,51.43,0.55886952,0.7097642904,2.14,2.927778e-08,1.322907e-08,2.914873e-08,1.290011e-08,119.84,115.42,11323.11,10905.69,58.67,56.20
6.68288,9,0.6404,0.007,0.008,5.178,6.159,0.9872,0.01012,270.82,51.43,0.55886848,0.7097629696,2.14,2.921777e-08,1.321144e-08,2.908275e-08,1.287906e-08,120.02,115.57,11339.73,10919.79,58.77,56.28
6.68313,9,0.6404,0.007,0.008,5.178,6.159,0.9872,0.01012,270.82,51.43,0.55886748,0.7097616996,2.14,2.918923e-08,1.319769e-08,2.902092e-08,1.286074e-08,120.00,115.72,11338.40,10933.62,58.76,56.36
6.68337,9,0.6404,0.007,0.008,5.178,6.159,0.9872,0.01012,270.82,51.43,0.5588665199999999,0.7097604804,2.14,2.91735e-08,1.318113e-08,2.896605e-08,1.284127e-08,119.85,115.80,11323.59,10941.03,58.67,56.41
6.68363,9,0.6405,0.007,0.008,5.178,6.159,0.9872,0.01012,270.82,51.43,0.5588654799999999,0.7097591595999999,2.14,2.91349e-08,1.315564e-08,2.892198e-08,1.281681e-08,119.73,115.73,11312.73,10935.20,58.61,56.37
6.68387,9,0.6405,0.007,0.008,5.178,6.159,0.9872,0.01012,270.82,51.43,0.55886452,0.7097579404,2.14,2.906433e-08,1.314657e-08,2.889563e-08,1.279782e-08,120.11,115.62,11348.61,10923.99,58.82,56.31
6.68412,9,0.6405,0.007,0.008,5.178,6.159,0.9872,0.01012,270.82,51.43,0.55886352,0.7097566703999999,2.14,2.904755e-08,1.314928e-08,2.884782e-08,1.277811e-08,120.28,115.64,11364.86,10926.24,58.91,56.32
6.68438,9,0.6406,0.007,0.008,5.178,6.159,0.9872,0.01012,270.82,51.43,0.5588624799999999,0.7097553496,2.14,2.902348e-08,1.312726e-08,2.876608e-08,1.276341e-08,120.11,116.01,11349.06,10961.10,58.82,56.53
6.68462,9,0.6406,0.007,0.008,5.178,6.159,0.9872,0.01012,270.82,51.43,0.55886152,0.7097541304,2.14,2.895452e-08,1.310936e-08,2.872545e-08,1.275537e-08,120.34,116.17,11370.11,10976.55,58.95,56.62
6.68487,9,0.6406,0.007,0.008,5.178,6.159,0.9872,0.01012,270.82,51.43,0.55886052,0.7097528604,2.14,2.894986e-08,1.309168e-08,2.870077e-08,1.273918e-08,120.08,116.09,11345.45,10968.45,58.80,56.57
6.68513,9,0.6407,0.007,0.008,5.178,6.159,0.9872,0.01012,270.82,51.43,0.55885948,0.7097515395999999,2.14,2.892937e-08,1.308989e-08,2.865318e-08,1.271922e-08,120.22,116.12,11359.07,10971.96,58.88,56.59
6.68537,9,0.6407,0.007,0.008,5.178,6.159,0.9872,0.01012,270.82,51.43,0.5588585199999999,0.7097503203999999,2.14,2.885481e-08,1.306385e-08,2.861121e-08,1.270794e-08,120.35,116.24,11371.30,10983.39,58.95,56.66
6.68562,9,0.6407,0.007,0.008,5.178,6.159,0.9872,0.01012,270.82,51.43,0.55885752,0.7097490504,2.14,2.881983e-08,1.305455e-08,2.858556e-08,1.269907e-08,120.46,116.29,11381.72,10987.31,59.01,56.68
6.68588,9,0.6407,0.007,0.008,5.178,6.159,0.9872,0.01012,270.82,51.43,0.55885648,0.7097477296,2.14,2.878925e-08,1.304685e-08,2.854229e-08,1.268052e-08,120.56,116.30,11391.54,10988.36,59.07,56.69
6.68612,9,0.6408,0.007,0.008,5.177,6.159,0.9872,0.01012,270.82,51.43,0.5588555199999999,0.7097465103999999,2.14,2.875833e-08,1.303338e-08,2.850385e-08,1.267353e-08,120.59,116.48,11394.18,11005.84,59.09,56.79
6.68637,9,0.6408,0.007,0.008,5.177,6.159,0.9872,0.01012,270.82,51.43,0.5588545199999999,0.7097452403999999,2.14,2.872238e-08,1.302065e-08,2.848258e-08,1.266068e-08,120.65,116.43,11399.89,11000.53,59.12,56.76
6.68663,9,0.6408,0.007,0.008,5.177,6.159,0.9872,0.01012,270.82,51.43,0.55885348,0.7097439196,2.14,2.870193e-08,1.300302e-08,2.845017e-08,1.265412e-08,120.51,116.56,11386.50,11012.83,59.04,56.83
6.68687,9,0.6409,0.007,0.008,5.177,6.159,0.9872,0.01012,270.82,51.43,0.55885252,0.7097427004,2.14,2.865891e-08,1.299409e-08,2.841552e-08,1.26387e-08,120.71,116.57,11405.22,11014.53,59.15,56.84
6.68712,9,0.6409,0.007,0.008,5.177,6.159,0.9872,0.01012,270.82,51.43,0.5588515199999999,0.7097414303999999,2.14,2.86413e-08,1.298155e-08,2.83909e-08,1.262357e-08,120.63,116.50,11397.90,11007.97,59.11,56.80
6.68738,9,0.6409,0.007,0.008,5.177,6.159,0.9872,0.01012,270.82,51.43,0.5588504799999999,0.7097401095999999,2.14,2.859533e-08,1.297822e-08,2.834309e-08,1.261452e-08,120.93,116.71,11426.09,11027.18,59.27,56.92
6.68762,9,0.6410,0.007,0.008,5.177,6.159,0.9872,0.01012,270.82,51.43,0.55884952,0.7097388904,2.14,2.857496e-08,1.296117e-08,2.830303e-08,1.260886e-08,120.82,116.93,11415.29,11048.12,59.21,57.04
6.68788,9,0.6410,0.007,0.008,5.177,6.159,0.9872,0.01012,270.82,51.43,0.55884848,0.7097375696,2.14,2.855021e-08,1.296245e-08,2.826229e-08,1.25807e-08,121.03,116.76,11435.48,11032.29,59.33,56.95
6.68813,9,0.6410,0.007,0.008,5.177,6.159,0.9872,0.01012,270.83,51.43,0.55884748,0.7097362996,2.14,2.850953e-08,1.293564e-08,2.821318e-08,1.257233e-08,120.89,116.99,11421.99,11053.67,59.25,57.07
6.68837,9,0.6411,0.007,0.008,5.177,6.159,0.9872,0.01012,270.83,51.43,0.5588465199999999,0.7097350803999999,2.14,2.850093e-08,1.293551e-08,2.81765e-08,1.25535e-08,120.97,116.97,11429.87,11051.44,59.30,57.06
6.68863,9,0.6411,0.007,0.008,5.177,6.159,0.9872,0.01012,270.83,51.43,0.55884548,0.7097337596000001,2.14,2.847344e-08,1.293628e-08,2.812851e-08,1.253934e-08,121.20,117.09,11451.34,11062.93,59.42,57.13
6.68888,9,0.6411,0.007,0.008,5.177,6.159,0.9872,0.01012,270.83,51.43,0.55884448,0.7097324896,2.14,2.845996e-08,1.292245e-08,2.809666e-08,1.252502e-08,121.07,117.08,11438.84,11062.74,59.35,57.13
6.68912,9,0.6412,0.007,0.008,5.177,6.159,0.9872,0.01012,270.83,51.43,0.5588435199999999,0.7097312704,2.14,2.843552e-08,1.291248e-08,2.801963e-08,1.250153e-08,121.10,117.29,11442.46,11081.82,59.37,57.24
6.68938,9,0.6412,0.007,0.008,5.177,6.159,0.9872,0.01012,270.83,51.43,0.5588424799999999,0.7097299495999999,2.14,2.839972e-08,1.29126e-08,2.798631e-08,1.249828e-08,121.39,117.48,11469.10,11100.45,59.53,57.35
6.68963,9,0.6412,0.007,0.008,5.177,6.159,0.9872,0.01012,270.83,51.43,0.55884148,0.7097286796,2.14,2.836895e-08,1.290311e-08,2.792462e-08,1.246724e-08,121.46,117.42,11476.44,11094.83,59.57,57.31
6.68987,9,0.6413,0.007,0.008,5.177,6.159,0.9872,0.01012,270.83,51.43,0.55884052,0.7097274603999999,2.14,2.837311e-08,1.288254e-08,2.786765e-08,1.245069e-08,121.09,117.59,11441.64,11110.89,59.37,57.41
6.69013,9,0.6413,0.007,0.008,5.177,6.159,0.9872,0.01012,270.83,51.43,0.5588394799999999,0.7097261396,2.14,2.83419e-08,1.288681e-08,2.779936e-08,1.242999e-08,121.41,117.76,11471.71,11126.76,59.54,57.50
6.69038,9,0.6413,0.007,0.008,5.177,6.159,0.9872,0.01012,270.83,51.43,0.5588384799999999,0.7097248695999999,2.14,2.831764e-08,1.2877e-08,2.774773e-08,1.241582e-08,121.43,117.92,11473.70,11141.23,59.56,57.59
6.69062,9,0.6414,0.007,0.008,5.177,6.159,0.9872,0.01012,270.83,51.43,0.55883752,0.7097236504,2.14,2.828806e-08,1.286495e-08,2.765866e-08,1.237986e-08,121.48,118.00,11477.78,11149.32,59.58,57.64
6.69088,9,0.6414,0.007,0.008,5.177,6.159,0.9872,0.01012,270.83,51.43,0.55883648,0.7097223295999999,2.14,2.828862e-08,1.286323e-08,2.759988e-08,1.235509e-08,121.44,118.03,11474.55,11151.83,59.56,57.65
6.69113,9,0.6414,0.007,0.008,5.177,6.159,0.9872,0.01012,270.83,51.43,0.5588354799999999,0.7097210596,2.14,2.826047e-08,1.285898e-08,2.752803e-08,1.232044e-08,121.59,117.98,11488.56,11147.76,59.64,57.63
6.69137,9,0.6415,0.007,0.008,5.176,6.159,0.9872,0.01012,270.83,51.43,0.55883452,0.7097198404,2.14,2.823559e-08,1.28412e-08,2.744357e-08,1.22977e-08,121.50,118.27,11479.76,11174.27,59.59,57.78
6.69163,9,0.6415,0.007,0.008,5.176,6.159,0.9872,0.01012,270.83,51.43,0.55883348,0.7097185196,2.14,2.818435e-08,1.283373e-08,2.737484e-08,1.226385e-08,121.77,118.21,11505.79,11169.24,59.74,57.75
6.69187,9,0.6415,0.007,0.008,5.176,6.159,0.9872,0.01012,270.83,51.43,0.5588325199999999,0.7097173003999999,2.14,2.815941e-08,1.282716e-08,2.729421e-08,1.223119e-08,121.86,118.27,11513.68,11174.97,59.79,57.79
6.69212,9,0.6416,0.007,0.008,5.176,6.159,0.9872,0.01012,270.83,51.43,0.5588315199999999,0.7097160303999999,2.14,2.813488e-08,1.280909e-08,2.722723e-08,1.219681e-08,121.76,118.21,11504.10,11169.46,59.73,57.75
6.69238,9,0.6416,0.007,0.008,5.176,6.159,0.9872,0.01012,270.83,51.43,0.5588304799999999,0.7097147095999999,2.14,2.812258e-08,1.279461e-08,2.712918e-08,1.216569e-08,121.60,118.44,11489.46,11190.80,59.65,57.88
6.69262,9,0.6416,0.007,0.008,5.176,6.159,0.9872,0.01012,270.83,51.43,0.55882952,0.7097134904,2.14,2.808191e-08,1.278673e-08,2.704316e-08,1.213453e-08,121.79,118.57,11507.00,11203.21,59.75,57.95
6.69287,9,0.6417,0.007,0.008,5.176,6.159,0.9872,0.01012,270.83,51.43,0.5588285199999999,0.7097122203999999,2.14,2.805565e-08,1.276742e-08,2.694896e-08,1.21002e-08,121.68,118.73,11496.64,11218.31,59.69,58.04
6.69313,9,0.6417,0.007,0.008,5.176,6.159,0.9872,0.01012,270.83,51.43,0.5588274799999999,0.7097108995999999,2.14,2.798792e-08,1.276411e-08,2.687164e-08,1.206675e-08,122.16,118.75,11542.29,11220.44,59.96,58.06
6.69337,9,0.6417,0.007,0.008,5.176,6.159,0.9872,0.01012,270.83,51.43,0.55882652,0.7097096804,2.14,2.796368e-08,1.274549e-08,2.678277e-08,1.202197e-08,122.03,118.67,11529.71,11212.20,59.88,58.01
6.69362,9,0.6418,0.007,0.008,5.176,6.159,0.9872,0.01012,270.83,51.43,0.55882552,0.7097084104,2.14,2.791999e-08,1.272025e-08,2.66684e-08,1.198956e-08,121.95,119.03,11522.64,11246.16,59.84,58.21
6.69388,9,0.6418,0.007,0.008,5.176,6.159,0.9872,0.01012,270.83,51.43,0.55882448,0.7097070896,2.14,2.786203e-08,1.270841e-08,2.659814e-08,1.194697e-08,122.21,118.83,11546.95,11227.37,59.99,58.10
6.69412,9,0.6418,0.007,0.008,5.176,6.159,0.9872,0.01012,270.83,51.43,0.55882352,0.7097058704,2.14,2.782699e-08,1.268197e-08,2.650124e-08,1.192037e-08,122.02,119.13,11529.47,11256.38,59.88,58.27
6.69437,9,0.6419,0.007,0.008,5.176,6.159,0.9872,0.01012,270.83,51.43,0.55882252,0.7097046003999999,2.14,2.779122e-08,1.266734e-08,2.642438e-08,1.187732e-08,122.07,119.00,11534.07,11243.55,59.91,58.19
6.69463,9,0.6419,0.007,0.008,5.176,6.159,0.9872,0.01012,270.83,51.43,0.55882148,0.7097032796,2.14,2.77316e-08,1.264285e-08,2.630631e-08,1.183832e-08,122.12,119.26,11538.57,11267.88,59.94,58.34
6.69487,9,0.6419,0.007,0.008,5.176,6.159,0.9872,0.01012,270.83,51.43,0.5588205199999999,0.7097020604,2.14,2.769322e-08,1.261355e-08,2.622701e-08,1.180378e-08,121.91,119.28,11518.76,11269.87,59.82,58.35
6.69512,9,0.6420,0.007,0.008,5.176,6.159,0.9872,0.01012,270.83,51.43,0.5588195199999999,0.7097007903999999,2.14,2.762616e-08,1.259929e-08,2.613505e-08,1.176768e-08,122.22,119.39,11547.96,11280.84,59.99,58.41
6.69538,9,0.6420,0.007,0.008,5.176,6.159,0.9872,0.01012,270.83,51.43,0.55881848,0.7096994696,2.14,2.756976e-08,1.258691e-08,2.604985e-08,1.172428e-08,122.46,119.30,11570.51,11272.03,60.13,58.36
6.69562,9,0.6420,0.007,0.008,5.176,6.159,0.9872,0.01012,270.83,51.43,0.55881752,0.7096982504,2.14,2.750957e-08,1.255507e-08,2.597582e-08,1.169458e-08,122.38,119.37,11563.12,11278.38,60.08,58.40
6.69588,9,0.6421,0.007,0.008,5.176,6.159,0.9872,0.01012,270.83,51.43,0.55881648,0.7096969296,2.14,2.744568e-08,1.251859e-08,2.588744e-08,1.166862e-08,122.27,119.64,11552.50,11304.50,60.02,58.55
6.69613,9,0.6421,0.007,0.008,5.176,6.159,0.9872,0.01012,270.83,51.43,0.5588154799999999,0.7096956595999999,2.14,2.738845e-08,1.24869e-08,2.580472e-08,1.16324e-08,122.17,119.66,11543.00,11306.39,59.96,58.56
6.69637,9,0.6421,0.007,0.008,5.176,6.159,0.9872,0.01012,270.83,51.43,0.55881452,0.7096944404,2.14,2.731526e-08,1.246971e-08,2.571495e-08,1.160063e-08,122.46,119.83,11570.59,11321.84,60.13,58.65
6.69663,9,0.6422,0.007,0.008,5.175,6.159,0.9872,0.01012,270.83,51.43,0.55881348,0.7096931195999999,2.14,2.72495e-08,1.244269e-08,2.563885e-08,1.156631e-08,122.53,119.85,11577.53,11323.63,60.17,58.66
6.69688,9,0.6422,0.007,0.008,5.175,6.159,0.9872,0.01012,270.83,51.43,0.55881248,0.7096918496,2.14,2.717552e-08,1.240659e-08,2.558042e-08,1.153745e-08,122.49,119.80,11573.55,11319.16,60.14,58.64
6.69712,9,0.6422,0.007,0.008,5.175,6.159,0.9872,0.01012,270.83,51.43,0.55881152,0.7096906304,2.14,2.708146e-08,1.238422e-08,2.549456e-08,1.150595e-08,122.87,119.94,11609.03,11332.12,60.35,58.71
6.69738,9,0.6423,0.007,0.008,5.175,6.159,0.9872,0.01012,270.83,51.43,0.55881048,0.7096893096,2.14,2.70304e-08,1.234526e-08,2.544628e-08,1.148022e-08,122.60,119.88,11583.85,11326.80,60.20,58.68
6.69763,9,0.6423,0.007,0.008,5.175,6.159,0.9872,0.01012,270.83,51.43,0.55880948,0.7096880395999999,2.14,2.695536e-08,1.231747e-08,2.537866e-08,1.145017e-08,122.72,119.89,11595.08,11327.62,60.27,58.69
6.69787,9,0.6423,0.007,0.008,5.175,6.159,0.9872,0.01012,270.83,51.43,0.5588085199999999,0.7096868203999999,2.14,2.68944e-08,1.228331e-08,2.529161e-08,1.142353e-08,122.60,120.13,11584.13,11350.49,60.20,58.82
6.69813,9,0.6424,0.007,0.008,5.175,6.159,0.9872,0.01012,270.83,51.43,0.5588074799999999,0.7096854995999999,2.14,2.681621e-08,1.224473e-08,2.525076e-08,1.141105e-08,122.57,120.26,11580.94,11363.11,60.19,58.90
6.69838,9,0.6424,0.007,0.008,5.175,6.159,0.9872,0.01012,270.83,51.43,0.55880648,0.7096842296,2.14,2.671839e-08,1.221625e-08,2.517605e-08,1.13849e-08,122.87,120.41,11609.25,11376.98,60.35,58.98
6.69862,9,0.6424,0.007,0.008,5.175,6.159,0.9872,0.01012,270.83,51.43,0.55880552,0.7096830103999999,2.14,2.666739e-08,1.218601e-08,2.514741e-08,1.135158e-08,122.74,120.02,11597.12,11339.84,60.28,58.76
6.69888,9,0.6425,0.007,0.008,5.175,6.159,0.9872,0.01012,270.83,51.43,0.5588044799999999,0.7096816895999999,2.14,2.65917e-08,1.214692e-08,2.507885e-08,1.13419e-08,122.68,120.45,11591.01,11380.50,60.24,59.00
6.69913,9,0.6425,0.007,0.008,5.175,6.159,0.9872,0.01012,270.83,51.43,0.5588034799999999,0.7096804196,2.14,2.651094e-08,1.212342e-08,2.502737e-08,1.132363e-08,122.93,120.55,11614.63,11389.71,60.38,59.05
6.69937,9,0.6425,0.007,0.008,5.175,6.159,0.9872,0.01012,270.83,51.43,0.55880252,0.7096792004,2.14,2.644668e-08,1.208261e-08,2.498333e-08,1.130462e-08,122.71,120.56,11594.43,11391.39,60.26,59.06
6.69963,9,0.6426,0.007,0.008,5.175,6.159,0.9872,0.01012,270.83,51.43,0.55880148,0.7096778796,2.14,2.635839e-08,1.205655e-08,2.495029e-08,1.128792e-08,123.00,120.55,11621.57,11389.94,60.43,59.06
6.69987,9,0.6426,0.007,0.008,5.175,6.159,0.9872,0.01012,270.83,51.43,0.5588005199999999,0.7096766603999999,2.14,2.62806e-08,1.202681e-08,2.48968e-08,1.126338e-08,123.11,120.54,11631.98,11389.31,60.49,59.05
6.70012,9,0.6426,0.007,0.008,5.175,6.159,0.9872,0.01012,270.83,51.43,0.55879952,0.7096753904,2.14,2.620391e-08,1.199084e-08,2.485207e-08,1.125042e-08,123.09,120.68,11630.42,11402.78,60.48,59.13
6.70038,9,0.6426,0.007,0.008,5.175,6.159,0.9872,0.01012,270.83,51.43,0.55879848,0.7096740696,2.14,2.615014e-08,1.196844e-08,2.480459e-08,1.124346e-08,123.13,120.97,11634.37,11429.78,60.50,59.29
6.70062,9,0.6427,0.007,0.008,5.175,6.159,0.9872,0.01012,270.83,51.43,0.5587975199999999,0.7096728503999999,2.14,2.607023e-08,1.192874e-08,2.477486e-08,1.122633e-08,123.09,120.92,11630.56,11424.75,60.48,59.26
6.70087,9,0.6427,0.007,0.008,5.175,6.159,0.9872,0.01012,270.83,51.43,0.5587965199999999,0.7096715803999999,2.14,2.5982e-08,1.190872e-08,2.476052e-08,1.121781e-08,123.48,120.88,11667.32,11420.99,60.70,59.24
6.70113,9,0.6427,0.007,0.008,5.175,6.159,0.9872,0.01012,270.83,51.43,0.55879548,0.7096702596000001,2.14,2.591901e-08,1.188244e-08,2.474308e-08,1.120343e-08,123.53,120.75,11672.01,11408.93,60.72,59.17
6.70137,9,0.6428,0.007,0.008,5.175,6.159,0.9872,0.01012,270.83,51.43,0.55879452,0.7096690404,2.14,2.586945e-08,1.185467e-08,2.47312e-08,1.120004e-08,123.46,120.81,11664.66,11414.41,60.68,59.20
6.70162,9,0.6428,0.007,0.008,5.175,6.159,0.9872,0.01012,270.83,51.43,0.5587935199999999,0.7096677704,2.14,2.578646e-08,1.183363e-08,2.467924e-08,1.119056e-08,123.78,121.08,11695.65,11440.66,60.86,59.35
6.70188,9,0.6428,0.007,0.008,5.175,6.159,0.9872,0.01012,270.83,51.43,0.5587924799999999,0.7096664495999999,2.14,2.571751e-08,1.181842e-08,2.469361e-08,1.118039e-08,124.10,120.75,11725.78,11409.51,61.04,59.17
6.70212,9,0.6429,0.007,0.008,5.174,6.159,0.9872,0.01012,270.83,51.43,0.55879152,0.7096652304,2.14,2.564498e-08,1.180746e-08,2.474439e-08,1.117103e-08,124.56,120.14,11768.86,11351.21,61.29,58.82
6.70237,9,0.6429,0.007,0.008,5.174,6.159,0.9872,0.01012,270.83,51.43,0.55879052,0.7096639603999999,2.14,2.558303e-08,1.17807e-08,2.478057e-08,1.116506e-08,124.59,119.70,11772.13,11310.02,61.31,58.58
6.70263,9,0.6429,0.007,0.008,5.175,6.159,0.9872,0.01012,270.83,51.43,0.55878948,0.7096626396,2.14,2.552686e-08,1.175342e-08,2.477051e-08,1.116072e-08,124.56,119.71,11769.50,11310.38,61.30,58.58
6.70287,9,0.6430,0.007,0.008,5.174,6.159,0.9872,0.01012,270.83,51.43,0.55878852,0.7096614204,2.14,2.546839e-08,1.173982e-08,2.468292e-08,1.114269e-08,124.85,120.14,11796.14,11351.88,61.46,58.83
6.70312,9,0.6430,0.007,0.008,5.174,6.159,0.9872,0.01012,270.83,51.43,0.55878752,0.7096601504,2.14,2.5415e-08,1.171561e-08,2.461787e-08,1.113818e-08,124.85,120.64,11796.89,11398.25,61.46,59.10
6.70338,9,0.6430,0.007,0.008,5.174,6.159,0.9872,0.01012,270.83,51.43,0.55878648,0.7096588295999999,2.14,2.53639e-08,1.16863e-08,2.4535e-08,1.11279e-08,124.74,121.18,11786.12,11449.39,61.40,59.40
6.70362,9,0.6431,0.007,0.008,5.174,6.159,0.9872,0.01013,270.83,51.43,0.5587855199999999,0.7096576103999999,2.14,2.529241e-08,1.165219e-08,2.449606e-08,1.111701e-08,124.74,121.33,11785.76,11463.95,61.39,59.49
6.70388,9,0.6431,0.007,0.008,5.174,6.159,0.9872,0.01013,270.83,51.43,0.5587844799999999,0.7096562895999999,2.14,2.525712e-08,1.162469e-08,2.442461e-08,1.111014e-08,124.51,121.84,11764.66,11512.43,61.27,59.78
6.70413,9,0.6431,0.007,0.008,5.174,6.159,0.9872,0.01013,270.83,51.43,0.55878348,0.7096550196,2.14,2.51858e-08,1.159371e-08,2.441513e-08,1.10875e-08,124.55,121.48,11768.13,11477.63,61.29,59.57
6.70437,9,0.6432,0.007,0.008,5.174,6.159,0.9872,0.01013,270.83,51.43,0.55878252,0.7096538003999999,2.14,2.513737e-08,1.157014e-08,2.447355e-08,1.10772e-08,124.54,120.76,11767.56,11409.92,61.29,59.17
6.70463,9,0.6432,0.007,0.008,5.174,6.159,0.9872,0.01013,270.83,51.43,0.5587814799999999,0.7096524795999999,2.14,2.508555e-08,1.156159e-08,2.453286e-08,1.108018e-08,124.85,120.29,11796.48,11365.20,61.46,58.91
6.70488,9,0.6432,0.007,0.008,5.174,6.159,0.9872,0.01013,270.83,51.43,0.5587804799999999,0.7096512095999999,2.14,2.503419e-08,1.153627e-08,2.450937e-08,1.107311e-08,124.82,120.36,11793.36,11371.82,61.44,58.95
6.70512,9,0.6433,0.007,0.008,5.174,6.159,0.9872,0.01013,270.83,51.43,0.55877952,0.7096499904,2.14,2.496526e-08,1.151754e-08,2.451051e-08,1.107472e-08,125.10,120.40,11820.00,11375.64,61.60,58.97
6.70538,9,0.6433,0.007,0.008,5.174,6.159,0.9872,0.01013,270.83,51.43,0.55877848,0.7096486696,2.14,2.496182e-08,1.150012e-08,2.470539e-08,1.107332e-08,124.78,118.65,11789.87,11210.44,61.42,57.99
6.70563,9,0.6433,0.007,0.008,5.174,6.159,0.9872,0.01013,270.83,51.43,0.5587774799999999,0.7096473995999999,2.14,2.494148e-08,1.147963e-08,2.476826e-08,1.105808e-08,124.56,117.81,11768.73,11131.23,61.29,57.52
6.70587,9,0.6434,0.007,0.008,5.174,6.159,0.9872,0.01013,270.83,51.43,0.55877652,0.7096461804,2.14,2.490832e-08,1.145305e-08,2.461574e-08,1.103437e-08,124.35,118.69,11749.05,11214.45,61.18,58.01
6.70613,9,0.6434,0.007,0.008,5.174,6.159,0.9872,0.01013,270.83,51.43,0.55877548,0.7096448596,2.14,2.482524e-08,1.145592e-08,2.435436e-08,1.103263e-08,125.18,120.98,11827.54,11431.21,61.64,59.30
6.70638,9,0.6434,0.007,0.008,5.174,6.159,0.9872,0.01013,270.83,51.43,0.55877448,0.7096435896,2.14,2.472095e-08,1.143888e-08,2.41668e-08,1.100076e-08,125.81,122.06,11887.53,11532.98,61.99,59.90
6.70662,9,0.6435,0.007,0.008,5.174,6.159,0.9872,0.01013,270.83,51.43,0.5587735199999999,0.7096423703999999,2.14,2.462876e-08,1.141013e-08,2.402206e-08,1.096706e-08,126.12,122.74,11916.41,11597.24,62.17,60.28
6.70688,9,0.6435,0.007,0.008,5.174,6.159,0.9872,0.01013,270.83,51.43,0.55877248,0.7096410496000001,2.14,2.454556e-08,1.138569e-08,2.388166e-08,1.094117e-08,126.41,123.54,11943.98,11672.25,62.33,60.72
6.70712,9,0.6435,0.007,0.008,5.174,6.159,0.9872,0.01013,270.83,51.43,0.55877152,0.7096398304,2.14,2.446818e-08,1.137334e-08,2.383357e-08,1.092307e-08,126.90,123.62,11990.28,11680.01,62.60,60.77
6.70737,9,0.6436,0.007,0.008,5.174,6.159,0.9872,0.01013,270.83,51.43,0.5587705199999999,0.7096385604,2.14,2.441421e-08,1.135043e-08,2.380992e-08,1.090482e-08,126.97,123.48,11996.44,11667.18,62.64,60.69
6.70763,9,0.6436,0.007,0.008,5.174,6.159,0.9872,0.01013,270.83,51.43,0.5587694799999999,0.7096372395999999,2.14,2.436366e-08,1.133684e-08,2.375967e-08,1.089651e-08,127.17,123.79,12016.07,11696.30,62.75,60.86
6.70787,9,0.6436,0.007,0.008,5.174,6.159,0.9872,0.01013,270.83,51.43,0.55876852,0.7096360204,2.14,2.432326e-08,1.130848e-08,2.369006e-08,1.089819e-08,126.97,124.50,11997.10,11763.30,62.64,61.26
6.70812,9,0.6437,0.007,0.008,5.173,6.159,0.9872,0.01013,270.83,51.43,0.55876752,0.7096347504,2.14,2.428189e-08,1.128963e-08,2.369322e-08,1.08729e-08,127.00,123.95,11999.73,11711.78,62.66,60.95
6.70838,9,0.6437,0.007,0.008,5.173,6.159,0.9872,0.01013,270.83,51.43,0.55876648,0.7096334296,2.14,2.421537e-08,1.126134e-08,2.370822e-08,1.083856e-08,127.06,123.09,12004.98,11630.03,62.69,60.47
6.70862,9,0.6437,0.007,0.008,5.173,6.159,0.9872,0.01013,270.83,51.43,0.55876552,0.7096322104,2.14,2.415107e-08,1.124675e-08,2.3687e-08,1.082143e-08,127.38,122.93,12035.62,11615.34,62.87,60.38
6.70887,9,0.6438,0.007,0.008,5.173,6.159,0.9872,0.01013,270.83,51.43,0.55876452,0.7096309404,2.14,2.40781e-08,1.121192e-08,2.357948e-08,1.079514e-08,127.38,123.43,12035.78,11662.56,62.87,60.66
6.70913,9,0.6438,0.007,0.008,5.173,6.159,0.9872,0.01013,270.83,51.43,0.55876348,0.7096296195999999,2.14,2.399138e-08,1.118202e-08,2.347279e-08,1.075938e-08,127.61,123.71,12056.93,11688.78,63.00,60.82
6.70937,9,0.6438,0.007,0.008,5.173,6.159,0.9872,0.01013,270.83,51.43,0.5587625199999999,0.7096284004,2.14,2.390621e-08,1.114685e-08,2.338081e-08,1.070018e-08,127.70,123.35,12066.11,11654.51,63.05,60.62
6.70962,9,0.6439,0.007,0.008,5.173,6.159,0.9872,0.01013,270.83,51.43,0.55876152,0.7096271304,2.14,2.382841e-08,1.110564e-08,2.325521e-08,1.065094e-08,127.62,123.54,12057.94,11672.97,63.00,60.72
6.70988,9,0.6439,0.007,0.008,5.173,6.159,0.9872,0.01013,270.83,51.43,0.55876048,0.7096258096,2.14,2.376101e-08,1.108353e-08,2.316094e-08,1.062137e-08,127.82,123.84,12076.93,11700.63,63.11,60.89
6.71012,9,0.6439,0.007,0.008,5.173,6.159,0.9872,0.01013,270.83,51.43,0.55875952,0.7096245903999999,2.14,2.369742e-08,1.105852e-08,2.306157e-08,1.05927e-08,127.92,124.20,12086.46,11735.21,63.17,61.09
6.71037,9,0.6440,0.007,0.008,5.173,6.159,0.9872,0.01013,270.83,51.43,0.5587585199999999,0.7096233203999999,2.14,2.361034e-08,1.10306e-08,2.299834e-08,1.056335e-08,128.22,124.21,12114.52,11736.40,63.33,61.10
6.71063,9,0.6440,0.007,0.008,5.173,6.159,0.9872,0.01013,270.83,51.43,0.5587574799999999,0.7096219995999999,2.14,2.35557e-08,1.099624e-08,2.293249e-08,1.054132e-08,128.02,124.39,12096.28,11753.34,63.23,61.20
6.71087,9,0.6440,0.007,0.008,5.173,6.159,0.9872,0.01013,270.83,51.43,0.55875652,0.7096207804,2.14,2.349234e-08,1.097481e-08,2.287943e-08,1.051661e-08,128.20,124.39,12113.15,11752.68,63.33,61.19
6.71113,9,0.6441,0.007,0.008,5.173,6.159,0.9872,0.01013,270.83,51.43,0.55875548,0.7096194596,2.14,2.340155e-08,1.094997e-08,2.281722e-08,1.048034e-08,128.61,124.24,12151.63,11738.60,63.55,61.11
6.71138,9,0.6441,0.007,0.008,5.173,6.159,0.9872,0.01013,270.83,51.43,0.5587544799999999,0.7096181895999999,2.14,2.332935e-08,1.092142e-08,2.277019e-08,1.047875e-08,128.73,124.68,12162.59,11780.21,63.62,61.36
6.71162,9,0.6441,0.007,0.008,5.173,6.159,0.9872,0.01013,270.83,51.43,0.55875352,0.7096169704,2.14,2.32425e-08,1.088305e-08,2.273143e-08,1.044584e-08,128.78,124.35,12167.40,11748.80,63.65,61.17
6.71188,9,0.6442,0.007,0.008,5.173,6.159,0.9872,0.01013,270.83,51.43,0.55875248,0.7096156496,2.14,2.318158e-08,1.084683e-08,2.266677e-08,1.042826e-08,128.62,124.63,12153.07,11775.98,63.56,61.33
6.71213,9,0.6442,0.007,0.008,5.173,6.159,0.9872,0.01013,270.83,51.43,0.55875148,0.7096143796,2.14,2.309551e-08,1.082883e-08,2.261656e-08,1.040806e-08,129.12,124.70,12200.23,11782.06,63.84,61.37
6.71237,9,0.6442,0.007,0.008,5.173,6.159,0.9872,0.01013,270.83,51.43,0.5587505199999999,0.7096131603999999,2.14,2.302681e-08,1.079345e-08,2.258436e-08,1.039625e-08,129.05,124.76,12193.49,11788.38,63.80,61.41
6.71263,9,0.6443,0.007,0.008,5.173,6.159,0.9872,0.01013,270.83,51.43,0.5587494799999999,0.7096118395999998,2.14,2.294532e-08,1.076623e-08,2.253295e-08,1.037491e-08,129.32,124.84,12218.84,11795.10,63.95,61.44
6.71288,9,0.6443,0.007,0.008,5.173,6.159,0.9872,0.01013,270.83,51.43,0.55874848,0.7096105696,2.14,2.2876e-08,1.074444e-08,2.248617e-08,1.036503e-08,129.56,125.10,12241.88,11819.75,64.09,61.59
6.71312,9,0.6443,0.007,0.008,5.173,6.159,0.9872,0.01013,270.83,51.43,0.5587475199999999,0.7096093504,2.14,2.282996e-08,1.071138e-08,2.24442e-08,1.033238e-08,129.30,124.80,12217.29,11791.58,63.94,61.42
6.71338,9,0.6444,0.007,0.008,5.172,6.159,0.9872,0.01013,270.83,51.43,0.5587464799999999,0.7096080295999999,2.14,2.273997e-08,1.067904e-08,2.241528e-08,1.032221e-08,129.55,124.89,12240.52,11800.07,64.08,61.47
6.71363,9,0.6444,0.007,0.008,5.172,6.159,0.9872,0.01013,270.83,51.43,0.55874548,0.7096067596000001,2.14,2.267184e-08,1.06575e-08,2.235731e-08,1.031233e-08,129.79,125.27,12263.20,11835.84,64.21,61.69
6.71387,9,0.6444,0.007,0.008,5.172,6.159,0.9872,0.01013,270.83,51.43,0.55874452,0.7096055404,2.14,2.259611e-08,1.062098e-08,2.23133e-08,1.029432e-08,129.77,125.32,12261.19,11840.73,64.20,61.71
6.71413,9,0.6445,0.007,0.008,5.172,6.159,0.9872,0.01013,270.83,51.43,0.55874348,0.7096042196,2.14,2.254155e-08,1.059981e-08,2.229278e-08,1.028394e-08,129.89,125.32,12272.87,11840.62,64.27,61.71
6.71438,9,0.6445,0.007,0.008,5.172,6.159,0.9872,0.01013,270.83,51.43,0.5587424799999999,0.7096029495999999,2.14,2.246639e-08,1.057196e-08,2.227061e-08,1.02741e-08,130.07,125.33,12289.32,11841.44,64.37,61.72
6.71462,9,0.6445,0.007,0.008,5.172,6.159,0.9872,0.01013,270.83,51.43,0.55874152,0.7096017304,2.14,2.241295e-08,1.054697e-08,2.224238e-08,1.026361e-08,130.07,125.38,12289.66,11846.87,64.37,61.75
6.71488,9,0.6446,0.007,0.008,5.172,6.159,0.9872,0.01013,270.83,51.43,0.55874048,0.7096004096,2.14,2.235443e-08,1.052e-08,2.220051e-08,1.025393e-08,130.10,125.62,12292.82,11869.43,64.39,61.88
6.71512,9,0.6446,0.007,0.008,5.172,6.159,0.9872,0.01013,270.83,51.43,0.5587395199999999,0.7095991904,2.14,2.229415e-08,1.049577e-08,2.218339e-08,1.023464e-08,130.20,125.36,12301.98,11844.95,64.44,61.74
6.71537,9,0.6446,0.007,0.008,5.172,6.159,0.9872,0.01013,270.83,51.43,0.5587385199999999,0.7095979203999999,2.14,2.224051e-08,1.047751e-08,2.216518e-08,1.023162e-08,130.36,125.49,12317.52,11856.53,64.53,61.81
6.71563,9,0.6446,0.007,0.008,5.172,6.159,0.9872,0.01013,270.83,51.43,0.55873748,0.7095965996,2.14,2.217659e-08,1.046261e-08,2.212838e-08,1.022154e-08,130.72,125.64,12351.47,11871.43,64.73,61.89
6.71587,9,0.6447,0.007,0.008,5.172,6.159,0.9872,0.01013,270.83,51.43,0.55873652,0.7095953803999999,2.14,2.213877e-08,1.043627e-08,2.211845e-08,1.021619e-08,130.54,125.65,12334.38,11871.62,64.63,61.90
6.71612,9,0.6447,0.007,0.008,5.172,6.159,0.9872,0.01013,270.83,51.43,0.5587355199999999,0.7095941103999999,2.14,2.208177e-08,1.041243e-08,2.209234e-08,1.021058e-08,130.62,125.79,12341.17,11885.57,64.67,61.98
6.71638,9,0.6447,0.007,0.008,5.172,6.159,0.9872,0.01013,270.83,51.43,0.5587344799999999,0.7095927895999999,2.14,2.2045e-08,1.039534e-08,2.207097e-08,1.021203e-08,130.62,126.05,12341.73,11910.14,64.68,62.12
6.71662,9,0.6448,0.007,0.008,5.172,6.159,0.9872,0.01013,270.83,51.43,0.55873352,0.7095915704,2.14,2.201105e-08,1.03797e-08,2.206478e-08,1.020188e-08,130.65,125.91,12344.47,11896.17,64.69,62.04
6.71687,9,0.6448,0.007,0.008,5.172,6.159,0.9872,0.01013,270.83,51.43,0.55873252,0.7095903003999999,2.14,2.196146e-08,1.03664e-08,2.20341e-08,1.019393e-08,130.89,126.05,12367.24,11909.72,64.83,62.12
6.71713,9,0.6448,0.007,0.008,5.172,6.159,0.9872,0.01013,270.83,51.43,0.55873148,0.7095889795999999,2.14,2.191589e-08,1.035508e-08,2.20408e-08,1.019165e-08,131.14,125.93,12390.34,11898.03,64.96,62.05
6.71737,9,0.6449,0.007,0.008,5.172,6.159,0.9872,0.01013,270.83,51.43,0.55873052,0.7095877604,2.14,2.188806e-08,1.032651e-08,2.201787e-08,1.01871e-08,130.79,126.08,12357.28,11913.05,64.77,62.14
6.71762,9,0.6449,0.007,0.008,5.172,6.159,0.9872,0.01013,270.83,51.43,0.55872952,0.7095864904,2.14,2.186772e-08,1.032677e-08,2.200231e-08,1.019013e-08,131.02,126.32,12379.65,11935.34,64.90,62.27
6.71788,9,0.6449,0.007,0.008,5.172,6.159,0.9872,0.01013,270.83,51.43,0.55872848,0.7095851696,2.14,2.182159e-08,1.032158e-08,2.200161e-08,1.018e-08,131.42,126.09,12417.47,11913.97,65.12,62.15
6.71812,9,0.6450,0.007,0.008,5.172,6.159,0.9872,0.01013,270.83,51.43,0.5587275199999999,0.7095839503999999,2.14,2.180434e-08,1.030672e-08,2.197853e-08,1.017488e-08,131.28,126.24,12404.10,11927.94,65.04,62.23
6.71837,9,0.6450,0.007,0.008,5.172,6.159,0.9872,0.01013,270.83,51.43,0.55872652,0.7095826804,2.14,2.179235e-08,1.029686e-08,2.197351e-08,1.016911e-08,131.18,126.16,12394.53,11920.42,64.99,62.18
6.71863,9,0.6450,0.007,0.008,5.172,6.159,0.9872,0.01013,270.83,51.43,0.55872548,0.7095813596,2.14,2.176424e-08,1.029086e-08,2.196056e-08,1.01636e-08,131.36,126.17,12411.17,11921.48,65.08,62.19
6.71887,9,0.6451,0.007,0.008,5.171,6.159,0.9872,0.01013,270.83,51.43,0.55872452,0.7095801404,2.14,2.173923e-08,1.028658e-08,2.194216e-08,1.016067e-08,131.56,126.32,12430.40,11935.54,65.20,62.27
6.71913,9,0.6451,0.007,0.008,5.171,6.159,0.9872,0.01013,270.83,51.43,0.5587234799999999,0.7095788195999999,2.14,2.173065e-08,1.027854e-08,2.193391e-08,1.015691e-08,131.46,126.32,12421.27,11935.67,65.14,62.27
6.71938,9,0.6451,0.007,0.008,5.171,6.159,0.9872,0.01013,270.83,51.43,0.5587224799999999,0.7095775495999999,2.14,2.170605e-08,1.027668e-08,2.193883e-08,1.015184e-08,131.70,126.15,12443.73,11919.60,65.28,62.18
6.71962,9,0.6452,0.007,0.008,5.171,6.159,0.9872,0.01013,270.83,51.43,0.55872152,0.7095763304,2.14,2.169676e-08,1.027854e-08,2.191073e-08,1.014757e-08,131.87,126.38,12460.06,11940.58,65.37,62.30
6.71988,9,0.6452,0.007,0.008,5.171,6.159,0.9872,0.01013,270.83,51.43,0.55872048,0.7095750096,2.14,2.169988e-08,1.027596e-08,2.188703e-08,1.015077e-08,131.77,126.70,12450.72,11971.72,65.32,62.49
6.72013,9,0.6452,0.007,0.008,5.171,6.159,0.9872,0.01013,270.83,51.43,0.5587194799999999,0.7095737395999999,2.14,2.169879e-08,1.027752e-08,2.188322e-08,1.015149e-08,131.83,126.76,12455.50,11977.19,65.35,62.52
6.72037,9,0.6453,0.007,0.008,5.171,6.159,0.9872,0.01013,270.83,51.43,0.55871852,0.7095725204,2.14,2.168841e-08,1.02829e-08,2.187531e-08,1.014309e-08,132.10,126.67,12481.17,11968.64,65.50,62.47
6.72063,9,0.6453,0.007,0.008,5.171,6.159,0.9872,0.01013,270.83,51.43,0.55871748,0.7095711996,2.14,2.16617e-08,1.027374e-08,2.183837e-08,1.013577e-08,132.18,126.90,12489.27,11990.27,65.55,62.59
6.72088,9,0.6453,0.007,0.008,5.171,6.159,0.9872,0.01013,270.83,51.43,0.55871648,0.7095699296,2.14,2.168458e-08,1.027967e-08,2.183731e-08,1.012869e-08,132.06,126.75,12477.91,11975.73,65.48,62.51
6.72112,9,0.6454,0.007,0.008,5.171,6.159,0.9872,0.01013,270.83,51.43,0.5587155199999999,0.7095687103999999,2.14,2.166251e-08,1.028326e-08,2.181165e-08,1.011854e-08,132.43,126.81,12512.35,11981.46,65.68,62.54
6.72138,9,0.6454,0.007,0.008,5.171,6.159,0.9872,0.01013,270.83,51.43,0.55871448,0.7095673896,2.14,2.168885e-08,1.028379e-08,2.180507e-08,1.010793e-08,132.13,126.63,12484.68,11964.77,65.52,62.44
6.72163,9,0.6454,0.007,0.008,5.171,6.159,0.9872,0.01013,270.83,51.43,0.55871348,0.7095661196,2.14,2.167544e-08,1.029338e-08,2.178914e-08,1.011652e-08,132.52,127.01,12521.58,12000.09,65.74,62.65
6.72187,9,0.6455,0.007,0.008,5.171,6.159,0.9872,0.01013,270.83,51.43,0.5587125199999999,0.7095649004,2.14,2.167002e-08,1.029241e-08,2.177461e-08,1.01054e-08,132.58,126.92,12527.23,11992.26,65.77,62.61
6.72213,9,0.6455,0.007,0.008,5.171,6.159,0.9872,0.01013,270.83,51.43,0.5587114799999999,0.7095635795999999,2.14,2.167966e-08,1.030077e-08,2.175354e-08,1.010333e-08,132.68,127.10,12536.00,12009.36,65.82,62.71
6.72238,9,0.6455,0.007,0.008,5.171,6.159,0.9872,0.01013,270.83,51.43,0.55871048,0.7095623096,2.14,2.168878e-08,1.03066e-08,2.172887e-08,1.008859e-08,132.71,127.03,12539.47,12002.07,65.84,62.66
6.72262,9,0.6456,0.007,0.008,5.171,6.159,0.9872,0.01013,270.83,51.43,0.55870952,0.7095610903999999,2.14,2.167261e-08,1.031017e-08,2.172342e-08,1.008893e-08,133.01,127.11,12567.55,12010.31,66.01,62.71
6.72288,9,0.6456,0.007,0.008,5.171,6.159,0.9872,0.01013,270.83,51.43,0.55870848,0.7095597696,2.14,2.168713e-08,1.031658e-08,2.171144e-08,1.00851e-08,133.00,127.15,12566.39,12014.17,66.00,62.74
6.72312,9,0.6456,0.007,0.008,5.171,6.159,0.9872,0.01013,270.83,51.43,0.55870752,0.7095585504,2.14,2.170629e-08,1.033044e-08,2.167562e-08,1.007753e-08,133.12,127.37,12577.41,12034.39,66.07,62.85
6.72337,9,0.6457,0.007,0.008,5.171,6.159,0.9872,0.01013,270.83,51.43,0.55870652,0.7095572804,2.14,2.170017e-08,1.032359e-08,2.165613e-08,1.006318e-08,133.04,127.26,12570.21,12024.44,66.02,62.80
6.72363,9,0.6457,0.007,0.008,5.171,6.159,0.9872,0.01013,270.83,51.43,0.55870548,0.7095559596,2.14,2.169852e-08,1.033765e-08,2.165146e-08,1.005846e-08,133.40,127.20,12604.74,12018.75,66.23,62.76
6.72387,9,0.6457,0.007,0.008,5.171,6.159,0.9872,0.01013,270.83,51.43,0.5587045199999999,0.7095547403999999,2.14,2.17152e-08,1.034601e-08,2.161875e-08,1.005791e-08,133.41,127.55,12605.70,12051.53,66.23,62.96
6.72412,9,0.6458,0.007,0.008,5.170,6.159,0.9872,0.01013,270.83,51.43,0.55870352,0.7095534704,2.14,2.171412e-08,1.03483e-08,2.162131e-08,1.004792e-08,133.50,127.30,12614.18,12028.36,66.28,62.82
6.72438,9,0.6458,0.007,0.008,5.170,6.159,0.9872,0.01013,270.83,51.43,0.55870248,0.7095521496,2.14,2.172744e-08,1.035099e-08,2.158819e-08,1.00431e-08,133.41,127.56,12605.67,12052.06,66.23,62.96
6.72462,9,0.6458,0.007,0.008,5.170,6.159,0.9872,0.01013,270.83,51.43,0.55870152,0.7095509304,2.14,2.172659e-08,1.035496e-08,2.159569e-08,1.00445e-08,133.52,127.51,12615.85,12047.38,66.29,62.93
6.72487,9,0.6459,0.007,0.008,5.170,6.159,0.9872,0.01013,270.83,51.43,0.5587005199999999,0.7095496603999999,2.14,2.172164e-08,1.037208e-08,2.157044e-08,1.003092e-08,134.02,127.48,12663.24,12045.12,66.57,62.92
6.72513,9,0.6459,0.007,0.008,5.170,6.159,0.9872,0.01013,270.83,51.43,0.5586994799999999,0.7095483395999999,2.14,2.175699e-08,1.037505e-08,2.155438e-08,1.00299e-08,133.68,127.64,12630.84,12059.61,66.38,63.00
6.72537,9,0.6459,0.007,0.008,5.170,6.159,0.9872,0.01013,270.84,51.43,0.55869852,0.7095471204,2.14,2.175327e-08,1.038071e-08,2.154324e-08,1.002102e-08,133.86,127.55,12648.15,12051.30,66.48,62.95
6.72562,9,0.6460,0.007,0.008,5.170,6.159,0.9872,0.01013,270.84,51.43,0.55869752,0.7095458504,2.14,2.175907e-08,1.038182e-08,2.153177e-08,1.002546e-08,133.84,127.80,12646.25,12075.18,66.47,63.09
6.72588,9,0.6460,0.007,0.008,5.170,6.159,0.9872,0.01013,270.84,51.43,0.5586964799999999,0.7095445295999999,2.14,2.176531e-08,1.038993e-08,2.15269e-08,1.002415e-08,133.97,127.82,12658.20,12077.34,66.54,63.11
6.72612,9,0.6460,0.007,0.008,5.170,6.159,0.9872,0.01013,270.84,51.43,0.55869552,0.7095433104,2.14,2.175679e-08,1.039528e-08,2.151134e-08,1.002466e-08,134.20,128.01,12680.18,12094.85,66.67,63.21
6.72637,9,0.6461,0.007,0.008,5.170,6.159,0.9872,0.01013,270.84,51.43,0.55869452,0.7095420404,2.14,2.177883e-08,1.040752e-08,2.153115e-08,1.002495e-08,134.27,127.81,12686.14,12076.55,66.71,63.10
6.72663,9,0.6461,0.007,0.008,5.197,6.159,0.9871,0.01013,270.84,51.43,0.55869348,0.7095407196,2.14,2.178732e-08,1.04155e-08,2.151554e-08,1.00264e-08,134.35,128.01,12694.01,12095.01,66.75,63.21
6.72687,9,0.6461,0.007,0.008,5.197,6.159,0.9871,0.01013,270.84,51.43,0.5586925199999999,0.7095395003999999,2.14,2.179114e-08,1.042188e-08,2.150239e-08,1.00264e-08,134.46,128.16,12704.64,12108.87,66.82,63.29
6.72713,9,0.6462,0.007,0.008,5.197,6.159,0.9871,0.01013,270.84,51.43,0.5586914799999999,0.7095381795999999,2.14,2.180072e-08,1.043006e-08,2.151444e-08,1.003553e-08,134.57,128.26,12715.02,12118.69,66.88,63.35
6.72738,9,0.6462,0.007,0.008,5.197,6.159,0.9871,0.01013,270.84,51.43,0.55869048,0.7095369096,2.14,2.178818e-08,1.043751e-08,2.149876e-08,1.003399e-08,134.91,128.40,12746.51,12131.77,67.06,63.43
6.72762,9,0.6462,0.007,0.008,5.197,6.159,0.9871,0.01013,270.84,51.43,0.5586895199999999,0.7095356904,2.14,2.180131e-08,1.044719e-08,2.15154e-08,1.004214e-08,134.99,128.41,12754.45,12132.64,67.11,63.43
6.72788,9,0.6463,0.007,0.008,5.197,6.159,0.9871,0.01013,270.84,51.43,0.5586884799999999,0.7095343695999999,2.14,2.183552e-08,1.045068e-08,2.151882e-08,1.004402e-08,134.69,128.43,12726.26,12135.16,66.94,63.45
6.72813,9,0.6463,0.007,0.008,5.197,6.159,0.9871,0.01013,270.84,51.43,0.55868748,0.7095330996,2.14,2.181931e-08,1.046539e-08,2.152524e-08,1.004858e-08,135.25,128.47,12778.88,12138.70,67.25,63.47
6.72837,9,0.6463,0.007,0.008,5.197,6.159,0.9871,0.01013,270.84,51.43,0.55868652,0.7095318803999999,2.14,2.18229e-08,1.047018e-08,2.152667e-08,1.005492e-08,135.32,128.61,12786.08,12151.56,67.30,63.54
6.72863,9,0.6464,0.007,0.008,5.196,6.159,0.9871,0.01013,270.84,51.43,0.55868548,0.7095305596,2.14,2.182813e-08,1.048203e-08,2.153641e-08,1.006396e-08,135.58,128.74,12810.00,12163.62,67.44,63.62
6.72888,9,0.6464,0.007,0.008,5.196,6.159,0.9871,0.01013,270.84,51.43,0.5586844799999999,0.7095292896,2.14,2.185889e-08,1.048701e-08,2.155246e-08,1.007139e-08,135.33,128.73,12787.03,12163.46,67.30,63.61
6.72912,9,0.6464,0.007,0.008,5.196,6.159,0.9871,0.01013,270.84,51.43,0.55868352,0.7095280704,2.14,2.187728e-08,1.051023e-08,2.157637e-08,1.008013e-08,135.69,128.68,12820.79,12157.96,67.50,63.58
6.72938,9,0.6465,0.007,0.008,5.196,6.159,0.9871,0.01013,270.84,51.43,0.55868248,0.7095267496,2.14,2.187138e-08,1.052528e-08,2.157987e-08,1.00998e-08,136.16,129.13,12864.84,12200.73,67.76,63.83
6.72963,9,0.6465,0.007,0.008,5.196,6.159,0.9871,0.01013,270.84,51.43,0.55868148,0.7095254795999999,2.14,2.190278e-08,1.0538e-08,2.159701e-08,1.010349e-08,136.10,129.02,12859.22,12190.90,67.73,63.78
6.72987,9,0.6465,0.007,0.008,5.196,6.159,0.9871,0.01013,270.84,51.43,0.55868052,0.7095242604,2.14,2.191562e-08,1.055188e-08,2.16256e-08,1.012032e-08,136.29,129.11,12877.33,12198.73,67.84,63.82
6.73013,9,0.6466,0.007,0.008,5.196,6.159,0.9871,0.01013,270.84,51.43,0.55867948,0.7095229396,2.14,2.192442e-08,1.056401e-08,2.163992e-08,1.01377e-08,136.51,129.38,12897.91,12224.82,67.96,63.98
6.73038,9,0.6466,0.007,0.008,5.196,6.159,0.9871,0.01013,270.84,51.43,0.55867848,0.7095216696,2.14,2.195768e-08,1.05791e-08,2.167335e-08,1.014924e-08,136.48,129.28,12895.71,12215.49,67.94,63.92
6.73062,9,0.6466,0.007,0.008,5.196,6.159,0.9871,0.01013,270.84,51.43,0.5586775199999999,0.7095204503999999,2.14,2.196817e-08,1.059208e-08,2.169961e-08,1.015778e-08,136.68,129.20,12914.36,12206.99,68.05,63.87
6.73088,9,0.6467,0.007,0.008,5.196,6.159,0.9871,0.01013,270.84,51.43,0.5586764799999999,0.7095191295999999,2.14,2.201594e-08,1.061496e-08,2.172436e-08,1.018287e-08,136.70,129.54,12916.00,12239.40,68.06,64.06
6.73112,9,0.6467,0.007,0.008,5.196,6.159,0.9871,0.01013,270.84,51.43,0.55867552,0.7095179104,2.14,2.203907e-08,1.063202e-08,2.174361e-08,1.020283e-08,136.85,129.80,12929.87,12264.14,68.15,64.21
6.73137,9,0.6467,0.007,0.008,5.196,6.159,0.9871,0.01013,270.84,51.43,0.55867452,0.7095166404,2.14,2.20751e-08,1.065454e-08,2.178207e-08,1.021958e-08,136.97,129.77,12941.93,12261.21,68.22,64.19
6.73163,9,0.6467,0.007,0.008,5.196,6.159,0.9871,0.01013,270.84,51.43,0.55867348,0.7095153195999999,2.14,2.210069e-08,1.068504e-08,2.182417e-08,1.02367e-08,137.42,129.71,12984.56,12255.28,68.47,64.16
6.73187,9,0.6468,0.007,0.008,5.196,6.159,0.9871,0.01013,270.84,51.43,0.55867252,0.7095141004000001,2.14,2.214665e-08,1.069991e-08,2.184182e-08,1.024782e-08,137.26,129.79,12969.32,12263.58,68.38,64.21
6.73212,9,0.6468,0.007,0.008,5.196,6.159,0.9871,0.01013,270.84,51.43,0.55867152,0.7095128304,2.14,2.217946e-08,1.073488e-08,2.187605e-08,1.027137e-08,137.74,129.97,13014.16,12280.45,68.64,64.30
6.73238,9,0.6468,0.007,0.008,5.196,6.159,0.9871,0.01013,270.84,51.43,0.55867048,0.7095115096,2.14,2.222419e-08,1.075117e-08,2.189733e-08,1.02882e-08,137.60,130.14,13001.60,12295.85,68.57,64.40
6.73262,9,0.6469,0.007,0.008,5.196,6.159,0.9871,0.01013,270.84,51.43,0.5586695199999999,0.7095102903999999,2.14,2.226751e-08,1.077019e-08,2.192938e-08,1.030861e-08,137.58,130.28,12999.09,12309.81,68.55,64.48
6.73287,9,0.6469,0.007,0.008,5.196,6.159,0.9871,0.01013,270.84,51.43,0.55866852,0.7095090204,2.14,2.230711e-08,1.080456e-08,2.197477e-08,1.032709e-08,137.95,130.22,13034.64,12303.38,68.76,64.44
6.73313,9,0.6469,0.007,0.008,5.196,6.159,0.9871,0.01013,270.84,51.43,0.55866748,0.7095076996,2.14,2.234062e-08,1.083484e-08,2.201687e-08,1.034746e-08,138.30,130.23,13067.50,12304.70,68.96,64.45
6.73337,9,0.6470,0.007,0.008,5.196,6.159,0.9871,0.01013,270.84,51.43,0.5586665199999999,0.7095064804,2.14,2.240779e-08,1.086351e-08,2.203874e-08,1.036169e-08,138.23,130.34,13060.40,12315.46,68.92,64.51
6.73362,9,0.6470,0.007,0.008,5.196,6.159,0.9871,0.01013,270.84,51.43,0.5586655199999999,0.7095052103999999,2.14,2.244862e-08,1.089998e-08,2.206933e-08,1.038332e-08,138.64,130.51,13099.30,12331.71,69.15,64.61
6.73388,9,0.6470,0.007,0.008,5.196,6.159,0.9871,0.01013,270.84,51.43,0.5586644799999999,0.7095038895999999,2.14,2.249963e-08,1.091599e-08,2.21238e-08,1.040938e-08,138.42,130.53,13078.90,12332.67,69.03,64.61
6.73412,9,0.6471,0.007,0.008,5.195,6.159,0.9871,0.01013,270.84,51.43,0.55866352,0.7095026703999999,2.14,2.255701e-08,1.095496e-08,2.214527e-08,1.041737e-08,138.72,130.50,13106.79,12329.86,69.19,64.60
6.73438,9,0.6471,0.007,0.008,5.195,6.159,0.9871,0.01013,270.84,51.43,0.55866248,0.7095013496,2.14,2.262959e-08,1.098168e-08,2.217073e-08,1.044083e-08,138.51,130.77,13087.03,12355.52,69.07,64.75
6.73463,9,0.6471,0.007,0.008,5.195,6.159,0.9871,0.01013,270.84,51.43,0.5586614799999999,0.7095000795999999,2.14,2.267547e-08,1.101875e-08,2.222387e-08,1.046153e-08,138.87,130.66,13121.28,12345.87,69.28,64.69
6.73487,9,0.6472,0.007,0.008,5.195,6.159,0.9871,0.01013,270.84,51.43,0.55866052,0.7094988604,2.14,2.274803e-08,1.105608e-08,2.224975e-08,1.048036e-08,138.94,130.84,13128.09,12362.60,69.32,64.79
6.73513,9,0.6472,0.007,0.008,5.195,6.159,0.9871,0.01013,270.84,51.43,0.55865948,0.7094975396,2.14,2.280255e-08,1.108902e-08,2.22963e-08,1.049353e-08,139.10,130.64,13142.95,12343.12,69.40,64.67
6.73538,9,0.6472,0.007,0.008,5.195,6.159,0.9871,0.01013,270.84,51.43,0.55865848,0.7094962696,2.14,2.287802e-08,1.112234e-08,2.233228e-08,1.051812e-08,139.02,130.82,13135.17,12360.12,69.36,64.77
6.73562,9,0.6473,0.007,0.008,5.195,6.159,0.9871,0.01013,270.84,51.43,0.5586575199999999,0.7094950503999999,2.14,2.294811e-08,1.11514e-08,2.235934e-08,1.053261e-08,138.92,130.88,13125.72,12365.90,69.30,64.81
6.73588,9,0.6473,0.007,0.008,5.195,6.159,0.9871,0.01013,270.84,51.43,0.55865648,0.7094937296,2.14,2.302396e-08,1.119969e-08,2.238887e-08,1.055281e-08,139.19,131.02,13151.83,12379.85,69.46,64.89
6.73613,9,0.6473,0.007,0.008,5.195,6.159,0.9871,0.01013,270.84,51.43,0.55865548,0.7094924596,2.14,2.307948e-08,1.122981e-08,2.243128e-08,1.057563e-08,139.27,131.09,13158.93,12386.12,69.50,64.93
6.73637,9,0.6474,0.007,0.008,5.195,6.159,0.9871,0.01013,270.84,51.43,0.5586545199999999,0.7094912403999999,2.14,2.313954e-08,1.126477e-08,2.247778e-08,1.059296e-08,139.43,131.00,13174.03,12377.88,69.59,64.88
6.73663,9,0.6474,0.007,0.008,5.195,6.159,0.9871,0.01013,270.84,51.43,0.5586534799999999,0.7094899196,2.14,2.321486e-08,1.131407e-08,2.250881e-08,1.060707e-08,139.73,130.99,13202.76,12376.75,69.76,64.87
6.73688,9,0.6474,0.007,0.008,5.195,6.159,0.9871,0.01013,270.84,51.43,0.55865248,0.7094886496,2.14,2.326855e-08,1.135089e-08,2.252095e-08,1.062965e-08,139.99,131.39,13226.97,12413.99,69.90,65.09
6.73712,9,0.6475,0.007,0.008,5.195,6.159,0.9871,0.01013,270.84,51.43,0.55865152,0.7094874304,2.14,2.336814e-08,1.138633e-08,2.2559e-08,1.064173e-08,139.70,131.27,13199.27,12402.93,69.73,65.03
6.73738,9,0.6475,0.007,0.008,5.195,6.159,0.9871,0.01013,270.84,51.43,0.55865048,0.7094861095999999,2.14,2.343794e-08,1.142234e-08,2.257686e-08,1.065761e-08,139.74,131.44,13203.78,12419.37,69.76,65.12
6.73763,9,0.6475,0.007,0.008,5.195,6.159,0.9871,0.01013,270.84,51.43,0.5586494799999999,0.7094848395999999,2.14,2.350679e-08,1.145543e-08,2.263653e-08,1.067541e-08,139.73,131.20,13202.74,12396.57,69.76,64.99
6.73787,9,0.6476,0.007,0.008,5.195,6.159,0.9871,0.01013,270.84,51.43,0.55864852,0.7094836204,2.14,2.356865e-08,1.149506e-08,2.266646e-08,1.069491e-08,139.98,131.35,13226.06,12410.31,69.89,65.07
6.73813,9,0.6476,0.007,0.008,5.195,6.159,0.9871,0.01013,270.84,51.43,0.55864748,0.7094822996,2.14,2.365315e-08,1.153693e-08,2.27052e-08,1.07119e-08,140.00,131.32,13227.53,12407.48,69.90,65.05
6.73837,9,0.6476,0.007,0.008,5.195,6.159,0.9871,0.01013,270.84,51.43,0.5586465199999999,0.7094810803999999,2.14,2.373412e-08,1.157828e-08,2.27297e-08,1.073091e-08,140.04,131.49,13231.67,12423.81,69.93,65.15
6.73862,9,0.6477,0.007,0.008,5.195,6.159,0.9871,0.01013,270.84,51.43,0.55864552,0.7094798104,2.14,2.381865e-08,1.161386e-08,2.276367e-08,1.075171e-08,139.93,131.62,13221.15,12436.16,69.86,65.22
6.73888,9,0.6477,0.007,0.008,5.195,6.159,0.9871,0.01014,270.84,51.43,0.55864448,0.7094784896,2.14,2.387061e-08,1.164918e-08,2.281834e-08,1.077076e-08,140.16,131.46,13243.30,12421.37,69.99,65.13
6.73912,9,0.6477,0.007,0.008,5.195,6.159,0.9871,0.01014,270.84,51.43,0.55864352,0.7094772704,2.14,2.393577e-08,1.167816e-08,2.283235e-08,1.078907e-08,140.10,131.73,13237.06,12446.92,69.96,65.29
6.73937,9,0.6478,0.007,0.008,5.194,6.159,0.9871,0.01014,270.84,51.43,0.5586425199999999,0.7094760003999999,2.14,2.402872e-08,1.171942e-08,2.28842e-08,1.080423e-08,140.02,131.54,13230.08,12428.47,69.92,65.18
6.73963,9,0.6478,0.007,0.008,5.194,6.159,0.9871,0.01014,270.84,51.43,0.5586414799999999,0.7094746795999999,2.14,2.410013e-08,1.175303e-08,2.292412e-08,1.081768e-08,139.99,131.41,13227.41,12416.74,69.90,65.11
6.73987,9,0.6478,0.007,0.008,5.195,6.159,0.9871,0.01014,270.84,51.43,0.55864052,0.7094734603999999,2.14,2.415432e-08,1.178653e-08,2.297851e-08,1.083982e-08,140.16,131.33,13242.92,12409.09,69.99,65.06
6.74012,9,0.6479,0.007,0.008,5.194,6.159,0.9871,0.01014,270.84,51.43,0.55863952,0.7094721904,2.14,2.421288e-08,1.183257e-08,2.301205e-08,1.085745e-08,140.59,131.40,13283.25,12414.92,70.23,65.10
6.74038,9,0.6479,0.007,0.008,5.194,6.159,0.9871,0.01014,270.84,51.43,0.5586384799999999,0.7094708695999999,2.14,2.428268e-08,1.185653e-08,2.30557e-08,1.088307e-08,140.35,131.51,13261.05,12425.79,70.10,65.16
6.74062,9,0.6479,0.007,0.008,5.194,6.159,0.9871,0.01014,270.84,51.43,0.55863752,0.7094696504,2.14,2.436136e-08,1.189754e-08,2.309501e-08,1.090592e-08,140.41,131.61,13266.70,12435.06,70.13,65.21
6.74087,9,0.6480,0.007,0.008,5.194,6.159,0.9871,0.01014,270.84,51.43,0.55863652,0.7094683803999999,2.14,2.443255e-08,1.192787e-08,2.314469e-08,1.092046e-08,140.33,131.43,13259.11,12417.76,70.09,65.11
6.74113,9,0.6480,0.007,0.008,5.194,6.159,0.9871,0.01014,270.84,51.43,0.55863548,0.7094670596,2.14,2.451199e-08,1.196106e-08,2.319314e-08,1.095581e-08,140.20,131.71,13247.00,12444.62,70.01,65.27
6.74137,9,0.6480,0.007,0.008,5.194,6.159,0.9871,0.01014,270.84,51.43,0.5586345199999999,0.7094658403999999,2.14,2.455904e-08,1.199623e-08,2.324946e-08,1.097393e-08,140.48,131.52,13273.39,12426.41,70.17,65.16
6.74162,9,0.6481,0.007,0.008,5.194,6.159,0.9871,0.01014,270.84,51.43,0.55863352,0.7094645704,2.14,2.463304e-08,1.203638e-08,2.329424e-08,1.099831e-08,140.59,131.61,13284.08,12435.28,70.23,65.22
6.74188,9,0.6481,0.007,0.008,5.194,6.159,0.9871,0.01014,270.84,51.43,0.55863248,0.7094632496,2.14,2.46769e-08,1.20692e-08,2.335611e-08,1.102392e-08,140.85,131.53,13308.64,12427.59,70.38,65.17
6.74212,9,0.6481,0.007,0.008,5.194,6.159,0.9871,0.01014,270.84,51.43,0.5586315199999999,0.7094620303999999,2.14,2.476604e-08,1.209438e-08,2.340657e-08,1.104904e-08,140.44,131.56,13269.09,12430.36,70.14,65.19
6.74238,9,0.6482,0.007,0.008,5.194,6.159,0.9871,0.01014,270.84,51.43,0.5586304799999999,0.7094607096,2.14,2.483561e-08,1.212253e-08,2.345349e-08,1.108351e-08,140.33,131.86,13258.68,12458.51,70.08,65.35
6.74263,9,0.6482,0.007,0.008,5.194,6.159,0.9871,0.01014,270.84,51.43,0.55862948,0.7094594396,2.14,2.489167e-08,1.216305e-08,2.352849e-08,1.109626e-08,140.62,131.35,13286.76,12410.39,70.25,65.07
6.74287,9,0.6482,0.007,0.008,5.194,6.159,0.9871,0.01014,270.84,51.43,0.55862852,0.7094582204,2.14,2.496791e-08,1.219225e-08,2.35899e-08,1.113885e-08,140.44,131.65,13269.62,12439.20,70.15,65.24
6.74313,9,0.6483,0.007,0.008,5.194,6.159,0.9871,0.01014,270.84,51.43,0.55862748,0.7094568995999999,2.14,2.50188e-08,1.223215e-08,2.365999e-08,1.116413e-08,140.80,131.50,13303.65,12424.64,70.35,65.15
6.74338,9,0.6483,0.007,0.008,5.194,6.159,0.9871,0.01014,270.84,51.43,0.5586264799999999,0.7094556295999999,2.14,2.506452e-08,1.226712e-08,2.371586e-08,1.120202e-08,141.09,131.76,13330.48,12448.89,70.51,65.29
6.74362,9,0.6483,0.007,0.008,5.194,6.159,0.9871,0.01014,270.84,51.43,0.55862552,0.7094544104,2.14,2.514673e-08,1.229573e-08,2.378989e-08,1.122978e-08,140.82,131.60,13305.84,12433.77,70.36,65.21
6.74388,9,0.6484,0.007,0.008,5.194,6.159,0.9871,0.01014,270.84,51.43,0.55862448,0.7094530896,2.14,2.520559e-08,1.232579e-08,2.385491e-08,1.127031e-08,140.88,131.83,13310.60,12456.28,70.39,65.34
6.74413,9,0.6484,0.007,0.008,5.194,6.159,0.9871,0.01014,270.84,51.43,0.55862348,0.7094518195999999,2.14,2.527254e-08,1.236215e-08,2.393346e-08,1.129896e-08,140.96,131.65,13318.23,12438.62,70.43,65.23
6.74437,9,0.6484,0.007,0.008,5.194,6.159,0.9871,0.01014,270.84,51.43,0.55862252,0.7094506004000001,2.14,2.533958e-08,1.239397e-08,2.398693e-08,1.133767e-08,140.93,131.94,13316.19,12466.67,70.42,65.40
6.74463,9,0.6485,0.007,0.008,5.194,6.159,0.9871,0.01014,270.84,51.43,0.55862148,0.7094492796,2.14,2.540004e-08,1.24235e-08,2.407773e-08,1.13777e-08,140.96,131.90,13318.15,12462.60,70.43,65.38
6.74488,9,0.6485,0.007,0.008,5.194,6.159,0.9871,0.01014,270.84,51.43,0.55862048,0.7094480096,2.14,2.547871e-08,1.245897e-08,2.414879e-08,1.140732e-08,140.89,131.81,13311.86,12454.40,70.40,65.33
6.74512,9,0.6485,0.007,0.008,5.194,6.159,0.9871,0.01014,270.84,51.43,0.5586195199999999,0.7094467903999999,2.14,2.553237e-08,1.250393e-08,2.423236e-08,1.144674e-08,141.30,131.81,13350.98,12454.29,70.63,65.33
6.74538,9,0.6486,0.007,0.008,5.193,6.159,0.9871,0.01014,270.84,51.43,0.5586184799999999,0.7094454695999999,2.14,2.562156e-08,1.252801e-08,2.433488e-08,1.148585e-08,140.89,131.63,13312.22,12437.09,70.40,65.22
6.74563,9,0.6486,0.007,0.008,5.193,6.159,0.9871,0.01014,270.84,51.43,0.55861748,0.7094441996,2.14,2.567675e-08,1.257348e-08,2.440963e-08,1.153369e-08,141.30,131.90,13350.63,12462.79,70.63,65.38
6.74587,9,0.6486,0.007,0.008,5.193,6.159,0.9871,0.01014,270.84,51.43,0.55861652,0.7094429804,2.14,2.575225e-08,1.260635e-08,2.449088e-08,1.157567e-08,141.21,131.98,13342.12,12470.12,70.57,65.42
6.74613,9,0.6487,0.007,0.008,5.193,6.159,0.9871,0.01014,270.84,51.43,0.5586154799999999,0.7094416595999999,2.14,2.581532e-08,1.263394e-08,2.455922e-08,1.16114e-08,141.16,132.07,13337.39,12479.03,70.55,65.47
6.74637,9,0.6487,0.007,0.008,5.193,6.159,0.9871,0.01014,270.84,51.43,0.55861452,0.7094404404,2.14,2.589129e-08,1.268547e-08,2.466878e-08,1.165216e-08,141.47,131.84,13367.00,12456.64,70.72,65.34
6.74662,9,0.6487,0.007,0.008,5.193,6.159,0.9871,0.01014,270.84,51.43,0.55861352,0.7094391703999999,2.14,2.596643e-08,1.271826e-08,2.474524e-08,1.170206e-08,141.38,132.13,13358.71,12484.51,70.67,65.50
6.74688,9,0.6487,0.007,0.008,5.193,6.159,0.9871,0.01014,270.84,51.43,0.55861248,0.7094378496,2.14,2.602696e-08,1.276678e-08,2.485365e-08,1.174016e-08,141.80,131.85,13397.53,12458.01,70.90,65.35
6.74712,9,0.6488,0.007,0.008,5.193,6.159,0.9871,0.01014,270.84,51.43,0.5586115199999999,0.7094366303999999,2.14,2.612788e-08,1.280686e-08,2.493013e-08,1.177315e-08,141.61,131.81,13380.27,12453.64,70.80,65.32
6.74737,9,0.6488,0.007,0.008,5.193,6.159,0.9871,0.01014,270.84,51.43,0.55861052,0.7094353604,2.14,2.620333e-08,1.284543e-08,2.50092e-08,1.182726e-08,141.65,132.16,13383.52,12487.19,70.82,65.52
6.74763,9,0.6488,0.007,0.008,5.193,6.159,0.9871,0.01014,270.84,51.43,0.55860948,0.7094340396,2.14,2.627561e-08,1.288424e-08,2.510038e-08,1.186939e-08,141.72,132.14,13390.40,12485.21,70.86,65.51
6.74787,9,0.6489,0.007,0.008,5.193,6.159,0.9871,0.01014,270.84,51.43,0.5586085199999999,0.7094328203999999,2.14,2.635944e-08,1.293321e-08,2.520611e-08,1.191661e-08,141.91,132.10,13408.46,12481.61,70.97,65.49
6.74812,9,0.6489,0.007,0.008,5.193,6.159,0.9871,0.01014,270.84,51.43,0.5586075199999999,0.7094315503999999,2.14,2.644684e-08,1.297141e-08,2.528095e-08,1.195575e-08,141.81,132.18,13398.96,12489.06,70.91,65.53
6.74838,9,0.6489,0.007,0.008,5.193,6.159,0.9871,0.01014,270.84,51.43,0.5586064799999999,0.7094302295999999,2.14,2.654338e-08,1.301347e-08,2.539266e-08,1.200087e-08,141.70,132.02,13388.28,12473.86,70.85,65.44
6.74862,9,0.6490,0.007,0.008,5.193,6.159,0.9871,0.01014,270.84,51.43,0.55860552,0.7094290104,2.14,2.660474e-08,1.306174e-08,2.547254e-08,1.204177e-08,142.11,132.11,13427.02,12481.97,71.08,65.49
6.74887,9,0.6490,0.007,0.008,5.193,6.159,0.9871,0.01014,270.84,51.43,0.5586045199999999,0.7094277403999999,2.14,2.669191e-08,1.311383e-08,2.55719e-08,1.208204e-08,142.31,131.97,13445.74,12468.85,71.19,65.41
6.74913,9,0.6490,0.007,0.008,5.193,6.159,0.9871,0.01014,270.84,51.43,0.5586034799999999,0.7094264196,2.14,2.678978e-08,1.315892e-08,2.566708e-08,1.212409e-08,142.24,131.91,13439.73,12463.16,71.15,65.38
6.74937,9,0.6491,0.007,0.008,5.193,6.159,0.9871,0.01014,270.84,51.43,0.55860252,0.7094252004,2.14,2.687096e-08,1.319818e-08,2.573737e-08,1.216888e-08,142.25,132.17,13440.57,12487.62,71.15,65.52
6.74962,9,0.6491,0.007,0.008,5.193,6.159,0.9871,0.01014,270.84,51.43,0.55860152,0.7094239304,2.14,2.696721e-08,1.325113e-08,2.582433e-08,1.220772e-08,142.37,132.12,13451.89,12483.20,71.22,65.49
6.74988,9,0.6491,0.007,0.008,5.193,6.159,0.9871,0.01014,270.84,51.43,0.55860048,0.7094226095999999,2.14,2.705798e-08,1.330989e-08,2.590567e-08,1.225416e-08,142.67,132.28,13480.08,12498.66,71.39,65.59
6.75012,9,0.6492,0.007,0.008,5.193,6.159,0.9871,0.01014,270.84,51.43,0.5585995199999999,0.7094213903999999,2.14,2.715007e-08,1.33456e-08,2.600376e-08,1.228805e-08,142.49,132.05,13463.12,12476.48,71.29,65.45
6.75038,9,0.6492,0.007,0.008,5.193,6.159,0.9871,0.01014,270.84,51.43,0.55859848,0.7094200696,2.14,2.722703e-08,1.339671e-08,2.608658e-08,1.23305e-08,142.77,132.11,13489.42,12482.84,71.44,65.49
6.75063,9,0.6492,0.007,0.008,5.193,6.159,0.9871,0.01014,270.84,51.43,0.55859748,0.7094187996,2.14,2.733366e-08,1.345204e-08,2.614568e-08,1.237012e-08,142.83,132.35,13495.08,12505.24,71.48,65.62
6.75087,9,0.6493,0.007,0.008,5.192,6.159,0.9871,0.01014,270.84,51.43,0.5585965199999999,0.7094175803999999,2.14,2.742311e-08,1.349719e-08,2.623415e-08,1.2407e-08,142.87,132.27,13499.38,12497.65,71.50,65.58
6.75113,9,0.6493,0.007,0.008,5.192,6.159,0.9871,0.01014,270.84,51.43,0.5585954799999999,0.7094162595999999,2.14,2.751151e-08,1.355188e-08,2.630624e-08,1.243922e-08,143.11,132.23,13521.35,12494.08,71.63,65.56
6.75138,9,0.6493,0.007,0.008,5.192,6.159,0.9871,0.01014,270.84,51.43,0.55859448,0.7094149896,2.14,2.761394e-08,1.360528e-08,2.637749e-08,1.247432e-08,143.17,132.26,13527.12,12496.76,71.67,65.57
6.75162,9,0.6494,0.007,0.008,5.192,6.159,0.9871,0.01014,270.84,51.43,0.55859352,0.7094137704,2.14,2.770804e-08,1.364877e-08,2.645852e-08,1.251129e-08,143.13,132.26,13523.59,12496.12,71.64,65.57
6.75188,9,0.6494,0.007,0.008,5.192,6.159,0.9871,0.01014,270.84,51.43,0.55859248,0.7094124495999999,2.14,2.779688e-08,1.370766e-08,2.65147e-08,1.254644e-08,143.44,132.43,13553.07,12512.36,71.82,65.67
6.75213,9,0.6494,0.007,0.008,5.192,6.159,0.9871,0.01014,270.84,51.43,0.5585914799999999,0.7094111795999999,2.14,2.788292e-08,1.37581e-08,2.661711e-08,1.258117e-08,143.61,132.15,13568.65,12486.50,71.91,65.51
6.75237,9,0.6495,0.007,0.008,5.192,6.159,0.9871,0.01014,270.84,51.43,0.55859052,0.7094099603999999,2.14,2.797259e-08,1.380236e-08,2.668022e-08,1.260767e-08,143.63,132.11,13570.77,12482.17,71.92,65.49
6.75263,9,0.6495,0.007,0.008,5.192,6.159,0.9871,0.01014,270.84,51.43,0.55858948,0.7094086396,2.14,2.807558e-08,1.386002e-08,2.674166e-08,1.26419e-08,143.77,132.21,13584.01,12491.91,72.00,65.54
6.75288,9,0.6495,0.007,0.008,5.192,6.159,0.9871,0.01014,270.84,51.43,0.5585884799999999,0.7094073696,2.14,2.816271e-08,1.38965e-08,2.681634e-08,1.267871e-08,143.64,132.24,13571.41,12494.72,71.93,65.56
6.75312,9,0.6496,0.007,0.008,5.192,6.159,0.9871,0.01014,270.84,51.43,0.55858752,0.7094061504,2.14,2.825163e-08,1.394409e-08,2.688723e-08,1.269963e-08,143.73,132.01,13580.64,12473.18,71.98,65.43
6.75338,9,0.6496,0.007,0.008,5.192,6.159,0.9871,0.01014,270.84,51.43,0.55858648,0.7094048296,2.14,2.832274e-08,1.399114e-08,2.695054e-08,1.274071e-08,143.98,132.23,13603.58,12493.95,72.12,65.56
6.75363,9,0.6496,0.007,0.008,5.192,6.159,0.9871,0.01014,270.84,51.43,0.55858548,0.7094035596,2.14,2.842582e-08,1.403721e-08,2.700495e-08,1.277608e-08,143.88,132.42,13594.30,12511.87,72.06,65.66
6.75387,9,0.6497,0.007,0.008,5.192,6.159,0.9871,0.01014,270.84,51.43,0.5585845199999999,0.7094023403999999,2.14,2.851053e-08,1.408592e-08,2.707438e-08,1.278667e-08,144.04,132.01,13609.52,12472.59,72.15,65.43
6.75413,9,0.6497,0.007,0.008,5.192,6.159,0.9871,0.01014,270.84,51.43,0.5585834799999999,0.7094010195999999,2.14,2.857396e-08,1.412832e-08,2.714068e-08,1.281738e-08,144.26,131.99,13630.62,12471.48,72.28,65.42
6.75437,9,0.6497,0.007,0.008,5.192,6.159,0.9871,0.01014,270.84,51.43,0.55858252,0.7093998004,2.14,2.865096e-08,1.416362e-08,2.718557e-08,1.285182e-08,144.21,132.25,13625.34,12495.87,72.24,65.57
6.75462,9,0.6498,0.007,0.008,5.192,6.159,0.9871,0.01014,270.84,51.43,0.5585815199999999,0.7093985303999999,2.14,2.873907e-08,1.421041e-08,2.726251e-08,1.287625e-08,144.29,132.04,13633.57,12475.85,72.29,65.45
6.75488,9,0.6498,0.007,0.008,5.192,6.159,0.9871,0.01014,270.84,51.43,0.5585804799999999,0.7093972096,2.14,2.87902e-08,1.42451e-08,2.732523e-08,1.291438e-08,144.48,132.21,13651.41,12491.44,72.40,65.54
6.75512,9,0.6498,0.007,0.008,5.192,6.159,0.9871,0.01014,270.84,51.43,0.55857952,0.7093959904,2.14,2.887587e-08,1.428862e-08,2.738477e-08,1.293271e-08,144.50,132.02,13653.55,12473.50,72.41,65.43
6.75537,9,0.6499,0.007,0.008,5.192,6.159,0.9871,0.01014,270.84,51.43,0.55857852,0.7093947204,2.14,2.896044e-08,1.432526e-08,2.741553e-08,1.295192e-08,144.42,132.13,13645.83,12483.98,72.36,65.50
6.75563,9,0.6499,0.007,0.008,5.192,6.159,0.9871,0.01014,270.84,51.43,0.55857748,0.7093933995999999,2.14,2.899557e-08,1.436229e-08,2.74883e-08,1.299275e-08,144.82,132.25,13682.88,12495.74,72.58,65.57
6.75587,9,0.6499,0.007,0.008,5.192,6.159,0.9871,0.01014,270.84,51.43,0.5585765199999999,0.7093921803999998,2.14,2.90812e-08,1.441187e-08,2.756656e-08,1.301705e-08,144.96,132.01,13696.37,12472.68,72.66,65.43
6.75612,9,0.6500,0.007,0.008,5.191,6.159,0.9871,0.01014,270.84,51.43,0.55857552,0.7093909104,2.14,2.91304e-08,1.442893e-08,2.76224e-08,1.304515e-08,144.83,132.06,13684.71,12477.73,72.59,65.46
6.75638,9,0.6500,0.007,0.008,5.191,6.159,0.9871,0.01014,270.84,51.43,0.55857448,0.7093895896,2.14,2.919361e-08,1.446226e-08,2.769291e-08,1.307505e-08,144.87,132.00,13688.50,12471.59,72.62,65.42
6.75662,9,0.6500,0.007,0.008,5.191,6.159,0.9871,0.01014,270.84,51.43,0.5585735199999999,0.7093883703999999,2.14,2.924826e-08,1.449901e-08,2.775046e-08,1.309785e-08,145.07,131.91,13706.63,12463.71,72.72,65.38
6.75687,9,0.6501,0.007,0.008,5.191,6.159,0.9871,0.01014,270.84,51.43,0.5585725199999999,0.7093871003999999,2.14,2.932624e-08,1.452423e-08,2.781504e-08,1.312256e-08,144.82,131.82,13683.64,12455.25,72.59,65.33
6.75713,9,0.6501,0.007,0.008,5.191,6.159,0.9871,0.01014,270.84,51.43,0.55857148,0.7093857796,2.14,2.937531e-08,1.455248e-08,2.787508e-08,1.315694e-08,144.90,131.94,13690.99,12466.11,72.63,65.39
6.75737,9,0.6501,0.007,0.008,5.191,6.159,0.9871,0.01014,270.84,51.43,0.55857052,0.7093845604,2.14,2.94194e-08,1.458169e-08,2.794783e-08,1.317847e-08,145.05,131.70,13704.72,12443.21,72.71,65.25
6.75762,9,0.6502,0.007,0.008,5.191,6.159,0.9871,0.01014,270.84,51.43,0.5585695199999999,0.7093832903999999,2.14,2.947766e-08,1.460827e-08,2.801664e-08,1.320937e-08,145.02,131.69,13702.55,12442.37,72.70,65.25
6.75788,9,0.6502,0.007,0.008,5.191,6.159,0.9871,0.01014,270.84,51.43,0.5585684799999999,0.7093819695999999,2.14,2.953253e-08,1.462601e-08,2.808384e-08,1.323633e-08,144.84,131.60,13685.02,12433.97,72.59,65.20
6.75812,9,0.6502,0.007,0.008,5.191,6.159,0.9871,0.01014,270.84,51.43,0.55856752,0.7093807504,2.14,2.958654e-08,1.464605e-08,2.816889e-08,1.327521e-08,144.71,131.57,13672.61,12431.84,72.52,65.19
6.75838,9,0.6503,0.007,0.008,5.191,6.159,0.9871,0.01014,270.84,51.43,0.55856648,0.7093794296,2.14,2.961463e-08,1.467074e-08,2.823206e-08,1.331038e-08,144.94,131.70,13694.65,12443.30,72.65,65.25
6.75863,9,0.6503,0.007,0.008,5.191,6.159,0.9871,0.01014,270.84,51.43,0.55856548,0.7093781596,2.14,2.965932e-08,1.469426e-08,2.832258e-08,1.334549e-08,144.97,131.55,13697.20,12429.96,72.67,65.18
6.75887,9,0.6503,0.007,0.008,5.191,6.159,0.9871,0.01014,270.84,51.43,0.55856452,0.7093769404,2.14,2.971909e-08,1.471862e-08,2.838426e-08,1.336423e-08,144.86,131.36,13687.52,12411.83,72.61,65.07
6.75913,9,0.6504,0.007,0.008,5.191,6.159,0.9871,0.01014,270.84,51.43,0.55856348,0.7093756196000001,2.14,2.974054e-08,1.473628e-08,2.847445e-08,1.339717e-08,145.02,131.21,13702.59,12397.08,72.70,64.98
6.75938,9,0.6504,0.007,0.008,5.191,6.159,0.9871,0.01014,270.84,51.43,0.55856248,0.7093743496,2.14,2.978237e-08,1.47599e-08,2.856308e-08,1.344179e-08,145.08,131.26,13707.92,12402.17,72.73,65.01
6.75962,9,0.6504,0.007,0.008,5.191,6.159,0.9871,0.01014,270.84,51.43,0.5585615199999999,0.7093731303999999,2.14,2.980707e-08,1.477291e-08,2.863219e-08,1.347205e-08,145.10,131.22,13709.33,12398.24,72.74,64.99
6.75988,9,0.6505,0.007,0.008,5.191,6.159,0.9871,0.01014,270.84,51.43,0.5585604799999999,0.7093718095999999,2.14,2.988013e-08,1.479361e-08,2.869953e-08,1.350045e-08,144.82,131.18,13683.00,12394.45,72.58,64.96
6.76013,9,0.6505,0.007,0.008,5.191,6.159,0.9871,0.01014,270.84,51.43,0.55855948,0.7093705396,2.14,2.989039e-08,1.48101e-08,2.879399e-08,1.354477e-08,145.04,131.18,13703.91,12394.25,72.71,64.96
6.76037,9,0.6505,0.007,0.008,5.191,6.159,0.9871,0.01014,270.84,51.43,0.55855852,0.7093693203999999,2.14,2.994054e-08,1.482851e-08,2.888065e-08,1.358417e-08,144.91,131.15,13692.13,12391.90,72.64,64.95
6.76063,9,0.6506,0.007,0.008,5.191,6.159,0.9871,0.01014,270.84,51.43,0.5585574799999999,0.7093679996,2.14,2.999027e-08,1.484264e-08,2.896486e-08,1.361462e-08,144.73,131.01,13675.07,12378.08,72.53,64.87
6.76088,9,0.6506,0.007,0.008,5.191,6.159,0.9871,0.01014,270.84,51.43,0.5585564799999999,0.7093667295999999,2.14,3.000662e-08,1.485811e-08,2.904861e-08,1.363948e-08,144.88,130.74,13688.52,12353.29,72.61,64.72
6.76112,9,0.6506,0.007,0.008,5.191,6.159,0.9871,0.01014,270.84,51.43,0.55855552,0.7093655104,2.14,3.006152e-08,1.48745e-08,2.912915e-08,1.369578e-08,144.67,131.08,13668.88,12384.80,72.50,64.91
6.76138,9,0.6507,0.007,0.008,5.190,6.159,0.9871,0.01014,270.84,51.43,0.55855448,0.7093641895999999,2.14,3.010022e-08,1.489448e-08,2.922047e-08,1.372589e-08,144.71,130.87,13672.49,12364.89,72.52,64.79
6.76163,9,0.6507,0.007,0.008,5.190,6.159,0.9871,0.01014,270.84,51.43,0.5585534799999999,0.7093629196,2.14,3.013652e-08,1.490444e-08,2.932978e-08,1.376774e-08,144.55,130.70,13657.97,12348.83,72.43,64.69
6.76187,9,0.6507,0.007,0.008,5.190,6.159,0.9871,0.01014,270.84,51.43,0.55855252,0.7093617004,2.14,3.017829e-08,1.493185e-08,2.941917e-08,1.380442e-08,144.68,130.60,13670.20,12339.93,72.51,64.64
6.76213,9,0.6508,0.007,0.008,5.190,6.159,0.9871,0.01014,270.84,51.43,0.55855148,0.7093603796,2.14,3.023202e-08,1.495248e-08,2.94788e-08,1.383474e-08,144.59,130.66,13661.53,12345.76,72.45,64.68
6.76237,9,0.6508,0.007,0.008,5.190,6.159,0.9871,0.01014,270.85,51.43,0.5585505199999999,0.7093591603999999,2.14,3.029472e-08,1.496077e-08,2.959754e-08,1.387802e-08,144.16,130.44,13620.60,12324.94,72.21,64.55
6.76262,9,0.6508,0.007,0.008,5.190,6.159,0.9871,0.01014,270.85,51.43,0.5585495199999999,0.7093578903999999,2.14,3.032715e-08,1.498601e-08,2.967074e-08,1.392519e-08,144.33,130.67,13637.19,12346.38,72.31,64.68
6.76288,9,0.6508,0.007,0.008,5.190,6.159,0.9871,0.01014,270.85,51.43,0.55854848,0.7093565696,2.14,3.039111e-08,1.499034e-08,2.97981e-08,1.394865e-08,143.81,130.03,13588.31,12286.11,72.02,64.32
6.76312,9,0.6509,0.007,0.008,5.190,6.159,0.9871,0.01014,270.85,51.43,0.55854752,0.7093553504,2.14,3.040298e-08,1.500369e-08,2.986604e-08,1.399497e-08,143.98,130.31,13603.81,12312.01,72.11,64.48
6.76337,9,0.6509,0.007,0.008,5.190,6.159,0.9871,0.01014,270.85,51.43,0.5585465199999999,0.7093540803999999,2.14,3.046315e-08,1.502399e-08,2.995632e-08,1.403074e-08,143.80,130.19,13587.04,12301.23,72.01,64.41
6.76363,9,0.6509,0.007,0.008,5.190,6.159,0.9871,0.01014,270.85,51.43,0.5585454799999999,0.7093527595999999,2.14,3.049215e-08,1.503965e-08,3.006278e-08,1.406285e-08,143.83,129.88,13589.46,12272.09,72.03,64.24
6.76387,9,0.6510,0.007,0.008,5.190,6.159,0.9871,0.01014,270.85,51.43,0.55854452,0.7093515404,2.14,3.054183e-08,1.506131e-08,3.013876e-08,1.408665e-08,143.80,129.70,13586.48,12254.78,72.01,64.14
6.76412,9,0.6510,0.007,0.008,5.190,6.159,0.9871,0.01014,270.85,51.43,0.55854352,0.7093502704,2.14,3.058407e-08,1.507152e-08,3.02057e-08,1.413884e-08,143.60,130.06,13567.62,12288.89,71.90,64.34
6.76438,9,0.6510,0.007,0.008,5.190,6.159,0.9871,0.01014,270.85,51.43,0.55854248,0.7093489496,2.14,3.06352e-08,1.508296e-08,3.029886e-08,1.417402e-08,143.34,129.92,13543.27,12275.17,71.75,64.26
6.76462,9,0.6511,0.007,0.008,5.190,6.159,0.9871,0.01014,270.85,51.43,0.5585415199999999,0.7093477303999999,2.14,3.067275e-08,1.510519e-08,3.03943e-08,1.42053e-08,143.43,129.71,13551.96,12255.39,71.80,64.14
6.76487,9,0.6511,0.007,0.008,5.190,6.159,0.9871,0.01014,270.85,51.43,0.55854052,0.7093464604,2.14,3.071921e-08,1.512236e-08,3.046403e-08,1.424271e-08,143.32,129.79,13541.89,12263.18,71.74,64.19
6.76513,9,0.6511,0.007,0.008,5.190,6.159,0.9871,0.01014,270.85,51.43,0.55853948,0.7093451396,2.14,3.076382e-08,1.514225e-08,3.053825e-08,1.425735e-08,143.28,129.45,13538.24,12230.86,71.72,63.99
6.76537,9,0.6512,0.007,0.008,5.190,6.159,0.9871,0.01014,270.85,51.43,0.5585385199999999,0.7093439203999999,2.14,3.082142e-08,1.51644e-08,3.061713e-08,1.429301e-08,143.19,129.45,13529.43,12230.87,71.67,63.99
6.76562,9,0.6512,0.007,0.008,5.190,6.159,0.9871,0.01014,270.85,51.43,0.55853752,0.7093426504,2.14,3.086163e-08,1.517901e-08,3.069328e-08,1.430928e-08,143.10,129.12,13520.36,12200.04,71.62,63.81
6.76588,9,0.6512,0.007,0.008,5.190,6.159,0.9871,0.01014,270.85,51.43,0.55853648,0.7093413296,2.14,3.090726e-08,1.518345e-08,3.071213e-08,1.433947e-08,142.76,129.48,13488.88,12234.24,71.43,64.01
6.76612,9,0.6513,0.007,0.008,5.190,6.159,0.9871,0.01014,270.85,51.43,0.55853552,0.7093401104,2.14,3.096132e-08,1.521101e-08,3.081273e-08,1.436756e-08,142.80,129.18,13492.70,12206.04,71.45,63.85
6.76638,9,0.6513,0.007,0.008,5.190,6.159,0.9871,0.01014,270.85,51.43,0.5585344799999999,0.7093387896,2.14,3.097342e-08,1.521427e-08,3.085784e-08,1.439086e-08,142.75,129.22,13488.02,12209.64,71.43,63.87
6.76663,9,0.6513,0.007,0.008,5.190,6.159,0.9871,0.01014,270.85,51.43,0.5585334799999999,0.7093375195999999,2.14,3.102515e-08,1.522917e-08,3.090944e-08,1.44158e-08,142.56,129.24,13469.75,12211.03,71.32,63.88
6.76687,9,0.6514,0.007,0.008,5.189,6.159,0.9871,0.01014,270.85,51.43,0.55853252,0.7093363004,2.14,3.104953e-08,1.524954e-08,3.096009e-08,1.443802e-08,142.74,129.23,13486.42,12210.68,71.42,63.87
6.76713,9,0.6514,0.007,0.008,5.189,6.159,0.9871,0.01014,270.85,51.43,0.55853148,0.7093349795999999,2.14,3.10865e-08,1.525725e-08,3.101295e-08,1.4445e-08,142.54,128.94,13468.29,12182.75,71.31,63.71
6.76738,9,0.6514,0.007,0.008,5.189,6.159,0.9871,0.01014,270.85,51.43,0.5585304799999999,0.7093337096,2.14,3.11164e-08,1.526378e-08,3.106056e-08,1.445891e-08,142.40,128.80,13454.20,12169.73,71.22,63.63
6.76762,9,0.6515,0.007,0.008,5.189,6.159,0.9871,0.01014,270.85,51.43,0.55852952,0.7093324904,2.14,3.114659e-08,1.52679e-08,3.110524e-08,1.447779e-08,142.22,128.79,13437.79,12168.58,71.13,63.63
6.76788,9,0.6515,0.007,0.008,5.189,6.159,0.9871,0.01014,270.85,51.43,0.55852848,0.7093311696,2.14,3.118834e-08,1.52886e-08,3.114931e-08,1.448076e-08,142.23,128.50,13438.20,12141.07,71.13,63.46
6.76813,9,0.6515,0.007,0.008,5.189,6.159,0.9871,0.01014,270.85,51.43,0.55852748,0.7093298995999999,2.14,3.119283e-08,1.529062e-08,3.116015e-08,1.450934e-08,142.22,128.89,13437.89,12177.99,71.13,63.68
6.76837,9,0.6516,0.007,0.008,5.189,6.159,0.9871,0.01014,270.85,51.43,0.5585265199999999,0.7093286803999999,2.14,3.12264e-08,1.528483e-08,3.121798e-08,1.451593e-08,141.84,128.57,13401.69,12148.01,70.91,63.50
6.76863,9,0.6516,0.007,0.008,5.189,6.159,0.9871,0.01014,270.85,51.43,0.5585254799999999,0.7093273595999999,2.14,3.12287e-08,1.528988e-08,3.124144e-08,1.451689e-08,141.91,128.41,13408.43,12132.47,70.95,63.41
6.76888,9,0.6516,0.007,0.008,5.189,6.159,0.9871,0.01014,270.85,51.43,0.55852448,0.7093260896,2.14,3.126173e-08,1.52998e-08,3.127941e-08,1.452492e-08,141.80,128.25,13397.70,12117.49,70.89,63.32
6.76912,9,0.6517,0.007,0.008,5.189,6.159,0.9871,0.01014,270.85,51.43,0.5585235199999999,0.7093248703999999,2.14,3.124745e-08,1.529505e-08,3.129568e-08,1.453046e-08,141.86,128.23,13403.60,12116.21,70.92,63.31
6.76938,9,0.6517,0.007,0.008,5.189,6.159,0.9871,0.01014,270.85,51.43,0.5585224799999999,0.7093235495999999,2.14,3.125161e-08,1.529783e-08,3.129299e-08,1.453788e-08,141.87,128.38,13404.88,12129.71,70.93,63.39
6.76962,9,0.6517,0.007,0.008,5.189,6.159,0.9871,0.01014,270.85,51.43,0.55852152,0.7093223304,2.14,3.127093e-08,1.528588e-08,3.133515e-08,1.454904e-08,141.48,128.24,13368.20,12116.60,70.72,63.32
6.76987,9,0.6518,0.007,0.008,5.189,6.159,0.9871,0.01014,270.85,51.43,0.55852052,0.7093210604,2.14,3.12399e-08,1.527802e-08,3.134343e-08,1.454423e-08,141.64,128.12,13382.78,12105.02,70.80,63.25
6.77013,9,0.6518,0.007,0.008,5.189,6.159,0.9871,0.01014,270.85,51.43,0.55851948,0.7093197395999999,2.14,3.12358e-08,1.528721e-08,3.13732e-08,1.454889e-08,141.84,127.97,13401.99,12090.82,70.91,63.16
6.77037,9,0.6518,0.007,0.008,5.189,6.159,0.9871,0.01014,270.85,51.43,0.55851852,0.7093185204,2.14,3.124923e-08,1.528518e-08,3.137731e-08,1.453872e-08,141.69,127.77,13387.23,12072.13,70.83,63.05
6.77062,9,0.6519,0.007,0.008,5.189,6.159,0.9871,0.01014,270.85,51.43,0.55851752,0.7093172504,2.14,3.12265e-08,1.527695e-08,3.139528e-08,1.455751e-08,141.76,127.96,13394.24,12090.17,70.87,63.16
6.77088,9,0.6519,0.007,0.008,5.189,6.159,0.9871,0.01014,270.85,51.43,0.55851648,0.7093159296,2.14,3.122474e-08,1.526038e-08,3.139552e-08,1.455248e-08,141.48,127.87,13367.30,12082.21,70.71,63.11
6.77112,9,0.6519,0.007,0.008,5.189,6.159,0.9871,0.01014,270.85,51.43,0.5585155199999999,0.7093147103999999,2.14,3.119704e-08,1.525217e-08,3.139955e-08,1.454403e-08,141.57,127.71,13376.44,12066.26,70.76,63.02
6.77137,9,0.6520,0.007,0.008,5.189,6.159,0.9871,0.01014,270.85,51.43,0.5585145199999999,0.7093134403999999,2.14,3.118551e-08,1.524006e-08,3.138838e-08,1.454876e-08,141.48,127.89,13367.38,12083.43,70.71,63.12
6.77163,9,0.6520,0.007,0.008,5.189,6.159,0.9871,0.01014,270.85,51.43,0.55851348,0.7093121196000001,2.14,3.115929e-08,1.522892e-08,3.143099e-08,1.455477e-08,141.51,127.66,13370.26,12062.20,70.73,62.99
6.77187,9,0.6520,0.007,0.008,5.189,6.159,0.9871,0.01014,270.85,51.43,0.55851252,0.7093109004,2.14,3.112146e-08,1.520454e-08,3.140516e-08,1.454861e-08,141.40,127.76,13360.13,12071.17,70.67,63.05
6.77212,9,0.6521,0.007,0.008,5.188,6.159,0.9871,0.01014,270.85,51.43,0.5585115199999999,0.7093096304,2.14,3.111848e-08,1.520118e-08,3.143248e-08,1.454469e-08,141.39,127.51,13358.91,12047.44,70.66,62.91
6.77238,9,0.6521,0.007,0.008,5.188,6.159,0.9871,0.01014,270.85,51.43,0.5585104799999999,0.7093083095999999,2.14,3.109431e-08,1.516906e-08,3.141855e-08,1.454925e-08,141.02,127.69,13324.03,12064.43,70.45,63.01
6.77262,9,0.6521,0.007,0.008,5.188,6.159,0.9871,0.01014,270.85,51.43,0.55850952,0.7093070904,2.14,3.104476e-08,1.514842e-08,3.145751e-08,1.455086e-08,141.08,127.42,13330.10,12039.11,70.49,62.86
6.77287,9,0.6522,0.007,0.008,5.188,6.159,0.9871,0.01014,270.85,51.43,0.55850852,0.7093058203999999,2.14,3.098657e-08,1.514343e-08,3.14484e-08,1.454689e-08,141.53,127.44,13372.50,12041.33,70.74,62.87
6.77313,9,0.6522,0.007,0.008,5.188,6.159,0.9871,0.01014,270.85,51.43,0.55850748,0.7093044996,2.14,3.097885e-08,1.512766e-08,3.144814e-08,1.454856e-08,141.31,127.47,13351.79,12044.09,70.62,62.89
6.77337,9,0.6522,0.007,0.008,5.188,6.159,0.9871,0.01014,270.85,51.43,0.55850652,0.7093032804,2.14,3.093256e-08,1.510436e-08,3.146718e-08,1.456347e-08,141.30,127.57,13350.59,12053.48,70.61,62.94
6.77363,9,0.6523,0.007,0.008,5.188,6.159,0.9871,0.01014,270.85,51.43,0.55850548,0.7093019596,2.14,3.090328e-08,1.508364e-08,3.147086e-08,1.456297e-08,141.20,127.55,13341.54,12051.94,70.56,62.93
6.77388,9,0.6523,0.007,0.008,5.188,6.159,0.9871,0.01015,270.85,51.43,0.55850448,0.7093006895999999,2.14,3.085746e-08,1.506526e-08,3.150748e-08,1.455764e-08,141.28,127.19,13348.43,12017.71,70.60,62.73
6.77412,9,0.6523,0.007,0.008,5.188,6.159,0.9871,0.01015,270.85,51.43,0.5585035199999999,0.7092994703999999,2.14,3.0798e-08,1.504434e-08,3.15192e-08,1.455559e-08,141.42,127.07,13362.51,12006.26,70.68,62.66
6.77438,9,0.6523,0.007,0.008,5.188,6.159,0.9871,0.01015,270.85,51.43,0.5585024799999999,0.7092981495999999,2.14,3.075991e-08,1.502625e-08,3.153846e-08,1.455898e-08,141.43,126.98,13363.41,11997.83,70.68,62.61
6.77463,9,0.6524,0.007,0.008,5.188,6.159,0.9871,0.01015,270.85,51.43,0.55850148,0.7092968796,2.14,3.070723e-08,1.500397e-08,3.153259e-08,1.457691e-08,141.52,127.34,13371.47,12031.32,70.73,62.81
6.77487,9,0.6524,0.007,0.007,5.188,6.159,0.9871,0.01015,270.85,51.43,0.55850052,0.7092956603999999,2.14,3.066638e-08,1.498347e-08,3.156142e-08,1.456074e-08,141.51,126.86,13370.62,11986.24,70.73,62.54
6.77513,9,0.6524,0.007,0.007,5.188,6.159,0.9871,0.01015,270.85,51.43,0.5584994799999999,0.7092943395999999,2.14,3.06493e-08,1.495491e-08,3.157986e-08,1.456124e-08,141.14,126.73,13335.37,11974.02,70.52,62.47
6.77538,9,0.6525,0.007,0.007,5.188,6.159,0.9871,0.01015,270.85,51.43,0.5584984799999999,0.7092930695999999,2.14,3.056764e-08,1.49414e-08,3.157482e-08,1.458372e-08,141.65,127.15,13383.48,12013.77,70.80,62.71
6.77562,9,0.6525,0.007,0.007,5.188,6.159,0.9871,0.01015,270.85,51.43,0.55849752,0.7092918504,2.14,3.053749e-08,1.491995e-08,3.159606e-08,1.456814e-08,141.52,126.74,13371.72,11974.98,70.73,62.48
6.77588,9,0.6525,0.007,0.007,5.188,6.159,0.9871,0.01015,270.85,51.43,0.55849648,0.7092905295999999,2.14,3.048516e-08,1.488531e-08,3.159782e-08,1.458414e-08,141.35,126.98,13355.80,11998.17,70.64,62.61
6.77613,9,0.6526,0.007,0.007,5.188,6.159,0.9871,0.01015,270.85,51.43,0.5584954799999999,0.7092892595999999,2.14,3.042586e-08,1.486679e-08,3.163191e-08,1.458651e-08,141.57,126.79,13376.19,11979.62,70.76,62.50
6.77637,9,0.6526,0.007,0.007,5.188,6.159,0.9871,0.01015,270.85,51.43,0.55849452,0.7092880404,2.14,3.041171e-08,1.484902e-08,3.165052e-08,1.459492e-08,141.37,126.79,13357.10,11979.36,70.65,62.50
6.77663,9,0.6526,0.007,0.007,5.188,6.159,0.9871,0.01015,270.85,51.43,0.55849348,0.7092867196,2.14,3.034207e-08,1.48338e-08,3.165811e-08,1.459247e-08,141.72,126.69,13390.23,11970.30,70.84,62.45
6.77688,9,0.6527,0.007,0.007,5.188,6.159,0.9871,0.01015,270.85,51.43,0.55849248,0.7092854496,2.14,3.029971e-08,1.479907e-08,3.167371e-08,1.459154e-08,141.48,126.58,13367.50,11959.79,70.71,62.39
6.77712,9,0.6527,0.007,0.007,5.188,6.159,0.9871,0.01015,270.85,51.43,0.5584915199999999,0.7092842303999999,2.14,3.025875e-08,1.477046e-08,3.171443e-08,1.459201e-08,141.32,126.29,13352.30,11932.06,70.62,62.22
6.77738,9,0.6527,0.007,0.007,5.188,6.159,0.9871,0.01015,270.85,51.43,0.55849048,0.7092829096000001,2.14,3.020522e-08,1.47568e-08,3.169788e-08,1.459087e-08,141.55,126.39,13374.38,11941.88,70.75,62.28
6.77762,9,0.6528,0.007,0.007,5.187,6.159,0.9871,0.01015,270.85,51.43,0.55848952,0.7092816904,2.14,3.016445e-08,1.473154e-08,3.171894e-08,1.460232e-08,141.47,126.44,13366.95,11946.37,70.70,62.31
6.77787,9,0.6528,0.007,0.007,5.187,6.159,0.9871,0.01015,270.85,51.43,0.5584885199999999,0.7092804204,2.14,3.010705e-08,1.470306e-08,3.1701e-08,1.45971e-08,141.46,126.49,13366.16,11950.98,70.70,62.33
6.77813,9,0.6528,0.007,0.007,5.187,6.159,0.9871,0.01015,270.85,51.43,0.5584874799999999,0.7092790995999999,2.14,3.005405e-08,1.467163e-08,3.170873e-08,1.458967e-08,141.36,126.31,13356.29,11934.32,70.64,62.24
6.77837,9,0.6529,0.007,0.007,5.187,6.159,0.9871,0.01015,270.85,51.43,0.55848652,0.7092778804,2.14,3.000837e-08,1.464814e-08,3.169134e-08,1.458304e-08,141.36,126.35,13356.21,11938.22,70.64,62.26
6.77862,9,0.6529,0.007,0.007,5.187,6.159,0.9871,0.01015,270.85,51.43,0.55848552,0.7092766104,2.14,2.990662e-08,1.461334e-08,3.168262e-08,1.457516e-08,141.64,126.29,13382.81,11932.36,70.80,62.22
6.77888,9,0.6529,0.007,0.007,5.187,6.159,0.9871,0.01015,270.85,51.43,0.55848448,0.7092752896,2.14,2.985047e-08,1.458297e-08,3.165658e-08,1.456493e-08,141.58,126.32,13377.55,11935.01,70.77,62.24
6.77912,9,0.6530,0.007,0.007,5.187,6.159,0.9871,0.01015,270.85,51.43,0.55848352,0.7092740704,2.14,2.976258e-08,1.454354e-08,3.164313e-08,1.453482e-08,141.67,125.95,13385.91,11900.57,70.82,62.04
6.77937,9,0.6530,0.007,0.007,5.187,6.159,0.9871,0.01015,270.85,51.43,0.55848252,0.7092728004,2.14,2.97046e-08,1.449673e-08,3.160927e-08,1.451456e-08,141.32,125.88,13352.63,11893.43,70.62,61.99
6.77963,9,0.6530,0.007,0.007,5.187,6.159,0.9871,0.01015,270.85,51.43,0.55848148,0.7092714796,2.14,2.959793e-08,1.445539e-08,3.153117e-08,1.448169e-08,141.53,125.92,13371.99,11897.98,70.73,62.02
6.77987,9,0.6531,0.007,0.007,5.187,6.159,0.9871,0.01015,270.85,51.43,0.5584805199999999,0.7092702604,2.14,2.949743e-08,1.440369e-08,3.145846e-08,1.443973e-08,141.50,125.81,13369.29,11886.76,70.72,61.95
6.78012,9,0.6531,0.007,0.007,5.187,6.159,0.9871,0.01015,270.85,51.43,0.55847952,0.7092689904,2.14,2.942092e-08,1.43593e-08,3.141649e-08,1.441653e-08,141.36,125.74,13356.51,11880.76,70.64,61.92
6.78038,9,0.6531,0.007,0.007,5.187,6.159,0.9871,0.01015,270.85,51.43,0.55847848,0.7092676696,2.14,2.932391e-08,1.431162e-08,3.130458e-08,1.437254e-08,141.35,125.86,13355.91,11892.02,70.64,61.98
6.78062,9,0.6532,0.007,0.007,5.187,6.159,0.9871,0.01015,270.85,51.43,0.55847752,0.7092664503999999,2.14,2.920695e-08,1.426657e-08,3.119754e-08,1.431608e-08,141.61,125.76,13380.00,11882.62,70.78,61.93
6.78087,9,0.6532,0.007,0.007,5.187,6.159,0.9871,0.01015,270.85,51.43,0.5584765199999999,0.7092651803999999,2.14,2.914739e-08,1.422273e-08,3.112442e-08,1.42604e-08,141.32,125.40,13352.93,11848.64,70.62,61.73
6.78113,9,0.6532,0.007,0.007,5.187,6.159,0.9871,0.01015,270.85,51.43,0.5584754799999999,0.7092638595999999,2.14,2.908321e-08,1.418645e-08,3.10281e-08,1.420116e-08,141.23,125.16,13343.81,11825.42,70.57,61.59
6.78137,9,0.6533,0.007,0.007,5.187,6.159,0.9871,0.01015,270.85,51.43,0.55847452,0.7092626404,2.14,2.905176e-08,1.416913e-08,3.090451e-08,1.414723e-08,141.21,125.22,13342.22,11831.30,70.56,61.63
6.78163,9,0.6533,0.007,0.007,5.187,6.159,0.9871,0.01015,270.85,51.43,0.55847348,0.7092613195999999,2.14,2.905004e-08,1.416157e-08,3.08322e-08,1.412126e-08,141.08,125.34,13329.87,11842.33,70.48,61.69
6.78188,9,0.6533,0.007,0.007,5.187,6.159,0.9871,0.01015,270.85,51.43,0.5584724799999999,0.7092600495999999,2.14,2.906013e-08,1.417167e-08,3.079527e-08,1.409006e-08,141.18,125.10,13339.38,11820.22,70.54,61.56
6.78212,9,0.6534,0.007,0.007,5.187,6.159,0.9871,0.01015,270.85,51.43,0.55847152,0.7092588304,2.14,2.911349e-08,1.417837e-08,3.07888e-08,1.407587e-08,140.83,124.94,13306.03,11804.66,70.34,61.47
6.78238,9,0.6534,0.007,0.007,5.187,6.159,0.9871,0.01015,270.85,51.43,0.55847048,0.7092575096,2.14,2.91748e-08,1.419795e-08,3.079211e-08,1.409173e-08,140.63,125.17,13287.28,11826.85,70.23,61.60
6.78263,9,0.6534,0.007,0.007,5.187,6.159,0.9871,0.01015,270.85,51.43,0.55846948,0.7092562396,2.14,2.925764e-08,1.423318e-08,3.087034e-08,1.41061e-08,140.53,124.82,13278.04,11793.81,70.18,61.40
6.78287,9,0.6534,0.007,0.007,5.187,6.159,0.9871,0.01015,270.85,51.43,0.5584685199999999,0.7092550203999999,2.14,2.931677e-08,1.427684e-08,3.095158e-08,1.412391e-08,140.82,124.51,13305.07,11764.19,70.34,61.23
6.78313,9,0.6535,0.007,0.007,5.186,6.159,0.9871,0.01015,270.85,51.43,0.55846748,0.7092536996000001,2.14,2.938915e-08,1.429095e-08,3.103837e-08,1.416442e-08,140.43,124.54,13268.85,11767.37,70.12,61.25
6.78338,9,0.6535,0.007,0.007,5.186,6.159,0.9871,0.01015,270.85,51.43,0.55846648,0.7092524296,2.14,2.946851e-08,1.432315e-08,3.111333e-08,1.420423e-08,140.31,124.63,13257.34,11775.91,70.05,61.30
6.78362,9,0.6535,0.007,0.007,5.186,6.159,0.9871,0.01015,270.85,51.43,0.5584655199999999,0.7092512103999999,2.14,2.952247e-08,1.434597e-08,3.118291e-08,1.421938e-08,140.25,124.37,13251.22,11750.65,70.02,61.15
6.78388,9,0.6536,0.007,0.007,5.186,6.159,0.9871,0.01015,270.85,51.43,0.5584644799999999,0.7092498895999999,2.14,2.956362e-08,1.437351e-08,3.126007e-08,1.424963e-08,140.41,124.31,13266.79,11744.97,70.11,61.11
6.78413,9,0.6536,0.007,0.007,5.186,6.159,0.9871,0.01015,270.85,51.43,0.5584634799999999,0.7092486195999999,2.14,2.961884e-08,1.438649e-08,3.132978e-08,1.427672e-08,140.15,124.23,13241.95,11737.89,69.96,61.07
6.78437,9,0.6536,0.007,0.007,5.186,6.159,0.9871,0.01015,270.85,51.43,0.55846252,0.7092474004,2.14,2.964488e-08,1.440035e-08,3.140696e-08,1.428875e-08,140.17,123.86,13244.11,11703.07,69.97,60.87
6.78463,9,0.6537,0.007,0.007,5.186,6.159,0.9871,0.01015,270.85,51.43,0.55846148,0.7092460796,2.14,2.966804e-08,1.440222e-08,3.142167e-08,1.430696e-08,140.02,124.06,13229.38,11722.17,69.89,60.98
6.78488,9,0.6537,0.007,0.007,5.186,6.159,0.9871,0.01015,270.85,51.43,0.5584604799999999,0.7092448095999999,2.14,2.970334e-08,1.440687e-08,3.147187e-08,1.431362e-08,139.78,123.81,13207.14,11697.87,69.76,60.84
6.78512,9,0.6537,0.007,0.007,5.186,6.159,0.9871,0.01015,270.85,51.43,0.55845952,0.7092435904,2.14,2.970095e-08,1.440185e-08,3.149551e-08,1.431427e-08,139.71,123.65,13200.27,11682.75,69.72,60.75
6.78538,9,0.6538,0.007,0.007,5.186,6.159,0.9871,0.01015,270.85,51.43,0.55845848,0.7092422696,2.14,2.971812e-08,1.439841e-08,3.150247e-08,1.430818e-08,139.51,123.52,13181.38,11670.70,69.60,60.67
6.78562,9,0.6538,0.007,0.007,5.186,6.159,0.9871,0.01015,270.85,51.43,0.5584575199999999,0.7092410504,2.14,2.97502e-08,1.437908e-08,3.151665e-08,1.429336e-08,138.85,123.18,13119.65,11638.98,69.24,60.49
6.78587,9,0.6538,0.007,0.007,5.186,6.159,0.9871,0.01015,270.85,51.43,0.55845652,0.7092397804,2.14,2.971674e-08,1.438957e-08,3.150794e-08,1.430713e-08,139.35,123.46,13166.87,11665.42,69.52,60.64
6.78613,9,0.6539,0.007,0.007,5.186,6.159,0.9871,0.01015,270.85,51.43,0.55845548,0.7092384596,2.14,2.973353e-08,1.437821e-08,3.149225e-08,1.428896e-08,139.01,123.31,13134.37,11650.71,69.32,60.56
6.78637,9,0.6539,0.007,0.007,5.186,6.159,0.9871,0.01015,270.85,51.43,0.55845452,0.7092372403999999,2.14,2.971373e-08,1.436463e-08,3.148508e-08,1.427427e-08,138.94,123.13,13127.28,11633.64,69.28,60.45
6.78662,9,0.6539,0.007,0.007,5.186,6.159,0.9871,0.01015,270.85,51.43,0.5584535199999999,0.7092359703999999,2.14,2.970329e-08,1.434414e-08,3.145308e-08,1.425466e-08,138.65,123.05,13099.98,11626.03,69.12,60.41
6.78688,9,0.6540,0.007,0.007,5.186,6.159,0.9871,0.01015,270.85,51.43,0.5584524799999999,0.7092346495999999,2.14,2.967891e-08,1.433314e-08,3.144618e-08,1.424195e-08,138.68,122.91,13103.35,11613.52,69.14,60.34
6.78712,9,0.6540,0.007,0.007,5.186,6.159,0.9871,0.01015,270.85,51.43,0.55845152,0.7092334304,2.14,2.966441e-08,1.430586e-08,3.141875e-08,1.42149e-08,138.30,122.68,13067.53,11591.72,68.93,60.21
6.78737,9,0.6540,0.007,0.007,5.186,6.159,0.9871,0.01015,270.85,51.43,0.55845052,0.7092321603999999,2.14,2.963214e-08,1.429785e-08,3.142271e-08,1.42057e-08,138.44,122.51,13080.87,11575.36,69.01,60.11
6.78763,9,0.6541,0.007,0.007,5.186,6.159,0.9871,0.01015,270.85,51.43,0.5584494799999999,0.7092308395999999,2.14,2.962064e-08,1.427527e-08,3.13589e-08,1.418198e-08,138.15,122.61,13052.78,11584.77,68.84,60.17
6.78787,9,0.6541,0.007,0.007,5.186,6.159,0.9871,0.01015,270.85,51.43,0.55844852,0.7092296204,2.14,2.958372e-08,1.424755e-08,3.133592e-08,1.415694e-08,137.96,122.38,13035.25,11562.93,68.74,60.04
6.78812,9,0.6541,0.007,0.007,5.186,6.159,0.9871,0.01015,270.85,51.43,0.55844752,0.7092283504,2.14,2.954634e-08,1.422896e-08,3.131822e-08,1.413978e-08,137.95,122.23,13034.21,11549.28,68.73,59.96
6.78838,9,0.6542,0.007,0.007,5.185,6.159,0.9871,0.01015,270.85,51.43,0.55844648,0.7092270296,2.14,2.951587e-08,1.419923e-08,3.129413e-08,1.411966e-08,137.69,122.11,13009.59,11537.28,68.59,59.88
6.78862,9,0.6542,0.007,0.007,5.185,6.159,0.9871,0.01015,270.85,51.43,0.5584455199999999,0.7092258103999999,2.14,2.949696e-08,1.418103e-08,3.127652e-08,1.410793e-08,137.52,122.05,12993.52,11531.64,68.49,59.85
6.78887,9,0.6542,0.007,0.007,5.185,6.159,0.9871,0.01015,270.85,51.43,0.55844452,0.7092245404,2.14,2.946101e-08,1.4158e-08,3.125497e-08,1.407781e-08,137.41,121.73,12983.37,11501.28,68.43,59.67
6.78913,9,0.6543,0.007,0.007,5.185,6.159,0.9871,0.01015,270.85,51.43,0.55844348,0.7092232196,2.14,2.94403e-08,1.41418e-08,3.121389e-08,1.406015e-08,137.32,121.76,12974.32,11504.29,68.38,59.69
6.78937,9,0.6543,0.007,0.007,5.185,6.159,0.9871,0.01015,270.85,51.43,0.5584425199999999,0.7092220003999999,2.14,2.938555e-08,1.410616e-08,3.118143e-08,1.403648e-08,137.14,121.62,12957.81,11490.81,68.28,59.61
6.78963,9,0.6543,0.007,0.007,5.185,6.159,0.9871,0.01015,270.85,51.43,0.5584414799999999,0.7092206795999999,2.14,2.937538e-08,1.409557e-08,3.115306e-08,1.401977e-08,137.03,121.55,12947.72,11484.94,68.22,59.57
6.78988,9,0.6544,0.007,0.007,5.185,6.159,0.9871,0.01015,270.85,51.43,0.55844048,0.7092194096000001,2.14,2.932156e-08,1.408085e-08,3.114306e-08,1.399406e-08,137.26,121.24,12969.37,11455.13,68.35,59.40
6.79012,9,0.6544,0.007,0.007,5.185,6.159,0.9871,0.01015,270.85,51.43,0.55843952,0.7092181904,2.14,2.931319e-08,1.405395e-08,3.111083e-08,1.398094e-08,136.84,121.26,12928.87,11457.16,68.11,59.41
6.79038,9,0.6544,0.007,0.007,5.185,6.159,0.9871,0.01015,270.85,51.43,0.55843848,0.7092168696,2.14,2.927806e-08,1.40279e-08,3.107753e-08,1.39632e-08,136.66,121.22,12912.59,11453.02,68.01,59.39
6.79063,9,0.6545,0.007,0.007,5.185,6.159,0.9871,0.01015,270.85,51.43,0.5584374799999999,0.7092155995999999,2.14,2.924194e-08,1.400793e-08,3.106827e-08,1.39566e-08,136.63,121.20,12909.85,11451.14,68.00,59.37
6.79087,9,0.6545,0.007,0.007,5.185,6.159,0.9871,0.01015,270.85,51.43,0.55843652,0.7092143804,2.14,2.923004e-08,1.399311e-08,3.107126e-08,1.392524e-08,136.46,120.68,12893.72,11402.52,67.90,59.09
6.79113,9,0.6545,0.007,0.007,5.185,6.159,0.9871,0.01015,270.85,51.43,0.55843548,0.7092130596,2.14,2.918536e-08,1.397239e-08,3.105477e-08,1.390749e-08,136.48,120.52,12894.91,11387.15,67.91,59.00
6.79138,9,0.6546,0.007,0.007,5.185,6.159,0.9871,0.01015,270.85,51.43,0.55843448,0.7092117896,2.14,2.916187e-08,1.394644e-08,3.105334e-08,1.389406e-08,136.22,120.34,12870.84,11369.93,67.76,58.89
6.79162,9,0.6546,0.007,0.007,5.185,6.159,0.9871,0.01015,270.85,51.43,0.5584335199999999,0.7092105703999999,2.14,2.913551e-08,1.393264e-08,3.101567e-08,1.389023e-08,136.20,120.54,12868.73,11389.26,67.75,59.01
6.79188,9,0.6546,0.007,0.007,5.185,6.159,0.9871,0.01015,270.85,51.43,0.55843248,0.7092092496,2.14,2.910349e-08,1.391813e-08,3.100995e-08,1.386165e-08,136.21,120.13,12870.15,11350.68,67.76,58.78
6.79213,9,0.6546,0.007,0.007,5.185,6.159,0.9871,0.01015,270.85,51.43,0.55843148,0.7092079796,2.14,2.909203e-08,1.390336e-08,3.096961e-08,1.386318e-08,136.04,120.44,12853.69,11379.71,67.66,58.95
6.79237,9,0.6547,0.007,0.007,5.185,6.159,0.9871,0.01015,270.85,51.43,0.5584305199999999,0.7092067604,2.14,2.907419e-08,1.389059e-08,3.098135e-08,1.383842e-08,135.98,119.99,12848.14,11336.93,67.63,58.70
6.79263,9,0.6547,0.007,0.007,5.185,6.159,0.9871,0.01015,270.85,51.43,0.5584294799999999,0.7092054395999999,2.14,2.906059e-08,1.387534e-08,3.096602e-08,1.382947e-08,135.82,119.95,12832.64,11333.82,67.54,58.68
6.79288,9,0.6547,0.007,0.007,5.185,6.159,0.9871,0.01015,270.85,51.43,0.55842848,0.7092041696,2.14,2.904576e-08,1.385437e-08,3.095546e-08,1.380212e-08,135.56,119.60,12808.06,11300.33,67.39,58.48
6.79312,9,0.6548,0.007,0.007,5.185,6.159,0.9871,0.01015,270.85,51.43,0.55842752,0.7092029503999999,2.14,2.906517e-08,1.384453e-08,3.094717e-08,1.379776e-08,135.22,119.61,12776.32,11301.08,67.20,58.49
6.79338,9,0.6548,0.007,0.007,5.185,6.159,0.9871,0.01015,270.85,51.43,0.55842648,0.7092016296,2.14,2.903187e-08,1.383973e-08,3.093722e-08,1.377935e-08,135.43,119.39,12795.85,11280.44,67.32,58.36
6.79362,9,0.6548,0.007,0.007,5.185,6.159,0.9871,0.01015,270.85,51.43,0.55842552,0.7092004104,2.14,2.904187e-08,1.383372e-08,3.090528e-08,1.377371e-08,135.23,119.52,12776.83,11293.13,67.21,58.44
6.79387,9,0.6549,0.007,0.007,5.184,6.159,0.9871,0.01015,270.85,51.43,0.55842452,0.7091991404,2.14,2.902833e-08,1.382615e-08,3.092171e-08,1.37497e-08,135.23,119.05,12776.80,11248.61,67.21,58.18
6.79413,9,0.6549,0.007,0.007,5.184,6.159,0.9871,0.01015,270.85,51.43,0.55842348,0.7091978196,2.14,2.90391e-08,1.382021e-08,3.089276e-08,1.375051e-08,135.02,119.27,12757.29,11268.80,67.09,58.29
6.79437,9,0.6549,0.007,0.007,5.185,6.159,0.9871,0.01015,270.85,51.43,0.5584225199999999,0.7091966003999999,2.14,2.901749e-08,1.382443e-08,3.088705e-08,1.373503e-08,135.29,119.06,12782.88,11249.71,67.24,58.18
6.79462,9,0.6550,0.007,0.007,5.184,6.159,0.9871,0.01015,270.85,51.43,0.55842152,0.7091953304,2.14,2.90318e-08,1.380771e-08,3.085759e-08,1.370926e-08,134.87,118.88,12743.35,11232.73,67.01,58.08
6.79488,9,0.6550,0.007,0.007,5.184,6.159,0.9871,0.01015,270.85,51.43,0.55842048,0.7091940096,2.14,2.904142e-08,1.382501e-08,3.084743e-08,1.370178e-08,135.11,118.84,12765.75,11228.36,67.14,58.06
6.79512,9,0.6550,0.007,0.007,5.184,6.159,0.9871,0.01015,270.85,51.43,0.55841952,0.7091927903999999,2.14,2.905631e-08,1.381021e-08,3.085116e-08,1.369056e-08,134.70,118.64,12727.25,11209.39,66.91,57.94
6.79537,9,0.6551,0.007,0.007,5.184,6.159,0.9871,0.01015,270.85,51.43,0.5584185199999999,0.7091915203999999,2.14,2.904261e-08,1.382041e-08,3.080823e-08,1.367492e-08,135.03,118.71,12758.60,11216.13,67.10,57.98
6.79563,9,0.6551,0.007,0.007,5.184,6.159,0.9871,0.01015,270.85,51.43,0.5584174799999999,0.7091901995999998,2.14,2.909004e-08,1.381153e-08,3.078374e-08,1.366356e-08,134.45,118.70,12703.41,11215.41,66.77,57.98
6.79587,9,0.6551,0.007,0.007,5.184,6.159,0.9871,0.01015,270.85,51.43,0.55841652,0.7091889804,2.14,2.907825e-08,1.381863e-08,3.077102e-08,1.363517e-08,134.68,118.35,12725.67,11181.87,66.90,57.78
6.79612,9,0.6552,0.007,0.007,5.184,6.159,0.9871,0.01015,270.85,51.43,0.5584155199999999,0.7091877104,2.14,2.909784e-08,1.38214e-08,3.074566e-08,1.362653e-08,134.58,118.40,12716.15,11187.40,66.85,57.81
6.79638,9,0.6552,0.007,0.007,5.184,6.159,0.9871,0.01015,270.85,51.43,0.5584144799999999,0.7091863895999999,2.14,2.911869e-08,1.382811e-08,3.072604e-08,1.360403e-08,134.52,118.19,12710.56,11167.05,66.81,57.69
6.79662,9,0.6552,0.007,0.007,5.184,6.159,0.9871,0.01015,270.85,51.43,0.55841352,0.7091851704,2.14,2.912753e-08,1.382504e-08,3.0673e-08,1.358809e-08,134.39,118.31,12697.85,11178.19,66.74,57.76
6.79688,9,0.6553,0.007,0.007,5.184,6.159,0.9871,0.01015,270.85,51.43,0.55841248,0.7091838496,2.14,2.914119e-08,1.38226e-08,3.064293e-08,1.356938e-08,134.25,118.24,12684.20,11171.93,66.66,57.72
6.79713,9,0.6553,0.007,0.007,5.184,6.159,0.9871,0.01015,270.85,51.43,0.55841148,0.7091825796,2.14,2.916807e-08,1.384269e-08,3.064855e-08,1.353937e-08,134.38,117.73,12697.00,11124.01,66.73,57.44
6.79737,9,0.6553,0.007,0.007,5.184,6.159,0.9871,0.01015,270.85,51.43,0.5584105199999999,0.7091813603999999,2.14,2.917764e-08,1.384279e-08,3.057664e-08,1.351397e-08,134.30,117.83,12689.25,11133.40,66.69,57.49
6.79763,9,0.6554,0.007,0.007,5.184,6.159,0.9871,0.01015,270.85,51.43,0.55840948,0.7091800396,2.14,2.920431e-08,1.3845e-08,3.057339e-08,1.349402e-08,134.13,117.56,12673.00,11107.79,66.59,57.34
6.79788,9,0.6554,0.007,0.007,5.184,6.159,0.9871,0.01015,270.85,51.43,0.55840848,0.7091787696,2.14,2.921887e-08,1.385756e-08,3.051578e-08,1.346988e-08,134.23,117.58,12682.85,11109.69,66.65,57.35
6.79812,9,0.6554,0.007,0.007,5.184,6.159,0.9871,0.01015,270.85,51.43,0.5584075199999999,0.7091775504,2.14,2.925295e-08,1.386893e-08,3.046004e-08,1.345083e-08,134.14,117.67,12674.52,11117.91,66.60,57.40
6.79838,9,0.6555,0.007,0.007,5.184,6.159,0.9871,0.01015,270.85,51.43,0.5584064799999999,0.7091762295999999,2.14,2.928141e-08,1.386678e-08,3.045187e-08,1.342162e-08,133.88,117.29,12649.32,11081.75,66.45,57.19
6.79863,9,0.6555,0.007,0.007,5.184,6.159,0.9871,0.01015,270.85,51.43,0.55840548,0.7091749596,2.14,2.929473e-08,1.386137e-08,3.038623e-08,1.339273e-08,133.66,117.29,12629.04,11081.81,66.33,57.19
6.79887,9,0.6555,0.007,0.007,5.184,6.159,0.9871,0.01015,270.85,51.43,0.55840452,0.7091737403999999,2.14,2.930653e-08,1.387536e-08,3.034712e-08,1.336709e-08,133.82,117.15,12643.58,11069.37,66.42,57.11
6.79913,9,0.6556,0.007,0.007,5.184,6.159,0.9871,0.01015,270.85,51.43,0.55840348,0.7091724196,2.14,2.933245e-08,1.38942e-08,3.029852e-08,1.334691e-08,133.96,117.19,12656.87,11072.88,66.50,57.13
6.79938,9,0.6556,0.007,0.007,5.184,6.159,0.9871,0.01015,270.86,51.43,0.5584024799999999,0.7091711495999999,2.14,2.934943e-08,1.388871e-08,3.023224e-08,1.331124e-08,133.71,117.09,12633.48,11063.26,66.36,57.08
6.79962,9,0.6556,0.007,0.007,5.184,6.159,0.9871,0.01015,270.86,51.43,0.55840152,0.7091699304,2.14,2.938831e-08,1.388877e-08,3.016684e-08,1.327912e-08,133.37,117.04,12601.89,11058.32,66.17,57.05
6.79988,9,0.6557,0.007,0.007,5.183,6.159,0.9871,0.01015,270.86,51.43,0.55840048,0.7091686095999999,2.14,2.939522e-08,1.391414e-08,3.012735e-08,1.324584e-08,133.80,116.81,12641.89,11036.34,66.41,56.92
6.80013,9,0.6557,0.007,0.007,5.183,6.159,0.9871,0.01015,270.86,51.43,0.55839948,0.7091673395999999,2.14,2.942338e-08,1.390473e-08,3.007078e-08,1.321963e-08,133.38,116.78,12602.76,11034.35,66.18,56.91
6.80037,9,0.6557,0.007,0.007,5.183,6.159,0.9871,0.01015,270.86,51.43,0.55839852,0.7091661204,2.14,2.945186e-08,1.39102e-08,3.002209e-08,1.318671e-08,133.24,116.60,12589.05,11017.18,66.09,56.80
6.80063,9,0.6557,0.007,0.007,5.183,6.159,0.9871,0.01015,270.86,51.43,0.55839748,0.7091647996,2.14,2.945302e-08,1.391461e-08,2.997571e-08,1.316551e-08,133.31,116.59,12595.68,11015.95,66.13,56.80
6.80087,9,0.6558,0.007,0.007,5.183,6.159,0.9871,0.01015,270.86,51.43,0.55839652,0.7091635803999999,2.14,2.94572e-08,1.391032e-08,2.991912e-08,1.313518e-08,133.22,116.52,12586.85,11009.44,66.08,56.76
6.80112,9,0.6558,0.007,0.007,5.183,6.159,0.9871,0.01015,270.86,51.43,0.5583955199999999,0.7091623103999999,2.14,2.946525e-08,1.392559e-08,2.985532e-08,1.310269e-08,133.42,116.45,12606.52,11002.74,66.20,56.72
6.80138,9,0.6558,0.007,0.007,5.183,6.159,0.9871,0.01015,270.86,51.43,0.5583944799999999,0.7091609895999998,2.14,2.951226e-08,1.392843e-08,2.979295e-08,1.307541e-08,133.07,116.45,12573.36,11002.88,66.00,56.72
6.80162,9,0.6559,0.007,0.007,5.183,6.159,0.9871,0.01015,270.86,51.43,0.55839352,0.7091597704,2.14,2.95189e-08,1.391949e-08,2.974719e-08,1.304534e-08,132.87,116.31,12554.65,10989.56,65.89,56.64
6.80187,9,0.6559,0.007,0.007,5.183,6.159,0.9871,0.01015,270.86,51.43,0.55839252,0.7091585004,2.14,2.954373e-08,1.392839e-08,2.968248e-08,1.301961e-08,132.82,116.35,12549.86,10993.54,65.86,56.66
6.80213,9,0.6559,0.007,0.007,5.183,6.159,0.9871,0.01015,270.86,51.43,0.5583914799999999,0.7091571795999999,2.14,2.95557e-08,1.392783e-08,2.962661e-08,1.298588e-08,132.71,116.21,12539.30,10979.65,65.80,56.58
6.80237,9,0.6560,0.007,0.007,5.183,6.159,0.9871,0.01015,270.86,51.43,0.55839052,0.7091559604000001,2.14,2.956133e-08,1.393435e-08,2.957391e-08,1.295199e-08,132.80,116.05,12547.79,10965.06,65.85,56.50
6.80262,9,0.6560,0.007,0.007,5.183,6.159,0.9871,0.01015,270.86,51.43,0.55838952,0.7091546904,2.14,2.959125e-08,1.39379e-08,2.953468e-08,1.292672e-08,132.61,115.92,12529.85,10952.87,65.74,56.42
6.80288,9,0.6560,0.007,0.007,5.183,6.159,0.9871,0.01015,270.86,51.43,0.55838848,0.7091533696,2.14,2.961807e-08,1.393808e-08,2.944312e-08,1.290262e-08,132.39,116.18,12508.72,10977.03,65.62,56.57
6.80312,9,0.6561,0.007,0.007,5.183,6.159,0.9871,0.01015,270.86,51.43,0.5583875199999999,0.7091521503999999,2.14,2.963076e-08,1.394336e-08,2.942196e-08,1.287417e-08,132.40,115.89,12509.45,10949.67,65.62,56.40
6.80337,9,0.6561,0.007,0.007,5.183,6.159,0.9871,0.01015,270.86,51.43,0.55838652,0.7091508804,2.14,2.963064e-08,1.394012e-08,2.940006e-08,1.284987e-08,132.34,115.65,12504.06,10927.42,65.59,56.27
6.80363,9,0.6561,0.007,0.007,5.183,6.159,0.9871,0.01015,270.86,51.43,0.55838548,0.7091495596,2.14,2.964529e-08,1.394501e-08,2.930773e-08,1.28263e-08,132.30,115.92,12500.67,10952.88,65.57,56.42
6.80387,9,0.6562,0.007,0.007,5.183,6.159,0.9871,0.01015,270.86,51.43,0.5583845199999999,0.7091483404,2.14,2.966979e-08,1.395316e-08,2.928697e-08,1.279379e-08,132.26,115.56,12496.87,10919.00,65.55,56.22
6.80412,9,0.6562,0.007,0.007,5.183,6.159,0.9871,0.01015,270.86,51.43,0.5583835199999999,0.7091470703999999,2.14,2.969227e-08,1.395345e-08,2.923152e-08,1.278216e-08,132.08,115.77,12479.51,10938.14,65.44,56.34
6.80438,9,0.6562,0.007,0.007,5.183,6.159,0.9871,0.01015,270.86,51.43,0.55838248,0.7091457496,2.14,2.972299e-08,1.394901e-08,2.921401e-08,1.274425e-08,131.74,115.28,12447.73,10892.19,65.26,56.06
6.80462,9,0.6563,0.007,0.007,5.183,6.159,0.9871,0.01015,270.86,51.43,0.55838152,0.7091445303999999,2.14,2.97338e-08,1.396985e-08,2.91873e-08,1.273165e-08,132.04,115.28,12476.16,10892.41,65.42,56.07
6.80488,9,0.6563,0.007,0.007,5.183,6.159,0.9871,0.01015,270.86,51.43,0.55838048,0.7091432096,2.14,2.974123e-08,1.395625e-08,2.912861e-08,1.271057e-08,131.74,115.35,12447.41,10899.28,65.25,56.11
6.80513,9,0.6563,0.007,0.007,5.183,6.159,0.9871,0.01015,270.86,51.43,0.5583794799999999,0.7091419395999999,2.14,2.977691e-08,1.396114e-08,2.910231e-08,1.268457e-08,131.53,115.12,12427.53,10877.19,65.14,55.98
6.80537,9,0.6564,0.007,0.007,5.182,6.159,0.9871,0.01015,270.86,51.43,0.55837852,0.7091407204,2.14,2.980243e-08,1.396531e-08,2.907337e-08,1.266725e-08,131.41,115.06,12416.37,10871.69,65.07,55.94
6.80563,9,0.6564,0.007,0.007,5.182,6.159,0.9871,0.01015,270.86,51.43,0.55837748,0.7091393995999999,2.14,2.983233e-08,1.39744e-08,2.903417e-08,1.265463e-08,131.32,115.13,12408.15,10878.48,65.02,55.98
6.80588,9,0.6564,0.007,0.007,5.182,6.159,0.9871,0.01015,270.86,51.43,0.55837648,0.7091381296,2.14,2.986053e-08,1.398154e-08,2.899708e-08,1.263916e-08,131.22,115.15,12398.03,10879.54,64.96,55.99
6.80612,9,0.6565,0.007,0.007,5.182,6.159,0.9871,0.01015,270.86,51.43,0.55837552,0.7091369104,2.14,2.989544e-08,1.398539e-08,2.897821e-08,1.2622e-08,131.02,115.02,12379.12,10867.56,64.85,55.92
6.80638,9,0.6565,0.007,0.007,5.182,6.159,0.9871,0.01015,270.86,51.43,0.55837448,0.7091355896,2.14,2.991252e-08,1.39947e-08,2.895776e-08,1.260026e-08,131.04,114.81,12381.31,10847.99,64.86,55.80
6.80663,9,0.6565,0.007,0.007,5.182,6.159,0.9871,0.01015,270.86,51.43,0.55837348,0.7091343196,2.14,2.993017e-08,1.399618e-08,2.894032e-08,1.258603e-08,130.92,114.70,12370.05,10837.86,64.80,55.74
6.80687,9,0.6566,0.007,0.007,5.182,6.159,0.9871,0.01015,270.86,51.43,0.5583725199999999,0.7091331003999999,2.14,2.997811e-08,1.400919e-08,2.893337e-08,1.256749e-08,130.78,114.47,12356.35,10815.88,64.72,55.61
6.80713,9,0.6566,0.007,0.007,5.182,6.159,0.9871,0.01015,270.86,51.43,0.5583714799999999,0.7091317796,2.14,3.002341e-08,1.40242e-08,2.888066e-08,1.254924e-08,130.67,114.55,12346.17,10822.96,64.66,55.65
6.80738,9,0.6566,0.007,0.007,5.182,6.159,0.9871,0.01015,270.86,51.43,0.55837048,0.7091305096,2.14,3.005979e-08,1.403341e-08,2.887343e-08,1.253808e-08,130.53,114.42,12333.33,10810.74,64.58,55.58
6.80762,9,0.6567,0.007,0.007,5.182,6.159,0.9871,0.01015,270.86,51.43,0.55836952,0.7091292904,2.14,3.01048e-08,1.403253e-08,2.88764e-08,1.252234e-08,130.17,114.16,12299.22,10786.46,64.38,55.44
6.80788,9,0.6567,0.007,0.007,5.182,6.159,0.9871,0.01015,270.86,51.43,0.55836848,0.7091279695999999,2.14,3.014951e-08,1.405152e-08,2.883807e-08,1.251687e-08,130.14,114.34,12296.19,10803.45,64.36,55.54
6.80813,9,0.6567,0.007,0.007,5.182,6.159,0.9871,0.01015,270.86,51.43,0.5583674799999999,0.7091266995999999,2.14,3.018127e-08,1.406725e-08,2.879907e-08,1.250219e-08,130.16,114.38,12297.71,10806.88,64.37,55.56
6.80837,9,0.6568,0.007,0.007,5.182,6.159,0.9871,0.01015,270.86,51.43,0.55836652,0.7091254804,2.14,3.025354e-08,1.408032e-08,2.879962e-08,1.247782e-08,129.82,114.00,12265.95,10770.99,64.18,55.35
6.80863,9,0.6568,0.007,0.007,5.182,6.159,0.9871,0.01015,270.86,51.43,0.55836548,0.7091241596,2.14,3.02776e-08,1.410285e-08,2.877226e-08,1.248513e-08,130.01,114.31,12284.41,10800.24,64.29,55.52
6.80887,9,0.6568,0.007,0.007,5.182,6.159,0.9871,0.01016,270.86,51.43,0.5583645199999999,0.7091229403999999,2.14,3.032291e-08,1.411499e-08,2.876504e-08,1.245303e-08,129.86,113.84,12269.82,10756.04,64.20,55.26
6.80912,9,0.6568,0.007,0.007,5.182,6.159,0.9871,0.01016,270.86,51.43,0.55836352,0.7091216704,2.14,3.039708e-08,1.413387e-08,2.872821e-08,1.244209e-08,129.59,113.92,12244.47,10763.68,64.05,55.30
6.80938,9,0.6569,0.007,0.007,5.182,6.159,0.9871,0.01016,270.86,51.43,0.55836248,0.7091203496,2.14,3.043659e-08,1.413116e-08,2.86955e-08,1.242813e-08,129.25,113.94,12212.28,10765.63,63.86,55.31
6.80962,9,0.6569,0.007,0.007,5.182,6.159,0.9871,0.01016,270.86,51.43,0.55836152,0.7091191304,2.14,3.048238e-08,1.415865e-08,2.86799e-08,1.240638e-08,129.36,113.70,12222.32,10742.73,63.92,55.18
6.80987,9,0.6569,0.007,0.007,5.182,6.159,0.9871,0.01016,270.86,51.43,0.5583605199999999,0.7091178603999999,2.14,3.055222e-08,1.417234e-08,2.867777e-08,1.239973e-08,129.04,113.61,12192.20,10733.99,63.74,55.13
6.81013,9,0.6570,0.007,0.007,5.182,6.159,0.9871,0.01016,270.86,51.43,0.5583594799999999,0.7091165395999999,2.14,3.059385e-08,1.419312e-08,2.864932e-08,1.237007e-08,129.08,113.34,12196.41,10709.15,63.77,54.98
6.81037,9,0.6570,0.007,0.007,5.182,6.159,0.9871,0.01016,270.86,51.43,0.55835852,0.7091153203999999,2.14,3.065737e-08,1.421288e-08,2.862732e-08,1.235696e-08,128.92,113.28,12180.89,10703.65,63.68,54.95
6.81062,9,0.6570,0.007,0.007,5.182,6.159,0.9871,0.01016,270.86,51.43,0.5583575199999999,0.7091140504,2.14,3.0706e-08,1.42266e-08,2.857155e-08,1.233721e-08,128.77,113.35,12166.82,10710.25,63.59,54.99
6.81088,9,0.6571,0.007,0.007,5.181,6.159,0.9871,0.01016,270.86,51.43,0.5583564799999999,0.7091127295999999,2.14,3.076707e-08,1.424818e-08,2.854855e-08,1.23194e-08,128.68,113.24,12157.99,10699.84,63.54,54.92
6.81112,9,0.6571,0.007,0.007,5.181,6.159,0.9871,0.01016,270.86,51.43,0.55835552,0.7091115104,2.14,3.082621e-08,1.426353e-08,2.853053e-08,1.228828e-08,128.47,112.87,12138.91,10664.20,63.43,54.71
6.81137,9,0.6571,0.007,0.007,5.181,6.159,0.9871,0.01016,270.86,51.43,0.55835452,0.7091102403999999,2.14,3.087637e-08,1.428703e-08,2.848429e-08,1.227725e-08,128.48,113.01,12139.37,10677.77,63.43,54.79
6.81163,9,0.6572,0.007,0.007,5.181,6.159,0.9871,0.01016,270.86,51.43,0.55835348,0.7091089196,2.14,3.09414e-08,1.430367e-08,2.845208e-08,1.225301e-08,128.27,112.86,12120.01,10663.56,63.32,54.71
6.81187,9,0.6572,0.007,0.007,5.181,6.159,0.9871,0.01016,270.86,51.43,0.5583525199999999,0.7091077003999999,2.14,3.100134e-08,1.433078e-08,2.839387e-08,1.224111e-08,128.26,113.07,12119.06,10683.74,63.31,54.83
6.81212,9,0.6572,0.007,0.007,5.181,6.159,0.9871,0.01016,270.86,51.43,0.55835152,0.7091064304,2.14,3.106452e-08,1.43445e-08,2.836158e-08,1.221148e-08,128.01,112.82,12094.78,10659.64,63.17,54.69
6.81238,9,0.6573,0.007,0.007,5.181,6.159,0.9871,0.01016,270.86,51.43,0.55835048,0.7091051096,2.14,3.112305e-08,1.435567e-08,2.83169e-08,1.218781e-08,127.76,112.76,12071.85,10654.46,63.03,54.66
6.81262,9,0.6573,0.007,0.007,5.181,6.159,0.9871,0.01016,270.86,51.43,0.5583495199999999,0.7091038903999999,2.14,3.117531e-08,1.438085e-08,2.826228e-08,1.215463e-08,127.78,112.61,12073.52,10639.59,63.04,54.57
6.81288,9,0.6573,0.007,0.007,5.181,6.159,0.9871,0.01016,270.86,51.43,0.5583484799999999,0.7091025696,2.14,3.122257e-08,1.439563e-08,2.820457e-08,1.213744e-08,127.67,112.73,12062.60,10651.34,62.98,54.64
6.81313,9,0.6574,0.007,0.007,5.181,6.159,0.9871,0.01016,270.86,51.43,0.55834748,0.7091012996,2.14,3.128575e-08,1.441849e-08,2.816735e-08,1.210583e-08,127.58,112.49,12054.71,10628.93,62.93,54.50
6.81337,9,0.6574,0.007,0.007,5.181,6.159,0.9871,0.01016,270.86,51.43,0.55834652,0.7091000803999999,2.14,3.132137e-08,1.442947e-08,2.809229e-08,1.207517e-08,127.49,112.52,12046.29,10631.40,62.88,54.52
6.81363,9,0.6574,0.007,0.007,5.181,6.159,0.9871,0.01016,270.86,51.43,0.55834548,0.7090987595999999,2.14,3.137152e-08,1.443801e-08,2.804525e-08,1.20458e-08,127.26,112.37,12023.80,10617.25,62.75,54.44
6.81388,9,0.6575,0.007,0.007,5.181,6.159,0.9871,0.01016,270.86,51.43,0.5583444799999999,0.7090974896,2.14,3.14315e-08,1.44526e-08,2.79761e-08,1.200727e-08,127.06,112.24,12005.60,10605.20,62.64,54.36
6.81412,9,0.6575,0.007,0.007,5.181,6.159,0.9871,0.01016,270.86,51.43,0.55834352,0.7090962704,2.14,3.148454e-08,1.447257e-08,2.79149e-08,1.198485e-08,126.99,112.31,11998.82,10611.17,62.60,54.40
6.81438,9,0.6575,0.007,0.007,5.181,6.159,0.9871,0.01016,270.86,51.43,0.55834248,0.7090949496,2.14,3.150747e-08,1.448544e-08,2.787106e-08,1.194909e-08,127.03,112.03,12002.40,10584.87,62.62,54.24
6.81463,9,0.6576,0.007,0.007,5.181,6.159,0.9871,0.01016,270.86,51.43,0.55834148,0.7090936795999999,2.14,3.154176e-08,1.449833e-08,2.781787e-08,1.191918e-08,127.00,111.93,11999.82,10575.45,62.60,54.19
6.81487,9,0.6576,0.007,0.007,5.181,6.159,0.9871,0.01016,270.86,51.43,0.55834052,0.7090924604000001,2.14,3.159301e-08,1.449786e-08,2.774304e-08,1.188819e-08,126.61,111.94,11963.13,10577.12,62.39,54.20
6.81513,9,0.6576,0.007,0.007,5.181,6.159,0.9871,0.01016,270.86,51.43,0.55833948,0.7090911396,2.14,3.163663e-08,1.450306e-08,2.768138e-08,1.186052e-08,126.38,111.92,11940.58,10575.17,62.25,54.19
6.81538,9,0.6577,0.007,0.007,5.181,6.159,0.9871,0.01016,270.86,51.43,0.55833848,0.7090898696,2.14,3.166494e-08,1.451304e-08,2.762274e-08,1.182951e-08,126.35,111.84,11937.84,10567.58,62.24,54.14
6.81562,9,0.6577,0.007,0.007,5.181,6.159,0.9871,0.01016,270.86,51.43,0.5583375199999999,0.7090886503999999,2.14,3.166797e-08,1.452621e-08,2.756565e-08,1.179795e-08,126.54,111.73,11955.74,10556.45,62.34,54.07
6.81588,9,0.6577,0.007,0.007,5.181,6.159,0.9871,0.01016,270.86,51.43,0.5583364799999999,0.7090873295999999,2.14,3.170906e-08,1.452919e-08,2.749726e-08,1.176188e-08,126.28,111.61,11931.67,10545.79,62.20,54.01
6.81613,9,0.6578,0.007,0.007,5.180,6.159,0.9871,0.01016,270.86,51.43,0.55833548,0.7090860596,2.14,3.172465e-08,1.452504e-08,2.741674e-08,1.173024e-08,126.12,111.68,11916.38,10551.80,62.11,54.05
6.81637,9,0.6578,0.007,0.007,5.180,6.159,0.9871,0.01016,270.86,51.43,0.55833452,0.7090848404,2.14,3.172647e-08,1.454487e-08,2.736126e-08,1.170387e-08,126.42,111.63,11945.16,10547.65,62.28,54.02
6.81663,9,0.6578,0.007,0.007,5.180,6.159,0.9871,0.01016,270.86,51.43,0.5583334799999999,0.7090835195999999,2.14,3.17591e-08,1.453952e-08,2.72915e-08,1.167062e-08,126.10,111.58,11914.43,10542.27,62.10,53.99
6.81687,9,0.6579,0.007,0.007,5.180,6.159,0.9871,0.01016,270.86,51.43,0.55833252,0.7090823004,2.14,3.178106e-08,1.454768e-08,2.723252e-08,1.163586e-08,126.09,111.43,11913.38,10528.79,62.09,53.91
6.81712,9,0.6579,0.007,0.007,5.180,6.159,0.9871,0.01016,270.86,51.43,0.55833152,0.7090810303999999,2.14,3.17926e-08,1.454393e-08,2.718397e-08,1.160378e-08,125.94,111.24,11899.75,10510.87,62.01,53.80
6.81738,9,0.6579,0.007,0.007,5.180,6.159,0.9871,0.01016,270.86,51.43,0.55833048,0.7090797096,2.14,3.178574e-08,1.453941e-08,2.710948e-08,1.158348e-08,125.92,111.44,11897.67,10529.10,62.00,53.91
6.81762,9,0.6579,0.007,0.007,5.180,6.159,0.9871,0.01016,270.86,51.43,0.5583295199999999,0.7090784903999999,2.14,3.181565e-08,1.453934e-08,2.70623e-08,1.155147e-08,125.70,111.24,11876.96,10510.27,61.88,53.80
6.81787,9,0.6580,0.007,0.007,5.180,6.159,0.9871,0.01016,270.86,51.43,0.55832852,0.7090772204,2.14,3.183253e-08,1.453689e-08,2.70135e-08,1.15229e-08,125.56,111.12,11863.49,10499.56,61.80,53.74
6.81813,9,0.6580,0.007,0.007,5.180,6.159,0.9871,0.01016,270.86,51.43,0.55832748,0.7090758996,2.14,3.182267e-08,1.453826e-08,2.694835e-08,1.15032e-08,125.65,111.26,11872.32,10512.46,61.85,53.81
6.81837,9,0.6580,0.007,0.007,5.180,6.159,0.9871,0.01016,270.86,51.43,0.5583265199999999,0.7090746803999999,2.14,3.177171e-08,1.453682e-08,2.690913e-08,1.147263e-08,126.00,111.03,11905.25,10490.40,62.04,53.68
6.81862,9,0.6581,0.007,0.007,5.180,6.159,0.9871,0.01016,270.86,51.43,0.5583255199999999,0.7090734103999999,2.14,3.179699e-08,1.453452e-08,2.68508e-08,1.144588e-08,125.80,111.01,11886.16,10488.99,61.93,53.67
6.81888,9,0.6581,0.007,0.007,5.180,6.159,0.9871,0.01016,270.86,51.43,0.55832448,0.7090720896,2.14,3.17851e-08,1.452342e-08,2.682744e-08,1.142855e-08,125.71,110.89,11877.62,10477.21,61.88,53.61
6.81912,9,0.6581,0.007,0.007,5.180,6.159,0.9871,0.01016,270.86,51.43,0.55832352,0.7090708703999999,2.14,3.178803e-08,1.451442e-08,2.678418e-08,1.140512e-08,125.54,110.80,11862.07,10469.21,61.79,53.56
6.81937,9,0.6582,0.007,0.007,5.180,6.159,0.9871,0.01016,270.86,51.43,0.5583225199999999,0.7090696003999999,2.14,3.178348e-08,1.450522e-08,2.676197e-08,1.139129e-08,125.45,110.75,11853.16,10463.80,61.74,53.53
6.81963,9,0.6582,0.007,0.007,5.180,6.159,0.9871,0.01016,270.86,51.43,0.5583214799999999,0.7090682796,2.14,3.176848e-08,1.449462e-08,2.673137e-08,1.136611e-08,125.39,110.54,11847.51,10444.36,61.70,53.41
6.81987,9,0.6582,0.007,0.007,5.180,6.159,0.9871,0.01016,270.86,51.43,0.55832052,0.7090670604,2.14,3.174752e-08,1.449165e-08,2.669119e-08,1.136016e-08,125.50,110.73,11857.43,10462.20,61.76,53.52
6.82012,9,0.6583,0.007,0.007,5.180,6.159,0.9871,0.01016,270.86,51.43,0.55831952,0.7090657904,2.14,3.172845e-08,1.447705e-08,2.66439e-08,1.133576e-08,125.42,110.67,11850.36,10456.92,61.72,53.48
6.82038,9,0.6583,0.007,0.007,5.180,6.159,0.9871,0.01016,270.86,51.43,0.55831848,0.7090644695999999,2.14,3.172176e-08,1.446721e-08,2.663173e-08,1.132143e-08,125.31,110.52,11840.14,10442.23,61.66,53.40
6.82062,9,0.6583,0.007,0.007,5.180,6.159,0.9871,0.01016,270.86,51.43,0.55831752,0.7090632504000001,2.14,3.170802e-08,1.445137e-08,2.661e-08,1.13092e-08,125.16,110.47,11825.74,10437.43,61.57,53.37
6.82088,9,0.6584,0.007,0.007,5.180,6.159,0.9871,0.01016,270.86,51.43,0.55831648,0.7090619296,2.14,3.170039e-08,1.443949e-08,2.660517e-08,1.129415e-08,125.05,110.26,11814.90,10418.16,61.51,53.26
6.82113,9,0.6584,0.007,0.007,5.180,6.159,0.9871,0.01016,270.86,51.43,0.55831548,0.7090606596,2.14,3.168896e-08,1.442722e-08,2.65809e-08,1.128446e-08,124.93,110.27,11804.29,10419.15,61.45,53.26
6.82137,9,0.6584,0.007,0.007,5.180,6.159,0.9871,0.01016,270.86,51.43,0.5583145199999999,0.7090594403999999,2.14,3.165411e-08,1.4426e-08,2.65575e-08,1.127955e-08,125.17,110.36,11826.33,10427.22,61.58,53.31
6.82163,9,0.6585,0.007,0.007,5.179,6.159,0.9871,0.01016,270.86,51.43,0.5583134799999999,0.7090581195999999,2.14,3.164516e-08,1.441205e-08,2.656099e-08,1.126999e-08,125.03,110.19,11813.26,10411.07,61.50,53.21
6.82188,9,0.6585,0.007,0.007,5.179,6.159,0.9871,0.01016,270.86,51.43,0.55831248,0.7090568496,2.14,3.161845e-08,1.439707e-08,2.655497e-08,1.125786e-08,124.98,110.02,11809.02,10395.71,61.47,53.12
6.82212,9,0.6585,0.007,0.007,5.179,6.159,0.9871,0.01016,270.86,51.43,0.55831152,0.7090556304,2.14,3.161048e-08,1.438831e-08,2.656124e-08,1.12522e-08,124.90,109.88,11801.29,10382.38,61.43,53.04
6.82238,9,0.6586,0.007,0.007,5.179,6.159,0.9871,0.01016,270.86,51.43,0.5583104799999999,0.7090543095999999,2.14,3.158161e-08,1.437513e-08,2.655396e-08,1.125796e-08,124.92,110.05,11803.03,10398.13,61.44,53.14
6.82263,9,0.6586,0.007,0.007,5.179,6.159,0.9871,0.01016,270.86,51.43,0.5583094799999999,0.7090530395999999,2.14,3.156534e-08,1.436982e-08,2.653533e-08,1.124853e-08,124.95,110.02,11806.19,10395.68,61.46,53.12
6.82287,9,0.6586,0.007,0.007,5.179,6.159,0.9871,0.01016,270.86,51.43,0.55830852,0.7090518204,2.14,3.153272e-08,1.435454e-08,2.653555e-08,1.124227e-08,124.95,109.92,11805.54,10385.49,61.45,53.06
6.82313,9,0.6587,0.007,0.007,5.179,6.159,0.9871,0.01016,270.86,51.43,0.55830748,0.7090504996,2.14,3.153233e-08,1.434264e-08,2.654824e-08,1.123808e-08,124.78,109.77,11789.64,10371.75,61.36,52.98
6.82338,9,0.6587,0.007,0.007,5.179,6.159,0.9871,0.01016,270.86,51.43,0.5583064799999999,0.7090492295999999,2.14,3.151117e-08,1.432438e-08,2.652662e-08,1.124283e-08,124.64,110.01,11776.62,10394.03,61.28,53.11
6.82362,9,0.6587,0.007,0.007,5.179,6.159,0.9871,0.01016,270.86,51.43,0.55830552,0.7090480104,2.14,3.147921e-08,1.432094e-08,2.652952e-08,1.123094e-08,124.82,109.78,11793.36,10373.00,61.38,52.99
6.82388,9,0.6588,0.007,0.007,5.179,6.159,0.9871,0.01016,270.86,51.43,0.55830448,0.7090466896,2.14,3.142475e-08,1.430972e-08,2.65256e-08,1.122548e-08,125.05,109.74,11815.69,10368.49,61.51,52.96
6.82413,9,0.6588,0.007,0.007,5.179,6.159,0.9871,0.01016,270.86,51.43,0.55830348,0.7090454196,2.14,3.142341e-08,1.430663e-08,2.653686e-08,1.122064e-08,125.01,109.57,11811.93,10353.13,61.49,52.87
6.82437,9,0.6588,0.007,0.007,5.179,6.159,0.9871,0.01016,270.86,51.43,0.5583025199999999,0.7090442003999999,2.14,3.139791e-08,1.428983e-08,2.652075e-08,1.121385e-08,124.93,109.57,11804.06,10353.16,61.44,52.87
6.82463,9,0.6589,0.007,0.007,5.179,6.159,0.9871,0.01016,270.86,51.43,0.5583014799999999,0.7090428795999999,2.14,3.139597e-08,1.42708e-08,2.653018e-08,1.121761e-08,124.66,109.59,11778.36,10354.37,61.29,52.88
6.82487,9,0.6589,0.007,0.007,5.179,6.159,0.9871,0.01016,270.86,51.43,0.55830052,0.7090416603999999,2.14,3.137046e-08,1.426706e-08,2.652488e-08,1.119785e-08,124.78,109.29,11790.26,10326.38,61.36,52.71
6.82512,9,0.6589,0.007,0.007,5.179,6.159,0.9871,0.01016,270.86,51.43,0.5582995199999999,0.7090403903999999,2.14,3.134142e-08,1.425251e-08,2.653222e-08,1.120232e-08,124.76,109.31,11788.22,10328.57,61.35,52.72
6.82538,9,0.6590,0.007,0.007,5.179,6.159,0.9871,0.01016,270.86,51.43,0.5582984799999999,0.7090390696,2.14,3.131661e-08,1.423744e-08,2.652138e-08,1.119352e-08,124.72,109.26,11784.26,10323.39,61.33,52.69
6.82562,9,0.6590,0.007,0.007,5.179,6.159,0.9871,0.01016,270.86,51.43,0.55829752,0.7090378504,2.14,3.13057e-08,1.422291e-08,2.649904e-08,1.119058e-08,124.57,109.37,11769.74,10333.76,61.24,52.75
6.82587,9,0.6590,0.007,0.007,5.179,6.159,0.9871,0.01016,270.86,51.43,0.55829652,0.7090365804,2.14,3.126287e-08,1.421419e-08,2.647025e-08,1.119136e-08,124.74,109.59,11786.06,10354.48,61.34,52.88
6.82613,9,0.6591,0.007,0.007,5.179,6.159,0.9871,0.01016,270.86,51.43,0.55829548,0.7090352595999999,2.14,3.124458e-08,1.41905e-08,2.645395e-08,1.118372e-08,124.51,109.59,11764.48,10354.85,61.21,52.88
6.82637,9,0.6591,0.007,0.007,5.179,6.159,0.9871,0.01016,270.86,51.43,0.5582945199999999,0.7090340403999998,2.14,3.121377e-08,1.417604e-08,2.645285e-08,1.117201e-08,124.50,109.40,11763.77,10336.83,61.20,52.77
6.82662,9,0.6591,0.007,0.007,5.179,6.159,0.9871,0.01016,270.86,51.43,0.55829352,0.7090327704,2.14,3.1163e-08,1.416102e-08,2.643324e-08,1.115558e-08,124.63,109.26,11776.01,10323.77,61.28,52.70
6.82688,9,0.6591,0.007,0.007,5.179,6.159,0.9871,0.01016,270.86,51.43,0.55829248,0.7090314496,2.14,3.113991e-08,1.414975e-08,2.640346e-08,1.114404e-08,124.62,109.28,11774.83,10325.42,61.27,52.70
6.82712,9,0.6592,0.007,0.007,5.178,6.159,0.9871,0.01016,270.86,51.43,0.5582915199999999,0.7090302303999999,2.14,3.111846e-08,1.41381e-08,2.639974e-08,1.112998e-08,124.61,109.09,11773.71,10306.98,61.26,52.60
6.82737,9,0.6592,0.007,0.007,5.178,6.159,0.9871,0.01016,270.86,51.43,0.55829052,0.7090289604000001,2.14,3.108921e-08,1.411377e-08,2.635133e-08,1.112003e-08,124.43,109.26,11756.85,10323.76,61.16,52.69
6.82763,9,0.6592,0.007,0.007,5.178,6.159,0.9871,0.01016,270.86,51.43,0.55828948,0.7090276396,2.14,3.104743e-08,1.409496e-08,2.632615e-08,1.109302e-08,124.43,108.99,11757.09,10297.45,61.16,52.54
6.82787,9,0.6593,0.007,0.007,5.178,6.159,0.9871,0.01016,270.86,51.43,0.55828852,0.7090264204,2.14,3.099326e-08,1.40827e-08,2.628785e-08,1.108437e-08,124.65,109.13,11777.76,10311.05,61.29,52.62
6.82812,9,0.6593,0.007,0.007,5.178,6.159,0.9871,0.01016,270.86,51.43,0.5582875199999999,0.7090251503999999,2.14,3.097443e-08,1.405804e-08,2.624544e-08,1.106287e-08,124.39,109.07,11753.09,10305.22,61.14,52.58
6.82838,9,0.6593,0.007,0.007,5.178,6.159,0.9871,0.01016,270.86,51.43,0.5582864799999999,0.7090238295999999,2.14,3.091387e-08,1.404842e-08,2.62022e-08,1.104719e-08,124.68,109.11,11780.52,10309.33,61.30,52.61
6.82862,9,0.6594,0.007,0.007,5.178,6.159,0.9871,0.01016,270.86,51.43,0.55828552,0.7090226104,2.14,3.088272e-08,1.40194e-08,2.616309e-08,1.10321e-08,124.46,109.15,11759.45,10313.16,61.18,52.63
6.82888,9,0.6594,0.007,0.007,5.178,6.159,0.9871,0.01016,270.86,51.43,0.55828448,0.7090212896,2.14,3.083062e-08,1.399218e-08,2.611021e-08,1.100624e-08,124.40,109.09,11753.96,10307.39,61.14,52.60
6.82913,9,0.6594,0.007,0.007,5.178,6.159,0.9871,0.01016,270.86,51.43,0.5582834799999999,0.7090200195999999,2.14,3.07861e-08,1.397943e-08,2.605267e-08,1.097501e-08,124.52,108.97,11765.45,10296.08,61.21,52.53
6.82937,9,0.6595,0.007,0.007,5.178,6.159,0.9871,0.01016,270.86,51.43,0.55828252,0.7090188004,2.14,3.073407e-08,1.395156e-08,2.600918e-08,1.095898e-08,124.47,109.03,11760.68,10301.36,61.18,52.56
6.82963,9,0.6595,0.007,0.007,5.178,6.159,0.9871,0.01016,270.86,51.43,0.55828148,0.7090174796000001,2.14,3.067574e-08,1.391719e-08,2.593726e-08,1.092852e-08,124.34,109.02,11748.48,10301.10,61.11,52.56
6.82988,9,0.6595,0.007,0.007,5.178,6.159,0.9871,0.01016,270.86,51.43,0.55828048,0.7090162096,2.14,3.061487e-08,1.390298e-08,2.588115e-08,1.089589e-08,124.56,108.87,11769.26,10286.44,61.23,52.47
6.83012,9,0.6596,0.007,0.007,5.178,6.159,0.9871,0.01016,270.86,51.43,0.5582795199999999,0.7090149903999999,2.14,3.055791e-08,1.388718e-08,2.581496e-08,1.087518e-08,124.75,109.01,11786.69,10299.70,61.34,52.55
6.83038,9,0.6596,0.007,0.007,5.178,6.159,0.9871,0.01016,270.86,51.43,0.5582784799999999,0.7090136695999999,2.14,3.050084e-08,1.385669e-08,2.57454e-08,1.08498e-08,124.67,109.08,11779.60,10306.14,61.30,52.59
6.83063,9,0.6596,0.007,0.007,5.178,6.159,0.9871,0.01016,270.86,51.43,0.55827748,0.7090123996,2.14,3.044443e-08,1.382748e-08,2.568875e-08,1.081576e-08,124.61,108.90,11774.01,10289.43,61.26,52.49
6.83087,9,0.6597,0.007,0.007,5.178,6.159,0.9871,0.01016,270.86,51.43,0.5582765199999999,0.7090111803999999,2.14,3.040065e-08,1.379101e-08,2.560161e-08,1.078878e-08,124.36,109.09,11749.90,10307.01,61.12,52.59
6.83113,9,0.6597,0.007,0.007,5.178,6.159,0.9871,0.01016,270.86,51.43,0.5582754799999999,0.7090098596,2.14,3.03368e-08,1.377532e-08,2.554598e-08,1.075573e-08,124.58,108.92,11770.66,10291.12,61.24,52.50
6.83138,9,0.6597,0.007,0.007,5.178,6.159,0.9871,0.01016,270.86,51.43,0.5582744799999999,0.7090085895999999,2.14,3.028463e-08,1.373908e-08,2.548087e-08,1.072257e-08,124.37,108.82,11751.00,10281.60,61.13,52.44
6.83162,9,0.6598,0.007,0.007,5.178,6.159,0.9871,0.01016,270.86,51.43,0.55827352,0.7090073704,2.14,3.02119e-08,1.372037e-08,2.539668e-08,1.070234e-08,124.63,109.10,11775.22,10308.44,61.27,52.60
6.83188,9,0.6598,0.007,0.007,5.178,6.159,0.9871,0.01016,270.86,51.43,0.55827248,0.7090060495999999,2.14,3.014135e-08,1.368481e-08,2.532936e-08,1.067144e-08,124.57,109.06,11769.67,10304.21,61.24,52.58
6.83212,9,0.6598,0.007,0.007,5.178,6.159,0.9871,0.01016,270.86,51.43,0.5582715199999999,0.7090048303999998,2.14,3.007395e-08,1.365335e-08,2.524966e-08,1.064061e-08,124.55,109.11,11768.32,10308.81,61.23,52.60
6.83237,9,0.6599,0.007,0.007,5.177,6.159,0.9871,0.01016,270.86,51.43,0.55827052,0.7090035604,2.14,2.999143e-08,1.362074e-08,2.520603e-08,1.060807e-08,124.65,108.87,11777.79,10286.66,61.28,52.47
6.83263,9,0.6599,0.007,0.007,5.177,6.159,0.9871,0.01016,270.86,51.43,0.55826948,0.7090022396,2.14,2.996858e-08,1.360136e-08,2.512368e-08,1.057831e-08,124.50,108.96,11763.52,10294.89,61.20,52.52
6.83287,9,0.6599,0.007,0.007,5.177,6.159,0.9871,0.01016,270.86,51.43,0.5582685199999999,0.7090010203999999,2.14,2.98746e-08,1.357165e-08,2.506506e-08,1.054931e-08,124.72,108.88,11784.10,10287.61,61.32,52.48
6.83312,9,0.6600,0.007,0.007,5.177,6.159,0.9871,0.01016,270.86,51.43,0.5582675199999999,0.7089997503999999,2.14,2.983373e-08,1.353737e-08,2.49842e-08,1.052268e-08,124.47,109.03,11760.87,10301.68,61.18,52.56
6.83338,9,0.6600,0.007,0.007,5.177,6.159,0.9871,0.01016,270.86,51.43,0.55826648,0.7089984296,2.14,2.974871e-08,1.35064e-08,2.490383e-08,1.049242e-08,124.60,109.09,11773.01,10307.78,61.26,52.60
6.83362,9,0.6600,0.007,0.007,5.177,6.159,0.9871,0.01016,270.86,51.43,0.55826552,0.7089972104,2.14,2.966665e-08,1.347327e-08,2.485953e-08,1.046739e-08,124.67,108.98,11779.62,10296.96,61.29,52.53
6.83387,9,0.6601,0.007,0.007,5.177,6.159,0.9871,0.01016,270.86,51.43,0.5582645199999999,0.7089959403999999,2.14,2.960041e-08,1.344824e-08,2.478585e-08,1.044672e-08,124.78,109.18,11789.52,10316.18,61.35,52.65
6.83413,9,0.6601,0.007,0.007,5.177,6.159,0.9871,0.01016,270.86,51.43,0.5582634799999999,0.7089946195999999,2.14,2.955893e-08,1.34223e-08,2.472425e-08,1.041833e-08,124.66,109.14,11778.11,10312.02,61.28,52.62
6.83437,9,0.6601,0.007,0.007,5.177,6.159,0.9871,0.01016,270.86,51.43,0.55826252,0.7089934004,2.14,2.948703e-08,1.339117e-08,2.468042e-08,1.039337e-08,124.68,109.02,11780.56,10300.91,61.30,52.56
6.83462,9,0.6602,0.007,0.007,5.177,6.159,0.9871,0.01016,270.86,51.43,0.55826152,0.7089921304,2.14,2.942276e-08,1.336853e-08,2.462685e-08,1.038071e-08,124.81,109.22,11792.93,10319.47,61.37,52.67
6.83488,9,0.6602,0.007,0.007,5.177,6.159,0.9871,0.01016,270.86,51.43,0.55826048,0.7089908095999999,2.14,2.936545e-08,1.333095e-08,2.457796e-08,1.0352e-08,124.61,109.07,11774.24,10305.52,61.26,52.58
6.83512,9,0.6602,0.007,0.007,5.177,6.159,0.9871,0.01016,270.86,51.43,0.55825952,0.7089895904,2.14,2.930446e-08,1.330972e-08,2.454342e-08,1.033238e-08,124.73,108.98,11784.72,10296.79,61.32,52.53
6.83537,9,0.6602,0.007,0.007,5.177,6.159,0.9871,0.01016,270.86,51.43,0.55825852,0.7089883204,2.14,2.92419e-08,1.328203e-08,2.449783e-08,1.031913e-08,124.74,109.09,11785.89,10307.04,61.33,52.59
6.83563,9,0.6603,0.007,0.007,5.177,6.159,0.9871,0.01016,270.86,51.43,0.55825748,0.7089869996,2.14,2.919906e-08,1.326174e-08,2.444079e-08,1.029909e-08,124.74,109.18,11786.32,10315.50,61.33,52.64
6.83587,9,0.6603,0.007,0.007,5.177,6.159,0.9871,0.01016,270.86,51.43,0.5582565199999999,0.7089857803999999,2.14,2.914473e-08,1.324412e-08,2.438418e-08,1.028992e-08,124.86,109.45,11797.84,10341.01,61.40,52.79
6.83613,9,0.6603,0.007,0.007,5.177,6.159,0.9871,0.01016,270.87,51.43,0.5582554799999999,0.7089844595999999,2.14,2.909468e-08,1.32209e-08,2.435949e-08,1.026286e-08,124.86,109.14,11797.06,10312.08,61.40,52.62
6.83638,9,0.6604,0.007,0.007,5.177,6.159,0.9871,0.01016,270.87,51.43,0.55825448,0.7089831896,2.14,2.9043e-08,1.319198e-08,2.433293e-08,1.025319e-08,124.78,109.18,11789.94,10316.28,61.35,52.65
6.83662,9,0.6604,0.007,0.007,5.177,6.159,0.9871,0.01016,270.87,51.43,0.55825352,0.7089819704,2.14,2.90019e-08,1.317466e-08,2.430149e-08,1.023837e-08,124.80,109.16,11792.15,10313.55,61.37,52.63
6.83688,9,0.6604,0.007,0.007,5.177,6.159,0.9871,0.01016,270.87,51.43,0.5582524799999999,0.7089806496,2.14,2.895099e-08,1.315739e-08,2.427215e-08,1.023056e-08,124.91,109.24,11801.78,10321.48,61.42,52.68
6.83713,9,0.6605,0.007,0.007,5.177,6.159,0.9871,0.01016,270.87,51.43,0.5582514799999999,0.7089793795999999,2.14,2.889937e-08,1.312989e-08,2.424765e-08,1.022489e-08,124.85,109.34,11796.91,10331.18,61.39,52.73
6.83737,9,0.6605,0.007,0.007,5.177,6.159,0.9871,0.01016,270.87,51.43,0.55825052,0.7089781604,2.14,2.886352e-08,1.310957e-08,2.422473e-08,1.021257e-08,124.78,109.29,11790.27,10326.54,61.36,52.71
6.83763,9,0.6605,0.007,0.007,5.177,6.159,0.9871,0.01016,270.87,51.43,0.55824948,0.7089768396,2.14,2.882326e-08,1.308562e-08,2.420059e-08,1.020399e-08,124.69,109.32,11780.92,10329.33,61.30,52.72
6.83788,9,0.6606,0.007,0.007,5.176,6.159,0.9871,0.01016,270.87,51.43,0.5582484799999999,0.7089755696,2.14,2.876623e-08,1.307641e-08,2.417432e-08,1.019219e-08,125.00,109.33,11810.30,10329.63,61.47,52.72
6.83812,9,0.6606,0.007,0.007,5.176,6.159,0.9871,0.01016,270.87,51.43,0.55824752,0.7089743504,2.14,2.873851e-08,1.306416e-08,2.415498e-08,1.019151e-08,125.00,109.46,11810.88,10342.74,61.48,52.80
6.83838,9,0.6606,0.007,0.007,5.176,6.159,0.9871,0.01016,270.87,51.43,0.55824648,0.7089730296,2.14,2.870686e-08,1.305228e-08,2.414345e-08,1.018855e-08,125.05,109.50,11815.05,10346.09,61.50,52.82
6.83863,9,0.6607,0.007,0.007,5.176,6.159,0.9871,0.01016,270.87,51.43,0.55824548,0.7089717595999999,2.14,2.868017e-08,1.303205e-08,2.412485e-08,1.019189e-08,124.92,109.72,11803.39,10367.34,61.43,52.95
6.83887,9,0.6607,0.007,0.007,5.176,6.159,0.9871,0.01016,270.87,51.43,0.5582445199999999,0.7089705403999998,2.14,2.862486e-08,1.302106e-08,2.41234e-08,1.017985e-08,125.17,109.51,11826.93,10347.23,61.57,52.83
6.83913,9,0.6607,0.007,0.007,5.176,6.159,0.9871,0.01016,270.87,51.43,0.55824348,0.7089692196,2.14,2.861127e-08,1.302873e-08,2.411549e-08,1.017671e-08,125.42,109.52,11850.04,10347.58,61.71,52.83
6.83938,9,0.6608,0.007,0.007,5.176,6.159,0.9871,0.01016,270.87,51.43,0.55824248,0.7089679496,2.14,2.859947e-08,1.300588e-08,2.409834e-08,1.01746e-08,125.13,109.63,11822.67,10358.18,61.55,52.89
6.83962,9,0.6608,0.007,0.007,5.176,6.159,0.9871,0.01016,270.87,51.43,0.5582415199999999,0.7089667303999999,2.14,2.853537e-08,1.298475e-08,2.409007e-08,1.017197e-08,125.27,109.64,11836.08,10359.70,61.62,52.90
6.83988,9,0.6608,0.007,0.007,5.176,6.159,0.9871,0.01016,270.87,51.43,0.5582404799999999,0.7089654095999999,2.14,2.851901e-08,1.297901e-08,2.406594e-08,1.017321e-08,125.30,109.86,11838.93,10379.88,61.64,53.02
6.84012,9,0.6609,0.007,0.007,5.176,6.159,0.9871,0.01016,270.87,51.43,0.55823952,0.7089641904,2.14,2.849407e-08,1.297672e-08,2.405977e-08,1.017334e-08,125.48,109.93,11855.91,10386.29,61.74,53.06
6.84037,9,0.6609,0.007,0.007,5.176,6.159,0.9871,0.01016,270.87,51.43,0.55823852,0.7089629204,2.14,2.84682e-08,1.296118e-08,2.404731e-08,1.016922e-08,125.41,109.95,11849.60,10388.33,61.70,53.07
6.84063,9,0.6609,0.007,0.007,5.176,6.159,0.9871,0.01016,270.87,51.43,0.55823748,0.7089615995999999,2.14,2.844543e-08,1.29496e-08,2.404061e-08,1.016415e-08,125.39,109.90,11847.57,10384.37,61.69,53.05
6.84087,9,0.6610,0.007,0.007,5.176,6.159,0.9871,0.01016,270.87,51.43,0.5582365199999999,0.7089603803999999,2.14,2.840754e-08,1.294012e-08,2.400677e-08,1.016745e-08,125.55,110.25,11862.43,10417.19,61.78,53.24
6.84112,9,0.6610,0.007,0.007,5.176,6.159,0.9871,0.01016,270.87,51.43,0.55823552,0.7089591104,2.14,2.837324e-08,1.293084e-08,2.403256e-08,1.015706e-08,125.66,109.85,11873.13,10379.41,61.84,53.02
6.84138,9,0.6610,0.007,0.007,5.176,6.159,0.9871,0.01016,270.87,51.43,0.55823448,0.7089577896,2.14,2.835712e-08,1.29267e-08,2.401573e-08,1.015777e-08,125.72,110.00,11878.54,10393.27,61.87,53.10
6.84162,9,0.6611,0.007,0.007,5.176,6.159,0.9871,0.01016,270.87,51.43,0.5582335199999999,0.7089565703999999,2.14,2.831598e-08,1.291106e-08,2.398035e-08,1.015644e-08,125.79,110.27,11885.61,10419.09,61.92,53.25
6.84187,9,0.6611,0.007,0.007,5.176,6.159,0.9871,0.01016,270.87,51.43,0.55823252,0.7089553004,2.14,2.828509e-08,1.290861e-08,2.400148e-08,1.015546e-08,126.00,110.09,11905.33,10401.44,62.03,53.15
6.84213,9,0.6611,0.007,0.007,5.176,6.159,0.9871,0.01016,270.87,51.43,0.55823148,0.7089539796000001,2.14,2.827141e-08,1.288781e-08,2.396881e-08,1.01486e-08,125.74,110.22,11880.65,10413.83,61.89,53.22
6.84237,9,0.6612,0.007,0.007,5.176,6.159,0.9871,0.01016,270.87,51.43,0.55823052,0.7089527604,2.14,2.823279e-08,1.288733e-08,2.395419e-08,1.014635e-08,126.07,110.31,11911.54,10422.43,62.07,53.27
6.84262,9,0.6612,0.007,0.007,5.176,6.159,0.9871,0.01016,270.87,51.43,0.5582295199999999,0.7089514903999999,2.14,2.819127e-08,1.287484e-08,2.394809e-08,1.014524e-08,126.18,110.34,11922.55,10425.05,62.13,53.29
6.84288,9,0.6612,0.007,0.007,5.176,6.159,0.9871,0.01016,270.87,51.43,0.5582284799999999,0.7089501695999999,2.14,2.817351e-08,1.285968e-08,2.392066e-08,1.013363e-08,126.06,110.34,11910.53,10425.07,62.06,53.29
6.84312,9,0.6613,0.007,0.007,5.175,6.159,0.9871,0.01016,270.87,51.43,0.55822752,0.7089489503999999,2.14,2.812093e-08,1.284427e-08,2.389996e-08,1.012887e-08,126.23,110.43,11927.00,10433.81,62.16,53.34
6.84337,9,0.6613,0.007,0.007,5.175,6.159,0.9871,0.01016,270.87,51.43,0.55822652,0.7089476803999999,2.14,2.807379e-08,1.282922e-08,2.385218e-08,1.012062e-08,126.35,110.66,11938.11,10455.33,62.23,53.47
6.84363,9,0.6613,0.007,0.007,5.175,6.159,0.9871,0.01017,270.87,51.43,0.5582254799999999,0.7089463596,2.14,2.802894e-08,1.281791e-08,2.38593e-08,1.011637e-08,126.52,110.52,11953.88,10442.29,62.32,53.39
6.84387,9,0.6614,0.007,0.007,5.175,6.159,0.9871,0.01017,270.87,51.43,0.55822452,0.7089451404,2.14,2.799461e-08,1.280972e-08,2.382653e-08,1.010343e-08,126.67,110.55,11968.62,10445.58,62.41,53.41
6.84413,9,0.6614,0.007,0.007,5.175,6.159,0.9871,0.01017,270.87,51.43,0.55822348,0.7089438196,2.14,2.795904e-08,1.279272e-08,2.380899e-08,1.009999e-08,126.66,110.63,11967.37,10452.77,62.40,53.45
6.84438,9,0.6614,0.007,0.007,5.175,6.159,0.9871,0.01017,270.87,51.43,0.55822248,0.7089425495999999,2.14,2.790426e-08,1.276992e-08,2.376634e-08,1.008998e-08,126.70,110.78,11971.28,10467.33,62.42,53.54
6.84462,9,0.6614,0.007,0.007,5.175,6.159,0.9871,0.01017,270.87,51.43,0.5582215199999999,0.7089413303999998,2.14,2.786807e-08,1.275152e-08,2.375238e-08,1.008482e-08,126.67,110.80,11968.10,10468.71,62.40,53.54
6.84488,9,0.6615,0.007,0.007,5.175,6.159,0.9871,0.01017,270.87,51.43,0.5582204799999999,0.7089400095999999,2.14,2.78287e-08,1.273673e-08,2.372706e-08,1.006718e-08,126.75,110.68,11975.50,10457.86,62.45,53.48
6.84513,9,0.6615,0.007,0.007,5.175,6.159,0.9871,0.01017,270.87,51.43,0.55821948,0.7089387396,2.14,2.77487e-08,1.271697e-08,2.367567e-08,1.006793e-08,127.06,111.12,12004.84,10498.71,62.62,53.72
6.84537,9,0.6615,0.007,0.007,5.175,6.159,0.9871,0.01017,270.87,51.43,0.5582185199999999,0.7089375203999999,2.14,2.771304e-08,1.27012e-08,2.365349e-08,1.005576e-08,127.07,111.06,12005.84,10493.74,62.62,53.69
6.84563,9,0.6616,0.007,0.007,5.175,6.159,0.9871,0.01017,270.87,51.43,0.5582174799999999,0.7089361995999999,2.14,2.765612e-08,1.268048e-08,2.36209e-08,1.004589e-08,127.18,111.16,12017.04,10502.57,62.69,53.74
6.84588,9,0.6616,0.007,0.007,5.175,6.159,0.9871,0.01017,270.87,51.43,0.5582164799999999,0.7089349295999999,2.14,2.759429e-08,1.26521e-08,2.359281e-08,1.003241e-08,127.18,111.13,12016.99,10499.78,62.69,53.73
6.84612,9,0.6616,0.007,0.007,5.175,6.159,0.9871,0.01017,270.87,51.43,0.55821552,0.7089337104,2.14,2.752537e-08,1.264782e-08,2.355935e-08,1.002329e-08,127.69,111.23,12065.12,10509.10,62.97,53.78
6.84638,9,0.6617,0.007,0.007,5.175,6.159,0.9871,0.01017,270.87,51.43,0.55821448,0.7089323895999999,2.14,2.74655e-08,1.262041e-08,2.35288e-08,1.001591e-08,127.71,111.35,12067.12,10520.95,62.99,53.85
6.84663,9,0.6617,0.007,0.007,5.175,6.159,0.9871,0.01017,270.87,51.43,0.5582134799999999,0.7089311195999999,2.14,2.740904e-08,1.25935e-08,2.351873e-08,1.000315e-08,127.70,111.19,12065.41,10505.46,62.98,53.76
6.84687,9,0.6617,0.007,0.007,5.175,6.159,0.9871,0.01017,270.87,51.43,0.55821252,0.7089299004,2.14,2.735152e-08,1.256492e-08,2.34727e-08,9.994658e-09,127.66,111.40,12061.59,10525.78,62.95,53.88
6.84713,9,0.6618,0.007,0.007,5.175,6.159,0.9871,0.01017,270.87,51.43,0.55821148,0.7089285796,2.14,2.728359e-08,1.255053e-08,2.34449e-08,9.982877e-09,127.99,111.42,12093.38,10527.47,63.14,53.89
6.84738,9,0.6618,0.007,0.007,5.175,6.159,0.9871,0.01017,270.87,51.43,0.55821048,0.7089273095999999,2.14,2.721502e-08,1.251994e-08,2.340344e-08,9.979943e-09,128.01,111.71,12095.08,10554.58,63.15,54.05
6.84762,9,0.6618,0.007,0.007,5.175,6.159,0.9871,0.01017,270.87,51.43,0.5582095199999999,0.7089260903999999,2.14,2.716132e-08,1.249249e-08,2.337806e-08,9.972218e-09,127.96,111.77,12090.16,10560.30,63.12,54.08
6.84788,9,0.6619,0.007,0.007,5.175,6.159,0.9871,0.01017,270.87,51.43,0.55820848,0.7089247696000001,2.14,2.708812e-08,1.247154e-08,2.335269e-08,9.961302e-09,128.22,111.78,12114.86,10561.72,63.27,54.09
6.84812,9,0.6619,0.007,0.007,5.175,6.159,0.9871,0.01017,270.87,51.43,0.55820752,0.7089235504,2.14,2.703456e-08,1.2444e-08,2.332775e-08,9.954909e-09,128.16,111.87,12109.67,10569.58,63.24,54.14
6.84837,9,0.6619,0.007,0.007,5.175,6.159,0.9871,0.01017,270.87,51.43,0.5582065199999999,0.7089222803999999,2.14,2.695794e-08,1.242554e-08,2.328689e-08,9.945097e-09,128.49,112.02,12140.10,10583.74,63.42,54.22
6.84863,9,0.6620,0.007,0.007,5.175,6.159,0.9871,0.01017,270.87,51.43,0.5582054799999999,0.7089209595999999,2.14,2.690051e-08,1.24091e-08,2.328205e-08,9.93414e-09,128.70,111.86,12160.17,10568.83,63.53,54.13
6.84887,9,0.6620,0.007,0.007,5.175,6.159,0.9871,0.01017,270.87,51.43,0.55820452,0.7089197403999999,2.14,2.683019e-08,1.238063e-08,2.327027e-08,9.936249e-09,128.78,112.00,12167.41,10582.08,63.58,54.21
6.84912,9,0.6620,0.007,0.007,5.175,6.159,0.9871,0.01017,270.87,51.43,0.55820352,0.7089184704,2.14,2.677444e-08,1.235348e-08,2.322763e-08,9.931838e-09,128.75,112.27,12164.80,10607.80,63.56,54.36
6.84938,9,0.6621,0.007,0.007,5.174,6.159,0.9871,0.01017,270.87,51.43,0.55820248,0.7089171496,2.14,2.672425e-08,1.232443e-08,2.323019e-08,9.916175e-09,128.65,111.96,12155.85,10578.17,63.51,54.19
6.84962,9,0.6621,0.007,0.007,5.174,6.159,0.9871,0.01017,270.87,51.43,0.55820152,0.7089159304,2.14,2.665086e-08,1.231176e-08,2.321334e-08,9.916684e-09,129.07,112.11,12194.77,10592.52,63.74,54.27
6.84987,9,0.6621,0.007,0.007,5.174,6.159,0.9871,0.01017,270.87,51.43,0.55820052,0.7089146604,2.14,2.659896e-08,1.229206e-08,2.317636e-08,9.905757e-09,129.15,112.20,12202.66,10601.63,63.79,54.33
6.85013,9,0.6622,0.007,0.007,5.174,6.159,0.9871,0.01017,270.87,51.43,0.55819948,0.7089133396,2.14,2.653806e-08,1.226287e-08,2.317471e-08,9.915508e-09,129.15,112.43,12202.57,10622.79,63.78,54.45
6.85037,9,0.6622,0.007,0.007,5.174,6.159,0.9871,0.01017,270.87,51.43,0.5581985199999999,0.7089121204,2.14,2.650982e-08,1.226012e-08,2.314778e-08,9.910899e-09,129.35,112.57,12221.66,10635.76,63.90,54.53
6.85062,9,0.6622,0.007,0.007,5.174,6.159,0.9871,0.01017,270.87,51.43,0.55819752,0.7089108504,2.14,2.643068e-08,1.223291e-08,2.313846e-08,9.906647e-09,129.54,112.56,12239.13,10635.27,64.00,54.52
6.85088,9,0.6623,0.007,0.007,5.174,6.159,0.9871,0.01017,270.87,51.43,0.55819648,0.7089095296,2.14,2.63755e-08,1.221973e-08,2.312915e-08,9.906233e-09,129.80,112.65,12264.07,10643.58,64.15,54.57
6.85112,9,0.6623,0.007,0.007,5.174,6.159,0.9871,0.01017,270.87,51.43,0.55819552,0.7089083103999999,2.14,2.634471e-08,1.219991e-08,2.313258e-08,9.912385e-09,129.69,112.74,12253.68,10652.39,64.09,54.63
6.85137,9,0.6623,0.007,0.007,5.174,6.159,0.9871,0.01017,270.87,51.43,0.5581945199999999,0.7089070403999999,2.14,2.628527e-08,1.218387e-08,2.312272e-08,9.907432e-09,129.92,112.73,12275.23,10651.02,64.21,54.62
6.85163,9,0.6624,0.007,0.007,5.174,6.159,0.9871,0.01017,270.87,51.43,0.5581934799999999,0.7089057195999999,2.14,2.627953e-08,1.217061e-08,2.310537e-08,9.907013e-09,129.73,112.88,12257.19,10665.84,64.11,54.71
6.85187,9,0.6624,0.007,0.007,5.174,6.159,0.9871,0.01017,270.87,51.43,0.55819252,0.7089045004,2.14,2.624165e-08,1.216053e-08,2.311264e-08,9.912154e-09,129.87,112.92,12271.21,10669.65,64.19,54.73
6.85213,9,0.6624,0.007,0.007,5.174,6.159,0.9871,0.01017,270.87,51.43,0.55819148,0.7089031795999999,2.14,2.617804e-08,1.214716e-08,2.311135e-08,9.913555e-09,130.20,112.96,12301.61,10673.34,64.37,54.75
6.85238,9,0.6625,0.007,0.007,5.174,6.159,0.9871,0.01017,270.87,51.43,0.5581904799999999,0.7089019095999999,2.14,2.616305e-08,1.214321e-08,2.312069e-08,9.91506e-09,130.28,112.93,12309.15,10670.23,64.41,54.73
6.85262,9,0.6625,0.007,0.007,5.174,6.159,0.9871,0.01017,270.87,51.43,0.55818952,0.7089006904,2.14,2.612595e-08,1.212309e-08,2.310694e-08,9.916569e-09,130.22,113.08,12303.66,10684.20,64.38,54.81
6.85288,9,0.6625,0.007,0.007,5.174,6.159,0.9871,0.01017,270.87,51.43,0.55818848,0.7088993696,2.14,2.610698e-08,1.212083e-08,2.311874e-08,9.924937e-09,130.35,113.14,12316.06,10690.44,64.45,54.85
6.85313,9,0.6626,0.007,0.007,5.174,6.159,0.9871,0.01017,270.87,51.43,0.55818748,0.7088980995999999,2.14,2.60673e-08,1.211637e-08,2.309505e-08,9.925015e-09,130.65,113.37,12344.48,10711.43,64.62,54.97
6.85337,9,0.6626,0.007,0.007,5.174,6.159,0.9871,0.01017,270.87,51.43,0.5581865199999999,0.7088968803999999,2.14,2.604306e-08,1.210977e-08,2.310628e-08,9.928543e-09,130.74,113.34,12353.37,10708.98,64.67,54.96
6.85363,9,0.6626,0.007,0.007,5.174,6.159,0.9871,0.01017,270.87,51.43,0.55818548,0.7088955596000001,2.14,2.605096e-08,1.210505e-08,2.31066e-08,9.937485e-09,130.58,113.52,12337.38,10725.64,64.58,55.06
6.85388,9,0.6626,0.007,0.007,5.174,6.159,0.9871,0.01017,270.87,51.43,0.55818448,0.7088942896,2.14,2.601773e-08,1.210288e-08,2.309911e-08,9.935848e-09,130.84,113.55,12362.70,10728.64,64.73,55.08
6.85412,9,0.6627,0.007,0.007,5.174,6.159,0.9871,0.01017,270.87,51.43,0.5581835199999999,0.7088930703999999,2.14,2.600437e-08,1.209101e-08,2.309919e-08,9.944446e-09,130.75,113.74,12353.77,10746.50,64.68,55.18
6.85438,9,0.6627,0.007,0.007,5.174,6.159,0.9871,0.01017,270.87,51.43,0.5581824799999999,0.7088917495999999,2.14,2.600134e-08,1.209898e-08,2.310172e-08,9.937962e-09,130.94,113.59,12371.69,10732.14,64.78,55.10
6.85463,9,0.6627,0.007,0.007,5.174,6.159,0.9871,0.01017,270.87,51.43,0.55818148,0.7088904796000001,2.14,2.597736e-08,1.210353e-08,2.309558e-08,9.950408e-09,131.26,113.89,12401.79,10760.77,64.96,55.26
6.85487,9,0.6628,0.007,0.007,5.173,6.159,0.9871,0.01017,270.87,51.43,0.55818052,0.7088892604,2.14,2.596481e-08,1.209609e-08,2.30967e-08,9.947446e-09,131.24,113.84,12400.61,10755.85,64.95,55.24
6.85513,9,0.6628,0.007,0.007,5.173,6.159,0.9871,0.01017,270.87,51.43,0.55817948,0.7088879396,2.14,2.596643e-08,1.209799e-08,2.30909e-08,9.95619e-09,131.27,114.06,12402.81,10777.23,64.96,55.36
6.85538,9,0.6628,0.007,0.007,5.173,6.159,0.9871,0.01017,270.87,51.43,0.5581784799999999,0.7088866695999999,2.14,2.594525e-08,1.209401e-08,2.308957e-08,9.96055e-09,131.39,114.16,12414.12,10786.62,65.03,55.42
6.85562,9,0.6629,0.007,0.007,5.173,6.159,0.9871,0.01017,270.87,51.43,0.55817752,0.7088854504,2.14,2.596073e-08,1.210155e-08,2.308787e-08,9.961177e-09,131.41,114.21,12416.62,10790.84,65.05,55.44
6.85588,9,0.6629,0.007,0.007,5.173,6.159,0.9871,0.01017,270.87,51.43,0.55817648,0.7088841296,2.14,2.594484e-08,1.210201e-08,2.308066e-08,9.949202e-09,131.57,114.03,12431.76,10773.96,65.14,55.34
6.85612,9,0.6629,0.007,0.007,5.173,6.159,0.9871,0.01017,270.87,51.43,0.5581755199999999,0.7088829104,2.14,2.593662e-08,1.210833e-08,2.305517e-08,9.957178e-09,131.78,114.41,12451.33,10810.14,65.25,55.56
6.85637,9,0.6630,0.007,0.007,5.173,6.159,0.9871,0.01017,270.87,51.43,0.55817452,0.7088816404,2.14,2.593454e-08,1.21156e-08,2.307722e-08,9.952181e-09,131.97,114.14,12469.11,10784.08,65.36,55.40
6.85663,9,0.6630,0.007,0.007,5.173,6.159,0.9871,0.01017,270.87,51.43,0.55817348,0.7088803196,2.14,2.593144e-08,1.210751e-08,2.305526e-08,9.949462e-09,131.83,114.27,12456.29,10796.96,65.28,55.48
6.85687,9,0.6630,0.007,0.007,5.173,6.159,0.9871,0.01017,270.87,51.43,0.55817252,0.7088791003999999,2.14,2.593067e-08,1.211474e-08,2.302489e-08,9.948084e-09,131.99,114.51,12470.94,10819.40,65.37,55.61
6.85712,9,0.6631,0.007,0.007,5.173,6.159,0.9871,0.01017,270.87,51.43,0.5581715199999999,0.7088778304,2.14,2.592583e-08,1.210774e-08,2.299901e-08,9.938502e-09,131.91,114.56,12463.67,10824.10,65.32,55.64
6.85738,9,0.6631,0.007,0.007,5.173,6.159,0.9871,0.01017,270.87,51.43,0.5581704799999999,0.7088765095999999,2.14,2.589726e-08,1.211298e-08,2.297891e-08,9.939217e-09,132.29,114.75,12499.65,10842.16,65.54,55.74
6.85762,9,0.6631,0.007,0.007,5.173,6.159,0.9871,0.01017,270.87,51.43,0.55816952,0.7088752904,2.14,2.590097e-08,1.211882e-08,2.297376e-08,9.93157e-09,132.38,114.64,12507.61,10831.74,65.58,55.68
6.85787,9,0.6632,0.007,0.007,5.173,6.159,0.9871,0.01017,270.87,51.43,0.55816852,0.7088740203999999,2.14,2.589754e-08,1.211205e-08,2.29474e-08,9.933014e-09,132.29,114.92,12499.48,10858.10,65.53,55.84
6.85813,9,0.6632,0.007,0.007,5.173,6.159,0.9871,0.01017,270.87,51.43,0.5581674799999999,0.7088726995999999,2.14,2.588703e-08,1.211699e-08,2.29389e-08,9.922535e-09,132.49,114.78,12518.60,10844.99,65.65,55.76
6.85837,9,0.6632,0.007,0.007,5.173,6.159,0.9871,0.01017,270.87,51.43,0.55816652,0.7088714804,2.14,2.587174e-08,1.210826e-08,2.291026e-08,9.914497e-09,132.46,114.87,12515.55,10853.39,65.63,55.81
6.85862,9,0.6633,0.007,0.007,5.173,6.159,0.9871,0.01017,270.87,51.43,0.55816552,0.7088702104,2.14,2.585714e-08,1.209935e-08,2.287664e-08,9.90167e-09,132.44,114.92,12513.40,10858.35,65.62,55.84
6.85888,9,0.6633,0.007,0.007,5.173,6.159,0.9871,0.01017,270.87,51.43,0.55816448,0.7088688895999999,2.14,2.585169e-08,1.210971e-08,2.284848e-08,9.904094e-09,132.70,115.22,12538.52,10886.67,65.76,56.01
6.85912,9,0.6633,0.007,0.007,5.173,6.159,0.9871,0.01017,270.87,51.43,0.5581635199999999,0.7088676703999999,2.14,2.584827e-08,1.209836e-08,2.283573e-08,9.888306e-09,132.50,115.01,12519.54,10866.77,65.65,55.89
6.85938,9,0.6634,0.007,0.007,5.173,6.159,0.9871,0.01017,270.87,51.43,0.55816248,0.7088663496000001,2.14,2.581159e-08,1.209761e-08,2.277878e-08,9.872413e-09,132.86,115.21,12553.46,10885.46,65.85,56.00
6.85963,9,0.6634,0.007,0.007,5.173,6.159,0.9871,0.01017,270.87,51.43,0.55816148,0.7088650796,2.14,2.577719e-08,1.209715e-08,2.276298e-08,9.867505e-09,133.19,115.25,12584.12,10889.23,66.03,56.02
6.85987,9,0.6634,0.007,0.007,5.173,6.159,0.9871,0.01017,270.87,51.43,0.5581605199999999,0.7088638603999999,2.14,2.575635e-08,1.208726e-08,2.272717e-08,9.858207e-09,133.18,115.38,12583.91,10901.39,66.03,56.09
6.86013,9,0.6635,0.007,0.007,5.172,6.159,0.9871,0.01017,270.87,51.43,0.5581594799999999,0.7088625395999999,2.14,2.575131e-08,1.207119e-08,2.269256e-08,9.844749e-09,132.92,115.43,12558.94,10906.07,65.88,56.12
6.86038,9,0.6635,0.007,0.007,5.172,6.159,0.9871,0.01017,270.87,51.43,0.5581584799999999,0.7088612695999998,2.14,2.571468e-08,1.206933e-08,2.266222e-08,9.84098e-09,133.24,115.62,12589.00,10924.49,66.06,56.23
6.86062,9,0.6635,0.007,0.007,5.172,6.159,0.9871,0.01017,270.87,51.43,0.55815752,0.7088600504,2.14,2.567534e-08,1.206376e-08,2.262158e-08,9.819319e-09,133.51,115.54,12614.41,10916.60,66.21,56.18
6.86088,9,0.6636,0.007,0.007,5.172,6.159,0.9871,0.01017,270.87,51.43,0.55815648,0.7088587296,2.14,2.564635e-08,1.203826e-08,2.257883e-08,9.814421e-09,133.28,115.84,12592.87,10945.16,66.08,56.35
6.86113,9,0.6636,0.007,0.007,5.172,6.159,0.9871,0.01017,270.87,51.43,0.5581554799999999,0.7088574595999999,2.14,2.561221e-08,1.202824e-08,2.25623e-08,9.805421e-09,133.40,115.80,12604.73,10941.58,66.15,56.33
6.86137,9,0.6636,0.007,0.007,5.172,6.159,0.9871,0.01017,270.87,51.43,0.55815452,0.7088562404,2.14,2.557573e-08,1.201462e-08,2.251025e-08,9.796319e-09,133.48,116.09,12611.68,10968.35,66.20,56.49
6.86163,9,0.6637,0.007,0.007,5.172,6.159,0.9871,0.01017,270.87,51.43,0.55815348,0.7088549196,2.14,2.551828e-08,1.199827e-08,2.24855e-08,9.778991e-09,133.72,115.97,12634.71,10957.00,66.33,56.42
6.86188,9,0.6637,0.007,0.007,5.172,6.159,0.9871,0.01017,270.87,51.43,0.55815248,0.7088536496,2.14,2.549855e-08,1.198633e-08,2.246792e-08,9.772804e-09,133.67,116.00,12629.41,10959.89,66.30,56.44
6.86212,9,0.6637,0.007,0.007,5.172,6.159,0.9871,0.01017,270.87,51.43,0.55815152,0.7088524304,2.14,2.546385e-08,1.196434e-08,2.242723e-08,9.760671e-09,133.55,116.11,12618.11,10970.96,66.23,56.50
6.86238,9,0.6638,0.007,0.007,5.172,6.159,0.9871,0.01017,270.87,51.43,0.55815048,0.7088511096,2.14,2.541318e-08,1.195116e-08,2.23876e-08,9.751091e-09,133.79,116.29,12641.22,10987.91,66.37,56.60
6.86263,9,0.6638,0.007,0.007,5.172,6.159,0.9871,0.01017,270.87,51.43,0.55814948,0.7088498396,2.14,2.535579e-08,1.193191e-08,2.238608e-08,9.747829e-09,133.95,116.24,12656.72,10982.72,66.46,56.57
6.86287,9,0.6638,0.007,0.007,5.172,6.159,0.9871,0.01017,270.87,51.43,0.5581485199999999,0.7088486204,2.14,2.531541e-08,1.19171e-08,2.234295e-08,9.725681e-09,134.04,116.17,12665.13,10975.99,66.51,56.53
6.86313,9,0.6638,0.007,0.007,5.172,6.159,0.9871,0.01017,270.87,51.43,0.5581474799999999,0.7088472995999999,2.14,2.528605e-08,1.189949e-08,2.230391e-08,9.718197e-09,133.96,116.37,12657.52,10995.04,66.47,56.64
6.86337,9,0.6639,0.007,0.007,5.172,6.159,0.9871,0.01017,270.87,51.43,0.55814652,0.7088460804,2.14,2.521857e-08,1.188586e-08,2.230759e-08,9.721119e-09,134.37,116.41,12695.99,10999.34,66.69,56.67
6.86362,9,0.6639,0.007,0.007,5.172,6.159,0.9871,0.01017,270.87,51.43,0.55814552,0.7088448103999999,2.14,2.516815e-08,1.186128e-08,2.225467e-08,9.704197e-09,134.35,116.54,12694.34,11011.69,66.68,56.74
6.86388,9,0.6639,0.007,0.007,5.172,6.159,0.9871,0.01017,270.87,51.43,0.5581444799999999,0.7088434896,2.14,2.512643e-08,1.184243e-08,2.223109e-08,9.70239e-09,134.37,116.73,12695.99,11028.77,66.69,56.84
6.86412,9,0.6640,0.007,0.007,5.172,6.159,0.9871,0.01017,270.87,51.43,0.55814352,0.7088422704,2.14,2.507866e-08,1.18295e-08,2.223167e-08,9.702585e-09,134.60,116.74,12717.39,11030.32,66.82,56.85
6.86437,9,0.6640,0.007,0.007,5.172,6.159,0.9871,0.01017,270.87,51.43,0.55814252,0.7088410004,2.14,2.502133e-08,1.180237e-08,2.219385e-08,9.699077e-09,134.60,117.02,12717.21,11056.61,66.82,57.01
6.86463,9,0.6640,0.007,0.007,5.172,6.159,0.9871,0.01017,270.87,51.43,0.55814148,0.7088396795999999,2.14,2.498108e-08,1.177688e-08,2.219139e-08,9.691151e-09,134.45,116.87,12703.93,11042.74,66.74,56.93
6.86487,9,0.6641,0.007,0.007,5.172,6.159,0.9871,0.01017,270.87,51.43,0.5581405199999999,0.7088384603999999,2.14,2.492535e-08,1.176363e-08,2.217414e-08,9.689667e-09,134.76,117.02,12732.51,11056.66,66.91,57.01
6.86512,9,0.6641,0.007,0.007,5.172,6.159,0.9871,0.01017,270.87,51.43,0.55813952,0.7088371904,2.14,2.486148e-08,1.174433e-08,2.216976e-08,9.691212e-09,134.99,117.09,12754.81,11063.67,67.04,57.05
6.86538,9,0.6641,0.007,0.007,5.172,6.159,0.9871,0.01017,270.87,51.43,0.55813848,0.7088358696,2.14,2.481994e-08,1.172482e-08,2.214444e-08,9.690393e-09,135.00,117.31,12755.05,11084.50,67.04,57.17
6.86562,9,0.6642,0.007,0.007,5.171,6.159,0.9871,0.01017,270.87,51.43,0.5581375199999999,0.7088346503999999,2.14,2.477631e-08,1.171083e-08,2.21432e-08,9.694525e-09,135.16,117.43,12770.65,11095.69,67.13,57.24
6.86587,9,0.6642,0.007,0.007,5.171,6.159,0.9871,0.01017,270.87,51.43,0.5581365199999999,0.7088333803999999,2.14,2.472822e-08,1.170139e-08,2.212185e-08,9.694665e-09,135.45,117.64,12798.22,11115.03,67.29,57.35
6.86613,9,0.6642,0.007,0.007,5.171,6.159,0.9871,0.01017,270.87,51.43,0.55813548,0.7088320596000001,2.14,2.468964e-08,1.168162e-08,2.212393e-08,9.696725e-09,135.42,117.66,12795.07,11117.38,67.28,57.37
6.86637,9,0.6643,0.007,0.007,5.171,6.159,0.9871,0.01017,270.87,51.43,0.55813452,0.7088308404,2.14,2.46331e-08,1.165998e-08,2.211565e-08,9.693537e-09,135.55,117.69,12807.65,11119.95,67.35,57.38
6.86662,9,0.6643,0.007,0.007,5.171,6.159,0.9871,0.01017,270.87,51.43,0.5581335199999999,0.7088295703999999,2.14,2.456522e-08,1.165425e-08,2.212023e-08,9.701722e-09,136.14,117.82,12862.98,11132.57,67.68,57.46
6.86688,9,0.6643,0.007,0.007,5.171,6.159,0.9871,0.01017,270.87,51.43,0.5581324799999999,0.7088282495999999,2.14,2.457307e-08,1.164553e-08,2.212382e-08,9.703407e-09,135.86,117.83,12836.88,11132.80,67.52,57.46
6.86712,9,0.6644,0.007,0.007,5.171,6.159,0.9871,0.01017,270.87,51.43,0.55813152,0.7088270304,2.14,2.451186e-08,1.162912e-08,2.210438e-08,9.703936e-09,136.16,118.04,12865.31,11153.01,67.69,57.58
6.86738,9,0.6644,0.007,0.007,5.171,6.159,0.9871,0.01017,270.87,51.43,0.55813048,0.7088257096,2.14,2.445381e-08,1.161522e-08,2.211352e-08,9.712181e-09,136.47,118.13,12894.12,11161.68,67.86,57.63
6.86763,9,0.6644,0.007,0.007,5.171,6.159,0.9871,0.01017,270.87,51.43,0.55812948,0.7088244396,2.14,2.44371e-08,1.160437e-08,2.211689e-08,9.718344e-09,136.40,118.23,12887.95,11171.28,67.82,57.68
6.86787,9,0.6645,0.007,0.007,5.171,6.159,0.9871,0.01017,270.87,51.43,0.5581285199999999,0.7088232203999999,2.14,2.436885e-08,1.15886e-08,2.21085e-08,9.722029e-09,136.80,118.41,12925.24,11188.10,68.04,57.78
6.86813,9,0.6645,0.007,0.007,5.171,6.159,0.9871,0.01017,270.87,51.43,0.55812748,0.7088218996,2.14,2.437943e-08,1.158861e-08,2.210976e-08,9.722191e-09,136.68,118.40,12914.57,11187.29,67.98,57.78
6.86838,9,0.6645,0.007,0.007,5.171,6.159,0.9871,0.01017,270.87,51.43,0.55812648,0.7088206296,2.14,2.432126e-08,1.157504e-08,2.208735e-08,9.721618e-09,137.00,118.60,12944.58,11206.39,68.16,57.89
6.86862,9,0.6646,0.007,0.007,5.171,6.159,0.9871,0.01017,270.87,51.43,0.5581255199999999,0.7088194104,2.14,2.428735e-08,1.156874e-08,2.209188e-08,9.730641e-09,137.24,118.78,12967.57,11222.55,68.29,57.99
6.86888,9,0.6646,0.007,0.007,5.171,6.159,0.9871,0.01017,270.87,51.43,0.5581244799999999,0.7088180895999999,2.14,2.426011e-08,1.156166e-08,2.209185e-08,9.738314e-09,137.38,118.94,12980.21,11238.41,68.37,58.08
6.86913,9,0.6646,0.007,0.007,5.171,6.159,0.9871,0.01017,270.87,51.43,0.55812348,0.7088168196,2.14,2.423237e-08,1.155632e-08,2.209108e-08,9.741912e-09,137.56,119.03,12997.14,11246.53,68.47,58.13
6.86937,9,0.6647,0.007,0.007,5.171,6.159,0.9871,0.01017,270.87,51.43,0.55812252,0.7088156003999999,2.14,2.419377e-08,1.153727e-08,2.209462e-08,9.733859e-09,137.56,118.84,12997.71,11228.39,68.47,58.02
6.86963,9,0.6647,0.007,0.007,5.171,6.159,0.9871,0.01017,270.87,51.43,0.55812148,0.7088142796,2.14,2.416654e-08,1.153412e-08,2.208669e-08,9.74543e-09,137.79,119.17,13018.93,11259.50,68.60,58.20
6.86988,9,0.6647,0.007,0.007,5.171,6.159,0.9871,0.01017,270.87,51.43,0.5581204799999999,0.7088130095999999,2.14,2.412603e-08,1.153246e-08,2.207056e-08,9.742925e-09,138.19,119.27,13057.22,11269.05,68.82,58.26
6.87012,9,0.6648,0.007,0.007,5.171,6.159,0.9871,0.01017,270.87,51.43,0.55811952,0.7088117904,2.14,2.410689e-08,1.152086e-08,2.205536e-08,9.745946e-09,138.16,119.50,13053.86,11290.92,68.80,58.39
6.87038,9,0.6648,0.007,0.007,5.171,6.159,0.9871,0.01017,270.87,51.43,0.55811848,0.7088104695999999,2.14,2.406869e-08,1.151935e-08,2.203334e-08,9.74278e-09,138.54,119.64,13090.31,11304.57,69.02,58.47
6.87063,9,0.6648,0.007,0.007,5.171,6.159,0.9871,0.01017,270.87,51.43,0.5581174799999999,0.7088091995999999,2.14,2.402021e-08,1.151093e-08,2.203314e-08,9.734829e-09,138.89,119.47,13122.63,11288.23,69.21,58.37
6.87087,9,0.6649,0.007,0.007,5.170,6.159,0.9871,0.01017,270.87,51.43,0.55811652,0.7088079804,2.14,2.400026e-08,1.151176e-08,2.202169e-08,9.739383e-09,139.15,119.70,13147.39,11309.92,69.35,58.50
6.87113,9,0.6649,0.007,0.007,5.170,6.159,0.9871,0.01017,270.87,51.43,0.55811548,0.7088066596,2.14,2.397685e-08,1.150741e-08,2.197926e-08,9.741728e-09,139.31,120.17,13162.51,11354.04,69.44,58.76
6.87137,9,0.6649,0.007,0.007,5.170,6.159,0.9871,0.01017,270.87,51.43,0.55811452,0.7088054403999999,2.14,2.39358e-08,1.150092e-08,2.196513e-08,9.740169e-09,139.62,120.27,13191.65,11363.89,69.62,58.82
6.87162,9,0.6650,0.007,0.007,5.170,6.159,0.9871,0.01017,270.87,51.43,0.5581135199999999,0.7088041703999999,2.14,2.390616e-08,1.149911e-08,2.195065e-08,9.730333e-09,139.93,120.21,13221.15,11358.44,69.79,58.79
6.87188,9,0.6650,0.007,0.007,5.170,6.159,0.9871,0.01017,270.87,51.43,0.5581124799999999,0.7088028496,2.14,2.387919e-08,1.148687e-08,2.190679e-08,9.732097e-09,139.95,120.69,13222.77,11403.07,69.80,59.05
6.87212,9,0.6650,0.007,0.007,5.170,6.159,0.9871,0.01017,270.87,51.43,0.55811152,0.7088016304,2.14,2.385001e-08,1.147843e-08,2.188859e-08,9.722577e-09,140.08,120.65,13235.21,11400.05,69.87,59.03
6.87237,9,0.6650,0.007,0.007,5.170,6.159,0.9871,0.01017,270.87,51.43,0.5581105199999999,0.7088003603999999,2.14,2.38009e-08,1.146526e-08,2.184347e-08,9.710003e-09,140.32,120.82,13258.54,11415.84,70.01,59.13
6.87263,9,0.6651,0.007,0.007,5.170,6.159,0.9871,0.01017,270.87,51.43,0.5581094799999999,0.7087990395999999,2.14,2.37645e-08,1.145981e-08,2.181445e-08,9.703387e-09,140.63,120.98,13287.57,11430.89,70.18,59.21
6.87287,9,0.6651,0.007,0.007,5.170,6.159,0.9871,0.01017,270.88,51.43,0.55810852,0.7087978204000001,2.14,2.372572e-08,1.145605e-08,2.178199e-08,9.695841e-09,140.99,121.14,13321.12,11445.54,70.38,59.30
6.87312,9,0.6651,0.007,0.007,5.170,6.159,0.9871,0.01017,270.88,51.43,0.55810752,0.7087965504,2.14,2.367547e-08,1.144687e-08,2.173817e-08,9.681298e-09,141.35,121.25,13355.15,11456.12,70.58,59.36
6.87338,9,0.6652,0.007,0.007,5.170,6.159,0.9871,0.01017,270.88,51.43,0.55810648,0.7087952296,2.14,2.362206e-08,1.143289e-08,2.169821e-08,9.664345e-09,141.65,121.29,13384.00,11459.65,70.75,59.38
6.87362,9,0.6652,0.007,0.007,5.170,6.159,0.9871,0.01017,270.88,51.43,0.5581055199999999,0.7087940103999999,2.14,2.359165e-08,1.141863e-08,2.1665e-08,9.654039e-09,141.66,121.39,13385.04,11469.26,70.76,59.44
6.87387,9,0.6652,0.007,0.007,5.170,6.159,0.9871,0.01017,270.88,51.43,0.55810452,0.7087927404,2.14,2.352842e-08,1.139725e-08,2.161083e-08,9.632376e-09,141.89,121.44,13406.07,11474.58,70.88,59.47
6.87413,9,0.6653,0.007,0.007,5.170,6.159,0.9871,0.01017,270.88,51.43,0.55810348,0.7087914196,2.14,2.347802e-08,1.139007e-08,2.155597e-08,9.624403e-09,142.32,121.84,13447.55,11511.87,71.13,59.69
6.87437,9,0.6653,0.007,0.007,5.170,6.159,0.9871,0.01017,270.88,51.43,0.5581025199999999,0.7087902004,2.14,2.343615e-08,1.136601e-08,2.150901e-08,9.610029e-09,142.23,121.99,13438.94,11526.15,71.07,59.78
6.87462,9,0.6653,0.007,0.007,5.170,6.159,0.9871,0.01017,270.88,51.43,0.5581015199999999,0.7087889303999999,2.14,2.335777e-08,1.134838e-08,2.146262e-08,9.592777e-09,142.73,122.07,13485.97,11533.70,71.35,59.82
6.87488,9,0.6654,0.007,0.007,5.170,6.159,0.9871,0.01017,270.88,51.43,0.55810048,0.7087876096,2.14,2.330785e-08,1.133623e-08,2.140109e-08,9.576319e-09,143.05,122.34,13516.07,11559.54,71.53,59.97
6.87512,9,0.6654,0.007,0.007,5.170,6.159,0.9871,0.01017,270.88,51.43,0.55809952,0.7087863903999999,2.14,2.324493e-08,1.131957e-08,2.133847e-08,9.55976e-09,143.39,122.61,13548.56,11584.68,71.72,60.12
6.87538,9,0.6654,0.007,0.007,5.170,6.159,0.9871,0.01017,270.88,51.43,0.55809848,0.7087850696,2.14,2.317552e-08,1.128748e-08,2.130258e-08,9.535893e-09,143.44,122.43,13552.56,11567.56,71.75,60.02
6.87563,9,0.6655,0.007,0.007,5.170,6.159,0.9871,0.01017,270.88,51.43,0.5580974799999999,0.7087837995999999,2.14,2.311373e-08,1.126876e-08,2.123338e-08,9.523163e-09,143.74,122.87,13581.32,11609.57,71.92,60.27
6.87587,9,0.6655,0.007,0.007,5.170,6.159,0.9871,0.01017,270.88,51.43,0.55809652,0.7087825804,2.14,2.304526e-08,1.124383e-08,2.117768e-08,9.497404e-09,143.95,122.85,13601.27,11607.85,72.03,60.26
6.87613,9,0.6655,0.007,0.007,5.170,6.159,0.9871,0.01017,270.88,51.43,0.55809548,0.7087812595999999,2.14,2.296044e-08,1.122164e-08,2.113159e-08,9.482298e-09,144.43,122.98,13646.85,11620.21,72.30,60.33
6.87638,9,0.6656,0.007,0.007,5.169,6.159,0.9871,0.01017,270.88,51.43,0.55809448,0.7087799896,2.14,2.288627e-08,1.119441e-08,2.107452e-08,9.465132e-09,144.68,123.20,13670.45,11640.79,72.44,60.45
6.87662,9,0.6656,0.007,0.007,5.169,6.159,0.9871,0.01017,270.88,51.43,0.55809352,0.7087787704,2.14,2.281424e-08,1.116363e-08,2.10197e-08,9.448422e-09,144.80,123.39,13681.13,11658.51,72.50,60.56
6.87688,9,0.6656,0.007,0.007,5.169,6.159,0.9871,0.01017,270.88,51.43,0.55809248,0.7087774496,2.14,2.273298e-08,1.113984e-08,2.096828e-08,9.427062e-09,145.20,123.43,13719.65,11662.45,72.73,60.58
6.87713,9,0.6657,0.007,0.007,5.169,6.159,0.9871,0.01017,270.88,51.43,0.55809148,0.7087761796,2.14,2.265837e-08,1.111652e-08,2.093168e-08,9.457009e-09,145.57,124.56,13753.84,11769.12,72.93,61.21
6.87737,9,0.6657,0.007,0.007,5.169,6.159,0.9871,0.01017,270.88,51.43,0.5580905199999999,0.7087749603999999,2.14,2.257275e-08,1.10772e-08,2.085405e-08,9.397923e-09,145.64,123.98,13760.39,11714.52,72.97,60.89
6.87763,9,0.6657,0.007,0.007,5.169,6.159,0.9871,0.01017,270.88,51.43,0.5580894799999999,0.7087736396,2.14,2.249931e-08,1.104612e-08,2.081002e-08,9.383963e-09,145.76,124.12,13772.53,11727.90,73.04,60.97
6.87788,9,0.6658,0.007,0.007,5.169,6.159,0.9871,0.01017,270.88,51.43,0.55808848,0.7087723696,2.14,2.241874e-08,1.100637e-08,2.074851e-08,9.371599e-09,145.78,124.52,13774.12,11764.81,73.05,61.18
6.87812,9,0.6658,0.007,0.007,5.169,6.159,0.9871,0.01017,270.88,51.43,0.55808752,0.7087711503999999,2.14,2.233682e-08,1.098224e-08,2.069874e-08,9.349539e-09,146.20,124.53,13813.87,11765.78,73.29,61.19
6.87838,9,0.6658,0.007,0.007,5.169,6.159,0.9871,0.01018,270.88,51.43,0.5580864799999999,0.7087698295999999,2.14,2.223987e-08,1.094565e-08,2.065247e-08,9.335738e-09,146.49,124.70,13841.43,11782.12,73.45,61.29
6.87863,9,0.6659,0.007,0.007,5.169,6.159,0.9871,0.01018,270.88,51.43,0.5580854799999999,0.7087685595999998,2.14,2.216597e-08,1.091236e-08,2.060593e-08,9.321654e-09,146.60,124.89,13851.21,11799.95,73.51,61.39
6.87887,9,0.6659,0.007,0.007,5.169,6.159,0.9871,0.01018,270.88,51.43,0.55808452,0.7087673404,2.14,2.207482e-08,1.087275e-08,2.057134e-08,9.306764e-09,146.74,124.91,13864.43,11801.70,73.59,61.40
6.87913,9,0.6659,0.007,0.007,5.169,6.159,0.9871,0.01018,270.88,51.43,0.55808348,0.7087660196,2.14,2.198815e-08,1.084219e-08,2.053486e-08,9.296242e-09,147.06,125.05,13895.06,11815.59,73.77,61.48
6.87937,9,0.6660,0.007,0.007,5.169,6.159,0.9871,0.01018,270.88,51.43,0.5580825199999999,0.7087648003999999,2.14,2.191417e-08,1.080899e-08,2.049558e-08,9.27872e-09,147.17,125.08,13905.47,11817.97,73.83,61.50
6.87962,9,0.6660,0.007,0.007,5.169,6.159,0.9871,0.01018,270.88,51.43,0.55808152,0.7087635304,2.14,2.180676e-08,1.078393e-08,2.044123e-08,9.271348e-09,147.93,125.50,13976.87,11858.24,74.25,61.74
6.87988,9,0.6660,0.007,0.007,5.169,6.159,0.9871,0.01018,270.88,51.43,0.55808048,0.7087622096,2.14,2.174133e-08,1.075212e-08,2.040445e-08,9.264324e-09,147.94,125.74,13978.28,11880.91,74.26,61.87
6.88012,9,0.6661,0.007,0.007,5.169,6.159,0.9871,0.01018,270.88,51.43,0.5580795199999999,0.7087609904,2.14,2.166217e-08,1.072016e-08,2.037836e-08,9.242439e-09,148.16,125.51,13998.95,11859.10,74.38,61.74
6.88037,9,0.6661,0.007,0.007,5.169,6.159,0.9871,0.01018,270.88,51.43,0.5580785199999999,0.7087597203999999,2.14,2.157812e-08,1.067927e-08,2.033695e-08,9.2411e-09,148.18,125.95,14000.78,11900.20,74.39,61.98
6.88063,9,0.6661,0.007,0.007,5.169,6.159,0.9871,0.01018,270.88,51.43,0.55807748,0.7087583996,2.14,2.151162e-08,1.06524e-08,2.032164e-08,9.240018e-09,148.35,126.10,14016.52,11914.09,74.48,62.06
6.88087,9,0.6661,0.007,0.007,5.169,6.159,0.9871,0.01018,270.88,51.43,0.55807652,0.7087571804,2.14,2.143662e-08,1.061612e-08,2.027427e-08,9.224429e-09,148.37,126.24,14018.77,11928.20,74.50,62.15
6.88112,9,0.6662,0.007,0.007,5.169,6.159,0.9871,0.01018,270.88,51.43,0.5580755199999999,0.7087559104,2.14,2.135568e-08,1.059246e-08,2.023821e-08,9.218999e-09,148.85,126.54,14064.07,11956.11,74.76,62.31
6.88138,9,0.6662,0.007,0.007,5.169,6.159,0.9871,0.01018,270.88,51.43,0.5580744799999999,0.7087545895999999,2.14,2.12771e-08,1.056289e-08,2.022549e-08,9.212139e-09,149.11,126.51,14088.96,11953.57,74.91,62.30
6.88162,9,0.6662,0.007,0.007,5.169,6.159,0.9871,0.01018,270.88,51.43,0.55807352,0.7087533704,2.14,2.122248e-08,1.052744e-08,2.020442e-08,9.210176e-09,148.88,126.71,14066.85,11971.79,74.78,62.41
6.88187,9,0.6663,0.007,0.007,5.168,6.159,0.9871,0.01018,270.88,51.43,0.55807252,0.7087521003999999,2.14,2.115885e-08,1.051057e-08,2.020263e-08,9.201492e-09,149.32,126.53,14108.10,11954.80,75.02,62.30
6.88213,9,0.6663,0.007,0.007,5.168,6.159,0.9871,0.01018,270.88,51.43,0.55807148,0.7087507796,2.14,2.108486e-08,1.047918e-08,2.014065e-08,9.198132e-09,149.47,127.16,14122.46,12014.45,75.11,62.66
6.88237,9,0.6663,0.007,0.007,5.168,6.159,0.9871,0.01018,270.88,51.43,0.55807052,0.7087495604,2.14,2.102075e-08,1.045477e-08,2.011905e-08,9.193708e-09,149.68,127.30,14142.51,12027.55,75.23,62.73
6.88262,9,0.6664,0.007,0.007,5.168,6.159,0.9871,0.01018,270.88,51.43,0.55806952,0.7087482904,2.14,2.09408e-08,1.042529e-08,2.011312e-08,9.19144e-09,150.00,127.33,14172.44,12030.42,75.40,62.75
6.88288,9,0.6664,0.007,0.007,5.168,6.159,0.9871,0.01018,270.88,51.43,0.55806848,0.7087469695999999,2.14,2.089529e-08,1.041296e-08,2.009291e-08,9.181705e-09,150.29,127.31,14200.49,12029.22,75.57,62.74
6.88312,9,0.6664,0.007,0.007,5.168,6.159,0.9871,0.01018,270.88,51.43,0.5580675199999999,0.7087457503999999,2.14,2.0829e-08,1.037314e-08,2.006772e-08,9.172251e-09,150.10,127.37,14181.99,12034.19,75.46,62.77
6.88338,9,0.6665,0.007,0.007,5.168,6.159,0.9871,0.01018,270.88,51.43,0.5580664799999999,0.7087444296,2.14,2.078259e-08,1.036079e-08,2.003966e-08,9.166385e-09,150.43,127.56,14213.54,12052.85,75.64,62.88
6.88363,9,0.6665,0.007,0.007,5.168,6.159,0.9871,0.01018,270.88,51.43,0.55806548,0.7087431596,2.14,2.072472e-08,1.033633e-08,2.001602e-08,9.167763e-09,150.56,127.88,14225.58,12082.46,75.72,63.06
6.88387,9,0.6665,0.007,0.007,5.168,6.159,0.9871,0.01018,270.88,51.43,0.55806452,0.7087419403999999,2.14,2.067871e-08,1.032146e-08,1.999895e-08,9.162102e-09,150.79,127.93,14247.83,12087.71,75.85,63.09
6.88413,9,0.6666,0.007,0.007,5.168,6.159,0.9871,0.01018,270.88,51.43,0.55806348,0.7087406195999999,2.14,2.062886e-08,1.030039e-08,1.995757e-08,9.155704e-09,150.93,128.28,14260.50,12120.21,75.92,63.28
6.88438,9,0.6666,0.007,0.007,5.168,6.159,0.9871,0.01018,270.88,51.43,0.5580624799999999,0.7087393496,2.14,2.058369e-08,1.028334e-08,1.994789e-08,9.146111e-09,151.09,128.14,14275.76,12107.61,76.01,63.21
6.88462,9,0.6666,0.007,0.007,5.168,6.159,0.9871,0.01018,270.88,51.43,0.55806152,0.7087381304,2.14,2.054226e-08,1.025911e-08,1.991835e-08,9.131893e-09,150.99,128.13,14265.95,12105.96,75.95,63.20
6.88488,9,0.6667,0.007,0.007,5.168,6.160,0.9871,0.01018,270.88,51.43,0.55806048,0.7087368096,2.14,2.050279e-08,1.024858e-08,1.989524e-08,9.13102e-09,151.28,128.40,14293.67,12131.63,76.12,63.35
6.88513,9,0.6667,0.007,0.007,5.168,6.160,0.9871,0.01018,270.88,51.43,0.5580594799999999,0.7087355395999999,2.14,2.044812e-08,1.022828e-08,1.986357e-08,9.126538e-09,151.49,128.66,14313.33,12156.38,76.23,63.49
6.88537,9,0.6667,0.007,0.007,5.168,6.160,0.9871,0.01018,270.88,51.43,0.55805852,0.7087343204000001,2.14,2.040954e-08,1.021697e-08,1.983762e-08,9.117783e-09,151.73,128.74,14335.76,12164.20,76.36,63.54
6.88563,9,0.6668,0.007,0.007,5.168,6.160,0.9871,0.01018,270.88,51.43,0.55805748,0.7087329996,2.14,2.035801e-08,1.02047e-08,1.980308e-08,9.10538e-09,152.15,128.85,14376.07,12174.61,76.60,63.60
6.88588,9,0.6668,0.007,0.007,5.168,6.160,0.9871,0.01018,270.88,51.43,0.55805648,0.7087317296,2.14,2.032582e-08,1.0188e-08,1.976589e-08,9.093617e-09,152.13,128.99,14374.47,12187.85,76.59,63.68
6.88612,9,0.6668,0.007,0.007,5.168,6.160,0.9871,0.01018,270.88,51.43,0.5580555199999999,0.7087305103999999,2.14,2.03085e-08,1.017739e-08,1.97381e-08,9.083407e-09,152.08,129.06,14369.01,12194.26,76.56,63.72
6.88638,9,0.6669,0.007,0.007,5.168,6.160,0.9871,0.01018,270.88,51.43,0.5580544799999999,0.7087291895999999,2.14,2.027027e-08,1.016171e-08,1.969407e-08,9.07484e-09,152.20,129.39,14381.03,12225.27,76.63,63.90
6.88663,9,0.6669,0.007,0.007,5.168,6.160,0.9871,0.01018,270.88,51.43,0.55805348,0.7087279196,2.14,2.022748e-08,1.01542e-08,1.964097e-08,9.064459e-09,152.62,129.76,14420.73,12260.61,76.87,64.11
6.88687,9,0.6669,0.007,0.007,5.168,6.160,0.9871,0.01018,270.88,51.43,0.5580525199999999,0.7087267004,2.14,2.019578e-08,1.014029e-08,1.960182e-08,9.047822e-09,152.69,129.80,14426.46,12264.21,76.90,64.13
6.88713,9,0.6670,0.007,0.007,5.167,6.160,0.9871,0.01018,270.88,51.43,0.5580514799999999,0.7087253795999999,2.14,2.015518e-08,1.012532e-08,1.955882e-08,9.029111e-09,152.87,129.85,14444.14,12268.92,77.00,64.16
6.88737,9,0.6670,0.007,0.007,5.167,6.160,0.9871,0.01018,270.88,51.43,0.55805052,0.7087241604,2.14,2.010712e-08,1.011346e-08,1.951575e-08,9.012583e-09,153.25,129.94,14479.48,12277.41,77.21,64.21
6.88762,9,0.6670,0.007,0.007,5.167,6.160,0.9871,0.01018,270.88,51.43,0.55804952,0.7087228903999999,2.14,2.006811e-08,1.010655e-08,1.945093e-08,8.996364e-09,153.64,130.31,14516.21,12312.29,77.43,64.41
6.88788,9,0.6671,0.007,0.007,5.167,6.160,0.9871,0.01018,270.88,51.43,0.55804848,0.7087215696,2.14,2.0038e-08,1.008267e-08,1.942171e-08,8.975932e-09,153.39,130.14,14493.15,12296.50,77.29,64.32
6.88812,9,0.6671,0.007,0.007,5.167,6.160,0.9871,0.01018,270.88,51.43,0.5580475199999999,0.7087203503999999,2.14,2.002698e-08,1.007783e-08,1.936504e-08,8.957921e-09,153.41,130.36,14495.19,12317.41,77.30,64.44
6.88837,9,0.6671,0.007,0.007,5.167,6.160,0.9871,0.01018,270.88,51.43,0.55804652,0.7087190804,2.14,1.996796e-08,1.006372e-08,1.93062e-08,8.934059e-09,153.89,130.45,14540.53,12326.03,77.57,64.49
6.88863,9,0.6672,0.007,0.007,5.167,6.160,0.9871,0.01018,270.88,51.43,0.55804548,0.7087177595999999,2.14,1.992954e-08,1.004425e-08,1.92386e-08,8.914937e-09,153.91,130.81,14542.40,12359.26,77.58,64.69
6.88887,9,0.6672,0.007,0.007,5.167,6.160,0.9871,0.01018,270.88,51.43,0.5580445199999999,0.7087165403999999,2.14,1.988946e-08,1.003426e-08,1.919104e-08,8.897027e-09,154.23,130.92,14572.29,12369.95,77.76,64.75
6.88912,9,0.6672,0.007,0.007,5.167,6.160,0.9871,0.01018,270.88,51.43,0.55804352,0.7087152704,2.14,1.984711e-08,1.001635e-08,1.913432e-08,8.876319e-09,154.34,131.07,14582.44,12384.49,77.82,64.84
6.88938,9,0.6673,0.007,0.007,5.167,6.160,0.9871,0.01018,270.88,51.43,0.55804248,0.7087139496,2.14,1.979672e-08,1.000401e-08,1.907394e-08,8.845332e-09,154.77,131.01,14623.26,12378.57,78.06,64.80
6.88962,9,0.6673,0.007,0.007,5.167,6.160,0.9871,0.01018,270.88,51.43,0.55804152,0.7087127303999999,2.14,1.974502e-08,9.989757e-09,1.900611e-08,8.831122e-09,155.14,131.49,14658.48,12423.81,78.27,65.07
6.88987,9,0.6673,0.007,0.007,5.167,6.160,0.9871,0.01018,270.88,51.43,0.5580405199999999,0.7087114603999999,2.14,1.972347e-08,9.975476e-09,1.893765e-08,8.808358e-09,155.03,131.74,14648.44,12447.69,78.21,65.21
6.89013,9,0.6674,0.007,0.007,5.167,6.160,0.9871,0.01018,270.88,51.43,0.5580394799999999,0.7087101396,2.14,1.967395e-08,9.961982e-09,1.887883e-08,8.78409e-09,155.42,131.85,14685.09,12457.75,78.42,65.27
6.89037,9,0.6674,0.007,0.007,5.167,6.160,0.9871,0.01018,270.88,51.43,0.55803852,0.7087089204,2.14,1.961254e-08,9.947961e-09,1.881249e-08,8.75712e-09,155.96,131.96,14736.33,12468.13,78.73,65.33
6.89062,9,0.6674,0.007,0.007,5.167,6.160,0.9871,0.01018,270.88,51.43,0.55803752,0.7087076503999999,2.14,1.957244e-08,9.927816e-09,1.876459e-08,8.739378e-09,155.97,132.09,14736.91,12480.30,78.73,65.40
6.89088,9,0.6674,0.007,0.007,5.167,6.160,0.9871,0.01018,270.88,51.43,0.55803648,0.7087063295999999,2.14,1.951885e-08,9.901993e-09,1.868806e-08,8.70557e-09,156.01,132.14,14741.02,12485.23,78.75,65.43
6.89112,9,0.6675,0.007,0.007,5.167,6.160,0.9871,0.01018,270.88,51.43,0.55803552,0.7087051104000001,2.14,1.94664e-08,9.883889e-09,1.862335e-08,8.68751e-09,156.31,132.50,14769.02,12519.70,78.92,65.64
6.89138,9,0.6675,0.007,0.007,5.167,6.160,0.9871,0.01018,270.88,51.43,0.55803448,0.7087037896,2.14,1.940833e-08,9.864428e-09,1.856272e-08,8.663712e-09,156.63,132.63,14799.57,12531.86,79.10,65.71
6.89163,9,0.6675,0.007,0.007,5.167,6.160,0.9871,0.01018,270.88,51.43,0.55803348,0.7087025196,2.14,1.936108e-08,9.85649e-09,1.84971e-08,8.642183e-09,157.16,132.90,14848.82,12556.64,79.39,65.85
6.89187,9,0.6676,0.007,0.007,5.167,6.160,0.9871,0.01018,270.88,51.43,0.5580325199999999,0.7087013003999999,2.14,1.930694e-08,9.820929e-09,1.843215e-08,8.616703e-09,156.92,133.06,14826.45,12571.85,79.26,65.94
6.89213,9,0.6676,0.007,0.007,5.167,6.160,0.9871,0.01018,270.88,51.43,0.5580314799999999,0.7086999795999999,2.14,1.924049e-08,9.810771e-09,1.835663e-08,8.597496e-09,157.69,133.53,14899.53,12616.21,79.69,66.20
6.89238,9,0.6676,0.007,0.007,5.167,6.160,0.9871,0.01018,270.88,51.43,0.55803048,0.7086987096,2.14,1.920145e-08,9.787333e-09,1.82951e-08,8.570001e-09,157.58,133.56,14888.57,12619.87,79.63,66.23
6.89262,9,0.6677,0.007,0.007,5.166,6.160,0.9871,0.01018,270.88,51.43,0.55802952,0.7086974904,2.14,1.913861e-08,9.770318e-09,1.824462e-08,8.547041e-09,158.10,133.61,14937.62,12623.67,79.91,66.25
6.89288,9,0.6677,0.007,0.007,5.166,6.160,0.9871,0.01018,270.88,51.43,0.5580284799999999,0.7086961695999999,2.14,1.909408e-08,9.748544e-09,1.819254e-08,8.530367e-09,158.13,133.83,14940.63,12645.21,79.93,66.38
6.89313,9,0.6677,0.007,0.007,5.167,6.160,0.9871,0.01018,270.88,51.43,0.5580274799999999,0.7086948995999999,2.14,1.902776e-08,9.728221e-09,1.811568e-08,8.503773e-09,158.58,134.11,14983.22,12671.71,80.18,66.53
6.89337,9,0.6678,0.007,0.007,5.166,6.160,0.9871,0.01018,270.88,51.43,0.55802652,0.7086936804,2.14,1.896725e-08,9.712027e-09,1.806601e-08,8.484068e-09,159.10,134.24,15032.16,12683.79,80.47,66.60
6.89363,9,0.6678,0.007,0.007,5.166,6.160,0.9871,0.01018,270.88,51.43,0.55802548,0.7086923596,2.14,1.891249e-08,9.694572e-09,1.801116e-08,8.464371e-09,159.45,134.42,15065.86,12700.93,80.67,66.70
6.89388,9,0.6678,0.007,0.007,5.166,6.160,0.9871,0.01018,270.88,51.43,0.5580244799999999,0.7086910895999999,2.14,1.886749e-08,9.667453e-09,1.795284e-08,8.445289e-09,159.32,134.67,15052.92,12724.60,80.59,66.84
6.89412,9,0.6679,0.007,0.007,5.166,6.160,0.9871,0.01018,270.88,51.43,0.55802352,0.7086898704,2.14,1.881034e-08,9.656884e-09,1.79014e-08,8.424238e-09,159.98,134.79,15115.25,12735.49,80.96,66.91
6.89438,9,0.6679,0.007,0.007,5.166,6.160,0.9871,0.01018,270.88,51.43,0.55802248,0.7086885495999999,2.14,1.875437e-08,9.631179e-09,1.78489e-08,8.402336e-09,160.08,134.87,15125.02,12743.52,81.02,66.96
6.89462,9,0.6679,0.007,0.007,5.166,6.160,0.9871,0.01018,270.88,51.43,0.5580215199999999,0.7086873304,2.14,1.872634e-08,9.61804e-09,1.781136e-08,8.389035e-09,160.12,135.01,15129.08,12756.08,81.04,67.03
6.89487,9,0.6680,0.007,0.007,5.166,6.160,0.9871,0.01018,270.88,51.43,0.5580205199999999,0.7086860603999999,2.14,1.865732e-08,9.600874e-09,1.774665e-08,8.369025e-09,160.77,135.35,15190.82,12788.23,81.41,67.22
6.89513,9,0.6680,0.007,0.007,5.166,6.160,0.9871,0.01018,270.88,51.43,0.55801948,0.7086847396,2.14,1.859986e-08,9.586789e-09,1.771561e-08,8.357935e-09,161.31,135.46,15241.53,12798.51,81.71,67.28
6.89537,9,0.6680,0.007,0.007,5.166,6.160,0.9871,0.01018,270.88,51.43,0.55801852,0.7086835203999999,2.14,1.855753e-08,9.570179e-09,1.765641e-08,8.340536e-09,161.49,135.78,15258.67,12829.17,81.81,67.46
6.89562,9,0.6681,0.007,0.007,5.166,6.160,0.9871,0.01018,270.88,51.43,0.5580175199999999,0.7086822503999999,2.14,1.850971e-08,9.554347e-09,1.760071e-08,8.325759e-09,161.83,136.16,15290.13,12864.87,81.99,67.67
6.89588,9,0.6681,0.007,0.007,5.166,6.160,0.9871,0.01018,270.88,51.43,0.5580164799999999,0.7086809296,2.14,1.846667e-08,9.539086e-09,1.756691e-08,8.315327e-09,162.07,136.33,15313.21,12881.21,82.13,67.77
6.89612,9,0.6681,0.007,0.007,5.166,6.160,0.9871,0.01018,270.88,51.43,0.55801552,0.7086797104,2.14,1.841673e-08,9.527715e-09,1.753158e-08,8.29437e-09,162.58,136.20,15361.32,12868.74,82.41,67.69
6.89637,9,0.6682,0.007,0.007,5.166,6.160,0.9871,0.01018,270.88,51.43,0.55801452,0.7086784403999999,2.14,1.837699e-08,9.512929e-09,1.748583e-08,8.287535e-09,162.81,136.68,15382.96,12914.46,82.54,67.96
6.89663,9,0.6682,0.007,0.007,5.166,6.160,0.9871,0.01018,270.88,51.43,0.55801348,0.7086771195999999,2.14,1.834348e-08,9.494754e-09,1.743286e-08,8.278216e-09,162.78,137.18,15380.18,12961.45,82.53,68.24
6.89687,9,0.6682,0.007,0.007,5.166,6.160,0.9871,0.01018,270.88,51.43,0.55801252,0.7086759004000001,2.14,1.830547e-08,9.490925e-09,1.740252e-08,8.256345e-09,163.34,136.94,15433.59,12939.18,82.84,68.11
6.89712,9,0.6683,0.007,0.007,5.166,6.160,0.9871,0.01018,270.88,51.43,0.55801152,0.7086746304,2.14,1.827146e-08,9.49016e-09,1.736266e-08,8.244277e-09,163.97,137.18,15493.09,12961.58,83.19,68.24
6.89738,9,0.6683,0.007,0.007,5.166,6.160,0.9871,0.01018,270.88,51.43,0.55801048,0.7086733096,2.14,1.824876e-08,9.48134e-09,1.733292e-08,8.235356e-09,164.08,137.35,15503.20,12977.19,83.25,68.33
6.89762,9,0.6683,0.007,0.007,5.166,6.160,0.9871,0.01018,270.88,51.43,0.5580095199999999,0.7086720903999999,2.14,1.822627e-08,9.474005e-09,1.72915e-08,8.223375e-09,164.24,137.59,15518.03,13000.38,83.34,68.47
6.89787,9,0.6684,0.007,0.007,5.166,6.160,0.9871,0.01018,270.88,51.43,0.55800852,0.7086708204000001,2.14,1.819039e-08,9.469605e-09,1.725282e-08,8.211559e-09,164.78,137.82,15569.14,13022.22,83.64,68.60
6.89813,9,0.6684,0.007,0.007,5.166,6.160,0.9871,0.01018,270.88,51.43,0.55800748,0.7086694996,2.14,1.816909e-08,9.468944e-09,1.720173e-08,8.198297e-09,165.16,138.18,15604.98,13055.81,83.85,68.80
6.89837,9,0.6684,0.007,0.007,5.166,6.160,0.9871,0.01018,270.88,51.43,0.55800652,0.7086682804,2.14,1.816108e-08,9.467215e-09,1.717305e-08,8.18729e-09,165.25,138.26,15613.41,13063.92,83.90,68.85
6.89863,9,0.6685,0.007,0.007,5.165,6.160,0.9871,0.01018,270.88,51.43,0.5580054799999999,0.7086669595999999,2.14,1.814052e-08,9.455499e-09,1.711972e-08,8.180026e-09,165.24,138.87,15612.30,13121.55,83.90,69.19
6.89888,9,0.6685,0.007,0.007,5.165,6.160,0.9871,0.01018,270.88,51.43,0.5580044799999999,0.7086656895999999,2.14,1.811372e-08,9.458986e-09,1.708622e-08,8.1642e-09,165.88,138.88,15672.71,13122.11,84.25,69.19
6.89912,9,0.6685,0.007,0.007,5.165,6.160,0.9871,0.01018,270.88,51.43,0.55800352,0.7086644704,2.14,1.811341e-08,9.468357e-09,1.705159e-08,8.146088e-09,166.23,138.83,15705.81,13117.29,84.45,69.16
6.89938,9,0.6686,0.007,0.007,5.165,6.160,0.9871,0.01018,270.88,51.43,0.55800248,0.7086631496,2.14,1.810282e-08,9.461276e-09,1.700346e-08,8.130589e-09,166.19,139.10,15702.78,13142.44,84.43,69.31
6.89963,9,0.6686,0.007,0.007,5.165,6.160,0.9871,0.01018,270.88,51.43,0.5580014799999999,0.7086618795999999,2.14,1.809554e-08,9.469884e-09,1.696938e-08,8.111547e-09,166.65,139.01,15746.02,13133.92,84.68,69.26
6.89987,9,0.6686,0.007,0.007,5.165,6.160,0.9871,0.01018,270.88,51.43,0.55800052,0.7086606604,2.14,1.809534e-08,9.470054e-09,1.692809e-08,8.103554e-09,166.66,139.39,15746.98,13170.49,84.69,69.47
6.90013,9,0.6686,0.007,0.007,5.165,6.160,0.9871,0.01018,270.88,51.43,0.55799948,0.7086593396,2.14,1.810366e-08,9.482626e-09,1.688338e-08,8.08784e-09,166.96,139.58,15775.66,13188.28,84.86,69.58
6.90038,9,0.6687,0.007,0.007,5.165,6.160,0.9871,0.01018,270.88,51.43,0.55799848,0.7086580696,2.14,1.8081e-08,9.487353e-09,1.684523e-08,8.075298e-09,167.61,139.79,15836.19,13208.26,85.22,69.70
6.90062,9,0.6687,0.007,0.007,5.165,6.160,0.9871,0.01018,270.88,51.43,0.5579975199999999,0.7086568503999999,2.14,1.810021e-08,9.493533e-09,1.680039e-08,8.048427e-09,167.46,139.61,15822.52,13191.33,85.14,69.60
6.90088,9,0.6687,0.007,0.007,5.165,6.160,0.9871,0.01018,270.88,51.43,0.5579964799999999,0.7086555295999999,2.14,1.809083e-08,9.500318e-09,1.674474e-08,8.037647e-09,167.90,140.14,15863.62,13241.55,85.38,69.89
6.90113,9,0.6688,0.007,0.007,5.165,6.160,0.9871,0.01018,270.88,51.43,0.55799548,0.7086542596,2.14,1.811241e-08,9.507638e-09,1.670369e-08,8.018948e-09,167.77,140.20,15851.90,13246.73,85.31,69.92
6.90137,9,0.6688,0.007,0.007,5.165,6.160,0.9871,0.01018,270.88,51.43,0.5579945199999999,0.7086530403999999,2.14,1.810657e-08,9.515843e-09,1.663319e-08,7.993576e-09,168.19,140.49,15891.52,13273.79,85.54,70.08
6.90163,9,0.6688,0.007,0.007,5.165,6.160,0.9871,0.01018,270.88,51.43,0.5579934799999999,0.7086517196,2.14,1.811229e-08,9.525842e-09,1.660287e-08,7.974919e-09,168.45,140.35,15916.15,13260.71,85.69,70.01
6.90188,9,0.6689,0.007,0.007,5.165,6.160,0.9871,0.01018,270.88,51.43,0.55799248,0.7086504496,2.14,1.81066e-08,9.541588e-09,1.653493e-08,7.963687e-09,169.18,141.10,15984.75,13331.64,86.09,70.42
6.90212,9,0.6689,0.007,0.007,5.165,6.160,0.9871,0.01018,270.88,51.43,0.55799152,0.7086492303999999,2.14,1.812668e-08,9.545653e-09,1.649027e-08,7.935864e-09,168.93,140.88,15961.71,13311.21,85.96,70.30
6.90238,9,0.6689,0.007,0.007,5.165,6.160,0.9871,0.01018,270.88,51.43,0.55799048,0.7086479095999999,2.14,1.813631e-08,9.546482e-09,1.644267e-08,7.91655e-09,168.78,141.01,15946.74,13322.86,85.87,70.37
6.90262,9,0.6690,0.007,0.007,5.165,6.160,0.9871,0.01018,270.88,51.43,0.5579895199999999,0.7086466903999998,2.14,1.814041e-08,9.563088e-09,1.638702e-08,7.896649e-09,169.34,141.26,16000.16,13347.32,86.18,70.52
6.90287,9,0.6690,0.007,0.007,5.165,6.160,0.9871,0.01018,270.88,51.43,0.55798852,0.7086454204,2.14,1.815281e-08,9.577401e-09,1.63253e-08,7.868306e-09,169.63,141.31,16027.69,13351.90,86.35,70.54
6.90313,9,0.6690,0.007,0.007,5.165,6.160,0.9871,0.01018,270.88,51.43,0.55798748,0.7086440996,2.14,1.816547e-08,9.579636e-09,1.626521e-08,7.844413e-09,169.47,141.49,16011.96,13368.58,86.25,70.64
6.90337,9,0.6691,0.007,0.007,5.165,6.160,0.9871,0.01018,270.88,51.43,0.5579865199999999,0.7086428803999999,2.14,1.817207e-08,9.595387e-09,1.620612e-08,7.820211e-09,169.95,141.66,16057.80,13384.78,86.52,70.74
6.90362,9,0.6691,0.007,0.007,5.165,6.160,0.9871,0.01018,270.88,51.43,0.55798552,0.7086416104000001,2.14,1.817765e-08,9.606851e-09,1.614637e-08,7.791852e-09,170.27,141.68,16088.02,13386.35,86.70,70.75
6.90388,9,0.6691,0.007,0.007,5.165,6.160,0.9871,0.01018,270.88,51.43,0.55798448,0.7086402896,2.14,1.820533e-08,9.611417e-09,1.610354e-08,7.769215e-09,169.89,141.61,16052.38,13379.80,86.49,70.71
6.90412,9,0.6692,0.007,0.007,5.164,6.160,0.9871,0.01018,270.88,51.43,0.55798352,0.7086390704,2.14,1.821057e-08,9.622672e-09,1.602674e-08,7.741214e-09,170.24,141.95,16084.83,13412.10,86.68,70.90
6.90437,9,0.6692,0.007,0.007,5.164,6.160,0.9871,0.01018,270.88,51.43,0.5579825199999999,0.7086378003999999,2.14,1.821228e-08,9.618404e-09,1.597386e-08,7.716414e-09,170.04,141.98,16066.52,13414.60,86.57,70.91
6.90463,9,0.6692,0.007,0.007,5.164,6.160,0.9871,0.01018,270.88,51.43,0.5579814799999999,0.7086364795999999,2.14,1.82189e-08,9.637089e-09,1.590573e-08,7.689467e-09,170.61,142.19,16120.36,13434.75,86.89,71.03
6.90487,9,0.6693,0.007,0.007,5.164,6.160,0.9871,0.01018,270.88,51.43,0.55798052,0.7086352604,2.14,1.823803e-08,9.644059e-09,1.583837e-08,7.666592e-09,170.52,142.56,16111.60,13469.72,86.84,71.24
6.90512,9,0.6693,0.007,0.007,5.164,6.160,0.9871,0.01018,270.88,51.43,0.55797952,0.7086339904,2.14,1.823385e-08,9.644999e-09,1.578801e-08,7.633851e-09,170.64,142.26,16122.78,13441.17,86.91,71.07
6.90538,9,0.6693,0.007,0.007,5.164,6.160,0.9871,0.01018,270.88,51.43,0.5579784799999999,0.7086326695999999,2.14,1.824358e-08,9.65579e-09,1.572177e-08,7.612532e-09,170.85,142.65,16142.81,13477.89,87.02,71.29
6.90562,9,0.6694,0.007,0.007,5.164,6.160,0.9871,0.01018,270.88,51.43,0.55797752,0.7086314504,2.14,1.824196e-08,9.660198e-09,1.566329e-08,7.581751e-09,171.07,142.58,16163.94,13471.41,87.15,71.25
6.90587,9,0.6694,0.007,0.007,5.164,6.160,0.9871,0.01018,270.88,51.43,0.55797652,0.7086301804,2.14,1.825536e-08,9.66399e-09,1.560529e-08,7.554067e-09,170.95,142.59,16152.20,13472.76,87.08,71.26
